56
32
2126
1704
2
6
1
259462
0
6
0
0
51936
1
0
0
1
7552
0
868
2
120
20
1632
15856
168
56
18512
1
0
12
2
0
12
288
3760
1
174
0
23236
0
0
328752
2
0
0
0
1
28984
0
124
0
0
0
0
0
2
0
12
0
2
6
6
4
1
0
0
0
0
10
1788
46
23236
0
424916
42
1
6596
6
6
1
0
7160
6
0
46
1
41407508
728
12
32
0
0
0
6
0
1
0
0
0
0
1
0
0
480
0
23236
28
6
2
0
0
2
0
0
2
2
86
12
180
0
7584
242
335112
1
1
0
0
2529850
2
0
536
1720
20
0
2
0
124
0
0
0
0
1
4
0
6
535876
6
6
0
2
1234
128
0
574
0
0
328752
0
508
0
1
72
0
259462
0
13332
1
1
2976
0
180
0
3424
0
6596
0
1
1076216
1
6
1
10
1
0
1
1
1
0
0
2812
12
0
0
508
2
56
6
4
1
128
0
2
22
1
2
8
20
221280
0
0
4
48
0
6
0
188
3276
0
2
772
180
2
1
0
10
2
0
1
1092
112
0
32
480
6
1234
2
6
2
868
0
0
10
52764
0
10
40
0
1
28
5466
18
112
0
1
0
1
0
2388
0
4
240
0
120
416
0
1
40
15732
0
8496
6
0
8
0
1
1
1704
0
0
0
2
0
3276
2
28
338
0
1
1
1
1
6
1
0
6
10
0
150740
6
0
0
0
150
2
0
8
0
0
0
0
2
0
0
4872
2
0
0
4
0
282
1
0
0
32840208
4
0
0
2
0
42
1
0
1
2
1440
4
124
6
1
0
2
1
0
5466
312
10
0
6
772
1064
0
0
124
2
14168
0
6
1
0
2
0
0
188
1
0
1
0
1
259462
1
0
0
0
0
1
0
2
0
48
444
6
748
0
2812
0
56
1356
0
2
1427364
2
0
168
0
0
444
1
1064
0
1788
1
56
0
22
0
0
0
0
6
0
10
32
288
1
0
1704
0
5616
0
3724
1156
0
84
766
0
0
2
1
0
1112
0
0
32
0
1427364
2
0
508
1
0
1
112
2
0
260
338
2
0
8428
0
9576
418
2
2
0
0
0
0
0
0
185336
0
0
32
4872
2
32
0
6
2388
1
34
2812
2388
0
2
0
44
480
1
6
1
4
0
26404
0
6
0
10
1
1
1
64100
23236
8
136
72
0
112
0
0
0
36
0
32
1234
2
148
0
1
1356
0
0
1
12
240
1120756
1
480
1
0
8428
0
1
0
26404
0
6
8
1
0
12
0
0
4
4852812
1704
12
1
0
8
1
58
1
6
1
0
1
28
8
574
1064
1
40
6
2148
2
6
4
0
418
34
1
0
1
1
444
12
0
2
6
0
0
1
48
3724
288
1
766
60
46086
20
1
6
1
8
6
2
1
8
0
4
6
1
378
28984
20530
1
2
0
0
1
1
0
0
0
42
2
2
868
32
2905812
338
13608
56
0
0
1234
6
282
1
28984
6
1
10
0
0
868
2812
0
1
418
4
4
0
6
0
2
2148
0
0
7552
0
0
1
68712
1
12
68
0
0
0
6
0
4
6
40
32
1
0
2
56
0
9052
0
20530
12
40
51936
0
1
45721788
28
0
0
8
12
1
2
15856
0
6
1
2
0
2
32
0
1
2812
0
0
0
28
0
0
0
17606
2
22
0
0
1
508
0
2
1
56
0
2
12
0
1
6
2
124
574
0
0
0
45120
228
0
0
12
12
0
60
6
0
1
0
1
1
0
2
560
6
0
0
1
58
5020
766
0
0
0
2
8
59728
2148
0
1720
185336
0
2
7552
45120
144590
40
0
0
8428
20
0
6
1276
1
14364936
2
2
0
1
0
1
174
10
2
1
0
4
4
12
1
1
1
912
0
1156
2
22
32
1
418
2
8428
1
0
14168
4
1
8496
124
1
1
0
10
8
508
0
150
8286
995140
1
2
379624
0
851082
1
0
3744
0
851082
22
45120
0
2
0
2
1
22
1
28
1
958116
174
0
96
0
1
204
828
0
6596
868
3744
0
10
6
1
136
0
1
2
1
0
0
1632
0
1
1
10
1260
1
0
198556
1
0
14364936
0
0
1
2
1
56
0
14168
6
0
12
68712
0
2796
40
0
0
10
6
33778
0
0
0
1
12
0
1
0
0
0
42
2148
12
8
6
2
4
0
0
766
0
12
1
0
2
0
128
16262032
0
188
56
0
5420496
48
32
0
0
1
1
24084
1
2
10
32
0
1
0
18
1
828
6
0
3144
1
0
0
1
0
68
476
0
10
0
338
4
0
0
1
1
0
20
0
1
6
242
36
1
6
2148
2796
0
2751804
0
64100
0
0
56
1
0
12
0
0
0
1200
0
1
0
8
12
1234
3760
12
1
0
0
366
20
1
6
6
2796
0
0
366
0
338
0
1
40
1
0
0
0
1
0
10
8428
60
144590
2529850
0
150
2
56
2
1
2
0
0
2
0
1
0
28984
1
1
1234
0
2
0
211980
10
0
2
338
1
0
1
0
9780
0
12
6
86
0
18
418
1720
46
1
1200
1
288
40
1
0
20
120
0
1
0
0
0
6
2
1
56
6
0
0
2
0
15856
6
0
0
150740
9780
2
1234
508
0
0
0
112
6
0
24
0
12
366
2
0
18
4
1915128
174
1
2
46
228
6
8428
0
0
3760
476732
12
766
0
1
0
0
1
6
0
32
0
0
10
1
176696
0
0
0
0
0
112
0
1
282
144
0
46
0
0
0
14168
11636
1
4852812
22
120
0
0
6
4
312
1
418
0
6
6
0
12
3276
2
289096
0
6596
12
0
480
0
2
0
0
772
6
33778
8428
1
0
0
0
0
45721788
2
1
8
912
228
0
0
1
1
12
0
198556
60
15856
772
0
0
1
4
6
1
8428
0
2
0
4
180
22
40
0
32
0
2
0
0
6596
0
1
2
46
5020
1
1704
12
0
772
0
2
1234
0
508
1
6
88284
12
11296
60
15104
12
379624
8428
0
1
0
2
120
4
0
0
3744
0
2
33778
4960
0
0
0
282
56
87022
0
0
2
2
2529850
1
0
0
6
0
0
6
0
4
0
0
1
1
68712
328752
56
148
3724
1156
0
33778
0
1
148
52764
22
8
1
0
0
338
2
0
0
6
2852
6
1751040
1
0
0
0
0
7160
120
0
1
124
4
1
1
5466
4
1
2
768
2
0
1
1
1
0
0
0
338
0
1
0
1234
14168
18
0
72
0
23236
56
0
40
766
480
0
6115940
4
1
259462
20530
10
1
0
0
0
1
1
6
0
12
150740
0
20
0
128
1
1
2
1
22
174
0
48
42
0
0
0
150
1
1
0
0
107592
0
6
1
46
0
2812
0
0
1
56
1
0
6
10
0
0
480
1234
2
1
1
0
2
34
0
2
5466
3760
424916
444
8
0
0
0
0
60
1
3760
289096
2
58
2812
2
0
6
0
0
1260996
1720
0
244
42
1
12
476
0
28
56
0
1
0
56
4
2
0
112
4
0
1
1
10
1
1
32
418
3760
0
0
144590
4
1
68
0
0
221280
0
1
0
2
0
1260
0
32
1
0
8
1
1
0
150
3710372
0
112
221280
7160
0
1
0
0
2976
12
0
0
2812
12
0
8
1
0
1
8
2
2
0
0
1
1260996
1
10
0
198556
46086
4
240
2
2
2
8428
2
1
12
4
4
6596
124
1
242
96
1
0
42
6
1
0
10
6
1
146668
240
6
81360
1
150740
0
0
1156
20
0
1234
574
0
1064
0
0
1
64100
1
4
1
6
8286
1
6
6
2
2
12
0
150740
1
0
6
0
198556
46
0
0
7160
2
20
51936
4
1276
1
2
12
0
4
2126
0
3276
0
508
15104
14168
0
0
1
1
0
3760
0
0
1
112
0
0
1
6
5868
0
22
2
2
5466
12
288
2
42
0
1
120
185336
0
480
2
0
2
0
2148
0
88284
2
2148
2796
0
86
1
4872
259462
6
11096
444
0
2
1692
1
0
328752
1
28
104
2
4
2
1720
12
0
20
0
6
0
378
60
6
120
1
160
0
0
0
2
1
2148
32
0
0
18
0
124
0
1
0
0
1
0
0
12
11296
0
0
2
0
0
1788
0
1720
0
1
2
1
1
0
174
18
6
0
0
0
2
1
174
4
10
958116
0
0
46
0
0
2
6
10
0
1
6
0
150
0
1
2
1
1
259462
0
64100
6
2
338
1156
6
2
1
4
0
2388
2008
10
0
12
0
0
124
1234
4960
1
0
10
772
0
1751040
1120756
120
1
2
4
20
0
1156
0
0
288
12
11296
0
0
0
86
1
12
6
1
1
0
10
2
2
18
124
2
0
1234
4
0
20
1260996
0
0
9780
56
0
0
418
1915128
36
0
0
1
260
1
1
0
120
0
0
2
6
1
1
0
2
0
0
4420
868
0
2
2
0
1
0
2
772
0
0
0
12
0
1276
2
2
3144
0
1704
22
2
0
4
46
1
150
244
204
1
6
2812
1
0
0
4
6
1
379624
0
10
2
259462
0
60
1
0
868
120
1704
0
146668
28984
1
666260
34
28
0
772
1
8
0
6
1
1
6
4
1
68
1
0
0
60
0
6
1720
2
0
4872
2
1
1
6
1508
0
8496
46
0
104
0
724
45120
2388
58
3744
1
1
20
40
0
8
0
56
1
4
6
81360
0
0
1
9052
0
476
160
312
1
1
0
1
33778
42
1
0
1
0
0
96
0
14168
1
0
0
0
40
0
0
0
6
228
4
0
1
1200
535876
428
8496
2
0
6
10
124
128
1
242
6
2
2
0
1
6
0
144
288
12
1
0
1
0
6
1
0
0
1
6
0
1
1
1
106888
2
0
508
0
760
46
0
0
4
868
0
1276
0
0
242
0
1
18
1
1704
0
8
728
0
0
0
0
18
242
0
1
0
0
0
240
328752
0
1915128
0
0
23236
60
10
0
6
0
1
2
0
3276
1200
2
2
0
0
0
1
1
20
0
4852812
1
480
1
5172
908
0
0
2
6
1
6
0
1
23236
0
6
2529850
1
0
2
0
52764
0
1
0
1
56
1
20
36
10
0
0
0
28
2
0
3276
128
1
1
32
7552
0
1440
0
0
10
0
1
2
0
1
0
1
0
12
0
1
56
480192
0
1
1440
1
1
2
46
0
124
6
0
476732
366
766
0
228
260
0
6
0
260
0
0
56
1076216
1
6
1427364
4
46
420
0
0
4420
0
0
2
56
0
0
4
1
0
46
451752
120
0
2
0
6
0
0
2
1
1
0
772
87022
11636
1
180
1
1
56
1
772
1234
32
0
2796
0
560
46
46086
244
760
1
56
672
1
1
1
0
0
2
0
0
1
0
0
88284
1
1
1
9104
10
0
6
1
6
0
72
0
2
0
0
0
4
0
0
1
2
144
0
6
6
0
148
1
1
6
0
87022
2
6
84
77872
1632
4
8
1440
0
48
2126
338
0
1
221280
2
0
0
8
46
0
40
5466
20530
13332
868
2
1
0
0
0
204
0
0
1
8
0
1
0
0
18
32
3276
1
1
148
0
0
0
1
0
1
0
1
1
6
0
174
0
0
1234
1
240
0
12
0
366
0
0
1356
6
12
420
0
0
0
0
10
22
1
46
0
666260
0
428
4
20
0
2812
6
0
6
0
0
0
0
1
174
0
0
1
1
28
2388
0
0
2
86
26404
0
0
0
0
15104
0
8428
4
2
0
14168
0
0
4
128
0
1156
6
0
0
1
0
18
40
2
1
0
766
1
48
868
0
1
174
6
0
1
10
0
828
1156
0
260
0
0
2
2
8
0
1064
508
1
0
0
8
444
4
12
1
2126
174720
476
1112
560
34
0
2
0
1
0
56
2
0
8
1
2
476
120
0
0
0
56
338
574
8286
1
12
476
4
8
180
2812
1
40
6
12
18
0
1915128
1440
1
28984
12
4852812
0
6
0
0
174
2148
0
1
6
124
20640
0
6
1
0
36
0
10
0
0
0
2
204
289096
20530
32
8
0
0
0
0
2
3744
10
1
1276
0
0
1
0
0
2905812
0
0
10
0
150
0
2529850
1
2
6
1440
338
0
2
1
3424
10
1200
14168
1
8428
2
8
1
0
124
8428
444
32
0
32840208
32
0
6
1
60
282
2
2529850
0
0
42
4
1
418
12
2
1
0
0
0
1
11096
0
1
0
0
0
12
1076216
0
8428
1704
0
0
4
1
289096
1356
0
0
4
0
2
240
8
379624
10
0
1
418
6
32
176696
0
0
1
508
4960
0
868
1
0
1
908
0
2
536
88284
0
0
32
1
6
0
1
0
0
10
0
40
0
0
32
0
0
1
0
0
0
2148
68
6
1
56
10
36244
0
10
20
1
1
0
0
20
46
4
2
12
6
6
120
0
0
0
128
1
1
32
18
2148
1
12
46
0
260
2
1
0
28984
107592
2
338
0
7552
1
0
536
0
13608
0
56
0
2
10
86
1
0
0
0
418
0
0
2
0
0
418
30060
0
204
0
0
45120
0
1
0
2388
7584
0
2
0
46
0
2
6
8
0
8
22
12
144590
3760
0
1
4960
0
0
13568
0
1
0
56
0
0
378
12
2
0
1
0
0
2
1
0
0
24
0
0
0
32
2
1
185336
6
259462
244
1
418
22
1
0
12
12
1
1276
17606
22
288
0
59728
0
32
0
56
0
34
3144
0
40
0
0
26404
1
0
0
1
1
0
0
1427364
2
1
34
0
2
416
0
7552
0
0
2
204
2
338
0
174
0
0
8428
0
2
240
1788
0
0
8428
2
0
0
1
2
24
18
128
0
32
100071320
0
1
46
8
2
0
1
0
17606
1
0
0
14168
0
1
912
1
2
1
3760
0
0
0
0
1
0
0
0
4
1
1
2
1704
1632
7160
0
1704
20
2
12
22
0
6596
0
1
6
14168
4420
6
451752
273402048
912
2
1
0
0
0
1276
204
0
0
42
2
77872
0
46
0
1
1
6
0
28
12
0
0
1
0
260
5420496
0
0
0
0
0
5020
0
6
1
0
0
1
0
0
4
1
0
1788
1
48
0
6
20
338
44
0
1
8
0
2
0
68712
4
0
10
0
1
12
418
6
7584
2008
288
4
4
0
10
0
0
0
0
0
5466
11296
0
0
338
0
0
1
46
8496
0
8
0
174
0
22
1
20
1720
0
0
96480
1
0
12
0
1
0
1
8
0
10
0
0
0
3744
56
87022
