157 197
43 131
239 281
197 199
157 163
257 271
263 349
139 173
283 307
283 293
271 277
83 487
109 157
251 293
127 311
257 283
97 97
83 397
271 317
89 137
149 167
127 151
167 563
139 181
167 197
271 271
193 271
37 193
269 281
179 293
59 61
239 251
139 199
241 269
109 463
61 167
269 277
173 211
131 149
43 239
37 607
83 743
179 211
149 197
97 97
211 229
103 181
191 317
149 463
241 281
239 257
199 199
157 419
277 293
277 307
179 229
293 313
139 151
181 193
181 389
167 479
257 257
241 383
113 113
59 439
151 331
157 167
239 251
233 379
241 251
113 163
283 293
79 229
251 359
211 281
67 83
257 263
59 59
71 71
29 67
31 31
307 307
227 251
227 239
313 313
61 61
113 113
101 167
193 193
173 229
191 491
131 313
79 229
97 491
193 223
163 373
103 199
83 109
149 173
293 307
