1 1
1 0
Bachelor Number.
2 1
2 0
3 2
Bachelor Number.
4 3
3 1
5 4
Bachelor Number.
6 5
4 2
7 6
Bachelor Number.
8 7
5 3
9 8
Bachelor Number.
10 9
6 4
11 10
Bachelor Number.
12 11
7 5
13 12
Bachelor Number.
14 13
8 6
15 14
Bachelor Number.
16 15
9 7
17 16
Bachelor Number.
18 17
10 8
19 18
Bachelor Number.
20 19
11 9
21 20
Bachelor Number.
22 21
12 10
23 22
Bachelor Number.
24 23
13 11
25 24
Bachelor Number.
26 25
14 12
27 26
Bachelor Number.
28 27
15 13
29 28
Bachelor Number.
30 29
16 14
31 30
Bachelor Number.
32 31
17 15
33 32
Bachelor Number.
34 33
18 16
35 34
Bachelor Number.
36 35
19 17
37 36
Bachelor Number.
38 37
20 18
39 38
Bachelor Number.
40 39
21 19
41 40
Bachelor Number.
42 41
22 20
43 42
Bachelor Number.
44 43
23 21
45 44
Bachelor Number.
46 45
24 22
47 46
Bachelor Number.
48 47
25 23
49 48
Bachelor Number.
50 49
26 24
51 50
Bachelor Number.
52 51
27 25
53 52
Bachelor Number.
54 53
28 26
55 54
Bachelor Number.
56 55
29 27
57 56
Bachelor Number.
58 57
30 28
59 58
Bachelor Number.
60 59
31 29
61 60
Bachelor Number.
62 61
32 30
63 62
Bachelor Number.
64 63
33 31
65 64
Bachelor Number.
66 65
34 32
67 66
Bachelor Number.
68 67
35 33
69 68
Bachelor Number.
70 69
36 34
71 70
Bachelor Number.
72 71
37 35
73 72
Bachelor Number.
74 73
38 36
75 74
Bachelor Number.
76 75
39 37
77 76
Bachelor Number.
78 77
40 38
79 78
Bachelor Number.
80 79
41 39
81 80
Bachelor Number.
82 81
42 40
83 82
Bachelor Number.
84 83
43 41
85 84
Bachelor Number.
86 85
44 42
87 86
Bachelor Number.
88 87
45 43
89 88
Bachelor Number.
90 89
46 44
91 90
Bachelor Number.
92 91
47 45
93 92
Bachelor Number.
94 93
48 46
95 94
Bachelor Number.
96 95
49 47
97 96
Bachelor Number.
98 97
50 48
99 98
Bachelor Number.
100 99
51 49
101 100
Bachelor Number.
102 101
52 50
103 102
Bachelor Number.
104 103
53 51
105 104
Bachelor Number.
106 105
54 52
107 106
Bachelor Number.
108 107
55 53
109 108
Bachelor Number.
110 109
56 54
111 110
Bachelor Number.
112 111
57 55
113 112
Bachelor Number.
114 113
58 56
115 114
Bachelor Number.
116 115
59 57
117 116
Bachelor Number.
118 117
60 58
119 118
Bachelor Number.
120 119
61 59
121 120
Bachelor Number.
122 121
62 60
123 122
Bachelor Number.
124 123
63 61
125 124
Bachelor Number.
126 125
64 62
127 126
Bachelor Number.
128 127
65 63
129 128
Bachelor Number.
130 129
66 64
131 130
Bachelor Number.
132 131
67 65
133 132
Bachelor Number.
134 133
68 66
135 134
Bachelor Number.
136 135
69 67
137 136
Bachelor Number.
138 137
70 68
139 138
Bachelor Number.
140 139
71 69
141 140
Bachelor Number.
142 141
72 70
143 142
Bachelor Number.
144 143
73 71
145 144
Bachelor Number.
146 145
74 72
147 146
Bachelor Number.
148 147
75 73
149 148
Bachelor Number.
150 149
76 74
151 150
Bachelor Number.
152 151
77 75
153 152
Bachelor Number.
154 153
78 76
155 154
Bachelor Number.
156 155
79 77
157 156
Bachelor Number.
158 157
80 78
159 158
Bachelor Number.
160 159
81 79
161 160
Bachelor Number.
162 161
82 80
163 162
Bachelor Number.
164 163
83 81
165 164
Bachelor Number.
166 165
84 82
167 166
Bachelor Number.
168 167
85 83
169 168
Bachelor Number.
170 169
86 84
171 170
Bachelor Number.
172 171
87 85
173 172
Bachelor Number.
174 173
88 86
175 174
Bachelor Number.
176 175
89 87
177 176
Bachelor Number.
178 177
90 88
179 178
Bachelor Number.
180 179
91 89
181 180
Bachelor Number.
182 181
92 90
183 182
Bachelor Number.
184 183
93 91
185 184
Bachelor Number.
186 185
94 92
187 186
Bachelor Number.
188 187
95 93
189 188
Bachelor Number.
190 189
96 94
191 190
Bachelor Number.
192 191
97 95
193 192
Bachelor Number.
194 193
98 96
195 194
Bachelor Number.
196 195
99 97
197 196
Bachelor Number.
198 197
100 98
199 198
Bachelor Number.
200 199
101 99
201 200
Bachelor Number.
202 201
102 100
203 202
Bachelor Number.
204 203
103 101
205 204
Bachelor Number.
206 205
104 102
207 206
Bachelor Number.
208 207
105 103
209 208
Bachelor Number.
210 209
106 104
211 210
Bachelor Number.
212 211
107 105
213 212
Bachelor Number.
214 213
108 106
215 214
Bachelor Number.
216 215
109 107
217 216
Bachelor Number.
218 217
110 108
219 218
Bachelor Number.
220 219
111 109
221 220
Bachelor Number.
222 221
112 110
223 222
Bachelor Number.
224 223
113 111
225 224
Bachelor Number.
226 225
114 112
227 226
Bachelor Number.
228 227
115 113
229 228
Bachelor Number.
230 229
116 114
231 230
Bachelor Number.
232 231
117 115
233 232
Bachelor Number.
234 233
118 116
235 234
Bachelor Number.
236 235
119 117
237 236
Bachelor Number.
238 237
120 118
239 238
Bachelor Number.
240 239
121 119
241 240
Bachelor Number.
242 241
122 120
243 242
Bachelor Number.
244 243
123 121
245 244
Bachelor Number.
246 245
124 122
247 246
Bachelor Number.
248 247
125 123
249 248
Bachelor Number.
250 249
126 124
251 250
Bachelor Number.
252 251
127 125
253 252
Bachelor Number.
254 253
128 126
255 254
Bachelor Number.
256 255
129 127
257 256
Bachelor Number.
258 257
130 128
259 258
Bachelor Number.
260 259
131 129
261 260
Bachelor Number.
262 261
132 130
263 262
Bachelor Number.
264 263
133 131
265 264
Bachelor Number.
266 265
134 132
267 266
Bachelor Number.
268 267
135 133
269 268
Bachelor Number.
270 269
136 134
271 270
Bachelor Number.
272 271
137 135
273 272
Bachelor Number.
274 273
138 136
275 274
Bachelor Number.
276 275
139 137
277 276
Bachelor Number.
278 277
140 138
279 278
Bachelor Number.
280 279
141 139
281 280
Bachelor Number.
282 281
142 140
283 282
Bachelor Number.
284 283
143 141
285 284
Bachelor Number.
286 285
144 142
287 286
Bachelor Number.
288 287
145 143
289 288
Bachelor Number.
290 289
146 144
291 290
Bachelor Number.
292 291
147 145
293 292
Bachelor Number.
294 293
148 146
295 294
Bachelor Number.
296 295
149 147
297 296
Bachelor Number.
298 297
150 148
299 298
Bachelor Number.
300 299
151 149
301 300
Bachelor Number.
302 301
152 150
303 302
Bachelor Number.
304 303
153 151
305 304
Bachelor Number.
306 305
154 152
307 306
Bachelor Number.
308 307
155 153
309 308
Bachelor Number.
310 309
156 154
311 310
Bachelor Number.
312 311
157 155
313 312
Bachelor Number.
314 313
158 156
315 314
Bachelor Number.
316 315
159 157
317 316
Bachelor Number.
318 317
160 158
319 318
Bachelor Number.
320 319
161 159
321 320
Bachelor Number.
322 321
162 160
323 322
Bachelor Number.
324 323
163 161
325 324
Bachelor Number.
326 325
164 162
327 326
Bachelor Number.
328 327
165 163
329 328
Bachelor Number.
330 329
166 164
331 330
Bachelor Number.
332 331
167 165
333 332
Bachelor Number.
334 333
168 166
335 334
Bachelor Number.
336 335
169 167
337 336
Bachelor Number.
338 337
170 168
339 338
Bachelor Number.
340 339
171 169
341 340
Bachelor Number.
342 341
172 170
343 342
Bachelor Number.
344 343
173 171
345 344
Bachelor Number.
346 345
174 172
347 346
Bachelor Number.
348 347
175 173
349 348
Bachelor Number.
350 349
176 174
351 350
Bachelor Number.
352 351
177 175
353 352
Bachelor Number.
354 353
178 176
355 354
Bachelor Number.
356 355
179 177
357 356
Bachelor Number.
358 357
180 178
359 358
Bachelor Number.
360 359
181 179
361 360
Bachelor Number.
362 361
182 180
363 362
Bachelor Number.
364 363
183 181
365 364
Bachelor Number.
366 365
184 182
367 366
Bachelor Number.
368 367
185 183
369 368
Bachelor Number.
370 369
186 184
371 370
Bachelor Number.
372 371
187 185
373 372
Bachelor Number.
374 373
188 186
375 374
Bachelor Number.
376 375
189 187
377 376
Bachelor Number.
378 377
190 188
379 378
Bachelor Number.
380 379
191 189
381 380
Bachelor Number.
382 381
192 190
383 382
Bachelor Number.
384 383
193 191
385 384
Bachelor Number.
386 385
194 192
387 386
Bachelor Number.
388 387
195 193
389 388
Bachelor Number.
390 389
196 194
391 390
Bachelor Number.
392 391
197 195
393 392
Bachelor Number.
394 393
198 196
395 394
Bachelor Number.
396 395
199 197
397 396
Bachelor Number.
398 397
200 198
399 398
Bachelor Number.
400 399
201 199
401 400
Bachelor Number.
402 401
202 200
403 402
Bachelor Number.
404 403
203 201
405 404
Bachelor Number.
406 405
204 202
407 406
Bachelor Number.
408 407
205 203
409 408
Bachelor Number.
410 409
206 204
411 410
Bachelor Number.
412 411
207 205
413 412
Bachelor Number.
414 413
208 206
415 414
Bachelor Number.
416 415
209 207
417 416
Bachelor Number.
418 417
210 208
419 418
Bachelor Number.
420 419
211 209
421 420
Bachelor Number.
422 421
212 210
423 422
Bachelor Number.
424 423
213 211
425 424
Bachelor Number.
426 425
214 212
427 426
Bachelor Number.
428 427
215 213
429 428
Bachelor Number.
430 429
216 214
431 430
Bachelor Number.
432 431
217 215
433 432
Bachelor Number.
434 433
218 216
435 434
Bachelor Number.
436 435
219 217
437 436
Bachelor Number.
438 437
220 218
439 438
Bachelor Number.
440 439
221 219
441 440
Bachelor Number.
442 441
222 220
443 442
Bachelor Number.
444 443
223 221
445 444
Bachelor Number.
446 445
224 222
447 446
Bachelor Number.
448 447
225 223
449 448
Bachelor Number.
450 449
226 224
451 450
Bachelor Number.
452 451
227 225
453 452
Bachelor Number.
454 453
228 226
455 454
Bachelor Number.
456 455
229 227
457 456
Bachelor Number.
458 457
230 228
459 458
Bachelor Number.
460 459
231 229
461 460
Bachelor Number.
462 461
232 230
463 462
Bachelor Number.
464 463
233 231
465 464
Bachelor Number.
466 465
234 232
467 466
Bachelor Number.
468 467
235 233
469 468
Bachelor Number.
470 469
236 234
471 470
Bachelor Number.
472 471
237 235
473 472
Bachelor Number.
474 473
238 236
475 474
Bachelor Number.
476 475
239 237
477 476
Bachelor Number.
478 477
240 238
479 478
Bachelor Number.
480 479
241 239
481 480
Bachelor Number.
482 481
242 240
483 482
Bachelor Number.
484 483
243 241
485 484
Bachelor Number.
486 485
244 242
487 486
Bachelor Number.
488 487
245 243
489 488
Bachelor Number.
490 489
246 244
491 490
Bachelor Number.
492 491
247 245
493 492
Bachelor Number.
494 493
248 246
495 494
Bachelor Number.
496 495
249 247
497 496
Bachelor Number.
498 497
250 248
499 498
Bachelor Number.
500 499
251 249
501 500
Bachelor Number.
502 501
252 250
503 502
Bachelor Number.
504 503
253 251
505 504
Bachelor Number.
506 505
254 252
507 506
Bachelor Number.
508 507
255 253
509 508
Bachelor Number.
510 509
256 254
511 510
Bachelor Number.
512 511
93394
138635
170580822 170580821
49454
173895
103572752 103572751
66578367 66578365
Bachelor Number.
134195
Bachelor Number.
47052
Bachelor Number.
232228
Bachelor Number.
25065
171594
22997257 22997255
27368
22177261 22177260
198690
Bachelor Number.
139707
179801
11449407 11449405
128641001 128640999
202957761 202957760
2870
234244
95223
112044
246445
67603
159369
6475
67952270 67952268
113697566 113697564
149541
57530
95935
244049
159976244 159976243
Bachelor Number.
190584
73873929 73873928
12948
196191616 196191615
227429
35315165 35315164
191508736 191508735
85430
151808
95995
158559
17980873 17980872
101224
166631
153792
87518894 87518893
79458
Bachelor Number.
167199
157778384 157778383
78811
45409401 45409399
159103429 159103428
27356
70016883 70016882
116759621 116759619
Bachelor Number.
65421984 65421982
Bachelor Number.
92619
124257646 124257645
107482
180770132 180770131
172360
82538376 82538375
10349
72244
Bachelor Number.
44144
55555
96543807 96543805
151531
220660
104307905 104307904
81735
151366
83076
54576540 54576538
52823620 52823619
Bachelor Number.
81287033 81287032
197537
79659579 79659578
166060
25609209 25609208
127110
213002074 213002073
163726150 163726149
23026323 23026321
85564258 85564256
11124
126919684 126919682
Bachelor Number.
216705
41189724 41189722
152426
Bachelor Number.
98723734 98723732
230912
261636493 261636492
94254
2339
234513
85059203 85059201
29671
92147259 92147258
103136
170189
265990209 265990208
Bachelor Number.
Bachelor Number.
47800
38711838 38711836
60287
23340
89161265 89161263
