1 1
1 2
1 3
1 4
1 5
1 6
1 7
1 8
1 9
1 10
1 11
1 12
1 13
1 14
1 15
1 16
1 17
1 18
1 19
1 20
2 1
2 2
2 3
2 4
2 5
2 6
2 7
2 8
2 9
2 10
2 11
2 12
2 13
2 14
2 15
2 16
2 17
2 18
2 19
2 20
3 1
3 2
3 3
3 4
3 5
3 6
3 7
3 8
3 9
3 10
3 11
3 12
3 13
3 14
3 15
3 16
3 17
3 18
3 19
3 20
4 1
4 2
4 3
4 4
4 5
4 6
4 7
4 8
4 9
4 10
4 11
4 12
4 13
4 14
4 15
4 16
4 17
4 18
4 19
4 20
5 1
5 2
5 3
5 4
5 5
5 6
5 7
5 8
5 9
5 10
5 11
5 12
5 13
5 14
5 15
5 16
5 17
5 18
5 19
5 20
6 1
6 2
6 3
6 4
6 5
6 6
6 7
6 8
6 9
6 10
6 11
6 12
6 13
6 14
6 15
6 16
6 17
6 18
6 19
6 20
7 1
7 2
7 3
7 4
7 5
7 6
7 7
7 8
7 9
7 10
7 11
7 12
7 13
7 14
7 15
7 16
7 17
7 18
7 19
7 20
8 1
8 2
8 3
8 4
8 5
8 6
8 7
8 8
8 9
8 10
8 11
8 12
8 13
8 14
8 15
8 16
8 17
8 18
8 19
8 20
9 1
9 2
9 3
9 4
9 5
9 6
9 7
9 8
9 9
9 10
9 11
9 12
9 13
9 14
9 15
9 16
9 17
9 18
9 19
9 20
10 1
10 2
10 3
10 4
10 5
10 6
10 7
10 8
10 9
10 10
10 11
10 12
10 13
10 14
10 15
10 16
10 17
10 18
10 19
10 20
11 1
11 2
11 3
11 4
11 5
11 6
11 7
11 8
11 9
11 10
11 11
11 12
11 13
11 14
11 15
11 16
11 17
11 18
11 19
11 20
12 1
12 2
12 3
12 4
12 5
12 6
12 7
12 8
12 9
12 10
12 11
12 12
12 13
12 14
12 15
12 16
12 17
12 18
12 19
12 20
13 1
13 2
13 3
13 4
13 5
13 6
13 7
13 8
13 9
13 10
13 11
13 12
13 13
13 14
13 15
13 16
13 17
13 18
13 19
13 20
14 1
14 2
14 3
14 4
14 5
14 6
14 7
14 8
14 9
14 10
14 11
14 12
14 13
14 14
14 15
14 16
14 17
14 18
14 19
14 20
15 1
15 2
15 3
15 4
15 5
15 6
15 7
15 8
15 9
15 10
15 11
15 12
15 13
15 14
15 15
15 16
15 17
15 18
15 19
15 20
16 1
16 2
16 3
16 4
16 5
16 6
16 7
16 8
16 9
16 10
16 11
16 12
16 13
16 14
16 15
16 16
16 17
16 18
16 19
16 20
17 1
17 2
17 3
17 4
17 5
17 6
17 7
17 8
17 9
17 10
17 11
17 12
17 13
17 14
17 15
17 16
17 17
17 18
17 19
17 20
18 1
18 2
18 3
18 4
18 5
18 6
18 7
18 8
18 9
18 10
18 11
18 12
18 13
18 14
18 15
18 16
18 17
18 18
18 19
18 20
19 1
19 2
19 3
19 4
19 5
19 6
19 7
19 8
19 9
19 10
19 11
19 12
19 13
19 14
19 15
19 16
19 17
19 18
19 19
19 20
59800 1
59801 1
59802 1
59803 1
59804 1
59805 1
59806 1
59807 1
59808 1
59809 1
59810 1
59811 1
59812 1
59813 1
59814 1
59815 1
59816 1
59817 1
59818 1
59819 1
59820 1
59821 1
59822 1
59823 1
59824 1
59825 1
59826 1
59827 1
59828 1
59829 1
59830 1
59831 1
59832 1
59833 1
59834 1
59835 1
59836 1
59837 1
59838 1
59839 1
59840 1
59841 1
59842 1
59843 1
59844 1
59845 1
59846 1
59847 1
59848 1
59849 1
59850 1
59851 1
59852 1
59853 1
59854 1
59855 1
59856 1
59857 1
59858 1
59859 1
59860 1
59861 1
59862 1
59863 1
59864 1
59865 1
59866 1
59867 1
59868 1
59869 1
59870 1
59871 1
59872 1
59873 1
59874 1
59875 1
59876 1
59877 1
59878 1
59879 1
59880 1
59881 1
59882 1
59883 1
59884 1
59885 1
59886 1
59887 1
59888 1
59889 1
59890 1
59891 1
59892 1
59893 1
59894 1
59895 1
59896 1
59897 1
59898 1
59899 1
59900 1
59901 1
59902 1
59903 1
59904 1
59905 1
59906 1
59907 1
59908 1
59909 1
59910 1
59911 1
59912 1
59913 1
59914 1
59915 1
59916 1
59917 1
59918 1
59919 1
59920 1
59921 1
59922 1
59923 1
59924 1
59925 1
59926 1
59927 1
59928 1
59929 1
59930 1
59931 1
59932 1
59933 1
59934 1
59935 1
59936 1
59937 1
59938 1
59939 1
59940 1
59941 1
59942 1
59943 1
59944 1
59945 1
59946 1
59947 1
59948 1
59949 1
59950 1
59951 1
59952 1
59953 1
59954 1
59955 1
59956 1
59957 1
59958 1
59959 1
59960 1
59961 1
59962 1
59963 1
59964 1
59965 1
59966 1
59967 1
59968 1
59969 1
59970 1
59971 1
59972 1
59973 1
59974 1
59975 1
59976 1
59977 1
59978 1
59979 1
59980 1
59981 1
59982 1
59983 1
59984 1
59985 1
59986 1
59987 1
59988 1
59989 1
59990 1
59991 1
59992 1
59993 1
59994 1
59995 1
59996 1
59997 1
59998 1
59999 1
60000 1
30843 406
14910 205
30851 167
20310 214
7890 321
26942 241
3848 47
16304 372
28378 301
22303 141
8290 544
11686 119
30393 574
13374 486
6344 175
26675 389
1627 228
8409 190
29559 223
25979 58
28142 444
24468 353
304 62
15681 492
19556 4
6135 88
16056 557
13169 390
28149 530
10477 538
15190 484
21144 265
15002 214
2887 118
3928 124
5735 302
13459 4
17463 226
25230 571
9781 533
1761 172
26581 223
717 20
8057 561
9165 521
11166 218
2669 237
28755 586
29535 581
2288 317
5836 295
16900 417
4584 435
28559 428
3785 209
29554 472
7801 339
2083 504
31050 404
9125 264
6505 282
1720 143
25526 496
19533 432
21203 455
3388 514
22651 487
27705 197
26902 280
7685 558
25994 341
16865 565
22355 291
7752 564
13014 110
5597 50
5106 493
26787 233
10457 591
5484 77
16158 511
28564 247
9999 148
15598 352
24900 459
28671 490
19064 425
21098 91
14744 155
13228 171
17434 465
28681 424
7312 51
25542 176
16253 146
7833 440
25191 330
27486 482
22829 86
11 580
26011 205
27110 462
9532 348
2550 219
4463 172
13751 197
17853 325
20498 179
106 91
28299 300
4426 144
24253 496
10966 442
8195 60
18815 342
9593 199
9539 429
29731 387
24957 526
29035 598
28417 557
30161 313
21608 410
30686 224
20649 197
25433 332
3050 65
28862 142
19093 286
4332 589
22189 11
16670 145
4963 451
23324 313
28388 568
13747 34
9846 574
10594 600
4291 497
19798 90
25204 529
153 273
8450 381
4998 426
14281 246
9600 581
25439 421
2787 380
26403 440
20283 55
16665 145
10164 384
20469 295
27090 171
8053 329
23138 496
20212 528
26801 491
17981 428
10747 548
11421 586
10534 19
22076 61
24240 542
7084 539
25831 535
20419 289
15448 127
18342 41
13449 576
10535 274
19691 177
29521 577
8714 290
30016 71
15111 163
10039 347
19272 321
6636 346
15470 33
28710 172
5255 175
5770 297
3205 561
11698 475
27376 599
23168 29
30423 358
28850 205
5900 214
11190 534
29073 81
27071 481
8013 309
7448 220
18435 467
26553 540
14981 304
5400 456
21797 204
26177 69
21101 34
25641 185
19984 47
11327 18
5663 207
27461 103
7296 460
31326 18
7325 240
21096 124
18777 549
18827 321
5960 82
20242 150
30495 25
6522 312
5225 471
31433 430
27772 44
20258 2
20908 348
14741 460
11966 349
9019 368
7840 409
12419 425
11351 366
8391 342
20280 277
19491 123
30555 16
13190 267
15949 175
22281 13
4101 229
18048 253
24601 158
8271 580
16178 179
29312 50
25790 282
12818 451
228 96
15507 568
27325 224
6129 584
32449 121
25741 78
16767 410
13713 141
6802 473
17284 377
15312 589
11547 568
2244 8
14930 97
4703 425
21948 59
31466 369
12311 249
22079 365
16932 100
23097 467
8374 98
29545 80
22280 286
4618 97
15187 464
17207 233
29088 455
27228 539
4315 84
12011 208
7722 368
29264 66
21117 408
25126 170
24165 168
31403 207
8233 558
3441 489
23 81
8279 77
26392 442
14520 81
903 569
26338 299
20547 531
9674 373
4611 258
25342 323
16106 518
17114 256
1116 179
29951 110
24335 370
11521 212
31077 53
4960 277
17401 253
17082 567
31863 198
9534 169
5810 406
18020 560
15344 570
27867 196
21640 489
4291 135
20400 517
541 198
7568 455
21376 362
3995 58
23821 377
4894 51
27557 89
31257 127
28761 13
17999 86
17441 587
10905 406
21457 492
13951 483
18506 326
24585 430
32493 447
24531 180
26198 387
4960 344
4934 512
22960 3
8672 416
7701 331
14105 518
1346 194
13930 501
28837 465
32711 541
19447 172
18901 519
22801 63
27736 187
28161 321
12010 471
22877 392
28659 171
24791 118
14293 356
3602 19
3175 390
15796 594
6309 21
9405 72
31910 589
16407 402
22990 536
25197 183
28484 400
21569 471
23206 470
14905 73
20732 363
13754 283
25579 284
29624 357
10028 587
7629 335
19004 572
24968 381
31316 373
519 103
8347 106
10184 422
20635 87
25276 292
31473 240
4765 524
14409 245
10626 130
16522 114
31921 507
25166 222
6068 104
3733 578
17839 207
19642 45
17648 579
10918 525
22728 109
32067 136
11673 203
1331 508
17201 271
19395 268
20822 507
19482 492
23202 61
15543 391
24978 469
3354 167
29657 326
27584 212
32762 380
26709 128
10517 395
1574 91
3329 89
21205 571
12444 309
21840 367
1631 167
26883 539
17206 337
22861 14
30094 79
20785 474
4783 379
29519 372
28236 300
11794 485
20568 232
8234 144
7452 88
8509 597
17287 219
17113 525
26053 277
23982 343
28691 281
32506 594
4561 189
19012 564
19672 29
9037 67
3855 315
13380 202
2617 165
9273 110
15889 311
4564 290
26777 19
9799 351
20655 318
21633 496
7905 236
6308 125
14466 135
19386 46
20733 572
24484 34
9578 239
5970 424
5727 529
3898 359
5129 518
10754 321
4219 348
13696 373
27717 344
23525 525
4425 339
13621 381
12234 566
3323 558
20934 465
12346 225
14470 138
22438 263
14451 428
532 241
1835 446
21296 436
12244 110
19054 103
8625 293
26179 96
3314 53
1940 595
465 304
10607 44
1498 123
16633 312
5002 283
22951 535
14364 423
16817 533
17312 542
23236 145
16205 170
25336 341
7704 309
18945 575
23430 570
26281 415
31934 456
8318 90
10210 394
25031 422
17823 595
26045 392
24835 536
14072 394
14735 30
29224 297
15246 254
8453 38
21157 550
16777 235
19114 379
19804 80
12985 67
21904 574
30341 583
1678 269
8685 137
10320 225
720 122
28369 138
7457 183
11970 580
9534 117
19071 267
29821 554
27457 115
11272 294
23189 480
31212 467
4109 353
13420 193
18229 483
16283 349
12744 523
28970 490
6692 531
26238 216
2556 81
261 540
18765 156
31947 433
18835 193
21832 94
20796 189
27773 191
31581 452
10303 552
24484 585
31186 519
30350 518
953 482
3545 358
20941 521
24893 426
22413 69
11095 449
10421 313
17126 347
8210 216
6201 40
26772 55
9960 228
7333 53
12227 278
28601 280
20232 274
5670 569
17113 195
24375 171
30188 277
13691 175
8837 410
31075 532
8609 131
27148 294
14964 313
4186 156
1558 380
24646 382
15226 556
1145 71
30623 358
2073 47
22026 66
21219 149
28019 331
11130 459
1215 126
13310 105
5166 295
5345 255
26326 544
18934 429
28752 306
17867 254
10929 329
24377 116
4283 276
15673 541
2133 83
13561 583
20793 124
20016 80
19437 334
25006 425
11508 295
1591 323
28741 356
16273 227
8444 144
9180 242
18768 31
27426 480
7877 402
7471 506
16034 445
20899 377
3750 159
13893 198
5623 59
20378 595
25179 93
10167 515
19882 158
24403 76
14212 532
21792 20
1855 276
22364 506
2595 513
5026 223
474 105
14599 252
30498 246
98 61
9413 578
3819 567
3787 15
26376 78
6638 446
23395 386
14158 79
14400 483
30822 336
5902 482
7999 425
4155 34
32483 599
16205 535
16405 559
19759 550
24127 590
29896 501
28844 431
13778 316
5111 332
10730 573
1988 64
12259 327
21677 405
24928 345
3712 186
1698 445
1703 455
31902 235
743 347
16723 440
19534 78
6746 70
10854 371
2495 102
7855 120
1295 531
29772 337
8882 73
30717 489
12667 102
27725 251
28286 455
3597 417
19746 367
15616 194
1399 331
7384 545
23753 257
16993 244
23669 363
16637 298
27387 38
11344 48
31573 304
25148 590
18055 145
12560 477
17272 193
11772 580
20736 163
20425 220
17986 56
8646 448
23868 359
8966 89
11164 59
9672 105
7637 45
17207 286
10355 564
14164 386
9131 475
14640 256
1335 546
9054 65
27745 399
168 313
13405 206
20737 499
219 246
6843 588
30941 575
7162 70
9158 49
12393 243
7348 326
16171 518
4112 3
17685 220
14180 298
20250 440
18284 492
30982 168
1135 565
17520 394
28879 40
23529 251
18912 126
5754 305
18166 25
20302 447
20162 557
26027 105
5854 289
31015 33
24998 562
13848 497
20042 241
17996 546
28449 286
14842 381
6720 437
31993 399
10316 456
11312 314
5516 61
24398 594
14658 353
15035 61
1852 565
24014 599
4006 209
320 180
12578 22
23008 447
12571 440
5001 563
11861 75
30801 552
8649 333
6148 481
25009 453
977 419
23263 171
29250 512
29778 216
24434 421
20747 343
32122 585
25629 324
2348 575
2820 35
22276 397
8759 244
11355 134
18433 158
14558 213
16780 546
17471 27
13887 162
25642 475
13641 129
20091 444
14718 60
7086 495
8035 42
3478 434
16772 136
11858 491
12046 40
23422 137
12441 258
4518 303
3910 395
3072 490
21002 406
3162 118
25929 377
24401 180
24743 417
28868 447
24347 488
1160 31
7493 70
26461 109
20993 237
11297 160
30012 154
18756 431
26886 497
10876 152
14569 312
2746 297
25465 406
10844 109
25133 133
13732 329
25453 319
28521 247
27372 525
29708 363
19512 157
10414 36
13200 28
10912 365
12533 298
21275 261
31107 414
9010 388
21250 10
11268 151
23993 489
18230 485
12418 197
13217 162
31524 85
27207 324
8924 199
16268 333
3389 595
9379 153
3387 153
7494 264
9858 578
15786 318
6924 61
17586 593
30450 427
9827 10
3714 205
6808 328
8851 263
1014 545
7957 4
17187 227
10220 92
18995 338
26623 195
1123 483
22155 364
26122 568
26302 438
14540 292
21889 117
30737 354
2453 28
20917 465
14817 330
7938 3
19978 563
27099 558
11589 153
21049 410
28521 170
26588 540
9289 91
19514 274
9536 205
12476 176
9485 159
1321 51
29153 436
27234 332
7607 455
15697 255
228 540
19996 173
19183 441
6046 215
5538 533
2839 60
11873 7
17442 556
2491 530
14568 245
5439 111
14996 590
23441 508
23047 523
11965 500
1228 320
19658 279
28238 321
12947 548
6472 250
4306 420
5502 138
6014 56
17835 222
2903 334
16826 363
22975 527
10552 411
7883 133
31242 100
20890 491
16219 229
2789 5
11481 586
6616 323
31265 266
23328 511
4727 208
1606 111
27835 431
25915 175
8088 201
10804 127
1535 577
22455 181
2004 432
28406 12
23271 469
22621 149
20517 360
14951 549
272 105
12981 495
29036 204
9569 203
31035 32
5776 128
2796 33
16966 517
10704 170
26239 30
9421 254
29563 509
26966 49
5721 560
666 331
20967 466
6396 253
6585 444
1476 431
9080 428
20244 457
25213 510
8221 169
24990 371
4498 156
28488 408
22109 240
20431 360
8338 193
27137 324
21153 394
8705 210
20687 591
22099 36
1767 265
13107 307
30252 226
20523 51
24467 322
19428 224
24111 488
23101 82
1517 500
30874 133
23169 317
15486 211
12960 351
28765 214
23408 215
29355 265
4157 282
2873 159
6765 347
10945 358
11702 339
18624 405
21646 510
21379 468
227 180
26245 226
5389 485
15096 269
30977 464
1698 237
4039 109
15594 298
8494 498
26163 328
3006 211
360 16
21230 478
9176 201
23959 78
19269 422
30889 261
5687 233
29213 384
22166 520
24618 342
12920 432
26812 9
18232 520
7458 328
712 23
15878 132
10056 256
31651 489
11479 300
1586 375
30121 385
677 298
2137 42
14232 119
17537 502
1669 289
17801 414
1335 338
26556 321
19329 61
9121 43
18735 508
13192 118
14397 301
14179 446
32583 467
19159 172
6209 578
16787 67
20328 18
32225 95
28280 416
5498 95
10272 274
14495 176
22451 353
3941 52
26912 492
337 90
32036 442
6948 448
7614 240
1784 407
5860 92
19084 54
18292 457
16349 257
32365 5
31734 11
14431 279
6152 530
20768 100
4285 10
32193 387
12234 37
8896 376
13252 41
23167 367
10804 530
16373 138
12269 506
20900 236
2973 126
203 38
22179 299
16604 169
10272 513
11056 230
30289 502
2810 123
8732 302
25978 207
24808 90
21107 40
30898 326
14558 346
605 192
17376 506
9802 517
9210 68
1833 518
28800 546
20239 196
15692 374
4808 7
14515 506
32622 237
26040 502
1594 553
18048 338
31387 154
2822 349
22149 207
6160 573
6412 191
31330 151
29489 525
6705 201
14076 131
17114 206
15563 438
21204 538
13033 43
10211 206
2914 585
7055 127
31766 487
9173 186
17677 239
27676 59
12554 51
31339 14
1123 470
13528 373
19983 111
23364 596
20225 362
18757 369
27572 263
5220 63
23560 599
23177 293
3404 244
21683 499
27292 272
492 245
32621 281
32381 219
10342 299
23390 127
18034 311
2544 152
10259 579
12270 335
7417 353
30625 585
26579 573
12372 573
613 585
21256 398
26586 123
16233 426
22876 441
17664 532
20707 20
19625 375
5706 147
13896 156
10920 481
16056 30
32221 346
516 524
8811 410
28122 559
29576 518
14396 196
24945 95
11897 588
22528 204
28764 354
29569 167
27555 221
30658 484
11186 455
15721 493
20873 428
2442 153
18420 199
889 310
2049 162
15581 596
439 477
6 92
32005 433
22657 321
1785 325
2537 238
16179 16
26879 129
6552 568
19197 94
26699 195
32552 398
16857 436
1701 401
6067 448
32397 514
4322 161
28740 411
31990 218
31750 321
29503 485
4546 392
29248 106
11308 266
4961 248
16910 164
9956 113
25054 114
19482 393
11158 140
22999 399
7360 81
11043 471
25296 211
9266 55
10167 211
919 313
3253 214
21428 281
18287 295
4213 255
5441 176
21822 87
30933 148
10017 199
30197 343
12117 520
16285 183
31203 369
3157 244
3235 472
1213 207
27239 258
106 551
22134 190
1264 289
27708 517
15168 129
24383 436
20277 124
30549 21
28009 320
7445 435
21325 118
2699 13
9593 127
29744 53
64 173
15896 537
30344 147
4462 33
29400 336
26142 498
11955 319
21713 42
13349 10
17694 29
7579 513
19454 456
2040 262
20097 340
27364 467
15552 333
19303 318
30995 436
31928 307
16260 97
25423 34
8579 165
28225 371
27099 463
15053 487
31972 61
5682 457
2298 342
20932 269
6959 350
7487 504
27709 401
23387 361
31167 579
9377 461
16288 256
27772 393
9683 455
31891 436
30276 116
14934 314
28431 326
27351 81
17649 214
26844 237
10747 282
306 335
11406 401
26948 598
643 296
1004 572
5290 468
26760 500
24182 176
24657 226
30198 137
19944 260
20487 336
13106 575
5321 473
18790 510
6223 146
24420 22
19355 293
29257 373
14793 481
13376 525
25994 414
30107 387
6868 304
9250 117
2264 182
21674 372
14389 107
2794 62
12651 541
13195 342
26514 452
1150 120
15180 261
14226 439
10744 135
21318 506
32040 326
30171 567
3669 519
22190 278
29394 459
29125 578
9215 23
4520 51
30655 162
11122 535
32044 49
16679 546
4489 72
15944 596
16759 562
677 258
19052 523
3955 327
20578 404
2718 340
7116 295
3169 414
29646 139
27411 88
26797 98
31044 432
8837 321
27144 278
2106 48
20371 18
21168 434
26630 189
24639 79
11401 36
23649 512
22170 96
4014 539
20388 129
27659 512
16084 340
10526 131
10536 90
1285 524
22473 155
32071 363
30874 395
5130 127
11537 132
30087 184
31558 36
4540 99
21833 465
32352 559
10937 586
13596 38
14482 575
504 462
0 0
