0
0
0
0
0
0
0
0
0
0
0
0
0
0
0
0
0
0
0
0
1
0
0
0
0
0
0
0
0
0
0
0
0
0
0
0
0
0
0
0
0
1
0
0
0
0
0
0
0
0
0
0
0
0
0
0
0
0
0
0
2
1
1
0
0
0
0
0
0
0
0
0
0
0
0
0
0
0
0
0
0
1
1
1
0
0
0
0
0
0
0
0
0
0
0
0
0
0
0
0
3
0
1
1
1
0
0
0
0
0
0
0
0
0
0
0
0
0
0
0
0
2
1
1
1
1
0
0
0
0
0
0
0
0
0
0
0
0
0
0
4
2
1
1
1
1
1
0
0
0
0
0
0
0
0
0
0
0
0
0
0
2
0
1
1
1
1
1
0
0
0
0
0
0
0
0
0
0
0
0
5
0
2
1
1
1
1
1
1
0
0
0
0
0
0
0
0
0
0
0
0
3
2
1
1
1
1
1
1
1
0
0
0
0
0
0
0
0
0
0
6
3
2
0
1
1
1
1
1
1
1
0
0
0
0
0
0
0
0
0
0
3
2
2
1
1
1
1
1
1
1
1
0
0
0
0
0
0
0
0
7
0
2
2
1
1
1
1
1
1
1
1
1
0
0
0
0
0
0
0
0
4
0
2
0
1
1
1
1
1
1
1
1
1
0
0
0
0
0
0
8
4
3
2
2
1
1
1
1
1
1
1
1
1
1
0
0
0
0
0
0
4
3
2
2
1
1
1
1
1
1
1
1
1
1
1
0
0
0
0
9
0
3
2
2
0
1
1
1
1
1
1
1
1
1
1
1
0
0
0
0
5
3
2
2
2
1
1
1
1
1
1
1
1
1
1
1
1
0
0
29900
0
29901
0
29902
0
29903
0
29904
0
29905
0
29906
0
29907
0
29908
0
29909
0
29910
0
29911
0
29912
0
29913
0
29914
0
29915
0
29916
0
29917
0
29918
0
29919
0
29920
0
29921
0
29922
0
29923
0
29924
0
29925
0
29926
0
29927
0
29928
0
29929
0
29930
0
29931
0
29932
0
29933
0
29934
0
29935
0
29936
0
29937
0
29938
0
29939
0
29940
0
29941
0
29942
0
29943
0
29944
0
29945
0
29946
0
29947
0
29948
0
29949
0
29950
0
29951
0
29952
0
29953
0
29954
0
29955
0
29956
0
29957
0
29958
0
29959
0
29960
0
29961
0
29962
0
29963
0
29964
0
29965
0
29966
0
29967
0
29968
0
29969
0
29970
0
29971
0
29972
0
29973
0
29974
0
29975
0
29976
0
29977
0
29978
0
29979
0
29980
0
29981
0
29982
0
29983
0
29984
0
29985
0
29986
0
29987
0
29988
0
29989
0
29990
0
29991
0
29992
0
29993
0
29994
0
29995
0
29996
0
29997
0
29998
0
29999
0
30000
38
36
92
47
12
56
41
22
47
79
8
49
26
14
18
34
4
22
66
224
32
35
2
16
0
35
14
17
27
10
16
40
35
12
16
9
1682
39
22
9
5
60
18
7
9
26
6
25
25
4
10
20
5
33
9
31
12
2
38
17
12
6
26
23
23
3
23
70
48
7
38
15
38
7
59
56
5
57
9
36
16
58
34
22
27
29
22
116
48
39
19
34
72
73
56
9
38
29
133
0
63
29
14
6
13
35
27
57
1
47
15
24
12
68
28
24
11
38
24
24
26
48
26
68
52
38
23
102
33
4
1009
57
6
37
25
202
9
9
4
110
24
0
11
6
29
8
30
4
30
184
57
13
35
79
12
23
19
27
21
10
10
277
181
22
7
24
35
61
224
12
19
56
26
15
211
46
14
30
10
234
83
15
10
3
12
23
399
42
70
14
10
179
28
13
17
20
25
25
6
53
190
310
69
213
315
14
133
8
870
15
85
17
29
36
67
610
10
6
37
316
0
30
16
17
12
10
15
16
12
37
79
955
25
46
857
9
36
78
7
45
293
46
14
1
14
61
5
134
165
20
49
7
23
13
10
140
77
6
186
43
25
30
85
25
43
185
39
24
16
37
32
25
26
29
10
222
26
74
72
76
7
4
0
54
30
90
1
44
19
13
9
39
16
33
3
136
33
27
293
9
34
15
80
28
7
16
13
71
22
16
20
1
8
30
34
32
48
155
123
1106
105
15
13
22
14
28
29
36
68
34
7
5
3827
10
12
14
3
14
31
30
57
18
181
74
44
13
29
84
105
20
95
4
13
150
65
27
20
21
69
36
23
25
102
29
24
45
41
9
11
17
33
42
3
39
12
119
43
66
5
29
41
72
31
57
29
3
43
218
15
10
104
118
29
1
32
36
21
20
190
20
27
10
45
65
43
104
13
9
19
19
20
30
5
25
26
816
190
22
6
40
47
12
44
29
42
7
39
16
47
35
51
27
12
17
339
67
6
33
8
42
26
8
705
14
32
22
17
25
54
211
18
360
20
7
5
5
5
17
6
18
40
22
7
18
11
3
23
27
52
43
17
1
2
24
56
92
15
136
31
2
1
121
6
27
9
21
17
16
16
80
48
37
12
16
21
32
35
46
13
30
15
33
23
18
246
49
30
111
19
36
25
124
97
19
26
3
32
23
3
103
20
10
41
36
27
119
19
24
33
6
35
19
23
12
30
6
61
16
0
60
37
49
116
55
73
35
9
21
30
29
1
5
20
29
162
12
17
25
19
78
243
22
69
22
51
37
5
44
71
54
39
11
29
33
46
24
13
2
32
14
8
43
22
167
71
42
12
5
63
9
10
24
22
47
35
17
105
8
14
13
12
84
125
29
29
20
2
40
36
29
19
303
29
10
7
18
28
12
35
48
17
135
10
63
161
13
545
3
22
3
11
2
29
62
1
8
3
126
169
7
30
90
15
46
6
9
61
27
15
15
18
20
30
33
22
8
9
16
19
27
36
10
2
2
68
1
19
125
48
15
12
33
1
44
61
31
62
55
31
4
27
40
2
7
46
35
33
28
360
118
52
21
62
13
45
10
64
46
161
10
33
50
95
46
85
30
9
18
10
29
1
70
35
0
33
21
0
6
27
51
93
0
11
16
685
40
24
23
19
92
1
22
361
47
75
9
363
23
18
124
10
470
22
14
42
16
50
19
8
40
11
18
45
21
21
123
2
20
10
1
286
26
14
4
79
28
13
6
28
1
68
29
69
29
30
27
40
2
40
28
18
42
58
34
15
324
43
27
53
23
123
7
96
4
62
12
151
85
24
7
5
3
26
13
34
68
30
32
25
19
54
121
44
35
97
22
27
36
23
5
31
50
94
21
40
58
26
41
62
145
236
15
21
41
38
12
0
37
25
19
32
41
185
42
22
24
3
31
11
14
9
25
57
15
36
491
9
10
17
1
995
38
56
28
68
1
30
23
30
25
94
43
44
22
22
1323
18
24
38
26
84
25
51
36
23
35
30
13
33
41
8
31
0
58
22
14
5
24
848
16
2
30
0
13
23
22
12
2
35
44
12
13
5
20
54
40
4
23
22
13
30
156
21
35
279
10
10
59
23
11
7
32
74
20
43
1
62
2
1184
25
76
28
14
1
13
71
24
485
23
42
16
31
437
19
29
275
5
1
22
13
7
2
11
22
25
24
34
14
35
46
28
22
42
27
21
18
307
3
21
67
201
38
43
25
141
2
116
37
37
18
67
54
55
7
9
10
15
17
23
21
23
1
58
6
28
33
4
19
26
9
40
7
11
22
23
154
23
59
12
38
21
36
15
1490
18
11
15
60
20
32
19
2
39
1
25
60
17
3
21
2
41
158
106
18
56
24
16
35
56
5
125
565
170
34
29
19
41
32
38
27
2
36
8
16
2
32
177
20
32
0
1442
26
6
104
214
42
165
12
162
32
10
59
12
44
12
3
37
49
10
24
30
11
14
63
138
264
47
21
2
17
9
68
2
26
52
21
343
14
69
26
1
27
102
4
0
5
17
104
28
17
54
42
18
20
152
25
2
28
33
25
37
235
123
1119
1
18
90
20
28
25
52
41
20
40
7
22
50
1
58
74
17
92
29
8
9
18
11
26
23
11
1
27
108
19
26
17
518
26
19
45
11
268
47
0
11
25
29
37
131
10
55
41
89
62
32
12
16
24
8
46
1
6
13
0
0
37
35
3
5
506
104
6
102
68
41
19
2
7
32
13
35
73
49
30
6
138
21
10
52
44
110
25
40
29
45
12
60
84
24
1
8
38
31
8
15
125
105
25
44
12
44
42
6
3
3
53
0
58
2
27
59
28
82
727
44
9
90
104
38
281
0
15
103
68
44
26
19
258
667
305
7
21
4
30
29
23
30
36
52
84
374
26
38
29
15
262
6
3
39
10
7
35
32
27
10
32
35
11
37
0
24
44
169
41
57
19
0
14
23
1
1
6
27
69
55
110
38
30
11
6
18
21
555
33
39
15
13
31
39
11
40
6
29
67
23
12
19
29
5
29
16
40
21
49
27
4
40
32
25
200
44
95
10
327
15
31
13
15
1
18
6
25
4
12
4
107
156
137
36
14
49
22
566
24
70
156
158
23
115
4
79
27
24
40
59
1
72
44
39
20
44
82
438
23
23
29
9
179
13
1
