89
18
43
11
35
34
34
15
59
1
16
20
29
23
14
63
27
49
69
27
18
3
14
10
35
2
68
36
52
34
2
21
1
17
86
28
27
2
11
27
4
16
15
44
14
3
22
6
21
16
7
33
28
17
3
1
2
7
52
15
88
25
7
24
7
20
39
6
34
1
7
89
41
34
1
52
23
9
27
29
59
6
35
20
10
10
24
44
15
78
14
28
34
4
39
5
20
18
22
19
11
28
39
20
3
86
6
34
5
8
27
66
7
15
42
8
35
22
18
5
3
42
10
4
9
5
6
6
21
39
14
25
36
10
3
18
26
19
13
34
12
6
21
45
49
7
37
29
86
1
21
21
73
46
1
12
47
86
23
53
60
10
6
58
81
11
12
40
20
7
23
9
32
9
28
21
3
21
18
22
79
6
4
9
75
18
55
88
18
4
83
50
87
9
22
82
25
44
33
17
38
35
21
32
26
3
32
20
8
62
11
52
33
3
3
7
16
10
66
13
42
28
70
51
23
36
5
1
34
70
38
33
24
29
15
46
5
76
20
10
19
14
8
26
46
9
50
40
66
8
3
17
1
36
10
52
3
17
70
80
57
1
61
46
32
43
47
11
5
7
69
24
24
1
4
89
18
52
4
45
55
8
10
18
10
9
20
28
4
12
8
6
42
34
7
32
40
21
21
29
10
38
14
20
18
10
27
7
60
41
19
12
50
12
9
16
21
10
28
47
20
14
5
10
26
40
22
27
38
27
70
87
23
4
39
58
2
19
12
54
10
20
70
17
38
31
10
6
32
53
10
18
84
10
49
19
8
67
16
9
10
61
25
3
23
57
3
56
16
8
65
4
12
87
23
7
30
54
50
8
30
10
77
54
29
10
18
12
2
24
4
28
38
55
14
4
47
62
7
2
8
59
6
54
2
8
64
8
29
18
48
15
3
70
5
12
27
8
19
32
80
77
44
4
10
24
18
44
30
9
9
7
10
49
7
22
18
43
99
2
6
15
45
23
11
23
3
14
31
26
35
35
17
82
70
23
57
62
20
29
15
44
21
3
45
15
20
24
31
8
11
6
18
48
36
27
35
35
17
20
45
24
34
3
19
12
12
33
8
17
32
3
80
14
7
19
17
73
68
42
1
27
6
70
24
18
6
19
75
8
42
6
10
52
7
37
2
35
4
25
24
45
34
61
1
47
10
19
4
71
47
24
9
21
6
8
74
6
61
13
3
60
10
16
5
7
8
60
6
17
8
7
24
38
65
31
12
48
8
79
28
87
27
3
59
6
15
27
5
30
2
55
49
50
54
4
3
20
2
68
61
24
9
8
47
22
27
15
28
2
39
13
8
40
39
1
3
38
98
45
60
10
16
19
45
58
49
59
24
58
30
25
98
6
20
24
9
60
44
7
6
14
12
34
8
32
10
28
32
8
21
17
58
9
3
1
13
3
53
70
21
6
2
17
60
25
4
13
2
87
69
17
5
40
16
26
43
25
88
6
18
47
61
8
61
34
