Tim       
   5   7   8   5  10  10  10   8   9  10  10  10
   5   2   1   4   0   0   0   1   0   0   0   0
   0   0   1   1   0   0   0   1   1   0   0   0
  17  26  36  46  76 104 123 133 143 173
Jim       
  10  10   9   8   9   9  10   9   9   9   8
   0   0   1   1   1   0   0   1   1   1   0
   0   0   0   1   0   1   0   0   0   0   1
  29  49  67  77  96 106 126 145 164 182
Bob       
   7   6   8   9 -10   8   9   8  10  10   8
   3   2   2   1   0   1   1   1   0   0   0
   0   2   0   0   0   1   0   1   0   0   1
  16  26  45  55  55  65  83  93 121 139
Tim       
   0   8   8   8   9   7   6  -6   7   9
   6   1   2   1   0   1   3   0   3   0
   3   0   0   1   1   1   0   0   0   0
   9  18  36  46  56  65  74  74  93 102
Jim       
   5   7  10   9   8   9  10   7   8   9   7
   5   3   0   1   2   1   0  -3   2   1   0
   0   0   0   0   0   0   0   0   0   0   3
  17  37  57  75  94 114 131 138 157 174
Bob       
   9   8   9   8   9   7  10   9   9   9
   1   1   1   2   1   2   0   0   1   0
   0   1   0   0   0   1   0   1   0   1
  18  28  46  65  82  92 111 121 140 150
Tim       
   5   6   7   8   9  10  10 -10  10  10  10  10
   4   2   3   1   1   0   0   0   0   0   0   0
   0   2   0   1   0   0   0   0   0   0   0   0
   9  19  37  47  67  87  97  97 127 157
Jim       
   8   7   6  10   9   9  10   7   8   6
   2   2   3   0   1   0   0   3   1   3
   0   1   0   0   0   1   0   0   1   1
  17  27  36  56  75  85 105 123 133 143
Bob       
   9   8   9   9   9   8  10  10  10   8
   1   2   1   1   1   2   0   0   0   1
   0   0   0   0   0   0   0   0   0   1
  18  37  56  75  93 113 143 171 190 200
Jim has the high series score of 499.
Bob has the high game score of 200.

Tim       
   0   0   0   0   0   0   0   0   0  -1
   0   0   0   0   1   1  10  -1   1   0
   0   1  10  -1   0   1   0   0  -1   0
   0   1  11  11  12  14  24  24  25  25
Tim       
   1   1   1   5   1   1  10  10  -1  10   5  -2
   0   1   1   5  -1   1   0   0   0   0   0   0
   0   0   1   0   0  -1   0   0   0   0   0   0
   1   3   6  17  18  20  40  50  50  65
Tim       
 -10  10   8  10  -8  10  10   8  10  10  -2
   0   0  -2   0   0   0   0   2   0   0   0
   0   0   0   0   0   0   0   0   0   0   0
   0  18  26  36  36  64  84 104 124 134
Tim has the high series score of 224.
Tim has the high game score of 134.

Benny     
   5   7   8   5  10  10  10   8   9  10  10  10
   5   2   1   4   0   0   0   1   0   0   0   0
   0   0   1   1   0   0   0   1   1   0   0   0
  17  26  36  46  76 104 123 133 143 173
Kozak     
  10  10   9   8   9   9  10   9   9   9   8
   0   0   1   1   1   0   0   1   1   1  -1
   0   0   0   1   0   1   0   0   0   0   0
  29  49  67  77  96 106 126 145 164 182
Benny     
  10  10   9   8   9   9  10   9   9   9   8
   0   0   1   1   1   0   0   1   1   1  -1
   0   0   0   1   0   1   0   0   0   0   0
  29  49  67  77  96 106 126 145 164 182
Kozak     
   0   8   8   8   9   7   6  -6   7   9
   6   1   2   1   0   1   3   0   3   0
   3   0   0   1   1   1   0   0   0   0
   9  18  36  46  56  65  74  74  93 102
Benny     
   5   7  10   9   8   9  10   7   8   9   7
   5   3   0   1   2   1   0  -3   2   1   0
   0   0   0   0   0   0   0   0   0   0   3
  17  37  57  75  94 114 131 138 157 174
Kozak     
   9   8   9   8   9   7  10   9   9   9
   1   1   1   2   1   2   0   0   1   0
   0   1   0   0   0   1   0   1   0   1
  18  28  46  65  82  92 111 121 140 150
Benny has the high series score of 529.
Kozak has the high game score of 182.

Tim       
   5   7   8   5  10  10  10   8   9  10  10  10
   5   2   1   4   0   0   0   1   0   0   0   0
   0   0   1   1   0   0   0   1   1   0   0   0
  17  26  36  46  76 104 123 133 143 173
Jim       
  10  10   9   8   9   9  10   9   9   9   8
   0   0   1   1   1   0   0   1   1   1   1
   0   0   0   1   0   1   0   0   0   0   1
  29  49  67  77  96 106 126 145 164 182
Denny     
   7   6   8   9 -10   8   9   8  10  10   8   1
   3   2   2   1   0   1   1   1   0   0   1   0
   0   2   0   0   0   1   0   1   0   0   1   1
  16  26  45  55  55  65  83  93 121 140
Tim       
   0   8   8   8   9   7   6  -6   7   9
   6   1   2   1   0   1   3   0   3   0
   3   0   0   1   1   1   0   0   0   0
   9  18  36  46  56  65  74  74  93 102
Jim       
   5   7  10   9   8   9  10   7   8   9   7
   5   3   0   1   2   1   0  -3   2   1   0
   0   0   0   0   0   0   0   0   0   0   3
  17  37  57  75  94 114 131 138 157 174
Denny     
   9   8   9   8   9   7  10   9   9   9
   1   1   1   2   1   2   0   0   1   0
   0   1   0   0   0   1   0   1   0   1
  18  28  46  65  82  92 111 121 140 150
Tim       
   5   6   7   8   9  10  10 -10  10  10  10  10
   4   2   3   1   1   0   0   0   0   0   0   0
   0   2   0   1   0   0   0   0   0   0   0   0
   9  19  37  47  67  87  97  97 127 157
Jim       
   8   7   6  10   9   9  10   7   8   6
   2   2   3   0   1   0   0   3   1   3
   0   1   0   0   0   1   0   0   1   1
  17  27  36  56  75  85 105 123 133 143
Denny     
   9   8   9   9   9   8  10  10  10   8
   1   2   1   1   1   2   0   0   0   1
   0   0   0   0   0   0   0   0   0   1
  18  37  56  75  93 113 143 171 190 200
Jim has the high series score of 499.
Denny has the high game score of 200.

Tim       
   5   7   8   5  10  10  10   8   9  10  10  10
   5   2   1   4   0   0   0   1   0   0   0   0
   0   0   1   1   0   0   0   1   1   0   0   0
  17  26  36  46  76 104 123 133 143 173
Jim       
  10  10   9   8   9   9  10   9   9   9   8
   0   0   1   1   1   0   0   1   1   1   0
   0   0   0   1   0   1   0   0   0   0   0
  29  49  67  77  96 106 126 145 164 182
Kevin     
   7   6   8   9 -10   8   9   8  10  10   8   1
   3   2   2   1   0   1   1   1   0   0   0   3
   0   2   0   0   0   1   0   1   0   0   0   1
  16  26  45  55  55  65  83  93 121 139
David     
   0   8   8   8   9   7   6  -6   7   9
   6   1   2   1   0   1   3   0   3   0
   3   0   0   1   1   1   0   0   0   0
   9  18  36  46  56  65  74  74  93 102
Tim       
   5   7  10   9   8   9  10   7   8   9   7
   5   3   0   1   2   1   0  -3   2   1   0
   0   0   0   0   0   0   0   0   0   0   3
  17  37  57  75  94 114 131 138 157 174
Jim       
   9   8   9   8   9   7  10   9   9   9
   1   1   1   2   1   2   0   0   1   0
   0   1   0   0   0   1   0   1   0   1
  18  28  46  65  82  92 111 121 140 150
Kevin     
   5   6   7   8   9  10  10 -10  10  10  10  10
   4   2   3   1   1   0   0   0   0   0   0   0
   0   2   0   1   0   0   0   0   0   0   0   0
   9  19  37  47  67  87  97  97 127 157
David     
   8   7   6  10   9   9  10   7   8   6
   2   2   3   0   1   0   0   3   1   3
   0   1   0   0   0   1   0   0   1   1
  17  27  36  56  75  85 105 123 133 143
Tim       
   9   8   9   9   9   8  10  10  10   8
   1   2   1   1   1   2   0   0   0   1
   0   0   0   0   0   0   0   0   0   1
  18  37  56  75  93 113 143 171 190 200
Jim       
   0   8   8   8   9   7   6  -6   7   9
   6   1   2   1   0   1   3   0   3   0
   3   0   0   1   1   1   0   0   0   0
   9  18  36  46  56  65  74  74  93 102
Kevin     
  10  10   9   8   9   9  10   9   9   9   8
   0   0   1   1   1   0   0   1   1   1   0
   0   0   0   1   0   1   0   0   0   0   0
  29  49  67  77  96 106 126 145 164 182
David     
   8   7   6  10   9   9  10   7   8   6
   2   2   3   0   1   0   0   3   1   3
   0   1   0   0   0   1   0   0   1   1
  17  27  36  56  75  85 105 123 133 143
Tim has the high series score of 547.
Tim has the high game score of 200.

