100
1
13
23
26
34
55
66
70
73
78
84
85
91
92
97
99
100
122
127
131
132
140
141
153
165
172
174
181
194
200
212
216
229
243
244
255
256
259
261
262
264
265
267
275
278
285
286
291
299
9083
53248
66432
83640
85203
87840
88943
98624
104119
105469
119526
136597
140103
192450
195428
207901
223488
273548
290400
316334
333543
339942
353412
354536
357485
410165
418250
485517
499603
529132
530590
537315
540314
605093
612224
619220
640344
647677
676331
685511
735968
763253
774126
794404
817848
881097
890701
899135
906207
912137
1000000
