9 688
431 40 22
257 7 90
557 6 35
208 36 17
650 22 74
333 22 33
287 8 40
322 4 3
167 28 37
4 100
34 16 50
56 34 16
13 17 8
10 2 41
1 118
39 24 35
10 516
477 4 52
292 31 42
4 3 37
203 15 13
281 4 64
7 32 45
280 1 30
156 45 58
227 48 39
337 69 70
0 19
7 282
6 26 59
55 1 74
205 17 18
226 1 59
233 1 25
80 19 82
118 86 8
0 983
1 918
532 333 59
10 492
215 2 97
475 14 39
202 11 23
174 4 73
437 36 21
431 1 88
236 61 19
43 28 96
318 86 38
409 15 1
5 629
542 36 1
377 80 12
10 146 28
516 11 44
275 91 93
6 243
33 112 33
159 23 82
208 22 25
201 2 14
22 2 76
203 2 97
5 997
294 125 70
895 8 60
489 10 1
562 28 5
904 72 66
9 382
323 14 85
275 17 99
182 1 67
96 27 75
156 24 85
38 34 10
200 31 37
184 3 28
308 9 64
3 376
318 54 92
44 2 65
49 227 1
2 570
107 327 95
106 1 80
8 175
105 1 65
6 11 51
71 4 78
77 13 1
120 32 97
106 6 16
91 9 16
75 1 2
5 210
164 7 87
86 7 92
125 28 59
12 3 3
185 10 32
4 158
36 1 42
109 44 15
61 10 52
75 1 54
7 945
721 18 8
818 6 56
587 45 12
682 15 49
826 22 1
163 99 44
121 21 92
3 724
435 17 64
600 77 23
326 3 50
0 695
0 240
5 336
314 2 41
182 1 92
183 11 9
112 20 61
38 45 60
10 873
404 49 62
129 148 63
671 7 5
678 6 82
330 2 75
516 135 51
841 31 69
369 18 97
713 29 59
752 54 48
4 456
148 98 26
360 52 45
294 57 70
247 28 27
0 503
2 686
280 23 3
13 189 92
8 712
501 8 86
477 11 69
660 17 27
205 3 30
214 37 46
127 67 35
533 48 61
707 2 21
6 805
656 3 43
664 9 93
685 34 9
138 180 39
789 1 86
719 55 52
2 864
454 334 29
121 166 58
4 411
119 6 65
71 45 57
232 21 66
161 64 77
2 179
177 1 15
164 8 93
1 422
77 332 65
5 916
268 98 42
646 4 16
456 160 9
39 102 34
755 16 15
5 831
230 39 54
186 16 74
694 36 18
391 61 69
514 159 84
8 579
123 55 57
438 13 22
380 54 48
251 43 77
500 40 48
556 15 68
320 58 75
64 3 50
5 684
72 71 84
587 96 36
0 61 24
143 94 36
377 53 71
4 652
600 22 4
479 98 39
319 89 96
102 71 33
3 755
648 20 53
45 43 33
488 101 74
0 894
8 557
57 67 65
286 28 78
206 28 82
346 36 47
495 3 57
468 3 29
514 1 93
323 21 75
2 778
257 10 78
309 450 36
1 872
78 449 21
10 571
349 7 50
522 39 87
318 14 36
405 96 97
360 27 37
150 1 50
12 85 65
310 2 79
155 82 58
249 27 95
5 877
100 100 27
704 17 78
13 28 37
62 34 61
228 151 85
3 746
600 100 100
418 106 3
701 28 32
10 375
131 7 64
138 19 86
285 8 33
158 96 7
32 20 57
97 4 2
26 1 52
342 19 22
93 1 96
111 11 78
7 367
325 42 83
221 36 88
285 3 51
171 16 41
301 6 77
187 25 30
257 13 54
4 321
234 8 81
177 13 99
284 11 58
320 1 10
1 321
142 12 20
9 236
45 10 41
224 3 74
129 72 79
218 6 62
8 29 85
56 3 42
38 4 9
96 33 62
61 19 32
1 268
90 43 58
3 109
83 22 45
74 6 94
108 1 41
0 606
5 646
277 48 15
215 44 97
345 104 12
89 35 63
450 1 67
8 607
462 1 9
351 16 97
43 181 48
299 32 31
477 50 78
380 82 59
224 14 49
464 1 48
7 182
72 5 37
105 4 3
84 6 53
118 1 27
148 1 93
140 5 66
124 9 69
7 635
447 35 55
423 17 26
398 4 27
67 91 34
533 9 80
216 42 14
288 50 47
8 364
63 118 69
17 4 83
5 10 82
291 31 99
341 8 64
3 1 68
57 6 9
223 22 2
4 304
255 4 53
260 40 20
45 108 80
172 67 15
2 615
375 75 52
610 1 73
4 272
100 133 15
97 3 40
66 17 84
38 21 77
5 36
32 3 13
27 1 19
26 1 5
1 3 42
4 20 44
6 598
380 4 45
396 48 84
516 34 73
180 25 28
69 9 76
93 12 33
5 418
382 34 51
336 41 25
16 2 2
7 9 52
19 49 21
3 381
354 3 48
57 241 64
366 2 53
7 563
218 30 25
315 7 20
482 62 68
362 9 16
195 2 46
378 56 47
274 18 97
4 494
433 60 76
44 100 8
261 2 100
270 75 65
2 607
599 3 7
331 215 95
8 523
481 17 49
310 105 35
13 31 69
304 1 72
129 118 93
261 10 96
250 10 1
446 32 59
9 730
417 104 47
286 79 16
231 29 79
228 1 59
699 15 31
384 14 51
123 84 77
83 20 43
105 12 33
7 641
421 2 40
291 8 58
502 16 52
314 67 43
57 18 97
538 84 87
76 95 54
3 366
192 96 66
307 1 23
321 28 57
4 176
1 12 10
131 10 62
156 13 17
53 30 83
0 902
6 501
3 142 48
272 30 39
347 106 23
346 1 12
269 3 75
338 7 50
6 525
365 64 98
74 154 6
512 8 21
456 22 17
488 24 74
236 123 73
3 261
216 1 12
218 16 61
58 124 79
4 94
67 9 34
80 6 83
77 1 83
22 33 7
0 387
1 647
41 72 85
10 254
11 10 75
91 4 52
158 1 14
35 39 1
101 5 63
4 4 87
233 7 78
178 24 85
155 2 38
139 7 87
10 674
580 63 3
208 34 64
557 5 3
413 36 62
573 5 52
366 12 48
542 14 26
478 18 18
37 140 89
276 25 27
10 318
161 27 49
198 3 47
105 5 33
310 5 23
78 25 13
205 4 50
236 33 95
192 2 65
282 22 89
201 2 40
6 819
770 2 98
169 2 2
179 39 98
245 152 97
729 40 16
237 8 57
4 653
651 1 83
488 21 4
114 9 47
286 8 92
4 644
343 273 95
156 79 45
120 32 73
330 2 51
9 481
220 7 31
66 79 84
193 13 43
418 34 43
158 2 92
408 9 35
6 25 80
231 158 29
47 16 11
8 698
89 68 61
681 6 87
482 19 60
202 21 3
265 52 49
689 9 64
192 1 52
33 56 84
8 47
24 3 41
31 1 11
3 1 81
33 5 18
11 3 48
20 1 52
44 1 58
28 1 5
7 527
406 79 44
314 83 34
100 4 81
107 114 80
497 6 88
81 5 3
38 38 6
4 383
192 66 11
328 5 75
293 33 76
290 3 52
6 601
0 31 86
59 323 90
466 2 71
483 10 38
585 2 88
460 6 68
4 390
278 63 95
43 59 48
146 20 46
166 18 34
4 220
44 2 67
151 36 91
213 5 60
64 70 43
8 765
634 104 71
447 54 79
262 49 57
52 28 62
374 12 59
386 1 44
153 25 10
523 107 69
3 118
60 10 49
35 24 66
115 2 99
9 998
6 41 34
144 12 23
248 186 40
452 3 90
941 41 68
162 47 15
677 10 62
834 9 78
879 20 51
4 290
91 23 83
245 1 7
250 14 67
221 14 27
8 621
458 1 27
571 42 17
412 18 25
482 6 86
1 1 47
6 260 50
467 15 70
547 15 76
0 0
