2
0 0
3 2
8 3
13 0
9 3 8
8 4 12
2 
0 0 
3 7 
7 4 
8 0
4 5 12 
2 1 16 
3 
0 0 
4 6 
7 9 
8 0 
13 0 
5 3 10 
5 6 15 
10 1 20 
3 
0 0 
2 0 
3 10 
7 9 
12 0 
3 5 7 
7 2 9 
2 1 14 
3 
0 0 
9 477 
17 394 
26 885 
31 0 
23 59 11 
87 70 19 
44 62 20 
4 
0 0 
5 3 
9 2 
11 10 
13 6 
18 0 
4 8 9 
1 8 14 
4 4 16 
8 9 18 
4 
0 0 
2 10 
3 0 
4 0 
6 1 
11 0 
8 4 9 
7 1 13 
7 4 17 
10 2 18 
4 
0 0 
2 10 
4 10 
5 4 
8 0 
13 0 
6 7 10 
1 8 13 
9 5 15 
6 1 20 
5 
0 0 
4 2 
5 5 
10 6 
11 4 
12 1 
17 0 
4 4 9 
5 5 14 
4 10 18 
3 3 23 
9 10 26 
5 
0 0 
1 6 
5 6 
7 6 
12 1 
17 2 
22 0 
6 7 8 
7 10 13 
9 1 17 
4 7 21 
2 8 26
5 
0 0 
3 524 
9 233 
17 316 
20 539 
21 282 
26 0 
79 91 8 
78 72 10 
28 87 11 
34 90 16 
31 49 18
2 
0 0 
3 101 
5 93 
10 0 
95 98 7 
26 37 9 
2 
0 0 
9 543 
15 656 
20 0 
31 66 6 
14 34 12 
2 
0 0 
3 519 
10 624 
15 0 
91 76 10 
48 37 14 
2 
0 0 
7 181 
16 670 
21 0 
60 46 15 
2 90 16 
2 
0 0 
1 468 
9 898 
14 0 
75 39 11 
96 12 12 
2 
0 0 
3 591 
5 449 
10 0 
90 2 8 
10 61 10 
2 
0 0 
3 772 
7 441 
12 0 
43 36 12 
22 7 16 
2 
0 0 
1 845 
4 273 
9 0 
89 74 7 
30 43 14 
2 
0 0 
7 592 
16 389 
21 0 
23 95 6 
75 3 16 
2 
0 0 
4 577 
13 133 
18 0 
52 72 6 
17 64 15
5 
0 0 
3 524 
9 233 
17 316 
20 539 
21 282 
26 0 
79 91 8 
78 72 10 
28 87 11 
34 90 16 
31 49 18
10 
0 0
7 878 
14 575 
18 130 
19 497 
23 395 
28 892 
34 100 
43 319 
50 886 
51 516 
56 0
45 14 12 
62 34 15 
72 51 16 
59 30 24 
40 99 31 
51 73 38 
95 13 43 
7 69 47 
69 85 51 
77 92 59
3
0 0
3 4
6 1
12 6
16 0
2 4 4
8 10 15
4 25 14
10 
0 0 
4 386 
14 285 
18 640 
26 176 
27 579 
33 39 
34 886 
39 227 
40 516 
45 987 
50 0 
12 32 13 
63 40 15 
68 82 18 
26 54 28 
31 20 37 
7 5 41 
76 87 42 
50 70 48 
33 42 54 
71 59 61
100 
0 0 
7 549 
11 714 
14 167 
23 261 
30 792 
37 292 
44 295 
50 928 
58 245 
64 72 
71 177 
78 215 
87 341 
88 893 
94 174 
100 996 
103 303 
108 734 
116 385 
117 523 
122 249 
126 186 
130 398 
134 191 
140 644 
147 423 
152 782 
160 499 
170 789 
179 607 
182 195 
184 848 
193 545 
199 18 
209 556 
214 254 
222 383 
227 337 
236 580 
246 608 
254 531 
263 367 
267 109 
275 931 
284 479 
286 41 
289 644 
298 774 
299 701 
307 135 
311 519 
314 744 
320 441 
325 796 
333 726 
342 959 
345 898 
348 887 
354 444 
360 232 
365 555 
370 321 
378 623 
379 683 
384 578 
393 923 
398 572 
401 725 
407 941 
416 870 
418 606 
419 158 
425 222 
429 681 
433 387 
438 386 
442 759 
452 723 
461 452 
465 721 
472 155 
478 384 
480 900 
483 889 
485 991 
490 310 
494 552 
503 361 
504 524 
508 714 
516 852 
518 774 
525 541 
534 61 
540 7 
550 737 
559 711 
562 293 
567 605 
568 15 
573 0 
33 100 13 
81 11 23 
61 42 27 
94 79 37 
74 41 47 
70 28 54 
5 22 62 
41 36 70 
38 42 80 
47 72 82 
11 56 92 
17 77 102 
20 32 109 
11 32 112 
34 37 113 
72 53 115 
15 87 125 
78 31 133 
74 44 141 
73 33 143 
76 10 148 
88 67 153 
52 23 159 
46 20 160 
30 58 167 
23 90 168 
52 43 171 
35 98 177 
39 43 178 
40 8 184 
35 87 194 
80 64 204 
14 58 211 
72 4 217 
55 57 221 
80 55 222 
88 8 230 
23 71 236 
75 69 244 
95 14 249 
48 65 255 
57 55 261 
65 84 263 
18 28 269 
3 76 278 
70 72 280 
50 30 287 
18 34 290 
76 11 300 
33 90 301 
48 70 309 
91 47 315 
1 84 321 
29 29 331 
43 81 334 
84 17 335 
75 29 341 
88 59 349 
45 4 351 
82 71 352 
12 11 354 
14 12 360 
75 14 364 
22 10 373 
84 3 383 
1 35 392 
16 4 396 
69 1 397 
39 44 406 
39 78 413 
39 1 420 
3 26 425 
32 63 431 
42 14 434 
37 73 442 
62 2 445 
66 99 449 
84 47 456 
20 87 458 
63 63 459 
16 57 461 
60 52 470 
96 67 479 
40 93 489 
95 54 499 
93 74 505 
13 47 509 
16 86 516 
31 36 517 
32 81 521 
60 98 522 
70 51 532 
34 85 536 
14 91 546 
3 95 550 
46 54 557 
97 90 558 
67 33 566 
93 20 567 
31 1 573
9
0 0
1 2
6 1
10 9
14 3
17 3
20 5
24 7
29 0
31 1
36 0
3 2 6
1 8 8
6 7 12
3 5 16
6 6 20
7 1 25
2 1 29
9 9 31
2 3 34
8
0 0
5 4
9 6
12 9
13 1
17 5
20 8
25 0
29 4
34 0
5 9 6
8 2 11
10 3 16
4 9 18
4 6 19
10 6 20
6 5 21
6 8 22
10
0 0
2 9
3 2
8 9
10 0
12 5
17 1
19 5
21 0
23 4
24 1
29 0
6 10 8
1 10 9
6 7 14
4 9 16
4 1 20
2 6 21
3 5 24
3 5 25
5 7 27
5 1 30
4
0 0
2 1
5 8
10 8
15 10
20 0
9 9 6
10 4 8
2 1 11
10 4 12
6
0 0
2 8
7 3
10 3
15 9
18 5
22 1
27 0
5 6 6
8 3 11
8 4 16
10 3 21
1 3 22
5 2 25
10
0 0
3 8
6 5
7 5
9 4
11 0
14 8
18 5
22 3
26 2
30 0
35 0
6 2 6
2 4 8
3 1 11
4 1 13
10 4 17
2 7 19
6 3 21
2 4 22
8 4 25
2 4 26
10
0 0
3 10
5 4
9 7
13 0
17 2
19 4
22 0
23 5
25 7
27 5
32 0
1 9 6
10 9 11
3 6 12
7 5 16
6 6 18
9 5 23
8 6 28
9 1 29
8 6 34
6 3 37
0
