2
1000000
999999
292993
932580
696141
640345
751709
239185
886826
763792
517843
643801
204414
492729
370258
522265
901853
517862
183272
386508
89782
458344
5283
596412
703157
959883
466456
23254
723420
665591
178359
704073
516133
983406
636654
724330
135809
900419
963513
22636
176269
481356
178493
380681
486141
548749
415002
900051
578668
598272
798615
668448
568673
803896
776917
271830
763780
243373
807138
999256
908962
497553
703329
425095
480960
339983
661482
128825
752458
624995
663515
928725
618408
354065
821462
104549
902812
236465
516656
993536
346793
315272
174043
427522
119168
950958
699350
395004
706387
506489
394260
615349
4042
97590
552500
997056
949627
213982
637938
702086
351034
301453
142869
481498
655516
964330
98103
70387
712851
614758
575979
571700
930028
262078
999221
561252
725092
210629
956255
431479
229174
350515
558884
745271
960159
111385
742327
909787
837421
892321
123931
700511
705831
778854
182009
873403
255242
280111
455846
968091
406925
31826
51850
336953
805958
51071
410261
531051
261698
366516
962528
490871
229088
521413
748198
701303
144854
2583
123148
494331
894903
247077
194843
600734
537988
888906
474137
793228
169017
442040
761320
87998
473864
325226
937005
279822
376295
347267
322929
150049
713781
285458
152976
454925
318927
901172
156229
975835
903754
279375
470166
798657
38509
665007
911447
576495
65972
897640
369723
234987
339680
643099
322984
325600
968323
259989
117479
856674
119312
440406
6724
345150
237920
671754
800073
68903
572927
468358
44738
988737
259790
514903
299452
298297
691966
210899
386848
757936
620595
268627
504980
472332
911725
340020
309988
392106
112065
939521
760837
231376
379928
279617
576524
129904
951369
888653
198806
36354
357012
755598
25091
616800
270501
324541
427153
474524
47496
813999
232460
180148
82626
249496
652478
506407
589514
474522
410570
213636
414044
171407
445010
306028
963078
533590
435930
914447
422243
146792
950800
291311
902389
487947
908109
684946
812487
847318
159470
372039
661317
391929
552185
256000
153481
716719
274463
742994
191242
685031
956628
117342
368494
913694
423368
331572
447284
859296
758076
381583
518145
220934
672893
420534
708879
93060
105480
33424
452435
264949
405462
625808
168934
469703
881806
322413
698479
668326
577463
401777
865413
46149
519117
233908
959841
942483
77536
919181
313837
347668
812821
831980
568600
997770
764570
789536
602886
870049
822958
55321
647054
740476
681128
815986
210180
74992
650455
908657
743316
739975
310434
608730
786122
341607
354694
258022
284090
944284
689259
109983
291953
502080
941962
372609
499850
218590
162145
614793
88639
985102
670112
247749
725578
351240
575791
447814
426231
226247
868527
681603
966220
691017
802389
264400
32624
157083
522420
828768
613424
723736
938750
905375
225816
392770
790040
237723
611358
952184
852514
212054
449344
522626
459801
686978
385923
35593
134793
324210
773894
3320
517869
252172
694336
320259
516570
239016
477340
551047
67785
90764
274783
6535
508195
12655
911359
298236
250376
522717
762476
614946
246827
211820
649629
706627
898796
35552
254276
545645
871816
28170
61022
389685
280340
267414
709942
308966
506428
699339
860011
574211
302159
134794
92802
810353
147448
4161
620645
909878
38935
895177
524825
285760
106997
174454
504443
517849
722060
758717
63495
593876
298943
636571
495617
579281
903983
205560
888246
410411
416955
260315
496679
719112
395108
589479
41523
54612
105697
662166
964488
656686
557343
1371
454502
176396
175823
958944
694244
409939
229719
269795
3815
528661
906364
499431
619998
810347
217047
508244
732814
634000
768558
229493
353112
675722
331029
394634
730332
948780
568856
206878
605466
638256
208248
59968
326708
896125
530968
533008
306065
760686
802801
821934
801403
221223
833421
421401
543626
562524
441702
788497
196524
722316
17990
61693
910094
861073
968381
152484
809853
49295
359360
927375
199607
79664
499400
526314
487846
30368
59322
793909
303110
374180
127901
104513
107459
473379
37971
651084
35903
991727
439581
232426
714043
969625
806173
624137
830699
774554
776619
152610
335905
648035
592042
535511
727698
91442
61825
215544
633864
633201
521509
936973
7381
161466
553542
114839
634843
103569
277979
670745
95296
229616
415227
321395
199241
221400
457588
541996
508010
746263
206663
355971
394299
798703
891480
634053
402201
465361
361653
36065
610619
395218
485094
617998
556682
38637
244893
191526
654260
34928
374327
749555
264542
789552
583006
975838
523008
40595
517834
543074
786856
236553
899043
693211
35256
302582
327264
437455
279999
200973
985575
890616
596189
470669
20673
664928
509304
777620
368510
675621
812547
742835
425176
589145
44445
520238
564983
79509
560831
594874
134639
347688
831425
545738
552955
378738
848318
880218
328249
128318
593247
313824
530990
189437
784492
551661
854363
805852
329282
734929
481473
141829
477764
418705
730972
34265
938942
808012
113772
11831
402886
760465
871573
746367
306203
424529
125105
666578
304747
453353
306952
897992
279233
837940
599485
575781
389602
965904
381634
718882
700833
375163
372767
690653
305925
615795
724916
756923
423807
350744
768752
338749
111209
640326
85117
417411
64855
722276
83989
881656
687685
390939
291706
966917
740935
891190
542698
130537
369152
436388
361475
69986
323608
246298
272695
629531
862092
997610
386454
797955
348354
155206
648761
971618
307588
245934
901085
372441
968208
985072
254097
655894
888067
57860
134869
629002
949048
189623
271596
830256
626010
633069
412298
949616
879366
684992
91205
253516
682602
989713
563527
543012
144919
212288
26688
452506
458220
927771
337003
938485
912843
103157
594379
312968
161015
729246
941969
622119
918867
213565
452375
56935
358690
864672
518607
750112
549664
121868
515684
744322
111581
79212
799390
256499
803554
826077
221061
773831
753848
558062
712316
178750
173275
818751
491716
334288
60055
945741
956405
490978
671362
408781
59970
30053
785509
578575
780163
335173
700442
295848
591551
324079
887114
390941
580576
202726
217018
313693
976555
970865
383812
200929
149615
557085
19680
153387
891372
591789
99129
359835
82768
770489
768614
142736
800540
554123
233367
92762
401352
445865
900664
992901
769943
299836
383843
862575
502560
112917
688325
479116
83782
72137
192101
745451
141278
723836
898837
544706
315625
510022
904540
910447
280511
673154
565239
593108
739334
798605
197926
652742
756526
98590
645644
38527
398424
541543
901101
900982
654458
101484
892154
250297
173619
84256
507804
826951
808090
918697
371658
635771
428719
276198
546219
221287
461408
111458
814393
712798
422119
12319
365541
690702
622963
523241
729227
533443
64784
142386
434425
231298
243868
838636
993649
929541
434948
501454
756493
755094
420151
128151
390865
360927
404347
449140
582212
377811
72655
396605
90610
494772
920978
456149
697530
55999
979388
426758
589440
556228
81200
23865
299582
325067
374557
293232
254608
809503
306742
523157
564597
238949
651306
467519
599874
567709
0
