1.414214
577350.557865
577349.980514
169159.876096
538425.602716
401917.482419
369703.646799
433999.682177
138093.812811
512009.518499
440975.805480
298977.084123
371698.969330
118018.766601
284477.509463
213768.844645
301530.127013
520685.360995
298988.053778
105812.427210
223150.786519
51835.950543
264625.320456
3050.430134
344338.917423
405968.171908
554188.997116
269308.785840
13425.991832
417667.020412
384279.431695
102975.905337
406497.024754
297989.815163
567770.007498
367572.646956
418192.409157
78409.651383
519857.440709
556284.778593
13069.189365
101769.243275
277911.304851
103053.270273
219786.566500
280673.925889
316820.671543
239601.805089
519644.975809
334094.414246
345412.788924
461080.873904
385928.921414
328323.798306
464129.860676
448553.527763
156941.412349
440968.877277
140511.755738
466001.630248
576921.009264
524789.744058
287262.647161
406067.476154
245429.001356
277682.674144
196289.565245
381907.099439
74377.437103
434432.117529
360841.320167
383080.852536
536199.917428
357038.313944
204419.811736
474271.595504
60361.681968
521239.039903
136523.420079
298291.769353
573618.565725
200221.320578
182022.662743
100484.061575
246830.230459
68801.965553
549036.145963
403770.199433
228055.954406
407833.013277
292421.849167
227626.405806
355272.199471
2333.938445
56343.901445
318986.312402
575650.838672
548267.692755
123542.853977
368313.964701
405349.829769
202669.863070
174044.259373
82485.744283
277993.288589
378462.627733
556756.473763
56640.082133
40638.242072
411565.005417
354930.985461
332541.919373
330071.437571
536952.204829
151311.092524
576900.802005
324039.281958
418632.350062
121606.998524
552094.370339
249114.805475
132313.959266
202370.218280
322672.116521
430282.701144
554348.345790
64308.448408
428582.981952
525266.058030
483485.528450
515182.058229
71551.884885
404440.503095
407512.006527
449671.855234
105083.233820
504259.745836
147364.326083
161722.449928
263183.099484
558927.888125
234938.546965
18375.038340
29935.900131
194540.193929
465320.356931
29486.144272
236864.587463
306602.726478
151091.699421
211608.399937
555716.088578
283404.792662
132264.307143
301038.224584
431972.605382
404897.764509
83631.784568
1491.584393
71099.819625
285402.424594
516672.776624
142650.261135
112492.947174
346834.225286
310607.805296
513210.407059
273743.413258
457970.688004
97582.299122
255212.201668
439548.595614
50805.957662
273585.796634
187769.607322
540980.377657
161555.595700
217254.308220
200494.984606
186443.433754
86631.119216
412101.941167
164809.541817
88321.023454
262651.359886
184132.877977
520292.185461
90199.143880
563398.888610
521782.903856
161297.520130
271450.755339
461105.122615
22233.470189
383942.259138
526224.459477
332839.832111
38089.240633
518252.984310
213459.962251
135670.096381
196114.628113
371293.669441
186475.188019
187985.536323
559061.833388
150105.007811
67826.820949
494601.253183
68885.103992
254268.811328
3882.391874
199272.734086
137363.464720
387837.641404
461922.650596
39781.454272
330779.846351
270406.906052
25829.785017
570847.861783
149990.115108
297279.674332
172888.981484
172222.141923
399507.045045
121762.883097
223347.085610
437594.842304
358300.978983
155092.159436
291550.627610
272701.296022
526384.962852
196310.927205
178971.943920
226382.793326
64701.046591
542432.990934
439269.735434
133585.284559
219351.821748
161437.238895
332856.575269
75000.398043
549273.436924
513064.337441
114780.986291
20989.280359
206121.262979
436244.997374
14486.584276
356109.934711
156174.113841
187374.122388
246617.188210
273966.847812
27422.117059
469962.830445
134211.132251
104008.784969
47704.432016
144046.871437
376708.637615
292374.506445
340356.355266
273965.693111
237042.988696
123343.090783
239048.703531
98962.166266
256926.931967
176685.636854
556033.631226
308068.618812
251684.591523
527956.510285
243782.398388
84750.689390
548944.924621
168188.772943
520994.820739
281716.620475
524297.264279
395454.046155
469089.876838
489199.564064
92070.336102
214797.105474
381811.836645
226280.602328
318804.447067
147801.957587
88612.585340
413798.196258
158461.575607
428968.074581
110413.908855
395503.120928
552309.721989
67747.723962
212750.398770
527521.765532
244431.917441
191433.472131
258239.826479
496115.065589
437675.671341
220307.336443
299151.443904
127556.593048
388495.243361
242795.706778
409271.770148
53728.504725
60899.195069
19297.644070
261213.757716
152968.665146
234093.883521
361310.705936
97534.379050
271183.442164
509111.220148
186145.521015
403267.327348
385858.484681
333398.707172
231966.347779
499646.717185
26644.426246
299712.628366
135047.135440
554164.748404
544143.102432
44765.719146
530689.686459
181194.165107
200726.502064
469282.711828
480344.165635
328281.651736
576063.066764
441424.983989
455839.110810
348076.683066
502323.313033
475135.311507
31939.882916
373577.089755
427514.306603
393249.722828
471110.025430
121347.768253
43296.940061
375540.658021
524613.652226
429153.981368
427225.054119
179229.442141
351450.718039
453868.036991
197227.182082
204782.965055
148969.359832
164019.726649
545182.910267
397944.157866
63499.003331
168559.431816
289876.311830
543842.302941
215126.195127
288588.820729
126203.284017
93614.748072
354951.192721
51176.039185
568749.193554
386889.632262
143038.240516
418912.942293
202788.797225
332433.377522
258545.822122
246084.871262
130624.055028
501444.585924
393523.964205
557847.665771
398959.139640
463259.793820
152651.699849
18835.763855
90692.201010
301619.616305
478489.716571
354160.800202
417849.463097
541987.853877
522718.788643
130375.217062
226766.153905
456130.095346
137249.726717
352967.994546
549743.977393
492199.476063
122429.722658
259429.168034
301738.550460
265466.519799
396627.221902
222813.036611
20549.916804
77823.063509
187183.019449
446808.197899
1917.091547
298992.095230
145591.860757
400875.365183
184901.908535
298242.117230
137996.240615
275592.666170
318147.422461
39135.976671
52402.908507
158646.327694
3773.272673
293406.808726
7306.656326
526173.652653
172186.923557
144554.939673
301791.089335
440216.012526
355039.527312
142505.923568
122294.622695
375063.766698
407971.577342
518920.401222
20526.245443
146806.605723
315028.576307
503343.490959
16264.245756
35231.356800
224985.028324
161854.663139
154391.833560
409885.493484
178381.891945
292386.630800
403763.848580
496527.871031
331521.164097
174451.868663
77823.640860
53579.548356
467857.811364
85129.431166
2402.643128
358329.846496
525318.596905
22479.421404
516830.970597
303008.143702
164983.901599
61775.035427
100721.352536
291240.590516
298980.548225
416881.824046
438045.752864
36659.144016
342874.757140
172595.110197
367524.726883
286144.897040
334448.329961
521915.117068
118680.410009
512829.355882
236951.190003
240729.370165
150293.223999
286758.043026
415179.795453
228115.998834
340336.148007
23973.603901
31530.541575
61024.480077
382302.007023
556847.695105
379138.127548
321782.419756
791.835842
262407.140722
101842.566759
101511.745054
553646.865213
400822.248958
236678.680676
132628.615163
155766.504551
2202.879933
305222.859335
523289.788059
288346.910967
357956.300872
467854.347262
125312.432552
293435.098889
423090.648841
366040.359341
443727.456863
132498.134002
203869.596929
390128.567272
191119.970934
227842.334806
421657.665473
547778.677077
328429.453405
119441.357664
349566.246760
368497.562087
120232.327533
34622.829617
188625.240421
517378.298653
306554.806406
307732.600955
176706.998814
439182.555544
463497.662131
474544.104831
462690.526454
127723.447276
481176.127373
243296.269462
313862.906113
324773.671501
255017.057277
455239.243880
113463.472977
417029.625715
10386.820014
35618.758831
525443.304563
497141.017017
559095.319703
88036.967122
467569.136229
28460.770193
207476.881411
535420.494565
115243.443857
45994.320519
288329.013108
303867.818253
281658.308098
17533.261648
34249.861343
458363.863537
175000.928769
216033.212400
73843.965454
60340.897358
62041.771251
273305.781754
21922.855745
375903.811340
20728.895388
572574.139088
253792.497356
134191.502341
412253.206938
559813.543438
465444.487238
360345.953636
479604.579941
447189.249077
448381.477383
88109.713256
193935.130847
374143.470369
341815.896747
309177.708679
420136.924864
52794.351990
35694.969067
124444.675097
365961.839705
365579.056476
301093.650210
540961.902448
4261.711002
93222.727240
319587.911383
66302.616238
366527.065618
59795.878704
160491.539154
387255.094983
55019.459927
132569.148085
239731.708900
185557.778441
115032.133658
127825.638273
264188.843653
312921.825175
293299.998926
430855.432611
119317.227356
205520.241349
227648.922466
461131.680728
514696.506652
366070.958906
232211.144293
268676.587295
208800.745578
20822.426131
352541.332697
228179.507364
280069.440157
356801.600334
321400.791228
22307.371024
141389.328147
110577.876332
377737.475795
20165.978875
216118.082890
432756.069697
152733.683587
455848.348414
336598.959714
563400.620661
301959.098263
23437.822851
298971.887971
313544.208765
454291.812089
136574.226902
519063.006738
400225.846130
20355.349764
174696.087827
188946.247171
252565.050683
161657.786698
116032.104325
569022.280232
514197.676020
344210.168313
271741.162524
11935.850787
383896.648467
294047.090174
448959.405002
212759.636374
390070.254895
469124.517854
428876.275889
245475.766728
340143.313017
25660.621388
300359.838018
326193.375813
45904.831227
323796.217495
343450.952709
77734.151568
200738.049069
480023.736236
315082.269882
319249.006775
218664.774927
489776.914333
508194.387921
189514.937186
74084.720516
342511.603821
181186.659553
306567.508112
109371.791619
452926.956052
318501.915526
493266.996711
465259.157802
190111.340014
424311.744660
277978.854833
81885.300004
275837.462684
241739.733136
422027.169645
19783.195647
542098.705129
466506.234383
65686.583501
6830.919704
232606.629228
439054.961134
503203.194843
430915.477039
176786.673152
245102.221104
72229.694102
384849.276411
175946.051160
261743.765263
177219.108503
518456.211605
161215.536392
483785.173240
346113.114800
332427.604019
224937.108252
557665.223086
220336.781307
415047.004891
404626.409882
216600.747715
215217.416470
398748.984142
176626.169777
355529.697691
418530.736415
437009.986481
244685.374209
202502.431492
443839.462815
195577.115013
64206.834761
369692.677144
49142.611537
240992.641888
37444.340382
417006.531704
48491.360433
509024.617608
397035.408543
225709.025562
168416.826299
558250.078909
427779.310377
514529.075074
313327.125064
75365.860764
213130.295247
251949.017946
208697.977230
40406.724614
186835.454587
142200.505276
157440.820332
363460.180988
497729.336941
575970.690721
223119.609604
460699.822726
201122.564348
89608.514555
374562.626665
560964.202525
177586.303274
141990.349778
520241.955988
215029.200282
558995.438107
568731.873046
146703.260025
378680.866135
512726.010183
33405.775249
77866.942130
363154.762696
547933.406949
109479.178769
156806.312386
479348.813771
361427.330690
365502.846241
238040.649961
548261.341902
507702.485491
395480.604268
52657.519976
146367.819519
394100.737124
571411.355646
325352.753821
313508.413048
83669.312335
122564.822621
15408.612657
261254.749585
264553.729023
535649.125271
194569.061443
541834.856055
527030.440453
59558.010393
343165.164326
180692.447723
92962.342268
421030.663080
543846.344393
359180.860793
530508.398475
123302.098914
261179.116700
32871.726250
207090.056731
499218.900636
299418.179729
433077.653797
317348.947039
70360.811280
297730.584892
429734.795739
64421.609061
45733.358197
461528.320363
148090.055372
463932.406883
476936.066996
127629.916532
446771.824832
435234.634403
322197.534600
411256.123023
103201.649292
100040.656569
472706.398924
283892.653640
193001.555462
34673.059090
546024.109609
552180.972879
283466.569141
387611.320099
236010.109065
34623.984317
17351.396313
453514.121276
334040.720671
450427.606737
193512.510450
404400.665927
170808.211114
341532.417764
187107.386564
512175.795377
225710.180262
335195.998560
117044.199347
125295.689394
181111.026668
563814.580804
560529.457772
221594.250193
116006.700913
86380.549199
321633.463387
11362.541969
88558.314415
514634.152823
341669.827128
57232.443509
207751.122789
47786.415755
444842.320233
443759.788478
82408.956698
462192.273172
319923.351889
134734.788945
53556.454345
231720.973915
257420.566447
519998.891524
573251.948304
444527.086986
173110.683988
221612.148052
498008.197121
290153.439959
65192.949021
397404.912715
276618.040248
48371.848928
41648.605043
110909.852736
430386.624193
81567.180005
417907.198124
518944.072583
314486.444404
182226.467388
294461.627668
522236.701168
525647.109208
161953.390036
388645.931781
326341.177481
342431.352134
426854.972596
461075.100401
114272.918054
376861.058086
436780.778424
56921.251714
372763.025876
22243.862494
230030.492327
312660.285503
520251.193592
520182.488910
377851.791148
58592.103393
515085.640734
144509.329002
100239.265061
48645.512955
293181.064771
477440.671132
466551.267704
530410.248929
214577.135021
367062.846668
247521.318732
159463.278325
315359.975361
127760.397693
266394.321681
64350.594978
470190.306451
411534.405853
243710.806955
7112.666635
211045.483425
398777.274305
359668.144420
302093.620876
421019.693425
307983.748322
37403.348513
82206.884103
250815.679368
133540.251238
140797.544122
484187.009027
573683.806305
536671.035248
251117.633558
289514.890561
436761.725865
435954.012839
242574.581625
73988.303021
225666.301642
208381.589283
233450.137971
259311.388579
336140.543600
218129.571228
41947.672482
228980.292187
52313.996566
285657.036062
531727.184893
263358.036616
402719.421943
32331.326398
565450.214116
246389.134854
340313.631346
321138.674206
46881.130532
13778.752846
172964.037019
187677.808630
216250.873452
169297.862810
146998.286013
467367.063635
177097.864947
302045.123453
325970.518609
137957.558147
376031.983100
269922.509176
346337.704055
327767.232646
