1.0000
2.0000
3.0000
4.0000
5.0000
6.0000
7.0000
8.0000
9.0000
10.0000
11.0000
12.0000
13.0000
14.0000
15.0000
16.0000
17.0000
18.0000
19.0000
20.0000
21.0000
22.0000
23.0000
24.0000
25.0000
26.0000
27.0000
28.0000
29.0000
30.0000
31.0000
32.0000
33.0000
34.0000
35.0000
36.0000
37.0000
38.0000
39.0000
40.0000
41.0000
42.0000
43.0000
44.0000
45.0000
46.0000
47.0000
48.0000
49.0000
50.0000
51.0000
52.0000
53.0000
54.0000
55.0000
56.0000
57.0000
58.0000
59.0000
60.0000
61.0000
62.0000
63.0000
64.0000
65.0000
66.0000
67.0000
68.0000
69.0000
70.0000
71.0000
72.0000
73.0000
74.0000
75.0000
76.0000
77.0000
78.0000
79.0000
80.0000
81.0000
82.0000
83.0000
84.0000
85.0000
86.0000
87.0000
88.0000
89.0000
90.0000
91.0000
92.0000
93.0000
94.0000
95.0000
96.0000
97.0000
98.0000
99.0000
100.0000
999999.0000
999998.0000
999997.0000
999996.0000
999995.0000
999994.0000
999993.0000
999992.0000
999991.0000
999990.0000
999989.0000
999988.0000
999987.0000
999986.0000
999985.0000
999984.0000
999983.0000
999982.0000
999981.0000
999980.0000
999979.0000
999978.0000
999977.0000
999976.0000
999975.0000
999974.0000
999973.0000
999972.0000
999971.0000
999970.0000
999969.0000
999968.0000
999967.0000
999966.0000
999965.0000
999964.0000
999963.0000
999962.0000
999961.0000
999960.0000
999959.0000
999958.0000
999957.0000
999956.0000
999955.0000
999954.0000
999953.0000
999952.0000
999951.0000
999950.0000
999949.0000
999948.0000
999947.0000
999946.0000
999945.0000
999944.0000
999943.0000
999942.0000
999941.0000
999940.0000
999939.0000
999938.0000
999937.0000
999936.0000
999935.0000
999934.0000
999933.0000
999932.0000
999931.0000
999930.0000
999929.0000
999928.0000
999927.0000
999926.0000
999925.0000
999924.0000
999923.0000
999922.0000
999921.0000
999920.0000
999919.0000
999918.0000
999917.0000
999916.0000
999915.0000
999914.0000
999913.0000
999912.0000
999911.0000
999910.0000
999909.0000
999908.0000
999907.0000
999906.0000
999905.0000
999904.0000
999903.0000
999902.0000
999901.0000
999900.0000
54963.6449
47403.2394
84012.4180
36669.9097
52514.7535
10858.3279
74972.2171
55858.6386
38563.5724
9529.7688
83070.1877
96485.9880
1190.7736
91633.2913
46901.3893
18919.3924
89522.5558
18154.3709
43545.9723
73544.5042
8519.4762
18444.6727
81665.4944
356.8284
46105.8597
14665.5338
15149.3637
76113.6180
62510.8052
67838.1879
1145.2459
85969.6722
22988.6642
31592.2648
19672.1251
17839.9809
13675.2444
40769.0333
75233.9399
8236.5442
14174.2354
71235.1693
63927.1178
61632.7974
76196.8207
43365.2067
85981.0099
29416.7752
44669.9590
42403.5927
79474.9225
4243.3784
51233.0185
11421.0054
71216.6379
78565.4180
54373.1843
88754.7177
21575.9902
54709.4215
65540.2265
24580.4246
19676.8977
57406.6910
42473.3561
42262.6037
23744.9758
47250.5182
63131.7019
86753.4754
82551.1082
63689.5784
71914.1317
77955.5750
7854.7789
32116.8015
33441.9994
11890.3560
17272.3890
26554.1435
22225.2629
31041.4908
6798.8820
91891.0338
47724.8680
81756.6223
85424.9445
81777.1614
25472.1604
34887.2929
55941.2207
76814.4057
67451.7791
38309.0661
14786.1095
53951.0697
58550.5015
24129.4745
28968.3056
82705.0927
63401.9527
44121.9187
79353.2796
45203.7411
16265.0674
34364.2422
2754.3769
70847.2759
45676.3759
32598.2827
53845.3544
6823.9183
59565.2893
9699.0755
49325.1504
26926.5844
98693.9138
91094.6523
26265.9851
45582.3953
59751.6224
36158.9442
80552.5559
26002.0331
67895.5764
30538.5986
97351.3695
91149.7695
75588.6639
8917.3068
30836.2123
7845.8684
69196.1962
65223.0357
98552.6886
19065.8909
79027.3891
53896.6221
61546.0398
72867.4621
67575.8068
76792.9717
80396.6872
81358.6046
84826.5015
77442.4867
4612.2655
65104.2662
59850.2794
14616.4075
51441.8250
1824.0648
52356.6429
55097.6551
19757.2990
4884.7222
15318.7730
364.0085
4022.4062
88734.2119
14520.7976
46052.7173
70543.1471
92365.5352
60543.5914
20526.1572
56210.7548
69320.6578
82310.6803
47089.6419
57764.8542
61516.4470
36991.9052
31027.5529
4345.9533
1110.1057
61727.5744
6120.0513
6302.9974
80017.2623
69716.3822
73340.7782
47052.4026
93218.6554
25061.6063
68292.6134
13681.8409
6859.6966
50043.0726
82230.6685
82112.2654
86262.3976
56492.7653
56582.8498
26476.9575
90547.9126
46978.9000
93676.2758
22679.8937
75289.0223
94148.5945
22020.7556
70520.0534
52300.3755
88567.2185
80265.4418
34808.5857
65911.5110
95990.4285
53012.9509
96768.2415
5395.9704
46511.2737
591.6168
12617.6545
88471.4389
62654.5238
5014.7808
91963.1448
27939.4055
21782.7009
37776.6729
59232.0961
30666.4598
12294.0156
31876.9061
32816.4413
64227.9065
67256.7663
90651.3085
84260.5389
64326.8583
91065.4073
13711.6507
448.3643
37122.7082
41264.5052
93985.5182
62630.4555
49857.8564
22488.9005
2845.1846
19663.5089
27160.2778
91693.7194
50737.0768
33035.4416
16849.3085
2094.8085
4410.9956
82084.8106
17011.9478
18319.1185
97112.9319
60929.7587
91423.2451
83400.6580
4953.2225
88492.3389
50487.0465
81520.3933
93449.3278
65199.4073
4951.9894
3704.0917
41314.1899
92641.4341
40064.2326
62329.5250
93735.1656
84819.4366
42377.5111
87157.2558
37735.0372
67641.1389
59558.3739
26532.8597
76147.7827
22638.8125
72247.6866
85159.9118
25232.6228
60353.9884
35864.7000
30856.7807
1553.0920
45969.8121
72185.7091
93334.2166
59.1736
77636.3716
50017.8244
55636.0719
69006.2845
97297.2929
60213.8768
71737.9472
88597.1376
65933.9932
32981.5902
3988.7955
11886.6303
75734.0626
34027.0165
25905.2315
52153.4464
46598.0215
60952.7981
8315.3978
48419.1911
99286.9306
60115.6362
42165.0030
3738.8334
45743.8013
81330.9198
38223.6522
74801.3663
16750.1682
33272.5109
34814.4833
42398.7416
69677.8691
22837.9829
58989.6552
41882.8423
97448.4757
42715.4387
87960.4666
49855.0729
33701.0832
46490.7590
76648.6312
33546.0150
87818.7348
17276.5305
97363.6355
86846.1272
60145.9204
5622.0745
55945.2940
84558.1415
69344.3838
94031.9734
68877.5484
18650.2355
56508.2282
33269.0576
52310.8249
35742.9782
87235.2518
35844.0609
8873.4421
34942.6208
96398.2286
62077.5443
22911.8919
80645.2819
31806.0165
72906.1116
63815.5560
26016.0924
71073.8163
2507.5796
38869.8666
10212.4395
36460.2331
60742.4786
75497.8425
38723.2604
41489.4348
89586.0616
83691.2260
36227.6506
63413.0279
89503.1758
41731.8389
5472.2915
9307.5042
20117.2136
61554.7862
55310.4163
64423.0443
36305.5913
76538.5347
47479.6359
19807.4454
63826.3050
42634.0353
10589.9741
91203.0650
3816.8656
86281.1201
89916.5373
72422.6509
43107.3966
76701.4129
78620.3408
85655.0306
92985.5180
66843.4189
26712.4594
40334.0943
91888.4345
87525.2041
27355.2377
363.9015
31029.2472
54623.6600
17912.4983
43496.0171
89334.2036
33608.5855
25386.7062
21759.3599
21340.5043
8881.1834
5184.0852
55649.6528
90534.7206
34743.5257
71419.6785
1099.7399
24032.1181
49874.4909
70815.6694
38510.9090
80016.5975
49276.9393
62505.3612
19015.0146
78416.5996
93904.8522
5147.8150
18800.9259
77085.8005
7827.0022
30745.8640
66136.8843
17521.9935
89199.9999
97714.0149
33553.3804
20077.7528
76764.9613
298.1833
73172.9016
59325.9738
43919.1421
66949.9342
10011.1342
17070.1151
79040.2851
27469.2804
23861.3940
5579.7775
71253.5088
8262.3489
7851.7369
33016.2786
46358.3350
49021.9941
19612.4382
94272.4080
73833.7237
80013.6879
0
