200
31 14.467 46.675 91.878 42.689 42.626 59.612 3.170 8.676 70.646 43.545 55.182 5.173 87.014 27.845 18.700 78.748 79.216 0.658 83.992 47.677 16.496 92.289 85.681 84.851 5.945 2.255 74.186 82.822 48.716 5.255 87.511
12 32.030 14.555 91.245 73.184 21.069 8.487 57.868 16.999 7.269 66.288 19.479 77.876
17 91.710 7.776 48.104 61.879 22.660 18.449 46.158 1.185 63.432 6.104 41.188 24.841 16.370 85.779 61.007 92.118 39.380
15 15.356 75.199 42.809 21.054 94.237 29.161 51.544 21.096 12.696 64.463 23.981 21.289 11.761 76.509 64.988
10 11.067 98.778 74.659 76.161 48.456 23.909 2.367 72.360 34.063 31.808
28 17.593 28.854 28.875 14.193 88.642 92.930 41.331 98.398 43.742 74.665 97.493 46.358 56.674 29.968 47.077 59.966 16.558 86.319 34.251 4.807 66.194 89.000 65.483 50.661 58.155 73.878 22.355 35.634
17 10.439 35.038 1.581 99.789 68.514 48.307 54.271 0.743 87.586 13.061 9.058 61.931 65.754 51.730 20.663 4.488 64.833
23 89.063 97.870 81.602 52.416 27.879 58.215 85.068 65.053 80.852 0.998 90.254 56.385 29.735 75.938 98.866 70.775 31.137 48.607 47.417 68.444 68.645 43.812 67.004
31 77.336 36.900 61.587 2.699 11.711 80.619 80.174 27.425 22.148 44.092 54.484 22.022 95.618 48.853 65.626 5.043 14.774 94.977 72.949 30.934 70.070 11.061 19.230 72.502 16.971 32.906 72.657 87.626 49.798 4.031 45.197
30 93.812 73.247 9.121 37.855 81.810 2.237 4.062 86.966 97.147 26.955 95.618 83.356 77.323 0.448 94.550 3.218 95.019 51.294 69.396 49.567 32.611 67.334 97.499 21.649 22.867 72.442 29.755 5.880 42.346 74.487
15 23.269 53.419 6.741 5.050 11.821 90.026 8.857 70.859 93.830 98.694 35.550 75.135 87.798 91.066 58.790
14 91.070 20.812 17.240 85.540 15.544 58.544 37.001 37.608 49.494 30.633 8.258 8.358 5.742 91.103
7 25.710 66.099 26.720 12.126 65.508 78.610 54.181
20 20.141 89.698 88.697 6.075 10.932 49.381 80.179 20.498 52.442 39.619 92.619 10.103 27.145 94.255 80.787 35.558 27.011 91.372 75.338 89.641
6 56.622 40.484 18.004 13.932 16.556 67.869
23 1.014 65.708 89.058 11.396 70.916 33.440 70.838 75.874 79.185 47.309 39.272 88.119 73.224 12.467 86.566 23.142 16.628 72.965 66.799 10.153 50.020 20.807 48.317
23 16.119 0.884 84.405 4.754 7.006 92.277 42.397 76.737 33.628 40.646 16.647 47.111 64.985 73.630 83.298 17.962 57.968 0.200 13.299 80.897 6.142 82.767 29.415
28 66.652 8.434 61.008 43.476 94.319 74.297 26.675 35.678 14.614 95.868 89.816 20.751 17.259 99.193 99.483 6.029 82.119 72.179 79.310 66.719 5.206 11.110 37.773 40.222 10.493 70.905 33.353 9.469
16 39.946 63.643 71.661 98.964 4.642 21.617 65.639 8.631 67.406 5.110 55.007 78.786 42.777 13.539 34.350 16.503
29 12.401 64.143 54.748 33.628 51.510 28.763 30.133 55.411 34.077 12.673 77.483 42.631 79.608 54.545 55.886 47.898 31.131 23.821 44.130 85.453 50.764 97.359 7.658 19.876 86.390 27.799 15.878 60.479 6.135
16 47.147 51.975 92.342 88.696 45.294 77.753 49.880 74.114 50.608 25.451 3.262 50.405 68.973 25.472 25.405 74.841
28 20.740 96.768 80.750 84.148 10.204 39.083 8.870 36.074 87.912 37.715 98.704 4.107 66.106 36.782 67.685 17.908 79.414 83.239 2.302 50.007 14.142 8.849 89.117 60.337 92.399 86.210 91.711 3.229
30 41.177 7.610 5.462 31.883 75.519 14.349 92.543 15.863 33.459 53.029 98.826 63.659 78.597 9.724 2.617 94.974 96.153 76.589 78.050 57.322 89.032 5.023 44.153 87.072 74.690 81.480 17.568 51.022 56.031 4.107
3 9.193 33.267 1.437
16 92.730 86.836 10.139 82.560 12.958 21.276 42.496 2.912 68.893 35.421 44.610 95.758 14.063 71.488 80.691 32.399
22 83.162 9.288 40.791 67.819 80.759 50.630 61.168 21.880 14.747 56.709 28.538 24.955 3.118 90.616 94.427 90.194 12.571 15.804 19.747 55.410 73.895 83.945
30 10.278 74.320 57.362 4.995 59.393 55.896 72.057 81.606 72.130 5.191 35.378 83.317 77.343 98.129 34.919 33.618 64.242 64.502 94.522 55.160 31.758 76.560 93.875 43.758 48.083 20.982 60.504 73.241 1.898 69.888
22 64.998 69.741 88.417 58.340 59.992 79.944 75.949 38.818 40.507 20.755 45.384 72.153 47.117 87.791 56.839 99.056 84.941 14.173 79.147 37.431 60.357 89.304
20 36.697 39.823 51.493 42.109 59.830 28.485 88.857 70.510 93.821 89.659 3.056 91.181 78.583 16.764 67.398 31.137 96.786 29.181 62.344 73.074
12 47.747 44.245 16.159 43.276 36.401 22.591 80.986 22.541 80.714 93.424 50.056 81.670
26 32.012 92.678 5.246 61.746 40.126 35.531 31.046 88.987 20.858 87.428 92.732 7.138 7.597 76.423 48.286 74.427 16.370 85.240 25.295 88.464 48.803 47.153 52.375 80.425 59.920 10.950
10 44.865 63.906 51.168 94.143 10.284 64.648 17.699 93.944 65.382 80.237
10 71.491 83.525 61.225 60.041 0.012 68.549 73.510 8.063 59.624 81.355
22 79.686 53.818 11.197 30.949 66.055 38.389 98.848 53.535 0.604 46.562 65.372 83.930 9.503 19.648 10.253 59.185 93.468 71.417 74.853 47.852 22.646 8.911
29 15.999 82.993 35.510 44.026 68.627 67.517 45.696 29.887 0.419 4.432 74.493 2.914 68.071 17.310 12.124 44.802 83.781 75.128 75.132 95.194 45.551 88.702 78.775 3.740 50.476 83.796 25.965 47.955 63.090
25 3.102 61.288 17.456 22.934 25.062 72.515 55.987 48.805 19.730 39.642 71.560 1.665 8.519 61.926 26.074 66.681 30.134 32.077 78.962 91.108 61.894 8.381 15.687 1.888 44.523
31 86.896 42.093 80.879 50.192 30.111 60.926 16.202 95.224 38.023 25.672 79.571 3.488 73.445 54.139 59.801 45.045 25.093 92.923 36.187 55.814 35.350 91.749 26.359 46.750 3.154 25.651 64.251 80.900 75.945 27.627 7.528
24 39.332 55.025 83.425 16.859 40.471 3.017 4.648 24.394 13.031 78.821 1.828 86.513 21.705 94.848 23.128 21.945 39.788 44.928 84.392 92.656 63.720 34.657 6.924 31.218
27 30.687 23.089 10.287 12.831 23.802 29.577 40.470 41.259 76.758 64.414 46.160 92.869 12.616 50.886 87.820 80.577 55.870 7.957 50.235 58.191 26.895 31.556 15.689 43.716 80.356 89.365 20.295
23 99.249 31.934 33.404 45.116 82.471 97.301 93.278 93.857 72.636 32.859 10.729 47.743 63.284 25.577 49.233 56.289 96.924 83.614 19.879 95.432 66.344 26.134 31.923
25 45.210 80.540 73.273 32.739 93.984 32.787 37.551 2.361 24.097 89.395 32.253 25.005 30.366 78.028 15.533 3.525 71.505 34.314 92.800 86.216 41.778 39.410 71.256 44.039 49.068
11 76.637 2.686 32.279 97.168 92.204 13.942 36.561 40.090 29.233 59.910 37.428
11 43.395 98.789 4.403 44.311 27.133 76.641 44.617 35.477 64.255 26.341 74.781
15 28.464 89.327 4.361 63.899 80.769 1.794 61.475 43.775 15.548 45.764 84.350 22.836 89.946 36.015 34.678
12 36.817 41.590 75.807 41.459 24.471 80.341 68.643 25.373 75.868 8.640 80.361 70.485
11 53.251 78.810 56.519 53.465 35.259 11.595 55.398 78.814 20.713 71.636 39.682
9 91.199 9.304 10.871 61.285 95.954 1.577 87.139 86.019 76.333
8 59.876 87.679 88.477 46.224 48.362 89.148 18.097 5.424
25 66.138 44.457 21.671 72.041 73.345 30.157 34.882 20.440 13.276 19.012 99.570 53.716 84.716 49.497 1.670 13.024 20.397 45.542 95.865 16.968 91.421 66.670 15.684 82.310 93.178
26 73.754 80.720 79.897 56.296 42.323 50.767 74.338 85.592 3.439 33.940 94.556 94.558 54.085 41.106 10.046 47.495 18.482 6.237 92.927 91.206 46.339 41.050 26.354 34.962 31.567 33.783
23 13.537 20.479 48.623 4.527 56.348 87.539 49.430 7.110 19.647 21.570 19.054 90.383 82.761 13.635 94.266 69.418 70.948 44.766 48.505 77.822 99.365 37.469 10.529
16 82.122 16.387 85.832 92.024 78.673 74.635 52.473 2.623 68.975 76.055 71.277 8.541 39.347 82.719 51.646 75.077
18 58.118 11.790 18.796 56.157 62.150 69.733 41.854 18.475 79.131 1.990 71.731 29.255 22.619 36.562 23.839 17.231 7.652 18.791
14 20.506 32.640 36.471 92.252 98.799 35.276 46.716 17.037 52.935 47.467 36.578 55.654 67.082 60.237
22 31.318 68.751 85.916 37.588 46.697 74.995 53.506 72.748 52.278 13.804 84.721 55.215 39.135 0.672 98.528 47.483 71.815 26.814 44.732 44.465 59.587 11.736
25 35.491 82.787 27.149 88.791 96.133 69.055 99.201 53.745 15.191 43.168 43.746 39.342 49.150 10.567 82.063 49.039 3.974 96.327 44.136 71.907 26.590 26.726 75.310 17.798 13.225
32 43.493 83.224 56.364 7.400 73.013 55.468 27.418 82.364 61.839 27.283 22.204 66.850 17.889 43.463 49.404 12.103 50.415 36.464 13.473 6.568 71.509 2.290 7.897 64.759 39.105 12.289 35.184 2.118 55.233 40.221 51.894 86.353
22 95.553 54.969 21.054 61.397 70.621 7.746 10.614 63.603 56.632 5.235 7.949 99.463 57.547 35.469 88.875 94.317 28.243 34.199 82.530 23.196 47.539 50.658
13 46.449 15.638 13.330 42.485 48.322 29.310 90.763 45.736 13.088 77.168 83.737 64.620 14.525
7 90.051 10.776 34.961 94.529 26.958 4.437 81.737
25 19.698 47.733 90.260 10.298 93.455 67.312 29.232 89.246 1.868 29.979 17.885 63.315 83.463 63.864 12.800 80.057 56.827 83.707 68.157 66.365 93.265 33.090 93.629 83.637 72.778
17 55.306 45.013 33.179 59.096 84.425 66.687 74.844 26.511 69.871 5.031 60.511 15.967 87.347 99.868 20.886 71.460 4.030
21 11.108 43.871 41.579 14.605 4.057 10.448 60.113 58.345 82.911 27.778 43.184 29.747 73.802 52.929 55.722 12.766 9.346 29.978 23.360 82.555 27.758
9 9.528 68.807 17.328 92.428 2.595 68.599 2.039 5.153 6.828
4 22.496 38.477 49.506 10.080
5 6.560 66.059 96.468 78.951 50.268
12 39.576 19.677 28.208 88.915 42.578 20.298 0.472 4.289 89.530 94.231 62.681 73.185
6 21.759 19.967 74.026 81.545 61.831 81.093
27 34.252 10.584 33.797 45.366 37.495 28.263 7.717 59.610 20.053 90.385 25.372 97.174 80.407 41.062 0.239 22.236 48.971 77.546 57.159 69.023 10.882 86.604 79.237 58.051 21.102 75.052 83.703
4 86.566 83.803 92.121 78.989
5 38.444 29.336 64.677 2.192 36.709
4 48.832 23.140 50.432 95.395
24 37.765 61.602 99.645 20.558 12.293 28.407 92.102 91.586 20.738 9.935 29.505 72.096 44.315 69.963 76.976 56.783 50.795 76.383 89.345 55.057 84.344 94.509 25.534 29.898
24 53.758 88.198 58.841 70.563 94.709 13.893 53.918 40.160 2.499 98.712 34.023 54.318 90.141 74.892 42.688 66.398 41.243 99.545 36.361 21.488 71.325 12.684 79.435 73.464
30 87.019 7.148 96.273 83.371 52.822 56.488 79.198 45.346 12.382 67.043 78.218 38.025 62.034 58.102 39.267 5.647 1.770 32.251 3.237 67.283 12.803 79.699 24.214 30.280 74.450 82.953 22.991 97.324 8.459 77.987
3 23.067 50.235 44.799
21 44.376 63.625 27.299 19.746 72.382 66.801 9.082 69.551 78.658 94.270 57.444 60.190 68.785 45.895 60.177 36.281 76.092 83.118 56.133 16.142 48.188
20 86.531 60.521 48.280 23.955 21.381 97.061 23.865 16.123 4.113 23.979 57.289 99.458 73.952 84.826 59.490 95.478 10.142 52.537 30.954 15.807
8 47.073 38.290 21.019 29.991 76.513 63.303 34.446 55.780
4 14.745 45.839 91.958 29.055
5 69.743 43.061 8.835 77.227 55.618
10 53.903 88.326 93.189 84.661 2.752 50.285 96.130 71.242 61.598 23.593
12 83.767 82.583 45.143 5.926 57.343 73.220 36.103 58.471 80.040 24.330 55.904 20.933
32 7.395 50.628 84.331 51.773 37.548 50.675 91.305 87.522 82.595 12.109 23.702 82.358 11.545 87.829 48.717 47.120 50.405 83.182 62.086 75.298 45.410 75.855 24.951 27.829 2.563 67.800 12.064 34.648 43.530 74.870 3.515 53.535
16 18.621 46.263 61.294 89.583 72.154 99.990 71.727 28.326 77.662 94.353 98.752 52.835 36.419 21.471 80.527 11.272
25 80.283 91.893 29.750 44.669 89.888 58.673 97.662 68.971 80.870 57.864 7.096 96.129 73.596 79.131 62.510 38.761 15.409 19.150 86.094 40.039 67.859 33.239 2.231 73.049 74.121
26 53.857 53.205 96.159 75.900 9.553 9.166 42.859 10.037 99.309 24.007 84.049 68.852 36.966 8.855 26.791 83.623 46.868 91.492 33.369 99.449 69.806 13.554 33.714 3.112 56.427 68.217
18 6.096 91.142 41.563 81.074 36.368 90.164 4.496 64.172 56.307 71.962 69.871 34.327 28.882 93.416 55.475 50.237 34.869 64.135
16 71.978 91.976 76.222 62.377 20.994 97.808 50.441 0.121 47.065 27.833 58.330 76.871 67.747 44.809 89.968 78.559
20 2.593 29.494 56.825 99.162 87.627 6.231 27.057 12.575 78.689 31.977 73.585 18.134 0.897 14.726 35.931 79.505 74.667 88.815 22.766 92.715
6 50.106 62.048 90.978 8.177 74.215 99.527
23 83.622 41.852 22.525 26.442 60.302 49.184 78.680 31.472 7.387 42.476 75.010 60.103 66.725 57.758 34.805 88.854 74.078 90.820 92.238 70.197 48.114 2.084 99.492
26 22.087 24.790 38.322 9.299 70.836 36.531 8.999 36.367 13.471 76.506 34.006 92.938 98.101 12.042 76.150 99.856 54.153 86.416 41.125 52.200 27.142 13.772 25.955 82.477 6.312 95.814
9 40.018 48.528 81.946 22.243 80.369 28.971 20.500 46.920 28.521
16 90.662 91.321 83.002 63.414 26.443 25.616 61.710 24.763 56.377 41.189 59.080 20.682 44.483 59.539 26.534 28.022
5 26.607 4.311 59.165 75.454 96.390
14 68.346 53.155 61.597 11.121 66.332 56.343 34.770 23.152 32.995 86.210 67.328 63.605 66.384 34.017
15 44.817 57.280 76.056 30.752 28.207 46.308 52.449 11.574 45.942 48.435 30.666 5.436 65.620 97.102 9.611
20 63.447 80.636 24.199 85.402 26.679 49.613 97.959 57.837 71.776 13.948 86.562 14.120 71.386 45.736 68.428 86.342 75.455 37.808 54.345 47.206
14 78.616 92.555 87.304 76.748 58.701 35.536 11.565 27.212 99.271 95.813 99.417 66.459 9.913 32.796
31 90.495 66.519 42.115 4.332 21.286 20.934 19.747 21.132 29.478 79.930 48.751 86.878 66.145 59.463 29.124 90.874 21.091 29.481 18.011 34.359 8.113 23.647 92.430 40.227 17.238 7.303 17.518 46.908 69.518 6.853 12.694
10 54.458 19.489 22.890 10.605 3.020 78.984 39.300 60.283 85.843 67.521
13 78.304 86.040 0.937 10.651 70.632 76.303 16.187 70.742 22.021 14.087 74.261 63.432 80.206
30 40.490 57.097 13.538 46.396 62.730 53.404 79.415 1.334 87.574 16.003 97.286 3.709 53.205 5.569 74.435 96.767 44.462 58.871 83.889 45.601 18.168 69.608 82.629 42.022 97.539 40.510 87.988 40.718 28.717 16.570
4 72.708 45.329 43.880 85.755
31 70.655 15.180 91.809 22.247 27.379 36.402 68.341 55.939 10.818 25.576 5.424 10.410 31.045 37.101 89.634 57.508 81.416 29.952 3.338 53.996 27.821 56.582 45.525 38.022 20.963 83.750 8.645 97.692 24.350 36.109 22.436
32 38.842 88.870 51.862 5.317 62.746 70.640 27.063 17.574 79.992 9.601 37.041 19.484 94.936 75.182 24.539 7.635 49.493 90.986 86.072 7.812 69.851 81.975 31.937 22.373 42.787 70.491 47.058 74.324 35.347 32.365 3.532 72.300
23 23.763 1.600 82.837 95.198 36.685 26.276 45.202 49.391 66.137 95.068 18.864 39.682 31.885 33.585 71.447 21.791 29.554 14.282 50.125 34.225 51.151 91.550 14.399
14 97.707 11.675 52.370 24.364 39.899 78.008 24.135 88.448 60.297 22.495 83.421 89.556 44.527 12.775
18 86.185 46.956 45.373 70.604 57.174 95.067 25.934 60.787 94.415 54.000 28.720 86.493 83.270 11.886 49.792 54.153 82.332 60.771
26 56.857 21.968 79.893 81.975 27.412 53.619 12.378 51.307 4.802 2.056 72.643 78.047 70.922 69.843 32.027 81.762 39.419 35.213 12.175 68.377 2.414 75.146 6.512 89.317 34.136 48.676
28 65.678 91.199 7.345 3.890 54.186 64.565 76.580 64.540 85.782 18.425 23.116 55.156 13.375 34.870 67.292 83.119 57.113 49.629 4.624 94.821 75.212 67.349 27.122 99.284 61.100 49.325 31.243 42.982
17 8.046 75.977 23.319 81.463 63.908 38.816 54.775 58.782 81.408 16.534 57.610 79.249 28.329 84.379 93.283 6.090 75.510
25 87.172 68.173 98.172 65.398 37.517 35.641 50.618 52.860 79.039 70.599 46.955 97.094 18.940 95.287 59.048 78.132 91.713 53.523 94.469 26.696 56.907 61.194 55.102 71.907 74.243
3 33.188 76.960 1.815
17 11.266 79.983 71.669 74.941 74.757 78.294 6.832 59.037 20.295 72.083 77.424 41.295 12.297 45.352 50.988 34.843 13.127
16 46.655 4.516 68.803 57.063 33.660 10.206 40.864 63.669 60.920 58.437 51.710 30.213 72.404 46.083 66.696 48.832
4 61.198 95.018 16.957 2.848
9 19.500 70.308 0.812 94.068 80.907 86.916 79.426 67.735 42.562
5 16.664 37.695 96.281 2.822 1.195
31 32.977 62.548 21.701 34.947 72.336 56.138 96.137 81.409 9.934 28.764 83.088 98.671 65.998 52.280 53.782 61.061 65.941 1.714 58.874 71.899 95.473 56.075 30.538 67.099 56.560 88.990 27.981 23.413 9.074 93.384 5.625
28 26.236 99.123 93.923 65.234 34.197 81.741 92.140 43.745 21.127 99.045 74.126 39.608 50.173 43.963 26.718 55.014 64.096 22.842 84.289 87.572 37.600 95.223 20.305 82.854 98.437 64.749 71.414 17.902
8 89.347 76.371 44.644 62.035 85.458 41.604 31.392 68.438
23 3.624 86.326 24.279 96.416 90.985 20.913 25.490 13.756 77.595 77.817 43.311 40.037 71.571 8.509 26.370 12.958 83.266 93.291 96.376 41.221 32.767 48.899 92.745
27 41.716 61.682 93.608 64.471 83.375 39.460 62.835 44.216 42.809 52.930 6.618 45.234 19.366 43.434 99.911 90.945 25.927 17.931 31.266 38.371 86.025 50.739 21.262 22.963 24.266 47.443 0.339
5 35.568 85.608 51.381 37.970 19.978
27 6.581 30.210 40.755 70.197 79.615 37.972 17.212 69.135 26.773 39.589 96.777 47.555 11.507 44.455 54.501 28.781 8.029 29.688 35.373 3.417 59.889 24.882 25.784 71.643 10.240 4.810 95.128
25 84.247 10.228 90.746 78.892 76.218 91.985 80.660 23.600 17.190 53.800 79.770 90.227 86.288 86.519 53.610 61.797 10.677 55.722 17.331 45.496 78.766 71.440 70.636 31.388 61.504
19 38.864 53.503 73.479 45.944 88.901 88.435 17.260 5.449 79.208 33.849 44.334 98.159 57.035 78.288 62.243 4.727 85.139 84.049 94.481
4 50.342 16.297 37.065 79.236
30 9.367 70.301 84.832 89.995 9.516 92.692 1.623 17.926 0.573 93.747 3.238 65.939 65.612 30.929 31.122 86.402 97.115 85.952 10.736 47.307 43.119 57.928 20.924 7.044 66.125 53.958 60.274 22.506 40.165 50.551
9 10.119 97.438 88.613 43.972 42.637 47.854 67.684 92.809 90.897
8 3.992 45.188 96.439 5.690 28.305 51.329 89.232 76.336
22 57.910 7.755 11.178 33.225 15.712 25.931 81.018 44.257 59.262 54.217 4.205 62.635 96.588 8.869 83.680 47.474 44.849 75.970 94.878 5.739 78.666 8.307
30 73.157 15.023 15.978 74.328 23.972 98.636 48.597 60.687 72.439 38.553 33.160 65.547 26.192 38.098 47.210 43.130 49.599 30.142 21.708 45.565 14.735 34.623 91.782 15.818 12.030 1.454 8.521 49.082 22.917 62.847
8 83.858 61.276 0.134 96.382 73.271 73.186 89.517 7.822
7 74.707 27.000 40.765 85.303 69.403 57.932 0.929
13 17.161 12.885 93.901 30.146 1.721 33.407 53.911 99.274 11.066 19.648 98.857 82.654 44.368
16 64.713 46.584 46.238 84.915 71.441 25.061 17.721 10.608 0.496 82.530 67.643 5.978 67.943 3.118 4.271 76.454
15 92.158 43.665 89.029 30.840 64.533 95.341 32.284 45.989 26.776 46.852 14.185 19.335 98.735 45.474 43.090
15 24.987 55.848 18.101 55.220 25.151 21.549 16.322 38.923 28.247 50.687 50.989 0.509 46.066 17.811 27.930
12 70.031 88.923 59.993 31.005 49.018 40.786 3.977 40.024 58.041 0.248 30.505 60.997
24 14.610 63.026 40.616 49.015 36.045 59.390 86.180 92.161 16.285 40.146 81.464 70.077 42.109 57.527 96.742 97.668 75.269 50.104 20.456 51.206 93.826 98.248 20.074 40.212
16 33.888 6.717 43.358 95.598 38.778 62.228 23.695 97.541 99.885 69.328 95.063 26.908 85.785 59.116 68.357 66.575
30 80.598 79.631 65.575 83.152 91.192 15.919 25.538 19.994 26.937 5.150 46.468 23.833 11.735 40.049 49.842 81.980 90.626 74.638 29.977 66.006 91.911 70.813 51.508 29.737 94.399 28.378 59.505 45.347 61.614 34.651
26 27.949 39.829 27.302 24.750 94.284 6.844 18.852 52.995 60.935 52.556 74.674 77.016 19.905 91.059 60.721 21.498 25.786 21.539 65.499 77.945 80.263 13.898 94.738 30.605 68.607 98.393
10 28.620 73.281 41.539 83.616 19.042 22.323 49.182 62.872 15.585 20.312
14 53.531 6.198 91.352 13.494 73.910 72.369 20.355 92.313 12.148 12.728 72.554 78.789 25.448 38.196
4 79.972 82.151 56.574 84.376
17 44.820 84.242 45.779 5.299 54.270 66.010 26.470 12.324 13.104 11.769 35.244 83.297 21.380 69.800 35.713 82.360 21.132
12 42.236 95.036 29.716 43.218 25.589 24.795 40.982 38.592 13.984 3.863 32.589 69.927
23 44.675 6.418 87.241 30.224 91.331 24.645 27.427 66.010 96.292 94.683 21.122 33.472 33.646 69.437 12.801 85.398 76.640 14.421 70.689 85.041 49.780 45.747 49.051
31 27.744 66.710 55.674 18.678 67.836 32.723 78.453 41.586 79.477 66.743 2.894 9.568 3.379 20.518 21.180 86.454 42.740 86.129 70.286 10.193 78.183 9.617 45.636 39.064 77.986 6.805 85.778 15.880 63.292 73.183 39.835
8 43.851 39.206 70.083 83.066 4.013 4.511 64.757 52.283
22 29.485 67.414 67.327 42.950 12.164 29.596 57.465 96.593 42.850 47.827 21.261 57.595 89.335 8.790 2.935 56.209 49.877 4.151 47.769 40.807 79.953 87.780
29 82.455 62.863 76.467 91.620 59.465 57.356 29.598 71.769 86.433 10.592 65.704 25.008 24.522 81.130 31.024 1.992 18.170 31.383 49.465 43.488 38.384 66.594 90.311 97.918 39.710 95.442 10.102 55.184 27.472
4 66.771 53.044 99.811 93.177
3 73.482 29.376 8.670
4 47.693 81.858 50.142 45.972
13 97.986 17.080 87.425 33.819 61.088 20.503 85.566 48.174 71.754 2.834 93.430 19.021 27.523
17 1.590 92.587 9.019 24.178 46.761 12.581 54.877 50.163 58.537 85.592 73.803 95.641 34.530 48.975 80.136 69.146 19.135
32 81.872 83.886 1.811 71.953 0.869 50.518 72.019 22.614 38.138 46.755 50.881 0.891 99.889 89.789 68.332 12.200 75.586 35.981 5.030 14.760 1.889 33.920 64.940 49.776 81.432 22.449 95.329 60.038 17.573 44.739 54.537 76.281
12 25.821 90.869 18.493 66.413 56.938 82.033 7.380 3.668 15.488 0.461 76.588 17.944
7 62.987 46.964 46.959 90.505 16.284 73.262 41.814
25 47.169 25.419 8.496 91.292 38.483 76.953 72.955 66.191 57.422 28.197 53.699 25.192 5.824 27.748 49.271 5.393 53.699 13.880 87.527 64.710 14.895 42.873 69.198 37.804 50.791
10 72.220 80.510 64.031 45.216 76.620 25.523 20.869 67.426 43.602 53.029
24 90.729 40.812 38.272 84.263 19.985 5.639 53.215 39.635 56.923 99.701 38.318 3.257 8.341 83.820 68.348 39.518 28.161 36.305 57.962 53.783 0.869 45.626 17.663 53.181
15 6.812 47.891 89.699 77.869 4.097 17.944 21.443 14.453 30.261 63.457 2.687 30.930 27.356 39.501 58.664
25 60.608 75.785 11.086 39.660 33.095 60.214 73.012 24.415 29.043 48.424 29.279 65.880 56.764 67.747 28.198 40.625 63.608 69.915 82.503 6.902 35.285 74.915 39.568 11.832 81.146
3 48.851 50.774 68.223
8 95.002 60.299 59.566 15.669 97.966 1.807 95.624 12.328
14 22.903 38.112 18.640 75.753 66.702 8.020 55.708 23.060 62.072 33.784 77.019 65.287 96.556 79.376
19 34.440 8.953 93.273 83.377 52.132 81.832 53.651 61.057 58.094 9.590 36.003 43.980 54.166 96.624 68.399 49.043 97.254 26.748 16.908
29 53.759 55.876 26.241 48.544 94.363 96.488 34.112 65.174 70.960 36.157 34.834 47.255 11.074 7.815 10.552 94.490 56.521 26.696 56.892 25.102 27.716 40.076 42.200 28.900 77.429 41.243 56.600 18.303 5.791
15 51.337 11.452 31.100 69.056 2.243 71.174 74.776 59.686 22.728 83.383 43.746 43.192 92.907 22.243 39.370
4 26.711 94.867 66.444 27.235
30 54.487 59.221 88.903 70.966 67.412 74.038 11.327 27.130 86.468 12.416 16.916 41.327 42.965 15.035 1.869 95.890 4.530 5.241 33.365 57.276 81.040 72.126 1.588 92.267 60.216 74.332 97.669 23.914 57.116 67.683
32 79.532 79.635 44.342 5.559 18.758 66.418 40.349 56.246 21.948 30.326 4.679 80.788 54.634 93.673 67.729 39.976 78.155 49.816 31.219 49.309 12.855 44.209 8.895 46.495 66.774 57.598 9.664 46.073 56.374 40.798 43.352 90.991
15 47.152 19.801 62.327 29.770 48.576 22.336 15.569 39.690 56.609 81.225 43.723 94.949 54.887 91.025 59.076
29 7.807 38.134 14.985 96.588 3.179 31.385 9.171 79.729 97.686 31.924 70.093 49.393 23.450 87.193 95.639 63.791 82.133 75.639 35.042 63.888 88.194 56.245 89.959 39.579 72.234 66.180 85.013 93.163 36.635
4 18.711 75.846 55.338 40.448
22 34.712 97.790 91.703 1.534 3.421 47.459 82.356 42.950 19.999 51.477 92.189 56.340 7.577 2.938 48.320 53.326 9.660 41.318 3.483 31.704 6.285 46.420
8 62.593 64.369 16.206 74.150 23.590 72.837 59.541 1.754
29 40.829 93.182 46.542 74.064 29.586 89.781 15.112 47.784 52.430 15.252 50.729 22.632 58.473 94.075 58.605 45.414 87.574 28.516 33.563 59.883 8.235 17.906 21.103 93.657 65.411 64.738 69.632 9.920 59.223
19 3.498 56.798 63.554 50.048 38.212 10.393 30.063 57.033 72.854 22.935 62.276 0.425 50.675 82.565 13.341 37.559 80.798 26.853 36.093
24 95.416 48.637 28.193 33.626 43.870 42.688 83.226 64.145 15.835 62.816 38.401 61.163 98.161 67.512 14.758 10.317 84.175 67.756 89.751 72.901 63.298 23.569 50.570 61.801
24 96.221 1.310 79.306 74.278 62.355 44.580 25.477 25.305 36.124 95.209 95.227 65.803 20.972 29.158 49.339 23.396 93.002 66.300 8.235 37.261 84.305 95.821 40.705 28.981
5 38.766 69.541 30.553 12.514 84.717
21 62.774 87.875 20.651 8.747 49.452 82.618 65.499 28.401 25.542 49.559 50.006 34.496 45.765 86.732 91.879 87.497 43.049 63.547 37.131 78.606 18.664
10 40.353 99.384 46.270 62.067 16.909 49.628 96.315 71.117 39.189 54.683
31 39.388 21.007 31.224 43.195 98.579 94.462 3.569 70.850 58.709 13.572 22.178 43.973 31.588 63.321 62.249 56.566 95.086 28.440 82.882 3.495 8.930 66.426 55.309 5.587 50.282 25.764 78.703 68.620 32.114 50.050 24.420
21 48.369 46.537 27.381 24.936 79.278 68.149 63.054 68.010 79.229 35.519 81.763 27.069 38.223 83.015 34.123 5.052 52.694 85.364 40.125 41.418 3.475
23 93.575 10.468 10.263 39.765 71.552 98.608 93.414 2.831 28.185 72.352 44.528 64.445 24.275 80.847 94.710 93.549 77.713 54.610 57.469 11.488 75.596 71.935 90.744
10 97.131 16.614 46.635 87.974 67.863 25.060 51.069 56.099 51.052 51.456
30 61.854 53.684 9.126 62.624 58.388 37.859 90.592 47.330 89.218 67.846 48.965 17.816 48.077 30.488 55.952 80.401 11.362 30.198 57.338 55.851 38.013 99.937 39.934 6.019 93.760 24.700 81.728 67.338 1.211 37.578
11 27.701 18.788 77.260 29.895 74.337 62.530 42.701 31.119 47.133 61.186 0.567
15 17.442 90.952 55.108 39.389 64.473 52.935 4.642 72.178 49.806 51.383 9.678 41.823 59.027 14.443 12.752
7 6.084 76.081 45.867 86.740 54.331 76.706 0.759
24 7.219 39.429 45.527 72.405 84.809 63.059 65.281 88.372 63.189 34.486 30.554 62.342 42.989 20.951 93.608 68.852 10.984 9.086 77.412 97.930 54.821 36.362 57.395 76.231
30 28.987 30.882 24.089 77.178 6.228 93.230 12.730 90.750 3.949 43.274 37.965 58.933 83.642 35.305 3.136 13.194 1.992 51.277 8.459 66.981 79.953 13.115 75.182 52.172 22.506 70.301 0.967 24.261 92.247 61.939
