100 2.9 2.9 2.9 2.9 2.9 2.9 2.9 2.9 2.9 2.9 2.9 2.9 2.9 2.9 2.9 2.9 2.9 2.9 2.9 2.9 2.9 2.9 2.9 2.9 2.9 2.9 2.9 2.9 2.9 2.9 2.9 2.9 2.9 2.9 2.9 2.9 2.9 2.9 2.9 2.9 2.9 2.9 2.9 2.9 2.9 2.9 2.9 2.9 2.9 2.9 2.9 2.9 2.9 2.9 2.9 2.9 2.9 2.9 2.9 2.9 2.9 2.9 2.9 2.9 2.9 2.9 2.9 2.9 2.9 2.9 2.9 2.9 2.9 2.9 2.9 2.9 2.9 2.9 2.9 2.9 2.9 2.9 2.9 2.9 2.9 2.9 2.9 2.9 2.9 2.9 2.9 2.9 2.9 2.9 2.9 2.9 2.9 2.9 2.9 2.9
10 2.6 3.8 1.1 1.2 .3 .5 .6 .4 .9 .9
1 1.1
2 .1 .2
3 .1 .1 .1
4 .2 .3 .3 .2
6 .1 .1 .1 .2 .2 .3
5 .9 .9 .9 .9 1.0
3 1.0 1.0 1.0
12 5.5 .6 .6 .7 .8 .9 .0 .0 .1 .2 .2 .2
11 .0 .1 .2 .3 .4 .5 .6 .7 .8 .9 .1
0
