94464463605079729968578
51162487
43411991498662578648432848009
9625734651757584282667985597
8576723391800395
972850769210180856809192
4242909629
7613
2
523099810104236775973168
8995349780790822
96
2542418
36348401819818848081848304
67626273015496580
7630478074210708
308139890540
283689379212331534
14783
353560643352843177628254608
931094874419983027116735
219105236441
8595703008919
63343444698053665
1633785787183238884
21313969749304873451181
6468303
2616788527044927590
124980932416134034774818955
37259
208832258
356593
53532308182990510553821
881905358813313716636347
209134546443713826360078804253
3528
1552095929
1733930723268796334292944813
6390621139563
8022379771635660993811
9361
5620764045036663524
5964197
2041783
388958227074230856266143405
2894875487857791119674
4587184292353107977664705
1357713704849964515
965541
33717374209006047921649
65722043637366796716332
74318233007221784411210
7365687030135485659
18935347468414973698
8137206717606979545
5949
12602733017
274636245490924183197019
15984271
94770311535943554456
533237609555348869395438103
414047496195863301180697146
3103263830703
3360783074761019482
56366965
8585112064923565850607
604392804619743909
2361846838725880910
46566195386634740623626
2431745422083167245585
734296018661429851955212477054
9758730036672961672144
912810
660
1
7879458964023468036174477959
266957625599
4539332152811707610402978355
3461776228748
85
61
675784
99446829
76916974
91192669157
807645685
333192152663702415983201
58733036577
829405109714710123
110473858536
37984205020950073366633919
52751741182704999119
472306237311182844138052953
74832382126869978372987
83128756
923808134995
856787775808105897532
907867949997695
6049872651514779048839459
455914164236819
7323
392
82701348960378
53596622975415640842
58
842422315134756942369
410831633687029655989847789060
414
955014086282753662
292
7956090957778179
8929457299511252814714401412
5131545117204337887926
825
763087392965058091582371836681
69349098384809820089238534302
96533464415095988
263
919555771769215
9290216414632973080
775763894
607120484540881721549127
6089531712918053473
827171305286265906630848
6348878061004056111
4017948788
741141977377795606
85133283983607012131
788573301
8965283704086
57492588586
2944463027074
5
297773718723587892
10654382085797676167139
47389704082440848
683179236388987466481693033
735430509957435513991502195440
4409
7401358916441542165452813349
26598846739593647875340641
67
528337195044537187052
553684
64923
4265960325233
216323681141
342004675590753206
34369961214
184
3188639724
570
659641373647522
954319201946652624385880428
82
5742037356734270615585591792
223087016384138511448936
4733286
66438592645942276
772238181577105753555112255533
5385666794485635460941063
50096324
327711398
336
7556730492789225128801
83
4753808577192031023406
668174491265283873167328543
505486860271456932915092312887
99418294
23400295486188311711506
2949801137150214096071111
76482
37277513348379
19708139282042492311
82609658849749
3377319933977290938124822521
99468311434722643866
79383735127285239372964350638
184967813932339568050016
97047585973854
39
625883
94072479617394268242412916697
226018690409725183448
229788870
481389204591753709207
6863870872606500545754402496
5399227958874951969316062308
753154391461366
77178614876197652167729
152918337426232121418
825
4271358572507459
6350587789505
1993272944443
52
27833802629792
73510926593804037841
73795684075446
30589869273077309
10650260724588636515562881731
50175123195654419283739139222
855253
5676
638
691521032647862128593169843183
133176419058040480973
5
298194
57
24357475
81529
283458248662741638
7788238500676
501048904308783
94215743266932564768571931
6145219566
99558073830525436965
8261368927
34617575972
5983
21853696277777035203184027515
232285873172
2
677202506643
40
55623
238302364453875471046328
7364806302535171922
28600085265412094
7600982811039915135
299430852247
27041162114359687896
728272739808060144
280306
4433
454156087005397
74112
828014358222
588670
53720161413153377628040741700
85368396757263592474290594866
77405454029048519769300579058
347042608
70810329200531102
6032
541501
6847962355482715938544915
92366242958386
44315830984307030298114329457
446973903810317569857
936820622260
8326
879486248007381995
77695721047974844768580
5952814583460
6226402
761
1609110658925
79655599139385197987810896890
55452923137087
9850839
3913803310
4298603513294246197
473
9
706482
627072306260931004779845471076
8088803088
67229287
6585956954125
15265244136629493443
7187628899
2190
6678330482746244321961060
542489177419011970114557
8862894439422218518829520
974548302407858382790220259799
77333393655351301
4251553063159942
86634187892909854201729036
83402285814795906811433
7561033569784542800851030166
9474287732540407056256786
7897
93157
3545017616862030027347
1136394431101
185684899991828
998083
98251365262856966059
7755935774179804478
39080640350257
5253996804860755765563186608
289934142978039706662125
3432269261522053735245311
8562986419121939371830
82857999665973526651066
24
2922960742630
791575250556186
3664081257432792609561188850
1771621453120667585771314292
494997538103225004582275809221
137424974279617613315600
698531880306492961570404711
221431
84064580172036828222
4477803323
33830931682262444975432
757672055187048622884528
862606953845802909949862648
7990
9770835672596607
764302998807151023878572288
45674006597307014439916885204
1485148313586568824114
543563974682922
3504
62374886446871
334994106532258
229969
434031496756899885427905226107
30
75834720
3121
37196340524697314264
81826161250191925
5
368319935590902510
7696505
777735686590351341
1480961733501201857624849374
12052070363715865941
2550145814157979693
50870
3286223734404576045953887
1591145927455
8996664629
345837998205727465
262648506713
70699708
7384242769688293352410
781371183660802864672
47119829069196424702903481848
76988862080191853235526
14361288896
95303515710265830438067305317
1
46922091
930
539968245572181118
27200414664
475955
2298
888306586906330916513230761
207905402908926278494929379062
8485561583884066842903
861067292709
139
8960028
7
96
6715792197816279455317536
1789336485436507869585059334
9298283
48414971949766518301879918
28294255664959825608
317386414342758
138880398865041559855
2271668581091
179955450
377054418
2593286279166051828028
3025464701753535438091739119
5842
377649937280
15845140051113958277
9334708708268839231062
8380
5795020920758938787
104
471871870733252659160640444760
77816296
8970627330167861221828118
523
926622
8
1092970212304335264
705364694770984864176690035
40022
2802961
717313822412717258452638752
545172687439143850220793553
869
4479647382416893027317662
8470996604009123293444
97715556896887658
5
38053187845234381870730807589
613
6808503226
377547578377886269559588083
5128004491396366158766581
24518841753394456084619688
8660426704133688854316354
61455
832950687732641495902
4682929744073
896879133292904320024146890
347933824978362267609823991002
960915769639
6446329201712932142962
698
622146529713951372605326
60389683899751845460
99979424240270138638503919
85626
467701
9311456430
80703768422375142173637
546376688304262787282347422279
232130710324509
966981378502416
9
7
81114552646
556369067093274988
21218090858705334430
39707317127461
624
2339062
28764
9656729
54538453068468205582
507066705821672
152138731788822032390
15949511768
4386615713
164895897503674962761067993828
8448398586
8478430392671586315211807804
5101887200346363348
3365182186077008072095580
947281566668876845043035
835230678881369137925
309269530967228818891380439654
747526
383
856658659787732
77260835129903380
78223312307568386370102
345258616869293502082
499812
94790148886867251775068559650
85324531531147864164780757622
673797240901048125489361020
5468396290892814415
905734068246636922
6523
563779461156784509394088442167
1
47251085642690
9356364
4
2852888633931417778
6821489189
99538514863290377356
402202303323071517492892161619
82822055589806169029508936
3925943195663751715537
7272218537786447516145684950
4965789064361
679221057517132175342241
657
6216250556
2922245018450064333248402
27783785122925981299
13259011423392692
2461911743641195687991124
912054736669
2425
7611480323766678
43391960574941204
257970
8743739089385354948
907362279255120959958553
9706734709351264815
369
4413
83063768339
4661
616
79624476775191487323474237461
54429878647158527471938
7331944500010717
4019
98429577
5063229929962699201399
85280971197619614702991031262
9108
99
728189362
551762896250734715724144523818
9384924806535872140383728186
4513382822019367218713762
6323809134172
73988771870107829
3187
1162
148
37405
95
870054202581962787145
45462517
268613837440523200567344728
782743486415075
700125
60469756038071679016382084097
478458304334538127436720704
516104564
3034517521265057039
5081117872854419
4472967114263915
87007746
40607744952876214706498100
247439336292
55163577473884
4438104419971
34767512296
150878508623232126332320834121
2825730716140
13877192310763198
92645837763724101033294282891
9088466
2378395416
3166804085265473132087880
7612083841
349588325838068846852564769803
77885617393309105000
696
773602
9264194499818913113
74160998936955
5613501882934399
610301114029788
111249261626520032453767
388964095436729545087019662651
8067827894351576228000219047
243720840834117983
2314556482159819017737
505
959284620304128
7603610559
293119239
737543661509536953
912673766055282747531350018
727350923881056460308951213222
46151
547440527907327488892036
42095359206370060
927527311669203419080288778948
63
15789145297
7055970
277693500005794828659315680550
701014715930626
2512663123490644
9672309
1108873505170
8391357942536045
27775
70573
88727
15799274878
581158580073674
234982994642548
51
590
4
5596138479518
56004785100310532
83116156127195017487129151
64884197012647
462599
275268972232
7
2655139816634735
20189183
45850018741824408883675695
4309977489766296641741777646
13954943881879691367651748
321636
82846749
3931287944048099427704833290
899920130294433442
7
49582803071963496999
532806225
849289312221
8704695540932755299802
779194501405112863915662972
8489170217
82505733584630
3120114907839004520577022
504740880
862251761838
83226464368000012430675
3425707249
4606967187192722400354603
5529145134925798738
821676258748287354600527237175
19419154120941
2827842216590243747
78590721350
14939352201258524257308
426178
9375410
530780424
9318368
693356831462315505547127447
855749127178632169684324441008
2570981355
635841721253810130143
845971441077810532907717860
4372954960
501602788170872870891366
10270573635103
13
905096009375
650886734087328672099287297
1248058035398171579
52114289157103100023755
6486108522684677
4048168184159833796901149
4699239830
244651754046838
221629531029425881452
395573955597336060301729
901854
49734600319967147441
608129295156
316232521
72
49100001
6054
51492586002235273366398502929
7077014875017591
14109094236441758459859
30329643176077
503664315786735328
292155818805720386803580547
15637042645627329377169530584
7222795131609072265036853
4001585713664192185827
39957
99911
59832110729039711650678
396327
8734146228344317
859529330962921856924144508
1
4037858
9827311696210824396399
32
-1
