100 101
817720 892275
399544 927824
125627 617410
469798 752635
290371 780678
539537 587630
207475 697540
725781 836178
271989 597480
289594 778899
757627 876899
637402 756161
940604 966760
100 999999
376921 681412
99641 834079
208621 718416
654692 690549
656940 913607
66511 97465
385535 863406
606265 712546
67418 764461
878006 920365
363537 762043
903329 924777
314538 369746
916879 971378
62432 521613
407932 946256
623092 951438
740982 965536
109953 451733
145194 506630
138507 367112
171719 900450
571993 634698
798124 985396
861028 892501
28248 856984
843940 988717
435949 924787
461989 637951
496780 783728
259267 850189
440423 537333
461002 933862
560571 883823
651931 776325
981631 986451
521960 673701
999998 999999
373 604773
373 936713
311 655815
-1
