Case #1: 34
1 3 4 6 7 11 13 15 18 21 23 26 28 29 31 34 35 36 40 43 45 46 48 50 51 53 54 57 60 62 65 66 67 70
Case #2: 32
1 2 3 4 5 7 8 11 16 17 19 22 23 28 29 33 36 37 39 42 44 45 48 49 50 52 54 55 57 59 60 63
Case #3: 27
1 2 3 5 7 8 9 11 13 14 15 19 21 24 26 27 32 34 37 40 41 42 43 46 48 50 51
Case #4: 14
1 2 4 5 6 7 8 10 12 14 15 17 18 20
Case #5: 13
1 2 3 6 8 9 11 13 15 17 19 21 23
Case #6: 20
1 2 4 8 11 13 14 16 17 19 21 23 25 28 29 32 34 35 37 40
Case #7: 12
1 2 3 4 5 6 8 9 11 12 13 14
Case #8: 30
1 2 5 9 10 11 14 16 18 20 22 25 26 29 31 33 36 38 40 43 44 47 49 50 52 55 57 60 61 63
Case #9: 41
1 2 3 4 5 6 8 9 11 12 13 19 26 30 32 36 38 42 43 46 48 49 53 54 57 60 61 63 64 66 68 70 72 73 75 76 78 80 83 86 88
Case #10: 54
1 2 3 4 7 8 9 15 16 17 18 19 20 22 25 26 27 32 33 36 37 39 40 41 44 45 46 48 49 50 52 55 58 60 62 65 66 69 72 73 74 76 77 79 84 85 86 89 90 91 93 95 96 97
Case #11: 1
1
Case #12: 51
1 2 3 4 5 6 7 8 9 10 12 13 14 15 17 19 20 22 23 26 27 28 29 33 34 42 43 44 46 49 51 52 54 57 58 59 62 63 64 65 67 68 69 70 74 79 82 83 84 87 89
Case #13: 18
1 2 4 7 9 10 13 14 16 17 19 21 23 25 27 30 32 34
Case #14: 46
1 2 3 5 6 9 10 14 16 17 23 24 28 30 31 32 36 38 41 43 47 50 52 53 56 57 58 61 63 64 66 68 70 72 74 76 77 78 80 81 82 84 87 89 92 93
Case #15: 5
1 3 5 8 9
Case #16: 3
1 3 4
Case #17: 23
1 2 3 4 5 6 7 8 9 10 11 12 13 14 15 16 17 18 19 20 21 22 23
Case #18: 31
1 2 3 4 5 6 9 10 11 13 14 16 17 18 22 23 27 32 34 35 42 43 44 47 48 53 55 58 60 63 64
Case #19: 5
1 2 3 4 5
Case #20: 15
1 3 5 8 9 11 13 15 17 19 21 23 25 27 29
Case #21: 39
1 2 3 4 5 6 8 9 11 12 13 14 15 16 17 18 20 22 24 27 29 34 35 36 37 46 48 49 50 53 56 59 61 64 66 70 71 72 73
Case #22: 5
1 3 6 7 8
Case #23: 16
1 2 4 8 10 11 13 17 18 20 21 23 25 27 28 30
Case #24: 2
1 2
Case #25: 12
1 4 6 7 9 11 14 18 20 22 25 26
Case #26: 24
1 3 6 7 9 11 13 14 16 18 20 22 24 27 30 32 34 35 37 39 41 43 44 46
Case #27: 12
1 2 4 7 8 9 11 15 18 19 22 24
Case #28: 22
1 2 4 8 10 11 13 14 16 19 21 22 25 26 27 31 32 34 37 40 42 44
Case #29: 32
1 3 4 6 7 8 12 14 16 19 21 24 25 27 29 31 33 35 37 40 42 43 45 46 48 51 53 55 56 60 61 64
Case #30: 6
1 3 5 7 9 11
Case #31: 86
1 2 3 4 5 6 7 8 9 10 11 12 13 14 15 17 18 19 20 21 22 23 24 25 26 27 28 29 30 31 32 33 34 35 36 37 38 39 40 41 42 43 44 45 46 47 48 49 50 51 52 53 54 55 56 57 58 59 60 61 62 63 64 65 66 67 68 69 70 71 72 73 74 75 78 79 80 81 82 83 84 85 86 87 88 89
Case #32: 43
1 2 3 4 5 9 10 12 13 17 20 22 23 24 26 30 32 34 35 36 39 41 43 45 46 49 50 53 55 57 60 62 65 68 69 72 73 75 76 78 81 84 85
Case #33: 17
1 4 6 8 10 12 14 16 18 20 22 24 26 28 30 33 34
Case #34: 8
1 2 3 4 8 9 10 17
Case #35: 32
1 2 3 4 5 6 8 10 11 12 14 15 17 23 25 27 28 32 33 34 40 41 42 44 45 48 50 51 52 53 55 56
Case #36: 8
1 3 5 7 10 12 13 15
Case #37: 21
1 3 6 7 10 12 13 17 19 20 21 24 26 29 30 33 35 37 38 40 42
Case #38: 43
1 2 3 5 6 7 10 11 12 14 19 22 23 24 26 30 32 33 35 36 39 41 42 43 45 47 51 52 53 55 56 57 62 64 66 68 69 71 73 75 77 79 81
Case #39: 48
1 2 4 6 7 9 14 16 19 20 22 25 28 31 32 34 35 38 39 40 42 43 45 47 49 51 54 56 57 58 60 61 63 66 69 70 71 74 75 76 79 80 81 82 83 87 89 90
Case #40: 51
1 2 3 4 5 6 7 10 13 14 15 16 17 18 19 21 22 24 25 26 29 35 38 39 41 42 43 44 46 47 51 57 59 62 64 66 67 69 71 72 73 75 78 81 82 83 84 91 92 96 98
Case #41: 3
1 2 4
Case #42: 17
1 2 3 4 5 6 7 8 9 10 14 17 18 21 22 23 26
Case #43: 9
1 2 3 4 6 10 13 15 16
Case #44: 3
1 2 5
Case #45: 10
1 3 5 7 9 11 13 15 17 20
Case #46: 10
1 2 5 7 9 11 14 16 18 20
Case #47: 24
1 2 4 5 6 7 10 14 17 18 21 23 25 29 31 33 36 37 39 40 42 45 46 48
Case #48: 41
1 2 3 4 5 6 7 9 10 11 12 13 15 16 18 19 20 21 22 23 24 29 30 37 41 42 47 48 50 52 55 56 57 59 61 63 64 66 69 72 74
Case #49: 54
1 2 3 4 5 7 8 9 10 11 12 13 14 15 18 20 21 23 24 25 26 28 29 30 31 34 36 37 38 44 45 46 47 52 54 55 59 60 62 63 65 68 69 71 74 75 77 79 82 84 89 95 97 98
Case #50: 49
1 2 3 4 5 6 7 8 9 10 11 12 13 15 16 17 18 19 20 21 23 24 25 26 27 29 30 31 33 34 37 38 39 40 41 42 43 45 48 49 50 51 53 54 55 56 57 60 65
Case #51: 26
1 2 3 4 6 7 8 9 12 15 18 19 24 28 29 30 34 36 37 40 42 45 46 47 49 50
Case #52: 50
1 2 3 4 5 8 9 11 13 14 18 21 22 30 31 32 34 36 37 38 39 40 41 42 44 45 46 47 52 54 56 57 59 61 63 64 67 69 70 72 73 74 77 79 80 82 85 87 89 90
Case #53: 9
1 2 4 7 10 12 13 14 16
Case #54: 47
1 2 3 4 5 7 8 9 10 11 12 14 18 19 21 22 25 30 34 35 36 39 42 44 45 49 50 52 54 56 59 60 61 65 66 70 71 75 76 77 78 80 84 85 86 88 90
Case #55: 48
1 2 3 4 5 6 8 9 10 11 13 14 16 17 18 19 21 22 23 24 25 26 27 34 35 39 46 54 55 58 60 62 63 64 66 67 68 70 71 73 77 79 82 84 85 86 89 92
Case #56: 19
1 4 5 8 10 11 13 15 17 18 20 22 24 26 28 31 33 34 37
Case #57: 24
1 2 3 4 6 10 12 16 17 18 20 22 23 24 26 28 31 33 35 38 40 42 45 46
Case #58: 16
1 3 5 7 9 11 12 16 18 20 23 24 26 28 30 32
Case #59: 50
1 2 3 4 5 6 7 8 9 10 11 15 16 17 19 22 24 26 27 28 32 38 39 40 43 44 45 46 48 49 51 52 53 55 56 59 65 66 69 74 76 78 84 85 86 87 89 91 93 94
Case #60: 16
1 2 3 7 9 10 12 14 17 19 21 23 25 27 29 31
Case #61: 31
1 2 4 5 6 8 9 15 16 17 20 21 23 24 28 30 34 36 37 38 39 44 46 47 50 51 52 54 56 59 61
Case #62: 45
1 2 4 5 6 7 8 9 10 11 12 15 16 19 20 21 23 24 26 27 28 29 30 32 33 34 37 38 39 42 48 55 57 58 59 64 66 67 68 71 72 74 75 77 81
Case #63: 52
1 2 3 4 5 7 8 9 10 11 14 15 16 18 19 20 22 23 25 26 28 31 32 34 37 39 40 41 47 48 50 52 53 57 58 59 63 65 66 67 68 73 75 76 79 81 85 86 88 91 94 99
Case #64: 21
1 2 5 6 9 11 13 14 17 20 21 22 24 25 27 29 32 33 35 37 40
Case #65: 33
1 2 3 4 8 9 13 17 21 22 23 26 28 32 33 35 36 39 40 42 43 44 45 47 49 52 53 57 60 62 63 66 68
Case #66: 28
1 2 3 4 7 10 12 14 15 17 21 22 26 28 29 32 33 36 37 40 41 43 45 46 49 51 53 55
Case #67: 13
1 3 5 7 9 11 13 15 17 19 21 23 25
Case #68: 38
1 2 3 4 6 8 9 10 15 19 20 22 23 27 29 30 33 40 41 43 45 48 50 53 54 56 57 60 61 64 65 67 69 71 74 75 76 78
Case #69: 43
1 2 3 4 5 6 7 8 9 10 14 15 21 22 23 24 26 27 28 30 34 36 37 43 45 47 50 52 55 59 62 64 66 70 71 74 76 77 80 82 84 87 89
Case #70: 2
1 3
Case #71: 21
1 2 5 7 8 9 11 16 17 19 20 22 24 25 26 28 30 33 35 37 39
Case #72: 18
1 3 4 6 8 12 13 15 17 19 20 21 23 24 27 28 29 31
Case #73: 27
1 2 3 5 7 8 10 11 15 18 19 20 21 23 26 27 28 30 31 35 36 38 39 42 43 46 47
Case #74: 23
1 2 4 8 12 14 16 18 19 21 23 25 27 28 30 31 33 36 38 41 43 44 46
Case #75: 15
1 3 5 7 9 11 13 15 17 20 22 24 26 28 30
Case #76: 32
1 2 3 5 6 12 15 16 17 19 20 23 25 28 29 31 33 35 37 39 42 43 44 47 48 49 51 52 54 56 57 58
Case #77: 46
1 2 3 4 6 7 8 10 11 12 15 17 19 21 23 26 27 30 34 35 36 41 43 45 46 47 51 52 54 55 57 61 62 64 66 68 71 74 76 77 80 83 84 87 89 90
Case #78: 40
1 2 3 4 5 8 9 10 11 12 16 19 20 23 24 27 28 30 33 35 37 38 42 44 46 47 48 51 54 55 58 60 62 65 68 70 72 74 77 78
Case #79: 44
1 2 3 4 6 8 9 15 19 21 22 23 26 27 28 31 32 33 34 36 37 39 40 41 45 46 48 51 52 55 56 57 59 61 64 65 66 68 69 72 73 76 77 79
Case #80: 42
1 2 3 4 5 6 7 8 9 10 11 12 13 14 15 16 18 20 21 22 23 25 26 27 30 31 34 36 37 39 41 42 45 46 58 60 64 66 68 73 74 76
Case #81: 9
1 2 5 6 9 11 13 15 17
Case #82: 46
1 2 3 4 5 6 7 8 9 10 12 14 17 18 20 21 23 26 28 30 32 36 39 41 44 46 49 51 55 57 59 60 62 66 67 68 71 72 75 77 80 81 83 85 86 88
Case #83: 2
1 2
Case #84: 3
1 2 3
Case #85: 9
1 2 5 7 9 11 13 15 17
Case #86: 50
1 2 3 4 8 9 10 11 16 18 21 23 24 25 27 29 31 33 35 37 40 42 45 46 47 49 51 52 54 56 57 59 61 63 64 67 69 71 73 75 77 78 80 83 86 88 89 92 93 94
Case #87: 41
1 2 3 4 5 6 7 9 10 11 12 13 14 15 17 18 20 22 24 25 26 28 31 32 33 34 36 39 40 44 55 57 59 60 64 73 79 80 81 85 89
Case #88: 47
1 2 3 4 5 6 8 9 10 11 12 14 15 16 17 18 19 20 21 22 23 24 25 26 27 28 31 32 33 36 37 39 41 42 44 45 47 48 50 52 53 54 63 64 65 68 69
Case #89: 45
1 2 3 4 5 6 7 8 9 10 11 12 13 16 18 19 21 23 27 31 32 33 36 39 43 45 46 48 50 54 58 60 62 64 67 68 71 72 74 77 80 82 83 86 88
Case #90: 35
1 2 5 10 11 14 15 16 17 18 19 21 24 27 31 32 33 36 37 39 41 43 44 46 47 49 52 53 55 56 58 60 61 62 64
Case #91: 12
1 3 6 7 10 11 14 15 17 19 21 23
Case #92: 9
1 3 5 6 8 10 12 14 17
Case #93: 2
1 2
Case #94: 30
1 2 5 6 8 10 12 20 21 26 27 29 31 32 33 34 36 37 38 40 41 45 47 48 52 53 55 57 59 60
Case #95: 35
1 2 5 6 7 8 11 12 15 19 20 21 26 28 30 31 32 34 35 38 40 42 44 45 48 49 51 53 56 57 60 62 64 66 68
Case #96: 30
1 2 3 4 6 7 8 11 13 15 17 18 19 21 22 24 26 27 30 31 32 36 37 38 40 41 42 44 45 46
Case #97: 1
1
Case #98: 37
1 2 3 4 5 6 8 9 10 11 13 14 17 18 28 31 32 34 35 36 37 42 43 48 50 54 56 61 63 65 67 69 72 73 75 76 77
Case #99: 14
1 3 4 6 9 13 14 15 17 20 21 23 26 29
Case #100: 19
1 3 4 5 7 13 14 15 16 18 19 20 21 23 30 32 33 36 37
