1 4
1 5
1 6
2 5
3 7
3 9
7 15
8 14
12 22
16 27
80 107
95 127
112 142
128 162
140 180
158 205
1593 1669
15919 14844
159139 133926
5287 5187
5287 5187
5303 5204
5307 5205
5307 5206
5307 5206
5309 5208
5309 5207
5309 5207
5309 5208
15909 14841
15910 14841
15910 14842
15910 14842
15910 14842
15912 14842
15912 14842
15912 14842
15912 14843
15912 14843
15912 14841
15916 14841
15919 14844
15919 14844
15919 14844
15919 14844
159137 133923
159137 133924
159137 133925
159137 133926
159137 133924
159137 133925
159139 133925
159139 133926
159139 133926
