: : : : : 1 :
5 1 8 5 2 7 5
=============
1 2 3 4 5 6 7

cargo weight: 34
unused weight: 29
unloaded weight: 0

5 5 5 7 1 : : 9
===============
1 2 3 4 5 6 7 8

cargo weight: 32
unused weight: 74
unloaded weight: 40

1
=
1

cargo weight: 1
unused weight: 0
unloaded weight: 0

2 8 : 4 6 8
===========
1 2 3 4 5 6

cargo weight: 28
unused weight: 37
unloaded weight: 9

: : : 1 8 2 2
3 9 8 6 1 6 6
=============
1 2 3 4 5 6 7

cargo weight: 52
unused weight: 15
unloaded weight: 3

5 : 6 6 7 5
===========
1 2 3 4 5 6

cargo weight: 29
unused weight: 29
unloaded weight: 17

5 3 6 : 4 : 6
=============
1 2 3 4 5 6 7

cargo weight: 24
unused weight: 33
unloaded weight: 31

3 8 8 8 3 : 6 4
===============
1 2 3 4 5 6 7 8

cargo weight: 40
unused weight: 52
unloaded weight: 23

6 1 8
5 2 6
=====
1 2 3

cargo weight: 28
unused weight: 7
unloaded weight: 0

1
3
3
=
1

cargo weight: 7
unused weight: 6
unloaded weight: 0

1 4
3 1
4 3
2 4
===
1 2

cargo weight: 22
unused weight: 6
unloaded weight: 0

9 2 7 : 3 4 : 3 7
=================
1 2 3 4 5 6 7 8 9

cargo weight: 35
unused weight: 62
unloaded weight: 60

3 9 8 4 5 6 2 : 8
=================
1 2 3 4 5 6 7 8 9

cargo weight: 45
unused weight: 79
unloaded weight: 24

1 5 2
=====
1 2 3

cargo weight: 8
unused weight: 9
unloaded weight: 0

3 : :
6 7 9
=====
1 2 3

cargo weight: 25
unused weight: 15
unloaded weight: 7

9 5 1 : : 6 2
5 2 2 3 5 1 8
=============
1 2 3 4 5 6 7

cargo weight: 49
unused weight: 32
unloaded weight: 22

4 4 : 6 : 4 6 4
===============
1 2 3 4 5 6 7 8

cargo weight: 28
unused weight: 44
unloaded weight: 24

2 4 1 : : 7 7 1
===============
1 2 3 4 5 6 7 8

cargo weight: 22
unused weight: 59
unloaded weight: 32

8 3 :
=====
1 2 3

cargo weight: 11
unused weight: 20
unloaded weight: 19

: : 5 1
=======
1 2 3 4

cargo weight: 6
unused weight: 16
unloaded weight: 8

3 9 4 4 9 :
===========
1 2 3 4 5 6

cargo weight: 29
unused weight: 33
unloaded weight: 22

5 4 : 8 : 7
===========
1 2 3 4 5 6

cargo weight: 24
unused weight: 42
unloaded weight: 32

9 3 5 :
8 1 3 1
=======
1 2 3 4

cargo weight: 30
unused weight: 12
unloaded weight: 5

: : 5 : : 2
===========
1 2 3 4 5 6

cargo weight: 7
unused weight: 28
unloaded weight: 28

: : 1 2
=======
1 2 3 4

cargo weight: 3
unused weight: 25
unloaded weight: 18

9 : 5 : : 8 8
=============
1 2 3 4 5 6 7

cargo weight: 30
unused weight: 41
unloaded weight: 18

5 : : 9 :
1 3 4 6 4
=========
1 2 3 4 5

cargo weight: 32
unused weight: 17
unloaded weight: 13

4 : 3
9 5 8
=====
1 2 3

cargo weight: 29
unused weight: 15
unloaded weight: 8

1
2
1
=
1

cargo weight: 4
unused weight: 3
unloaded weight: 0

7 6
===
1 2

cargo weight: 13
unused weight: 9
unloaded weight: 7

: 2 3 1 4 :
7 6 2 1 7 5
===========
1 2 3 4 5 6

cargo weight: 38
unused weight: 28
unloaded weight: 21

2 : 3 8 9 2
===========
1 2 3 4 5 6

cargo weight: 24
unused weight: 33
unloaded weight: 15

: 1
===
1 2

cargo weight: 1
unused weight: 13
unloaded weight: 6

: : 9 : 5 2
===========
1 2 3 4 5 6

cargo weight: 16
unused weight: 32
unloaded weight: 13

5 1 6 9 : 8 : 3
===============
1 2 3 4 5 6 7 8

cargo weight: 32
unused weight: 55
unloaded weight: 20

: 2 : 9 8 6
===========
1 2 3 4 5 6

cargo weight: 25
unused weight: 33
unloaded weight: 22

=======
1 2 3 4

cargo weight: 0
unused weight: 16
unloaded weight: 12

: 6 8 5 : 3 : 3
===============
1 2 3 4 5 6 7 8

cargo weight: 25
unused weight: 51
unloaded weight: 30

: 1 7 3
=======
1 2 3 4

cargo weight: 11
unused weight: 32
unloaded weight: 32

1 1 6 8 6 :
===========
1 2 3 4 5 6

cargo weight: 22
unused weight: 39
unloaded weight: 26

: : 9
=====
1 2 3

cargo weight: 9
unused weight: 18
unloaded weight: 14

: 9 :
=====
1 2 3

cargo weight: 9
unused weight: 13
unloaded weight: 8

7 3 1 6 1 : : 6 5
=================
1 2 3 4 5 6 7 8 9

cargo weight: 29
unused weight: 38
unloaded weight: 15

1 3
5 1
===
1 2

cargo weight: 10
unused weight: 7
unloaded weight: 0

3 8 4 9 5 2 : 7
===============
1 2 3 4 5 6 7 8

cargo weight: 38
unused weight: 61
unloaded weight: 19

7 : 2 : : 9 : 9 7
=================
1 2 3 4 5 6 7 8 9

cargo weight: 34
unused weight: 54
unloaded weight: 41

6 8 : 9 7 9 2
=============
1 2 3 4 5 6 7

cargo weight: 41
unused weight: 51
unloaded weight: 51

1
5
=
1

cargo weight: 6
unused weight: 2
unloaded weight: 0

2 6 4 : 3
=========
1 2 3 4 5

cargo weight: 15
unused weight: 39
unloaded weight: 23

: : 5
=====
1 2 3

cargo weight: 5
unused weight: 17
unloaded weight: 15

3 : 6 6 6 2 2 2
1 4 7 7 9 1 1 7
1 8 3 8 2 3 3 9
===============
1 2 3 4 5 6 7 8

cargo weight: 101
unused weight: 2583
unloaded weight: 2412

8 3 : 5 6 3 4 1 3
2 5 8 5 2 2 4 2 8
4 2 8 7 4 4 5 4 7
7 7 7 1 8 3 5 8 2
8 2 5 1 2 8 1 8 7
5 3 1 8 7 7 2 4 2
8 9 6 2 4 8 5 3 5
3 7 3 1 4 3 9 8 6
8 9 2 4 6 5 8 7 7
9 7 8 9 4 3 7 6 4
1 3 1 8 1 1 3 6 4
1 9 5 5 9 2 4 2 5
8 7 3 8 5 4 8 8 7
8 6 4 4 8 4 3 1 5
9 4 7 3 5 9 2 3 3
7 3 2 1 1 2 3 1 8
6 5 6 4 5 2 5 9 4
8 7 4 5 8 3 2 4 2
4 9 2 4 6 4 4 7 7
8 5 7 9 8 3 7 8 7
1 3 9 4 6 9 2 4 9
2 9 7 5 4 6 1 9 2
8 7 7 2 5 6 2 9 2
5 1 1 4 5 8 2 5 7
7 3 5 5 6 8 7 2 9
1 8 3 7 8 9 1 8 9
6 7 7 4 9 3 4 4 8
9 4 5 6 2 2 8 6 2
1 9 8 8 9 1 3 4 3
4 6 3 5 4 7 1 4 8
3 8 7 7 6 5 8 2 9
7 3 1 1 7 9 9 8 5
4 2 1 8 7 7 7 1 9
8 5 3 7 6 2 8 3 6
9 6 2 7 2 4 8 4 5
7 6 9 8 3 1 8 7 9
9 6 4 8 8 1 5 7 5
6 2 2 8 5 7 7 3 1
4 3 3 9 7 7 7 1 9
8 8 7 3 3 3 2 2 8
3 5 1 1 9 6 5 6 2
4 6 4 9 7 3 5 6 6
2 5 4 2 7 7 5 9 8
3 6 4 7 9 3 7 2 5
1 9 8 1 2 9 5 7 2
4 4 9 5 3 9 5 7 1
2 3 6 2 2 6 4 7 1
1 5 3 5 4 1 3 3 5
=================
1 2 3 4 5 6 7 8 9

cargo weight: 2191
unused weight: 3079
unloaded weight: 2645

: 7
4 2
8 9
3 4
1 8
5 9
8 5
1 2
4 6
1 1
6 9
9 4
1 5
6 5
4 2
8 7
2 7
4 3
3 5
9 2
2 5
5 1
5 8
8 8
2 8
9 9
3 8
9 2
9 8
4 4
3 6
8 4
8 8
9 7
8 7
4 1
8 6
5 9
3 7
1 8
4 9
9 5
2 7
8 3
8 4
3 2
8 4
8 9
9 3
3 4
5 9
7 2
3 4
8 7
8 7
===
1 2

cargo weight: 598
unused weight: 346
unloaded weight: 326

7
2
9
2
4
8
3
9
1
3
4
5
4
6
8
6
2
2
3
6
6
6
9
9
9
8
1
7
8
7
6
9
3
3
6
1
1
3
4
1
2
5
1
8
6
9
3
3
8
4
9
9
2
8
2
5
8
8
4
4
1
7
2
6
9
7
6
7
9
3
7
2
3
5
3
6
6
4
8
8
7
1
2
9
4
1
6
9
1
6
1
4
7
9
8
3
8
7
3
8
7
8
=
1

cargo weight: 537
unused weight: 220
unloaded weight: 0

8 :
7 5
8 1
4 2
4 2
2 6
4 7
9 3
5 5
3 9
5 8
2 4
8 6
5 7
9 3
3 4
2 6
9 6
3 4
9 2
1 1
8 9
4 2
2 5
9 6
8 6
1 3
5 1
8 2
8 3
9 5
1 7
9 2
2 8
9 8
1 7
4 6
6 2
6 3
1 6
4 1
6 8
1 4
1 1
8 2
6 5
5 5
4 2
5 4
2 4
2 2
8 8
5 4
1 5
6 2
===
1 2

cargo weight: 514
unused weight: 413
unloaded weight: 290

1
2
7
5
6
9
4
9
5
1
6
4
6
6
2
3
3
9
1
4
6
5
9
8
5
3
1
4
=
1

cargo weight: 134
unused weight: 31
unloaded weight: 0

7 4 5 1 :
5 8 8 4 2
4 6 2 1 4
3 1 2 5 5
9 8 1 1 9
7 4 4 5 6
1 6 6 4 1
9 3 3 2 3
2 3 2 2 8
7 9 4 5 2
7 3 4 6 3
1 6 4 7 4
8 7 8 2 9
9 4 8 7 3
6 9 1 5 5
8 7 9 7 9
2 9 4 1 2
7 4 1 1 3
9 1 9 6 2
4 8 5 8 5
4 5 4 8 4
7 5 5 8 5
5 9 3 1 7
6 6 6 2 2
2 2 7 8 2
9 8 6 1 5
2 9 1 3 6
6 9 6 9 6
6 3 4 2 8
8 6 3 4 1
8 6 9 5 6
6 9 6 6 6
7 5 7 8 1
3 5 2 9 3
4 6 8 5 7
3 7 9 2 6
7 6 7 4 2
9 9 9 2 3
6 9 4 1 1
=========
1 2 3 4 5

cargo weight: 987
unused weight: 1297
unloaded weight: 734

8 : 3 6 7
3 3 6 4 6
8 1 3 1 7
9 5 6 9 9
4 4 8 5 9
6 7 8 2 2
7 4 6 8 9
5 3 1 1 5
2 6 3 2 3
1 2 2 7 2
7 5 5 9 8
8 9 3 4 5
5 4 4 2 8
8 7 5 9 6
6 6 9 9 3
3 3 7 9 1
7 9 7 4 4
8 6 9 2 7
7 6 6 6 5
5 6 1 3 7
2 2 6 5 7
3 5 6 8 8
9 1 7 5 8
7 8 9 2 2
5 5 5 9 5
5 4 3 4 5
9 8 9 3 1
=========
1 2 3 4 5

cargo weight: 720
unused weight: 1074
unloaded weight: 518

6 : 7 3
8 9 7 8
7 2 3 6
6 8 1 5
6 6 8 2
6 6 4 5
5 1 9 2
1 4 3 4
8 8 7 7
4 3 1 5
4 8 8 5
=======
1 2 3 4

cargo weight: 226
unused weight: 927
unloaded weight: 473

1
7
6
9
5
4
2
2
4
5
5
7
5
2
5
5
5
5
6
1
7
8
1
8
7
7
5
2
9
9
4
8
3
8
8
3
3
4
1
7
9
2
5
3
1
3
5
9
5
7
9
1
2
5
1
4
9
7
9
4
1
7
4
1
6
5
3
1
7
2
2
6
8
2
2
8
7
7
3
7
9
9
2
6
3
6
1
3
3
6
8
7
1
4
8
4
6
5
6
5
=
1

cargo weight: 494
unused weight: 285
unloaded weight: 0

1
6
6
7
9
4
9
6
2
9
9
5
7
6
7
1
9
5
2
9
1
6
9
9
6
=
1

cargo weight: 150
unused weight: 84
unloaded weight: 0

: : : 1
6 4 1 3
2 9 3 3
3 5 8 1
2 9 1 1
5 4 1 3
9 9 9 8
2 2 7 5
4 8 6 4
5 5 1 1
7 4 3 7
2 2 2 8
4 8 9 6
8 5 9 3
2 6 1 8
4 9 5 9
7 7 9 7
6 8 4 6
1 1 8 4
4 4 2 6
7 5 6 8
8 8 6 1
5 5 5 7
3 8 8 1
5 6 8 3
2 4 8 3
1 1 7 9
1 9 8 3
5 7 4 4
6 1 7 6
6 3 7 8
2 6 5 9
6 7 7 9
2 6 3 7
5 1 6 1
7 5 3 4
6 8 7 1
7 4 1 1
2 7 3 8
2 4 3 1
1 4 9 2
2 7 3 6
6 5 7 5
2 3 1 7
8 2 3 1
2 2 6 2
8 2 1 6
9 9 7 7
4 5 1 8
4 3 3 7
9 6 1 4
2 1 6 4
5 8 5 1
5 8 4 8
2 3 5 7
9 6 1 6
9 9 7 1
6 4 1 9
9 9 4 1
7 1 5 3
6 7 7 4
3 5 6 6
8 9 6 7
1 1 9 3
6 9 9 4
3 7 2 7
3 1 1 5
7 7 1 1
8 8 3 7
8 3 7 1
1 3 8 8
8 7 2 7
7 7 3 4
7 5 4 1
7 8 4 4
7 6 6 9
8 6 3 1
7 1 5 9
8 8 2 3
3 8 6 3
6 5 4 3
6 3 5 2
3 2 1 6
4 4 4 7
4 7 9 5
3 3 6 2
1 4 3 7
6 1 2 2
7 4 5 6
2 5 7 1
8 5 4 4
3 2 7 9
9 1 4 5
2 9 6 9
1 6 8 2
5 6 7 7
8 9 9 1
4 1 5 8
8 7 1 1
9 4 1 2
8 7 1 1
3 3 7 2
2 5 7 8
6 9 3 3
6 1 9 1
7 1 9 7
6 1 3 3
7 2 6 3
9 2 5 3
1 3 8 8
8 7 6 3
7 6 9 1
7 6 9 2
6 7 6 4
7 1 6 8
8 1 6 6
3 9 5 3
9 3 7 9
2 6 2 2
9 8 4 5
1 7 7 7
8 4 2 6
7 4 8 2
9 4 6 8
3 9 7 8
3 4 6 2
9 6 3 1
8 2 2 7
2 7 4 8
2 4 4 6
6 5 2 3
5 5 3 4
8 6 6 9
1 2 1 4
1 2 5 6
6 3 1 1
4 1 2 4
=======
1 2 3 4

cargo weight: 2671
unused weight: 482
unloaded weight: 0

3 1 1
7 1 6
3 9 7
5 7 2
4 7 1
9 1 5
6 8 7
5 7 7
4 8 4
9 2 1
8 9 9
8 9 3
2 4 1
4 2 1
9 9 4
7 6 9
8 5 2
5 1 3
1 2 3
5 3 4
2 1 9
3 3 8
5 3 8
8 1 3
4 5 9
8 1 3
7 5 8
2 9 2
1 1 9
2 9 2
7 7 1
5 5 8
9 2 5
6 2 6
2 7 5
1 8 5
9 5 5
6 9 8
6 4 3
7 6 6
4 4 3
6 8 7
8 9 1
9 4 1
6 5 3
7 7 2
8 5 3
7 2 4
7 5 7
5 3 1
9 6 1
6 2 2
5 8 3
4 9 7
7 9 5
8 2 2
6 9 8
1 3 8
5 4 1
2 4 3
2 9 8
5 8 9
3 4 8
9 2 3
3 5 5
3 9 8
6 8 5
8 1 7
6 9 2
4 4 3
4 9 1
9 6 5
5 9 4
=====
1 2 3

cargo weight: 1117
unused weight: 740
unloaded weight: 0

2 1 : 2 6
3 6 8 9 6
1 7 9 5 7
5 6 2 9 4
5 7 6 3 4
7 2 7 4 5
4 7 2 3 6
1 9 3 6 8
3 7 1 7 4
6 6 1 3 6
6 5 2 9 9
2 2 5 1 7
8 1 4 6 7
9 7 4 2 6
5 9 2 1 2
9 8 6 8 8
3 5 1 4 2
4 4 3 1 2
9 2 7 2 7
1 6 9 6 3
9 5 1 4 8
3 7 1 8 2
4 7 5 8 2
8 9 2 3 9
6 2 4 3 5
6 9 1 3 9
=========
1 2 3 4 5

cargo weight: 635
unused weight: 2278
unloaded weight: 2070

1 8 9
4 2 9
7 6 6
8 2 4
7 1 7
9 2 2
6 4 8
2 5 4
8 4 4
7 3 1
8 4 8
3 3 8
4 9 8
4 7 9
9 5 8
3 8 5
6 3 2
9 4 7
2 8 1
5 2 9
1 1 6
5 4 3
3 4 8
6 4 7
6 7 9
2 9 1
2 2 8
8 1 2
6 1 8
3 9 9
5 8 8
9 9 4
5 8 2
2 3 3
8 3 8
1 1 9
8 6 6
1 5 4
8 3 4
2 3 1
1 2 9
1 6 1
9 1 5
4 1 9
5 3 2
8 5 1
1 6 2
7 9 4
7 3 3
4 3 3
3 7 5
2 8 6
2 6 7
7 1 7
3 3 3
1 8 5
4 8 7
6 3 9
4 1 6
7 9 1
9 2 4
7 6 9
6 2 9
6 7 3
7 3 3
7 5 8
5 6 4
1 1 1
8 7 2
4 9 8
1 9 6
2 3 8
8 2 4
=====
1 2 3

cargo weight: 1089
unused weight: 1085
unloaded weight: 0

6
8
1
3
3
8
8
8
2
9
4
3
2
6
2
7
4
9
3
8
4
9
5
1
4
2
1
3
3
9
8
1
6
3
2
4
3
5
9
6
6
9
8
1
4
6
4
7
2
3
8
7
2
1
9
2
3
=
1

cargo weight: 274
unused weight: 192
unloaded weight: 0

6 3 2 3 6 1 1 8 :
5 6 5 9 7 2 7 2 5
9 3 5 9 3 8 7 1 2
1 6 5 2 5 6 9 5 3
6 6 3 7 9 4 3 2 9
2 7 8 6 5 1 3 3 2
1 8 7 3 4 5 7 4 6
3 1 3 4 7 2 4 5 4
=================
1 2 3 4 5 6 7 8 9

cargo weight: 331
unused weight: 3744
unloaded weight: 2041

8 5 2 9 : 4 7
9 9 5 1 3 3 3
3 2 8 8 4 4 7
1 1 7 9 1 1 3
5 1 9 2 4 8 1
7 8 2 8 3 5 4
2 9 1 5 3 2 7
6 7 5 6 8 1 4
2 5 5 4 7 9 4
7 4 5 8 7 3 1
4 2 5 6 6 1 6
8 6 8 9 8 8 8
3 7 9 1 2 9 1
5 9 6 9 2 7 3
4 2 5 7 4 6 2
1 7 9 7 3 1 4
7 1 9 8 8 7 5
8 7 3 4 5 1 8
6 4 3 4 8 8 1
6 7 8 7 2 5 6
6 5 3 1 7 2 7
6 4 4 7 9 4 2
2 9 9 6 5 8 5
3 6 8 1 7 1 3
2 7 1 5 8 6 5
6 7 8 8 9 3 9
=============
1 2 3 4 5 6 7

cargo weight: 931
unused weight: 3039
unloaded weight: 1104

: 2 2 : 5 3 9 3 3
9 6 8 2 7 2 1 6 2
2 2 4 2 4 8 4 2 2
2 7 5 5 1 4 8 7 4
=================
1 2 3 4 5 6 7 8 9

cargo weight: 143
unused weight: 3864
unloaded weight: 2474

: 9 5 7
2 3 9 7
2 9 6 8
5 8 5 2
9 1 9 7
7 8 6 2
4 1 7 6
8 6 1 5
3 3 9 7
7 3 9 9
9 5 4 2
1 4 1 9
7 1 4 5
4 1 2 8
6 9 4 6
5 7 1 7
6 2 5 5
6 7 9 7
4 4 4 5
7 1 8 7
7 5 4 1
6 8 1 2
6 4 7 7
5 3 6 8
5 3 3 2
9 4 8 1
9 3 7 7
4 5 9 2
4 7 8 5
3 9 8 1
5 6 9 1
4 5 1 1
3 8 3 5
5 1 2 3
5 4 8 7
1 5 1 4
6 5 5 5
=======
1 2 3 4

cargo weight: 747
unused weight: 1522
unloaded weight: 1236

3 7 9 : 5 6 9 6 8
5 8 2 9 7 3 4 3 9
2 3 9 6 6 6 5 1 7
1 8 7 9 6 6 5 2 5
5 1 3 3 5 3 5 9 6
4 6 3 2 1 6 2 5 6
9 5 9 9 1 7 1 1 8
1 8 8 9 3 4 3 7 1
2 8 3 8 7 9 1 1 9
4 1 1 4 6 2 7 4 5
1 5 6 9 6 5 3 9 8
7 7 9 6 7 8 8 3 3
4 3 8 4 9 2 3 8 6
3 3 5 2 8 5 7 2 5
8 7 7 4 3 1 4 9 6
2 2 5 7 4 2 1 1 3
8 7 9 3 2 4 3 5 8
2 8 2 8 7 6 4 2 8
6 4 8 5 1 8 4 5 1
6 8 4 1 6 1 7 8 7
5 9 2 5 7 3 9 2 4
4 9 8 9 8 3 9 9 8
8 3 5 4 1 5 9 9 5
9 5 5 1 7 4 9 6 9
2 4 9 6 1 8 2 6 2
4 5 4 6 1 6 4 9 8
8 5 8 5 3 5 6 5 6
7 6 6 8 8 3 3 8 7
7 2 7 3 4 5 1 7 1
6 5 8 1 7 1 2 2 6
6 2 1 9 5 9 5 4 4
=================
1 2 3 4 5 6 7 8 9

cargo weight: 1438
unused weight: 3306
unloaded weight: 2294

8 : 6 5
6 3 6 3
9 9 9 2
6 2 9 2
8 1 2 4
8 9 2 2
8 7 9 4
8 3 2 2
1 3 7 3
8 5 9 4
6 9 3 4
3 6 8 3
7 7 9 3
1 3 1 9
5 1 2 1
7 1 4 9
3 4 4 9
6 5 6 7
4 3 7 2
9 1 8 7
8 7 8 5
1 9 8 3
5 6 8 9
6 4 1 7
7 5 2 8
2 7 3 1
5 2 7 6
3 1 1 5
8 5 2 7
6 5 4 5
6 2 3 2
1 2 7 2
4 3 9 3
6 9 1 7
2 1 2 7
8 8 6 4
1 6 8 2
5 2 9 1
4 3 3 3
7 5 3 1
9 5 9 7
9 7 3 5
8 4 2 2
3 7 5 5
6 6 3 1
=======
1 2 3 4

cargo weight: 877
unused weight: 1200
unloaded weight: 523

: 7 8 9 4
6 8 4 7 3
6 2 2 3 3
1 9 3 1 9
3 9 6 6 6
3 9 7 8 2
5 8 7 3 8
1 8 3 4 7
8 5 1 1 1
1 5 1 9 9
1 6 1 3 9
9 6 3 5 3
4 5 1 5 9
8 8 3 2 5
7 5 3 5 8
2 5 8 9 4
2 9 5 6 8
3 8 2 8 8
3 4 2 3 2
3 7 6 7 8
9 8 1 8 8
2 1 7 9 5
9 2 9 5 7
1 5 6 1 4
9 2 5 5 3
1 7 8 4 9
9 7 9 9 5
=========
1 2 3 4 5

cargo weight: 704
unused weight: 2498
unloaded weight: 1162

1 4 6 8 :
2 5 1 9 6
9 4 4 3 6
6 1 6 1 2
2 6 9 1 7
9 8 5 3 2
9 2 6 3 1
3 2 5 9 6
4 1 2 4 4
=========
1 2 3 4 5

cargo weight: 197
unused weight: 2692
unloaded weight: 2072

3 :
5 6
4 1
7 2
4 3
3 2
6 1
4 4
3 1
4 3
9 4
9 8
9 9
9 2
1 6
6 4
2 5
6 4
3 6
8 2
7 1
4 2
4 6
2 6
6 7
9 8
3 9
9 7
1 1
6 9
6 5
3 1
5 8
7 7
2 8
1 3
8 9
5 6
3 2
4 6
6 5
6 3
4 7
2 4
4 4
4 9
2 6
3 9
2 4
3 6
2 6
6 2
5 7
6 2
===
1 2

cargo weight: 513
unused weight: 420
unloaded weight: 0

2
1
4
6
2
4
1
1
6
3
2
7
8
1
3
9
6
7
9
8
9
9
3
5
1
8
6
1
2
5
7
2
6
8
1
8
2
2
8
7
4
5
6
1
4
5
8
1
8
4
3
2
2
1
9
8
8
1
3
9
3
5
9
7
1
9
8
8
8
1
4
7
7
4
6
3
7
7
1
4
7
5
5
8
1
2
2
7
7
3
9
4
6
6
1
4
6
9
4
5
5
4
5
8
5
1
2
1
7
5
1
4
6
9
3
6
1
6
=
1

cargo weight: 571
unused weight: 138
unloaded weight: 0

8 : 6 2 9 5
6 8 8 3 9 9
2 1 5 1 7 6
5 8 4 4 6 1
8 6 9 9 8 9
6 3 7 9 4 1
6 6 6 5 6 6
8 2 4 3 5 7
8 1 6 3 6 9
2 2 4 3 1 7
6 7 4 1 5 8
9 5 8 4 7 1
4 3 2 5 9 7
8 2 8 4 4 9
2 8 5 5 1 5
8 1 9 1 3 2
5 7 5 6 7 1
6 4 2 1 4 7
4 7 4 1 2 5
1 8 8 6 8 3
4 1 7 6 1 7
4 7 6 2 7 5
8 9 1 6 9 5
8 6 5 8 8 6
6 6 5 4 9 6
9 1 8 5 5 3
4 2 4 9 5 3
3 8 7 5 8 2
5 6 3 4 7 8
8 6 4 1 3 6
5 8 7 2 2 4
9 8 9 6 3 4
3 6 2 8 9 9
3 9 8 6 9 9
6 7 1 6 4 9
5 4 7 3 9 7
6 9 5 9 7 2
1 3 9 1 8 5
6 9 7 5 7 1
5 7 1 9 3 9
8 3 6 9 3 8
4 5 4 7 7 4
2 8 1 9 7 3
7 7 1 4 4 8
===========
1 2 3 4 5 6

cargo weight: 1413
unused weight: 2030
unloaded weight: 1330

3 6 2 : 5
6 8 2 3 9
8 9 9 9 4
2 4 6 8 1
4 4 9 1 1
6 8 2 7 8
9 3 7 8 8
5 9 4 7 1
1 6 7 3 7
9 4 7 6 8
9 9 4 7 2
8 7 1 1 4
2 2 8 6 5
8 9 1 5 7
7 4 3 5 1
2 5 6 5 1
1 7 3 7 5
5 5 5 3 3
8 6 4 7 6
8 8 6 2 3
5 9 6 6 1
3 5 5 4 5
=========
1 2 3 4 5

cargo weight: 568
unused weight: 2853
unloaded weight: 1620

1
3
5
8
8
5
5
9
2
9
6
4
9
1
2
2
4
1
8
8
2
9
1
3
5
1
6
2
4
2
2
9
4
6
6
9
5
9
6
4
5
5
9
7
8
2
3
4
4
1
6
2
1
4
7
6
4
4
6
6
9
9
8
2
2
2
7
1
9
1
5
1
8
2
3
7
2
4
6
8
4
9
4
6
1
7
8
7
4
8
3
2
2
9
3
6
8
6
8
4
1
1
1
5
1
3
9
3
1
4
7
4
1
4
5
2
1
7
3
8
7
3
2
1
5
6
5
7
8
9
5
2
2
7
5
9
=
1

cargo weight: 648
unused weight: 3
unloaded weight: 0

: 5 3 5 5 1
1 3 1 3 4 8
9 6 2 4 2 2
2 2 6 6 2 9
1 9 6 2 7 7
5 3 5 7 4 3
6 1 1 4 3 2
6 6 2 3 4 1
6 6 2 9 8 9
===========
1 2 3 4 5 6

cargo weight: 229
unused weight: 2975
unloaded weight: 1965

1 :
1 7
8 7
2 7
8 9
1 7
7 1
1 6
3 7
8 6
8 1
4 8
7 4
3 3
1 1
4 1
1 1
1 5
3 7
7 9
3 2
3 6
8 2
9 8
8 8
9 4
1 3
3 7
1 8
8 8
4 8
6 9
5 9
9 6
9 9
4 5
9 8
2 6
5 8
9 9
3 3
8 5
5 8
4 2
7 9
1 7
3 4
1 1
6 8
9 1
7 4
8 3
2 9
5 1
4 8
4 3
9 1
9 1
7 6
8 2
7 3
5 1
6 7
5 5
9 2
9 9
8 1
4 1
9 6
4 8
5 1
2 3
5 2
3 9
4 1
5 2
6 9
1 7
1 4
1 2
1 6
1 3
9 7
1 2
4 9
2 7
3 4
===
1 2

cargo weight: 861
unused weight: 444
unloaded weight: 0

4 6 4 9 8 5 5 :
1 4 7 5 1 8 1 1
9 6 1 6 7 3 2 7
3 2 6 3 9 8 3 4
6 6 7 5 6 8 9 7
===============
1 2 3 4 5 6 7 8

cargo weight: 202
unused weight: 2919
unloaded weight: 1581

: 1
7 9
5 3
8 2
9 3
6 2
1 9
1 6
7 6
6 7
7 9
1 5
7 3
2 2
1 9
6 6
9 5
8 3
6 4
4 4
4 6
8 2
5 3
5 6
1 7
8 7
1 9
7 6
7 5
2 5
5 1
6 3
9 8
2 3
7 6
7 5
3 6
9 6
7 4
2 9
5 1
9 5
2 2
7 2
5 9
5 8
4 8
2 1
3 3
7 4
5 6
3 7
8 3
4 4
5 2
7 1
1 2
7 1
3 5
6 7
1 9
6 4
5 2
5 5
8 7
7 2
1 5
2 4
5 3
5 8
5 5
6 9
9 2
3 8
5 7
7 4
3 7
2 7
4 1
6 9
8 9
2 9
8 5
6 5
9 9
4 2
4 1
2 3
9 4
2 5
3 9
6 9
8 5
8 8
9 7
4 6
2 4
3 5
6 5
3 7
2 2
1 7
6 1
4 2
3 3
4 4
1 4
6 7
8 1
6 4
6 2
2 4
1 2
5 1
3 9
1 8
5 6
3 4
===
1 2

cargo weight: 1154
unused weight: 250
unloaded weight: 0

4 2 4 3 1 : 2 1 8
2 4 9 5 3 9 2 6 5
1 3 7 3 3 5 6 2 3
4 4 7 3 4 3 1 3 5
8 1 4 7 5 7 1 7 7
9 4 5 9 6 6 5 3 3
4 3 5 2 8 8 7 5 2
7 3 7 6 5 7 2 7 5
8 7 8 5 6 2 6 4 5
9 2 3 5 2 8 9 2 1
5 1 7 6 5 7 6 8 9
1 5 4 3 7 7 6 2 4
3 4 1 7 8 8 9 1 6
4 8 4 9 8 6 4 6 4
9 3 3 1 1 6 5 6 8
5 6 5 7 9 1 1 6 7
7 2 9 6 3 9 6 1 6
3 7 7 9 2 8 1 8 1
9 6 2 7 8 3 2 6 4
7 9 1 1 7 5 2 8 5
6 4 8 4 7 4 6 2 4
6 6 5 8 2 5 8 8 7
2 1 8 6 9 5 3 6 2
9 9 3 5 8 6 1 4 9
9 6 3 1 7 6 9 2 5
=================
1 2 3 4 5 6 7 8 9

cargo weight: 1132
unused weight: 2557
unloaded weight: 2176

1 1 3 1 : 2 5
2 9 4 6 2 6 2
3 8 5 2 6 6 4
9 3 7 1 3 5 4
7 1 3 3 1 2 8
3 7 9 6 3 5 6
4 2 2 5 7 8 6
9 4 7 1 6 4 6
1 3 6 7 3 4 1
8 1 4 7 7 1 9
3 5 9 6 5 8 8
6 9 6 8 4 9 7
8 7 3 3 1 3 9
4 4 5 4 4 2 2
1 6 7 5 8 4 4
1 6 8 6 6 1 4
4 9 3 3 6 8 8
6 1 6 9 9 8 9
6 5 4 9 9 4 4
2 4 5 1 8 2 4
3 2 3 5 4 8 4
4 2 5 4 3 3 3
2 2 9 5 2 5 9
7 9 9 5 5 6 1
5 3 1 3 5 1 7
3 3 9 6 5 4 4
=============
1 2 3 4 5 6 7

cargo weight: 870
unused weight: 3253
unloaded weight: 1285

: 2 6
7 8 2
5 6 3
3 5 3
8 4 3
8 5 6
3 1 5
5 3 9
6 8 4
5 5 4
7 9 2
9 1 1
1 1 4
8 9 4
5 5 8
7 9 1
7 3 3
9 3 4
1 3 8
3 5 7
8 9 5
5 8 4
9 2 5
5 9 8
6 7 8
5 9 7
3 7 1
7 8 4
6 1 2
7 7 5
2 3 5
8 2 6
8 5 5
7 7 4
1 8 6
3 5 1
4 3 2
3 3 6
4 3 9
6 9 2
4 6 6
5 9 1
4 7 5
6 9 6
4 2 3
7 3 9
2 9 9
5 5 4
2 3 8
6 7 2
8 2 7
2 1 2
3 7 9
3 8 8
9 3 4
8 3 3
1 3 9
5 4 5
8 8 2
3 6 1
3 3 5
4 5 3
2 3 8
2 7 3
5 3 9
5 1 4
2 4 3
2 5 4
6 7 1
2 8 7
1 5 1
6 5 2
3 7 8
8 7 2
4 9 8
5 4 5
2 6 2
4 6 3
7 7 6
6 8 6
1 3 2
7 3 4
=====
1 2 3

cargo weight: 1208
unused weight: 1074
unloaded weight: 0

6 2 : 6 7 7
8 7 1 1 5 2
9 8 7 7 6 5
8 3 1 7 9 4
5 6 4 8 3 1
5 9 4 8 2 8
5 4 2 3 9 3
5 6 3 5 1 7
===========
1 2 3 4 5 6

cargo weight: 242
unused weight: 3208
unloaded weight: 2933

1 1 3 8
4 1 4 4
6 5 9 2
8 5 4 7
3 2 5 9
8 1 3 5
6 7 4 9
1 1 6 7
3 6 9 3
2 4 2 5
3 2 3 7
5 1 2 4
7 6 8 6
8 1 2 5
6 1 5 2
7 6 3 4
3 2 5 6
9 1 4 2
4 7 8 8
6 3 1 6
6 7 6 9
8 7 3 7
1 3 3 9
8 1 1 6
4 6 7 4
8 9 4 9
6 8 8 1
5 3 6 9
9 5 1 5
6 6 3 4
9 4 6 2
4 5 3 9
3 6 1 7
8 5 3 2
4 2 6 9
6 1 5 2
2 3 3 1
9 3 2 1
5 9 1 7
9 1 4 7
5 8 4 4
4 6 3 5
2 2 3 2
3 4 6 9
3 8 2 7
5 6 4 8
6 4 7 2
2 4 7 6
4 9 2 9
9 4 6 7
8 2 4 5
9 9 6 7
5 1 7 3
4 4 6 9
2 2 7 1
6 6 4 6
6 4 8 2
3 7 6 9
4 5 6 3
9 9 2 4
5 3 7 3
1 6 4 5
4 7 7 6
7 4 1 6
9 3 2 6
2 6 7 6
2 9 8 1
9 4 9 7
5 5 6 9
9 1 9 1
6 2 6 7
9 3 4 9
9 6 5 2
5 3 6 3
3 7 7 5
2 3 8 2
5 9 2 4
6 6 8 4
5 8 5 7
2 4 6 2
7 6 4 1
4 3 6 5
7 9 5 5
1 9 6 3
7 9 2 7
=======
1 2 3 4

cargo weight: 1695
unused weight: 937
unloaded weight: 0

7 5 6 4 7 : 4
9 1 6 1 6 7 9
2 8 8 8 8 3 8
3 2 1 6 5 6 2
1 6 8 7 2 6 9
7 9 6 4 2 5 6
9 6 1 6 6 6 9
2 4 2 6 3 3 7
5 2 4 8 6 8 9
1 5 5 3 5 7 4
6 6 8 5 4 3 4
1 4 4 1 6 4 3
3 7 1 1 5 9 3
=============
1 2 3 4 5 6 7

cargo weight: 450
unused weight: 3061
unloaded weight: 2110

1
2
8
4
6
7
7
8
1
2
9
3
6
6
3
5
9
6
2
8
5
3
5
5
5
6
5
2
=
1

cargo weight: 139
unused weight: 69
unloaded weight: 0

8 : 7
5 8 5
6 4 3
5 6 7
4 3 3
6 4 3
9 1 3
6 2 9
6 4 9
9 6 2
9 9 5
4 7 3
1 9 8
8 3 6
4 5 9
1 3 5
5 4 2
2 8 5
9 6 2
5 9 1
1 4 5
4 6 7
8 2 5
8 8 1
5 4 3
5 6 8
8 3 6
3 9 6
7 1 2
9 7 9
8 4 6
2 2 5
9 7 8
2 4 1
5 3 4
5 7 9
9 9 2
2 7 4
9 2 6
1 1 5
3 7 5
9 7 3
4 3 9
2 6 6
4 9 8
6 3 4
9 9 7
6 5 5
7 9 9
3 5 3
7 7 8
4 6 2
4 2 3
5 7 1
7 1 7
2 2 1
6 4 7
=====
1 2 3

cargo weight: 886
unused weight: 947
unloaded weight: 593

1 2 2 1 8 : 5 3
7 2 7 2 9 8 4 3
3 9 4 6 3 9 3 3
5 8 4 7 8 1 2 9
===============
1 2 3 4 5 6 7 8

cargo weight: 148
unused weight: 3217
unloaded weight: 2013

2
2
2
9
6
8
7
=
1

cargo weight: 36
unused weight: 19
unloaded weight: 0

2 :
7 4
5 3
5 9
4 8
1 5
3 5
8 6
4 3
8 3
3 4
8 8
7 2
3 4
2 7
1 6
3 1
6 4
1 3
9 3
5 4
6 8
2 9
6 3
8 4
5 7
2 9
7 6
5 6
8 8
9 1
6 6
4 6
2 3
6 1
7 7
4 6
7 7
4 1
8 9
9 9
1 2
8 9
4 1
3 3
5 5
7 1
8 1
3 2
8 9
5 4
7 3
4 1
7 3
8 9
8 9
===
1 2

cargo weight: 566
unused weight: 322
unloaded weight: 0

2 8 7 3 : 4 8
3 5 6 1 5 3 2
4 2 9 3 6 5 5
2 4 9 7 6 5 9
6 1 7 1 9 9 5
2 7 5 5 1 5 4
2 4 8 7 1 6 6
8 5 5 4 3 9 9
4 1 8 3 3 2 1
6 7 5 9 2 8 3
8 2 4 3 3 9 8
1 2 9 9 5 2 6
5 8 1 4 1 7 9
2 1 2 6 9 7 1
5 7 6 7 7 7 9
9 9 1 2 8 5 3
4 3 2 4 6 2 6
1 7 9 4 8 8 1
7 3 9 6 5 7 6
7 5 9 8 2 1 9
1 1 4 2 5 7 5
8 3 5 3 9 6 3
2 6 9 9 3 8 8
5 2 8 5 9 6 5
9 7 1 8 6 7 6
7 8 7 6 8 8 6
=============
1 2 3 4 5 6 7

cargo weight: 948
unused weight: 2298
unloaded weight: 1377

: 9 5 8
6 4 5 4
4 3 3 1
7 9 7 9
9 7 3 4
8 7 9 5
7 8 7 3
5 1 4 5
4 6 3 3
5 7 2 4
9 1 7 7
2 2 8 4
1 1 1 4
2 6 5 8
7 8 9 7
9 7 8 7
4 8 9 6
2 6 3 6
1 2 3 9
9 9 2 1
8 8 7 2
3 8 4 2
4 3 8 3
6 3 7 3
6 6 1 8
2 4 6 9
3 7 1 7
=======
1 2 3 4

cargo weight: 559
unused weight: 1412
unloaded weight: 1281

5 8 3 4 5 : 2
1 2 5 1 1 2 3
4 1 3 2 6 8 8
9 7 2 2 8 4 1
1 1 6 6 2 9 2
8 7 8 3 5 8 7
8 8 6 6 9 9 6
1 6 9 3 9 9 6
4 1 1 7 6 4 2
6 8 4 7 4 6 9
8 9 9 1 1 6 3
8 2 5 2 2 1 7
6 7 1 9 7 8 2
2 3 1 2 8 4 2
5 5 9 8 9 5 8
7 2 4 2 4 8 8
5 6 2 9 8 6 1
1 9 6 4 1 1 5
6 4 7 8 6 1 1
6 9 8 3 7 7 7
1 5 1 6 8 7 4
4 2 2 4 6 6 5
1 7 9 7 7 7 2
9 4 2 6 2 6 2
9 9 2 5 3 2 5
6 5 9 4 5 6 7
4 3 4 1 3 1 9
3 6 1 1 5 2 5
5 3 2 7 6 9 1
5 4 8 7 9 6 2
6 4 9 8 6 6 3
1 4 5 7 5 4 4
6 4 8 4 1 2 9
5 7 1 3 7 2 7
4 9 6 7 2 9 1
9 5 6 4 3 9 9
5 8 6 6 8 1 4
3 6 4 7 5 7 3
2 8 7 6 5 9 3
4 3 7 8 7 2 1
8 5 3 4 5 9 9
7 8 4 3 9 7 5
6 4 4 4 2 6 6
4 5 1 5 6 8 3
6 5 7 7 3 4 5
1 3 2 5 9 5 3
6 7 3 9 2 9 9
1 2 5 1 2 4 4
3 7 5 1 1 4 3
4 4 2 4 2 1 3
3 3 1 4 1 9 2
5 7 7 3 2 5 3
5 1 2 3 9 5 9
5 9 4 9 8 1 5
3 2 7 5 8 8 9
8 1 3 1 8 9 9
3 6 5 2 4 1 2
1 3 5 6 5 1 6
7 5 8 6 5 3 7
6 7 4 5 3 1 9
2 2 2 3 2 4 2
1 8 5 8 6 7 3
6 7 2 4 2 3 2
=============
1 2 3 4 5 6 7

cargo weight: 2136
unused weight: 2157
unloaded weight: 278

2 2 : 2
9 8 2 9
7 1 5 1
=======
1 2 3 4

cargo weight: 48
unused weight: 2034
unloaded weight: 1822

7 6 4 : 7 4 7 7
2 6 1 3 5 8 2 1
6 8 3 9 8 2 6 4
5 7 9 5 5 3 3 3
4 7 4 3 1 7 2 7
1 9 2 7 9 7 4 3
6 6 8 2 5 8 9 7
2 1 4 4 2 1 6 2
9 4 2 7 2 7 4 5
8 7 3 6 6 5 7 9
7 9 7 6 9 8 9 3
1 9 8 2 5 8 8 7
2 2 9 3 3 5 2 7
1 9 1 4 1 5 5 9
8 5 1 7 6 6 8 4
8 6 9 5 3 1 8 8
5 3 1 3 2 6 3 6
3 5 5 3 8 1 4 4
8 5 5 5 5 8 7 8
1 5 7 2 4 4 9 3
9 8 3 5 2 6 8 9
8 9 8 1 7 7 1 9
4 6 6 7 7 9 2 2
4 2 8 9 7 7 9 1
4 2 9 4 7 4 3 2
1 2 6 2 2 7 1 2
5 5 2 8 1 4 1 1
5 8 3 4 5 3 3 8
===============
1 2 3 4 5 6 7 8

cargo weight: 1126
unused weight: 2797
unloaded weight: 2486

2 : 6 9 3 1 1
2 8 5 5 7 8 1
1 6 2 9 4 2 9
5 9 2 2 3 9 7
1 7 7 7 1 2 3
9 1 5 5 6 4 9
1 8 5 9 2 5 4
4 9 3 6 3 3 1
7 4 7 5 2 3 7
3 6 2 3 4 8 7
6 1 1 1 7 6 2
9 9 1 1 4 8 5
8 3 4 4 6 6 4
1 5 8 5 1 3 8
5 1 7 5 2 5 2
8 9 3 3 6 9 9
2 7 7 9 9 7 4
3 5 4 8 9 3 1
3 5 8 1 3 4 8
3 6 4 1 2 6 9
7 4 5 2 4 1 8
7 7 3 8 6 8 7
7 5 7 8 7 1 2
7 6 1 9 7 2 1
9 7 4 8 7 8 5
8 6 2 6 3 2 5
2 8 9 6 4 7 1
6 6 1 4 8 5 4
4 3 3 1 3 9 6
8 6 1 6 1 1 2
5 3 5 1 6 1 5
2 2 4 7 2 3 9
9 3 8 5 7 4 4
5 9 8 2 3 8 9
3 3 5 1 2 6 8
7 6 3 8 6 5 3
6 5 2 6 4 5 1
1 9 6 5 5 8 4
8 6 6 4 6 2 4
5 8 5 8 1 6 1
2 3 5 2 1 8 5
5 9 2 5 8 6 9
3 1 9 8 7 4 1
4 1 9 3 3 8 2
3 8 3 3 4 8 5
1 5 8 4 2 5 8
3 8 3 5 1 9 3
8 9 7 1 5 1 4
6 2 3 1 8 4 5
1 7 5 5 3 1 4
7 5 5 9 3 3 6
4 1 2 4 2 8 2
9 6 7 1 7 2 1
8 3 2 9 5 3 7
7 8 9 9 5 2 5
5 7 2 8 4 5 6
9 3 5 3 9 8 7
1 9 9 7 3 4 2
1 8 6 9 1 7 7
9 3 2 7 5 7 4
6 8 9 6 3 3 5
7 6 4 6 4 4 9
9 4 5 9 5 4 4
5 5 3 6 5 9 9
5 2 6 8 5 4 3
4 4 2 9 5 2 4
1 1 8 3 9 6 3
7 1 7 9 1 8 9
7 1 1 7 9 8 9
1 2 5 4 6 5 1
8 4 2 8 4 2 6
=============
1 2 3 4 5 6 7

cargo weight: 2450
unused weight: 2425
unloaded weight: 266
