55
18
25
4
65
33
6
44
61
32
10
12
59
35
28
5
45
36
49
48
40
66
24
58
23
39
60
9
67
51
47
16
3
11
57
30
46
7
26
22
21
17
53
69
27
50
20
54
41
42
2
8
62
56
68
64
15
38
37
34
63
14
43
13
1
29
19
31
52

16
8
15
11
13
1
18
20
7
21
5
4
9
17
12
10
14
6
19
3
22
2

6
3
4
1
2
5

2
26
19
8
27
31
4
24
16
29
17
11
6
7
15
22
30
5
23
13
1
9
14
12
25
28
20
3
18
21
10

23
8
24
34
2
19
33
35
16
28
11
17
18
25
10
1
5
15
37
13
7
21
31
14
26
27
6
4
30
22
12
36
32
29
20
9
3

1
14
17
7
2
10
11
15
16
6
8
9
12
3
4
5
13

25
27
3
18
7
2
8
28
22
15
5
10
14
32
17
11
30
6
21
29
12
20
31
4
26
19
1
16
9
13
23
24

11
39
37
20
13
38
32
14
28
1
16
42
29
23
44
3
5
19
31
21
30
18
25
43
45
15
24
7
10
35
36
17
2
4
41
34
27
26
22
46
40
9
8
6
33
12

82
42
60
39
34
48
44
62
8
35
11
84
66
1
83
28
85
24
38
45
78
87
58
72
27
54
5
61
71
57
20
56
86
80
21
15
41
3
2
30
50
18
32
10
49
64
51
37
46
31
9
16
22
43
12
53
68
25
13
19
75
70
17
23
4
77
69
63
47
7
36
59
33
52
79
65
76
74
6
14
81
26
29
55
73
67
40

51
28
30
76
68
86
20
47
81
82
49
11
74
21
55
42
5
96
36
80
60
85
90
4
72
24
71
39
84
45
93
87
95
23
83
8
89
75
29
27
17
14
77
61
43
63
6
37
25
64
35
22
34
50
98
44
53
62
3
88
46
92
1
19
38
58
57
32
33
13
26
10
70
12
52
16
18
65
48
40
59
69
2
31
54
66
73
7
56
9
91
15
41
97
67
79
78
94

2
1

67
11
14
55
13
66
8
21
23
20
58
72
36
38
48
12
28
17
15
45
29
65
52
25
34
43
35
69
3
6
2
70
24
51
56
18
31
47
27
63
42
26
41
57
54
59
73
32
30
19
60
50
1
37
46
9
10
68
22
71
53
61
7
44
49
33
4
39
16
64
5
62
40

32
3
35
58
14
50
23
21
12
64
6
20
57
10
51
56
30
2
33
29
60
11
13
16
8
67
28
37
66
52
36
34
4
22
61
41
65
15
39
40
18
27
44
1
9
46
31
7
63
17
45
25
53
5
26
68
43
38
55
54
49
48
59
62
24
47
19
42

2
6
5
3
4
1

38
41
18
34
15
11
27
39
4
1
17
6
10
5
40
19
3
16
28
9
24
8
30
13
7
29
36
37
32
14
12
25
21
31
35
23
20
33
2
26
22

35
14
6
30
13
25
11
20
2
27
37
21
22
4
9
36
5
16
29
18
10
23
3
12
32
1
33
34
38
8
7
24
19
15
31
26
17
28

61
84
64
87
3
80
10
60
41
50
90
79
62
58
48
4
31
19
38
71
20
39
86
34
49
40
59
88
77
17
65
12
9
83
22
14
23
29
42
57
7
75
45
69
89
11
21
1
81
28
13
24
73
35
27
16
37
85
51
30
70
18
63
33
26
53
66
54
55
78
44
5
76
46
74
36
2
6
52
72
67
8
15
25
68
82
47
32
43
56

22
3
16
23
2
18
8
5
12
10
13
24
1
11
4
7
21
20
14
9
19
17
6
15
25

9
43
79
55
39
16
73
13
62
36
70
69
77
10
75
50
37
80
7
15
6
61
27
18
66
40
68
35
59
23
46
56
42
38
45
51
28
5
58
65
81
20
4
3
25
48
19
64
71
11
74
2
84
57
8
17
21
85
22
14
52
33
53
72
1
34
12
76
49
78
63
83
44
26
29
24
31
54
60
41
30
47
32
67
82

14
62
53
59
54
31
72
46
3
68
41
26
13
74
42
20
30
34
19
55
70
12
65
44
75
18
36
37
73
49
5
38
15
27
7
16
58
9
6
71
25
40
57
51
52
2
21
29
28
11
33
48
35
45
1
24
17
43
8
69
50
23
39
61
63
32
47
64
10
22
4
66
60
67
56

4
15
20
11
19
8
10
17
5
7
13
16
1
21
6
2
3
14
9
18
12
22

15
7
17
11
20
18
12
13
4
19
14
3
6
1
9
5
10
16
2
8

26
84
91
33
11
9
60
46
6
14
59
55
61
77
87
20
51
28
81
39
17
65
12
92
23
71
19
8
88
29
5
30
67
41
82
79
40
68
10
48
35
64
13
52
76
42
34
7
45
80
27
31
86
62
70
1
66
49
50
18
3
24
57
38
85
58
69
63
37
54
15
16
75
78
93
44
89
73
22
83
53
32
2
47
4
21
36
25
43
56
90
72
74

17
24
6
15
22
16
2
18
13
1
7
10
19
3
20
8
14
23
12
9
21
11
5
4
25

5
36
7
33
46
37
29
11
13
40
34
35
9
14
6
3
28
43
15
42
45
41
4
17
48
2
30
31
10
8
32
1
25
18
24
27
44
19
21
22
26
20
38
16
39
12
23
47

8
5
4
6
18
13
19
1
7
15
3
20
9
2
21
11
22
16
12
17
10
14

15
5
7
12
22
24
25
20
28
13
17
35
2
8
11
23
10
26
21
30
4
19
6
34
9
32
31
36
14
1
29
33
18
27
3
16

1
6
5
9
17
22
27
21
7
16
20
15
24
25
10
11
19
8
13
18
23
12
14
4
2
3
26

31
27
22
15
12
6
24
10
8
19
17
20
29
14
3
9
13
2
1
23
16
30
26
25
4
5
7
28
21
11
32
18

3
2
1

9
42
30
22
29
2
25
40
41
8
12
39
1
38
16
35
21
4
34
32
14
17
18
27
6
7
3
5
23
15
37
19
33
20
31
11
10
13
26
24
28
36

27
30
50
14
3
51
1
15
38
47
39
42
9
6
17
35
11
16
2
45
7
36
18
41
33
25
46
48
52
24
31
5
49
40
4
8
21
26
23
28
10
43
22
20
37
44
19
32
34
12
13
29

41
3
27
9
1
12
38
37
47
43
79
21
23
88
72
76
86
85
66
53
11
7
13
92
83
26
50
91
49
71
22
80
8
64
84
17
93
39
61
60
19
30
57
6
33
45
29
74
73
18
75
55
51
81
35
87
14
59
54
48
20
32
78
31
56
69
16
42
10
70
44
90
15
2
68
63
28
25
58
36
4
77
46
89
5
52
65
82
34
40
67
24
62

65
12
76
30
74
77
23
5
64
72
22
67
11
68
66
82
84
28
35
16
79
19
71
57
52
15
2
81
73
45
38
1
51
56
32
10
61
59
4
54
85
83
31
13
7
55
18
78
27
29
24
37
39
40
6
62
69
36
58
48
46
63
8
50
20
33
70
14
60
41
3
43
26
75
21
42
49
25
47
80
9
53
17
34
44

17
34
40
48
59
63
58
50
23
27
2
91
41
55
85
3
52
87
90
13
72
24
30
75
62
80
53
38
12
18
10
82
67
28
29
15
46
60
61
66
54
98
49
4
56
65
43
16
74
33
25
36
1
51
77
86
97
95
76
57
45
31
89
73
92
83
68
14
7
64
11
71
47
84
96
99
94
42
6
35
9
5
32
81
22
78
21
19
79
20
8
39
26
37
88
93
69
70
44

40
57
66
14
23
22
20
28
65
1
52
24
58
63
59
6
41
12
3
33
55
25
26
60
13
56
53
50
34
68
5
18
15
62
11
48
44
32
47
37
35
54
19
67
16
39
7
4
8
49
10
29
43
2
30
31
38
64
46
21
36
45
27
61
51
17
9
42

2
3
24
15
17
19
8
12
18
5
7
23
10
22
21
11
20
13
14
6
16
4
9
1

61
19
6
50
8
40
76
84
45
5
58
54
35
25
72
69
70
63
53
77
78
10
60
30
43
56
21
55
75
28
81
12
36
85
49
38
64
2
87
23
41
51
15
47
59
9
32
1
22
52
68
26
34
3
31
42
74
65
46
44
37
7
48
86
16
79
29
4
17
27
73
24
33
13
57
66
82
18
62
39
11
80
67
14
20
83
71

60
43
61
79
36
39
11
74
76
68
45
62
32
21
29
25
41
6
38
2
9
48
50
27
40
80
75
28
5
7
70
54
35
23
53
44
67
63
15
82
18
17
55
64
8
83
84
58
69
1
57
42
71
14
59
73
12
22
26
49
34
37
19
4
81
46
3
51
30
33
78
65
52
16
31
72
47
20
10
24
13
66
56
77

7
8
9
69
55
67
2
81
15
64
3
83
25
47
23
70
42
43
48
33
68
12
80
75
62
77
66
11
72
4
59
26
38
30
61
39
57
56
22
74
79
19
34
5
40
50
17
13
41
29
54
28
31
45
36
44
21
52
78
10
24
6
35
37
51
73
49
16
46
53
82
20
58
32
71
84
63
76
65
27
14
60
1
18

34
49
3
56
30
61
65
12
53
29
37
67
43
48
51
77
40
32
78
19
58
28
33
59
63
5
74
84
80
14
55
44
27
13
85
79
60
31
41
21
66
47
75
22
26
1
7
83
9
62
11
52
8
42
46
25
54
69
24
4
82
17
35
38
39
36
71
81
70
20
6
18
68
10
23
73
50
57
76
64
15
72
2
16
45

67
52
34
69
51
3
58
42
26
45
15
25
19
47
61
31
60
65
4
62
46
64
48
24
13
22
36
6
50
55
28
29
57
14
43
18
63
54
16
33
53
37
7
49
68
70
40
21
32
30
66
20
59
5
41
23
56
10
38
8
39
27
17
2
12
9
44
1
11
35

1

31
41
6
24
52
4
29
22
3
15
13
5
36
42
28
11
23
26
44
43
48
19
38
1
9
14
27
7
51
20
32
39
37
30
10
49
46
47
21
50
8
18
54
34
12
40
45
2
17
35
16
33
25
53

38
55
47
53
20
39
66
15
11
30
50
14
60
65
34
57
41
4
26
16
69
52
68
70
12
44
36
6
13
63
67
64
51
56
8
25
61
35
37
54
10
19
40
22
31
7
33
1
21
32
42
17
28
59
48
5
58
27
29
62
45
9
3
18
46
24
43
23
49
2

72
1
77
41
39
42
4
12
48
46
20
59
78
51
71
73
27
50
6
25
70
44
47
68
29
26
49
23
60
62
40
17
33
8
55
21
2
38
32
82
14
22
54
67
13
30
37
9
3
11
34
19
18
56
76
31
53
79
5
74
35
65
69
10
58
63
80
75
24
57
16
7
43
36
52
15
66
28
45
64
81
61

20
32
47
54
57
16
4
6
60
14
31
27
26
53
2
7
38
52
24
37
55
8
12
43
49
45
62
58
19
30
17
15
10
11
44
61
1
33
25
5
21
9
3
48
34
41
46
18
56
23
22
36
35
13
28
40
29
39
50
51
59
42

36
34
80
66
68
72
74
77
71
47
43
3
12
20
32
5
59
31
64
19
55
65
51
76
81
23
82
22
63
18
60
48
16
35
15
58
40
14
73
33
27
44
41
2
10
53
67
45
54
57
50
17
25
42
1
56
49
30
52
28
39
4
26
29
78
24
61
21
11
6
69
83
9
38
70
46
7
13
8
37
75
79
62

16
18
26
9
29
2
10
6
7
15
8
24
5
17
28
14
21
13
3
30
19
23
31
12
22
25
4
20
27
1
11

35
6
26
28
14
13
10
23
16
36
19
7
2
22
20
43
29
30
15
41
3
1
32
40
45
17
31
27
42
5
8
18
9
4
21
33
24
38
44
12
25
34
46
39
11
37

20
1
34
13
3
26
9
15
33
45
2
24
6
22
17
14
28
42
18
16
46
21
23
7
19
39
36
40
5
8
10
37
41
30
43
44
11
12
4
31
38
32
35
29
25
27

19
6
20
12
15
14
5
9
2
10
1
17
18
11
7
4
16
13
3
8

24
21
28
36
37
10
18
16
13
35
48
32
30
9
20
45
42
44
43
1
17
15
41
19
12
34
23
2
29
27
14
46
11
8
4
33
22
7
25
39
38
47
31
3
49
26
40
5
6

25
15
1
32
17
7
50
43
39
30
22
46
47
19
29
36
31
40
12
18
14
48
23
10
49
3
41
6
9
51
5
2
27
4
52
8
16
26
13
45
35
20
28
38
33
21
44
11
24
37
42
34

8
37
7
4
13
41
18
38
32
15
30
14
40
16
17
19
33
39
2
22
6
27
20
35
12
34
23
10
28
29
25
36
1
31
26
5
24
11
3
9
21

81
17
27
35
2
63
59
43
31
5
54
84
32
76
34
23
73
77
64
71
41
13
58
51
61
52
83
82
53
3
8
10
19
20
39
9
15
46
60
67
37
78
33
65
80
66
56
24
28
6
50
49
7
30
1
21
26
45
69
57
22
12
16
44
4
68
48
75
47
72
25
14
11
74
18
36
40
62
38
29
70
79
42
55

27
46
72
43
58
45
26
56
9
41
71
1
73
20
54
51
18
64
33
55
77
12
63
17
19
59
79
21
50
78
34
15
44
4
70
32
47
13
8
49
48
42
35
57
60
40
38
2
68
7
66
69
23
6
61
28
10
24
74
65
11
25
62
75
36
3
29
39
37
31
53
16
30
76
14
5
67
22
80
52

31
48
38
11
7
25
30
5
8
42
46
18
57
13
49
24
35
53
4
14
52
19
12
22
37
50
41
43
51
45
34
58
28
10
20
33
32
44
16
15
61
27
3
2
59
26
54
60
21
36
23
9
1
6
17
47
55
56
40
39
29

12
6
8
16
2
17
9
15
14
4
11
5
13
20
7
19
1
18
10
3

17
7
27
13
37
12
33
42
38
1
39
11
4
21
35
36
25
40
34
45
46
44
2
14
32
10
26
29
30
3
43
15
5
31
9
41
24
16
28
18
19
23
20
22
6
8

47
33
44
46
53
8
12
10
24
20
18
37
17
48
38
28
35
31
14
15
22
21
26
43
9
7
13
5
23
40
6
42
29
41
52
27
55
25
16
2
11
36
4
32
39
50
34
1
54
49
45
51
30
3
19

14
21
4
13
8
10
18
1
6
17
9
19
11
15
12
20
7
2
3
16
5

46
47
37
40
26
54
23
36
12
16
51
3
55
48
6
43
11
57
1
14
24
15
45
50
39
8
29
38
59
60
10
21
4
30
33
9
13
19
42
2
5
44
31
28
41
58
17
34
22
49
35
53
52
7
25
20
32
18
56
27

35
46
8
97
82
43
66
26
56
61
15
21
81
25
9
32
20
94
18
68
34
59
10
92
88
86
76
24
41
27
29
91
55
96
33
73
93
54
2
58
4
23
37
57
80
1
47
28
39
70
40
67
11
51
84
19
69
13
38
49
3
78
63
50
74
52
72
95
71
12
36
30
17
98
60
89
31
48
87
79
77
42
45
14
5
83
22
85
53
62
75
64
6
65
90
44
16
7

36
28
21
73
6
57
47
74
20
81
2
10
64
32
4
37
5
72
63
34
11
84
16
80
48
24
26
66
25
41
82
42
15
58
33
31
50
51
1
40
70
3
49
56
39
17
30
68
67
69
53
23
18
9
22
59
29
62
65
75
43
55
61
35
60
54
44
27
7
14
19
13
83
78
76
38
8
79
12
46
71
45
77
52

25
50
18
4
76
58
60
84
44
71
62
11
15
48
69
70
81
67
9
52
8
10
29
49
86
61
79
32
17
78
30
37
59
36
41
34
38
14
19
22
35
24
94
6
66
40
47
74
28
68
51
3
16
53
20
85
7
1
54
90
83
42
46
87
33
80
45
91
57
27
23
12
89
77
21
31
75
65
39
82
63
93
92
5
26
43
73
72
55
64
13
2
88
56

91
22
29
83
38
68
46
43
52
59
70
97
65
95
86
77
10
11
42
73
56
55
62
28
92
93
87
3
89
34
53
85
72
79
76
66
57
50
69
14
25
49
36
6
48
35
94
26
2
17
45
32
54
81
5
75
71
20
80
44
84
47
30
8
90
27
74
12
40
37
31
60
82
41
1
51
13
7
58
21
63
16
39
4
23
9
61
67
64
18
24
96
78
98
88
19
15
33

10
24
5
44
21
2
37
1
20
14
41
17
47
25
9
16
4
34
6
26
12
43
28
48
22
45
42
15
35
31
7
32
11
33
40
49
27
29
23
19
50
8
3
39
13
38
18
36
46
30

14
20
34
2
5
8
41
35
6
25
32
29
10
11
19
38
42
18
16
22
27
30
28
23
9
1
3
26
21
33
13
40
36
39
4
24
17
12
31
37
7
15

2
25
7
18
14
32
33
39
11
19
27
29
42
10
6
36
5
21
22
23
26
30
16
1
4
13
43
17
20
41
31
8
38
28
40
15
12
3
37
35
24
34
9

2
3
4
1

1
18
23
2
15
43
35
12
26
21
36
49
47
13
25
9
4
37
38
33
40
51
14
3
16
44
17
45
5
19
39
29
6
7
28
34
30
11
41
32
31
48
10
20
46
8
27
42
24
22
50

10
24
53
58
25
4
52
7
26
54
19
22
50
47
2
34
40
21
9
11
44
13
38
43
42
39
62
16
17
45
60
46
55
48
5
35
15
51
31
59
18
23
63
12
27
32
6
33
61
37
20
1
64
14
3
36
28
8
29
57
56
41
49
30

5
1
4
2
3

43
5
63
25
12
42
60
92
33
29
56
3
26
41
57
4
64
36
88
53
95
27
32
11
14
78
55
51
87
54
86
83
48
45
69
37
73
80
18
50
17
65
31
6
34
20
2
84
1
71
52
85
47
39
44
24
96
81
19
66
93
22
7
82
15
76
38
67
91
94
77
70
30
46
49
89
40
61
90
58
35
28
23
75
72
79
9
68
16
21
13
8
62
10
59
74

55
7
60
79
54
57
51
12
31
32
37
44
39
85
87
52
88
9
84
58
34
49
81
3
26
38
59
10
29
71
46
65
78
69
64
89
21
36
77
72
6
43
14
61
73
17
82
35
8
20
91
27
86
19
4
76
68
92
74
28
50
24
47
62
18
70
75
66
40
30
56
23
53
2
33
1
11
48
41
25
90
67
83
63
45
15
42
80
16
13
5
22

11
5
12
1
15
21
6
2
14
8
20
19
13
7
16
17
3
4
18
9
10

3
23
16
6
10
13
25
32
1
21
2
29
15
19
24
28
5
30
17
11
9
20
31
12
27
18
7
26
4
14
33
22
8

4
13
12
3
10
6
8
9
11
14
7
1
5
2

59
31
42
32
11
34
51
23
53
39
58
5
28
40
4
49
21
44
3
52
17
56
12
68
45
64
30
19
29
26
8
36
67
15
13
50
7
38
14
55
63
25
60
47
62
9
66
18
2
41
43
48
24
10
65
20
57
22
37
46
54
27
33
35
6
1
61
16

2
1
3

10
9
16
2
3
13
1
12
11
5
8
14
6
15
4
7

3
7
6
10
9
4
11
5
2
8
1

56
16
1
61
48
62
21
28
39
60
13
44
57
6
63
20
52
41
19
43
27
2
55
10
11
53
34
7
23
3
32
30
54
18
15
31
29
26
4
22
14
36
9
49
58
45
33
8
42
51
37
12
40
47
5
50
46
24
59
38
25
35
17

8
3
4
9
1
7
5
2
6

5
4
1
3
2

1
19
17
32
7
15
22
30
18
29
3
28
6
27
4
24
12
23
5
26
33
9
35
10
21
11
13
31
8
34
20
14
2
16
25

13
4
10
9
18
16
17
15
11
6
19
3
7
1
14
5
8
12
2

31
6
29
35
16
1
5
12
17
23
39
13
34
8
42
22
19
14
30
18
26
3
28
32
21
41
20
2
38
9
7
37
4
36
43
33
27
10
24
40
25
15
11

6
4
16
18
9
8
15
13
5
11
7
12
1
3
14
17
10
2

33
16
90
52
71
82
60
64
15
83
31
84
75
10
59
66
53
7
54
87
39
26
70
4
13
41
86
20
21
9
37
56
25
68
74
28
78
6
14
89
8
38
67
61
32
24
3
81
51
65
19
77
36
91
92
62
44
2
69
79
49
45
57
29
73
18
23
5
35
76
1
11
63
34
50
55
47
40
85
12
88
27
30
48
22
93
43
72
17
80
46
58
42

30
49
41
42
46
16
44
6
31
15
29
9
47
37
2
25
39
23
28
12
19
34
11
43
32
1
3
17
20
38
14
26
33
48
27
13
21
18
40
10
7
4
35
22
24
45
8
5
36

40
19
33
17
29
35
10
4
27
28
7
21
2
39
31
14
22
26
12
1
23
5
41
37
3
25
43
9
30
20
38
34
24
45
46
36
32
47
18
8
15
42
13
11
6
16
44

42
29
2
15
44
46
49
38
6
25
31
8
37
30
40
17
36
13
9
50
47
23
39
48
28
3
11
34
22
41
51
24
10
27
4
16
20
21
12
19
1
5
32
26
43
35
45
14
33
7
18

5
25
26
23
6
4
24
18
32
22
35
10
8
34
29
1
11
21
30
17
13
9
7
33
27
28
15
20
16
19
12
14
2
3
31

2
7
8
1
11
12
6
3
5
10
9
4

10
16
15
2
18
13
9
7
5
6
14
17
12
4
3
20
8
1
19
11

48
88
18
98
41
84
13
79
38
23
89
59
85
80
3
43
2
94
39
92
40
29
47
97
50
9
77
5
4
30
49
7
21
96
22
61
42
10
6
19
20
28
87
66
69
54
60
52
32
14
27
57
81
11
15
78
74
17
67
64
33
83
58
62
63
72
95
86
8
16
24
93
35
68
75
44
26
82
90
76
12
55
31
51
25
65
37
56
70
45
34
53
36
46
91
71
1
73

11
8
10
3
5
1
7
6
4
9
12
2

30
1
16
20
13
18
29
27
4
28
23
6
19
15
7
5
11
8
26
24
12
10
2
14
3
22
9
21
25
17
