570949045 521492391
706908449 275340191
554476491 529772481
665475421 36509487
673147694 261944312
734888450 229958582
583270011 54714975
737841456 320677574
444039430 175593670
888753987 91150073
751499730 152867092
171475796 140730856
502109148 206779818
578507316 55642244
733830771 550987339
651081846 62258742
532141073 281688379
496641924 159366410
715048973 77229271
941793799 13178977
313451987 121549743
557760849 333093579
636330620 112897848
608845869 338040619
459773687 86876923
591650691 247355353
453353784 46589074
147782945 144388973
701065024 16258648
527779940 308104916
431998002 126972622
476753741 382840465
273343506 160003494
688012999 675968909
673378575 267816773
517334491 116330753
827681969 340200749
967527549 191590567
452825851 416438043
768625279 108788659
967084106 252478296
350452811 347513723
765266231 508868857
510258891 329078337
211558272 58941246
703080555 325056781
851828119 38437259
691527965 212801589
500465023 385843241
850209768 402664766
904949635 47727099
480368296 137992442
723323239 342539491
576296541 248577105
951345411 308872361
984798341 214486125
560420450 468309240
888618005 294748797
704500876 395358880
702834722 110689502
705073770 128650018
700558427 582730449
371808950 59509422
474464468 301249844
754503367 486594087
631025418 275040486
290486009 48810139
572953635 302876007
968429891 45578281
785924190 433712342
277347191 223255501
723472815 592674201
620428790 27828206
315833793 231832923
586894065 582830901
454460827 250077947
266032867 51030455
784554990 197562302
68002202 9882250
625010871 341195085
898125223 462235739
626559019 81428179
867299358 29088668
148418447 84440447
732742915 145652087
330827968 312374636
631561212 2852598
566201778 46872224
585662975 535704463
640305360 116212012
610338290 363201580
200549197 168359653
690147810 363106548
718657326 46293506
785189540 230445866
216723369 163571583
762944499 494148697
724691361 420056553
636074518 350988092
729587847 229137587
0 0
