23718277
214774079
11341955
313472917
204591641
251454884
263267468
207571891
133212830
397791907
298306269
14362420
146654615
260422486
90411666
293401502
124216297
167627707
317899801
463297361
94941072
111323585
260706336
134392575
185438332
171137619
202372305
1402430
341393138
108827462
151502640
45946588
55659956
5011995
201770851
199491819
242730560
386958441
17183854
328908260
356292855
1212895
127188637
89580227
75298463
188001837
405685380
238353138
56300841
222762451
427601218
170177877
189381824
162849668
320226475
384146058
45045555
295924554
153560948
295062560
287201826
57903939
155139714
85597262
132944590
176982416
119827885
134028764
460415755
175095874
26035795
64389257
295290242
40990385
1681260
101181390
106491156
292486294
28049926
140897843
216934692
271555370
418095295
30978950
292535364
8216616
313344257
258654727
23969206
261036624
122558305
15084722
162510581
335171860
276361787
25565843
133387851
151307354
141533163
249215080
