15

13
16
0 2
0 10
0 4
2 11 
2 1
1 11
1 7
7 8
7 6
8 12
9 12
10 12
10 11
4 9
4 5
5 6

15
20
0 1
1 2
2 3
3 4
4 5
5 6
6 7
7 3
6 3
6 4
8 9
9 10 
10 11
11 12
11 13
12 13
13 14
8 14
8 11
9 14

14
13
0 1
1 2
2 3
2 9
2 10
3 4
3 6
4 5
6 7 
6 8
9 12
9 11
11 13

17
26
0 1
0 2
1 2
1 3
1 4
2 5 
2 7
5 6
5 8
6 7
6 8
7 8
3 9
3 11
9 10
9 12
10 11
10 12
11 12
4 13
4 15
13 14
13 16
14 15
14 16
15 16
 

20
63
3 5
2 8
9 13
2 4
4 6
1 12
5 11
1 14
0 12
0 1
8 11
5 16
0 7
9 12
4 19
9 11
4 9
3 4
0 17
2 19
11 14
0 13
10 13
13 15
0 9
2 6
6 19
10 16
4 16
1 7
5 9
5 14
3 9
16 18
8 19
11 12
2 10
2 15
5 18
3 17
7 13
7 18
0 2
1 8
2 9
4 5
8 12
0 18
7 9
5 12
9 16
8 15
12 13
0 12
9 10
4 7
9 14
7 8
5 17
17 19
0 3
7 18
14 16

21
63
0 3
8 16
1 2
15 20
6 19
1 3
10 13
1 17
5 16
5 7
12 14
14 17
4 6
16 17
7 14
16 18
2 19
1 13
14 18
12 13
9 20
3 12
0 12
6 15
9 17
1 20
1 5
2 16
2 18
3 9
1 20
10 16
4 10
9 20
8 11
8 17
6 18
7 20
10 18
0 13
6 11
3 16
3 10
2 8
8 9
1 18
19 20
1 14
7 11
10 12
5 8
18 19
14 18
8 11
2 19
6 18
0 12
3 20
13 19
12 17
3 8
3 6
7 9

22
63
6 13
3 15
2 21
6 17
8 9
12 21
6 9
2 9
4 12
6 16
2 12
7 8
12 17
10 13
9 21
5 7
19 21
10 18
18 21
0 3
11 19
13 21
6 10
6 21
4 14
14 18
11 13
19 20
13 15
7 12
0 2
13 18
3 6
2 3
3 4
1 13
1 13
4 8
4 19
0 5
14 19
2 8
3 14
9 21
10 17
9 17
0 21
4 16
11 15
10 20
18 21
5 12
3 12
2 20
8 12
6 19
6 21
8 20
6 13
15 19
1 3
1 19
12 17

23
63
5 8
11 12
10 21
12 20
4 21
3 22
10 16
14 22
3 13
17 19
1 18
18 22
1 7
8 12
2 16
2 4
15 21
3 5
3 6
0 20
18 22
9 13
8 15
1 3
1 21
11 17
4 20
10 20
6 21
17 22
0 14
14 22
13 21
15 22
11 21
12 22
5 12
7 17
5 15
7 13
13 22
1 10
16 21
0 18
17 19
0 4
5 10
0 20
1 22
10 21
3 21
12 19
0 13
4 8
14 15
19 22
11 13
8 11
4 14
9 12
6 7
3 10
6 14

24
63
14 23
13 21
7 8
12 15
8 16
3 10
17 21
3 23
12 19
2 3
10 16
18 20
10 13
8 11
11 20
17 23
2 14
11 16
6 23
12 20
0 18
17 19
15 22
8 23
3 15
3 6
6 13
7 20
3 12
2 17
1 9
2 14
12 23
5 15
8 17
7 8
4 7
12 21
13 16
3 16
12 23
5 18
4 23
3 9
2 18
11 21
1 3
22 23
7 10
1 18
4 5
8 21
9 12
13 17
16 19
9 18
0 4
11 12
8 12
4 21
6 22
1 12
11 23

25
63
5 23
10 19
1 9
5 12
16 21
1 23
1 12
9 19
9 20
20 22
1 3
0 10
0 4
15 19
11 23
0 12
9 24
1 11
8 19
3 12
5 19
13 14
10 23
13 22
9 17
11 18
9 11
4 12
19 24
2 4
14 24
13 21
7 23
2 15
2 5
2 12
2 9
17 22
18 24
3 23
17 24
3 6
6 11
2 19
4 6
1 4
1 2
10 24
7 23
1 7
7 13
5 20
1 6
0 2
19 21
3 18
3 4
11 20
2 13
20 23
0 6
0 1
4 9

26
63
0 11
5 25
9 17
12 17
12 14
5 18
10 16
1 5
4 17
5 19
14 17
9 12
5 15
4 18
10 18
2 5
5 19
13 14
5 23
17 23
4 11
16 23
0 6
10 17
0 16
1 15
21 23
18 23
7 14
4 17
7 11
7 19
1 10
3 25
1 8
3 16
8 13
1 6
3 18
8 23
10 20
3 14
16 22
13 25
4 5
15 21
15 17
2 10
5 14
5 21
6 21
4 16
5 22
4 6
20 22
8 14
12 21
17 20
22 25
16 17
14 19
17 23
10 24

27
63
3 6
6 16
23 24
10 23
5 22
25 26
8 19
10 18
4 17
17 18
7 26
6 21
18 26
3 13
3 4
11 17
18 25
2 6
8 17
6 23
3 23
2 4
7 18
8 15
9 21
0 5
13 25
11 19
13 24
4 7
12 17
15 23
21 25
2 15
14 16
3 21
2 21
22 26
5 14
1 13
5 13
3 17
3 16
13 19
14 17
19 21
2 11
9 23
0 3
0 24
8 22
10 16
15 19
23 26
12 15
3 8
17 26
8 19
10 17
9 13
3 20
17 20
7 11

28
63
22 26
9 18
6 9
1 15
1 25
9 15
3 16
2 15
9 21
5 17
1 17
7 16
7 14
12 22
9 23
12 16
0 1
7 14
9 10
8 23
10 22
1 22
2 4
18 23
12 22
14 17
5 10
5 20
4 25
7 13
13 24
11 14
3 24
24 25
7 13
1 21
0 5
8 26
11 26
17 25
2 22
2 21
2 19
2 9
7 9
1 6
0 4
2 18
20 27
6 20
10 16
3 16
3 19
7 21
1 14
1 19
2 7
12 17
13 18
22 24
2 23
14 21
22 25

29
63
5 7
15 21
23 27
3 21
2 19
13 28
15 27
6 23
5 15
9 26
17 21
4 19
15 17
20 23
14 21
6 21
4 8
9 25
15 21
13 18
1 28
6 21
15 17
4 22
14 15
26 27
15 19
6 16
10 14
0 26
11 28
3 28
17 25
19 27
3 5
25 28
11 13
5 12
7 8
5 8
3 13
10 13
8 16
13 21
18 28
12 23
10 11
1 2
12 16
2 27
13 19
1 10
3 16
3 28
1 4
22 25
3 4
16 24
5 20
7 20
0 14
8 23
4 7

30
63
8 19
3 13
12 29
14 26
8 19
11 20
10 12
1 22
17 29
9 14
1 21
2 5
8 14
9 28
15 20
1 26
3 27
3 12
6 12
25 27
5 8
8 13
11 13
2 23
10 28
4 26
1 15
7 27
6 14
11 24
2 14
2 13
1 24
2 13
4 10
12 25
8 28
3 25
1 7
14 22
9 23
23 24
4 10
2 4
2 20
4 20
14 23
3 28
2 11
9 19
5 29
2 7
1 4
19 24
6 17
8 17
20 29
22 24
14 16
25 28
11 19
0 24
1 8
