Case #1: 7
0 1 4 5 7 11 12
Case #2: 8
1 3 4 6 8 9 11 13
Case #3: 6
0 2 4 6 9 11
Case #4: 10
0 2 3 4 6 8 10 12 14 16
Case #5: 13
0 1 2 3 4 5 7 8 9 11 13 16 19
Case #6: 13
0 1 2 6 7 8 9 10 12 14 16 19 20
Case #7: 14
0 2 3 4 5 6 8 9 10 11 12 13 18 19
Case #8: 14
0 1 2 3 4 6 8 10 12 13 15 17 21 22
Case #9: 15
0 1 2 3 5 7 11 12 13 16 17 18 21 22 23
Case #10: 14
0 1 2 3 4 5 9 11 13 16 19 22 23 24
Case #11: 14
0 1 3 4 5 7 9 10 13 14 17 21 22 23
Case #12: 15
0 2 3 4 5 8 11 13 15 16 17 18 21 23 26
Case #13: 16
0 2 3 4 5 8 11 13 15 16 17 18 21 23 26
Case #14: 15
0 2 4 5 7 9 10 13 15 16 21 23 25 27 28
Case #15: 15
1 2 3 4 5 8 9 11 12 14 17 20 24 27 28
