10
62 -81 4
-46 93 -21
-32 -48 16
67 19 83
68 -72 33
-17 16 -88
62 -95 -36
-71 -21 61
-65 59 25
55 57 -99
9
42 -36 48
-92 79 94
-77 55 -67
-61 40 -65
28 51 57
43 -85 13
14 5 43
14 55 31
-20 78 17
9
79 97 67
-70 24 23
-40 -44 -96
-28 -42 -69
-96 -36 -64
57 -32 -73
-100 -96 35
42 28 -50
-42 -36 -13
4
-72 -75 -88
-41 -25 -35
97 -46 -48
-94 -61 3
8
71 20 15
-86 -32 -25
-11 51 23
-72 -47 51
83 -41 75
50 13 35
-69 47 92
49 -95 -68
10
7 83 58
79 71 -2
-39 60 -18
39 0 -69
-14 -78 -19
59 -20 4
-11 -61 3
98 -56 -43
-59 -65 97
45 44 -57
5
-88 -57 56
-81 -67 93
-58 -40 -18
-99 97 10
-37 36 -12
9
51 -73 -76
-68 45 -23
-86 1 -49
-90 29 39
17 -57 -74
-4 -72 -95
10 60 -85
-65 -40 -81
43 20 8
9
-85 -86 83
40 43 -32
-62 28 55
92 -89 -81
81 6 1
3 -59 -48
23 -67 63
25 80 -93
81 99 29
10
-16 22 90
-14 20 34
-22 -13 83
69 10 -5
-96 -82 42
-79 100 79
-19 23 -27
-73 11 88
-2 -90 29
-87 -100 -94
5
-1 76 -64
-54 -8 65
80 -76 -93
4 86 -7
-31 -89 80
9
-12 -99 -41
-1 -58 -77
54 98 -74
26 45 59
-68 -89 -23
-4 79 10
24 94 -84
-48 88 -69
39 -1 73
6
73 28 31
-3 -73 53
39 -24 -97
-19 -12 -37
-12 -90 -71
84 100 -37
10
1 -4 -78
-55 -26 52
-11 -62 90
-62 -39 91
-21 32 37
-27 31 39
26 -68 -32
31 -37 44
6 -49 -32
-64 -74 97
10
36 -90 -40
-99 -36 12
40 -65 -5
33 -66 -98
60 -93 24
28 -37 -72
14 -7 -76
54 -57 -68
-24 16 51
-49 4 27
9
-24 -65 59
-39 -82 40
-87 -55 77
-1 20 -78
-3 69 40
-29 56 -100
-18 54 -21
-33 4 40
-3 -84 31
4
42 31 0
80 -19 -34
18 19 -61
8 -42 -87
8
-75 -28 0
55 -22 61
52 -36 -96
-36 -21 97
-20 -68 -96
-24 -32 -87
-51 -67 66
73 23 53
8
78 42 -100
-75 1 -70
-35 -24 -49
43 -1 -58
60 -97 -26
-98 -82 -90
38 11 -91
36 24 5
10
-25 -42 0
-73 79 67
64 -30 -36
-65 9 15
76 22 2
70 29 -85
77 -81 -45
-91 -43 -23
51 -68 65
-62 -82 -51
9
-44 84 58
-57 -72 -35
-57 -61 -17
100 -31 2
-93 19 -82
-96 -37 -87
43 39 -83
72 95 27
-27 -8 -21
10
-99 -10 75
-49 -6 -30
78 95 -56
-60 -27 50
-42 -11 28
30 -81 -29
-15 -84 -71
85 -62 -19
29 10 11
-52 67 -24
9
67 21 60
19 5 28
-14 85 -39
84 45 -34
-46 2 -72
-56 -71 66
-39 -94 93
-53 -71 67
81 -7 -12
5
82 50 99
96 25 9
83 60 23
1 -19 -71
-5 -51 50
8
-1 47 -78
2 26 -29
29 -51 15
79 52 57
-42 -13 -45
-39 67 56
3 77 -49
24 -51 58
8
73 -76 82
84 -51 87
16 50 -51
-68 100 89
91 39 52
-55 73 -85
-78 -32 -73
-26 -92 -4
7
24 -94 -4
81 -55 -51
31 -27 -77
78 75 37
-34 -41 63
93 -87 17
-61 -58 -53
8
32 -1 -47
8 -84 15
16 40 -3
-51 23 43
-75 -91 -95
22 -22 -36
48 -28 -29
-3 27 -2
8
3 95 76
58 -51 -78
-32 -30 82
-15 79 56
47 83 -52
-52 73 -18
77 13 -97
-67 -54 34
6
-36 29 -97
27 67 99
65 -75 -40
34 43 -81
-54 -19 -86
-9 -43 31
4
-16 48 84
-94 -91 -78
-51 -29 9
25 -80 -12
8
-28 11 8
-34 6 77
-57 -13 -93
25 -29 -31
-55 35 -36
-51 -15 94
-52 -67 24
-9 52 27
8
17 -22 20
34 13 46
-66 16 -21
-76 15 -98
46 63 -37
4 -72 -53
-1 18 -10
76 -100 -60
6
32 -90 33
-82 62 81
-66 -88 29
24 57 -3
12 -22 6
-45 11 -70
5
61 -31 -33
89 35 5
-1 -29 68
-51 75 20
37 64 36
5
-71 35 33
15 84 -15
-95 52 -47
-16 -44 47
46 -27 49
5
-75 21 26
-49 -53 -84
-2 26 9
84 74 -49
-39 31 77
9
-8 -83 -17
-92 -71 -69
-1 -38 -6
53 8 91
-50 -42 61
-39 18 5
8 -86 -95
75 53 -45
90 40 -87
8
-68 -40 26
-21 1 -20
-19 -13 72
-37 -84 -89
41 78 -20
52 -63 92
-59 67 75
22 -96 -83
5
-62 -97 -93
87 11 47
-93 -35 -89
28 -47 -37
62 19 90
9
-38 66 52
-3 -77 92
2 50 -78
99 77 -43
-67 86 -39
-81 67 -5
77 87 13
90 -99 -79
-39 -68 -52
9
5 3 -36
6 64 -15
-48 -67 100
-71 28 -6
-42 31 32
-21 41 86
34 -73 47
1 25 -94
-62 44 -84
4
56 79 13
67 56 -15
24 -96 -11
41 -30 98
8
46 70 -36
82 -62 30
-26 -31 -6
-7 -15 -49
-55 50 -51
32 -65 40
85 72 85
73 57 92
7
48 26 -65
49 -62 34
-43 79 11
28 -6 86
-81 60 -3
-42 48 7
-23 24 82
9
-78 40 5
-82 -47 -58
-3 10 -39
-37 -91 95
33 89 -62
-51 -67 -30
-96 -69 18
-55 96 -45
47 -28 78
4
-36 31 -15
10 88 36
-61 -43 -92
0 -97 37
10
47 -1 -80
87 7 83
22 81 90
48 65 21
94 -28 -51
93 -95 43
39 31 -26
41 -65 0
26 -66 -86
-27 52 11
10
64 -53 -27
-40 -95 -72
-35 -35 92
-24 -19 31
65 -30 26
60 -65 3
100 -6 27
-29 35 33
-65 57 -72
-10 59 -81
7
-94 13 90
-46 -52 -15
12 -53 -12
64 76 36
69 96 33
-57 -21 60
-34 -81 -24
5
77 -62 41
-4 -55 -41
65 87 93
-59 -2 100
5 50 62
6
-57 -65 23
69 -100 36
29 -43 -89
91 -26 -94
-33 -79 26
-3 82 -61
5
80 72 -23
40 -72 74
94 -88 95
-21 94 18
11 -100 -42
6
-91 85 82
7 85 6
4 33 35
46 -42 79
-32 26 1
61 60 -32
5
34 -62 -49
-49 -6 57
87 -62 -29
72 -14 -56
35 43 34
7
4 -6 1
64 -86 47
-91 68 -59
-69 -36 -35
-44 63 72
7 37 -90
-98 -16 55
6
-10 -29 66
76 88 -14
28 -69 91
-56 5 -63
62 40 54
-79 -3 9
5
-86 48 -71
65 56 13
70 -95 -49
-61 -59 68
78 55 58
7
17 -99 -84
-85 40 52
67 58 -19
94 -1 0
-71 74 73
38 90 -21
26 -27 80
5
24 -67 67
-50 -77 0
80 -36 -88
42 30 31
55 -66 -16
5
47 -58 13
87 10 -46
-75 -8 -49
-21 -46 91
-72 -17 -9
10
87 -25 -96
-42 35 88
-45 -82 -64
12 43 -81
67 10 84
-20 -69 8
-23 67 35
25 -15 91
79 -18 97
-99 80 -33
8
-3 -18 73
74 -8 -41
-41 -95 -5
75 85 -21
30 43 77
-43 -96 -9
-88 87 -60
-10 78 -100
4
-14 -50 28
-10 -56 -48
64 44 49
33 -44 61
9
24 65 -86
12 -46 20
-35 -81 6
-19 40 -96
97 -40 -22
-94 11 -52
-71 -54 -94
-16 -13 66
35 -88 0
4
-48 -70 81
-32 34 87
48 63 -95
-88 -55 44
7
78 72 73
44 5 11
-46 -62 -98
-37 100 -93
-96 63 15
-48 -30 58
17 -36 65
5
-97 -20 37
56 -90 -94
59 -60 46
43 -8 23
-47 -70 -13
10
-16 -25 -85
-57 38 80
-45 -61 -56
-50 47 -11
-26 -17 -74
-15 -19 37
53 77 22
-9 74 84
-19 -30 70
-56 68 -34
8
-84 23 78
-69 -53 85
9 56 -58
-59 32 15
11 42 100
-47 -27 -26
-87 -79 56
-44 21 94
7
-20 -95 29
-53 10 27
73 -81 22
15 70 47
97 -70 44
-11 17 -1
35 78 80
10
76 -80 46
-54 -6 -84
68 23 -79
9 -4 -86
17 -7 0
-69 86 46
18 9 -55
-69 49 99
99 -23 22
-72 -23 -25
8
-37 87 -16
-2 86 -86
-6 82 -58
17 -85 31
5 -12 74
-13 -84 95
-60 -3 -89
5 -47 -69
9
50 48 3
89 -16 -26
78 -46 96
-33 -17 -87
15 -71 -42
-16 52 87
38 23 -74
30 65 83
-90 -36 12
5
-62 -6 -24
56 -27 -49
-45 -52 -13
72 -36 98
-19 42 -5
6
84 48 33
-11 -17 44
-30 -98 -63
9 -5 -42
-57 20 41
-94 -58 -97
9
-92 -3 -98
-74 12 77
20 -54 64
82 -51 39
-25 -50 -85
71 89 -74
15 4 34
13 35 2
42 41 -51
8
98 93 53
17 11 97
-67 -47 18
-4 64 -69
-90 -64 -19
-38 -100 54
-80 63 20
-93 -80 -76
10
76 33 -13
-12 -52 -67
-87 19 -48
-90 94 -78
-91 -53 48
78 -66 51
4 0 -92
-99 34 65
4 100 56
-55 53 49
5
-65 -4 -4
26 -59 35
96 -7 -12
-79 -50 -30
47 32 -75
4
83 -84 73
-30 0 -18
-88 13 43
-6 46 -14
8
-57 81 -95
-58 43 2
58 85 -70
38 -71 10
6 -47 74
17 62 60
-42 -60 28
96 45 -97
7
33 24 42
38 -71 -76
-27 70 -48
47 -99 -62
-53 -31 37
-49 -59 81
59 -62 -42
7
65 20 69
83 -57 -30
92 -41 -73
-91 59 -9
6 78 -89
27 80 58
-65 98 -74
6
-28 23 -37
-95 82 42
14 -41 43
-80 -36 5
-73 -83 -61
64 -14 33
7
-44 -37 6
99 42 -3
31 34 56
-12 35 71
-8 0 80
-40 61 5
-7 78 48
5
60 -46 -83
-10 -33 -63
-97 -20 -22
-78 98 -97
97 -55 16
4
43 40 -17
18 71 72
-36 77 2
17 77 -56
10
-75 40 -10
33 -74 -95
58 49 -75
-67 48 23
-24 -4 4
-34 -65 -68
-22 88 76
86 52 2
47 -48 22
-86 45 -87
6
-76 -7 -52
-41 49 -62
75 60 -84
-13 -90 47
1 -55 15
7 39 65
8
-100 -41 -7
-64 9 -72
44 -6 9
27 -38 53
-58 -6 75
29 29 -74
-91 -82 98
-91 -21 21
6
-74 -42 -56
82 -82 73
60 7 -79
-85 -39 -99
70 -4 -34
-73 -92 46
10
-63 -3 66
19 -56 -16
-31 -53 83
-80 40 -62
-87 -84 11
-41 -95 -3
-44 -74 -73
10 -85 -39
-20 6 14
47 74 22
6
-62 -47 94
-79 41 -17
-15 44 -8
61 -10 64
-22 -4 91
72 -53 57
8
-31 31 60
85 -69 -38
-86 50 16
-84 -51 75
68 -61 75
-41 45 -96
-30 98 -54
20 75 -43
5
-18 -6 97
-83 -41 -21
-90 65 47
-86 42 87
-40 72 -55
8
92 -83 60
55 -37 -27
59 22 25
0 42 10
59 44 77
-100 75 69
-32 -68 34
-4 62 -12
5
43 -21 -29
-88 71 -27
88 -28 -48
78 -8 79
73 -74 82
10
59 -48 -17
-8 44 -62
-51 -25 -90
-74 -75 13
-82 -60 -30
-70 -35 71
21 97 89
23 -77 -11
-13 12 -52
-75 -1 30
10
88 8 -99
27 94 32
-66 96 -96
-23 46 -57
-90 -34 92
-89 71 -72
97 4 95
-79 -79 75
13 79 -20
-98 84 52
0
