3433547.52
2102781.08
2949751.58
583720.87
2207944.97
2810668.59
527954.00
1969497.43
4593062.47
3931073.57
1126655.03
2574453.23
1440089.27
1083379.22
1489518.91
1508532.18
127906.78
1324146.80
2124759.51
3293865.54
3395309.20
3121773.51
2191216.02
645171.41
1565651.55
4872754.65
2497509.63
1585060.44
2535547.25
2403597.36
170505.04
1257614.87
2037704.14
2062507.61
793689.69
745189.04
807099.31
3000302.87
3394265.75
500294.64
4551176.93
1888300.83
227023.53
1691582.23
789273.41
3033518.17
406612.13
2165608.51
3006591.32
840932.02
1386964.06
1574904.98
2301278.74
1448224.35
616330.59
2582132.22
1284278.28
2931176.25
3205356.99
1119699.72
858396.06
4629696.01
3680423.09
264376.10
1994364.97
1027646.80
3662109.21
1154215.30
1971961.67
1518283.25
879897.98
3233898.69
1723436.51
3295128.21
1253852.09
1536566.00
3320988.39
3748323.55
4373714.29
780960.40
724846.20
2971504.31
2267465.69
2383113.53
2184744.17
1000704.55
1686560.91
167298.20
3145930.50
1829475.86
1518619.04
572730.88
2502435.65
788439.35
2877463.04
876118.14
2504106.62
1354990.45
3074776.07
5836686.61
