285
2
281 4
17
4
4 0 8 5
15
2
5 10
238
6
3 1 0 0 0 234
14
9
2 2 1 3 2 1 1 2 0
15
5
0 9 3 0 3
15
9
2 0 2 3 2 3 3 0 0
198
3
195 3 0
15
9
0 2 2 3 1 0 1 3 3
19
6
4 2 8 0 5 0
281
3
0 0 281
21
4
5 0 7 9
16
3
10 5 1
13
8
2 2 2 1 1 0 3 2
16
4
0 8 0 8
13
9
1 3 3 0 1 0 2 1 2
14
9
3 0 2 0 3 2 0 3 1
13
9
0 3 1 3 0 2 1 0 3
19
5
4 2 2 1 10
18
4
3 9 6 0
15
4
1 4 3 7
22
3
7 5 10
18
6
0 5 0 3 10 0
20
5
4 1 5 10 0
15
9
3 0 2 3 0 1 1 2 3
14
6
3 2 3 2 2 2
6
4
1 3 1 1
13
12
0 1 2 2 1 1 1 0 0 2 1 2
13
10
1 1 0 0 2 1 2 0 3 3
19
3
7 10 2
14
5
7 3 4 0 0
16
5
2 1 1 10 2
17
3
4 9 4
13
9
1 2 1 2 2 3 0 1 1
132
3
2 2 128
12
7
1 1 3 2 3 1 1
253
2
2 251
14
9
1 0 2 3 3 3 2 0 0
23
6
8 0 0 5 10 0
14
7
4 2 4 0 1 0 3
13
9
1 0 0 1 2 3 2 1 3
265
3
0 262 3
297
3
0 0 297
13
7
2 3 0 1 2 2 3
22
4
6 0 6 10
20
5
0 0 10 0 10
21
5
0 9 7 5 0
22
4
0 10 9 3
14
9
1 1 3 2 1 0 2 1 3
20
5
0 6 10 0 4
14
8
1 3 3 1 1 2 2 1
19
3
4 6 9
15
4
1 3 6 5
14
7
3 1 1 2 3 1 3
21
3
7 4 10
16
5
3 3 0 7 3
14
11
1 3 2 1 0 1 2 1 1 0 2
17
5
6 5 3 0 3
188
2
184 4
213
3
0 4 209
21
5
0 9 4 7 1
12
10
1 2 0 3 0 2 1 2 0 1
18
6
3 4 0 0 2 9
127
4
2 123 0 2
15
6
3 3 3 2 2 2
187
5
1 0 3 183 0
294
4
0 2 291 1
15
7
1 2 3 3 2 1 3
17
3
2 8 7
13
5
0 3 0 7 3
13
10
0 2 2 2 2 1 1 0 3 0
19
4
3 8 8 0
18
3
10 4 4
284
3
3 0 281
16
5
5 8 2 1 0
13
11
2 0 1 2 1 2 1 2 0 0 2
11
2
1 10
243
2
3 240
16
7
5 0 0 1 2 8 0
15
5
3 9 0 0 3
17
5
3 1 6 0 7
15
10
0 3 0 3 3 1 1 0 2 2
14
9
2 2 2 3 0 2 0 3 0
15
10
0 1 3 2 3 0 2 3 1 0
15
7
3 1 2 2 1 3 3
14
6
3 3 2 1 2 3
196
4
1 193 0 2
19
4
0 5 5 9
14
8
3 1 1 1 3 2 1 2
13
5
5 6 2 0 0
89
6
84 0 1 3 1 0
14
7
3 1 2 1 3 2 2
14
9
3 1 2 1 1 0 2 1 3
58
4
0 2 4 52
21
6
7 0 0 7 7 0
71
3
1 67 3
13
7
3 2 1 2 2 1 2
20
4
5 6 8 1
14
7
2 0 1 3 3 2 3
17
6
2 0 6 0 7 2
14
11
1 2 2 0 1 3 2 1 2 0 0
14
9
1 1 1 3 3 2 2 1 0
20
5
10 4 1 5 0
14
11
1 3 0 2 0 1 1 3 1 1 1
20
4
8 6 6 0
14
9
0 2 2 3 2 3 2 0 0
154
2
150 4
13
10
0 2 2 0 3 1 2 0 1 2
14
9
1 3 3 2 2 1 0 0 2
15
8
2 0 3 2 1 3 1 3
14
6
3 2 2 3 2 2
15
5
8 0 0 7 0
15
7
2 1 2 3 3 3 1
13
12
2 1 2 0 0 1 1 1 1 3 1 0
18
5
0 10 6 2 0
79
3
1 3 75
13
8
0 0 3 2 0 2 3 3
22
5
0 4 0 9 9
250
2
246 4
16
9
0 1 9 1 0 2 2 0 1
291
6
0 0 287 0 2 2
18
5
0 0 10 8 0
283
5
0 0 0 281 2
13
7
2 1 1 1 3 2 3
14
9
0 3 2 0 1 2 3 2 1
21
4
6 6 9 0
18
4
0 0 10 8
12
9
0 2 1 2 1 1 1 3 1
14
6
0 3 3 3 2 3
14
7
2 1 3 3 3 1 1
12
8
2 1 1 1 2 1 2 2
189
4
0 186 3 0
89
4
0 4 85 0
14
10
2 3 0 0 1 1 1 2 1 3
15
8
3 3 2 0 1 1 2 3
19
7
0 3 2 0 10 4 0
14
7
3 2 3 1 2 3 0
18
5
10 0 0 0 8
19
5
6 0 8 4 1
21
5
8 0 8 5 0
99
5
96 0 0 0 3
21
7
6 1 4 0 0 0 10
18
4
6 10 2 0
15
4
10 5 0 0
65
2
1 64
199
5
0 195 0 0 4
17
4
7 2 7 1
19
6
5 0 8 5 1 0
19
5
0 8 2 3 6
13
6
3 1 2 2 3 2
14
9
1 2 1 2 1 1 2 1 3
18
4
5 1 4 8
16
9
1 0 5 2 0 2 0 3 3
12
10
0 1 2 3 0 3 0 1 1 1
22
3
8 10 4
288
2
1 287
15
5
5 0 6 2 2
13
6
2 2 2 2 3 2
208
3
3 0 205
15
8
3 0 1 3 1 1 3 3
16
5
0 6 10 0 0
103
3
99 0 4
13
6
1 1 3 3 2 3
209
2
0 209
14
4
2 2 9 1
22
3
7 10 5
16
4
0 9 0 7
13
9
0 1 0 1 1 3 1 3 3
13
8
3 3 1 0 0 3 2 1
22
5
9 3 1 9 0
13
7
0 3 2 3 1 3 1
14
5
10 1 0 2 1
14
12
0 1 1 2 0 2 1 1 3 0 1 2
13
4
6 0 3 4
13
8
3 2 2 0 1 2 2 1
20
3
5 8 7
285
5
4 0 0 0 281
22
7
0 0 1 10 0 9 2
12
10
3 0 1 1 2 1 0 1 3 0
12
7
2 2 3 1 2 0 2
17
3
9 5 3
14
7
3 0 3 0 3 2 3
12
4
4 4 0 4
15
9
0 1 1 3 3 3 3 1 0
12
9
3 1 1 1 0 3 1 1 1
13
6
1 2 2 3 3 2
15
7
1 1 3 3 2 3 2
14
6
0 4 6 3 0 1
14
8
2 3 3 0 1 1 1 3
13
7
1 1 3 2 1 3 2
19
6
1 0 7 1 6 4
210
1
210
17
5
7 5 0 0 5
17
6
0 6 0 3 4 4
13
10
0 0 1 2 2 1 3 3 0 1
13
7
2 1 3 2 2 0 3
17
5
0 0 10 1 6
14
11
0 3 2 1 1 2 1 2 1 1 0
18
3
3 7 8
18
3
3 9 6
