269145735
3063060
3003
521379460
908107200
100100
756756000
1274196
1513512000
523783260
1
232792560
48048
64864800
12870
43243200
100900800
14414400
349188840
4084080
1801800
512143632
2450448
232792560
1513512000
151351200
120
389188800
43243200
3325608
120120
1441440
1701700
129729600
72496710
6652800
31878
100900800
1472412942
12612600
43243200
3066580
1
21621600
597500904
184756
232792560
142262120
605404800
38798760
605404800
19399380
2522520
201801600
116396280
19219200
1816214400
114354240
50404915
83369265
1163962800
9979200
61261200
62007750
756756000
197329880
12576732
1513512000
875160
34320
64864800
12471030
3063060
3777484
2162160
194594400
11
2362041
2162160
100100
16336320
1513512000
151351200
1513512000
1513512000
100900800
3707340
23279256
605404800
36036
830152840
302702400
605404800
607130370
399072960
3886540
64864800
698377680
100900800
24504480
908107200
605404800
232792560
1210809600
116396280
151351200
22533126
64864800
302702400
1513512000
151351200
6435
1513512000
259459200
1225224
6010004
7207200
355655300
158882750
14414400
1755987120
43758
39903
43243200
302702400
271591320
43758
19958400
33633600
201801600
29937600
1107414
2441626
605404800
1513512000
116396280
100900800
43758
174594420
261891630
156849
814773960
1225224
3003
65
63391251
7001280
209513304
349188840
21621600
1816214400
55135080
1210809600
6652800
320089770
288
3783780
32432400
1478256
1009008000
8008
4421275
14414400
1
60060
512143632
11440
28828800
14414400
1422621200
14414400
12012
1816214400
60060
64864800
99768240
269145735
426786360
6652800
4989600
1361360
33633600
34650
1009008000
13305600
21621600
1513512000
840840
201801600
43243200
1396755360
1
4900896
142942800
43243200
21621600
136136
1816214400
5250960
4084080
