100
2 1
0 1 5
1
1
3 3
0 1 2
0 2 10
1 2 9
2
1
2
4 3
0 1 5
1 2 9
1 3 10
1
1
5 5
0 1 2
0 2 2
1 2 10
1 3 9
1 4 10
3
1
2
3
6 12
0 2 9
0 3 8
0 4 6
0 5 10
1 2 4
1 3 3
1 4 1
1 5 6
2 3 10
2 5 4
3 4 8
4 5 2
4
1
2
3
5
7 12
0 1 7
0 2 4
0 3 2
0 6 5
1 2 3
1 5 2
2 3 5
2 6 7
3 5 5
3 6 7
4 5 10
4 6 5
4
1
2
3
4
8 12
0 1 2
0 2 8
0 5 2
0 6 3
1 3 7
1 5 6
2 4 8
2 5 7
3 7 6
4 5 10
4 7 8
6 7 3
6
1
2
3
4
5
6
9 8
0 2 7
0 5 2
0 7 9
1 4 1
1 8 9
3 5 4
6 7 3
7 8 9
2
5
6
10 12
0 3 2
0 4 2
0 7 9
0 9 9
1 4 9
1 7 9
2 3 7
2 7 8
5 6 2
5 7 3
5 8 5
6 9 3
5
2
3
4
5
8
11 10
0 2 7
1 2 4
1 3 8
1 9 6
1 10 4
2 5 7
2 6 9
4 10 5
6 7 10
6 8 2
3
2
4
10
12 16
0 1 10
0 2 7
0 6 4
0 11 1
1 8 2
2 9 6
2 10 7
3 8 1
3 10 1
3 11 6
4 5 8
4 11 9
6 9 2
7 9 5
7 11 1
8 10 6
1
5
13 24
0 2 6
0 5 3
0 7 1
0 12 7
1 9 5
1 10 3
1 11 1
2 3 7
2 5 9
2 11 4
3 5 3
3 6 7
4 10 3
4 11 1
4 12 4
5 8 8
6 7 8
6 10 7
6 11 6
7 8 2
7 12 4
8 9 2
8 10 3
9 12 6
9
2
3
4
5
6
8
9
10
11
14 22
0 4 4
0 5 7
0 8 6
0 9 9
1 4 6
1 8 9
1 10 8
2 8 8
3 11 4
3 12 9
3 13 5
4 6 1
4 10 3
5 7 5
5 11 3
5 13 3
6 7 6
6 9 6
8 12 6
9 10 4
9 13 2
12 13 7
10
1
2
3
4
7
9
10
11
12
13
15 16
0 5 1
0 7 1
0 12 10
1 2 10
1 3 5
2 8 3
2 9 9
3 14 10
4 12 10
5 14 2
6 11 8
7 11 6
8 10 6
9 10 9
9 11 7
13 14 8
2
7
10
16 23
0 4 10
0 5 10
0 7 9
0 10 1
1 11 7
1 12 8
2 10 5
3 5 2
3 6 6
4 8 8
4 10 2
5 9 5
5 15 8
6 9 1
6 14 5
7 9 7
7 13 5
8 14 4
9 15 3
10 12 10
11 13 2
11 15 9
12 13 2
3
3
7
8
17 33
0 6 9
0 8 8
0 13 10
0 16 4
1 3 4
1 9 9
1 13 10
1 14 6
2 5 2
2 6 8
2 10 7
2 13 5
3 7 7
3 14 7
3 16 10
4 8 3
4 10 2
4 12 6
4 16 4
5 7 2
5 11 9
5 12 3
6 8 1
6 15 8
7 9 5
7 16 10
8 9 4
9 11 9
10 12 3
10 15 7
11 14 1
12 15 10
13 15 8
10
1
2
4
5
7
8
9
10
13
16
18 33
0 5 9
0 7 4
0 11 1
0 12 8
1 8 7
1 10 2
1 13 9
1 17 9
2 4 6
2 8 3
2 10 7
2 16 1
3 4 7
3 8 1
4 14 9
4 16 7
5 9 2
5 13 10
5 15 10
6 7 4
6 9 6
6 10 1
6 17 4
7 9 3
7 16 4
8 13 1
9 17 3
10 16 6
11 12 8
11 15 6
13 14 1
14 15 6
14 17 7
6
3
4
5
12
14
15
19 23
0 3 8
0 7 4
1 3 8
1 8 10
1 12 2
2 10 7
2 16 5
3 9 5
3 13 1
4 13 1
5 6 10
5 15 2
6 11 4
6 15 8
7 16 4
7 17 10
8 11 7
8 14 10
8 18 9
10 13 10
11 13 8
16 17 5
17 18 9
9
1
3
4
5
10
12
14
15
18
20 25
0 1 4
0 2 9
0 14 9
0 18 8
1 13 1
1 16 4
1 19 4
2 4 7
2 15 7
2 17 8
3 4 2
3 12 6
4 6 8
5 10 6
5 16 1
6 17 4
7 17 4
8 16 8
9 12 5
10 11 3
10 14 8
11 18 4
12 14 10
12 18 6
15 17 3
3
12
14
15
21 31
0 8 9
0 18 6
1 4 9
1 9 10
1 15 10
1 19 3
2 4 10
2 11 8
3 7 9
3 15 4
3 18 7
3 20 8
4 5 1
4 18 5
5 9 10
5 12 10
5 13 1
6 13 9
7 16 3
7 19 2
8 11 7
8 13 4
8 19 2
9 15 4
9 20 4
10 17 7
12 19 10
13 20 10
14 16 7
16 17 8
16 18 10
3
12
16
18
22 39
0 2 10
0 7 5
0 12 3
0 18 3
1 19 9
2 3 1
2 13 5
2 14 2
3 6 3
3 13 8
3 19 5
4 10 6
4 11 3
4 20 10
5 9 3
5 12 5
5 18 7
6 8 5
6 10 4
6 16 2
7 15 3
7 16 2
8 9 10
8 18 4
8 21 4
9 14 2
10 14 4
10 16 5
11 13 8
11 17 2
11 19 3
12 15 7
12 17 6
13 17 1
14 15 5
15 19 5
16 20 9
18 20 6
20 21 5
3
6
13
20
23 42
0 1 4
0 5 3
0 9 5
0 21 5
1 4 6
1 20 7
1 22 8
2 5 9
3 7 1
3 15 6
3 16 3
3 17 5
4 7 10
4 9 1
4 16 6
5 6 4
5 10 2
6 14 1
6 16 6
6 22 2
7 11 5
7 14 9
8 9 10
8 20 8
9 18 9
10 11 1
10 15 5
10 20 2
11 18 5
11 21 2
12 13 5
12 15 5
12 18 3
12 19 2
13 18 8
13 21 1
14 17 9
14 22 4
15 16 7
17 19 6
19 22 9
20 21 7
2
13
20
24 38
0 1 4
0 17 2
0 18 8
0 20 1
1 9 5
1 11 1
1 12 1
2 23 7
3 5 4
4 6 5
4 8 4
4 21 8
5 15 6
5 19 9
5 21 7
6 13 5
6 16 3
6 19 1
7 14 9
7 20 6
7 21 9
8 10 7
8 22 8
8 23 9
9 12 9
9 17 4
9 21 6
10 15 1
10 17 3
11 14 4
12 20 7
13 16 5
13 20 1
14 19 2
14 23 3
15 18 9
16 23 1
17 19 4
10
1
6
8
11
12
15
16
18
20
22
25 47
0 9 2
0 16 5
0 19 5
0 22 7
1 5 8
1 11 4
1 19 5
1 21 3
2 11 3
2 12 10
2 13 3
2 18 4
3 8 2
3 15 10
3 17 9
3 22 10
4 6 2
4 15 3
4 21 9
4 23 1
5 9 8
5 20 3
6 13 9
6 18 1
6 21 7
7 12 3
7 20 8
7 22 3
7 24 6
8 18 3
8 19 10
8 24 3
9 10 9
9 14 5
10 12 10
10 15 7
12 22 4
13 14 8
13 24 2
14 17 6
15 16 2
16 17 5
17 23 5
18 24 5
19 23 6
20 21 8
20 23 6
9
6
8
14
16
18
21
22
23
24
26 49
0 2 9
0 18 7
0 22 3
0 23 4
1 9 1
1 15 1
1 16 8
1 25 3
2 6 2
2 10 4
2 17 9
3 9 5
3 16 6
3 20 5
3 22 5
4 7 2
4 11 10
4 13 6
5 7 6
5 11 4
5 12 4
5 24 8
6 19 5
6 21 2
6 25 7
7 14 7
7 23 6
8 9 9
8 15 8
8 25 2
9 23 5
10 15 9
10 18 5
10 20 3
11 20 10
11 22 5
12 21 9
12 23 7
12 25 9
13 14 3
13 15 6
13 19 5
14 18 5
14 24 7
16 17 9
16 21 7
18 19 10
19 20 6
21 22 9
10
3
4
9
10
11
14
15
16
24
25
27 48
0 9 6
0 15 1
0 20 1
0 24 3
1 7 1
1 19 1
2 8 8
2 16 9
2 18 1
2 26 1
3 7 7
3 24 1
3 26 1
4 12 9
4 18 6
4 20 1
4 23 8
5 10 3
5 21 3
5 23 4
5 24 4
6 11 2
6 15 8
6 17 6
6 24 3
7 16 9
7 17 3
8 9 6
8 11 2
8 19 7
9 12 9
9 21 8
10 11 10
11 22 5
12 25 5
12 26 6
13 20 5
13 22 9
13 25 4
14 20 7
14 21 4
14 22 4
14 25 6
16 26 5
17 23 1
19 21 7
19 22 9
23 25 4
2
6
8
28 48
0 9 4
0 14 2
0 24 1
0 25 1
1 4 2
1 12 9
1 15 10
1 16 10
2 9 7
2 14 2
2 24 5
3 4 7
4 10 7
4 27 2
5 7 10
5 18 4
5 27 8
6 10 10
6 15 6
6 23 7
6 26 10
7 8 5
7 12 10
7 19 2
8 13 9
9 21 7
9 23 9
10 13 4
10 16 4
11 21 10
11 24 2
12 17 3
13 14 4
13 22 5
14 23 10
15 16 2
15 18 4
16 26 1
17 18 3
17 22 7
17 25 5
18 26 6
19 20 2
19 22 5
19 23 10
20 27 6
22 24 6
26 27 3
1
7
29 42
0 6 10
0 18 4
0 26 10
1 18 6
1 21 2
2 9 5
2 11 10
2 21 7
2 28 5
3 9 6
3 26 1
4 6 7
4 18 8
5 6 1
5 24 8
6 20 6
7 10 8
7 24 8
8 19 6
8 25 6
9 22 6
10 17 9
10 21 10
12 15 9
12 17 2
12 19 7
12 20 8
13 28 9
14 20 10
14 26 7
15 19 2
16 17 1
16 18 9
16 27 4
17 23 10
19 22 5
20 23 9
21 23 6
22 27 10
24 27 9
24 28 8
27 28 8
10
3
5
10
12
14
18
19
20
21
24
30 42
0 8 7
0 13 3
0 24 2
0 28 4
1 4 8
1 9 7
1 10 3
2 8 2
3 5 5
3 28 4
4 25 9
5 13 8
5 17 6
5 29 7
6 7 9
6 24 9
6 25 6
7 11 2
7 21 7
8 11 10
8 17 10
9 17 3
9 22 2
9 24 6
10 18 9
11 22 8
12 23 7
12 26 10
12 29 3
13 17 1
13 23 9
14 27 3
15 20 2
16 25 3
16 29 8
18 19 9
18 21 4
18 23 1
20 24 8
22 26 5
23 27 7
27 29 3
9
1
10
11
15
17
22
26
27
28
31 56
0 7 1
0 11 6
0 12 1
0 21 5
1 2 10
1 17 5
1 20 4
1 26 2
2 4 6
2 12 4
2 13 6
3 14 10
3 16 7
3 19 3
3 25 10
4 14 4
4 24 6
4 30 2
5 10 3
5 20 3
5 25 6
5 29 9
6 11 9
6 17 4
6 21 3
6 30 8
7 9 8
7 13 8
7 18 7
8 10 1
8 27 7
8 28 1
9 17 3
9 19 10
9 22 2
10 22 6
10 28 10
11 20 4
11 24 8
12 18 10
12 22 7
13 19 6
13 27 9
14 28 5
14 30 1
15 19 4
15 21 7
15 22 5
15 27 6
16 18 3
16 23 7
16 24 8
17 28 10
18 26 6
20 25 1
21 30 9
2
16
30
32 63
0 4 2
0 8 4
0 12 2
0 29 8
1 8 9
1 16 3
1 26 10
1 30 6
2 7 2
2 9 5
2 15 8
2 17 4
3 6 8
3 18 1
3 25 6
3 31 4
4 5 6
4 25 6
4 28 5
5 18 2
5 26 10
5 27 4
6 7 2
6 19 1
6 28 3
7 10 9
7 24 10
8 13 2
8 17 1
9 17 9
9 24 10
9 29 10
10 11 9
10 18 2
10 22 8
11 15 4
11 21 10
11 22 5
12 14 6
12 17 5
12 28 8
13 18 1
13 26 1
13 28 2
14 19 8
14 22 10
14 23 7
15 30 5
16 23 5
16 24 7
19 20 1
19 27 2
20 25 5
20 27 9
20 31 7
21 25 6
21 27 10
21 30 7
22 26 4
23 24 9
23 29 9
29 31 3
30 31 2
5
6
11
13
21
28
33 52
0 7 3
0 12 4
0 13 3
0 30 2
1 22 4
1 23 2
1 27 9
1 30 3
2 3 6
2 8 3
3 11 2
3 18 6
3 31 2
4 15 10
4 20 6
4 21 10
4 24 4
5 19 2
6 17 7
6 21 4
6 22 8
6 24 3
7 28 10
7 29 2
7 30 3
8 13 7
8 14 1
8 28 9
9 16 5
9 19 9
9 22 3
9 24 1
10 18 10
11 18 1
12 20 10
12 21 9
13 24 9
13 29 4
14 23 10
15 28 4
15 31 1
16 18 6
17 23 4
17 31 7
17 32 1
19 20 6
19 23 9
20 28 1
22 25 9
26 27 9
26 29 2
27 31 3
10
2
4
10
12
15
18
20
25
28
30
34 58
0 5 2
0 21 5
0 27 1
0 28 7
1 12 1
1 25 5
2 7 10
2 11 1
2 14 9
2 24 10
3 5 10
3 17 4
3 32 9
4 12 9
4 18 8
4 23 8
4 30 8
5 7 1
5 26 5
6 19 3
6 20 2
7 16 10
8 10 9
8 14 10
8 28 5
8 29 10
9 16 8
9 19 10
9 29 5
10 11 10
10 15 2
10 33 6
11 22 9
11 26 8
13 17 4
13 25 2
13 31 5
13 33 7
14 19 10
14 25 2
15 21 2
15 27 10
16 28 1
16 30 1
17 29 6
18 29 4
18 31 1
20 21 6
21 23 1
22 27 4
22 30 7
23 26 4
23 33 4
24 26 2
24 30 8
25 32 9
27 33 10
31 32 3
2
22
31
35 50
0 2 5
0 3 3
0 7 8
0 25 4
1 7 1
1 15 10
1 31 6
2 15 1
3 5 1
3 14 5
3 21 9
4 6 2
4 12 9
4 26 2
4 28 5
5 11 3
5 28 9
5 34 2
6 12 6
6 13 1
6 34 1
8 32 10
9 16 7
9 24 5
10 17 9
10 32 10
11 18 7
11 24 8
11 32 3
12 22 8
12 33 6
13 17 6
13 18 6
13 29 8
15 22 9
16 29 8
16 30 3
17 24 2
17 31 7
18 27 1
19 21 8
20 21 2
21 23 5
22 23 8
22 27 4
24 29 5
26 27 2
26 29 7
27 30 3
30 32 3
5
2
3
11
18
27
36 47
0 3 1
0 7 9
0 11 3
0 26 8
1 4 9
1 16 9
1 29 3
1 34 4
2 3 8
2 22 7
4 11 1
4 20 5
4 33 8
5 8 7
5 24 9
6 20 1
6 25 4
7 22 5
8 10 6
8 14 8
8 20 7
9 21 10
9 27 3
9 30 6
9 32 10
10 32 5
11 12 2
12 19 4
12 22 5
13 27 7
14 24 7
15 25 10
16 17 3
17 26 5
18 30 3
18 33 2
18 34 8
20 28 6
21 24 5
21 28 3
23 32 3
24 35 7
26 28 1
26 31 2
28 34 9
30 31 4
34 35 6
4
4
10
13
34
37 73
0 13 9
0 14 3
0 22 3
0 36 5
1 6 10
1 12 5
1 20 10
1 36 2
2 4 1
2 8 1
2 15 2
2 30 9
3 14 7
3 18 3
3 20 10
3 32 5
4 16 2
4 23 3
4 32 7
5 19 9
5 22 7
5 29 4
5 35 4
6 21 1
6 25 3
6 28 7
7 14 5
7 15 3
7 19 4
7 33 7
8 20 10
8 26 2
8 32 8
9 11 6
9 24 1
9 27 5
9 34 1
10 14 6
10 23 9
10 29 4
10 31 7
11 27 2
11 35 2
11 36 4
12 20 7
12 23 2
12 34 7
13 21 9
13 23 6
13 26 2
15 19 2
15 28 4
16 17 6
16 27 7
16 35 4
17 18 8
17 33 6
17 36 4
18 21 3
18 24 7
21 31 6
22 28 2
22 34 1
24 29 9
24 30 3
25 26 8
25 31 7
25 33 2
26 27 2
28 30 5
30 32 6
31 35 3
33 34 8
7
1
5
6
24
27
31
35
38 37
0 5 7
0 10 10
0 18 6
0 20 2
1 6 6
2 8 5
3 21 7
4 31 4
6 16 3
6 18 9
6 21 2
7 8 1
7 18 2
7 24 3
7 27 5
8 9 6
8 11 5
9 37 8
10 15 2
10 17 7
12 14 5
13 23 7
14 35 8
18 23 1
19 35 5
20 26 10
22 28 6
23 33 1
24 29 4
24 36 2
25 31 9
26 32 1
27 28 9
27 31 5
30 31 10
33 34 4
33 35 8
5
10
12
22
30
33
39 57
0 4 10
0 20 5
0 23 5
0 28 5
1 3 10
1 20 1
1 32 4
1 35 4
2 13 5
2 16 8
2 19 6
3 15 1
3 25 2
3 28 2
4 21 1
4 30 10
4 33 3
5 7 8
5 14 3
5 29 10
6 10 1
6 17 10
6 33 8
6 35 8
7 16 1
7 30 4
7 31 1
8 11 2
8 22 8
9 12 7
9 13 10
9 29 9
10 22 7
10 37 8
10 38 6
11 12 6
11 36 3
12 13 7
12 27 6
13 27 6
14 20 1
14 35 8
16 18 7
17 32 1
19 28 2
19 33 4
20 27 5
21 32 7
24 29 1
24 36 8
25 26 3
25 34 7
25 36 9
28 31 10
29 30 7
30 36 2
33 38 2
10
4
8
12
13
23
26
28
35
36
37
40 47
0 17 7
0 29 8
0 31 5
0 34 6
1 39 4
2 16 5
2 22 9
2 27 1
3 19 6
3 32 10
3 33 5
3 36 3
4 34 7
5 12 9
6 18 8
7 8 8
7 13 4
7 17 6
7 22 10
8 25 10
8 38 7
9 11 8
9 12 1
9 27 1
9 34 10
10 23 6
10 39 10
11 24 8
11 26 8
11 35 9
14 16 3
15 30 1
16 21 6
17 29 7
17 33 6
18 20 3
19 28 2
19 30 2
20 26 1
21 30 3
21 32 4
24 39 7
25 28 7
25 29 7
25 37 8
26 35 1
28 39 5
3
20
24
28
41 41
0 16 7
0 19 8
0 26 1
0 39 8
1 16 10
1 21 10
2 10 10
2 30 4
2 34 8
3 6 8
3 11 5
3 26 10
3 33 8
4 22 1
5 6 1
5 8 8
7 16 3
7 29 6
8 14 6
8 21 4
9 39 3
11 17 1
12 15 2
13 40 9
15 17 6
15 32 8
16 34 5
18 21 9
18 36 1
20 27 6
21 28 10
22 25 10
23 37 9
24 34 2
25 31 5
25 35 8
27 32 1
29 38 4
31 34 5
37 39 4
39 40 1
6
3
6
12
21
36
38
42 51
0 10 9
0 12 7
0 26 5
0 31 1
1 33 1
1 36 10
2 8 1
2 28 9
3 26 6
4 20 7
4 39 2
5 27 5
5 29 2
5 37 4
5 41 3
6 34 7
7 36 4
8 10 4
9 17 2
10 29 6
10 37 5
11 31 1
11 35 10
11 41 4
13 21 8
14 17 3
14 25 9
15 23 4
15 24 10
16 20 2
16 25 4
17 26 10
17 38 10
18 22 10
18 29 1
18 32 4
18 41 7
19 22 4
21 30 8
21 34 4
21 41 10
23 31 6
23 32 10
23 36 3
25 31 8
27 29 1
28 35 7
33 35 3
33 40 2
34 38 8
36 39 3
2
24
31
43 64
0 1 3
0 10 4
0 32 5
0 40 7
1 15 5
1 41 3
1 42 4
2 4 4
2 10 3
2 14 2
2 31 9
3 27 7
4 7 10
4 12 4
4 22 2
5 15 4
5 17 6
6 15 9
6 17 3
6 19 9
6 28 7
8 27 4
8 28 8
9 20 8
9 34 2
9 36 4
9 42 8
10 23 4
10 40 1
11 21 4
11 34 5
12 24 10
12 29 6
12 40 3
13 24 2
14 19 5
14 25 8
15 27 9
16 26 4
16 37 3
17 38 1
17 41 3
18 29 6
18 39 10
19 38 5
20 29 10
20 32 8
21 39 2
22 25 6
23 26 5
24 33 4
25 42 10
26 31 4
26 34 9
27 30 2
28 32 4
28 41 4
32 40 3
33 37 9
33 42 4
34 35 5
36 39 9
37 39 2
37 41 2
6
2
9
17
21
25
37
44 80
0 6 2
0 16 2
0 20 7
0 32 10
1 28 1
1 33 3
1 36 7
1 39 6
2 11 10
2 22 5
2 25 6
2 37 3
3 9 3
3 14 5
3 29 10
3 35 2
4 5 10
4 23 6
4 26 7
4 29 6
5 11 1
5 16 4
5 39 6
6 9 1
6 37 5
6 40 3
7 16 1
7 18 2
7 28 6
7 33 2
8 12 3
8 15 6
8 38 6
9 13 9
9 34 2
10 16 9
10 25 1
10 30 3
10 38 6
11 14 3
11 15 8
12 18 1
12 19 3
12 35 3
13 28 2
13 40 2
14 27 1
14 38 5
15 32 10
15 41 6
17 20 3
17 40 10
18 31 2
18 43 9
19 25 5
19 28 9
19 29 4
20 39 3
21 22 2
21 32 8
21 34 3
21 35 1
22 40 2
22 43 2
23 26 5
23 30 4
23 41 8
24 27 6
24 29 2
24 32 10
24 37 1
26 35 6
27 30 10
27 33 2
30 38 10
31 37 4
33 41 8
39 42 3
41 43 9
42 43 6
4
30
34
35
41
45 82
0 1 4
0 24 6
0 39 6
0 40 6
1 13 7
1 14 3
1 29 1
2 6 1
2 29 10
2 32 2
3 40 9
4 23 7
4 28 1
4 35 10
4 38 3
5 17 9
5 29 10
5 42 8
6 13 2
6 17 3
7 26 10
7 34 8
7 35 2
7 37 7
8 27 7
8 28 9
8 29 10
8 41 4
9 11 7
9 26 1
9 40 7
9 43 3
10 20 8
10 27 6
10 31 5
10 44 1
11 14 3
11 23 8
11 42 4
12 20 4
12 25 5
12 30 8
12 35 4
13 22 6
13 44 3
14 15 8
15 30 10
15 31 2
15 34 2
16 25 4
16 26 1
16 39 1
16 40 3
17 18 9
17 35 10
18 27 8
18 28 5
18 34 10
19 24 10
19 32 7
19 36 2
20 24 10
20 36 3
21 37 4
21 39 4
21 41 9
21 43 1
22 28 4
22 34 7
22 37 1
23 39 8
23 44 1
24 38 3
25 38 4
25 42 8
26 41 5
27 31 10
30 31 10
30 37 7
33 43 3
36 38 7
36 41 10
9
3
5
10
20
23
24
27
31
44
46 76
0 18 10
0 25 9
0 38 1
0 40 9
1 11 1
1 29 10
1 30 10
1 36 2
2 7 2
2 13 3
2 21 6
2 39 9
3 22 7
3 24 2
3 30 10
3 39 7
4 33 4
5 15 8
5 16 10
5 19 7
5 35 3
6 12 2
7 13 7
7 45 7
8 14 8
8 15 3
8 19 10
9 22 4
9 28 9
9 31 8
9 38 5
10 11 5
11 34 3
11 45 10
12 15 4
12 19 6
13 18 9
13 42 3
14 20 10
14 26 7
14 27 10
15 32 9
16 27 9
16 31 2
16 40 6
17 25 7
17 36 7
18 21 2
18 36 5
19 20 8
20 25 10
20 37 7
21 42 6
22 33 8
22 39 6
23 28 8
23 45 9
24 27 3
24 37 3
24 42 4
26 39 9
26 43 3
27 40 1
28 31 8
28 42 3
29 31 2
29 36 9
30 38 8
30 44 3
33 37 9
33 41 2
35 38 5
35 41 8
35 45 3
37 43 4
43 44 7
9
9
14
16
21
22
27
29
34
41
47 72
0 11 9
0 22 7
0 23 10
0 46 3
1 17 4
2 3 10
2 12 10
4 10 2
4 31 4
4 36 7
5 40 2
6 16 8
6 23 7
6 37 8
6 41 4
7 21 1
7 29 7
7 35 10
7 38 1
8 25 4
8 38 9
9 12 3
9 17 5
9 22 1
9 39 10
10 15 6
10 16 6
10 37 4
11 15 9
11 31 9
11 40 6
12 17 3
12 34 6
13 28 5
13 37 8
13 44 1
13 46 9
14 26 10
14 29 5
15 24 6
15 38 3
16 34 2
17 45 7
18 43 4
19 24 5
19 31 3
19 39 4
20 22 9
20 29 6
20 33 9
20 41 3
21 22 2
21 26 3
21 39 9
24 35 9
24 36 8
25 32 3
25 36 1
25 39 2
26 33 5
27 28 4
27 43 10
28 35 8
28 36 5
30 31 5
34 37 10
34 45 3
38 43 7
40 44 1
40 45 4
41 42 6
42 45 10
10
5
6
8
12
14
20
26
33
43
44
48 58
0 1 3
0 14 10
0 24 9
0 31 5
1 20 9
1 26 4
1 46 2
2 4 7
2 43 9
3 12 5
3 29 2
3 43 2
4 6 3
4 21 9
4 43 8
5 10 10
6 9 5
6 13 7
6 14 7
7 23 5
8 31 8
9 33 8
10 15 7
10 23 10
10 35 5
11 31 10
11 39 6
12 15 6
12 22 10
13 43 2
14 18 6
16 38 6
16 41 2
16 46 10
17 18 3
17 34 2
17 44 8
18 23 8
18 42 4
19 35 6
21 33 9
22 29 10
24 29 7
25 28 4
25 31 3
27 40 9
27 42 10
29 46 9
30 33 8
30 37 5
30 46 10
32 42 7
32 47 7
36 37 1
36 47 9
38 45 1
42 44 3
44 47 6
8
3
7
9
18
21
29
32
39
49 53
0 10 6
0 30 9
1 34 2
1 40 3
2 20 2
2 24 6
3 18 4
4 41 1
5 13 10
5 21 3
5 46 9
6 7 4
6 15 4
7 18 10
8 11 2
8 15 6
8 28 4
8 33 8
9 16 6
10 13 5
10 18 4
10 29 3
12 36 1
12 41 10
12 43 6
13 14 3
13 24 7
14 48 8
15 44 10
16 23 6
17 29 5
18 41 8
19 38 1
20 23 8
20 33 7
22 34 4
23 36 3
23 37 5
24 45 8
25 39 1
25 41 2
26 30 2
26 37 4
27 36 5
29 33 4
29 46 4
30 31 9
30 47 4
32 43 9
33 35 7
35 38 1
35 40 1
42 44 8
6
6
7
9
24
33
41
50 87
0 11 6
0 22 7
0 48 1
0 49 10
1 27 6
1 28 8
1 43 1
2 11 8
2 28 10
2 34 7
2 45 10
3 14 8
3 15 4
3 18 1
3 24 6
4 5 2
4 6 5
4 21 10
4 34 1
5 30 5
5 31 10
5 38 7
6 19 9
7 32 6
7 37 8
7 41 10
8 14 10
8 25 4
8 39 1
9 10 5
9 12 2
9 30 10
9 37 1
10 24 10
10 44 9
11 20 8
11 48 9
12 32 7
13 20 7
13 21 7
13 25 3
13 34 10
15 19 4
15 20 9
15 26 10
16 19 4
16 20 6
16 45 8
17 38 3
17 47 2
18 43 1
18 44 9
18 49 9
19 31 6
21 30 2
21 46 1
22 42 5
23 24 1
23 34 7
23 40 6
23 47 7
25 43 9
25 46 3
26 33 9
26 49 1
28 31 5
28 46 5
29 33 3
29 42 1
29 43 3
30 41 10
31 49 10
32 42 2
33 35 3
33 36 6
35 36 7
36 39 9
37 38 5
37 40 4
38 47 6
39 40 1
39 48 5
40 44 3
41 44 1
41 47 7
45 46 1
45 48 6
7
6
7
15
25
34
35
48
51 76
0 16 10
0 20 8
0 45 3
0 47 10
1 2 3
1 10 5
1 50 7
2 5 6
2 7 8
2 18 5
3 16 4
4 29 2
4 31 9
4 36 6
4 50 3
5 19 3
5 39 7
5 40 9
6 28 5
6 35 6
6 45 9
7 9 5
7 17 6
7 38 2
8 27 5
8 45 3
9 14 9
9 40 8
9 47 10
10 29 4
10 42 1
10 43 5
11 12 6
11 33 9
12 26 6
13 19 9
13 21 8
13 27 8
13 48 8
14 36 10
14 49 5
15 33 3
15 49 8
16 23 3
16 43 6
17 25 3
17 34 4
17 46 4
18 42 5
19 25 5
19 36 10
20 23 5
20 32 6
21 34 2
21 50 7
22 37 1
23 25 9
23 41 9
24 48 7
25 29 6
26 38 5
26 49 4
27 34 8
28 29 8
30 38 7
30 44 9
32 33 3
33 34 3
35 47 7
37 42 9
37 50 3
38 39 4
39 45 8
39 48 10
40 49 8
42 47 5
6
4
13
35
36
47
50
52 52
0 4 10
0 13 4
0 31 7
0 51 1
1 12 10
2 34 3
3 19 1
4 5 8
4 11 2
4 25 9
5 14 10
5 33 10
5 47 10
6 31 4
7 18 10
7 34 3
8 40 10
8 50 10
9 22 6
10 30 2
10 38 10
10 47 5
11 22 9
12 29 7
12 36 2
12 44 1
13 24 6
13 45 3
13 46 5
14 32 6
15 37 8
16 32 4
17 50 5
18 31 4
18 35 8
19 26 1
19 39 8
20 28 3
21 27 4
22 39 2
22 50 5
23 44 8
25 37 7
25 40 8
25 41 2
27 44 9
28 35 3
31 44 3
34 42 2
40 49 4
43 46 6
48 49 7
5
16
18
19
20
34
53 100
0 1 1
0 11 9
0 43 5
0 45 9
1 3 4
1 32 7
1 51 5
2 6 8
2 8 5
2 14 3
2 24 9
3 4 5
3 12 8
3 48 1
4 19 9
4 27 1
4 28 4
5 39 6
5 47 5
6 25 6
6 35 1
6 45 10
7 16 5
7 31 8
7 49 2
8 16 10
8 18 1
9 17 10
9 18 1
9 21 7
9 38 9
10 14 4
10 21 9
10 33 8
10 39 5
11 27 5
11 29 5
11 47 8
12 26 2
12 52 8
13 30 1
13 46 7
13 47 1
13 50 10
14 25 10
15 25 4
15 43 8
15 44 8
15 52 9
16 26 5
17 22 8
17 36 3
17 41 8
18 33 5
18 34 3
19 20 4
19 36 3
19 47 6
20 24 6
20 31 3
21 29 1
21 49 4
22 40 1
22 49 1
22 50 9
23 38 4
23 41 6
23 49 3
23 51 10
24 34 10
24 46 9
25 28 10
26 34 9
26 51 9
27 29 9
27 30 10
28 35 6
28 40 7
29 50 4
30 38 6
30 45 9
31 32 8
31 46 2
32 37 3
32 42 3
33 45 10
33 48 4
34 41 2
35 44 8
36 42 4
36 44 5
37 40 1
37 48 3
38 48 7
39 42 9
40 52 4
41 43 6
42 51 6
43 44 4
46 50 2
8
2
6
8
13
15
34
35
43
54 75
0 4 8
0 5 9
0 8 2
0 25 4
1 34 2
1 53 3
2 47 8
2 48 9
3 24 7
3 40 7
4 6 7
4 11 8
4 52 8
5 41 4
6 15 4
6 28 1
6 47 2
7 16 7
7 20 3
7 52 3
8 26 6
8 27 4
8 37 9
9 31 6
9 41 1
9 53 4
10 12 4
10 38 2
10 41 4
10 49 8
11 24 8
12 28 4
12 35 5
12 39 8
13 36 1
14 22 3
14 40 3
15 44 2
16 46 10
17 50 2
17 51 7
18 20 6
18 52 4
19 22 4
19 26 2
19 30 2
19 43 10
20 50 3
21 37 10
22 37 1
23 33 10
23 51 9
24 30 6
24 34 5
25 36 9
25 40 8
25 51 5
26 35 1
26 48 1
27 29 9
27 53 7
28 36 6
28 49 9
31 46 7
32 50 1
33 48 10
34 43 7
35 45 4
37 46 6
38 46 7
40 45 4
41 44 3
42 44 7
42 53 7
43 45 6
8
6
7
8
11
18
27
32
37
55 98
0 19 8
0 23 7
0 26 5
0 46 2
1 15 2
1 31 10
1 48 4
1 49 10
2 5 1
2 12 1
2 35 4
2 50 4
3 27 9
3 32 3
3 36 6
3 44 2
4 14 2
4 17 4
4 36 5
4 43 5
5 17 7
5 44 6
5 50 9
6 38 10
7 8 7
7 30 2
7 34 4
7 49 2
8 15 1
9 24 1
9 38 9
9 52 4
10 25 6
10 39 3
10 46 5
10 49 4
11 12 8
11 25 7
11 29 3
11 33 8
12 28 3
12 33 10
13 15 2
13 16 3
13 20 3
13 46 6
14 16 8
14 31 7
14 45 10
15 41 3
16 17 10
17 18 3
18 39 2
18 48 6
19 21 8
19 40 1
19 52 9
20 23 7
20 36 10
20 52 2
21 26 3
21 30 3
21 33 10
22 23 10
22 27 3
22 35 5
22 51 3
23 47 9
24 48 1
24 50 2
24 54 6
26 28 2
27 31 7
27 38 1
28 39 9
28 42 4
29 37 4
30 32 2
30 35 10
31 53 2
32 41 10
32 48 9
33 45 7
34 40 3
34 49 6
34 54 4
35 38 6
36 45 6
37 42 5
37 44 9
37 46 1
39 50 4
40 43 10
40 54 9
41 51 1
43 45 9
44 51 5
51 52 10
2
3
46
56 106
0 6 7
0 7 6
0 17 6
0 21 4
1 8 5
1 19 6
1 21 2
1 47 1
2 11 10
2 19 6
2 39 8
2 40 10
3 11 9
3 23 7
3 24 4
3 49 8
4 30 10
4 34 9
4 41 4
4 51 1
5 18 7
5 29 6
5 37 8
5 47 8
6 24 6
6 28 10
6 35 9
7 8 9
7 21 10
7 51 1
8 41 2
8 48 5
9 17 9
9 22 3
9 27 3
9 35 8
10 13 10
10 14 8
10 39 10
10 49 5
11 25 7
11 34 5
12 15 3
12 20 3
12 36 3
13 17 7
13 22 8
13 27 5
14 37 1
14 42 3
14 50 2
15 26 7
15 51 1
15 54 7
16 28 5
16 30 10
16 32 8
16 49 3
17 41 3
18 23 4
18 38 5
18 47 1
19 29 5
19 31 2
20 40 2
20 50 9
20 53 5
21 24 4
22 26 7
22 48 3
23 35 2
23 45 3
24 42 3
25 46 8
25 47 8
25 50 1
26 40 6
26 51 2
27 29 3
27 43 2
28 46 10
29 43 10
30 40 1
31 37 1
31 45 1
31 48 8
32 45 1
32 46 6
32 54 6
33 43 4
33 44 8
33 53 7
34 53 7
35 52 2
36 41 10
37 45 5
38 49 7
39 54 4
39 55 8
42 52 5
42 54 7
43 44 1
46 55 3
48 50 1
52 55 1
53 55 10
3
12
24
44
57 65
0 31 4
0 36 10
0 41 8
0 55 3
1 22 5
1 52 2
2 31 9
2 42 4
3 38 5
4 22 6
4 31 2
5 16 2
6 15 1
6 32 6
7 52 10
8 19 2
8 24 10
8 29 9
9 34 9
9 40 9
9 47 9
9 56 10
10 48 7
11 17 5
11 52 4
12 22 4
13 17 1
13 45 7
14 23 4
14 55 3
14 56 6
15 34 6
15 48 7
15 53 3
16 23 4
16 50 8
16 54 9
17 26 2
17 38 6
18 20 3
18 55 6
19 38 2
21 26 4
22 34 8
23 28 4
24 36 4
25 27 5
25 34 8
25 37 6
25 45 1
26 35 2
27 35 5
30 56 8
31 39 10
33 49 4
33 54 10
35 39 4
35 47 5
38 53 4
41 43 2
41 45 4
41 49 7
44 55 6
46 53 6
49 51 9
8
15
16
17
18
25
38
44
54
58 63
0 14 2
0 18 3
0 43 6
1 48 6
2 3 2
3 23 2
3 31 7
3 57 7
4 19 3
5 20 6
5 51 9
6 9 6
6 53 10
7 14 6
7 38 4
7 51 2
7 56 1
8 22 1
8 25 3
8 33 8
8 50 6
9 13 6
9 27 7
9 31 8
10 38 7
11 29 5
11 35 10
12 51 7
12 55 3
13 40 7
14 33 6
14 42 7
15 16 10
15 44 7
16 30 6
17 31 1
19 31 6
19 33 5
20 39 6
21 28 5
22 45 2
24 57 6
25 28 8
26 41 4
26 53 3
27 38 2
28 57 9
29 35 2
29 38 2
30 48 5
32 56 2
33 41 2
34 44 8
34 46 4
36 51 6
37 54 8
40 54 6
42 44 6
42 47 10
46 52 10
48 56 6
49 57 5
50 53 2
6
5
7
30
36
38
52
59 98
0 17 4
0 25 7
0 36 6
0 52 4
1 18 7
2 22 5
2 45 8
2 51 1
3 8 1
3 42 1
3 48 4
3 50 3
4 32 10
4 35 10
4 49 1
4 56 2
5 14 6
5 23 1
5 49 10
6 8 10
6 42 5
6 43 1
6 57 5
7 22 8
7 40 1
7 45 2
7 58 3
8 55 8
9 30 8
9 31 7
9 54 7
9 58 8
10 25 6
10 38 1
10 44 8
10 56 6
11 29 5
11 49 7
11 50 4
12 22 5
12 29 3
12 30 6
12 54 9
13 46 5
14 19 10
15 37 3
16 21 7
16 23 7
16 26 4
16 40 10
17 20 7
17 46 5
17 53 3
18 29 6
18 41 9
18 44 7
19 28 2
19 55 3
20 35 5
20 58 5
21 26 3
21 36 1
22 25 10
23 39 2
23 48 2
24 45 9
24 47 6
25 44 6
27 31 1
27 33 5
27 36 7
27 46 9
28 47 7
30 34 4
31 51 7
31 57 5
32 36 8
32 42 10
32 43 8
33 48 5
33 49 7
33 55 9
34 52 5
35 41 3
37 42 4
37 46 9
37 55 4
38 41 2
39 47 6
39 56 1
40 43 2
41 52 6
45 52 2
47 51 9
48 53 2
50 57 2
51 56 1
57 58 1
5
1
14
25
30
37
60 62
0 19 10
0 28 9
0 34 3
0 51 9
1 53 5
1 54 4
2 6 2
2 34 5
3 10 6
3 29 10
3 34 5
3 36 4
4 34 9
4 38 1
5 41 2
6 49 1
6 50 10
7 15 9
8 42 7
8 56 6
9 18 7
10 23 8
10 42 9
10 45 10
11 43 4
11 51 1
12 19 6
12 36 6
13 15 1
13 53 10
14 15 5
15 51 9
16 53 9
17 43 2
18 31 4
18 39 9
19 20 10
19 49 6
20 26 2
20 33 6
21 29 2
22 25 8
24 31 9
25 41 6
25 56 9
27 45 2
28 52 10
30 57 8
32 52 8
35 51 8
36 48 10
37 42 6
38 40 2
38 46 6
39 59 7
42 47 2
44 56 10
45 58 3
47 52 1
48 59 5
52 55 6
56 57 7
2
42
53
61 60
0 27 8
0 37 1
0 40 2
0 55 5
1 41 6
2 14 7
2 23 6
3 11 9
4 11 3
4 27 3
5 16 2
5 20 4
6 37 3
6 46 10
7 15 6
7 60 10
8 34 9
8 38 4
8 42 1
8 55 8
9 12 7
9 31 9
9 47 2
9 52 10
10 33 1
11 39 8
12 45 8
13 33 10
15 29 1
16 50 9
17 54 8
18 59 7
19 49 3
19 57 7
20 29 9
20 54 1
21 36 8
21 47 3
21 55 9
22 54 2
22 59 5
23 26 8
23 27 4
23 48 4
24 28 5
24 37 5
25 38 2
27 32 4
29 35 2
29 55 10
30 40 7
32 57 7
33 49 7
36 51 4
37 43 4
41 44 8
41 54 8
46 53 3
53 58 5
56 60 6
4
15
21
43
56
62 84
0 19 10
0 21 3
0 24 2
0 60 3
1 28 1
2 43 7
2 57 6
2 61 5
3 6 1
3 10 7
3 50 2
4 10 6
4 28 3
4 30 10
4 38 7
5 34 9
5 51 5
6 8 8
6 30 3
6 51 3
7 25 5
7 27 1
7 35 2
7 41 7
8 17 2
8 48 5
8 53 10
9 31 9
9 32 1
10 40 3
10 55 5
11 18 3
11 41 2
12 26 4
12 48 2
13 25 3
13 44 7
14 19 8
14 29 7
14 42 2
14 44 7
15 17 5
15 24 7
16 44 1
17 51 2
18 21 10
19 38 8
19 58 5
20 34 9
20 54 5
20 58 10
22 28 2
23 59 5
24 25 6
24 39 6
26 34 2
26 45 5
27 30 2
28 61 3
29 37 10
29 57 1
30 42 8
31 59 10
31 61 9
32 35 9
32 47 7
32 49 5
33 43 7
34 50 2
35 40 5
35 60 2
36 37 3
36 49 6
37 47 1
38 43 4
40 43 2
40 60 2
41 58 9
42 48 1
45 58 2
46 61 6
50 56 7
51 52 2
53 59 10
5
34
46
47
56
60
63 104
0 2 5
0 19 4
0 55 10
0 62 8
1 53 10
1 59 1
2 9 10
2 10 5
2 12 1
3 26 2
4 8 5
4 20 8
4 38 4
4 44 2
5 31 7
5 34 1
5 37 5
6 7 7
6 17 2
6 21 6
6 26 6
7 16 8
7 42 3
7 61 6
8 37 2
8 57 7
10 18 8
10 31 1
10 42 8
11 30 3
11 33 9
11 34 1
11 57 5
12 27 9
12 46 7
12 58 6
13 16 1
13 19 8
13 21 1
13 35 6
14 28 3
14 56 1
15 19 8
15 22 5
15 35 3
15 60 3
16 36 5
16 57 9
17 42 7
17 51 6
17 56 9
18 32 10
18 36 8
18 53 6
19 29 10
20 21 3
21 41 7
22 24 4
22 51 3
23 30 1
23 47 2
24 46 6
24 50 3
24 61 2
25 33 5
25 37 8
26 28 3
26 49 9
27 40 10
27 53 7
27 55 6
28 54 1
28 56 2
29 39 10
29 52 2
30 40 3
30 48 3
31 32 7
31 50 8
32 51 10
32 59 7
33 46 2
33 62 3
34 39 8
35 54 6
37 53 3
38 57 4
38 58 10
38 61 6
39 50 10
40 47 3
40 62 3
41 43 5
41 59 2
44 46 10
44 52 2
45 51 1
47 49 3
49 55 2
49 59 3
50 56 10
52 54 5
52 60 2
61 62 4
9
4
5
14
17
18
31
36
48
57
64 76
0 7 2
0 16 4
0 18 7
0 24 8
1 25 9
1 40 6
1 45 8
1 46 4
2 22 10
2 29 5
3 12 9
3 59 7
4 29 5
5 19 9
6 38 3
7 28 7
8 11 6
8 16 3
8 29 6
8 63 5
9 25 6
10 40 1
11 23 10
11 59 6
12 13 2
13 42 2
13 47 10
14 22 10
14 27 9
14 39 8
15 25 5
16 47 4
16 49 6
17 41 2
18 35 8
18 50 9
18 61 4
19 38 7
19 39 3
19 54 4
20 44 3
21 27 1
23 31 3
24 38 5
24 41 2
24 42 10
25 46 3
26 33 8
27 58 9
28 37 4
29 62 8
30 32 7
30 33 8
30 57 2
30 60 5
31 36 10
31 44 10
32 34 8
32 43 7
32 46 8
34 51 4
34 60 6
36 55 3
36 61 2
37 58 10
38 62 2
39 52 1
39 58 2
40 53 9
40 61 8
44 52 7
46 61 2
48 51 5
49 56 6
50 52 7
52 59 10
8
2
14
20
24
28
29
45
46
65 72
0 24 7
0 45 2
0 48 8
0 64 3
1 44 7
2 5 7
2 19 7
3 19 5
4 13 7
4 22 7
4 46 3
5 47 6
6 49 9
6 51 5
7 33 6
8 9 7
8 24 6
8 35 5
8 55 6
9 14 1
10 20 9
10 34 8
11 48 7
12 50 10
13 33 1
13 59 4
15 56 8
16 60 10
17 22 3
17 32 5
17 42 4
17 59 4
18 19 2
18 25 3
19 44 5
20 55 3
21 33 10
21 46 3
22 24 1
23 28 1
23 49 3
23 59 6
24 39 10
25 49 8
26 29 1
26 40 4
26 47 7
26 61 5
27 62 7
28 57 6
30 35 2
31 46 1
31 55 5
33 54 2
34 58 1
35 37 10
36 49 8
38 52 10
39 44 1
39 64 3
40 48 9
40 60 8
40 62 3
41 48 2
42 61 6
43 50 2
50 60 10
52 53 3
53 59 1
56 57 7
58 60 5
61 63 2
5
2
8
34
37
60
66 106
0 20 7
0 22 2
0 48 4
0 64 4
1 3 6
1 4 6
1 35 6
1 52 9
2 6 6
2 26 4
3 26 5
3 51 10
4 7 8
4 16 1
5 12 8
5 20 2
5 39 5
6 28 8
6 53 7
6 64 5
7 43 6
7 45 6
7 49 4
8 14 2
8 22 6
8 27 6
8 49 6
9 26 10
9 40 7
9 44 7
10 27 5
10 41 4
10 45 10
10 57 4
11 29 10
11 52 1
11 65 7
12 34 5
13 24 6
13 43 3
13 46 6
13 49 8
14 38 5
14 59 8
14 65 10
15 21 1
15 37 7
15 42 1
15 63 4
17 51 7
17 54 8
18 47 4
18 57 2
19 21 4
19 33 1
19 38 9
19 52 1
20 41 2
20 63 2
22 29 7
22 45 7
23 50 8
24 56 5
24 58 5
24 63 2
25 28 2
25 39 7
25 51 2
25 64 10
27 47 3
27 52 4
28 51 9
29 30 3
29 55 6
31 32 2
31 55 6
32 36 6
32 43 8
32 48 6
33 44 2
33 54 3
33 62 1
34 50 4
34 55 6
34 56 8
35 36 3
35 59 5
35 64 8
36 48 1
36 58 1
37 57 10
37 61 7
41 53 2
42 44 2
42 54 8
42 56 10
43 60 7
44 56 10
45 46 2
46 50 2
47 55 10
48 57 1
50 58 10
53 58 1
53 60 2
54 59 10
2
2
33
67 101
0 4 6
0 36 5
0 39 3
0 48 4
1 51 7
2 26 1
2 40 7
3 9 9
3 11 6
3 15 2
3 49 5
4 48 9
4 58 7
5 10 5
6 28 7
6 46 1
6 49 3
6 62 10
7 25 5
7 40 5
7 46 3
8 25 8
8 53 10
8 57 3
8 66 7
9 18 10
9 57 6
10 24 7
10 65 5
11 25 9
11 42 2
11 51 5
12 16 7
12 28 3
12 52 6
13 14 2
13 30 8
13 31 7
13 41 8
14 66 7
15 19 3
15 23 2
15 35 6
16 17 3
16 26 2
17 19 1
17 49 9
17 56 5
18 63 9
18 65 8
19 47 6
19 51 4
20 30 4
20 45 2
21 54 5
21 55 4
21 59 1
22 31 10
22 44 2
23 32 8
23 64 8
24 34 1
24 41 4
24 47 8
25 27 5
26 27 3
26 30 7
27 36 3
27 45 4
28 32 10
28 44 9
29 55 7
29 61 2
31 32 8
31 60 8
32 36 3
33 38 7
33 48 4
34 42 7
34 57 10
35 54 10
36 47 7
37 38 5
39 44 7
39 53 1
41 58 10
41 65 1
43 45 5
44 50 4
45 62 10
46 59 6
46 60 1
47 61 4
48 60 2
49 64 1
54 57 6
54 58 8
58 62 3
61 62 2
61 66 4
63 64 1
1
57
68 136
0 4 10
0 36 10
0 39 9
0 45 1
1 25 7
1 32 5
1 37 4
1 42 6
2 16 3
2 22 10
2 50 8
2 60 6
3 16 2
3 45 10
3 51 4
3 58 10
4 20 4
4 41 4
4 61 6
5 14 7
5 40 1
5 41 9
5 60 9
6 13 9
6 36 7
6 63 7
6 66 4
7 8 4
7 16 7
7 17 10
7 40 5
8 29 3
8 35 1
8 62 3
9 10 6
9 38 8
9 42 9
9 52 8
10 29 5
10 46 3
10 55 6
11 12 6
11 14 7
11 25 2
11 59 1
12 25 3
12 27 5
12 43 4
13 14 9
13 16 4
13 54 5
14 23 4
15 23 4
15 33 4
15 38 1
15 58 7
17 33 3
17 37 9
17 52 5
18 22 3
18 24 8
18 43 6
18 64 2
19 31 1
19 34 3
19 46 6
19 63 6
20 21 7
20 48 4
20 62 2
21 28 5
21 56 4
21 66 5
22 47 3
22 48 4
23 41 3
23 42 1
24 31 1
24 39 3
24 64 7
25 27 5
26 41 2
26 52 7
26 58 2
26 59 10
27 32 3
27 48 8
28 32 2
28 44 5
28 62 7
29 48 6
29 51 6
30 49 7
30 53 9
30 57 8
30 65 9
31 34 2
31 49 8
32 36 5
33 49 2
33 57 5
34 43 2
34 67 10
35 39 3
35 56 2
35 60 6
36 50 4
37 55 3
37 67 9
38 39 2
38 52 9
40 45 6
40 66 8
42 55 3
43 53 2
44 50 2
44 51 3
44 65 8
45 53 9
46 62 7
46 63 6
47 50 1
47 54 4
47 56 5
49 61 1
51 61 5
53 54 9
54 65 1
55 57 2
56 60 4
57 64 10
58 67 10
59 65 1
59 66 4
61 67 10
63 64 6
2
50
56
69 123
0 10 10
0 33 10
0 37 4
0 54 9
1 19 9
1 37 9
1 58 2
1 66 5
2 26 9
2 46 10
3 23 7
3 29 6
3 64 1
3 65 1
4 5 8
4 13 1
4 62 8
4 66 5
5 19 6
5 42 3
5 51 7
6 30 2
6 41 9
6 50 8
6 53 3
7 32 4
7 54 8
7 55 7
7 68 1
8 13 9
8 14 5
8 25 8
8 54 7
9 17 5
9 24 7
9 41 9
9 52 3
10 16 10
10 28 3
10 60 10
11 32 4
11 34 6
11 53 7
11 63 3
12 29 4
12 30 3
12 38 5
12 52 10
13 14 6
13 50 7
14 24 10
14 34 5
15 44 7
15 58 2
16 21 10
16 29 4
16 44 9
17 28 6
17 47 6
17 53 2
18 37 6
18 43 7
18 51 1
18 66 2
19 36 1
20 21 3
20 55 3
21 24 9
21 59 2
22 23 3
22 56 6
22 65 6
23 59 10
23 66 4
24 31 3
25 32 2
25 50 9
26 48 7
26 57 5
26 61 1
27 33 9
27 46 3
27 64 8
28 35 4
28 56 1
29 39 8
30 38 2
30 64 10
31 45 1
31 64 6
33 44 10
33 59 3
34 67 5
35 43 3
36 40 4
36 56 6
37 40 2
38 54 6
38 57 9
39 42 2
39 47 3
39 49 8
40 63 7
40 65 1
41 46 8
42 48 8
42 65 2
43 52 1
43 57 10
44 56 2
45 51 5
45 59 3
45 68 10
46 60 3
47 49 2
48 49 6
48 67 7
49 55 8
50 67 8
51 67 4
52 63 1
53 63 8
57 62 3
3
10
34
44
70 115
0 14 5
0 20 4
0 27 4
0 41 5
1 3 10
1 12 10
1 25 10
1 33 7
2 26 9
3 21 8
3 51 9
3 54 8
4 21 8
4 29 1
4 49 5
4 67 5
5 8 5
5 26 6
5 49 3
5 56 4
6 19 1
6 33 4
6 38 10
7 10 1
7 35 2
7 52 6
8 11 6
8 20 5
8 68 8
9 34 2
9 39 8
9 52 8
9 61 5
10 22 5
10 35 5
11 52 1
12 13 8
12 42 1
12 50 10
13 24 10
13 38 2
13 57 10
14 21 10
14 51 5
14 61 4
15 56 3
15 58 5
16 20 3
16 23 10
16 31 6
16 37 2
17 29 4
17 50 10
18 19 4
18 40 9
18 46 5
18 48 4
19 32 9
19 52 5
20 64 1
21 47 5
22 24 8
24 34 1
24 59 1
25 27 10
25 60 7
25 66 2
26 30 10
26 50 2
27 34 4
27 50 2
28 31 1
28 35 8
28 53 4
28 59 2
30 32 1
30 33 8
30 48 3
31 34 1
31 62 2
33 48 5
35 65 4
36 57 3
37 53 9
37 56 7
37 69 2
38 41 9
38 48 7
39 53 9
39 58 9
39 61 7
40 51 2
40 54 9
41 44 9
41 46 5
43 47 4
43 60 5
44 46 1
44 53 9
44 54 7
45 58 3
46 63 2
47 51 1
47 64 1
49 68 6
54 59 3
55 62 10
55 63 2
56 63 9
57 58 3
57 62 1
61 65 6
62 66 10
66 67 3
68 69 5
4
5
19
27
30
71 128
0 8 1
0 23 2
0 44 6
0 57 1
1 41 4
1 47 2
2 13 2
2 49 7
2 54 5
3 15 3
3 17 2
4 22 4
4 39 4
4 61 10
5 15 8
5 18 5
5 37 1
5 70 6
6 19 10
6 29 5
7 18 2
7 19 10
7 51 10
7 53 4
8 13 5
8 32 4
8 62 9
9 23 7
9 39 2
9 49 6
9 55 8
10 35 7
10 37 8
10 67 7
10 68 1
11 16 4
11 40 8
11 50 6
12 27 2
12 59 5
12 62 4
12 63 2
13 22 1
13 54 2
14 43 9
14 55 4
14 64 5
14 65 1
15 20 4
15 53 4
16 21 1
16 22 7
16 33 10
17 51 8
17 66 8
17 68 7
18 28 10
18 55 5
19 20 2
19 21 7
20 28 6
20 69 5
21 47 7
21 57 9
22 27 4
23 52 2
23 59 8
24 25 8
24 29 2
24 54 7
24 67 8
25 36 9
25 39 5
25 58 8
26 55 6
26 64 7
27 32 6
27 65 5
28 29 6
28 60 2
29 52 8
30 31 1
30 37 2
31 49 6
31 54 3
31 62 8
32 48 8
32 59 7
33 41 1
33 43 1
33 50 10
34 42 4
34 52 9
34 59 6
34 63 3
35 57 3
35 60 6
35 70 10
36 48 7
36 61 2
36 68 3
38 62 1
39 56 2
40 43 9
41 56 5
41 58 8
42 45 6
42 53 1
42 68 6
43 69 5
44 56 9
45 49 5
45 61 7
46 50 1
46 69 10
47 53 10
47 56 5
48 51 4
48 66 8
50 63 3
51 60 2
52 61 3
57 65 8
58 63 8
58 67 3
60 64 1
66 69 10
66 70 10
9
2
7
10
26
30
33
35
38
48
72 142
0 8 6
0 31 2
0 42 7
0 63 5
1 25 2
1 40 10
1 42 3
1 47 1
2 12 5
2 29 4
2 47 5
2 56 6
3 22 7
3 25 7
3 27 4
3 60 6
4 28 7
4 32 3
4 37 6
4 61 10
5 9 9
5 13 7
5 14 4
5 16 9
6 16 3
6 35 2
6 44 10
6 54 5
7 18 6
7 34 4
7 36 5
7 55 7
8 19 2
8 22 7
8 45 2
9 23 10
9 52 4
9 62 5
10 26 9
10 35 5
10 44 3
10 64 9
11 28 6
11 31 6
11 40 4
11 58 1
12 30 8
12 43 5
12 54 3
13 15 2
13 27 6
14 17 6
14 22 8
14 62 5
15 28 5
15 71 9
16 51 5
16 53 7
17 38 3
17 67 8
17 71 7
18 29 5
18 63 5
18 65 3
19 37 7
19 40 2
19 46 10
20 25 7
20 31 7
20 50 8
20 62 9
21 49 2
21 57 4
21 64 8
21 66 1
22 32 1
23 26 9
23 43 3
23 57 8
24 32 1
24 38 8
24 51 6
24 70 8
25 29 10
26 52 8
26 66 4
27 52 2
27 59 6
28 40 7
29 66 10
30 32 7
30 63 6
30 64 1
31 53 2
33 37 10
33 49 5
33 53 2
33 71 3
34 53 4
34 59 6
34 60 3
35 42 7
36 41 4
36 59 9
36 70 2
37 64 5
38 54 4
38 57 5
39 45 1
39 48 8
39 56 10
39 70 1
41 45 7
41 48 7
41 68 4
42 57 2
43 55 4
43 69 4
44 47 4
44 68 8
45 70 6
46 47 9
46 51 6
46 61 10
48 68 7
48 69 7
49 55 10
49 58 9
50 54 6
50 62 4
50 69 6
51 66 3
52 65 6
55 61 4
56 60 8
56 69 4
58 65 3
58 67 2
59 67 1
61 68 9
63 67 10
65 71 4
3
17
32
53
73 129
0 11 1
0 14 7
0 16 10
0 20 9
1 15 6
1 28 7
1 32 2
1 38 3
2 15 9
2 16 5
2 64 7
2 68 5
3 10 4
3 19 10
3 57 1
3 63 7
4 9 2
4 18 10
4 41 1
4 42 5
5 33 10
5 40 2
5 46 9
6 15 1
6 45 3
6 53 3
6 58 8
7 8 8
7 19 7
7 54 5
7 60 9
8 15 2
8 29 6
8 63 6
9 25 2
9 41 2
10 18 10
10 51 4
10 67 1
11 21 8
11 25 3
11 67 1
12 27 5
12 31 3
12 38 3
12 46 9
13 19 5
13 36 1
13 39 1
13 49 3
14 41 10
14 53 9
14 66 3
17 21 7
17 37 10
17 50 5
17 52 8
18 37 9
18 51 7
19 62 7
20 22 8
20 32 5
20 35 6
21 27 10
21 40 9
22 24 7
22 27 3
22 48 6
23 33 9
23 55 10
23 56 3
23 60 8
24 26 2
24 63 10
24 69 10
25 66 5
26 28 2
26 46 9
26 62 6
27 60 9
28 33 7
28 37 9
29 56 4
30 35 1
30 54 7
30 71 4
31 50 6
31 62 8
31 66 1
32 59 4
32 71 6
33 44 4
34 39 5
34 70 3
35 60 8
36 43 2
36 57 2
37 43 6
38 64 5
39 40 8
39 71 6
40 42 8
41 67 1
42 48 7
42 52 1
43 44 1
44 50 2
44 69 2
45 46 2
45 72 5
47 52 4
47 55 5
48 61 3
48 68 3
49 61 10
49 67 2
50 68 5
52 53 1
53 69 5
54 69 8
54 70 5
55 64 2
56 70 5
56 71 1
57 61 2
57 66 9
58 59 2
61 63 4
62 65 7
6
4
19
26
40
66
70
74 130
0 1 3
0 6 2
0 25 2
0 32 9
1 9 7
1 12 9
1 43 3
2 24 2
2 30 10
2 69 5
3 34 8
3 35 6
4 11 8
4 42 1
4 60 6
4 71 4
5 38 9
5 64 8
6 24 5
6 33 5
6 38 3
7 34 1
7 44 9
7 63 5
8 19 10
8 30 7
8 55 7
8 70 1
9 13 7
9 18 2
9 42 1
10 59 8
10 70 3
10 72 1
11 36 9
11 47 7
11 63 9
12 66 6
14 28 1
14 40 8
14 47 6
14 61 2
15 20 6
15 41 2
15 69 5
16 26 9
16 30 1
16 36 10
16 49 8
17 31 9
17 53 7
17 56 6
17 68 7
18 33 7
18 37 2
18 62 6
19 45 3
19 60 2
19 64 2
20 51 5
20 55 4
20 72 9
21 39 9
21 49 3
21 53 5
22 62 9
22 63 4
23 26 1
23 29 10
23 37 9
25 49 9
25 62 3
25 68 3
26 36 3
26 40 3
27 52 8
27 66 6
28 41 6
28 52 6
28 72 4
29 48 4
29 68 5
29 70 2
30 43 3
31 33 8
31 45 2
31 60 2
32 60 6
32 71 2
32 72 2
33 67 10
34 42 3
35 38 1
35 39 6
35 67 7
36 50 5
37 67 1
37 73 8
38 54 6
39 59 4
39 61 4
40 49 2
41 43 7
41 61 6
42 63 10
43 50 9
44 46 8
44 68 9
45 57 7
46 58 5
47 66 7
47 73 5
48 53 10
50 52 2
51 52 4
51 57 3
51 59 3
54 57 10
54 70 8
54 73 1
55 58 7
55 65 3
56 64 1
57 58 2
58 62 9
59 69 3
61 67 9
64 66 10
65 69 5
71 73 3
2
38
45
75 76
0 41 8
0 42 6
1 12 8
1 26 5
1 36 1
1 63 4
2 10 2
3 66 7
4 17 6
4 64 3
5 74 9
6 21 8
7 30 6
7 39 5
8 65 3
9 65 4
10 63 5
11 38 4
11 42 2
11 60 10
11 67 7
13 16 8
13 35 4
14 54 1
14 69 5
15 21 3
15 43 8
15 55 7
15 69 3
16 28 7
16 54 5
17 63 1
18 31 5
18 45 4
18 56 10
19 66 4
20 24 8
20 38 6
22 39 7
22 73 2
23 48 10
25 36 10
26 32 2
26 33 8
26 69 1
27 32 7
27 49 6
28 72 6
29 31 1
29 58 8
29 61 10
29 65 3
30 31 4
30 42 2
30 46 7
31 53 8
33 37 10
34 55 6
36 70 5
39 62 7
40 44 1
40 51 4
40 52 6
40 67 8
41 71 8
42 69 10
46 50 5
47 54 3
47 74 8
48 57 6
48 58 3
50 56 10
52 66 6
58 66 9
59 70 4
65 68 7
9
10
20
38
47
50
54
55
61
74
76 119
0 13 8
0 37 6
0 45 9
0 61 6
1 3 9
1 8 10
1 35 6
1 69 7
2 6 1
2 40 10
2 54 3
2 55 4
3 38 4
4 16 5
4 27 4
4 44 9
4 45 8
5 46 6
5 51 3
5 65 8
5 74 8
6 12 3
6 35 10
6 53 2
7 19 9
7 29 3
7 45 6
7 68 2
9 68 2
10 35 5
10 36 7
10 58 2
10 70 2
11 29 5
11 41 1
11 56 8
11 65 2
12 27 8
12 44 1
12 57 8
13 50 8
13 63 10
14 19 6
14 67 7
15 51 4
15 52 3
15 56 3
16 62 1
17 22 6
17 47 9
17 61 7
17 66 2
18 24 3
18 44 7
18 72 2
18 74 3
19 70 8
20 48 2
20 63 1
20 69 6
20 72 3
21 43 10
21 62 5
21 71 4
22 54 6
22 56 4
23 38 6
24 50 9
25 32 2
25 46 8
25 71 2
26 61 10
27 59 3
27 69 1
28 40 9
30 59 1
30 63 1
31 70 5
32 35 10
32 64 6
32 74 1
33 63 8
33 66 5
33 75 6
34 65 1
36 39 8
36 48 4
36 72 6
37 41 10
37 60 9
37 61 9
38 58 6
38 71 3
39 72 4
40 58 2
40 67 1
41 43 2
41 70 4
42 49 2
42 60 6
42 64 2
43 68 10
43 73 7
45 71 3
47 49 10
48 55 7
48 60 5
50 57 6
50 68 4
51 55 6
52 73 3
53 56 8
55 65 5
57 58 6
57 75 9
60 64 8
62 67 2
64 66 9
74 75 4
2
6
63
77 133
0 5 10
0 6 7
0 42 6
0 47 2
1 19 6
1 21 1
1 33 7
1 70 9
2 31 2
2 50 8
2 61 5
2 64 9
3 51 6
4 6 2
4 12 6
4 19 10
4 26 10
5 20 5
5 23 2
5 46 4
6 8 4
6 44 1
7 8 8
7 12 6
7 18 8
7 69 8
8 25 9
8 51 7
9 43 2
9 56 1
9 71 8
9 74 8
10 17 4
10 45 3
10 49 1
11 13 3
12 26 9
12 33 10
13 45 6
13 47 6
13 50 1
14 20 3
14 42 6
14 48 3
14 74 1
15 18 9
15 39 8
16 49 7
16 70 4
16 73 9
17 31 6
17 32 2
17 61 4
18 34 5
18 46 3
19 36 3
19 68 10
20 57 9
21 24 6
21 32 5
21 52 10
22 28 6
22 33 5
22 36 9
22 72 7
23 30 6
23 66 2
24 49 2
24 58 3
24 68 10
25 65 7
25 70 8
25 71 10
26 29 1
26 75 3
27 38 6
27 44 1
27 59 2
27 60 10
28 43 6
28 58 9
28 73 7
29 30 5
29 53 9
29 59 10
30 41 9
30 69 6
32 47 6
32 55 6
33 57 4
34 66 9
35 41 9
35 42 5
35 46 5
35 67 5
36 60 2
37 51 5
37 57 3
38 49 2
38 65 6
38 75 5
39 50 2
39 69 2
39 71 8
40 67 10
40 75 2
41 48 4
41 56 5
42 66 6
44 58 7
44 63 2
45 50 6
45 60 6
46 76 9
47 76 4
48 56 4
48 61 3
51 75 2
52 55 7
52 63 2
52 73 10
53 60 2
53 68 6
54 63 9
55 61 8
55 64 6
56 67 9
58 67 5
59 62 7
59 68 2
63 72 4
66 72 9
71 73 4
6
11
33
35
36
60
76
78 120
0 15 5
0 27 6
0 43 5
0 71 10
1 26 1
1 32 4
1 58 8
1 75 10
2 19 2
2 23 8
2 50 10
3 27 6
3 29 2
3 62 8
3 67 3
4 7 4
4 33 3
4 40 3
4 62 4
5 8 10
5 59 7
5 62 10
6 12 10
6 28 1
6 72 8
6 77 7
7 20 8
7 54 4
7 65 4
8 53 8
8 61 2
9 32 3
9 73 2
9 75 10
10 40 10
10 49 6
10 53 1
11 35 10
11 42 5
12 13 8
12 70 7
13 18 5
13 35 2
13 52 6
14 41 6
15 28 7
15 30 10
16 20 3
16 61 8
17 23 4
17 59 4
17 60 10
18 43 5
18 64 6
19 32 7
19 73 3
20 40 4
20 60 4
21 39 3
21 74 4
22 67 6
23 24 6
23 43 4
24 56 7
25 34 7
25 43 2
25 61 3
25 77 3
26 53 4
26 76 2
27 50 2
27 69 6
28 55 6
28 71 7
29 42 6
29 45 10
31 39 6
31 52 9
31 71 4
32 74 9
33 41 5
33 65 8
34 57 7
35 62 1
35 63 5
36 38 3
36 55 7
36 63 2
36 70 4
37 39 10
37 57 5
38 41 5
38 48 4
38 68 7
39 64 6
40 52 10
41 42 7
42 46 2
44 56 7
45 48 2
45 55 4
45 58 2
47 51 6
47 56 6
47 60 8
47 71 8
49 72 10
51 76 4
53 66 10
54 66 4
55 56 6
57 58 6
57 63 2
59 72 4
63 69 5
66 69 6
67 75 8
68 77 5
69 70 8
73 77 7
5
4
27
28
66
68
79 125
0 8 4
0 19 4
0 45 10
0 76 5
1 7 5
1 61 5
1 75 6
1 77 10
2 23 6
2 44 4
2 58 10
2 73 7
3 18 5
3 29 4
3 51 9
3 64 8
4 8 2
4 47 8
4 64 2
4 66 10
5 6 2
5 21 1
5 43 4
5 48 3
7 56 8
8 17 9
8 58 6
9 28 2
10 42 9
10 52 2
10 53 2
10 57 10
11 19 6
11 46 8
11 59 3
11 65 9
12 15 6
12 21 10
12 27 6
12 57 10
13 74 7
14 15 10
14 41 2
14 44 3
14 74 9
15 36 5
15 63 7
16 19 6
16 22 3
16 25 10
17 53 7
18 75 6
19 70 6
20 33 1
20 66 6
21 24 6
21 48 9
22 26 6
22 45 2
23 50 5
23 57 4
23 77 1
24 26 8
24 76 10
25 27 1
25 47 10
28 30 4
28 33 3
28 60 9
30 46 7
30 75 5
30 76 8
31 67 5
32 72 5
33 40 2
33 44 8
34 41 3
35 59 4
35 71 3
35 78 7
36 58 9
36 66 6
36 73 5
37 45 9
37 49 6
38 48 8
38 49 6
38 60 7
39 46 9
40 63 3
41 52 6
41 60 5
42 49 3
42 50 6
42 54 7
43 56 8
43 78 1
44 74 8
45 54 6
46 55 3
47 56 6
47 59 9
48 54 3
49 55 4
50 77 5
51 68 4
51 71 4
51 76 9
52 65 6
52 67 4
53 74 5
54 67 3
55 61 4
55 68 9
56 70 1
57 62 4
58 62 10
59 72 6
60 67 6
61 70 10
62 68 3
62 78 1
63 69 10
63 75 2
69 70 6
5
19
27
49
61
66
80 133
0 33 9
0 39 1
0 57 6
0 66 5
1 18 8
1 24 1
1 28 9
2 3 8
2 38 8
2 60 7
2 72 7
3 37 1
3 46 1
3 78 4
4 10 10
4 11 7
4 14 5
4 20 7
5 10 1
5 63 6
5 67 5
6 38 8
7 35 10
7 36 3
8 9 2
8 54 5
8 55 1
8 68 3
9 14 9
9 51 9
9 75 1
10 17 8
10 19 6
11 43 2
11 62 3
11 77 3
12 46 1
12 69 1
13 29 7
13 40 4
13 52 2
13 74 6
14 27 5
14 46 7
15 20 7
15 25 6
15 58 10
15 66 7
16 36 6
16 47 7
16 77 3
16 78 6
17 37 9
17 56 4
17 58 5
18 32 1
19 29 4
20 21 1
21 26 10
21 41 5
21 43 1
22 43 5
22 56 5
23 28 6
23 37 1
23 70 2
24 44 8
24 63 2
24 73 9
25 39 10
25 60 6
25 61 1
27 69 8
27 71 6
27 78 1
28 75 1
30 42 3
30 67 3
30 76 10
31 35 4
31 59 4
31 73 2
31 76 9
32 47 6
32 58 9
34 38 5
34 79 2
35 60 5
36 51 5
36 59 7
37 49 2
39 51 5
39 76 7
40 51 8
40 69 3
40 70 2
41 50 3
41 65 5
41 71 5
42 45 8
42 67 10
43 69 9
44 53 10
44 68 5
45 48 9
45 70 9
46 74 10
47 62 6
48 49 2
48 50 5
48 63 7
49 52 1
49 76 8
50 67 2
52 55 2
52 75 9
53 61 4
53 62 3
53 79 3
54 57 4
54 70 7
54 74 3
55 65 4
55 73 5
57 63 6
58 71 3
59 65 4
59 73 3
61 79 2
62 68 10
64 74 5
64 77 6
65 68 5
5
20
28
43
64
70
81 147
0 12 6
0 16 7
0 57 10
0 79 6
1 9 1
1 29 10
1 64 3
1 74 10
2 6 1
2 15 10
3 4 6
3 50 3
3 65 6
3 76 8
4 33 5
4 66 6
4 71 7
5 15 4
5 18 6
5 22 10
5 73 7
6 11 8
6 51 1
7 10 6
7 19 1
7 21 7
7 30 9
8 9 2
8 12 10
8 46 5
8 48 10
9 67 7
9 70 2
10 15 8
10 49 2
10 62 1
11 30 7
11 70 1
12 27 4
12 44 7
13 20 7
13 49 7
13 79 10
13 80 1
14 21 4
14 61 10
14 69 10
14 73 7
15 55 7
16 56 4
16 76 4
16 78 5
17 47 3
18 55 7
18 56 7
18 60 2
19 30 6
19 38 2
19 48 7
20 46 9
21 33 7
21 67 8
22 35 5
22 61 6
22 80 1
23 25 7
23 39 5
24 36 3
24 42 10
24 45 10
24 53 8
25 32 3
25 34 8
25 62 8
26 29 4
26 31 5
26 39 7
26 60 3
27 29 3
27 61 3
27 76 8
28 37 5
28 41 8
29 80 9
30 55 1
31 48 6
31 51 5
31 63 3
32 36 4
32 54 9
32 57 4
33 43 6
34 41 3
34 77 4
34 78 9
35 58 1
35 66 4
35 70 2
36 44 1
36 74 3
37 46 3
37 64 7
37 80 10
38 43 10
38 77 9
39 49 3
39 50 2
40 47 2
40 50 5
40 53 5
40 58 4
41 42 8
41 44 6
43 52 3
43 57 1
44 68 10
45 48 7
45 57 5
45 66 2
46 47 9
47 71 10
49 61 5
50 75 5
51 52 9
51 56 7
52 54 2
52 59 4
53 73 3
54 56 9
54 78 2
55 79 5
58 60 6
58 67 9
59 63 3
59 77 10
59 78 5
60 69 5
62 64 8
62 72 1
63 64 6
63 76 6
65 70 8
65 71 1
66 79 10
67 69 2
69 72 5
74 75 9
2
45
69
82 127
0 45 4
0 66 10
0 72 9
0 79 6
1 39 3
2 7 2
2 64 7
3 31 9
4 42 4
4 66 2
4 79 2
5 13 10
5 18 3
5 37 5
5 47 10
6 46 7
6 71 6
7 47 1
7 67 1
8 23 2
8 30 3
9 31 7
9 42 5
9 72 4
9 80 6
10 16 5
10 35 7
10 38 3
10 47 9
11 17 10
11 21 5
11 24 4
11 44 5
12 21 1
12 51 7
12 56 9
12 64 7
13 78 7
14 15 6
14 23 8
14 44 7
14 69 3
15 52 9
17 31 10
17 71 5
17 77 4
18 35 8
18 62 6
18 78 5
19 41 9
19 63 4
19 69 10
20 40 7
20 50 2
20 56 10
21 40 10
21 81 9
22 25 4
22 37 4
22 49 9
23 33 9
23 63 6
24 49 5
24 55 10
24 73 1
25 32 3
25 39 6
25 45 5
26 29 5
26 57 1
26 67 2
27 52 2
27 59 1
27 61 10
28 32 1
28 43 10
28 59 10
28 66 1
29 36 4
29 60 6
30 76 1
32 65 1
33 34 2
33 78 4
34 57 6
36 43 10
36 65 10
36 76 5
37 48 6
38 64 3
38 66 1
39 40 10
39 47 6
40 65 4
41 60 8
41 75 3
42 71 2
43 58 6
43 74 9
44 52 8
44 60 6
45 54 5
45 76 5
46 51 10
46 67 5
46 77 4
48 58 7
49 58 7
50 71 1
50 74 2
52 77 10
53 75 9
54 58 3
54 60 7
54 79 3
55 57 8
55 63 10
55 72 4
57 70 8
59 75 6
61 72 1
63 69 1
67 79 9
68 74 2
68 78 8
68 81 3
77 81 4
6
9
29
38
47
59
78
83 139
0 4 1
0 12 5
0 56 7
0 69 9
1 18 8
2 4 4
2 27 1
2 68 5
3 13 6
3 50 7
3 57 7
3 63 10
4 51 2
5 10 7
5 16 9
6 10 10
6 35 4
6 78 3
6 82 8
7 29 5
7 34 5
7 54 9
8 38 8
8 41 9
8 77 8
9 17 10
10 25 10
10 47 2
11 25 7
11 40 3
11 54 3
11 80 6
12 31 2
12 37 3
12 73 5
13 42 3
13 43 10
13 63 5
14 22 8
14 33 10
14 36 10
14 50 4
15 42 4
15 57 6
15 82 4
16 31 2
16 32 5
16 41 5
17 40 2
17 53 4
17 56 5
18 39 3
18 69 4
18 79 8
19 22 9
19 44 9
19 58 2
19 75 9
20 64 4
20 69 2
21 28 3
21 48 5
21 76 10
22 45 9
22 46 8
23 24 10
23 62 4
24 33 2
24 47 6
24 81 1
25 44 10
25 70 7
26 58 2
26 72 6
27 48 10
27 59 9
27 76 10
28 37 5
28 56 4
28 58 2
29 43 3
29 44 2
30 58 10
30 60 8
30 65 7
30 72 7
31 51 10
31 80 7
32 38 10
32 45 6
32 67 3
33 75 7
34 49 4
35 45 8
35 52 10
35 71 3
36 52 10
36 55 5
36 67 1
38 53 6
39 42 9
39 62 3
39 63 9
40 79 10
40 82 3
41 49 8
41 71 5
42 59 7
43 61 8
44 53 4
45 68 1
46 81 5
47 70 1
48 57 3
48 70 5
49 54 9
49 61 6
50 64 3
50 73 3
51 61 1
51 72 7
52 63 9
52 66 3
55 60 9
55 64 6
55 76 5
56 60 1
57 65 6
59 69 9
62 67 9
62 77 4
64 79 1
65 71 8
65 73 9
66 68 1
66 75 8
66 82 1
70 76 5
74 79 6
4
47
50
54
74
84 127
0 5 6
0 37 1
0 42 6
0 76 6
1 48 2
2 38 3
3 19 6
3 75 1
4 33 4
4 57 6
4 79 10
5 13 2
5 67 4
5 71 2
6 36 2
6 40 8
6 56 8
6 80 2
7 46 3
7 59 10
7 62 4
8 14 5
8 29 1
8 80 1
9 38 5
10 32 6
10 54 7
10 56 2
11 15 6
11 27 6
11 72 10
12 21 8
12 39 5
12 40 10
12 78 7
13 31 7
13 57 2
13 60 10
14 80 5
15 18 6
16 41 7
16 50 7
17 58 2
17 60 5
18 38 5
18 54 9
18 60 6
19 44 2
20 66 10
20 68 10
21 71 6
21 79 4
22 32 2
22 46 9
22 55 7
22 67 1
23 26 1
23 76 6
24 27 8
24 43 10
24 51 6
24 75 10
25 49 5
25 51 7
25 66 10
27 49 10
28 41 1
28 76 5
28 77 3
29 39 9
29 65 7
29 83 1
30 36 7
30 56 9
30 67 10
31 47 4
31 50 10
31 80 4
32 54 2
32 62 4
33 46 1
33 68 6
34 42 2
35 53 5
36 39 10
36 69 7
37 63 10
37 73 6
37 82 3
38 57 7
39 40 10
40 44 1
41 51 7
41 69 2
42 44 4
42 77 3
43 63 1
45 48 10
45 55 7
45 56 7
46 47 5
47 53 6
47 72 3
48 57 5
48 83 3
49 61 2
49 68 5
50 52 4
50 53 7
51 69 4
52 71 9
52 74 6
53 61 4
55 73 4
55 76 2
59 63 3
59 70 9
59 75 4
60 74 9
63 65 10
64 68 10
65 67 1
65 82 7
72 77 7
73 81 1
73 83 7
81 83 6
2
23
31
85 97
0 9 7
0 15 2
0 49 5
0 70 8
1 27 2
1 44 7
1 80 4
2 19 1
2 76 4
3 39 7
4 24 3
4 33 2
4 57 4
5 42 4
6 18 1
7 38 1
8 10 7
8 13 4
8 51 7
9 21 2
9 30 9
9 67 6
10 52 5
10 65 5
10 70 1
11 19 4
12 24 10
12 49 2
12 72 7
13 26 10
13 36 7
14 20 3
14 30 10
15 28 7
15 31 9
15 75 8
16 33 2
17 18 4
17 31 6
18 42 3
18 84 1
19 75 7
21 59 9
22 39 2
23 38 2
23 63 10
25 40 1
27 68 7
29 78 7
30 37 10
30 55 2
31 81 5
32 37 2
32 69 5
34 83 3
35 43 6
35 61 3
36 53 3
36 64 7
36 80 6
39 56 8
39 70 4
40 48 4
41 50 5
41 72 4
41 77 3
42 54 2
42 60 4
43 83 1
44 76 7
45 61 4
45 71 1
46 60 4
46 82 6
47 54 10
47 62 7
48 66 9
48 68 5
48 76 1
49 63 2
49 68 2
52 80 1
53 72 6
54 57 1
57 63 10
58 62 4
60 73 6
61 75 1
61 77 1
62 64 8
62 74 2
63 80 5
67 70 4
68 79 7
71 74 10
72 74 1
78 79 7
7
3
4
13
31
36
39
42
86 99
0 13 6
0 23 8
0 42 7
0 45 8
1 54 3
1 62 9
2 29 7
2 47 7
2 48 2
3 46 2
3 85 9
4 30 4
4 80 1
5 19 4
5 56 8
5 76 4
6 32 8
6 37 6
6 44 8
6 50 8
7 85 2
8 23 5
8 40 5
8 55 9
9 42 2
9 43 4
9 62 5
10 24 7
10 49 9
11 15 10
12 48 6
14 49 10
15 40 5
15 72 5
15 76 5
16 65 6
17 35 8
17 45 10
17 75 8
18 67 10
19 70 8
20 48 1
20 70 1
21 50 9
22 71 8
23 30 1
23 47 7
24 47 7
25 48 5
25 78 7
25 81 4
26 71 6
26 85 10
27 36 10
27 58 1
28 65 2
28 79 6
29 60 8
29 83 8
29 85 6
30 41 1
30 77 9
31 33 7
31 60 6
32 61 9
33 44 4
34 38 9
34 39 10
34 54 7
35 71 3
36 57 10
37 57 9
37 74 1
38 42 2
39 54 6
39 58 10
40 58 1
40 79 8
41 49 4
42 61 7
43 65 3
44 74 10
45 74 6
47 84 6
51 77 4
52 60 7
53 58 4
54 69 9
57 82 9
59 71 6
60 75 1
63 77 7
64 79 5
65 69 10
66 77 1
67 72 9
68 75 1
72 73 10
74 78 10
7
2
14
18
34
74
78
85
87 141
0 9 9
0 32 10
0 40 9
0 52 2
1 6 1
1 12 5
1 40 4
1 62 8
2 9 4
2 37 3
2 75 5
2 83 7
3 39 7
3 69 1
4 25 6
4 31 6
4 62 1
5 7 1
5 35 5
6 49 6
6 76 7
7 13 8
7 37 7
7 86 5
8 22 10
8 30 4
8 32 8
8 62 9
9 63 3
9 82 5
10 17 1
10 25 9
10 58 8
10 59 3
11 13 10
11 54 1
11 60 6
11 79 4
12 40 3
12 78 4
13 37 6
13 59 6
14 38 8
14 43 4
14 45 7
14 54 9
15 34 5
15 66 6
16 31 5
16 33 1
16 35 2
16 36 7
17 29 10
17 32 3
17 80 3
18 51 9
18 56 8
18 68 8
18 70 7
19 44 1
19 45 7
19 65 5
19 68 8
20 43 7
20 70 8
20 76 10
21 49 3
23 42 3
23 67 6
24 68 6
24 72 8
25 75 5
26 35 7
26 38 10
26 53 3
27 41 8
27 51 10
27 73 9
27 77 2
28 60 8
28 62 6
28 63 10
29 48 1
29 60 9
29 78 7
30 73 8
31 44 9
31 69 8
32 56 4
33 71 6
33 81 4
33 84 10
34 56 8
34 68 4
35 47 5
36 45 2
36 59 2
36 69 8
37 80 8
38 39 9
38 84 6
39 65 4
39 79 4
40 70 8
41 44 3
41 55 7
41 72 10
42 83 4
45 74 8
46 60 7
47 65 1
48 58 5
49 67 7
49 78 3
50 80 9
51 52 9
51 63 10
52 73 1
52 81 2
53 70 9
53 71 10
53 77 10
54 74 4
55 71 9
56 61 3
57 75 1
57 85 10
58 64 3
58 67 4
59 86 3
65 82 6
66 72 10
66 75 9
67 76 3
72 85 5
73 84 3
74 81 2
76 81 8
79 82 4
80 85 4
82 85 2
10
12
13
16
18
20
38
65
71
79
81
88 107
0 9 9
0 30 6
0 39 4
0 57 3
1 6 8
1 74 4
2 10 6
3 33 8
3 34 2
4 46 6
4 49 7
5 26 4
5 62 8
5 68 6
5 79 4
6 86 7
7 24 5
7 31 7
7 40 9
8 40 8
8 42 4
8 43 10
8 66 4
9 51 9
9 59 3
9 83 6
10 66 2
11 44 5
12 16 3
12 17 10
12 82 4
13 31 2
13 35 6
13 79 2
14 15 2
14 27 9
15 28 2
15 45 1
15 54 9
16 19 3
16 28 7
16 39 7
17 38 2
18 41 4
19 85 3
20 36 1
20 84 6
21 42 9
21 55 6
21 73 3
21 74 5
22 35 9
22 59 3
23 37 9
23 61 3
24 25 8
24 43 3
25 63 1
25 82 9
27 54 5
28 41 5
28 75 1
29 47 1
30 42 6
30 84 2
31 48 10
31 49 7
32 52 1
32 56 3
34 61 1
34 84 4
35 69 4
36 43 3
37 53 1
39 68 6
39 86 1
41 60 2
42 76 5
44 52 9
44 65 5
44 68 10
45 53 7
45 63 2
45 81 4
47 55 4
47 58 3
47 78 10
48 80 1
49 84 6
50 74 5
53 69 3
53 73 2
56 62 6
57 58 4
60 79 7
61 63 8
62 77 6
62 79 8
63 72 8
64 68 1
65 70 8
66 76 2
67 71 2
70 85 9
71 75 10
71 87 6
81 83 7
1
65
89 173
0 18 1
0 26 3
0 78 4
0 84 7
1 18 9
1 25 3
1 36 8
1 81 4
2 30 4
2 31 6
2 79 3
2 87 5
3 55 10
3 59 9
3 64 6
4 7 9
4 10 10
4 16 1
4 19 4
5 19 9
5 25 4
6 44 5
6 48 2
6 58 10
6 66 10
7 27 1
7 38 8
7 83 2
8 12 7
8 57 2
8 73 2
9 15 7
9 36 10
9 71 8
9 83 7
10 22 8
10 40 8
10 79 6
11 20 7
11 45 7
11 60 8
11 65 5
12 29 9
12 50 4
12 65 5
13 20 7
13 34 10
13 55 2
13 58 6
14 44 5
14 48 4
14 54 5
14 70 10
15 20 6
15 53 9
15 63 6
16 43 5
16 87 9
17 18 3
17 45 6
17 69 9
17 86 10
18 41 4
19 22 8
19 32 2
20 82 3
21 25 1
21 28 9
21 34 8
21 86 2
22 43 8
22 56 8
23 40 8
23 49 10
23 60 10
23 80 5
24 46 6
24 57 8
24 68 2
24 70 5
25 66 6
26 53 8
26 64 8
26 71 4
27 52 10
27 59 4
27 78 6
28 39 5
28 41 5
28 72 2
29 51 7
29 69 4
30 36 3
30 51 9
30 88 5
31 34 8
31 42 1
31 63 4
32 44 9
32 73 7
32 80 8
33 46 9
33 59 7
33 63 6
33 70 3
34 50 4
35 50 5
35 68 7
35 81 4
35 82 7
36 61 8
37 39 1
37 76 5
37 86 6
38 40 8
38 47 1
38 66 10
39 68 5
39 76 8
40 61 10
41 55 8
41 88 9
42 49 7
42 52 10
42 77 4
43 61 8
43 75 4
44 45 7
45 74 2
46 69 1
46 78 7
47 52 7
47 67 10
47 69 4
48 74 6
48 77 4
49 76 1
50 53 7
51 77 3
51 84 8
52 57 8
53 66 2
54 75 3
54 82 7
54 83 9
55 76 9
56 68 7
56 81 10
56 88 7
57 84 6
58 60 9
59 74 2
60 81 2
61 72 6
62 65 3
62 67 7
62 80 5
62 86 10
63 85 4
64 72 10
64 77 6
65 85 8
67 70 8
67 73 9
71 72 9
71 79 9
73 84 2
74 85 5
75 82 6
75 87 5
78 85 1
79 80 5
83 88 5
2
1
5
90 91
0 8 3
0 18 5
0 57 8
0 88 3
1 12 4
1 47 8
2 20 2
2 21 9
2 60 7
3 4 6
3 7 2
3 74 9
3 86 5
5 11 7
6 17 3
7 8 9
7 77 2
7 84 1
8 27 2
8 44 5
9 84 9
10 80 3
11 69 3
12 35 6
13 63 2
14 24 2
14 37 6
14 79 2
15 35 9
16 38 4
16 72 9
16 85 2
17 24 10
18 30 3
18 39 1
19 29 4
20 42 5
21 79 4
22 75 7
23 62 5
24 41 9
25 75 1
26 27 8
27 70 9
27 78 5
28 30 7
28 59 4
28 83 1
29 33 9
29 49 1
30 53 3
30 71 2
31 69 8
31 89 9
32 50 10
32 79 6
33 45 10
33 55 5
34 46 7
35 82 1
36 73 2
38 44 3
40 59 5
43 64 2
45 56 3
46 52 5
46 77 3
47 68 2
48 62 3
49 68 3
50 66 4
51 58 3
51 77 5
51 86 4
53 69 6
54 87 2
57 61 6
57 62 2
57 79 3
59 80 9
61 67 5
62 65 10
63 71 5
64 67 5
64 81 8
66 75 9
66 82 5
68 88 6
73 84 4
73 87 1
76 84 1
1
71
91 167
0 10 9
0 14 10
0 51 6
0 89 9
1 12 8
1 58 9
1 84 10
1 85 2
2 18 9
2 58 9
2 86 8
2 90 5
3 14 2
3 47 1
3 57 8
3 84 2
4 24 10
4 66 8
4 73 2
4 79 7
5 10 2
5 44 3
5 50 1
5 70 8
6 21 8
6 43 2
7 15 8
7 25 7
7 48 7
7 51 3
8 23 8
8 32 9
9 17 1
9 41 6
9 67 1
9 89 8
10 49 2
10 76 8
11 40 9
11 67 4
11 74 10
11 85 10
12 36 9
12 61 10
12 74 5
13 34 6
13 68 7
13 73 10
13 87 4
14 60 2
15 24 1
15 40 2
15 62 6
16 31 3
16 71 4
16 82 7
16 88 8
18 32 4
18 49 7
18 86 3
19 66 9
19 82 9
19 87 4
20 25 5
20 50 8
20 61 4
20 79 5
21 28 1
21 55 5
21 78 6
22 37 4
22 39 8
22 76 4
23 35 4
23 61 9
23 62 2
24 26 7
24 48 5
25 79 7
25 87 8
26 34 10
26 38 6
26 60 6
27 85 6
28 37 9
28 38 6
28 55 8
29 36 6
29 54 5
29 62 1
30 40 4
30 52 9
30 81 8
30 89 10
31 42 1
31 45 6
31 52 8
32 59 10
32 77 9
33 44 2
33 45 5
33 67 6
33 90 2
34 43 2
34 65 10
35 63 3
35 65 6
35 68 2
36 75 4
37 44 10
37 81 2
38 65 7
38 71 10
39 47 9
39 86 1
40 76 3
41 68 10
41 74 5
41 78 10
42 46 2
42 66 2
42 85 10
43 49 10
43 53 6
44 80 6
45 63 9
45 69 2
46 70 8
46 77 10
46 86 1
47 62 9
47 73 3
49 75 6
51 71 10
51 72 2
52 73 9
52 80 7
54 75 2
55 66 3
55 90 8
56 61 3
56 65 6
56 76 7
57 59 3
57 72 5
57 80 7
58 78 1
58 83 2
59 82 1
59 83 3
60 67 1
60 82 2
63 87 3
64 69 8
64 72 6
64 77 2
64 78 10
69 90 6
70 81 10
70 88 9
71 74 6
72 84 5
75 77 4
79 88 4
80 83 1
81 88 2
83 89 8
7
15
19
22
27
52
71
88
92 133
0 8 7
0 12 5
0 66 9
0 68 10
1 50 7
1 52 6
2 29 1
2 38 9
2 40 6
2 47 10
3 61 5
3 83 9
4 15 7
4 19 7
4 33 7
4 66 9
5 68 7
5 83 7
5 86 7
6 64 8
6 81 8
6 82 6
7 24 10
7 32 8
7 67 4
7 87 8
8 57 5
8 65 9
8 88 7
9 26 7
9 30 2
9 33 7
9 41 3
10 35 7
10 46 3
10 47 10
10 61 8
11 39 3
11 43 3
11 54 8
11 83 3
12 24 4
12 68 1
12 85 2
13 29 5
13 44 10
13 70 6
13 75 4
14 43 7
14 89 7
15 31 9
15 37 3
16 37 7
16 43 3
17 33 7
18 57 2
18 59 6
18 75 4
18 82 7
19 29 10
19 78 7
19 87 7
20 62 3
21 48 8
21 58 6
21 62 1
22 48 4
22 56 5
23 45 10
23 55 9
23 81 2
24 43 2
25 48 9
25 90 7
26 72 3
27 69 8
28 34 3
29 90 2
30 57 7
31 70 6
31 72 6
31 77 4
32 40 8
33 62 8
34 59 5
34 60 9
34 79 2
35 60 10
35 66 6
35 75 7
36 37 5
36 46 6
36 62 9
36 73 2
37 90 8
39 51 2
40 55 2
40 81 4
41 75 1
42 59 2
42 70 9
42 82 10
45 49 9
45 52 7
45 66 8
46 52 1
47 63 5
47 91 7
48 87 7
49 50 2
50 53 8
51 88 8
52 67 9
53 64 5
53 71 7
54 72 5
55 85 9
56 64 3
56 79 7
56 87 8
59 90 3
61 79 8
63 84 2
63 91 6
65 67 8
65 74 9
67 82 4
68 69 8
70 72 1
76 88 1
78 88 7
79 80 4
83 85 10
3
9
16
31
93 106
0 47 8
0 92 7
1 24 3
2 89 10
3 22 7
3 81 2
4 32 5
4 53 7
5 30 1
5 56 7
6 8 3
6 43 2
6 65 4
6 72 1
7 18 8
7 31 8
7 74 2
8 20 9
8 38 4
8 78 1
9 15 2
9 68 4
9 77 4
9 79 10
10 27 8
11 54 1
12 24 10
12 64 8
13 75 1
14 52 8
14 64 6
15 69 8
16 31 4
16 61 6
17 27 9
17 60 7
19 43 2
20 27 9
20 55 3
20 82 8
21 31 1
21 50 8
21 74 4
21 91 8
23 49 5
24 51 1
24 76 4
25 49 7
25 54 10
25 62 10
25 84 5
26 53 10
26 62 7
27 89 7
28 40 3
28 83 2
29 69 4
29 77 5
30 87 8
31 36 2
32 34 6
33 72 1
34 45 7
34 84 4
35 91 9
36 86 6
37 53 2
37 65 10
38 46 8
38 51 10
38 71 7
39 66 8
40 43 4
40 53 9
40 59 3
41 84 1
42 67 3
43 85 2
44 47 3
44 50 10
44 67 9
44 77 3
47 66 9
47 71 3
48 51 1
48 61 9
50 54 2
51 57 9
52 57 8
54 87 8
56 71 8
57 71 4
58 66 10
58 83 10
60 73 10
61 77 3
63 76 1
63 81 3
65 78 3
67 80 5
70 89 5
72 80 8
75 83 3
75 88 5
76 89 6
81 90 6
3
2
34
87
94 141
0 15 7
0 40 8
0 45 10
0 52 2
1 15 5
1 34 9
1 38 4
1 57 10
2 25 2
2 55 4
2 61 9
3 30 10
3 61 4
3 90 5
4 48 1
4 49 4
4 56 7
4 60 3
5 82 1
6 8 7
6 55 3
6 89 6
7 9 9
7 11 4
7 71 3
8 19 5
8 34 8
8 41 5
9 38 9
9 70 10
9 73 5
10 35 5
10 63 3
10 85 3
11 50 4
11 55 9
11 93 4
12 25 9
12 38 5
12 63 5
12 74 2
13 37 3
13 44 9
13 46 2
13 73 9
14 69 4
15 39 6
15 72 9
16 28 10
16 53 10
16 66 4
16 79 6
17 65 10
17 66 6
18 23 7
18 50 3
18 57 4
19 46 6
19 48 2
19 80 9
20 35 5
21 27 8
21 36 4
21 43 1
21 89 7
22 51 7
22 76 10
23 65 2
23 72 1
23 75 1
24 52 7
24 79 5
25 64 4
25 71 6
26 44 5
26 75 8
26 92 8
27 32 10
27 45 4
27 80 5
28 39 7
29 65 5
30 35 4
31 39 6
31 65 9
31 73 9
31 83 5
32 88 9
33 89 4
34 60 6
35 40 2
36 54 6
36 62 6
36 87 9
38 43 4
39 59 8
40 78 4
40 79 4
41 74 6
41 84 1
41 92 8
42 61 9
42 64 9
42 89 3
45 59 7
45 77 2
46 75 2
47 59 8
49 52 3
49 59 7
49 69 6
50 69 7
50 78 3
51 80 7
51 87 8
52 56 3
53 82 9
53 91 10
54 60 1
55 87 4
56 57 3
56 77 5
58 77 6
60 76 7
61 69 8
62 68 8
62 87 3
66 73 9
66 93 8
67 81 8
67 82 1
67 93 5
70 86 10
74 76 1
74 86 2
76 77 7
79 90 9
80 81 10
82 92 8
86 90 7
92 93 4
9
8
17
20
44
46
60
71
74
75
95 155
0 2 10
0 3 10
0 11 10
0 92 6
1 4 5
1 63 10
2 54 1
2 75 6
2 89 10
3 21 8
3 49 6
3 82 5
4 26 1
4 50 3
5 18 1
5 43 3
5 64 8
5 93 10
6 71 7
6 80 3
6 87 5
7 8 9
7 67 6
7 69 6
8 65 9
8 82 4
9 30 1
9 53 1
9 72 6
9 93 6
10 72 5
10 74 3
10 89 7
11 43 7
11 69 9
11 79 4
12 14 8
12 37 1
12 65 4
12 82 2
13 33 7
13 74 2
13 80 1
13 86 8
14 55 2
14 59 3
14 79 2
15 19 9
15 44 9
15 45 10
16 36 6
16 39 2
16 79 9
16 90 6
17 26 3
17 27 5
17 54 5
18 34 10
18 66 5
19 20 2
19 80 5
19 91 1
20 27 8
20 55 10
20 87 1
21 61 10
21 68 10
22 38 7
22 47 7
22 51 7
22 86 5
23 44 5
23 52 5
23 66 8
23 87 9
24 80 4
25 26 2
25 34 9
25 49 2
25 94 6
27 31 8
27 46 7
28 59 1
28 65 1
29 47 6
29 60 4
30 66 2
30 79 7
31 41 2
31 47 8
31 73 1
32 75 4
33 35 3
33 40 2
33 94 10
34 35 2
35 40 7
35 57 6
36 69 9
36 73 6
37 67 3
37 71 7
37 72 1
38 39 8
38 52 5
38 61 6
39 50 3
39 74 2
40 81 2
40 90 8
41 89 3
42 52 5
42 58 7
44 71 5
45 85 2
47 48 6
48 57 2
48 84 6
49 50 6
49 91 7
50 78 6
52 93 8
53 76 4
53 88 2
53 93 8
55 58 10
55 92 9
56 58 1
56 86 3
57 64 1
58 82 2
59 88 10
60 67 9
60 74 2
60 77 3
61 69 8
61 90 4
62 64 2
62 65 3
62 87 2
62 92 8
63 88 2
64 77 9
67 73 8
68 88 3
70 94 7
72 92 2
73 85 1
75 85 7
76 77 9
76 83 6
77 91 2
78 85 9
83 84 7
91 94 8
4
45
63
69
80
96 149
0 28 5
0 46 5
0 51 9
0 69 7
1 4 8
1 64 1
1 74 5
2 13 7
2 25 3
2 47 3
2 90 4
3 15 3
3 23 10
4 50 2
4 67 4
4 91 6
5 75 7
6 11 3
6 62 7
7 17 8
7 50 9
8 17 4
8 62 8
8 90 2
9 10 1
9 81 5
9 87 1
10 40 3
10 59 5
10 61 9
11 28 9
11 38 3
11 61 3
12 55 7
12 77 7
12 79 6
13 18 7
13 36 2
13 85 2
14 39 5
14 44 6
14 91 5
14 95 6
15 23 2
15 80 8
15 89 1
16 41 10
16 59 3
17 69 7
18 88 5
19 35 5
19 55 10
19 78 9
20 87 10
21 54 3
21 57 6
21 75 4
21 84 7
22 28 4
22 59 4
22 64 5
22 90 1
23 33 5
23 46 7
24 42 7
24 57 10
24 85 4
24 87 8
25 37 1
25 41 4
25 49 4
26 80 8
26 82 1
26 92 6
27 53 3
27 60 10
28 60 10
29 52 8
30 33 7
30 45 3
30 84 10
30 86 1
31 52 8
32 46 2
32 55 9
32 64 4
32 66 6
33 70 7
33 86 2
34 79 4
34 80 2
34 82 8
35 41 10
35 78 8
35 83 4
36 71 3
37 63 1
37 95 5
38 69 7
39 43 1
39 61 4
39 72 4
40 76 7
41 53 4
42 44 5
42 83 10
45 62 7
45 70 10
45 81 4
46 71 5
47 49 6
47 64 4
48 83 9
48 87 1
49 54 8
49 73 8
51 85 6
51 93 7
52 67 1
52 82 9
53 56 4
53 95 9
54 74 4
54 79 9
55 94 3
56 83 2
56 95 1
57 82 2
58 78 7
58 86 7
59 84 2
60 63 5
60 71 9
61 76 2
65 66 9
65 76 2
65 88 1
66 81 5
67 94 6
68 86 2
69 80 6
71 91 4
72 92 7
73 75 6
76 94 3
77 85 3
77 90 1
78 93 2
79 84 5
3
16
18
72
97 185
0 2 5
0 33 5
0 37 8
0 70 6
1 39 10
1 61 2
1 63 4
1 87 7
2 16 7
2 77 4
2 92 3
3 11 1
3 21 3
3 29 10
3 80 2
4 19 9
4 31 1
4 76 3
4 79 8
5 19 1
5 39 10
5 53 2
5 95 2
6 11 6
6 33 5
6 35 7
6 91 6
7 10 5
7 12 9
7 70 8
7 95 5
8 12 1
8 38 10
8 46 6
8 51 5
9 29 2
9 63 1
9 83 7
9 84 1
10 27 2
10 64 6
10 88 7
11 58 2
11 63 4
13 15 3
13 22 9
13 56 6
13 93 3
14 26 8
14 33 1
14 35 9
14 71 6
15 45 6
15 86 4
15 90 4
16 22 1
16 62 10
16 89 9
17 30 7
17 44 7
17 79 9
17 91 4
18 40 10
18 44 5
18 47 10
18 53 8
19 41 1
19 90 5
20 31 6
20 63 4
20 74 4
21 24 2
21 37 5
21 59 7
22 31 9
22 85 9
23 36 7
23 56 9
23 61 9
23 71 5
24 30 1
24 46 1
24 84 5
25 47 4
25 75 4
25 83 10
25 85 2
26 42 10
26 87 6
26 88 3
27 43 4
27 96 8
28 73 6
30 89 1
30 95 1
31 72 10
32 41 4
32 51 7
32 79 10
32 94 1
33 36 2
34 62 8
34 68 2
34 82 7
34 93 9
35 94 6
36 43 9
36 51 3
37 52 3
37 69 8
38 64 4
38 89 2
39 44 9
39 57 7
40 59 7
40 69 9
40 75 3
41 48 3
41 72 8
42 48 10
42 57 7
42 85 3
43 45 7
43 47 3
44 91 3
45 49 8
45 59 8
46 67 5
46 82 7
47 74 10
48 73 10
48 93 9
49 88 9
49 89 10
49 93 7
50 52 6
50 82 2
50 86 1
50 90 5
51 56 7
52 64 6
52 67 5
53 66 10
53 71 5
54 60 9
54 83 3
54 84 2
54 92 2
55 60 1
55 84 8
55 96 6
56 91 2
57 82 9
58 78 6
58 94 9
58 95 4
59 75 5
61 64 3
61 72 6
62 65 2
62 77 1
65 78 10
65 80 3
65 92 9
66 78 3
66 87 9
66 92 8
67 74 5
67 80 2
68 75 3
68 76 4
68 79 3
69 71 9
69 72 8
70 74 10
70 86 3
73 85 3
73 86 9
76 94 4
76 96 2
77 80 10
77 90 4
78 88 10
81 83 1
87 96 9
3
67
86
93
98 126
0 38 4
0 40 1
0 56 6
0 74 9
1 16 5
1 57 3
1 78 9
2 24 9
2 46 8
3 22 7
3 42 3
3 52 1
3 55 3
4 53 4
4 78 6
4 94 8
5 9 2
5 12 10
6 11 3
6 71 8
6 76 8
6 81 3
7 47 3
7 53 2
7 80 8
8 57 4
10 27 5
10 29 10
10 67 5
10 75 2
11 16 10
12 38 1
12 72 3
12 86 8
13 44 5
14 23 10
14 35 4
14 66 2
15 19 5
15 43 3
15 50 8
15 86 3
16 21 7
16 51 10
17 42 6
17 66 8
18 26 2
18 29 3
18 44 5
19 24 10
19 97 9
20 47 2
20 93 2
21 75 1
23 26 6
23 51 2
23 94 8
24 44 6
25 48 5
25 76 7
26 71 6
26 93 2
28 59 6
28 76 7
29 61 7
29 68 4
30 49 8
30 75 6
31 67 2
31 73 8
32 94 7
33 74 2
34 48 5
34 53 3
34 56 9
34 64 3
35 71 10
35 72 8
36 65 3
36 89 7
37 94 2
38 71 2
38 83 3
39 74 2
40 60 8
41 48 9
41 66 10
42 88 9
43 69 8
45 92 5
46 83 8
49 90 1
50 51 7
52 64 4
53 92 10
54 77 4
55 70 5
55 83 4
58 84 1
59 96 6
60 62 9
60 69 6
60 77 6
62 96 3
63 95 4
64 82 3
65 72 3
66 91 7
67 74 5
67 91 1
69 89 4
70 85 9
72 78 7
73 90 10
73 95 10
75 88 8
79 84 5
79 93 7
80 85 3
81 87 7
83 95 7
84 88 9
85 93 8
86 92 5
86 96 2
87 96 10
4
50
58
69
82
99 157
0 33 10
0 39 2
0 69 8
0 77 8
1 33 2
1 62 7
1 81 10
1 85 8
2 42 4
2 43 1
2 52 9
2 59 5
3 13 4
3 69 9
3 82 2
3 96 6
4 11 2
4 18 1
4 19 1
5 40 8
5 70 5
5 97 4
6 12 3
6 58 3
6 60 4
6 78 6
7 62 7
7 98 2
8 71 7
9 31 10
9 57 7
10 39 3
11 72 7
11 80 4
12 15 7
12 51 6
14 28 9
14 47 3
14 53 5
14 80 9
15 21 7
15 26 9
15 38 3
16 50 2
16 62 10
16 72 7
17 37 7
17 56 7
17 90 5
17 98 9
18 68 5
19 31 8
19 46 3
19 85 5
20 33 5
20 55 9
20 90 10
20 97 3
21 51 1
21 71 3
21 83 6
22 40 4
22 47 9
22 49 1
22 52 8
23 35 4
23 60 1
23 68 9
23 91 10
24 29 8
24 85 8
24 96 2
25 71 3
26 59 8
26 72 9
27 35 2
27 61 10
27 76 8
27 77 1
28 75 9
29 64 5
30 86 1
30 96 5
31 49 7
31 73 6
32 48 3
32 68 1
32 73 2
33 34 6
34 38 1
34 83 3
34 86 7
35 74 4
36 42 10
36 70 3
36 76 4
36 89 6
37 77 9
37 78 7
37 88 9
38 49 4
38 73 8
39 66 4
39 70 7
40 72 8
40 74 3
41 43 4
41 54 8
41 65 6
41 94 4
42 46 9
42 84 10
43 68 8
44 79 4
44 83 10
45 55 6
45 86 1
46 58 4
47 50 2
48 52 3
48 79 10
48 83 5
50 60 3
50 92 3
51 60 9
51 64 2
52 90 6
53 90 3
54 69 10
54 93 4
55 61 9
55 65 3
56 65 5
56 94 10
57 84 8
58 82 2
58 95 5
61 97 1
62 63 10
63 65 10
64 85 2
64 95 7
67 70 1
69 76 1
71 77 8
73 81 1
74 81 9
74 87 4
75 91 9
75 92 9
75 95 8
76 89 8
80 97 5
82 95 7
86 98 1
91 98 10
94 96 2
10
14
25
28
36
44
45
53
67
74
79
100 107
0 22 9
0 38 3
0 69 7
0 85 8
1 42 10
1 54 3
1 90 2
2 12 1
2 63 7
2 66 5
2 81 9
3 92 8
4 15 5
4 43 1
4 61 6
4 84 7
5 22 1
5 95 1
6 14 8
6 87 3
6 96 6
7 16 1
7 92 8
8 99 10
9 46 1
9 59 1
10 48 7
10 82 7
11 59 8
12 91 9
13 83 8
16 42 6
16 75 7
16 85 4
17 47 6
17 71 7
18 75 5
18 80 9
19 30 6
20 76 7
21 80 3
22 25 5
22 68 6
23 45 1
23 58 6
23 96 5
24 31 6
24 39 10
24 40 7
25 39 5
25 49 9
25 96 7
26 33 2
26 73 3
27 99 6
28 34 9
29 38 4
30 47 2
30 77 9
31 53 4
31 62 7
32 55 1
33 68 5
34 99 9
35 55 5
35 69 8
36 69 1
37 52 8
37 64 9
39 61 1
41 58 3
42 83 5
42 94 4
43 87 1
44 46 8
44 71 3
46 86 10
46 96 2
47 76 5
47 85 8
48 74 10
49 65 8
49 67 5
49 93 3
50 75 3
51 56 3
51 68 6
52 75 4
52 92 1
53 94 8
54 77 5
55 56 8
57 97 2
58 81 4
59 60 5
60 67 2
61 88 2
63 99 5
68 70 5
69 81 8
71 79 7
72 85 9
78 83 4
81 97 10
82 97 6
83 89 6
86 98 10
5
3
44
50
68
79
101 175
0 46 10
0 49 8
0 71 3
0 87 9
1 30 10
1 60 7
1 85 1
1 87 2
2 8 2
2 24 10
2 30 9
2 73 6
3 14 10
3 15 10
3 74 2
3 78 10
4 10 9
4 23 3
4 37 3
4 84 6
5 18 10
5 46 4
5 48 9
5 83 2
6 25 8
6 39 4
6 43 9
7 24 2
7 28 9
7 44 3
7 59 8
8 14 8
8 48 4
9 22 7
9 82 1
10 27 7
10 56 1
11 34 2
11 51 6
11 55 8
11 98 8
12 39 10
12 40 9
12 47 4
12 99 2
13 34 4
13 50 5
13 91 6
13 96 2
14 53 3
14 97 4
15 27 6
15 45 6
15 70 2
16 22 6
16 28 1
16 94 9
17 33 1
17 40 8
17 90 3
18 24 2
18 54 4
18 92 8
19 81 2
19 97 8
19 100 10
20 54 1
20 58 4
21 29 5
21 49 4
21 50 8
21 97 2
22 25 7
22 39 7
23 26 5
23 60 2
23 92 9
24 80 10
25 58 7
25 66 2
26 27 9
26 63 2
26 84 3
27 76 6
28 55 6
29 58 8
29 71 8
29 74 1
30 45 4
30 51 5
31 34 7
31 37 10
31 75 8
31 92 10
32 73 4
32 88 4
33 61 3
33 100 7
34 67 10
35 92 3
36 68 2
36 82 2
37 40 4
37 96 10
38 40 3
38 69 1
38 82 4
38 93 8
39 55 10
41 44 7
41 57 2
41 85 2
41 98 2
42 76 2
42 100 7
43 53 1
43 64 4
43 95 2
44 47 9
44 70 8
46 65 6
46 72 10
47 66 5
47 85 4
48 49 1
48 64 6
49 60 9
50 83 10
51 52 8
51 89 9
53 54 2
54 57 1
55 77 10
56 77 9
56 80 6
56 94 7
58 73 2
60 66 8
61 89 3
61 95 7
62 63 5
63 69 9
63 79 3
64 74 3
64 75 3
66 87 7
67 86 6
68 70 2
68 74 3
68 90 10
69 86 5
69 90 10
70 78 2
71 89 7
71 98 5
72 82 4
72 91 8
72 93 8
73 81 6
75 83 4
75 94 4
76 79 2
76 81 10
77 78 1
77 79 3
79 86 10
81 99 8
83 84 5
85 96 5
87 98 7
88 93 6
89 97 6
90 99 6
91 95 8
96 100 9
3
16
84
92
