289190

563034

164416

902534

788281

887351

752696

860490

871321

814244

878233

906838

922811

914098

418618

932964

702336

917265

893404

885885

895433

747559

935248

873358

897367

817425

951781

936748

806583

760108

723721

833683

564564

865635

940420

887412

885879

951546

868553

601412

926895

953503

849776

938094

594804

910279

876575

920608

648022

602844

921404

851757

902406

884215

907837

845152

831699

953369

905957

133433

912428

886888

651675

906851

627433

929091

923627

888948

859244

947788

853724

666199

850129

940742

616734

899908

807498

538926

744956

584347

899657

804647

782532

343142

742007

710634

926039

837454

872239

928093

957635

950650

927737

885790

868899

881318

954902

731396

913698

864412
