  1:  7  3  6  8  2  2  3  6  3  6  3  3
  2: 13  3  4  2  5  3  3  2  3  2  1  2  1  2  4  2
  3: 11 10  6  4  4  3  5  7  2
  4: 11  7  2  7  5  8  3  1  3  3  2
  5:  7  5  8  5  5  2  4  1  5  4  1  1  4
  6:  4  8  2  2  8  6  4  2  2  3  2  4  3  2
  7:  8  6  7  6  3  7  2  4  3  4  2
  8:  6  8  6  9  4  1  4  3  2  2  2  3  2
  9: 11 11  3  3  5  2  1  1  1  2  8  4
 10:  6  3  7  4  5  5  3  2  5  4  4  4
 11:  9  4  4  5  1  2  2  3  2  1  1  7  2  2  1  6
 12:  9  3  4  3  2  5  9  2  6  2  2  2  3
 13: 10  8  8  3  2  2  1  2  1  1  2  5  2  2  3
 14:  8 11  5  4  6  3  3  2  2  3  5
 15:  4  5  5  6  6 11  6  5  1  3
 16:  7  5  5  3  5 10  5  5  1  3  1  2
 17:  8  3  9  7  4  4  2  3  1  5  1  5
 18:  7 11  2  6  3  1  2  5  5  1  3  2  4
 19: 12 10  3  5  3  2  2  1  3  2  1  1  1  1  3  2
 20: 12 12  4  3  3  3  3  3  2  2  3  2
 21:  5  7  2  6  6  6  2  2  3  4  1  2  1  5
 22:  6  5  4  8  3  2  4  2  5  1  1  5  3  3
 23: 12  9  5  2  7  2  7  4  2  2
 24:  5  2  8  7  4  4  2  3  4  2  1  2  8
 25:  6 10  6  6  8  4  5  1  4  2
 26: 13 10  2  7  2  2  6  7  3
 27: 14  6  4  9  4  4  3  4  4
 28:  7  7  3  4 12  4  1  2  1  2  3  3  1  2
 29: 13  7  3  6  3  3  2  2  2  4  1  3  3
 30: 14  9  5  3  1  2  4  8  1  2  1  2
 31:  7  9  8  3  2  7  3  3  2  1  4  3
 32:  8  9  3  1  7 11  5  1  3  4
 33:  8  7  2  6  3  2  8  1  3  5  2  3  2
 34:  9  2  3  4  2  3  3  2  7  1  3  1  3  1  2  6
 35:  9  8  5  4  3  3  6  3  4  2  2  3
 36: 12  7  6  3  8  1  3  1  3  4  2  2
 37:  6  7  7  5  2  3  6  4  4  3  5
 38: 10  4  1  3  4  4  8  2  4  2  1  2  4  3
 39: 14  4  1  6  3  2  5  4  2  4  3  4
 40:  9 10  8  4  7  2  2  1  2  5  2
 41:  7  4  6  3  6  7  7  3  2  2  5
 42:  7 11  8  8  5  3  3  4  3
 43:  7  9  6  3  4  1  8  3  3  5  1  2
 44:  6  5  5  5  4  2  7  3  3  4  2  3  1  2
 45: 11  6  1  2  3  3  8  3  1  3  2  2  4  3
 46:  8  2 12  8  3  3  5  5  3  3
 47: 11  4  4  1  4  5  5  6  5  3  4
 48: 12 13  3  7  1  4  5  3  4
 49: 13  4  2  5  8  5  3  2  5  1  1  3
 50:  6  6  2 11  3  2  3  7  3  2  2  5
 51:  6 12  5  9  5  3  3  2  3  2  2
 52:  7 11  6  4  5  2  3  6  4  4
 53:  9  6  4  3  7  3  4  6  4  4  2
 54: 11 12  1  4  6  3  5  4  4  2
 55: 15  3  8  3  1  4  5  1  1  1  3  1  1  5
 56:  8  6  3  4  3  5  2  1  3  5  6  4  2
 57: 12  6  5  2  4  3  5  3  2  2  5  1  2
 58: 14  6  2  3  3  5  3  5  3  1  1  6
 59: 10  8  2  5  1  4  3  5  4  2  8
 60: 11  4  2  5  2  5  8  4  5  3  3
 61: 10  3  6  3 10  2  2  4  3  2  1  1  5
 62: 11  9  6  4  7  1  5  3  3  3
 63:  6  9  5  5  3  4  2  2  3  1  4  1  7
 64:  9  7  2  5  2  1  4  3  4  4  4  2  2  3
 65: 12  6  4  2  3  3  2  2  2  2  1  4  1  8
 66: 12  5  7  6  7  3  2  1  1  4  2  2
 67:  9  7  6  3  4  1  1  3  3  1  3  3  8
 68: 10  8  8  1  3  3  3  3  3  2  2  2  4
 69: 12  2  6  3  5  5  4  2  3  1  1  2  3  1  2
 70: 10  7  3  8  3  4  5  3  3  3  3
 71: 10  9  7  5  6  5  5  5
 72: Overflowed on card no 29
 73: 11  6  4  8  3  5  3  3  2  2  5
 74:  8 12  2  1  8  4  1  5  1  1  2  2  5
 75:  7 10  3  4  3  7  3  3  4  5  3
 76: 10  2  5  4  9  4  6  3  3  4  2
 77: 12  9  5  7  7  2  3  1  6
 78: 12  5  4  8  5  1  3  4  6  4
 79:  9 10  8  3  6  2  2  2  5  3  2
 80: 11  4  9  8  3  3  2  3  1  2  6
 81:  9 12  3  3  7  6  4  4  4
 82: 10  4  7  8  7  6  6  2  2
 83: 11  6  5  2  2  4  3  1  2  5  3  4  4
 84: 13  4  4  2  3  4  4  4  4  2  4  4
 85:  8 12  1  4  4  5  5  3  3  2  5
 86: 12  5  5  3  6  4  5  1  4  1  3  3
 87: 10  5 10  8  5  2  4  2  2  4
 88:  9 10  6  2  1  4  2  2  1  5  2  1  5  2
 89:  9  5  6  5  7  6  2  4  3  5
 90:  4  5  8 10  3  2  6  2  2  3  4  1  2
 91:  9  9 13  7  5  3  3  3
 92:  8  6  6  5  3  3  2 10  3  4  2
 93: 11  8  7  6  1  3  3  2  2  3  6
 94:  9 12  2  2  9  9  6  3
 95: 14  7  5  4  5  5  1  1  2  2  6
 96: 10  5  5  6  7  2  3  7  3  4
 97:  9  6  5  3  4  6  5  1  3  2  1  3  2  2
 98:  8  7  4  5  7  6  4  1  2  5  3
 99: Overflowed on card no 21
100: 10 10  3  5  5  2  3  6  1  3  4
