6 4
27 57 5
69 98 8
7
68 81 3
54 75 3
58 51 1
29 27 5
51 4 9
90 45 5
58 40 1
8 8
53 73 4
46 66 0
24
24 14 5
67 61 3
93 80 6
6 10 2
83 50 2
25 27 8
94 62 0
18 45 5
21 1 2
66 15 6
96 94 3
56 32 4
63 96 2
87 64 3
44 3 4
52 19 5
84 98 2
55 94 2
89 37 9
91 89 0
37 4 1
28 51 3
4 32 9
41 21 3
4 10
27 82 7
12 21 6
1
15 93 7
10 9
80 27 0
19 36 3
9
40 19 2
62 64 1
28 72 2
48 77 6
92 10 7
5 27 7
24 83 6
21 30 0
31 2 6
9 1
19 57 6
90 89 2
0
2 6
88 24 1
28 95 7
13
61 23 0
82 37 2
88 68 4
45 59 1
7 55 7
93 1 2
52 96 3
37 40 3
64 64 6
75 51 1
25 20 9
10 33 0
81 93 7
10 8
5 86 1
79 27 6
9
29 89 3
40 14 0
12 94 0
23 18 1
24 49 7
19 99 6
44 34 7
89 15 6
8 82 3
2 3
20 52 9
93 95 2
12
48 73 6
0 15 0
78 25 9
96 65 0
99 50 4
96 81 1
21 92 0
73 69 7
27 9 0
84 48 9
10 37 3
36 61 6
3 5
22 40 0
44 6 0
11
6 48 7
57 78 1
92 87 1
20 53 6
94 65 5
5 4 3
72 87 7
93 98 0
96 38 3
15 47 0
42 78 8
5 8
86 68 8
65 4 3
0
9 7
77 79 8
44 36 5
20
82 11 7
85 50 3
8 82 2
36 96 5
46 75 5
48 19 8
32 71 1
73 61 5
62 32 4
29 58 3
91 56 3
65 95 7
26 18 5
4 7 2
12 49 2
1 22 4
78 21 2
94 71 6
2 30 0
16 81 5
2 5
28 68 3
58 44 1
14
88 43 9
10 62 2
86 18 0
4 2 1
31 99 5
24 77 2
98 13 8
66 93 0
55 7 0
10 80 0
62 23 0
54 78 4
58 48 1
32 24 3
9 1
88 48 9
72 9 5
12
53 65 2
10 8 8
38 70 4
52 89 9
28 45 6
34 16 1
64 62 7
87 78 0
17 35 5
24 7 5
75 95 8
78 0 4
2 8
63 78 0
64 22 0
8
25 67 7
38 15 5
50 59 0
59 26 4
44 94 5
17 24 2
1 10 3
18 32 6
5 9
79 75 9
3 52 6
26
31 53 0
47 31 5
89 35 9
1 31 1
9 40 7
69 53 6
41 79 4
34 37 4
43 66 7
20 20 2
74 41 1
9 67 4
31 14 0
61 82 2
34 22 0
54 3 8
2 85 1
75 98 6
36 50 4
81 14 7
17 0 0
0 69 2
47 97 4
25 36 3
14 96 5
20 74 9
2 3
8 99 3
8 68 1
6
50 39 3
91 7 9
36 36 0
84 84 7
60 35 2
31 77 9
6 5
92 51 7
27 36 7
20
86 21 7
51 94 3
19 11 7
41 24 0
40 43 6
26 78 7
7 98 1
54 38 4
67 41 6
62 80 1
77 46 1
44 65 4
26 97 7
88 11 0
72 74 9
81 40 4
35 76 2
1 49 8
41 57 0
44 60 0
7 4
9 45 0
69 74 0
2
34 45 8
24 53 2
9 1
56 31 3
89 58 5
25
22 52 2
63 92 5
96 34 6
56 60 1
68 22 6
0 65 1
10 23 1
2 90 6
78 90 8
96 62 0
38 1 5
1 80 0
18 89 0
72 55 2
29 16 9
25 39 0
30 87 1
46 90 8
40 34 8
47 58 7
93 78 1
23 66 8
96 11 9
2 99 3
82 71 2
9 2
96 36 0
44 76 7
12
72 69 3
83 92 3
5 17 9
65 64 4
0 80 6
14 70 1
17 51 7
54 32 5
33 16 8
92 85 5
59 10 9
41 62 3
2 6
16 48 1
34 34 0
6
70 93 7
51 58 9
81 73 8
23 83 9
5 40 9
88 32 9
4 2
27 98 0
11 52 7
6
70 92 7
32 54 7
28 90 4
54 28 5
95 20 3
85 55 8
3 4
84 10 1
21 10 8
10
13 62 8
73 52 4
33 89 7
42 48 3
87 27 0
97 70 3
62 52 6
40 39 2
36 20 1
29 37 2
2 2
49 30 5
32 10 7
5
80 20 2
96 78 7
98 40 4
55 78 3
36 60 9
2 7
59 14 3
9 82 3
20
95 84 2
64 26 0
74 32 5
58 76 7
78 92 9
83 2 9
95 45 0
25 99 2
90 48 3
6 94 0
35 6 9
93 32 6
10 63 3
75 52 5
1 39 7
26 70 0
5 27 3
2 79 1
22 1 2
9 2 9
10 7
96 48 5
0 30 3
14
35 0 9
83 49 4
68 61 2
15 32 8
62 19 2
83 26 3
35 13 2
18 53 2
5 77 2
83 70 3
38 61 9
58 73 2
68 15 3
62 30 3
8 10
17 28 0
87 59 6
28
51 32 1
70 12 2
50 97 9
80 98 1
66 21 3
11 38 9
86 47 4
60 69 1
15 66 3
15 96 0
66 48 9
21 83 1
88 34 3
92 35 0
64 10 3
20 73 4
39 52 1
35 43 0
25 41 0
76 93 1
67 68 4
12 50 0
54 3 0
88 79 8
16 20 8
45 63 1
35 15 9
48 19 3
1 6
56 56 2
32 45 3
0
9 5
59 97 0
38 94 4
14
72 82 5
3 99 1
40 82 5
63 54 1
27 98 0
22 77 6
96 76 3
1 75 6
91 28 2
17 35 5
63 26 5
45 44 6
84 89 6
31 29 1
2 8
85 43 2
19 75 6
22
74 10 8
15 53 6
66 66 6
2 0 4
28 53 2
8 74 2
68 58 2
79 92 9
7 22 9
69 88 1
38 78 0
68 48 5
4 9 0
37 39 1
27 63 7
78 59 0
98 85 4
75 0 1
22 94 7
82 56 2
4 40 4
91 73 7
1 3
92 1 2
85 70 0
20
34 67 7
50 4 8
86 90 1
91 87 4
67 7 5
66 81 9
84 11 6
97 0 3
53 91 1
81 24 4
79 38 2
97 57 6
51 63 6
40 20 2
87 38 0
40 16 1
92 66 0
33 83 2
6 63 4
70 48 2
1 5
19 95 5
15 41 6
13
58 7 0
18 23 2
24 22 2
88 38 3
29 17 2
52 37 8
25 51 7
72 9 5
51 19 5
28 74 8
30 33 7
48 57 6
38 12 0
10 2
8 13 1
7 34 7
18
20 9 7
56 71 4
11 24 3
78 21 2
24 61 6
0 87 7
50 97 0
93 33 7
4 50 3
57 25 3
49 64 4
64 94 6
80 65 7
70 0 8
97 85 5
37 68 5
51 35 6
25 46 0
3 9
54 88 4
60 48 0
9
1 86 3
95 19 2
53 19 4
78 63 6
52 94 1
90 94 4
18 96 0
30 7 3
30 63 7
1 7
31 77 4
42 7 7
12
48 22 1
35 87 6
14 86 3
12 73 9
36 61 9
28 14 4
44 20 0
56 82 8
72 50 8
17 56 6
97 72 7
25 50 1
7 10
31 43 2
39 79 6
27
51 29 1
93 53 2
80 60 8
27 4 3
9 61 0
13 27 5
86 80 8
61 28 3
88 14 8
42 97 2
77 43 8
93 35 0
16 12 8
7 65 0
22 43 4
99 40 2
38 9 0
21 69 7
75 91 0
6 47 4
66 17 8
8 32 0
69 31 1
34 3 0
32 81 1
53 34 4
4 78 1
5 6
31 51 4
19 44 3
4
44 75 9
66 84 9
61 63 1
3 75 8
1 2
73 54 5
54 27 7
27
89 63 9
96 56 0
36 44 8
89 29 6
67 82 0
73 10 7
33 0 3
11 78 7
35 8 2
21 9 3
40 90 2
44 60 0
86 18 5
49 8 9
14 1 2
21 95 0
73 36 8
34 78 4
21 50 3
72 63 2
27 62 0
31 29 4
39 36 0
10 99 5
36 0 0
79 44 2
0 26 2
3 1
52 19 2
49 84 5
25
57 80 1
48 38 0
97 25 8
79 97 7
79 30 1
55 36 5
90 12 2
48 3 8
65 83 6
89 74 4
6 83 0
44 41 0
48 95 6
18 30 5
41 61 4
37 42 5
74 42 7
39 85 2
1 47 3
48 24 4
52 70 2
58 15 0
98 97 3
76 59 4
74 76 4
9 4
33 58 3
98 52 3
0
9 5
6 76 2
87 0 8
2
13 11 1
0 90 8
10 7
50 54 4
51 28 4
2
5 65 3
64 64 8
3 2
74 56 8
62 82 3
1
9 68 5
4 8
78 11 9
57 69 7
3
40 51 8
74 56 6
54 24 9
3 1
36 83 5
26 63 6
17
51 70 2
57 60 3
31 1 0
22 54 1
92 13 5
86 39 0
21 4 9
47 94 5
68 36 0
69 69 3
19 67 0
33 14 2
73 49 1
74 18 2
77 79 1
63 78 4
90 98 1
9 5
5 10 6
76 70 5
16
93 96 1
2 69 7
96 89 2
56 38 3
23 18 8
84 13 5
60 85 2
22 98 5
63 20 9
34 0 1
48 62 8
98 41 5
56 45 0
38 88 8
79 35 2
28 55 8
10 10
6 9 3
27 21 7
7
33 40 7
24 38 0
79 68 4
4 42 5
82 90 1
81 1 7
44 39 1
5 4
17 62 0
51 30 3
2
7 13 9
55 70 4
7 7
48 63 7
22 33 3
26
2 57 3
98 84 6
79 48 7
89 65 3
24 0 0
85 99 7
62 79 0
13 49 3
34 47 4
59 62 4
58 11 3
94 31 7
48 31 3
9 96 2
70 0 7
25 21 7
33 87 8
74 68 4
13 37 3
61 77 1
21 77 4
49 42 3
44 51 5
1 69 4
54 97 5
29 7 2
1 7
13 31 0
13 26 2
1
44 7 3
10 1
59 11 1
70 88 5
7
12 95 2
51 27 0
34 74 8
90 0 5
79 58 3
61 98 4
73 53 3
1 8
51 71 5
74 61 5
22
0 94 9
2 32 8
82 53 5
25 13 6
55 30 9
28 79 9
92 47 0
93 0 3
86 37 3
14 54 5
47 1 6
72 42 7
64 15 6
91 33 3
58 60 5
45 55 6
13 65 4
32 21 4
47 95 5
1 59 3
55 11 2
32 97 1
1 3
41 6 6
85 5 8
18
53 67 7
17 42 2
17 17 4
27 92 9
42 19 3
71 18 0
70 10 0
9 78 4
20 52 7
99 33 6
12 60 2
74 39 6
49 27 6
83 43 2
6 35 3
11 40 0
0 52 1
65 84 5
5 8
69 5 7
7 35 5
29
51 57 0
48 5 6
77 34 7
68 48 4
15 9 8
36 80 1
19 54 3
43 73 5
97 83 2
28 50 6
71 98 3
63 19 5
32 3 5
79 59 0
91 58 1
19 82 8
5 57 5
99 40 0
52 47 5
83 92 9
27 12 3
84 70 4
40 0 0
67 85 4
83 6 3
55 85 3
1 39 0
4 96 0
62 71 3
2 1
16 1 9
14 85 3
27
47 24 6
48 91 8
11 62 3
13 26 4
54 43 8
49 55 0
30 70 6
74 51 7
41 8 1
93 61 5
84 98 0
99 6 8
14 72 6
3 49 5
61 70 6
61 26 2
69 2 3
40 77 0
73 78 1
91 84 6
28 97 3
34 11 2
3 21 0
32 57 0
23 39 1
17 96 6
57 20 0
6 3
83 59 3
65 60 8
15
89 58 1
60 8 5
27 22 7
55 73 3
1 89 7
80 66 1
78 91 6
27 56 4
78 32 1
28 3 8
58 89 4
18 55 3
40 71 0
13 63 2
29 84 7
6 7
37 39 8
93 50 4
2
76 30 7
98 78 7
10 2
37 85 8
80 5 7
7
82 73 6
80 32 5
28 53 0
28 73 7
54 74 7
4 26 0
99 16 2
7 9
19 65 3
8 9 6
16
60 77 6
26 26 6
38 71 2
23 56 3
75 3 3
51 50 8
38 50 3
41 85 4
99 65 1
85 67 0
74 84 6
11 99 8
86 41 5
71 27 8
28 4 9
48 20 4
4 3
87 22 6
0 67 7
18
73 30 6
37 17 3
34 50 9
74 99 7
98 2 3
87 68 8
70 80 7
14 6 0
49 92 5
23 10 8
59 33 1
38 64 5
53 57 2
49 76 0
95 82 3
70 16 1
37 30 7
92 78 2
8 3
99 70 4
41 70 9
6
23 16 6
20 78 7
86 77 0
17 47 2
36 92 8
4 63 2
2 3
49 72 3
64 26 8
19
64 76 1
74 4 7
3 15 0
21 27 9
25 88 5
63 70 5
6 38 3
72 90 6
86 70 3
61 56 6
61 15 2
4 76 6
16 52 0
89 8 3
11 86 1
92 83 6
28 56 2
87 53 6
55 6 2
1 2
70 81 7
3 18 5
29
38 44 1
90 34 5
1 26 0
55 99 6
48 84 5
26 45 8
55 48 0
67 9 6
80 5 3
87 21 2
35 37 1
36 1 4
99 85 3
47 52 3
85 60 6
44 17 7
46 64 3
98 19 4
57 43 5
17 2 0
49 0 7
50 72 0
10 44 3
72 31 2
53 6 0
12 3 2
76 49 0
84 83 4
19 7 5
4 5
15 59 9
78 77 0
28
64 34 0
93 62 9
29 60 2
43 10 9
69 78 0
17 39 0
50 39 6
46 21 1
29 41 6
41 51 0
56 28 2
89 21 3
25 17 0
40 85 7
69 25 7
82 45 5
58 55 6
44 67 1
82 54 1
79 72 3
84 28 0
4 35 3
25 26 2
57 1 0
35 66 4
89 29 1
3 13 2
91 80 9
9 9
40 83 6
21 1 9
13
10 8 3
4 44 1
70 36 9
4 36 6
1 3 3
85 65 1
90 19 5
71 12 7
57 31 4
86 37 2
79 62 3
98 86 0
15 93 5
4 7
89 98 3
99 50 6
1
6 78 6
8 3
30 68 1
45 20 2
15
47 91 9
1 56 5
7 3 2
23 13 9
42 5 1
90 58 8
52 72 8
91 10 6
69 21 1
87 36 5
16 36 0
9 43 9
74 77 3
69 64 6
29 34 1
1 5
2 49 8
37 64 2
15
52 4 3
40 99 8
28 12 4
21 70 5
62 31 5
72 82 9
54 72 4
13 21 6
88 69 3
2 92 7
29 99 0
81 57 5
96 97 9
94 24 4
27 99 0
1 8
10 57 0
67 64 5
23
2 68 7
50 55 2
48 12 4
87 3 3
73 43 8
39 29 0
0 23 5
97 89 3
56 1 4
92 74 1
11 8 3
47 79 0
0 54 0
42 63 5
11 81 1
74 84 4
95 58 5
18 92 2
15 45 6
10 13 0
94 46 2
44 47 1
57 29 2
3 2
19 95 1
89 61 2
11
5 43 6
78 11 5
31 70 8
41 88 7
56 63 6
34 36 4
50 81 3
62 9 5
60 42 5
2 35 0
74 20 0
10 4
41 39 5
29 23 8
20
72 89 7
5 80 0
97 80 0
44 84 9
58 31 8
38 66 3
24 36 5
65 92 0
69 29 0
23 75 5
88 1 0
19 94 0
24 55 8
2 69 5
83 50 1
78 78 4
41 13 6
23 88 3
20 71 0
3 33 8
2 7
70 35 2
88 76 1
29
47 22 9
67 1 7
4 56 8
57 56 4
95 27 8
99 88 9
19 66 4
84 17 6
61 78 9
14 16 2
57 51 0
42 84 4
30 86 3
96 12 4
21 2 5
91 5 2
20 47 0
2 38 6
32 68 9
22 39 7
8 69 0
90 46 3
95 55 5
87 50 2
64 22 1
30 90 0
5 90 8
14 97 2
20 83 3
9 8
15 81 2
60 2 5
26
40 81 9
65 21 4
43 12 0
53 70 3
9 26 6
94 88 1
57 8 0
52 44 9
89 76 9
65 88 1
94 64 0
62 85 1
74 40 0
53 30 5
99 86 0
27 3 6
22 55 6
85 53 3
14 45 2
0 95 4
79 45 1
81 22 3
85 92 6
4 86 0
46 56 3
34 28 5
4 4
17 81 7
98 79 1
1
8 41 9
9 8
82 25 9
42 5 7
3
86 1 2
98 58 0
16 62 4
9 1
4 93 8
88 15 0
13
0 26 6
23 54 3
65 42 4
56 13 4
90 19 3
45 1 1
81 88 7
46 87 5
40 32 2
67 7 0
90 33 8
69 96 2
33 34 2
9 9
17 4 7
8 98 4
6
16 65 1
98 42 1
85 61 7
0 13 3
40 39 9
7 66 2
2 10
62 41 6
33 3 5
1
0 89 4
6 3
6 73 5
10 30 9
21
49 18 5
97 86 2
40 87 7
37 40 2
99 63 7
77 48 7
64 48 1
1 97 4
87 16 5
0 40 2
68 68 1
40 35 3
18 64 0
11 14 7
32 26 6
32 11 6
41 28 1
15 0 2
69 5 3
8 59 5
14 80 1
3 2
21 99 0
99 73 1
23
21 79 9
91 43 5
64 4 2
41 84 1
84 24 0
91 67 0
12 31 8
99 82 0
2 16 7
64 40 4
96 0 0
68 20 1
60 92 4
0 97 5
13 0 5
62 76 8
72 96 6
51 22 9
34 48 8
39 2 5
31 15 5
59 65 0
42 38 2
8 2
46 58 6
79 16 4
23
20 53 4
32 51 5
64 35 1
71 8 4
59 62 6
41 85 5
24 67 5
16 70 0
53 5 4
49 75 1
95 18 2
76 97 6
2 86 6
5 2 0
58 88 8
85 30 0
3 53 0
79 30 6
26 11 2
86 87 5
62 55 1
98 85 4
23 29 1
4 10
11 96 8
49 8 7
22
87 53 1
22 2 3
86 24 3
27 31 3
1 53 4
78 71 7
20 16 7
20 41 6
79 20 1
60 98 9
91 2 8
97 61 9
21 75 3
56 15 0
30 64 9
24 93 4
40 79 9
80 41 6
59 51 2
98 30 1
50 43 7
99 91 9
5 5
35 61 7
30 44 1
16
97 52 9
7 68 6
62 49 5
11 36 5
21 74 9
72 95 1
73 49 0
74 79 8
56 81 1
93 36 1
89 15 9
96 93 7
62 32 8
71 30 1
28 32 9
63 4 4
8 7
69 56 5
23 35 8
16
82 95 2
31 94 6
64 29 9
50 94 4
48 39 2
41 18 4
65 11 5
51 58 0
11 76 0
43 61 4
36 20 0
19 69 6
30 53 9
54 88 0
6 71 6
83 64 7
3 6
42 9 8
28 29 9
1
6 39 8
3 2
78 31 0
87 3 0
14
19 52 3
77 47 6
25 33 3
36 57 4
25 7 1
24 94 4
98 82 8
67 64 4
4 3 2
93 94 4
89 21 2
99 27 1
15 87 0
11 20 8
4 9
23 27 5
2 14 4
4
34 34 6
57 78 3
86 31 1
17 82 6
5 6
71 16 8
42 19 4
7
38 57 0
98 69 7
69 55 2
21 86 1
96 1 4
20 25 6
67 99 1
6 4
97 89 4
37 77 6
7
80 43 0
75 43 2
41 36 1
34 39 1
12 37 9
17 13 6
49 43 7
7 7
68 55 8
36 26 1
21
10 45 1
46 51 1
28 47 9
60 86 5
60 31 5
82 92 7
44 17 5
78 34 3
92 57 7
43 68 8
34 94 0
13 31 9
86 8 2
78 99 0
95 7 3
16 54 3
83 46 4
84 73 2
87 24 3
9 67 0
46 81 3
7 1
71 76 0
4 82 1
6
13 92 5
58 71 7
39 50 6
39 27 3
96 4 8
77 51 9
10 1
84 96 9
42 52 5
18
31 73 7
75 13 5
19 23 1
53 21 8
72 48 2
9 55 1
63 56 0
37 91 4
99 64 8
2 93 3
38 24 3
97 21 7
57 97 8
64 66 6
8 38 7
2 15 1
29 23 2
59 50 1
5 2
94 77 6
9 84 3
17
37 14 5
20 27 1
27 78 7
86 69 3
93 18 7
46 24 1
9 64 6
72 54 3
93 91 6
54 90 9
83 13 3
51 4 8
0 29 7
33 35 6
81 46 2
70 92 0
59 68 1
9 8
89 39 2
24 58 9
24
59 11 4
75 19 7
81 41 6
99 23 8
6 91 2
94 86 8
68 47 6
48 21 4
89 31 1
35 98 7
44 35 8
3 41 9
4 55 5
73 72 8
57 20 1
61 96 8
49 70 6
66 54 0
80 29 3
88 5 3
31 19 5
21 90 2
55 25 1
10 77 3
2 5
16 10 2
89 82 3
4
46 71 3
35 64 2
82 27 6
62 79 1
8 4
48 40 4
39 69 9
12
97 99 0
91 63 3
12 88 7
19 62 1
10 58 0
16 28 5
82 32 0
28 91 6
63 3 7
98 65 3
26 56 1
30 33 8
4 4
49 81 7
46 34 5
5
9 61 2
67 13 4
79 39 5
38 40 0
7 28 2
6 10
61 74 3
18 0 7
4
32 39 9
80 32 3
40 50 1
50 29 7
5 4
93 75 2
42 71 4
0
5 5
93 9 5
36 27 6
13
63 20 2
46 15 2
16 94 5
32 88 4
73 0 7
11 18 7
19 13 0
56 36 2
90 43 9
61 28 1
63 35 3
37 70 1
37 73 2
