-1207.77
-16.51
1226.20
347.86
22.60
409.64
213.32
-574.17
829.84
122.20
-771.51
677.48
-354.82
202.09
26.69
-180.45
529.21
-233.37
-36.66
1.62
-1540.09
-116.07
-173.77
-544.28
-79.08
-36.13
-93.45
94.16
-919.40
523.37
175.39
133.51
14.52
-83.45
-100.59
248.03
18.86
-529.82
-4.85
71.29
342.09
910.49
-157.10
127.58
39.60
420.63
-595.17
142.81
-197.70
-535.28
177.42
-848.04
-767.02
-871.24
263.98
581.40
836.25
47.12
-400.82
-106.25
416.62
874.03
1126.11
620.28
187.64
-253.47
-1170.37
-231.66
25.96
973.39
-382.93
43.65
-158.45
-13.98
328.91
159.28
23.56
-549.40
1172.37
-14.50
1605.95
-249.02
167.29
-110.35
690.35
213.83
295.77
67.67
-435.22
321.05
181.76
-16.32
828.62
333.43
212.24
-772.50
625.00
-331.69
-374.47
-321.50
