
Case 1: No

Case 2: No

Case 3: No

Case 4: No

Case 5: No

Case 6: No

Case 7: No

Case 8: Yes
2 (665,668) (672,708)
1 (817,885)
5 (278,365) (401,475) (524,532) (564,570) (578,665)
1 (346,420)
2 (532,549) (554,564)
1 (314,612)
1 (317,588)
1 (35,47)
1 (172,195)
1 (475,554)
1 (668,671)
1 (474,684)
1 (684,696)
1 (913,923)
1 (365,524)
7 (311,327) (342,346) (570,699) (705,731) (743,748) (812,817) (837,892)
1 (614,844)
3 (420,427) (696,837) (844,891)
1 (287,342)
5 (281,317) (427,437) (549,578) (588,672) (708,743)
1 (327,401)
2 (437,474) (612,614)
1 (748,924)
1 (699,705)
1 (671,812)
1 (731,966)
1 (274,285)

Case 9: No

Case 10: No

Case 11: Yes
1 (911,919)
1 (438,525)
1 (698,732)
1 (402,547)
1 (121,177)
2 (547,550) (577,578)
3 (498,551) (762,766) (843,912)
1 (550,560)
7 (525,568) (579,601) (631,635) (688,694) (704,731) (746,792) (825,843)
2 (792,804) (819,884)
1 (116,135)
2 (601,636) (642,844)
1 (636,825)
1 (583,762)
1 (731,746)
1 (466,583)
3 (470,498) (694,704) (732,925)
1 (766,847)
1 (635,642)
1 (560,688)
2 (464,470) (551,698)
1 (804,819)
1 (882,950)
2 (337,577) (578,631)
1 (879,881)
1 (568,579)
1 (867,991)

Case 12: Yes
5 (172,204) (209,247) (258,320) (442,475) (872,885)
2 (885,888) (894,962)
1 (680,733)
5 (320,344) (475,525) (570,608) (642,701) (858,944)
1 (203,262)
3 (344,395) (437,442) (654,672)
1 (924,938)
1 (608,642)
3 (90,126) (155,190) (284,418)
2 (672,689) (701,770)
1 (809,843)
1 (770,872)
1 (126,155)
5 (418,427) (471,531) (610,625) (633,680) (689,699)
1 (888,906)
1 (204,209)
4 (262,284) (427,437) (699,821) (843,858)
1 (247,258)
1 (525,610)
4 (408,442) (459,471) (733,809) (821,894)
1 (395,459)
1 (124,172)
1 (442,654)
1 (625,633)
2 (17,203) (531,570)
2 (95,124) (190,408)

Case 13: No

Case 14: No

Case 15: No

Case 16: Yes
7 (443,466) (493,498) (507,510) (511,515) (522,545) (653,656) (824,828)
1 (406,473)
2 (545,555) (652,679)
1 (176,238)
1 (145,231)
3 (498,565) (642,645) (647,704)
1 (645,647)
1 (226,283)
2 (515,566) (641,653)
1 (884,952)
1 (420,428)
2 (411,485) (488,522)
1 (909,917)
1 (656,708)
7 (566,573) (580,582) (591,598) (603,614) (628,713) (719,721) (755,773)
2 (704,728) (751,755)
1 (573,641)
1 (897,899)
1 (473,493)
2 (773,780) (889,893)
1 (614,628)
4 (728,733) (742,790) (858,874) (882,905)
1 (389,507)
1 (582,652)
1 (466,580)
1 (708,742)
3 (780,816) (830,840) (843,858)
1 (874,882)
1 (510,751)
1 (555,603)
1 (598,642)
1 (485,511)
1 (733,934)
1 (840,843)
1 (790,830)
1 (679,719)
4 (437,443) (816,889) (893,897) (899,948)
1 (565,591)
1 (380,488)
1 (231,337)
1 (713,982)
1 (923,940)
1 (66,108)
3 (428,437) (721,824) (828,884)

Case 17: Yes
1 (805,866)
2 (384,397) (412,420)
3 (420,446) (502,509) (529,753)
2 (863,868) (964,990)
2 (807,912) (946,998)
3 (171,203) (224,282) (303,415)
3 (282,345) (378,392) (610,690)
1 (868,964)
1 (912,976)
1 (671,755)
1 (202,224)
5 (106,119) (161,184) (190,303) (326,384) (586,620)
5 (97,138) (159,171) (392,412) (552,610) (620,625)
1 (509,586)
2 (103,161) (446,552)
1 (345,378)
1 (866,946)
2 (632,671) (690,799)
3 (119,190) (203,326) (397,502)
3 (138,159) (184,202) (415,529)

Case 18: No

Case 19: No

Case 20: No

Case 21: No

Case 22: No

Case 23: No

Case 24: Yes
1 (183,205)
3 (390,425) (742,833) (912,978)
1 (25,26)
2 (411,426) (571,698)
5 (371,382) (426,428) (580,582) (599,728) (730,742)
1 (271,305)
1 (132,171)
1 (833,871)
3 (425,464) (475,478) (526,730)
1 (464,475)
1 (582,599)
1 (306,571)
1 (871,912)
1 (478,580)
1 (164,282)
1 (164,326)
2 (382,411) (428,526)
1 (728,926)
2 (352,390) (698,946)

Case 25: Yes
1 (698,870)
1 (689,890)

Case 26: Yes
1 (660,944)
1 (637,800)

Case 27: Yes
1 (543,557)
1 (781,794)
1 (723,955)
1 (208,388)
1 (147,345)
1 (415,434)
1 (207,214)
1 (358,493)
1 (23,24)
1 (226,440)
1 (655,933)
1 (443,514)
1 (365,463)

Case 28: Yes
2 (589,736) (754,793)
1 (812,952)
1 (259,262)
1 (697,822)
1 (736,754)
1 (569,570)
1 (655,845)
1 (574,757)

Case 29: No

Case 30: No

Case 31: No

Case 32: No

Case 33: No

Case 34: Yes
1 (789,830)
1 (500,520)
2 (517,559) (658,713)
1 (192,194)
1 (194,205)
3 (713,727) (789,791) (890,951)
3 (463,486) (538,552) (583,647)
1 (100,108)
7 (124,207) (266,289) (390,445) (458,512) (520,525) (534,553) (650,698)
1 (145,296)
1 (512,538)
4 (104,124) (207,302) (324,350) (370,500)
1 (350,463)
3 (23,124) (130,135) (296,458)
3 (553,591) (596,647) (683,758)
1 (525,596)
4 (66,130) (137,145) (559,583) (591,658)
1 (164,390)
7 (124,164) (177,192) (627,683) (698,758) (867,877) (893,908) (912,990)
1 (302,370)
1 (205,266)
2 (758,789) (824,833)
1 (877,893)
1 (289,324)
1 (135,137)
1 (791,824)
1 (833,837)
1 (837,912)
1 (486,534)
1 (647,867)
1 (758,971)
4 (458,517) (727,789) (830,890) (908,994)
1 (42,45)
1 (445,458)
3 (124,177) (552,627) (647,650)

Case 35: No

Case 36: No

Case 37: Yes
1 (436,483)
1 (615,826)
1 (668,946)
1 (590,673)

Case 38: No

Case 39: No

Case 40: Yes
1 (884,960)
6 (232,311) (441,456) (499,505) (750,762) (812,824) (851,903)
1 (722,749)
1 (703,711)
2 (379,468) (482,499)
1 (123,149)
1 (403,486)
2 (117,316) (365,407)
2 (505,508) (514,530)
5 (316,322) (337,376) (413,509) (515,520) (741,766)
1 (665,666)
1 (311,413)
1 (509,548)
3 (520,558) (614,617) (676,703)
2 (617,623) (656,750)
2 (468,587) (607,614)
1 (109,337)
1 (456,676)
3 (221,225) (237,403) (407,436)
2 (762,848) (850,869)
1 (874,887)
3 (175,232) (322,379) (436,441)
1 (548,812)
2 (199,260) (281,365)
1 (762,949)
3 (205,213) (623,741) (749,851)
1 (376,482)
1 (766,864)
1 (508,515)
1 (558,611)
1 (944,982)
1 (848,850)
1 (35,188)
1 (587,656)
9 (186,205) (213,221) (225,237) (260,281) (486,514) (530,607) (611,665) (666,703) (711,722)
1 (703,755)
1 (824,896)

Case 41: No

Case 42: No

Case 43: No

Case 44: No

Case 45: No

Case 46: No

Case 47: No

Case 48: No

Case 49: No

Case 50: No
