15 32 33 35 38 39 40 41 42 46
9 99 104 135 136 140 179 187 197 204
1 2 3 4 5 6 7 8 9 10
1 4 5 7 10 11 12 13 15 16
2 4 5 6 7 8 9 10 12 13
14 15 16 17 18 19 20 21 22 23
3 6 17 22 24 37 39 57 72 97
57 71 100 162 180 231 248 252 257 264
3 4 6 9 11 12 15 16 17 18
24 120 284 627 628 695 696 697 698 699
24 120 284 627 628 695 696 697 698 699
58 72 187 387 393 412 416 417 419 477
7 19 35 47 48 54 56 59 60 63
1 2 3 18 36 37 48 68 73 74
1 3 4 5 6 7 8 9 10 11
1 2 3 4 5 6 7 8 9 10
1 2 3 28 55 56 57 61 62 63
286 287 295 296 297 298 421 422 633 750
2 5 6 8 10 14 17 18 21 24
1 2 8 14 19 20 21 22 23 27
2 3 4 11 13 15 16 19 21 25
1 2 3 7 8 9 10 12 13 17
12 49 50 51 52 53 54 67 90 107
58 85 86 216 224 252 277 300 387 397
158 320 321 322 323 324 325 326 327 328
48 56 57 60 66 77 88 89 98 110
83 93 209 230 248 264 488 495 497 498
83 93 209 230 248 264 488 495 497 498
1532
1532
99 104 140 248 278 284 297 306 330 369
38 46 72 127 254 320 361 362 386 458
102 105 141 216 299 304 430 451 459 460
691 1764 2591 4875
691 1764 2591 4875
73 74 103 390 707 1275 1303 1647 1765 1766
39 125 159 160 162 178 188 191 275 303
39 125 159 160 162 178 188 191 275 303
1698 2301
33 40 41 42 347 363 364 528 622 765
33 40 41 42 347 363 364 528 622 765
-1
766 853 947 1339 1577 1658 1896 2214 2520 2691
47 54 63 94 161 232 240 241 244 263
95 217 271 321 412 483 511 551 708 800
15 32 73 94 96 97 115 116 126 200
4705
162 315 445 464 488 489 490 710 829 872
162 315 445 464 488 489 490 710 829 872
60 98 129 134 169 180 187 191 192 224
60 98 129 134 169 180 187 191 192 224
98 99 112 195 224 256 258 264 273 316
35 55 61 62 75 76 90 95 99 104
100 101 368 496 520 521 542 543 574 715
132 281 369 370 371 465 811 812 859 860
132 281 369 370 371 465 811 812 859 860
794 2210 2690 2988 3128 3187 3270 3703
794 2210 2690 2988 3128 3187 3270 3703
2575 2871 2872
488 497 498 761 1455 1860 2231 2520
99 104 187 256 541 953 963 1099 1225 1431
99 104 187 256 541 953 963 1099 1225 1431
448 2996 3196 4078 4521 4601
4523 4524
1700 3961 3962
135 136 179 204 248 257 360 448 553 594
-1
9 401 480 491 722 1400 1786 1787 1817 1856
9 401 480 491 722 1400 1786 1787 1817 1856
-1
104 140 197 207 278 284 297 306 330 369
1434 1660 3001 3002 3003 3180 3964
318 388 477 492 532 544 703 797 798 867
318 388 477 492 532 544 703 797 798 867
-1
258 259 385 449 450 725 726 727 1557 1563
898 899 900 901 1435 1436 1511 1712 1713 1714
902 903 2655 3013 3887 4051 4325
-1
706 1721 1861 2142 2761
105 113 133 134 212 213 218 219 233 234
-1
-1
905 906 907 1437 1723 1724 1725 1726 1727 1728
905 906 907 1437 1723 1724 1725 1726 1727 1728
1738
1738
4 5 52 53 79 94 105 106 107 200
4 5 52 53 79 94 105 106 107 200
-1
-1
180 325 394 413 414 468 501 512 513 757
6 12 27 82 83 108 109 121 220 236
-1
7 110 272 326 327 328 583 584 585 586
-1
-1
-1
1 2 3 4 5 6 7 8 9 10
-1
28 58 72 73 74 75 76 77 78 79
68 226 227 291 362 745 789 790 1383 1764
13 19 25 26 34 38 46 51 65 66
9 10 87 88 89 90 91 92 93 165
-1
-1
-1
15 94 95 96 97 98 99 100 101 115
15 94 95 96 97 98 99 100 101 115
1738 1944 3059
484 493 1871 2355 4132 4713
484 493 1871 2355 4132 4713
401 760 813 1744 1745 2581 2948 4092 4714
401 760 813 1744 1745 2581 2948 4092 4714
7 16 31 96 102 103 104 105 106 107
454 1592 3957 4825
700 705 976 1710 1928 2210 3211 4090 4914 4957
485 1891 2948
11 84 113 126 131 159 160 161 162 163
11 84 113 126 131 159 160 161 162 163
1747 1748 1749 3215 3216
-1
98 157 499 712 813 875 940 1563 1682 1754
455 1537 1750 1751 1752 1753 1754 1755 1785 2368
79 141 210 211 212 213 214 215 216 277
1684 2370 3188 4290
1684 2370 3188 4290
217 518 538 541 542 543 716 800 1745 1775
1 20 216 224 456 485 703 710 814 979
538 2965 3058 4131
12 13 77 78 108 114 218 219 220 221
1759 1760 1761 1762 1763 3218 3219 3220 3221 4024
815 1689 2361 3592 4718
-1
63 75 76 102 103 112 122 195 224 276
63 75 76 102 103 112 122 195 224 276
25 26 65 66 105 106 107 108 109 110
25 26 65 66 105 106 107 108 109 110
4 5 7 10 13 18 25 38 40 44
178 267 280 317 420 452 467 468 469 474
178 267 280 317 420 452 467 468 469 474
115 116 117 118 119 179 235 236 237 403
238 243 552 612 651 652 717 718 865 866
528 533 1200 1456 1651 1652 1665 1873 2382 2984
48 59 69 96 121 122 123 124 153 154
125 126 127 128 187 197 244 251 254 255
125 126 127 128 187 197 244 251 254 255
16 29 30 43 64 74 79 88 89 102
107 129 130 131 132 133 196 223 289 290
107 129 130 131 132 133 196 223 289 290
295 296 297 298 421 422 899 1232 1233 1330
2 5 6 31 36 41 42 49 50 55
14 45 53 70 76 79 99 101 134 135
68 146 147 148 149 150 151 152 248 310
312 313 378 775 786 868 1017 1018 1040 1137
312 313 378 775 786 868 1017 1018 1040 1137
153 154 155 156 157 245 314 315 316 317
158 320 321 322 323 324 325 326 327 328
1621 1622 4920
361 362 363 364 365 366 367 368 369 370
361 362 363 364 365 366 367 368 369 370
-1
-1
14 103 115 116 117 164 235 372 373 374
164 165 166 167 235 236 237 390 472 484
3224 3225
15 16 17 18 59 165 166 189 236 363
19 118 390 391 392 393 394 395 396 616
-1
-1
20 87 119 397 398 399 400 401 402 403
-1
21 403 411 412 413 414 415 416 417 418
484
73 74 744 766 810 1601 1768 2367 2660 3055
73 74 744 766 810 1601 1768 2367 2660 3055
22 23 106 167 221 237 405 416 417 427
22 23 106 167 221 237 405 416 417 427
-1
-1
334 653 2833 2969 3050 3604
334 653 2833 2969 3050 3604
188 243 250 431 432 433 434 435 539 552
188 243 250 431 432 433 434 435 539 552
-1
-1
3191
6 97 168 180 188 191 205 237 260 275
6 97 168 180 188 191 205 237 260 275
875 1440 1769 1770 1771 1872 2269 3018 3019 3119
39 238 280 446 448 449 450 554 719 745
39 238 280 446 448 449 450 554 719 745
451 452 453 697 831 865 1750 1865 1872 2349
162 211 283 1069 1710 2720 3525 3572 4124
125 406 454 455 456 457 837 866 908 988
-1
-1
178 238 281 317 411 445 458 459 460 461
178 238 281 317 411 445 458 459 460 461
390 469 910 954 1403 1418 1533 1544 1696 1875
721 1264 1425 1907 2105 2388 2389 2989 3177 3181
180 264 282 325 398 480 481 482 483 484
867 4400 4543
2372 3570
3187
3187
252 289 290 372 389 428 435 454 455 485
-1
71 300 310 384 394 413 414 464 483 512
71 300 310 384 394 413 414 464 483 512
-1
364 514 1320 1513 1583 2319 2377 2378 2720 3057
471 494 519 520 521 522 523 524 525 526
1883 2620
2214
162 312 848 948 1328 1503 1504 1505 1506 1507
472 741 1425 1647 1653 1676 2520 2681 2964 3066
57 100 285 496 514 708 730 876 877 917
537 538 539 540 541 736 737 1025 1344 1441
537 538 539 540 541 736 737 1025 1344 1441
883 980 1376 1377 1378 1654 3574 4258
-1
54 94 155 156 159 160 161 162 223 232
19 51 68 82 83 113 121 161 163 165
15 16 31 108 166 253 291 292 313 401
6 59 70 179 228 236 286 363 381 389
6 59 70 179 228 236 286 363 381 389
87 164 165 166 167 221 334 472 535 653
-1
84 202 293 300 362 379 430 496 515 537
84 202 293 300 362 379 430 496 515 537
152 170 171 246 247 307 308 362 453 516
3 9 22 24 33 37 40 41 42 43
11 23 27 39 56 75 80 81 95 96
11 23 27 39 56 75 80 81 95 96
28 71 198 296 313 395 582 846 950 1092
18 123 140 173 174 175 176 177 265 266
82 85 92 109 159 160 178 179 180 181
4 11 77 80 81 82 83 106 110 119
12 54 67 107 110 117 124 149 168 174
1114 3418 4354
1860 2512 3503 3504 4368
-1
-1
-1
-1
120 627 628 695 696 697 698 699 894 895
-1
-1
-1
284 1204 2190 2513 2514 2515 2516 2517 3215 3699
-1
-1
-1
-1
-1
-1
702 952 1468 2520 2876 3514 4372 4501
1518 1588 1886 1887 1888 3069
1862 1863 1889 3271
2230
-1
58 387 743 749 886 1156 1492 1688 1695 1893
1896 3270
-1
35 60 194 270 304 333 347 386 390 391
797 798 1294 2971 3229 4071
593 1328 1662 1774 1914 1915 1916 2940 3292 3293
59 363 447 456 485 533 1336 1379 1504 1507
64 84 101 104 118 140 161 195 197 202
914 1320 2348 2595 4506
237 868 1649 1776 2925 3234 4102 4461
19 72 77 94 96 110 121 122 123 124
60 94 202 221 257 322 397 404 430 431
850 949 1143 1416 1417 2096 2248 2591 3420
3172 3173 3597 4276 4289 4376 4541 4567 4599 4600
69 78 153 154 216 249 250 251 267 268
1302 1441 1650 1664 3020 3145 3175 3597 3720 3790
252 352 376 530 572 667 781 911 1009 1122
47 145 165 368 379 449 450 500 502 990
7 199 253 262 314 319 326 327 328 396
641 686 937 1278 2201 3052 3696 3877 4284 4420
73 125 126 211 217 254 255 283 307 308
187 197 256 257 258 259 523 594 753 1185
1918 3310 4146
1918 3310 4146
-1
18 36 48 68 74 91 152 170 171 210
2212 3321 4845
-1
-1
37 92 93 119 151 212 213 215 226 227
-1
1894 4880
225 453 556 557 558 559 814 1111 1178 1269
225 453 556 557 558 559 814 1111 1178 1269
95 478 479 598 1969 2017 2366 2661 2662 3770
127 128 262 263 271 311 455 495 524 629
127 128 262 263 271 311 455 495 524 629
1 2 3 264 265 266 267 268 269 273
1 2 3 264 265 266 267 268 269 273
-1
848 928 929 1036 1776 1905 2580 2839 3052 3182
-1
270 410 551 559 846 847 848 849 850 1351
270 410 551 559 846 847 848 849 850 1351
1953
-1
-1
851 852 2626 3451 3817 4398
32 95 137 214 246 247 255 263 271 303
231 1562 1563 2690 3097 3098 3099 3287 4029 4575
231 1562 1563 2690 3097 3098 3099 3287 4029 4575
4 5 6 7 8 9 10 52 53 94
4 5 6 7 8 9 10 52 53 94
1 11 12 13 20 79 96 115 116 126
5 9 25 26 40 41 42 43 87 122
5 9 25 26 40 41 42 43 87 122
3 22 24 37 72 97 102 103 126 131
282 623 770 771 1587 1911 2080 2189 2301 2357
282 623 770 771 1587 1911 2080 2189 2301 2357
102 103 139 169 212 213 259 283 321 367
24 284 627 628 3357 3358 4176
24 284 627 628 3357 3358 4176
216 285 467 774 1401 1591 2209 2246 2996 3128
1592 1829 1830 2352 2693 3131 3215 3258 3468 3531
25 26 629 630 631 824 825 994 998 1010
159 160 226 227 228 229 230 545 551 631
880 1593 2642 3133 4052 4590 4591 4592 4859 4860
1594 2247 2248 3134 3135 4053 4593
27 28 29 30 31 32 33 34 35 36
27 28 29 30 31 32 33 34 35 36
15 16 21 32 38 39 40 41 42 43
44 45 288 639 888 889 890 891 892 1783
44 45 288 639 888 889 890 891 892 1783
49 50 51 52 53 54 675 676 677 678
468 787 2629 3174 3496 4160
468 787 2629 3174 3496 4160
172 783 971 986 1137 1476 1491 3138 4085
172 783 971 986 1137 1476 1491 3138 4085
620
893 894 895 896 897 898 899 900 901 902
893 894 895 896 897 898 899 900 901 902
84 111 127 128 210 249 298 473 520 521
84 111 127 128 210 249 298 473 520 521
84 242 318 454 455 494 508 510 519 672
529 775 830 1020 1339 1515 1669 2614 2721 2943
529 775 830 1020 1339 1515 1669 2614 2721 2943
744 810 880 909 910 911 912 913 1108 1109
125 211 311 436 437 445 446 554 588 745
2426 2607 2796 4369
477 749 886 939 1390 1391 1444 1492 1892 1893
477 749 886 939 1390 1391 1444 1492 1892 1893
60 199 262 311 319 397 398 400 424 446
1 2 3 91 92 93 212 213 225 226
4 5 6 7 8 9 10 11 12 13
55 398 399 400 477 494 519 524 738 749
55 56 57 153 154 251 294 310 525 526
14 26 58 59 60 61 62 63 64 65
67 68 85 86 159 160 272 349 350 463
157 263 399 400 406 455 508 531 545 566
1 8 20 27 56 69 70 71 78 97
2621 2622
2621 2622
129 191 192 198 273 294 339 340 341 342
1164 3139
-1
-1
4520
55 130 131 141 142 153 154 193 223 251
55 130 131 141 142 153 154 193 223 251
2981 3597
1600
162 264 289 290 312 445 464 488 964 1019
56 265 266 291 292 293 294 303 310 313
56 265 266 291 292 293 294 303 310 313
-1
2944
194 195 218 219 220 267 268 304 333 334
296 1337 2982 3455 4224 4677
545 1040 1335 2391
1 61 62 63 315 546 564 565 566 665
395 489 490 922 923 924 1027 1419 1447 1448
395 489 490 922 923 924 1027 1419 1447 1448
132 133 351 399 567 568 569 570 571 734
223 483 1137 1517 1602 1688 2824 2825 2947 3595
223 483 1137 1517 1602 1688 2824 2825 2947 3595
28 107 269 293 323 335 336 568 578 659
-1
-1
-1
33 46 47 55 61 62 72 73 74 127
204 401 491 492 544 963 1404 1817 1860 2142
225 337 505 512 513 658 659 804 805 806
225 337 505 512 513 658 659 804 805 806
86 98 190 224 398 432 433 465 488 493
10 17 58 63 65 66 75 76 77 78
363 662 999 1000 1001 1002 1573 1655 1680 2483
6 180 205 231 260 317 405 406 632 650
1263 1574 2304 2615 2907 2908 2909 4400
24 28 57 70 80 81 82 83 123 135
4348
663 1151 1152 1198 1293 1349 1405 1664 1689 1907
18 87 119 151 215 292 375 407 408 409
5 59 388 418 428 429 457 575 679 782
5 59 388 418 428 429 457 575 679 782
21 60 67 84 85 86 97 143 144 158
61 62 63 64 356 665 738 944 1335 1450
10 65 66 67 88 89 256 434 540 589
2 8 31 36 91 100 138 175 182 190
49 50 71 129 134 346 357 416 417 501
34 301 426 434 571 673 689 696 903 1154
90 279 667 668 669 900 1013 1235 1236 1446
884 885 936 949 1579 1580 1581 1648 1768 2329
-1
178 696 807 862 893 958 1122 1142 1144 1156
178 696 807 862 893 958 1122 1142 1144 1156
179 541 1420 2359 2390 2715 2732 2761 4369
27 28 58 79 134 135 136 180 181 182
27 28 58 79 134 135 136 180 181 182
1661 2187 3742 4371
8 29 30 69 85 92 99 112 185 186
8 29 30 69 85 92 99 112 185 186
189 1284 1527 1528 1529 3016 4010 4502 4503 4529
828 2600 3075 4542 4555 4556 4841
71 257 306 384 389 428 448 483 529 759
22 23 31 67 109 117 137 138 139 140
1355 1597 1868 2957 4501
56 423 904 917 1331 1356 1357 1530 1697 2387
68 73 74 82 211 378 456 545 743 749
1358 1359 1360 3703 3878 4659 4916 4955 4984 4987
14 32 190 199 503 640 641 690 695 741
141 142 191 192 193 194 195 223 302 303
141 142 191 192 193 194 195 223 302 303
1398 1399 2572 2614 2979 4243
196 691 2095 2197 2198 4244 4685
196 691 2095 2197 2198 4244 4685
14 85 86 101 185 186 197 198 199 209
14 85 86 101 185 186 197 198 199 209
33 34 91 92 93 98 143 144 168 200
29 30 35 36 37 145 258 272 648 649
1532 2553 3083 4564
85 86 704 979 1455 1456 1457 1795 1903 3167
85 86 704 979 1455 1456 1457 1795 1903 3167
38 39 40 41 42 98 99 104 163 169
388 477 953 1492 1868 2736
466 980 1029 1060 1341 1358 1415 1426 1457 1552
-1
2 4 13 25 35 38 49 50 51 55
106 405 502 1036 1054 1055 1234 3417 3488 4685
248 310 364 372 435 454 455 456 472 500
248 310 364 372 435 454 455 456 472 500
3 11 43 44 45 68 75 82 83 95
877 1541 1749 1803 1835 1842 1977 1978 2132 2246
320 730 1677 1711 2990 3158 3407 3796 4057 4417
26 47 91 92 93 145 175 176 177 215
399 425 734 1277 2750 3289 3724 3725 4439
33 34 46 47 70 143 144 152 203 242
19 21 46 71 73 74 128 181 203 210
19 21 46 71 73 74 128 181 203 210
367 391 392 406 531 707 770 771 1006 1153
48 76 90 129 204 373 429 508 565 568
48 76 90 129 204 373 429 508 565 568
-1
-1
-1
77 110 119 132 192 206 220 311 374 377
12 13 34 114 233 234 253 608 609 610
-1
-1
286 287 296 297 298 633 674 712 751 828
821
821
35 64 77 78 106 145 165 221 237 270
36 37 48 210 262 288 478 537 594 753
36 37 48 210 262 288 478 537 594 753
1 20 69 70 87 101 181 274 374 427
1 20 69 70 87 101 181 274 374 427
218 219 220 312 689 906 1053 1445 1446 1447
8 10 17 24 71 76 88 89 90 129
8 10 17 24 71 76 88 89 90 129
22 23 27 29 30 56 78 91 92 93
2 3 196 199 221 249 319 331 332 559
775 1612 1613 3722 4109
-1
90 245 279 314 315 316 376 667 843 900
1618
-1
12 49 50 67 107 117 124 149 153 154
-1
51 52 53 54 110 132 155 156 207 208
-1
-1
-1
224 811 812 821 940 1215 1334 1376 1455 1650
224 811 812 821 940 1215 1334 1376 1455 1650
1359 2210 2988
870 871
870 871
482 698 699 883 884 885 944 1377 1378 1443
85 397 468 535 794 815 936 1258 1407 1456
277
216 941 950 1517 2209 2347 2690 3493 4006 4250
1634 4067
1262 1338 1691 1692 1929 2735 3091 3174 3191 3192
872 1360 2211 2312 2488 2637 2638 3752
872 1360 2211 2312 2488 2637 2638 3752
1343 4037
-1
-1
-1
-1
-1
-1
338 721 897 951 1114 1136 1998 1999 2035 2453
-1
-1
339 340 341 342 343 344 345 346 347 348
-1
284 465 516 1046 1057 3314 4148
284 465 516 1046 1057 3314 4148
143 144 194 267 268 481 707 1047 1058 1559
1048 1461 1462 1463 1464 1465 1466 1467 3981 4302
259 1695 1696 2576 4600
259 1695 1696 2576 4600
57 706 960 1148 1555 2081 3092 3403 3404
57 706 960 1148 1555 2081 3092 3403 3404
3193 3194
248 488 497 498 620 1958 2520 2621 2622 3512
248 488 497 498 620 1958 2520 2621 2622 3512
1699 2231 2381 3195
1621 1622
-1
-1
248 1701 3197 3512 4099 4100
1712 1713 1714 1715 1716 1717 1718 1719 1720 4080
3164
1723 1724 1725 1726 1727 1728 1729 1730 1731 1732
361 386 458 662 755 756 854 1030 1687 1883
361 386 458 662 755 756 854 1030 1687 1883
-1
38 46 320 914 1067 1068 1165 1252 1520 1720
459 1741 1742 1743 1912 2559 2560 4250
459 1741 1742 1743 1912 2559 2560 4250
760 1744 1745 4092
141 1756 1757 1784 2677 3088 3217
216 1903 2095 2371
188 191 275 303 425 507 711 801 842 972
125 908 988 1461 1796 3252 4108
1898 2368 2562
1247 1508 3062 3096 4027 4125 4126
2175 2176 3472
33 40 41 42 347 622 765 844 902 953
363 528 3314 3593 4148 4804
-1
475 476 516 780 955 956 1913 2278 2641 3097
-1
378 407 548 841 958 1004 1039 1149 1150 1166
94 404 431 438 460 482 552 624 643 735
47 449 450 500 990 1277 1381 1382 1431 1560
-1
483 708 1787 1788 3944 3945 4104 4141 4142 4631
-1
255 304 751 777 959 1789 1790 1791 2568 3236
255 304 751 777 959 1789 1790 1791 2568 3236
96 126 339 340 385 423 463 467 484 485
1046 1555 1792 1793 1794 1901 1902 3092 3237 3296
15 32 115 116 243 302 344 360 365 474
4085
-1
1496 1924 1925 1926 3462 4138 4480 4927
489 490 1027 1419 1533 1810 1811 1812 1813 1814
489 490 1027 1419 1533 1810 1811 1812 1813 1814
4139
1163 1742 1743
512 513 855 915 984 1304 1797 1818 1954 2627
512 513 855 915 984 1304 1797 1818 1954 2627
877 969 1288 1334 1651 1652 1810 1914 1949 2372
180 713 719 776 1168 3469 3526 3527 3984 4621
495 780 2243 2716 4432 4923 4975
129 134 501 502 560 749 973 974 975 976
857 1503 1558 1653 1667 2319 2526 3177 4852
1868 4501
-1
1164 1825 2270 3284 4267
256 273 561 714 977 978 979 1063 1784 1826
99 104 956 1421 1930
35 55 61 62 113 122 133 137 142 198
75 95 155 156 163 211 214 217 233 245
1541 1842 3085 3262 3263
574 1850 2334 2531 3148
100 496 715 917 2203 2420 2532 3267 3494 4124
520 521 786 1037 1851 4315
465 811 812 1534 1535 1536 1912 2841 3084 3129
465 811 812 1534 1535 1536 1912 2841 3084 3129
-1
132 281 859 860 861 1873 2631 2632 3193 3194
194 707 1058 2964
3088
-1
-1
541 1865 1866 1867 2061 2230 2390 2619
541 1865 1866 1867 2061 2230 2390 2619
187 256 3059 3514 4071
104 1099 1225 1869 2430 3273 4383 4384 4385 4430
-1
-1
-1
-1
135 204 1871 1872 2763
-1
179 257 1874 1875 3276 3277 4575
594 1185 1562 1738 1876 3278 3279
248 3512 4099 4100
401
-1
9 491 2147 3319 4153
1787 1879 1880 1881 3283 4129 4130 4625 4628 4989
480 1817 1885 2279 2280 2648 2796 3250 3251 3543
-1
-1
532 703 1346 1359 1404 1888 3745
-1
4913
-1
4629
1894
-1
-1
1294
258 385 449 450 725 726 727 1628 1629 1630
1563 1710 1898 1899 1900 1901 1902 2210 2554 2666
-1
-1
-1
-1
1908 1909 1970 3285 3320 4133
1908 1909 1970 3285 3320 4133
1543 1848 1910 1911 2064 2204 3386 3387 3388 3486
-1
-1
-1
1813 2149 2410 3164 4332
105 1722 1912
105 1722 1912
265 266 298 464 506 549 554 762 888 889
1918 3125 3835
1918 3125 3835
212 213 540 802 1604 1814 1919 1920 1921 2588
710 1287 1922 1923 1924 1925 1926 2421 2528 2922
134 575 873 874 1060 1288 1631 1808 1914 1927
402 709 870 871 905 2322 2526 2656 4132 4407
113 133 218 219 233 234 299 359 593 599
-1
-1
-1
-1
-1
1348 2092 2376
361 1091 1824 3561
-1
-1
394 413 414 757 758 970 1298 1304 1358 1415
394 413 414 757 758 970 1298 1304 1358 1415
1293 1294 1295 2825 2924 2925 3306 3595 3929 3930
254 380 701 849 911 912 985 1020 1023 1361
27 121 913 1162 1276 1364 1365 1481 1642 1646
1952 1953 2935 3309 3310 3311 4146 4508 4634 4880
-1
-1
-1
84 3603
84 3603
588 1177 1958 2848 2849 3882 4481 4482
1127 1960 1961 1962 1963 1964 1965 1966 1967 1968
1 2 3 225 273 523 1178 1662 1728 1729
4 5 6 7 8 9 10 11 12 13
55 2079 3398 3399 3400 3401 3402 4209
56 57 294 527 1477 2080 2081 2373 2593 3403
56 57 294 527 1477 2080 2081 2373 2593 3403
68 995 4211
68 995 4211
-1
-1
-1
-1
-1
-1
1804 2240 3419 4963
-1
-1
9 2430
-1
-1
210 594 1185 1736 1953 2098 2099 2100 2206 3209
906 1053 2657 3767 3844 4408 4651 4790
249 331 332 1007 1123 1341 2256 2277 2811 3359
-1
1767 2914 3323 4028 4250
-1
94 378 792 1148 2531
95 1741 3580 4283 4710
15 96 97 115 116 1189 1730 1823 1845 2023
98
99 253 459 768 951 1075 1920 2131 2234 2330
1661 1694
1745
105 106 107 108 109 110 111 112 1568 1569
-1
-1
115 116 117 118 119 1570 1571 1572 2113 2114
2119 4213
96 121 122 123 124 597 832 1919 1937 2120
125 126 127 128 291 598 1521 1722 2017 2125
16 102 105 130 166 401 432 433 549 571
31 190 292 419 503 833 847 1050 1087 1131
134 135 136 137 138 139 140 141 142 143
134 135 136 137 138 139 140 141 142 143
153 154 155 156 157 2154 2155 3148 3453 3454
1920
470 1799 2458 3475 3655
168 169 603 604 2163 2437 2438 3461 4043
170 171 1270 2165 2166 2233 2407 3463 3925 3934
2167 3464
173 174 175 176 177 2168 3465 4996
173 174 175 176 177 2168 3465 4996
178 179 180 181 182 183 184 185 186 187
11 184 232 301 374 997 1179 1313 1524 1734
205 206 207 208 1582 2205 2440 3640 3641 3961
-1
2521
-1
210 2206 3489 3490 4691
-1
1515
211
212 213 2207 3491 3492 3642 3837 4249 4445 4692
214 606 607 755 756 1137 2441 2557 3603 3711
-1
517 4372
517 4372
508 2915
216 277 1670 2209 2677 3493 4250
-1
541
710 2528
-1
-1
3643 3644
-1
-1
1189
108 3257
108 3257
-1
276 501 502 1168 1200 1304 1579 1580 1583 1659
75 76 122 372 373 466 1541 2091 2567 2853
1546 3275 3290 3827
111 225 226 227 228 229 230 995 1177 1178
3316
538
420 1584 4071
-1
866 1287 1931 3230 3502 3750 4399
-1
1320
-1
257 322 698 699 832 1121 1216 1281 1282 1536
949 2591
3287
79 115 116 130 131 201 276 277 278 353
188 280 281 808 977 1425 1933 1934 2244 2245
16 43 64 88 89 130 150 152 164 166
1809
129 504 1082 1324 1325 1326 2132 2133 2881 2937
55 141 142 288 289 299 302 360 438 439
665 738 944 2249 2708 2709 2752 2941 3178 3179
945 1079 1164 1192 1193 1485 1486 1487 1488 1576
143 144 168 306 307 308 309 376 377 404
143 144 168 306 307 308 309 376 377 404
1426
248 310 719 1370 1501 2590 2801 3512 3737 3751
313 868 1648 3361 4261 4698
245 314 315 316 1207 1253 2261 2262 2263 2264
153 154 317 318 869 1008 1254 1256 1257 1663
698 699
339 340 341 342 343 344 345 346 347 348
158 353 354 355 356 357 358 359 1492 2290
481
-1
-1
365 613 1108 3649 3856
-1
864 1303 4395 4544
367 454 1078 2304 2305 2306 2981 3650 4585 4732
-1
707
-1
-1
-1
-1
2309 2310 4653
1584
2218 2219
103 115 116 117 909 2113 3659
-1
-1
-1
59 363 852 1149 1284 1336 1384 1385 1955 1956
17 189 2025 2317 3354 4278 4654 4655 4887 4985
17 189 2025 2317 3354 4278 4654 4655 4887 4985
380 381 382 383 384 1194 1571 1572 2115 2116
380 381 382 383 384 1194 1571 1572 2115 2116
18 385 386 387 388 615 3223 4172
472 880 2789
3418
396 619 620 2027 2454 2455 3568 3972
-1
-1
-1
398 399 400 1573 3049
-1
87 119 401 402 403 404 405 406 407 408
-1
423 424 2336 2348 3121 3576 4335 4484 4485
-1
-1
427 2337 2338 2792 3578 3579 3580 3581 3801 4283
416 417 428 429 3582 3583 3584 3585 3889
-1
-1
188 842 2244
1352 1353
432 433 434 539 776 875 915 1196 1430 1649
2559 2560
-1
-1
-1
-1
-1
2264 2339
700 1421 2244 2568 3253 3526 3527 4117 4264 4335
205 237 260 436 437 438 439 440 441 442
205 237 260 436 437 438 439 440 441 442
445 446 2345 2346 2347 3286 4286 4900
405 1619 1805 2347 3149 3150 3151 3152 4853
-1
448 449 450 2480 2634 3509 4322
-1
-1
-1
446 745 1197 1458 2534 2561 2866 3704 3705 3706
-1
-1
-1
-1
1287
454 455
908 1796 4108 4566
406 866 3502 3750 4399
-1
-1
-1
390 1696
-1
712 828 2053 2291 2364 2365 2494 2546 2919 4658
-1
-1
-1
478 479 2366
2677 4920
2080 3926
483 1333 1874 1882 2607 2645 2646 3238 3944 3945
282 325 484 485 486 487 789 790 791 805
488 489 490 829 4047
264 1145 1146 2830
770 771 1021
-1
-1
252 372 389 435 454 455 505 506 507 508
4501
-1
-1
464 1500 1663 1943 2345 3056 3433 3985 4130 4286
512 513 3210 3283 4089
516 1945
71 950 1337 1338 1517 1690 1869 1932 2312 2336
71 950 1337 1338 1517 1690 1869 1932 2312 2336
483 1501 1664 1673 1695 2142 2526 2947 3787 4131
413 414 1373 2379 2380 3840 4294 4818 4819 4918
1665 1666 1667 1818 1904 4074 4104 4116 4620
-1
-1
-1
529 1020 1339 2721 2943
3779
523 524 1475 1476 2188 2370 2592 2710 2722 2737
525 526 1022 1340 1688 2944 3590
525 526 1022 1340 1688 2944 3590
531 1022 2725 2928 3814 3815 3816 3932 4435 4436
1343 1356
-1
-1
-1
-1
-1
538 539 1025 2388 2389 2595 4004 4546 4547 4718
-1
94 290 310 539 725 726 751 837 849 884
94 290 310 539 725 726 751 837 849 884
-1
-1
547 728 734 1068 1088 1251 1272 1348 1643 1728
-1
19 51 163 203 660 1077 1632 1633 2076 2159
16 31 166 291 292 313 548 549 579 580
814
-1
84 293 300 362 613 787 819 994 1015 1098
1672 1910
202 430 552 553 554 820 857 1095 1340 1537
1019 1367 2522 2523 2719 2931
-1
-1
732 783 971 986 1491 2545 2776 3214 3714 3997
560 561 562 563 564 565 566 567 568 569
52 53 394 575 576 577 578 579 580 581
517 518 597 598 599 600 601 602 603 604
613 614 615 616 617 618 619 620 621 1201
3 22 24 37 72 102 103 126 131 139
1004 1028 2972
629 630 631 824 825 1950 2463 2464 2465 3657
634 635 636 637 638 639 640 641 642 643
399 651 652 653 654 655 656 657 658 659
2583
11 23 39 75 80 81 95 96 109 111
11 23 39 75 80 81 95 96 109 111
1517 4417 4505 4631 4807
140 687 1825 2042 2284 2285 3666 3912 3913 3914
140 687 1825 2042 2284 2285 3666 3912 3913 3914
1952 1953 2935 3309 3310 3311 4146 4508 4634 4880
173 174 175 176 177 385 386 387 483 1673
388 4131
178 893 958 2169 2170 2171 2172 3466 3467 3740
257 306 384 389 428 448 1003 1140 1141 1320
190 690 1041 1096 1659 1982 2191 3024 3025 3145
190 690 1041 1096 1659 1982 2191 3024 3025 3145
191 192 193 194 195 2192 2193 2194 2195 2196
200 201 202 203 204 217 229 338 446 733
1056 2603 4074
429 646 647 714 748 764 1184 1354 1388 1885
-1
1860
-1
-1
-1
-1
-1
-1
-1
-1
-1
-1
-1
-1
-1
284
-1
-1
-1
3357 3358 3963 4176
3357 3358 3963 4176
-1
-1
702 1468 3514 4501
-1
-1
-1
939 1345 1658 3056 3108 4280
703
2521
-1
-1
-1
-1
706 1919 2502 2524 3505 3700 4027 4125 4126 4320
386 1030 1219 1687 1883 1886 1887 1888 1889 1990
390 2733 3119 3252 4656
304 420 423 467 547 709 710 711 712 955
3462
60 333 515 713 834 835 1198 1293 1349 1593
714 1035 1557 1955 1956 2222 2319 2530 2819 2924
35 270 391 392 410 616 617 648 690 956
3128 3703
2871 2872
194 516 1038 2196 2734 2735 3819
-1
-1
195 505 767 1961 2533 2601 2913 3129 3276 3820
202 643 705 1290 1291 1563 1570 1597 1872 2066
