    5823886
    5823886
    5823886
    5823886
    5823886
    5823886
    5823886
    5823885
    5823885
    5823885

          0
   51650957
          0
          0
          0
          0
          0
          0
          0
          0

    9703051
    9703050
    9703050
    9703050
    9703050
    9703050
    9703050
    9703050
    9703050
    9703050

    1849999
    1846458
    1840000
    1840000
    1840000
    1840000
    1840000
    1840000
    1840000
    1840000

    5800000
    5800000
    5800000
    5800000
    5800000
    5800000
    5800000
    5800000
    5800000
    5718244

   10000000
   10000000
    3063155
          0
          0
          0
          0
          0
          0
          0

    4500539
    4500539
    4500530
    4500530
    4500530
    4500530
    4500530
    4500530
    4500530
    4500530

          0
          0
          0
          0
   12523883
          0
          0
          0
          0
          0

    2000000
    2000000
    2000000
    2000000
    1931903
    1000000
    1000000
    1000000
    1000000
    1000000

     790000
     790000
     790000
     790000
     790000
     790000
     790000
     790000
     790000
     781057

   10000000
   10000000
    2990842
          0
          0
          0
          0
          0
          0
          0

   10000000
   10000000
   10000000
   10000000
   10000000
   10000000
    8798070
          0
          0
          0

   96982024
          0
          0
          0
          0
          0
          0
          0
          0
          0

    1229230
    1229230
    1229230
    1229221
    1229220
    1229220
    1229220
    1229220
    1229220
    1229220

    9282854
    9282854
    9282854
    9282854
    9282854
    9282854
    9282854
    9282854
    9282854
    9282854

    5700000
    5700000
    5700000
    5700000
    5700000
    5700000
    5620081
    5600000
    5600000
    5600000

    3270000
    3270000
    3270000
    3270000
    3260070
    3260000
    3260000
    3260000
    3260000
    3260000

    7613800
    7613800
    7613800
    7613800
    7613800
    7613800
    7613800
    7613800
    7613715
    7613700

   15716025
          0
          0
          0
          0
          0
          0
          0
          0
          0

   10000000
   10000000
   10000000
   10000000
      76856
          0
          0
          0
          0
          0

    3884630
    3884630
    3884630
    3884630
    3884630
    3884625
    3884620
    3884620
    3884620
    3884620

    4443573
    4443573
    4443573
    4443573
    4443573
    4443573
    4443573
    4443573
    4443572
    4443572

          0
          0
          0
          0
   10555385
          0
          0
          0
          0
          0

    1949137
    1949137
    1949137
    1949137
    1949137
    1949137
    1949137
    1949137
    1949136
    1949136

    9900000
    9900000
    9900000
    9900000
    9900000
    9900000
    9900000
    9869567
    9800000
    9800000

          0
          0
          0
          0
          0
          0
          0
   56419769
          0
          0

    4483847
    4483800
    4483800
    4483800
    4483800
    4483800
    4483800
    4483800
    4483800
    4483800

    1396500
    1396500
    1396500
    1396500
    1396500
    1396500
    1396500
    1396439
    1396400
    1396400

   11682509
          0
          0
          0
          0
          0
          0
          0
          0
          0

    9035549
    9035548
    9035548
    9035548
    9035548
    9035548
    9035548
    9035548
    9035548
    9035548

     634999
     635000
     635000
     635000
     635000
     635000
     635000
     635000
     634755
     634000

   10000000
   10000000
   10000000
     611145
          0
          0
          0
          0
          0
          0

          0
          0
          0
          0
          0
          0
   47762950
          0
          0
          0

    4117580
    4117580
    4117580
    4117580
    4117575
    4117570
    4117570
    4117570
    4117570
    4117570

    7000000
    7000000
    7000000
    7000000
    7000000
    7000000
    6335932
    6000000
    6000000
    6000000

     962960
     962960
     962960
     962960
     962959
     962959
     962959
     962959
     962959
     962959

    3950000
    3950000
    3945311
    3940000
    3940000
    3940000
    3940000
    3940000
    3940000
    3940000

    7903376
    7903376
    7903376
    7903376
    7903376
    7903376
    7903376
    7903376
    7903376
    7903376

   10000000
   10000000
   10000000
    9541280
    9000000
    9000000
    9000000
    9000000
    9000000
    9000000

    2302000
    2302000
    2302000
    2302000
    2302000
    2302000
    2302000
    2301031
    2301000
    2301000

    8100000
    8100000
    8100000
    8100000
    8090250
    8090000
    8090000
    8090000
    8090000
    8090000

    6162035
    6162030
    6162030
    6162030
    6162030
    6162030
    6162030
    6162030
    6162030
    6162030

    8968999
    8969000
    8969000
    8969000
    8969000
    8969000
    8969000
    8968337
    8968000
    8968000

          0
          0
          0
   32631067
          0
          0
          0
          0
          0
          0

    1000000
    1000000
    1000000
    1000000
     358364
          0
          0
          0
          0
          0

    8839800
    8839800
    8839743
    8839700
    8839700
    8839700
    8839700
    8839700
    8839700
    8839700

    5500000
    5500000
    5500000
    5500000
    5499810
    5499000
    5499000
    5499000
    5499000
    5499000

     473000
     473000
     473000
     473000
     473000
     473000
     473000
     473000
     472642
     472000

    9079047
    9079000
    9079000
    9079000
    9079000
    9079000
    9079000
    9079000
    9079000
    9079000

    4900000
    4900000
    4900000
    4900000
    4900000
    4900000
    4900000
    4853084
    4800000
    4800000

    1218970
    1218970
    1218970
    1218970
    1218970
    1218970
    1218970
    1218970
    1218966
    1218960

    3490000
    3490000
    3484516
    3480000
    3480000
    3480000
    3480000
    3480000
    3480000
    3480000

    9500000
    9500000
    9500000
    9500000
    9500000
    9500000
    9500000
    9500000
    9500000
    9464347

    6700000
    6700000
    6700000
    6700000
    6700000
    6700000
    6628390
    6600000
    6600000
    6600000

    7741700
    7741602
    7741600
    7741600
    7741600
    7741600
    7741600
    7741600
    7741600
    7741600

    3836560
    3836560
    3836555
    3836550
    3836550
    3836550
    3836550
    3836550
    3836550
    3836550

   54114918
          0
          0
          0
          0
          0
          0
          0
          0
          0

    5916734
    5916735
    5916735
    5916735
    5916735
    5916735
    5916735
    5916735
    5916735
    5916734

    8809000
    8809000
    8809000
    8809000
    8809000
    8809000
    8809000
    8808224
    8808000
    8808000

    1000000
    1000000
    1000000
    1000000
    1000000
    1000000
    1000000
     688452
          0
          0

     731000
     730314
     730000
     730000
     730000
     730000
     730000
     730000
     730000
     730000

    7000000
    7000000
    7000000
    7000000
    7000000
    7000000
    7000000
    7000000
    6185404
    6000000

          0
          0
          0
          0
          0
          0
          0
          0
   62643132
          0

    3086582
    3000000
    3000000
    3000000
    3000000
    3000000
    3000000
    3000000
    3000000
    3000000

    1133480
    1133480
    1133480
    1133480
    1133480
    1133480
    1133480
    1133480
    1133471
    1133470

    8600000
    8600000
    8600000
    8600000
    8600000
    8591858
    8500000
    8500000
    8500000
    8500000

    2980000
    2980000
    2980000
    2978693
    2970000
    2970000
    2970000
    2970000
    2970000
    2970000

    6000000
    6000000
    6000000
    6000000
    6000000
    6000000
    6000000
    5655812
    5000000
    5000000

    9307349
          0
          0
          0
          0
          0
          0
          0
          0
          0

   10000000
   10000000
   10000000
   10000000
   10000000
   10000000
   10000000
   10000000
    8241368
          0

    9644598
    9644598
    9644597
    9644597
    9644597
    9644597
    9644597
    9644597
    9644597
    9644597

   10000000
     112502
          0
          0
          0
          0
          0
          0
          0
          0

   29109073
          0
          0
          0
          0
          0
          0
          0
          0
          0

    6687950
    6687950
    6687950
    6687950
    6687950
    6687950
    6687950
    6687950
    6687950
    6687948

    1620000
    1610966
    1610000
    1610000
    1610000
    1610000
    1610000
    1610000
    1610000
    1610000

    7215900
    7215900
    7215833
    7215800
    7215800
    7215800
    7215800
    7215800
    7215800
    7215800

    2820300
    2820300
    2820300
    2820300
    2820300
    2820300
    2820294
    2820200
    2820200
    2820200

    4075000
    4074101
    4074000
    4074000
    4074000
    4074000
    4074000
    4074000
    4074000
    4074000

    8900000
    8900000
    8890382
    8800000
    8800000
    8800000
    8800000
    8800000
    8800000
    8800000

   29311705
          0
          0
          0
          0
          0
          0
          0
          0
          0

    9999999
   10000000
   10000000
   10000000
   10000000
    2183698
          0
          0
          0
          0

    5665980
          0
          0
          0
          0
          0
          0
          0
          0
          0

   27836286
          0
          0
          0
          0
          0
          0
          0
          0
          0

    7165814
    7165813
    7165813
    7165813
    7165813
    7165813
    7165813
    7165813
    7165813
    7165813

    6122343
    6000000
    6000000
    6000000
    6000000
    6000000
    6000000
    6000000
    6000000
    6000000

    8890000
    8890000
    8890000
    8890000
    8890000
    8890000
    8890000
    8889983
    8889900
    8889900

    7922741
    7900000
    7900000
    7900000
    7900000
    7900000
    7900000
    7900000
    7900000
    7900000

   10000000
   10000000
   10000000
   10000000
   10000000
   10000000
    9945557
    9900000
    9900000
    9900000

    2000000
    2000000
    2000000
    2000000
    2000000
    1841185
    1000000
    1000000
    1000000
    1000000

     600000
     600000
     600000
     528111
     500000
     500000
     500000
     500000
     500000
     500000

     612574
     612570
     612570
     612570
     612570
     612570
     612570
     612570
     612570
     612570

          0
          0
   20397128
          0
          0
          0
          0
          0
          0
          0

    7538000
    7538000
    7538000
    7538000
    7538000
    7538000
    7538000
    7538000
    7538000
    7537031

    9021000
    9021000
    9021000
    9021000
    9021000
    9021000
    9020923
    9020000
    9020000
    9020000

   10000000
   10000000
   10000000
    4482261
          0
          0
          0
          0
          0
          0

    4581925
    4581000
    4581000
    4581000
    4581000
    4581000
    4581000
    4581000
    4581000
    4581000

    1693900
    1693900
    1693900
    1693900
    1693900
    1693841
    1693800
    1693800
    1693800
    1693800

    3400000
    3400000
    3400000
    3400000
    3400000
    3400000
    3321049
    3300000
    3300000
    3300000

    9799999
    9800000
    9800000
    9715046
    9700000
    9700000
    9700000
    9700000
    9700000
    9700000

    6443499
    6443500
    6443500
    6443500
    6443500
    6443500
    6443500
    6443500
    6443410
    6443400
