5579
5177
1264
9978
832
14770
2421
8681
13153
-1
9140
16433
3072
6659
11136
19803
7761
17673
12333
13190
17109
16813
9052
7110
15810
5474
11941
7100
18303
13221
2732
6316
-1
10302
17117
9584
-1
-1
5850
10200
1545
1858
14685
4635
738
4714
10517
328
4790
6141
16723
9666
12825
13103
17409
17858
12930
2540
5011
16591
12498
8037
11181
18744
5672
10340
7095
17360
11447
11339
4458
10180
14578
663
9668
2224
14079
1453
3021
18276
19405
1846
8999
12025
817
16643
3483
17846
7819
19507
1976
-1
18459
17808
19118
12109
18847
13385
6980
13215
18454
17379
15675
17676
16475
17243
4042
1479
2464
6269
1176
1894
11576
10078
17579
17413
5280
18476
14481
17583
7924
10025
12282
11918
10728
5411
5740
15895
13248
4263
7160
13924
5322
8165
8127
15451
5291
-1
244
6559
313
8628
7797
15243
13259
11699
305
12014
14349
1877
6331
1503
6022
-1
19705
13156
292
7089
8091
19088
2496
-1
6888
6486
18772
8266
6584
3133
2235
4208
11835
6355
14663
7242
13066
18025
3931
6752
17619
18154
-1
5107
4782
16877
19535
17484
18849
19596
9160
18500
7985
18222
12233
-1
13200
15910
10462
10746
19910
14540
394
7053
17737
14591
-1
-1
16760
7409
392
5951
10265
17868
6652
13494
2777
4371
6508
3230
16720
14274
10524
16095
5918
6047
2059
3907
3144
549
-1
-1
12383
25982
8569
18425
7398
1015
7208
16100
15602
17166
7285
1264
7881
18872
11673
11549
8272
7899
6730
2850
6369
3672
2575
13892
14005
2491
18226
9137
4755
13651
305
2696
13584
14399
-1
6404
4755
10722
3641
13399
11596
14390
5106
8346
12541
3101
19650
9270
11209
13569
18012
8492
6087
14368
5242
2779
13291
1070
12855
928
8096
3368
-1
7155
8993
19812
15874
4990
10272
7646
7153
18696
14712
16085
3467
14877
-1
6483
15445
2104
-1
8516
7398
694
11753
18086
19129
17014
5702
5133
3559
19542
1646
7361
16441
12616
19822
-1
18414
18116
9900
7840
14909
2529
10425
19656
6471
16718
-1
12695
7804
6104
15082
11340
12170
5515
17308
12692
17896
17176
1836
3512
1276
16065
2484
2972
14140
12317
5983
7758
10282
2119
3987
17968
13620
13056
13283
8608
3386
18125
19328
13303
19894
1385
15687
13175
8228
8275
12001
12682
13312
2324
-1
784
19315
11718
-1
13057
5924
10080
10641
17775
7134
10275
693
5949
17652
14995
3539
11498
9564
17364
6168
8522
1174
8862
8757
4208
-1
2200
16116
18163
1410
10750
18393
8733
2014
2377
2317
8674
7772
12490
6311
4210
10960
9318
13989
2215
1338
16601
14600
17581
5699
19070
11538
9788
-1
13815
-1
2493
580
16086
3683
19973
8132
14279
11379
3429
15128
17805
17910
255
4458
8755
9105
8485
1805
15792
9325
9482
2049
12359
12917
16414
14664
-1
8161
9300
935
6143
1263
2831
6891
6899
-1
14695
1906
17121
3766
13912
663
11347
11231
9334
12796
3171
-1
1866
291
-1
-1
3340
11114
14594
16740
17814
6782
12798
12446
5794
11301
5704
16093
18796
5442
1407
9504
10483
5693
361
686
15961
814
3573
3813
16452
7201
15910
15672
6128
11943
15906
14769
1067
2402
7993
5874
8900
18715
19295
8774
6834
12990
8798
10011
298
15460
11275
11339
5328
-1
15666
2177
11546
16469
16456
2767
13662
16993
423
10655
5919
-1
5821
16399
10622
-1
16459
16381
7232
2940
14977
19427
20016
18861
3344
10430
-1
12172
3217
10246
12004
14291
9542
16854
16766
13324
2944
7719
2122
11666
9752
18455
1574
1135
3335
18607
17204
13078
14514
14509
4147
12131
827
18908
6846
13838
-1
19849
-1
7347
11509
-1
5996
19390
3620
17098
9015
9716
29661
9428
16335
6903
16372
13926
-1
5413
6039
11643
14177
8888
1974
10851
7712
1173
10009
12845
14013
5441
-1
15923
18656
3512
5367
-1
17214
4746
2353
17412
9842
11805
3747
19612
17662
11305
3935
9404
4341
15894
19989
3520
9017
570
11606
3095
5619
18510
17214
-1
9056
5750
2964
5648
1054
1881
13345
7633
7214
6103
13549
5532
10323
6081
8303
6047
3643
6678
4362
17161
555
8048
4811
6738
8819
17563
10349
10610
13446
6091
15648
16927
8673
18643
3873
2066
9666
7071
9986
6487
6735
11312
2079
362
13151
12273
15001
4325
3908
4306
18947
13228
16649
11206
5255
16978
7073
8286
5568
421
13358
14902
8129
9569
7979
16111
19112
9090
-1
4001
8125
7621
5344
10471
3903
956
1713
18749
19989
17128
8545
18154
2425
17183
13934
5207
14678
16221
15858
6741
18901
3750
16805
18043
18472
3461
14839
4503
389
670
12899
13980
-1
10248
1129
16429
4522
11823
-1
2245
6228
18968
13919
16267
17582
11399
15865
17930
5398
15990
16881
11095
16423
17536
13274
2433
8483
-1
17646
10450
12672
4885
12124
7104
19860
11152
16883
16502
4084
19248
-1
13374
15496
154
11032
5102
8669
13180
14530
944
18172
16457
18543
13658
10508
6888
19722
7915
13041
10703
13064
11022
6490
17790
18404
16732
13732
9567
1991
8071
5252
9910
7682
3247
6255
4302
11474
11886
3159
2381
2073
17767
8722
12344
17483
9088
14178
492
16758
19898
11515
8117
13210
14474
14389
-1
14392
18981
9817
17806
11911
10421
17407
3720
5091
8638
6991
10369
14442
17534
12109
2010
18452
5460
3626
10558
7748
1193
13478
4474
3241
15468
3293
16595
6285
-1
19660
17369
11896
11099
12268
16129
2875
1682
18014
8523
5916
1018
5636
624
13835
9960
2085
8734
7438
3880
4128
7386
12998
11895
-1
5561
3356
6803
1262
3282
13208
14225
8244
389
13464
5544
8580
17884
12781
18785
12908
7564
19685
12343
201
6247
6893
10068
16144
11915
18899
939
-1
19559
15211
15114
12022
4997
8206
16590
10488
1581
15355
13698
7049
4903
15424
18510
13648
733
13297
430
19055
7011
13956
13045
16330
-1
10353
14018
18931
-1
1403
6050
18655
5346
8880
1831
6438
18254
12145
7383
18866
6298
4836
17682
19847
-1
16420
8210
15928
1393
17355
-1
-1
16342
265
2878
13407
17737
19144
14277
-1
12995
5688
