10000000000000
9999999999999
9999999999998
9999999999997
9999999999996
9999999999995
9999999999994
9999999999993
9999999999992
9999999999991
9999999999990
9999999999989
9999999999988
9999999999987
9999999999986
9999999999985
9999999999984
9999999999983
9999999999982
9999999999981
9999999999980
9999999999979
9999999999978
9999999999977
9999999999976
9999999999975
9999999999974
9999999999973
9999999999972
9999999999971
9999999999970
9999999999969
9999999999968
9999999999967
9999999999966
9999999999965
9999999999964
9999999999963
9999999999962
9999999999961
9999999999960
9999999999959
9999999999958
9999999999957
9999999999956
9999999999955
9999999999954
9999999999953
9999999999952
9999999999951
9999999999950
9999999999949
9999999999948
9999999999947
9999999999946
9999999999945
9999999999944
9999999999943
9999999999942
9999999999941
9999999999940
9999999999939
9999999999938
9999999999937
9999999999936
9999999999935
9999999999934
9999999999933
9999999999932
9999999999931
9999999999930
9999999999929
9999999999928
9999999999927
9999999999926
9999999999925
9999999999924
9999999999923
9999999999922
9999999999921
9999999999920
9999999999919
9999999999918
9999999999917
9999999999916
9999999999915
9999999999914
9999999999913
9999999999912
9999999999911
9999999999910
9999999999909
9999999999908
9999999999907
9999999999906
9999999999905
9999999999904
9999999999903
9999999999902
9999999999901
9999999999900
9999999999899
9999999999898
9999999999897
9999999999896
9999999999895
9999999999894
9999999999893
9999999999892
9999999999891
9999999999890
9999999999889
9999999999888
9999999999887
9999999999886
9999999999885
9999999999884
9999999999883
9999999999882
9999999999881
9999999999880
9999999999879
9999999999878
9999999999877
9999999999876
9999999999875
9999999999874
9999999999873
9999999999872
9999999999871
9999999999870
9999999999869
9999999999868
9999999999867
9999999999866
9999999999865
9999999999864
9999999999863
9999999999862
9999999999861
9999999999860
9999999999859
9999999999858
9999999999857
9999999999856
9999999999855
9999999999854
9999999999853
9999999999852
9999999999851
9999999999850
9999999999849
9999999999848
9999999999847
9999999999846
9999999999845
9999999999844
9999999999843
9999999999842
9999999999841
9999999999840
9999999999839
9999999999838
9999999999837
9999999999836
9999999999835
9999999999834
9999999999833
9999999999832
9999999999831
9999999999830
9999999999829
9999999999828
9999999999827
9999999999826
9999999999825
9999999999824
9999999999823
9999999999822
9999999999821
9999999999820
9999999999819
9999999999818
9999999999817
9999999999816
9999999999815
9999999999814
9999999999813
9999999999812
9999999999811
9999999999810
9999999999809
9999999999808
9999999999807
9999999999806
9999999999805
9999999999804
9999999999803
9999999999802
9999999999801
9999999999800
9999999999799
9999999999798
9999999999797
9999999999796
9999999999795
9999999999794
9999999999793
9999999999792
9999999999791
9999999999790
9999999999789
9999999999788
9999999999787
9999999999786
9999999999785
9999999999784
9999999999783
9999999999782
9999999999781
9999999999780
9999999999779
9999999999778
9999999999777
9999999999776
9999999999775
9999999999774
9999999999773
9999999999772
9999999999771
9999999999770
9999999999769
9999999999768
9999999999767
9999999999766
9999999999765
9999999999764
9999999999763
9999999999762
9999999999761
9999999999760
9999999999759
9999999999758
9999999999757
9999999999756
9999999999755
9999999999754
9999999999753
9999999999752
9999999999751
9999999999750
9999999999749
9999999999748
9999999999747
9999999999746
9999999999745
9999999999744
9999999999743
9999999999742
9999999999741
9999999999740
9999999999739
9999999999738
9999999999737
9999999999736
9999999999735
9999999999734
9999999999733
9999999999732
9999999999731
9999999999730
9999999999729
9999999999728
9999999999727
9999999999726
9999999999725
9999999999724
9999999999723
9999999999722
9999999999721
9999999999720
9999999999719
9999999999718
9999999999717
9999999999716
9999999999715
9999999999714
9999999999713
9999999999712
9999999999711
9999999999710
9999999999709
9999999999708
9999999999707
9999999999706
9999999999705
9999999999704
9999999999703
9999999999702
9999999999701
9999999999700
9999999999699
9999999999698
9999999999697
9999999999696
9999999999695
9999999999694
9999999999693
9999999999692
9999999999691
9999999999690
9999999999689
9999999999688
9999999999687
9999999999686
9999999999685
9999999999684
9999999999683
9999999999682
9999999999681
9999999999680
9999999999679
9999999999678
9999999999677
9999999999676
9999999999675
9999999999674
9999999999673
9999999999672
9999999999671
9999999999670
9999999999669
9999999999668
9999999999667
9999999999666
9999999999665
9999999999664
9999999999663
9999999999662
9999999999661
9999999999660
9999999999659
9999999999658
9999999999657
9999999999656
9999999999655
9999999999654
9999999999653
9999999999652
9999999999651
9999999999650
9999999999649
9999999999648
9999999999647
9999999999646
9999999999645
9999999999644
9999999999643
9999999999642
9999999999641
9999999999640
9999999999639
9999999999638
9999999999637
9999999999636
9999999999635
9999999999634
9999999999633
9999999999632
9999999999631
9999999999630
9999999999629
9999999999628
9999999999627
9999999999626
9999999999625
9999999999624
9999999999623
9999999999622
9999999999621
9999999999620
9999999999619
9999999999618
9999999999617
9999999999616
9999999999615
9999999999614
9999999999613
9999999999612
9999999999611
9999999999610
9999999999609
9999999999608
9999999999607
9999999999606
9999999999605
9999999999604
9999999999603
9999999999602
9999999999601
0
