499904
828163
286265
767502
328210
394941
654614
612904
1766470
273270
388878
2028867
425991
294601
298680
450109
653690
323182
271182
270106
704955
337688
1953666
285955
392206
1365998
478440
274940
1092796
647701
435832
1171380
339484
4365264
4598251
343000
508178
293402
325928
664981
873607
2333631
579031
932336
591435
474447
275707
868642
2441692
331499
634627
772630
305357
479269
2273616
479228
330982
859880
1114683
732290
306388
3326619
408926
549099
818802
644631
3717181
282535
2129128
3089620
407834
1056871
1278515
1858819
470257
534544
759908
283132
300875
578874
1190711
294525
1587722
3320909
371826
277339
662150
692117
623339
1856995
617633
487328
287378
648391
648266
3592693
293022
477252
781534
589353
