100
692780 887 85
238338 794 17
516652 493 88
490030 363 23
897766 60 92
383429 541 28
5214 737 74
956432 568 70
722865 531 84
703138 68 25
634025 803 31
898170 70 60
175014 457 95
377376 230 44
413787 920 23
594327 199 39
566416 371 17
268983 92 28
806865 874 58
497284 997 72
477087 926 7
126508 337 29
661316 730 48
353898 125 59
898817 546 84
990367 435 69
171090 751 45
947181 277 10
705406 585 90
612402 755 53
549679 61 34
210015 740 70
348097 587 28
480573 796 41
97470 379 36
612905 98 3
926655 493 19
560283 302 58
953868 442 88
346622 445 91
958034 730 42
905774 98 19
120712 676 83
777859 568 29
254589 354 99
964686 307 67
51531 625 21
48832 733 73
258273 20 5
486718 709 70
747799 150 42
2248 619 25
892924 452 48
597491 380 57
469844 229 66
441503 194 52
470127 765 36
275859 988 16
322230 492 45
281939 860 67
316440 552 34
975410 276 30
468861 122 76
661240 30 97
65821 794 37
231014 144 30
318779 530 30
255766 444 6
118609 539 15
344821 905 42
797372 689 30
466999 918 19
259473 744 26
295502 491 85
385647 726 74
268142 506 92
907672 787 56
388467 543 84
759358 508 99
278614 349 6
949302 829 24
35571 747 45
23314 423 42
321804 606 12
44881 731 63
178739 321 7
648525 627 46
473419 709 67
412927 259 84
305627 63 39
433455 37 2
145553 380 101
900976 72 70
684933 882 33
158663 895 35
387984 200 65
152962 997 101
739671 814 75
952929 96 92
911343 85 68
