95
236
649
232
790
673
198
440
227
545
528
339
474
756
78
683
375
563
220
256
560
194
877
260
51
397
769
271
777
922
348
213
507
346
794
294
16
341
731
240
883
256
928
354
361
3
35
734
563
604
987
473
147
862
730
196
608
496
464
735
767
161
297
271
504
88
562
869
426
290
458
659
895
383
362
606
736
746
337
648
348
673
470
492
884
197
37
490
43
850
574
807
8
868
76
861
62
987
727
80
627
534
736
871
267
96
474
1000
191
160
997
536
183
465
378
64
11
412
903
51
260
474
856
617
339
281
476
993
265
552
71
241
84
156
110
348
601
933
697
790
91
691
323
271
505
50
684
514
460
585
562
69
56
767
35
745
45
508
735
57
410
155
250
491
309
357
188
907
640
882
694
728
922
367
348
425
414
29
936
223
611
847
641
17
612
674
759
6
531
843
15
938
996
263
778
654
969
963
558
606
842
602
683
762
318
380
536
81
759
821
302
719
665
940
733
626
963
88
982
492
34
346
427
379
958
203
30
925
163
585
880
355
536
913
466
851
290
999
930
398
817
581
115
831
870
845
455
831
36
786
320
67
129
96
443
85
648
470
359
161
404
588
513
938
498
976
138
138
324
417
533
138
995
645
966
863
840
770
43
873
553
712
937
32
805
729
114
803
196
822
961
949
407
823
236
255
148
724
742
469
138
272
956
483
267
919
82
456
39
735
326
589
444
612
618
598
338
81
398
883
900
356
181
657
528
415
909
673
136
648
491
271
269
444
103
533
713
795
986
749
527
661
687
968
270
655
564
957
733
959
189
983
665
368
637
190
780
895
213
265
540
701
885
806
495
986
689
205
778
24
303
655
35
987
972
654
639
885
609
722
194
147
702
856
512
688
395
641
580
92
255
469
656
138
624
148
473
662
702
600
36
1002
252
68
986
574
719
975
456
677
694
647
822
745
500
683
782
245
674
711
199
926
529
852
413
150
349
235
810
48
833
843
47
434
260
383
5
976
707
459
3
398
103
822
492
953
854
623
195
525
683
743
801
209
593
563
356
291
796
515
337
978
707
733
409
964
465
764
290
169
220
290
916
672
461
757
622
664
377
166
539
57
54
337
263
849
249
969
137
42
833
823
369
538
906
776
851
368
889
138
887
106
777
800
775
587
555
747
249
281
262
785
688
166
471
300
12
69
266
499
461
97
671
827
984
574
952
832
292
838
320
176
293
446
325
418
31
76
514
629
508
773
763
545
937
583
842
298
1001
458
146
459
904
815
636
885
738
585
66
27
773
735
552
63
179
875
830
559
453
341
537
958
112
297
500
46
229
692
693
227
147
189
36
48
1001
669
282
88
251
345
465
21
78
14
434
606
238
261
162
689
600
48
996
709
342
846
104
920
535
146
496
31
332
529
25
682
195
707
768
796
401
230
166
828
593
597
431
829
208
942
867
157
987
860
215
678
55
668
595
587
18
441
967
493
967
392
524
512
448
289
305
847
868
468
24
459
415
453
637
77
392
501
126
729
710
338
404
763
3
349
699
163
787
664
5
103
405
527
612
203
165
914
399
31
732
420
839
144
870
473
113
612
323
236
338
30
571
91
142
571
437
839
83
573
852
86
674
254
610
283
806
772
195
202
152
924
620
988
417
839
458
527
448
130
760
135
158
680
224
649
248
10
485
680
581
686
763
79
938
722
884
93
492
428
293
993
701
910
979
115
98
786
639
896
914
748
28
69
425
601
715
22
961
550
700
891
233
812
492
520
532
373
611
373
799
901
363
497
160
339
962
607
123
950
500
34
696
878
452
470
828
516
490
786
415
539
674
646
348
163
515
229
886
123
599
34
373
312
528
882
648
839
487
120
787
984
503
89
211
304
299
37
818
138
820
582
26
844
225
724
356
738
950
239
210
899
270
933
208
148
164
205
336
648
675
120
982
175
301
190
829
950
224
644
437
394
223
461
587
798
182
940
885
129
529
444
25
796
374
582
293
888
785
627
885
457
96
864
981
395
404
807
694
977
800
128
720
373
586
304
520
765
242
402
244
768
195
618
913
919
198
204
804
332
180
686
138
42
900
116
369
301
273
60
627
422
186
345
144
121
646
661
236
237
412
477
1002
605
92
265
521
639
818
674
968
995
357
103
617
254
569
336
904
839
393
529
610
928
871
752
84
866
762
280
101
524
106
452
126
547
714
996
184
529
19
149
873
373
602
840
977
168
173
878
356
563
404
963
841
624
64
885
840
824
514
938
345
969
739
820
513
451
165
694
329
181
193
552
903
792
389
877
957
559
753
662
471
506
622
661
128
36
895
317
209
406
252
551
724
988
720
235
788
234
278
115
412
468
664
664
609
402
539
915
310
68
574
130
144
546
789
621
931
681
935
137
437
536
37
158
522
754
742
659
337
18
123
98
835
136
759
442
535
295
706
194
933
630
322
427
173
108
45
101
138
330
587
572
863
621
80
734
724
819
391
58
834
863
153
19
997
909
810
881
554
513
73
836
140
744
260
662
201
655
39
336
982
696
258
194
314
335
926
35
151
666
90
335
526
592
703
872
499
510
751
402
372
173
235
862
914
845
873
112
849
983
797
180
676
52
371
340
384
646
51
885
309
164
569
185
753
269
54
601
776
154
1000
497
676
585
356
587
779
227
48
625
559
843
802
584
892
522
921
626
166
995
508
824
156
74
6
258
340
410
857
465
913
206
959
587
140
665
171
916
241
569
27
797
409
689
378
650
561
649
273
724
641
778
545
146
201
901
753
538
660
959
352
570
163
661
154
652
323
675
13
913
241
453
707
999
492
434
646
50
80
269
123
70
13
17
213
595
267
316
482
924
272
832
492
432
490
643
59
162
315
997
72
905
447
128
901
288
559
897
335
637
163
807
704
556
822
267
500
86
580
980
8
201
809
849
631
648
489
62
159
154
56
228
408
852
705
659
490
261
905
174
895
65
979
949
970
150
565
820
585
494
797
942
692
955
788
672
79
627
731
108
130
136
685
535
338
387
191
825
645
93
348
890
507
324
836
827
823
750
996
406
241
790
345
930
94
131
600
43
107
680
500
234
166
534
766
501
270
307
675
912
749
20
151
606
694
336
782
514
83
775
917
321
562
612
249
5
92
198
45
196
875
894
779
38
425
894
888
692
198
912
953
297
930
102
252
973
32
31
484
516
803
751
186
714
712
784
68
801
979
110
346
204
353
474
591
775
365
829
816
913
738
766
207
17
217
808
987
650
836
58
515
988
921
698
51
982
480
116
132
808
575
475
9
925
946
950
49
660
776
862
570
511
625
126
526
840
931
862
839
116
32
703
101
302
398
149
281
227
614
410
33
186
234
391
108
529
338
506
187
111
365
754
620
340
230
495
529
158
23
717
272
736
417
722
35
812
221
314
389
832
73
419
16
305
807
473
831
143
977
367
603
691
98
220
28
698
64
906
205
768
620
826
501
34
546
885
196
764
548
582
593
619
350
958
921
154
429
101
646
755
466
599
443
934
816
821
981
230
724
183
995
342
7
845
725
550
727
918
663
273
497
253
241
844
209
511
348
987
609
343
91
424
939
883
707
105
53
685
332
775
218
676
466
574
518
540
121
242
456
133
864
302
383
102
496
941
962
193
277
569
533
365
342
822
598
47
276
648
81
605
772
43
278
587
867
145
125
337
736
578
467
598
229
200
49
722
490
361
912
765
927
795
479
266
966
426
662
239
72
741
193
841
386
468
426
603
962
548
937
695
475
754
642
701
951
98
773
790
399
682
904
323
826
381
938
789
804
950
377
225
688
567
64
423
384
839
23
343
736
958
36
208
61
675
258
361
65
28
148
461
60
50
133
235
780
421
374
933
368
748
156
405
313
569
825
694
757
846
387
490
153
420
47
211
444
654
569
507
32
714
317
441
113
448
673
890
866
396
821
583
142
326
985
804
244
807
495
998
1002
231
837
152
648
233
360
442
236
278
298
265
990
612
55
452
74
726
340
272
119
510
852
610
185
834
411
426
991
256
773
990
484
959
140
482
541
849
921
774
125
216
37
464
177
89
913
232
164
250
853
633
109
55
592
291
886
1001
66
226
254
188
214
87
496
703
566
34
549
484
806
23
49
192
484
224
630
395
805
144
994
655
126
453
59
715
93
943
713
509
518
13
694
729
401
188
781
964
571
328
798
374
348
844
915
69
65
543
926
219
684
917
224
807
719
280
871
810
572
582
316
88
895
359
166
645
896
945
607
465
622
402
188
319
595
101
498
658
641
421
226
674
688
447
830
404
725
698
563
294
629
876
379
874
585
543
516
478
837
472
940
456
223
478
772
816
576
620
823
566
38
46
589
75
491
83
829
213
463
389
504
442
615
233
313
197
125
178
24
959
1000
314
412
220
789
533
385
362
150
205
925
538
249
511
610
89
276
436
299
88
175
152
527
787
734
189
333
856
717
354
812
714
665
573
283
451
104
666
162
251
868
84
786
466
944
746
552
569
531
200
655
55
702
531
839
785
718
521
639
432
873
800
495
887
371
775
688
824
438
34
72
304
281
208
119
574
303
21
141
831
218
145
884
269
673
72
52
388
943
40
169
165
837
661
49
557
434
86
378
869
283
800
522
561
64
991
484
657
9
622
837
576
116
70
843
787
492
244
524
432
281
691
594
467
701
992
22
132
76
749
351
356
898
222
266
252
210
747
258
568
719
445
142
184
512
334
968
1001
575
490
430
205
530
373
669
228
363
40
710
788
139
410
141
34
629
756
636
189
852
58
754
920
333
893
102
195
224
67
193
148
906
973
350
785
695
369
11
55
406
70
840
894
477
330
926
455
83
559
641
933
799
745
850
482
987
301
674
561
366
216
706
621
538
406
404
231
772
412
635
527
831
473
419
305
152
342
109
233
47
100
515
398
842
714
877
826
13
900
384
376
466
440
346
1001
843
747
229
612
508
862
136
336
684
904
990
833
595
97
415
194
194
927
590
385
639
816
208
1001
714
942
726
529
379
69
527
571
81
106
532
671
317
17
5
350
919
344
180
511
438
945
703
981
869
290
363
857
455
921
855
518
212
930
44
940
997
921
508
160
24
37
828
690
51
182
37
967
524
566
828
959
508
528
290
727
167
650
933
619
920
138
135
129
65
528
66
59
446
571
568
819
957
394
506
6
573
540
322
94
456
147
403
961
672
690
37
836
689
968
12
959
455
289
85
517
814
149
926
610
69
491
426
71
234
930
379
805
819
698
896
272
843
648
583
864
687
617
50
374
934
852
682
738
490
764
605
301
262
528
908
681
368
332
54
600
611
430
402
427
125
647
697
317
645
629
179
329
595
226
52
879
427
731
614
914
493
216
564
104
93
822
782
459
151
833
408
111
260
159
535
735
803
581
401
72
559
577
124
152
152
173
28
928
902
991
839
744
557
401
845
647
220
977
103
720
807
860
180
417
16
712
501
817
643
899
611
199
826
84
700
327
255
77
253
506
66
89
247
620
839
441
616
408
767
69
477
924
926
654
690
940
716
188
106
356
436
66
904
259
148
602
936
400
28
186
903
91
51
499
60
813
289
674
218
54
740
45
975
663
696
662
952
761
199
55
466
632
119
368
241
264
319
174
13
344
357
913
785
978
761
194
788
47
217
356
98
306
750
422
967
443
81
268
554
277
321
17
259
789
89
497
50
50
668
412
744
22
674
878
349
432
421
487
828
636
192
276
939
939
695
255
731
126
521
282
752
191
297
8
977
28
854
376
76
519
785
169
890
456
44
237
237
462
73
62
95
262
335
384
550
28
636
278
503
506
558
252
694
852
610
20
877
461
393
302
978
527
468
865
332
509
451
566
321
873
626
765
484
310
146
31
335
132
307
835
635
862
437
679
98
44
696
937
502
439
237
477
315
702
692
997
561
492
560
231
715
535
993
196
843
489
225
527
618
881
712
602
740
146
630
800
187
676
86
38
112
320
865
776
372
554
770
930
395
680
158
459
212
500
653
404
986
227
929
953
105
638
905
194
781
532
991
317
205
74
352
666
744
214
440
113
117
559
392
862
236
547
318
798
44
968
199
380
544
125
682
646
112
584
837
890
114
177
556
668
601
906
684
59
469
121
804
584
29
193
795
263
89
110
410
482
428
606
859
969
81
539
965
190
472
151
430
935
326
983
601
276
238
282
967
57
752
768
990
130
958
782
742
44
889
149
875
666
753
732
985
183
620
947
370
89
95
149
374
770
482
972
43
14
603
7
123
704
124
110
831
79
889
571
472
128
717
345
40
819
426
125
999
395
69
719
833
514
865
204
633
344
173
26
411
125
382
531
826
504
639
7
932
877
575
402
1002
641
96
143
810
871
617
806
263
36
874
93
547
34
295
529
430
817
552
838
940
932
367
115
433
355
119
714
229
43
113
581
682
558
73
489
778
687
644
38
720
516
129
616
602
773
143
29
14
44
865
876
973
581
341
755
285
809
467
863
850
929
793
58
837
215
367
612
252
360
648
969
225
126
935
824
896
427
851
832
468
65
58
791
995
396
543
629
202
359
841
401
286
632
279
120
844
995
81
93
353
78
412
575
201
696
749
446
120
597
628
937
11
683
725
355
428
618
333
979
974
171
65
609
152
654
78
346
647
157
788
349
232
197
921
783
242
19
578
711
613
203
646
973
235
720
677
12
335
7
989
659
176
716
617
325
367
693
668
363
199
454
709
780
1000
980
560
592
996
136
300
959
688
295
281
921
13
956
930
697
312
268
705
485
981
320
160
346
57
177
58
558
980
117
335
330
446
893
919
791
378
216
99
63
861
378
981
871
683
261
917
992
526
620
827
505
289
336
200
648
510
607
203
840
721
535
167
516
777
435
305
152
1000
401
213
858
128
543
78
160
153
993
150
677
962
326
38
248
659
80
893
518
684
93
355
755
977
871
268
752
303
922
253
301
673
463
156
798
356
232
956
506
574
455
532
533
130
412
130
786
841
20
653
523
462
35
627
436
226
892
537
527
164
788
177
834
600
682
629
305
263
934
161
834
738
42
716
865
452
843
1000
290
860
651
162
671
6
786
105
581
28
58
457
189
776
631
20
726
663
998
28
923
282
186
755
369
226
468
584
27
661
581
666
870
581
178
539
936
313
993
515
338
981
969
876
107
950
245
830
610
593
207
882
872
391
986
590
966
804
171
990
462
102
5
329
680
180
865
614
491
12
478
178
186
796
52
290
95
646
469
702
236
673
81
457
413
917
45
376
718
565
715
177
664
718
504
342
247
718
305
735
923
132
911
106
925
312
745
18
955
211
69
541
233
1000
995
644
915
389
369
982
952
434
157
965
501
10
656
745
77
958
830
997
439
738
452
362
399
194
729
351
754
795
889
985
145
234
978
409
620
696
388
921
479
894
884
977
253
537
72
328
845
899
322
281
63
772
992
382
315
718
730
67
863
969
401
357
200
376
763
817
421
148
88
898
392
969
872
642
855
293
967
697
189
639
328
172
760
669
551
72
737
631
488
597
597
886
303
794
611
63
960
30
560
45
277
949
363
146
941
216
789
257
262
975
893
939
145
1002
43
45
424
340
673
909
286
619
793
586
410
401
646
720
780
555
114
54
854
475
550
792
40
336
46
651
308
289
588
802
288
191
197
709
880
219
968
163
836
758
746
595
508
741
71
638
645
776
41
496
600
588
637
989
273
33
637
931
319
222
82
956
410
276
15
287
845
980
799
678
87
894
622
944
984
284
579
627
409
618
472
358
555
107
344
826
137
978
754
805
198
833
110
957
459
122
594
301
451
390
328
535
634
947
829
615
580
405
591
338
372
61
693
277
517
34
27
3
10
851
805
557
33
264
511
489
384
454
787
832
194
112
717
825
409
543
789
986
297
378
674
19
436
364
30
302
396
742
302
755
942
456
309
972
717
169
811
450
973
595
632
164
57
698
338
815
238
124
798
884
499
821
252
284
183
29
583
928
281
882
680
220
335
338
542
402
856
350
849
826
294
830
339
700
525
674
512
112
796
660
994
292
478
243
574
15
135
154
583
765
386
612
335
70
947
874
469
153
573
668
976
41
495
313
562
370
336
71
479
129
728
470
419
204
63
342
211
547
493
792
309
228
401
641
296
698
864
114
848
434
779
173
296
624
835
207
991
169
275
467
647
353
287
70
906
699
402
114
243
245
903
549
470
654
540
115
701
753
227
898
185
3
420
830
976
605
386
964
771
658
781
415
360
65
828
263
761
579
375
1001
173
627
899
993
630
788
105
328
539
329
575
73
682
993
252
655
595
635
969
715
642
747
479
1000
161
304
260
271
233
984
621
403
961
517
22
588
655
848
266
543
526
838
965
557
828
214
562
772
846
528
484
485
624
961
834
134
614
91
402
844
425
20
597
383
886
339
321
890
184
584
430
60
419
392
614
245
603
173
14
798
50
848
281
23
806
112
154
417
553
553
611
328
922
205
60
806
541
378
693
75
959
473
132
728
862
95
970
815
266
333
610
665
178
240
38
333
350
189
100
252
92
708
929
11
910
987
166
448
714
209
520
23
679
1001
748
890
94
67
702
709
397
662
723
925
899
758
607
598
945
11
200
386
409
126
746
316
462
262
114
174
468
10
194
496
982
291
383
425
355
83
131
101
29
851
23
638
607
980
586
901
681
783
636
440
906
379
105
366
638
216
889
455
197
432
948
528
720
329
950
72
761
430
27
852
278
543
839
234
520
422
484
550
202
117
987
106
846
90
821
833
655
59
286
201
840
583
78
557
909
25
75
19
452
497
868
80
389
705
663
258
124
145
806
676
611
142
779
806
581
949
637
586
357
272
784
194
852
860
100
111
234
75
127
36
921
993
465
308
47
125
563
168
619
718
193
580
210
969
383
788
267
17
371
621
286
505
164
136
714
261
244
945
685
720
978
604
710
440
261
106
915
173
624
531
889
814
25
96
133
841
233
397
855
954
368
491
808
529
976
519
140
569
813
822
286
141
775
346
930
33
449
842
21
70
723
442
882
180
887
12
18
117
758
223
420
123
711
225
1002
684
741
491
250
552
17
885
42
435
228
969
465
675
809
18
742
881
457
621
58
341
982
426
93
738
646
225
210
706
448
561
739
538
49
338
439
709
220
478
493
446
445
955
118
603
971
209
481
777
180
888
116
159
663
921
894
306
143
454
361
588
364
97
124
763
432
560
821
650
36
311
445
830
263
560
430
583
766
908
710
943
145
823
452
806
741
695
461
881
146
172
819
508
266
292
268
48
849
438
47
234
746
489
61
358
398
840
291
161
97
998
454
240
818
903
395
908
92
853
138
91
22
954
948
638
243
565
35
442
1000
79
25
743
917
436
98
312
273
386
822
368
733
625
605
548
877
997
453
470
199
589
910
571
892
207
558
485
769
590
276
118
18
298
210
932
731
305
593
354
41
412
719
123
35
673
669
909
19
471
728
215
409
987
135
299
191
690
133
309
629
406
424
644
53
631
925
134
286
515
485
676
277
553
796
661
223
814
919
239
283
24
803
689
333
936
337
522
975
819
180
602
574
954
595
625
934
870
108
569
734
942
242
8
492
388
65
64
551
287
300
831
281
100
870
611
33
556
482
358
373
12
309
944
963
901
918
246
768
375
813
852
666
404
209
155
789
225
216
690
861
865
870
139
963
737
99
345
643
931
700
365
940
6
658
252
257
926
495
374
298
305
223
962
707
430
466
845
4
32
884
862
91
752
350
206
486
798
549
478
726
598
840
15
954
496
264
560
419
109
931
66
763
504
377
819
931
841
14
284
222
895
495
113
644
842
669
480
637
215
955
713
162
145
725
465
638
339
22
406
445
303
821
557
804
196
374
84
386
385
365
957
277
857
419
919
48
85
396
34
649
700
744
161
842
467
623
829
155
643
584
949
943
403
503
96
948
874
177
683
256
891
637
883
14
405
799
142
488
544
173
134
593
915
292
433
731
265
611
82
257
193
181
197
945
681
642
242
905
816
922
510
704
908
390
798
310
538
289
147
431
459
631
22
723
920
804
803
534
412
35
788
954
565
334
896
244
973
135
146
786
406
653
839
663
393
986
323
928
272
467
357
81
95
376
153
365
177
954
248
938
338
34
890
901
365
135
142
336
620
637
471
23
639
308
36
29
643
708
955
913
524
98
991
969
386
141
331
560
444
928
847
780
959
734
30
674
867
521
7
484
155
827
856
143
484
241
170
125
946
474
35
468
132
375
434
515
865
114
424
307
39
268
436
348
352
463
19
216
333
375
49
485
199
254
977
681
493
496
155
436
967
539
253
448
911
684
312
773
147
85
429
536
351
214
881
52
26
897
617
356
269
663
190
817
266
165
495
756
658
999
542
975
535
792
420
795
826
730
918
322
49
344
855
512
908
733
561
931
627
527
285
245
187
472
60
451
634
904
556
642
901
95
614
785
237
31
578
412
110
493
83
272
834
936
133
739
666
44
20
643
568
302
237
105
771
294
553
755
548
458
81
798
903
5
580
489
385
155
898
845
645
330
466
829
263
596
917
279
637
934
271
555
233
505
657
354
149
559
106
694
14
849
489
914
203
418
752
937
571
647
779
213
327
242
391
587
188
306
863
174
237
483
726
820
986
380
523
484
288
978
175
300
824
13
563
376
428
313
310
348
309
87
559
633
678
947
570
215
602
782
387
189
50
110
358
598
840
878
79
125
853
251
774
26
613
335
399
390
997
706
736
655
142
644
638
170
940
205
382
540
984
766
78
596
874
433
191
63
308
267
185
158
867
957
181
477
641
929
217
635
632
950
287
71
943
274
291
880
476
670
769
810
786
844
403
9
626
592
69
931
856
251
438
721
205
968
547
843
894
761
827
524
60
464
997
352
735
285
230
209
304
348
368
87
542
768
445
165
357
511
446
563
112
881
633
666
847
177
859
738
288
683
611
697
496
605
47
229
239
626
787
893
323
152
329
69
269
772
377
624
632
820
536
741
698
166
405
542
692
261
630
977
293
590
24
787
545
68
13
781
43
149
23
363
298
350
223
916
471
597
537
100
414
422
839
461
585
593
353
627
851
980
601
141
567
974
925
461
39
287
240
79
433
612
440
80
959
12
994
427
958
880
877
721
652
20
179
234
303
529
858
503
858
809
993
775
132
916
233
169
552
470
597
335
432
386
61
388
747
107
165
702
985
39
420
634
101
949
217
753
475
425
605
331
583
595
103
712
508
333
230
410
153
177
742
582
560
855
319
305
960
833
356
294
221
126
277
671
72
491
421
544
265
23
224
197
616
676
259
473
7
486
232
509
12
323
440
570
53
108
224
133
939
577
424
157
700
698
826
121
538
596
663
153
969
236
699
582
910
955
404
266
791
634
772
800
954
561
719
479
666
940
609
954
867
382
109
916
429
284
35
317
229
47
467
195
280
163
126
187
468
880
29
256
511
923
405
814
481
122
291
497
59
249
448
275
981
906
189
407
539
573
721
766
969
537
310
246
50
434
783
515
60
934
120
171
855
522
334
685
641
974
179
50
221
977
674
551
880
212
955
769
782
26
884
748
560
191
344
959
974
476
823
634
407
940
154
259
812
486
942
802
809
470
201
379
444
873
927
674
82
232
440
862
255
321
959
164
861
652
121
833
125
70
816
530
583
968
138
392
803
77
543
609
897
742
338
338
612
262
9
691
491
798
902
95
116
859
257
327
860
727
157
983
17
322
862
597
287
997
338
439
424
879
398
318
618
733
653
227
344
12
267
833
807
167
277
273
375
531
597
232
607
103
212
622
422
423
568
59
418
904
847
191
97
242
506
747
324
508
971
666
517
235
848
674
751
122
944
123
3
890
353
607
342
914
578
761
335
144
169
102
45
14
290
174
605
145
918
279
650
238
294
517
822
491
188
571
610
481
691
962
720
393
919
59
305
494
169
989
635
688
440
29
699
79
552
653
221
467
281
220
54
572
734
874
60
271
442
20
101
130
979
818
521
247
226
175
739
393
161
723
78
950
750
126
26
651
128
244
116
407
48
167
976
545
390
386
165
829
403
264
957
731
431
827
976
655
999
64
397
509
784
472
456
883
947
479
532
72
72
997
828
882
513
154
776
901
537
939
79
289
200
385
369
628
209
694
632
557
755
43
63
889
847
868
121
791
696
1002
861
765
996
686
997
859
189
770
109
723
706
185
9
255
568
728
233
126
419
862
681
172
238
93
410
82
959
528
871
652
528
81
767
873
116
70
729
303
880
187
375
936
370
734
540
287
459
770
410
875
982
440
396
217
531
803
648
487
329
868
488
854
946
604
724
60
714
803
712
944
987
84
229
706
815
766
342
271
534
102
144
865
539
889
431
67
690
76
903
16
942
741
219
237
342
940
646
54
92
355
347
429
437
573
484
601
23
824
870
219
275
363
81
811
601
509
228
288
935
480
301
874
218
869
108
558
159
752
961
248
