84383.7
84
1
2
3
4
5
6
7
8
9
10
11
12
13
15
16
17
18
19
20
21
22
23
25
26
27
28
29
30
31
32
33
34
35
37
38
39
40
41
42
43
44
47
48
49
50
51
53
54
55
56
57
58
59
60
61
62
63
64
66
67
68
69
70
71
72
73
74
75
76
77
78
79
80
81
82
83
84
85
87
89
90
91
93
95

51192.3
51
1
2
4
5
6
7
8
9
10
11
12
13
14
15
16
17
18
21
22
24
25
26
27
28
29
30
31
32
33
35
36
37
38
39
40
41
42
43
45
46
47
48
50
51
52
53
54
57
59
61
62

62975.5
52
1
2
3
4
5
6
7
8
9
10
11
12
13
14
15
16
17
19
20
21
22
23
25
26
27
29
30
32
33
34
35
36
37
38
39
40
41
42
43
44
45
46
47
49
50
51
52
53
54
55
56
57

87949.0
76
1
2
4
5
6
7
10
12
13
14
15
16
17
18
19
20
21
22
23
24
26
27
28
29
30
32
33
34
35
36
37
39
40
41
42
43
44
45
46
47
48
49
50
51
52
53
55
56
57
58
59
60
62
63
64
65
67
68
70
72
73
74
75
76
77
78
79
80
81
82
83
84
85
86
87
88

88111.1
75
1
3
4
5
6
7
8
9
10
12
13
14
15
16
17
18
19
20
21
23
24
25
26
27
29
30
31
32
33
34
35
36
37
38
39
40
41
42
43
45
46
47
48
49
50
51
52
53
54
55
56
57
58
59
60
61
62
64
65
67
68
69
70
71
72
73
74
75
76
77
78
79
80
81
82

91478.0
82
1
2
3
5
6
7
8
9
10
12
13
15
16
17
18
19
20
21
22
23
24
25
26
27
28
29
30
32
33
34
35
36
37
38
39
41
42
44
45
46
48
49
50
52
54
55
56
57
58
59
60
61
62
63
64
65
66
67
68
69
70
71
72
73
74
75
76
77
78
79
80
81
82
83
84
85
86
87
88
89
90
91

50851.5
46
1
2
3
4
5
8
9
10
11
12
13
14
15
16
18
20
21
22
23
24
25
26
27
28
29
30
31
32
33
36
37
38
40
41
42
43
44
45
46
47
48
49
50
51
52
53

66067.6
63
1
2
3
4
5
6
7
8
9
10
11
12
13
14
15
16
17
18
19
20
23
24
25
27
28
29
30
31
32
33
34
36
37
39
40
41
42
43
44
47
48
49
50
51
52
53
57
58
59
60
61
62
63
65
66
67
68
70
71
72
73
75
76

26129.5
22
1
2
3
4
5
6
7
8
9
10
11
12
13
15
16
18
19
20
21
23
24
25

18338.4
17
1
2
3
4
5
6
7
8
9
10
11
12
13
15
16
17
18

63612.9
64
1
2
4
5
6
7
8
10
11
13
14
17
18
19
20
21
22
23
25
26
27
29
30
32
33
34
35
37
38
39
40
41
42
44
45
47
48
49
50
51
52
53
54
55
56
57
58
59
60
61
62
63
65
66
67
68
69
70
71
73
74
75
76
77

82545.2
68
1
2
3
5
6
7
8
9
10
11
14
15
16
17
18
21
22
23
25
26
27
28
29
30
31
32
33
34
35
36
37
38
39
40
41
42
43
44
46
47
49
50
51
52
53
54
55
56
57
58
59
60
61
62
63
64
65
67
69
70
71
72
73
74
75
77
78
79

81451.6
80
1
2
3
5
7
8
10
11
12
13
14
15
16
17
18
19
20
21
22
23
24
25
26
27
29
30
31
32
33
34
35
36
37
38
39
40
41
42
44
45
47
48
50
51
52
53
54
55
56
57
58
60
61
62
63
64
65
66
67
69
70
71
72
73
74
75
76
77
78
79
80
81
82
83
84
85
86
87
88
89

39984.3
38
1
3
4
5
7
8
9
10
11
12
13
14
15
16
17
18
19
20
22
23
24
25
26
27
28
29
31
32
33
34
35
36
37
38
39
40
41
42

84489.9
78
1
2
3
4
5
7
8
9
10
11
12
13
16
17
18
19
20
21
22
23
24
25
26
27
28
29
31
32
33
34
35
36
37
38
39
40
41
42
43
44
45
46
47
48
49
50
51
52
53
54
55
56
57
58
59
62
63
64
65
66
67
68
69
70
71
72
73
74
75
76
77
78
79
80
81
82
83
84

60615.9
57
1
2
3
4
5
6
7
8
9
11
12
14
15
16
17
18
19
21
22
23
25
26
27
28
29
31
32
33
34
35
36
37
38
39
40
41
42
43
44
46
47
48
49
51
52
55
56
57
58
59
60
62
64
65
66
67
68

37380.2
33
1
2
3
4
5
6
7
8
11
13
14
15
16
17
18
19
20
21
22
23
24
25
26
27
28
30
31
32
34
36
37
38
39

48126.8
43
1
2
3
4
5
6
7
9
10
12
13
14
15
16
17
18
19
21
22
23
24
25
26
27
28
29
31
32
33
34
35
37
38
39
40
41
42
44
45
47
49
50
51

27860.1
26
1
2
3
4
5
6
7
8
9
10
11
12
13
14
15
16
17
18
19
20
21
22
23
25
26
27

10163.1
11
1
2
3
4
5
6
7
8
11
12
13

11259.9
12
2
3
4
5
6
7
8
9
10
11
12
13

60258.2
49
1
2
3
5
6
8
9
10
11
12
13
15
16
17
18
19
20
22
23
26
27
28
29
30
32
33
34
35
36
37
38
39
40
41
42
44
46
47
48
50
51
52
53
54
55
56
57
58
59

71834.2
67
1
2
3
4
5
6
7
8
9
10
11
12
14
15
16
17
18
19
20
21
22
23
24
25
26
27
30
33
34
35
36
37
38
39
40
41
42
43
44
47
48
49
50
51
53
54
55
56
57
58
60
61
63
64
65
66
68
69
70
71
72
73
74
75
76
78
79

33975.5
28
2
3
4
5
6
7
8
9
11
12
14
15
16
17
18
19
20
21
22
23
24
25
26
28
29
30
31
32

51449.2
49
1
2
3
4
6
7
8
9
10
11
12
14
15
16
18
19
20
21
22
23
25
26
27
28
29
32
34
35
36
37
38
39
40
42
43
44
46
47
48
49
50
51
52
53
54
55
56
57
58

20742.9
19
1
2
3
4
5
7
8
9
10
11
13
15
16
17
18
20
21
22
23

92950.5
83
1
3
5
7
8
9
10
12
13
15
16
17
18
19
20
21
22
23
24
26
27
28
29
30
31
32
33
34
35
36
38
39
41
42
43
44
45
46
47
48
49
50
51
52
53
54
55
56
57
59
60
61
62
65
66
67
68
69
70
71
72
73
74
75
76
78
79
80
82
83
84
85
86
87
88
89
90
91
92
94
95
97
98

44581.3
40
1
2
3
4
5
6
7
8
9
10
11
12
14
15
16
17
18
19
20
21
22
23
24
25
26
28
30
31
32
33
34
35
36
37
38
39
40
41
42
43

87779.3
90
1
2
3
4
5
6
7
8
9
10
11
12
13
14
15
16
18
19
20
22
23
24
26
28
29
30
31
32
33
34
35
36
37
38
39
40
41
42
43
44
45
46
47
48
49
50
51
52
53
54
55
56
58
59
60
61
62
64
65
66
67
68
69
70
71
72
73
74
75
76
77
78
79
80
81
82
83
84
85
87
88
89
90
91
92
93
94
95
96
98

61721.9
62
1
2
3
4
5
6
7
8
9
10
11
12
13
14
15
16
17
19
20
21
22
23
24
25
27
28
29
30
31
32
33
34
35
38
39
40
41
43
44
45
46
47
48
49
50
52
53
54
57
58
59
60
61
62
64
65
67
69
71
72
73
74

15192.0
13
1
2
3
4
5
6
7
8
9
10
11
12
13

70687.1
63
2
3
4
5
6
7
8
9
10
11
12
13
14
15
17
18
19
20
21
22
23
24
25
26
27
28
29
31
32
33
34
35
36
37
38
39
40
41
42
43
44
45
46
47
48
49
50
51
52
53
54
55
56
57
58
59
60
61
62
63
64
67
69

77831.5
78
1
2
3
4
5
6
7
8
9
10
11
12
14
15
16
17
18
19
20
21
22
23
24
25
26
27
28
29
31
32
33
34
35
36
37
38
39
40
41
42
43
44
45
46
47
48
49
50
52
53
54
55
57
58
59
60
61
62
63
64
65
67
68
69
70
71
72
73
74
75
76
77
78
79
80
81
82
83

22582.0
28
1
2
3
4
5
6
7
9
10
11
12
13
14
15
18
19
21
22
23
24
26
27
29
30
31
32
33
34

55964.2
56
1
2
3
5
6
7
10
11
12
13
14
15
16
17
18
19
20
21
25
26
27
28
29
30
31
32
33
34
35
36
37
38
39
40
41
42
43
44
45
46
47
48
49
50
51
52
54
55
56
57
58
60
61
62
63
64

53965.5
54
1
2
3
4
5
6
7
8
9
10
11
12
13
14
15
16
19
21
22
23
24
25
26
28
29
30
31
32
33
34
35
36
37
38
39
40
41
42
43
44
45
46
47
48
49
50
51
52
53
54
55
56
57
58

50167.4
43
1
2
3
4
5
6
7
9
10
11
12
13
14
15
16
17
18
19
20
21
22
23
24
25
26
27
28
30
31
32
33
34
35
36
37
39
40
41
42
43
44
46
47

76183.5
67
1
2
3
4
7
8
9
10
11
12
13
14
15
16
17
18
19
20
21
22
23
24
25
27
28
29
30
31
34
35
39
40
41
42
43
44
45
46
47
49
50
51
52
53
54
55
56
57
60
61
62
63
64
65
66
68
69
70
72
73
74
75
76
77
79
80
81

10750.7
9
1
2
3
5
6
8
9
11
12

70251.4
64
1
2
3
4
5
6
7
8
9
10
11
12
13
14
16
17
18
19
20
21
22
23
24
25
26
27
28
29
30
32
33
34
35
36
38
39
40
41
42
43
44
45
46
48
49
50
51
52
53
54
55
58
59
60
62
63
64
65
66
67
68
69
70
71

66031.4
64
1
2
3
4
5
6
8
9
10
11
12
13
14
15
16
17
18
20
21
22
23
24
26
27
28
29
30
31
32
33
35
36
37
38
39
40
41
42
43
44
45
46
47
48
49
51
52
53
54
55
56
57
58
59
60
61
63
64
65
66
67
68
70
71

41035.0
43
1
3
4
5
6
8
10
11
12
13
14
15
16
18
19
20
21
22
23
24
25
27
28
29
30
31
32
33
34
36
37
38
39
40
41
42
43
45
46
47
48
50
51

76530.3
77
1
4
5
6
8
9
10
11
12
13
14
15
16
17
18
19
20
21
22
24
25
26
27
28
30
32
33
35
36
38
39
41
42
43
44
45
46
47
48
49
50
52
53
54
55
56
57
58
59
60
62
63
64
65
66
67
68
69
70
71
72
73
74
75
76
77
78
79
80
82
83
84
85
86
87
88
89

93839.7
89
2
3
4
5
6
7
8
9
10
11
12
13
14
15
16
17
18
20
21
22
23
24
25
26
27
28
30
31
32
33
34
35
36
37
38
39
40
41
42
43
44
45
46
47
48
49
50
51
52
54
55
57
58
60
61
62
63
64
65
66
67
68
69
70
71
72
73
74
75
76
77
78
79
81
82
83
84
86
87
89
90
91
92
93
94
95
96
97
98

55622.5
50
1
3
4
6
7
8
9
10
11
12
13
14
15
16
18
19
20
21
22
23
24
25
26
27
28
29
30
31
33
34
35
37
38
39
41
43
44
45
46
47
49
50
51
52
53
54
55
56
57
58

10121.3
8
1
4
7
9
10
11
13
14

37284.5
32
1
2
4
5
7
8
9
10
11
12
13
14
16
17
18
19
20
21
22
24
25
26
27
28
29
32
33
34
35
36
38
40

29728.8
30
1
2
3
4
5
6
7
8
9
10
11
12
14
15
16
17
18
19
20
22
23
24
25
27
28
30
31
32
33
34

18248.1
13
2
3
4
5
6
7
8
9
10
11
12
13
14

54555.6
51
1
2
3
4
5
6
7
8
9
10
11
12
13
14
15
16
17
20
21
22
23
24
25
26
27
28
29
30
31
32
33
34
37
39
40
41
42
43
44
46
47
48
50
51
52
53
54
55
56
57
58

62283.2
58
1
3
5
6
8
9
10
11
12
13
14
16
17
18
19
20
21
22
23
24
26
28
29
30
31
32
33
34
35
36
37
38
39
40
41
42
43
44
45
46
47
48
49
50
51
52
53
55
56
57
58
59
60
61
62
63
64
65

52281.5
53
1
3
4
6
7
8
9
10
11
12
13
14
15
16
17
18
19
20
21
22
23
24
25
26
27
28
29
30
31
32
33
34
35
36
37
38
39
40
41
42
43
44
45
46
47
49
50
51
52
53
55
56
57

35350.9
34
1
2
4
5
6
8
9
10
11
12
13
14
15
16
17
18
19
20
21
22
23
24
25
26
27
28
29
30
31
33
34
36
37
38

33975.3
28
1
2
3
4
5
6
7
8
10
11
12
13
14
15
16
18
19
21
22
23
24
25
26
27
28
30
32
34

60113.2
51
1
2
3
4
6
7
8
10
11
12
13
14
15
16
17
19
20
21
22
23
24
25
26
27
28
29
30
31
32
33
35
36
37
38
39
40
41
42
43
44
45
46
47
49
50
51
53
54
56
57
58

8554.0
10
1
2
3
4
6
8
9
10
11
12

84896.3
73
1
2
3
5
6
7
8
9
10
11
12
13
14
15
16
17
18
20
22
23
24
26
27
29
30
31
32
33
34
35
36
37
38
39
40
41
42
44
45
47
48
49
50
51
52
53
54
55
56
57
58
59
60
61
62
63
64
65
66
67
68
69
70
71
72
73
74
75
77
78
79
80
81

64451.3
57
1
2
3
4
5
6
8
9
10
11
12
13
14
15
16
17
18
19
20
21
22
23
24
25
26
27
28
29
30
31
32
33
34
36
37
38
39
40
41
42
43
44
46
48
50
51
52
53
54
55
56
57
58
59
60
61
63

41255.0
36
2
3
4
5
6
7
8
9
10
11
12
13
14
15
18
19
20
21
23
25
26
27
28
29
30
31
32
33
34
36
38
39
40
41
42
43

69159.3
59
1
2
3
5
6
7
8
9
10
12
13
14
15
17
18
19
21
22
23
24
25
27
28
29
30
31
32
33
34
35
36
37
38
40
41
43
44
45
47
49
50
52
53
54
55
56
57
58
59
60
61
62
63
64
65
66
68
69
70

24250.0
23
3
4
5
7
8
9
10
11
12
13
14
15
16
17
18
19
20
21
22
23
24
26
27

28873.4
27
1
2
3
4
5
6
7
8
9
10
12
13
14
15
16
19
20
21
22
23
24
25
26
27
28
29
30

30191.4
28
1
2
3
4
5
6
7
8
9
10
11
12
13
14
15
16
17
18
19
20
21
23
24
25
26
27
28
29

14505.5
14
1
2
3
4
5
6
7
9
10
11
12
13
14
15

33212.1
36
1
2
3
4
5
7
9
10
11
12
14
15
16
17
18
19
20
21
22
23
24
25
27
28
29
30
31
32
33
35
36
37
38
39
40
41

72672.1
64
1
2
3
4
5
6
7
8
9
10
11
13
14
15
16
17
19
20
21
22
23
24
25
26
27
28
29
31
32
33
34
35
36
38
39
40
41
42
44
45
46
47
49
50
51
52
53
54
55
56
57
58
59
60
61
62
63
64
65
66
67
68
69
70

26320.1
21
1
2
3
4
5
6
7
8
9
10
11
12
13
14
15
16
17
18
19
20
22

81302.4
75
1
2
3
5
6
7
8
9
10
11
12
13
15
16
17
18
19
20
22
24
25
27
28
29
30
31
32
33
34
35
38
39
40
41
43
44
46
47
49
50
51
52
53
54
55
56
58
59
60
61
62
64
65
67
68
69
70
71
72
73
75
76
77
78
81
82
83
84
85
86
87
88
89
90
91

6752.2
10
1
2
3
5
6
7
8
9
10
11

6413.7
10
1
2
3
4
5
6
7
8
9
10

31136.6
27
1
3
4
5
6
7
8
9
10
11
12
13
14
15
16
17
18
19
20
21
22
23
24
25
26
28
29

23726.6
22
1
2
3
4
5
6
7
8
9
10
11
12
14
16
17
18
20
21
22
23
25
26

65532.9
67
2
3
4
6
7
8
9
10
11
12
13
14
16
17
18
19
20
21
22
23
24
26
27
28
29
30
31
32
34
35
36
37
38
39
40
41
42
43
44
45
46
47
48
49
50
52
53
54
55
56
57
58
59
60
61
62
63
64
65
66
67
68
70
72
73
74
75

24584.6
24
1
2
3
4
5
6
7
8
9
10
11
12
13
14
15
16
17
18
19
20
21
22
24
25

17069.8
15
2
3
4
6
10
11
12
14
15
16
17
18
19
20
21

16935.1
14
1
3
4
5
6
7
8
10
11
12
13
15
16
17

85346.2
85
1
2
3
4
5
6
7
8
9
11
12
13
14
15
16
17
18
19
21
22
23
24
25
27
28
29
30
31
32
33
34
35
36
37
38
39
40
41
42
43
44
45
47
48
49
50
51
52
53
54
55
56
57
59
60
61
62
63
64
65
66
67
68
69
70
71
72
74
75
77
78
79
81
82
83
84
85
86
87
88
89
90
91
92
93

81921.3
80
1
5
6
7
8
9
11
12
15
16
17
18
19
20
21
22
23
24
25
26
27
28
29
30
31
32
33
34
35
36
37
38
39
40
41
42
43
45
46
47
48
49
50
51
53
54
57
58
59
61
62
63
64
65
66
67
68
69
70
71
72
73
74
75
77
78
79
80
81
82
83
84
85
86
87
88
89
90
91
92

26950.2
22
1
2
3
4
5
6
7
8
9
10
11
12
13
14
15
16
18
19
20
21
23
24

63215.1
56
2
3
4
5
6
8
9
11
12
13
14
16
17
18
19
20
21
22
23
24
25
26
27
28
29
30
31
32
33
34
35
36
38
39
41
42
43
44
45
46
48
49
50
51
52
53
54
55
56
57
58
59
60
61
64
65

88163.8
77
1
2
3
4
5
6
7
8
9
10
12
13
14
15
16
18
20
21
22
23
24
25
27
28
29
30
32
33
34
35
36
37
38
39
40
41
42
43
44
45
47
48
49
50
51
52
53
54
56
57
58
59
60
61
62
63
66
68
69
70
72
73
74
75
77
78
79
80
81
82
84
85
87
88
89
90
91

11943.3
13
1
2
4
5
6
7
8
9
10
11
12
13
14

77394.6
74
1
2
3
4
5
6
7
8
9
10
11
12
13
14
15
16
17
18
19
20
21
22
23
25
26
27
28
29
30
32
33
34
35
36
37
38
41
42
43
44
45
46
47
48
49
50
51
52
53
54
55
56
57
58
59
60
61
62
64
65
66
67
68
69
70
71
72
74
75
78
79
80
81
82

89029.0
87
1
2
3
4
5
6
7
8
9
10
11
12
14
15
16
18
20
21
23
24
25
26
27
28
30
31
32
33
34
35
37
38
40
41
42
43
44
46
47
48
50
51
52
53
54
55
56
57
58
59
60
61
62
63
64
65
66
67
68
69
70
71
72
73
76
77
78
79
80
81
82
83
84
85
86
87
88
89
90
91
92
93
94
95
96
97
98

44556.6
41
1
2
3
4
5
6
7
8
9
10
11
12
13
15
16
17
18
19
20
22
23
24
26
27
29
31
32
33
35
36
39
40
41
42
43
44
45
46
47
48
49

75992.7
76
1
2
4
5
6
7
8
9
10
11
12
13
14
15
16
17
18
19
20
21
22
23
24
25
26
27
29
31
32
33
34
35
36
37
38
39
40
41
42
43
44
45
46
47
48
49
50
51
52
53
54
55
56
57
58
59
60
61
62
64
65
66
67
68
69
70
72
73
74
75
76
77
78
79
80
81

46212.7
44
1
2
3
4
5
8
9
10
12
13
14
15
16
17
18
19
21
22
24
25
26
27
28
29
31
32
33
34
35
36
37
38
39
40
41
42
43
44
45
46
47
48
49
50

70860.5
63
1
2
3
4
5
6
7
8
9
10
11
13
14
16
17
18
19
20
22
23
24
25
26
27
28
30
31
32
33
34
35
36
37
38
39
41
42
43
44
45
46
47
48
50
51
52
53
55
56
57
58
59
60
61
62
64
65
66
67
68
69
70
71

65812.6
59
1
2
3
4
5
6
7
8
9
10
11
12
13
14
15
16
17
18
20
21
24
26
28
29
30
31
32
33
34
35
37
38
39
40
41
42
43
44
45
46
47
49
50
51
52
54
55
56
57
58
59
61
63
64
65
66
67
68
69

19663.0
19
1
2
3
4
5
6
7
8
9
10
12
13
14
15
16
17
18
19
20

48189.9
54
1
2
3
4
5
6
8
9
11
12
13
14
15
16
17
18
19
21
22
23
24
25
26
27
28
29
30
31
32
33
34
35
36
37
38
39
40
41
43
44
45
46
48
49
50
51
52
53
55
56
57
59
60
61

51069.9
48
1
2
3
4
5
6
7
8
9
10
12
13
14
16
17
18
19
20
21
22
23
24
25
26
27
28
29
30
31
32
33
34
35
36
37
39
40
41
43
44
46
47
48
49
50
51
52
53

26936.2
27
1
2
3
4
5
6
7
8
9
11
12
13
14
15
16
17
18
19
20
21
22
23
24
25
27
28
29

62180.8
52
1
4
5
6
7
8
9
10
11
12
13
14
15
16
18
19
20
22
23
24
25
26
27
28
29
30
31
32
33
34
35
36
37
38
39
40
41
42
43
44
45
46
47
49
50
51
52
53
54
56
57
59

63390.1
61
1
2
3
4
6
7
9
10
11
12
13
14
15
16
18
19
20
21
24
25
26
27
28
30
32
33
34
35
36
37
38
39
40
41
42
43
44
45
46
47
49
50
51
52
53
54
55
56
57
58
59
60
61
62
63
64
65
67
68
69
70

79374.9
82
1
2
3
4
5
6
7
8
9
10
11
12
14
17
18
19
20
21
22
23
24
25
26
27
28
30
31
32
34
35
36
37
38
39
40
41
42
43
44
45
46
47
48
49
50
52
53
55
56
57
58
60
62
63
64
65
66
67
69
70
71
73
74
76
77
78
79
80
81
82
83
84
85
86
87
89
90
93
94
95
96
97

50132.6
42
2
3
4
5
6
7
8
9
10
11
12
13
14
15
16
18
19
20
21
22
23
24
25
26
29
30
31
32
34
35
36
37
39
40
41
42
43
44
45
46
47
48

43921.6
35
2
3
4
6
7
8
9
10
11
12
13
14
16
18
19
20
22
23
24
25
26
27
28
29
30
31
32
33
35
36
37
38
39
41
42

70387.6
63
1
2
3
4
5
6
7
8
9
10
11
12
13
14
15
16
17
18
19
20
21
22
23
24
25
26
27
28
29
31
32
33
34
35
37
38
39
40
41
42
43
44
45
46
47
48
49
51
53
55
56
57
58
59
60
61
64
65
66
67
68
69
70

20814.6
20
1
2
3
4
5
7
8
9
10
11
12
13
14
15
16
17
19
21
22
23
