23416728348467685
59220185414242938309386610550199997412709043177342750839544556108525818986118385991475778316857679023822650329083176259109681399719331268656007726087024165819649875485199100534349966091306046673659305894834549486842961674069120651330753553856509722873036754391574485330750669286413882370420530832420188845
14896007054512801578742209818310524063908842817951547083561278821708362662374112647765417748816759883651768989312866864684047647580235189330032874969193930262062822682405329929079442617207165593
550471049956428679461985191050749757511892672635799377038145964900312171257291916279636908480710755445643751444079199531217480713647622044077897677247734805387322246638304181258319415094478933946916085778805559846125771979992178907712726335906511612698829128721267034653713382005568815233459563742811072419654189448317582581214616411854905274788419606340828767293798774155188571096782033785514992082164826050626199521197887062192846937448002857501808412189097863939392425363357930959561582869567820605734281103937911083744213123396860114651524056295742734038184165930249585859197555051558078011757545009589584504005975818450854606377934424706559784284837814599693646949860064391689552591927297979010209701495859756436022985823587757390287801253962489899110206149091881825653
78118288509751738491386255334501133734976664819216183123147306581168407284002281444058532202827432013807503495220390411434706690900398805560260776670412766452102800254989122035160791308074188940751405426004545905432381912394625138721436001586652052513287710597570710011474962633029842509500889113599283395019540674851480833162866406260604345917676881133777750854789149818351149538446399718166070163735952950933159819078637590134760553910896095335535680310929272748395329096845528639765838815169958564821
15244062379060672052785547174552229557171241325489172996850175054868893278248657952648795731561023140827197089291221339048532246308703318258705439147320509599481520826725259412608852660771156675018169742291070801884580004031000116458305097904729650734954382804146146998152252785576141378247314797052665522983055606876759491935188054651839071084400866711501621485267515811232281260835578197157831479201304749151388915289259069382502135288959231823222955431257697984608128916308946389446211193088983710728564912157266832492577951955198409782782510618283164856330145953473515438281349933635268222544332217578661720292127897010614051620059262969643451942937640014692170253801567843427614005561057802779321815984386133224625981626386031821071952487121364812286161427074445360283844312782541765751471492272230895497169860650726767888839748249
17427187520417066673081023209641459549125606105821258513
686997307222855251096347166710430403643405793093733776370400352611776864236801058873281194048856504027902387060371747399601044584019535846517314036790133607646062805368561649131187542415815903496312432579038144634831641766046218570193050008790829704439675343880866762099029592256238702313462890085850530943517571829281794606511179558476719962114816641927629403666781720977970497344108511659523411080089068765851597992883883884745891
26894761435868431797857061985835516362340036229353275003660444523177042055417084256317799378939479618558518563330897
17711
50037649861895889944281806870581945770817562873266522821303614932966358812510072427265769282187072202250806671411937176213
1666678278196738743723391557330091262561507293894509188811066689797176109289488486393990212324077209888917286570069148392396136730757017232508276289542102229026535293491499570479675551960999861672866444299440969491122132777771768370403143840275294859456266089059563031409000024009323986022734933781142949796463727055
2046711111473984623691759
1819473519419871935472656961453046048352987721356250549579399991042361684131711451433535250169181972990150888947381794087631203420079645751327108193841405822211409195326486485820039996466734291885474443253327211645005583520628175471622205883195328963762119606314252606284025481133030903835742563077032248153192645569207579385133689436575208692799866326857497316786277621071667239344496907165820598845494069554267973635921673570684063132902209191421460415913866928704895531586442691393012859880050520338713428799044611312325863826743298365242000810794416805246093400618159258341109794665115215616589241990435296948619678648064829525947350737694306706127533522267172058289390091339242690154622295607366273825377511961122385479074103949337356781008740996808
181385463165881736890212208885336625306342374187644712456957150207333853274302654579519133876533531603807344873416945698153990191233999545175151261845669004727753362151
14455678767661239941060750283349851372786616456634781515481577509301997444983826731071749118079998628070030493
4863368234164250284380782080624877696022074288749672288657670185372215437682000591806629705678387706379480990720181102120279421466206221310928411227606167945112365789645937851778130173088696210376112882885390410991674693933436362880206451669964884423725275540053815766860221595552227922786270856650819503978018048502602996309185088
559435810314912766051372028451309701312335421301495927641727301007019935811912335534179430291671377344586973319395225817729940516564406061113394971880746590813889501920554385264255830846956792582466192306037379296223232211852372919704150341974538221222082030897451152405512288029439339334475210498493026475454608289372429729555149055878049279436097051243954673429414375182747334373740875303632867572709117172961179238263346442364092587268404089748920353288379629789124142029219247964518601550216381964057860873571723038545902514943905261903863995693922736523263676078465324589973392366439216705810033614855966026727261308161425424210320055744492452157525847570842502540995935003986977492467498634136928578218517253629646595
1295984608557644586939536725936059445621345237138788104434927165845504274554981696601930978058337237676812422122229920536552575194251764848985791882461217911930365543830515145629712650278905600570564300750378406723189732030559099813939045179209129424046569001279383627778996701838773856391085515143728273664660637831359756844640527194045136781559590223399973877264047807275676961687185533674771979367055804960853122756456715391457995307600371603756160905342567427622334427020732000485193122956733622473069210916313141491150825854201895607017531320534975102251532553834886133
68330027629092351019822533679447
24019128372256428051710691405783379431314112928452422481533688090395653286626691614866345729332891467971993345227435581921262103981977545331810670861933735093895574147713073418596293052324673124109745472605329817599744155587958304886388621629636783747997447179501353504917688535808600901024535167407455922984934579988049232759849623983155062517822833064438176177814628420821772370697867275547910057540557036008259681236204562978469826722706852398142621573536962007513382856
1
2699849181218294484972778307620565496828435689568114640396102046014984193286874767088292105746957078198148659696607785489917219920018848746247226932036206378692547521408932317811053112467921261363795776084715467708477932663
43566776258854844738105
119172949404533122560750840816716376308715446573975741399124054779078647940200488978841927230938541233135371561810904621547800291997772910416709153607699873830490276348903450910099406767894707558918830359291072221224228736905014187453257684245
251728825683549488150424261
16834319630495572416552983769776015422452815058888243645181256313134671405733867238964703702616694024774875913822709175341659906286719146773019298593635857395614425908953146800384848112609178206219679987551212494808291460458258593246579643298982765610122127611948676634374714510299453553009733704952210914520271774867290854372033911432758209808
29090180355503362256910111038089984964854261893
28558175443626030962909936918190094597355602783251704472458420543209921229245383025102098024421903172338706835519427466842639127215176225863228756609196143833783588462510051077127458412226255931504521296931543862133398852236964959382345190006144583376886950978188680413137123070913529
79207867546798878976272281532371038552435396212140575695688784066125602757390478065628868384829994726450437446984301120758981443603692415034446180537599952384516617743674455998757038101893385445760160494699890495444600451894503027221308154108310387359774212183413001087604694848387974349189872278210123977393790776822910250386139657069236502503503574908074417857661359654899038017554604420806730997934614392820765779425288491101061164617601249176666678926407279535103089837137295047616093867798759597979305782446819489975994143767121542643380112464952103149576195705496073854127985169718488363694871555235433501640803314343325693708535272
2178309
293825989466396564333419951255644330166833468672422805842178911936214659279
60184622636991899227292562894339932148905192141418415640746552075043315579567013223276993060384179976316335580447395385539406392240512479329327057507531137537913158447518242289191703767255186145356912784599013914028794890403309475236569241915578883155387
77221333291477573916747849626616800263875223805124441817247441594349468628182374709380225362753946409597361843796838529492970802496439099732384073760108548271802099461401301229483989
81808773053858880695217434759200015993423205805800097465840467652906214068229411377307373962155482757501314402405778153511192538722002650646283787184841475364141363155667886119295465715164310628781446361908293141146933540659283643940445684407886714293176046500179295703719155105672661388565613211973664352906236661327766511449045878165718617090203811700792317387003979811494323702551117394256562675009717287783110960568646470870214717459527843606341177186932222942600267205003983781699997753958384489251398222453361676448592122019739663
4015577232949193853010876278925146129571770254418722910271574259476118661009771892823123639186609330364230878364876010262636698996899516880697664931035158395711253397583365870279390280941803613617921002296177621465755812161323790147907192679549196875269469647925329279170725031999597309410901337994460846777132007397972778490890586288083452159889957801560785704322173179877522527723358485983456115214974553285706454003702690765042664252804071917177188762239452656560495318825406917454026966954367196299289814026867642934266902612613306499859917129055760352693720439639987086299405261498938151513913902818153889249670355775791049244202837117079775756524046432790243592528866843781002142256201602358184873597271043598821351278676310445681557354985903149010511
39542192980976798528654251435361609956206512946778519447914329616057243831572805787889240734107782955130944157806475431353485858290634028865275207429779922011962857464433639994073920384806409888898998041002606025888157078309117650661135234867783420916907166292621172056101075877495294522636465251996580194965371060074942420335657
1217690464775237046548986347061011632910869437775107072787040357826445633072314688812641750262852049031587032143413374433263220087912740109293803350268495995008290209776278891219753792891991478702527886906637335247845617084234218743117921327482076119197009983534179697554012697860677450634674531804145319152598399192079375959707029515172357282632000660033696967199258189243471747450287571546735429963249878423889030310704968217808931985422291897294948299532468646271000371696644421119509716593029495328882539674403364171305035413876362679347339571336016867465915497821117492955265474928406815
69123706943270889026235988180887952060289713886158442026394883756923669880737069119160762454885608707966161558733472511913335677073461253511625559412274719556238019454207250050256001220749778510360815444364381178680204949242071938934202500282621205638404339044498547606120985198847888330655169579986072886609605652940841043856442226783621162562980734295
90343046356137747723758225621187571439538669
317811
39909473435004422792081248094960912600792570982820257852628876326523051818641373433549136769424132442293969306537520118273879628025443235370362250955435654171592897966790864814458223141914272590897468472180370639695334449662650312874735560926298246249404168309064214351044459077749425236777660809226095151852052781352975449482565838369809183771787439660825140502824343131911711296392457138867486593923544177893735428602238212249156564631452507658603400012003685322984838488962351492632577755354452904049241294565662519417235020049873873878602731379207893212335423484873469083054556329894167262818692599815209582517277965059068235543139459375028276851221435815957374273143824422909416395375178739268544368126894240979135322176080374780998010657710775625856041594078495411724236560242597759185543824798332467919613598667003025993715274875
19423943329837670082661223262500259061971330617623242503763837163697569
119447720249892581203851665820676436622934188700177088360
9786898376820610306155569516281236062149432419038160179939462516821170426328269017328522803682068052718774428186325539798277943753033232260257015206135505874526745840012681754623450113016562373829336795528026934317109059401730671385781189261853217028176884475135421488
10561451737572291336722505983812755270167707824151804463828270195564574664241533727365708227463386834639901703454742370840299324749222161147882496855662881107867236905335628501516597581937649657579043381258036211468542830577430594009125736569735768460490499648326135234909038395487868815886897625163645797451858899234213530767600924705596591431366885243600397111726471570618942897660333
2873442049110331124686847975839596483580184681281842823699466692000268066325404550898791458706068536914736664630537864515125212890415097163803163111745199726085365108928922860513125724085616811718834581485
1100087778366101931
56548697127448325052549621463395099983277550765678599188057196966044378261686669399956774470644758508679238042573972761173682119117535371552310599414427479204730857513590895625245528275939909804266244322620962586317527540221054132628176421949861210558686894026354687576776
15853779289614481577191691577533518174485949824765525957623037737532160833631593681512535189759649213804709691705593604227037581022758330489263385511067756715301085561591382880
