1098275127312453860
19
2 3 5 15 16 19 21 24 26 27 29 34 37 38 40 41 47 48 56
729070578990632942
14
5 8 10 16 20 28 33 38 43 45 46 47 52 57
736802395212407006
14
11 12 15 17 21 22 27 29 30 39 44 52 54 55
405143087778991709
18
1 2 4 7 8 9 14 25 26 27 30 35 40 42 44 46 49 54
259790695271038288
19
5 7 9 11 15 17 21 23 24 25 26 34 35 44 45 49 50 53 55
275068923865980874
7
5 6 8 13 17 46 50
1132006837699825381
10
1 4 24 25 29 35 45 50 52 53
73790445029387310
12
9 12 13 23 31 32 34 40 43 44 48 50
536271882364506323
12
3 4 7 8 15 19 33 36 38 39 49 52
902946795528525797
4
6 10 16 41
891319634567180658
10
3 16 31 32 39 44 45 49 50 54
702679593267277773
7
14 18 29 34 40 47 54
754629682071000155
9
0 2 6 7 25 27 28 39 52
738623478447405257
12
2 10 14 17 18 23 26 30 44 50 53 56
909600985588873571
19
2 8 15 18 19 28 29 30 31 34 37 40 46 47 49 50 52 54 57
300431346071886743
7
1 11 16 38 41 52 55
1119218143863089088
4
21 35 43 44
244078038132683069
19
1 6 8 10 11 16 18 23 26 28 29 36 38 39 41 44 45 51 54
293160728159712371
13
0 2 12 18 25 34 35 38 39 44 48 49 50
715988520116372454
20
2 5 9 16 17 21 22 23 24 25 26 27 29 30 32 34 44 48 49 53
605570368636858450
18
3 5 8 13 15 16 22 25 27 30 33 35 36 46 47 48 50 54
1079169394828120155
20
1 4 7 10 12 14 19 21 24 26 27 29 33 35 38 43 46 51 53 56
1117077435477017679
11
5 6 14 16 19 28 33 36 38 40 41
263622728345424056
14
2 14 16 17 24 29 33 34 36 38 40 41 42 46
1004554527152707594
6
17 27 33 43 47 51
397954104068903865
16
8 9 14 15 18 19 20 23 26 28 30 45 46 49 55 56
138735098233718882
8
5 13 14 20 22 41 49 51
669321064769324002
8
7 17 23 33 36 43 45 49
852197098363607101
19
3 5 8 9 11 12 16 19 23 24 25 27 28 35 40 43 50 52 53
927903971000651785
8
8 11 12 13 16 22 27 29
474519116620178868
11
5 11 12 19 20 23 29 35 50 52 55
77578657749318047
18
7 11 17 20 21 22 24 25 26 28 29 31 33 34 38 41 49 51
1064548013900960071
4
5 17 24 33
47828511158866977
12
1 2 15 16 28 32 36 40 42 48 49 53
236838080431730323
2
24 28
490579031784394826
12
0 9 11 19 25 30 32 36 41 45 51 55
53849394992936571
19
0 1 3 8 10 11 12 18 20 21 22 23 28 29 32 39 44 47 52
749765879567884172
18
4 6 9 14 19 20 23 29 31 33 34 38 39 44 45 52 53 55
491232838133733899
14
11 22 23 25 27 29 30 32 36 38 39 47 50 55
707104108506489722
17
4 7 11 12 15 21 22 26 30 31 37 40 45 47 48 51 52
860719991458466258
10
0 5 10 11 14 25 28 30 35 45
977400836262978358
12
6 16 23 25 26 32 36 42 43 48 52 56
156114893277038101
4
5 22 25 45
112956766416710699
6
3 7 37 38 46 50
585640156363306667
17
0 1 4 6 10 12 13 21 26 28 31 36 42 46 54 55 56
659306172487475562
15
2 6 9 15 18 19 29 32 33 36 41 46 47 49 55
353122243283348980
7
15 17 29 35 37 52 55
46997899148959738
13
1 5 13 16 18 21 25 26 30 32 36 45 49
288874428702505926
16
0 1 2 3 4 12 14 19 23 28 38 39 46 48 50 56
1130285479234247119
5
3 21 43 48 56
19075754658431527
19
5 6 7 8 9 16 19 21 22 24 25 27 28 32 41 44 47 50 51
1123374147536301157
9
6 21 24 27 42 44 46 51 57
198749006934790788
5
1 8 32 47 49
1142806282499930461
17
0 1 4 9 14 17 21 22 23 28 29 31 32 34 35 43 45
576519376847985305
9
1 5 13 21 27 42 51 52 57
116224981692856764
3
4 22 36
479719573479330681
6
3 11 12 17 21 25
352262919816191692
14
13 15 18 22 23 31 35 37 44 45 46 48 51 55
718900403882619994
4
14 17 25 26
664858015380184647
17
0 1 7 9 14 18 29 33 34 35 36 41 44 45 51 54 57
633743904635476418
4
16 22 31 33
259259903687525601
12
7 11 13 17 24 27 34 35 45 47 52 54
85579883691972418
4
4 12 22 43
236415019193399578
14
2 5 17 19 20 22 27 31 39 40 42 43 50 53
179682415365294303
19
1 2 6 7 11 12 15 17 20 22 24 25 27 31 37 39 43 45 54
218654164849209915
18
1 3 6 7 8 13 14 15 17 18 19 24 33 37 39 42 45 46
969832887374959349
3
37 50 52
821788577813873831
12
1 4 14 18 22 23 37 39 42 46 49 53
350651519296781374
5
2 8 25 37 39
37893416987252680
3
20 41 47
502630446842490400
4
9 11 32 44
251775481371393154
2
34 40
87968125959185647
12
5 6 11 21 24 25 26 31 37 38 39 53
382323492831089698
5
19 41 45 48 52
553621764490524366
17
0 3 7 8 9 12 14 16 23 25 26 30 34 37 43 44 45
99309489359471167
13
0 3 12 14 27 29 32 35 36 39 43 46 48
637499687597901982
11
10 18 22 23 29 32 43 44 47 49 53
904689521303318226
9
10 14 18 28 39 43 46 49 54
1030302905823241372
6
2 5 6 15 47 52
575468535471829167
11
1 3 17 19 23 26 38 39 46 51 55
915937944222504483
10
1 3 6 8 20 23 27 36 37 41
504721548741227055
19
0 1 10 11 15 17 18 20 26 30 32 34 36 37 38 42 50 52 53
1149811798743811084
4
7 9 27 57
181811834563309594
16
6 8 9 10 18 19 20 29 30 32 37 41 43 44 49 55
523777300848432302
14
3 8 14 21 24 25 26 29 31 34 44 46 47 55
823854373394749158
4
1 13 50 57
426158033780150490
3
22 35 37
693297170583641869
15
1 5 8 9 12 23 24 26 27 30 36 44 45 46 51
689512553257611272
13
3 7 9 11 14 16 29 30 37 42 46 53 55
1054856555031509804
10
0 3 11 15 17 18 36 37 52 55
773324696018811699
17
1 3 10 16 18 21 28 34 37 38 39 41 44 45 47 51 57
894981589945770355
12
3 4 13 17 25 30 36 40 44 45 50 57
627765312886262782
8
2 8 10 19 24 28 47 56
145847033772613943
8
7 11 13 15 34 35 47 48
2569371090884584
10
0 2 6 10 20 23 37 42 43 46
1076883688878370583
2
10 13
704911105396989792
9
16 20 21 31 33 43 48 49 53
65911795282769037
10
0 4 7 8 13 15 16 27 46 50
591932785766451682
4
5 14 25 45
681012000929403731
16
0 5 8 11 12 15 18 21 25 27 29 35 36 40 44 45
