0 1 1
0 2 2
0 3 3
0 4 6
0 5 7
0 6 17
0 7 18
0 8 42
0 9 60
0 10 110
0 11 111
0 12 341
0 13 342
0 14 702
0 15 1154
0 16 2240
0 17 2241
0 18 6037
0 19 6038
0 20 15580
0 21 22320
0 22 38012
0 23 38013
0 24 122544
0 25 138125
0 26 261012
0 27 389594
0 28 796173
0 29 796174
0 30 2259345
0 31 2259346
0 32 5439649
0 33 7737007
0 34 13178898
0 35 16234417
0 36 45367492
0 37 45367493
0 38 90741024
0 39 136369529
0 40 296427037
0 41 296427038
0 42 791644007
0 43 791644008
0 44 1887490072
1 2 1
1 3 1
1 4 2
1 5 2
1 6 5
1 7 5
1 8 12
1 9 17
1 10 31
1 11 31
1 12 96
1 13 96
1 14 197
1 15 324
1 16 629
1 17 629
1 18 1695
1 19 1695
1 20 4374
1 21 6266
1 22 10671
1 23 10671
1 24 34402
1 25 38776
1 26 73274
1 27 109371
1 28 223510
1 29 223510
1 30 634267
1 31 634267
1 32 1527075
1 33 2172013
1 34 3699717
1 35 4557494
1 36 12736034
1 37 12736034
1 38 25473763
1 39 38283071
1 40 83216078
1 41 83216078
1 42 222238531
1 43 222238531
1 44 529875824
2 3 1
2 4 2
2 5 2
2 6 5
2 7 5
2 8 12
2 9 17
2 10 31
2 11 31
2 12 96
2 13 96
2 14 197
2 15 324
2 16 629
2 17 629
2 18 1695
2 19 1695
2 20 4374
2 21 6266
2 22 10671
2 23 10671
2 24 34402
2 25 38776
2 26 73274
2 27 109371
2 28 223510
2 29 223510
2 30 634267
2 31 634267
2 32 1527075
2 33 2172013
2 34 3699717
2 35 4557494
2 36 12736034
2 37 12736034
2 38 25473763
2 39 38283071
2 40 83216078
2 41 83216078
2 42 222238531
2 43 222238531
2 44 529875824
3 4 1
3 5 1
3 6 3
3 7 3
3 8 7
3 9 10
3 10 18
3 11 18
3 12 56
3 13 56
3 14 115
3 15 189
3 16 367
3 17 367
3 18 989
3 19 989
3 20 2552
3 21 3656
3 22 6226
3 23 6226
3 24 20072
3 25 22624
3 26 42752
3 27 63813
3 28 130408
3 29 130408
3 30 370066
3 31 370066
3 32 890979
3 33 1267271
3 34 2158617
3 35 2659091
3 36 7430898
3 37 7430898
3 38 14862785
3 39 22336435
3 40 48552806
3 41 48552806
3 42 129666100
3 43 129666100
3 44 309158503
4 5 1
4 6 2
4 7 2
4 8 5
4 9 7
4 10 13
4 11 13
4 12 40
4 13 40
4 14 82
4 15 135
4 16 262
4 17 262
4 18 706
4 19 706
4 20 1822
4 21 2610
4 22 4445
4 23 4445
4 24 14330
4 25 16152
4 26 30522
4 27 45558
4 28 93102
4 29 93102
4 30 264201
4 31 264201
4 32 636096
4 33 904742
4 34 1541100
4 35 1898403
4 36 5305136
4 37 5305136
4 38 10610978
4 39 15946636
4 40 34663272
4 41 34663272
4 42 92572431
4 43 92572431
4 44 220717321
5 6 1
5 7 1
5 8 2
5 9 3
5 10 6
5 11 6
5 12 18
5 13 18
5 14 37
5 15 61
5 16 118
5 17 118
5 18 318
5 19 318
5 20 821
5 21 1176
5 22 2003
5 23 2003
5 24 6457
5 25 7278
5 26 13753
5 27 20528
5 28 41951
5 29 41951
5 30 119047
5 31 119047
5 32 286620
5 33 407670
5 34 694408
5 35 855406
5 36 2390454
5 37 2390454
5 38 4781226
5 39 7185433
5 40 15619007
5 41 15619007
5 42 41712434
5 43 41712434
5 44 99453548
6 7 1
6 8 2
6 9 3
6 10 5
6 11 5
6 12 16
6 13 16
6 14 33
6 15 54
6 16 105
6 17 105
6 18 283
6 19 283
6 20 730
6 21 1046
6 22 1781
6 23 1781
6 24 5742
6 25 6472
6 26 12230
6 27 18255
6 28 37306
6 29 37306
6 30 105865
6 31 105865
6 32 254883
6 33 362529
6 34 617517
6 35 760688
6 36 2125762
6 37 2125762
6 38 4251807
6 39 6389799
6 40 13889534
6 41 13889534
6 42 37093669
6 43 37093669
6 44 88441182
7 8 1
7 9 1
7 10 2
7 11 2
7 12 6
7 13 6
7 14 13
7 15 21
7 16 41
7 17 41
7 18 110
7 19 110
7 20 284
7 21 407
7 22 693
7 23 693
7 24 2234
7 25 2518
7 26 4758
7 27 7102
7 28 14514
7 29 14514
7 30 41187
7 31 41187
7 32 99163
7 33 141043
7 34 240247
7 35 295948
7 36 827034
7 37 827034
7 38 1654178
7 39 2485970
7 40 5403764
7 41 5403764
7 42 14431401
7 43 14431401
7 44 34408302
8 9 1
8 10 2
8 11 2
8 12 6
8 13 6
8 14 12
8 15 20
8 16 39
8 17 39
8 18 105
8 19 105
8 20 271
8 21 388
8 22 661
8 23 661
8 24 2131
8 25 2402
8 26 4539
8 27 6775
8 28 13845
8 29 13845
8 30 39289
8 31 39289
8 32 94593
8 33 134543
8 34 229175
8 35 282309
8 36 788920
8 37 788920
8 38 1577945
8 39 2371404
8 40 5154731
8 41 5154731
8 42 13766328
8 43 13766328
8 44 32822591
9 10 1
9 11 1
9 12 3
9 13 3
9 14 6
9 15 10
9 16 19
9 17 19
9 18 52
9 19 52
9 20 134
9 21 192
9 22 327
9 23 327
9 24 1054
9 25 1188
9 26 2245
9 27 3351
9 28 6848
9 29 6848
9 30 19433
9 31 19433
9 32 46787
9 33 66547
9 34 113353
9 35 139634
9 36 390211
9 37 390211
9 38 780474
9 39 1172930
9 40 2549603
9 41 2549603
9 42 6809021
9 43 6809021
9 44 16234519
10 11 1
10 12 2
10 13 2
10 14 4
10 15 7
10 16 13
10 17 13
10 18 35
10 19 35
10 20 91
10 21 130
10 22 222
10 23 222
10 24 715
10 25 806
10 26 1523
10 27 2273
10 28 4645
10 29 4645
10 30 13182
10 31 13182
10 32 31737
10 33 45141
10 34 76891
10 35 94718
10 36 264692
10 37 264692
10 38 529419
10 39 795634
10 40 1729473
10 41 1729473
10 42 4618765
10 43 4618765
10 44 11012366
11 12 1
11 13 1
11 14 2
11 15 3
11 16 6
11 17 6
11 18 16
11 19 16
11 20 41
11 21 59
11 22 101
11 23 101
11 24 325
11 25 366
11 26 692
11 27 1033
11 28 2111
11 29 2111
11 30 5990
11 31 5990
11 32 14422
11 33 20513
11 34 34941
11 35 43042
11 36 120282
11 37 120282
11 38 240580
11 39 361554
11 40 785911
11 41 785911
11 42 2098870
11 43 2098870
11 44 5004265
12 13 1
12 14 2
12 15 3
12 16 6
12 17 6
12 18 16
12 19 16
12 20 41
12 21 59
12 22 100
12 23 100
12 24 323
12 25 364
12 26 688
12 27 1027
12 28 2099
12 29 2099
12 30 5956
12 31 5956
12 32 14340
12 33 20396
12 34 34742
12 35 42797
12 36 119597
12 37 119597
12 38 239210
12 39 359495
12 40 781436
12 41 781436
12 42 2086919
12 43 2086919
12 44 4975770
13 14 1
13 15 1
13 16 2
13 17 2
13 18 5
13 19 5
13 20 13
13 21 19
13 22 32
13 23 32
13 24 103
13 25 116
13 26 220
13 27 328
13 28 671
13 29 671
13 30 1903
13 31 1903
13 32 4582
13 33 6517
13 34 11101
13 35 13675
13 36 38214
13 37 38214
13 38 76433
13 39 114867
13 40 249687
13 41 249687
13 42 666820
13 43 666820
13 44 1589876
14 15 1
14 16 2
14 17 2
14 18 5
14 19 5
14 20 13
14 21 19
14 22 32
14 23 32
14 24 103
14 25 116
14 26 219
14 27 327
14 28 669
14 29 669
14 30 1898
14 31 1898
14 32 4570
14 33 6500
14 34 11072
14 35 13639
14 36 38114
14 37 38114
14 38 76233
14 39 114566
14 40 249033
14 41 249033
14 42 665073
14 43 665073
14 44 1585711
15 16 1
15 17 1
15 18 3
15 19 3
15 20 8
15 21 11
15 22 19
15 23 19
15 24 61
15 25 69
15 26 130
15 27 194
15 28 396
15 29 396
15 30 1125
15 31 1125
15 32 2708
15 33 3852
15 34 6561
15 35 8082
15 36 22586
15 37 22586
15 38 45175
15 39 67891
15 40 147575
15 41 147575
15 42 394116
15 43 394116
15 44 939678
16 17 1
16 18 2
16 19 2
16 20 5
16 21 7
16 22 12
16 23 12
16 24 39
16 25 44
16 26 83
16 27 124
16 28 253
16 29 253
16 30 718
16 31 718
16 32 1729
16 33 2459
16 34 4189
16 35 5160
16 36 14420
16 37 14420
16 38 28842
16 39 43345
16 40 94219
16 41 94219
16 42 251623
16 43 251623
16 44 599936
17 18 1
17 19 1
17 20 2
17 21 3
17 22 5
17 23 5
17 24 16
17 25 18
17 26 34
17 27 51
17 28 104
17 29 104
17 30 295
17 31 295
17 32 710
17 33 1010
17 34 1721
17 35 2120
17 36 5924
17 37 5924
17 38 11849
17 39 17807
17 40 38707
17 41 38707
17 42 103372
17 43 103372
17 44 246466
18 19 1
18 20 2
18 21 3
18 22 5
18 23 5
18 24 16
18 25 18
18 26 34
18 27 51
18 28 104
18 29 104
18 30 295
18 31 295
18 32 710
18 33 1010
18 34 1720
18 35 2119
18 36 5922
18 37 5922
18 38 11845
18 39 17801
18 40 38694
18 41 38694
18 42 103337
18 43 103337
18 44 246383
19 20 1
19 21 1
19 22 2
19 23 2
19 24 6
19 25 7
19 26 13
19 27 19
19 28 39
19 29 39
19 30 111
19 31 111
19 32 267
19 33 380
19 34 647
19 35 797
19 36 2227
19 37 2227
19 38 4455
19 39 6695
19 40 14553
19 41 14553
19 42 38865
19 43 38865
19 44 92665
20 21 1
20 22 2
20 23 2
20 24 6
20 25 7
20 26 13
20 27 19
20 28 39
20 29 39
20 30 111
20 31 111
20 32 267
20 33 380
20 34 647
20 35 797
20 36 2227
20 37 2227
20 38 4454
20 39 6694
20 40 14551
20 41 14551
20 42 38860
20 43 38860
20 44 92653
21 22 1
21 23 1
21 24 3
21 25 3
21 26 6
21 27 9
21 28 19
21 29 19
21 30 53
21 31 53
21 32 128
21 33 182
21 34 310
21 35 382
21 36 1067
21 37 1067
21 38 2134
21 39 3207
21 40 6971
21 41 6971
21 42 18618
21 43 18618
21 44 44390
22 23 1
22 24 2
22 25 2
22 26 4
22 27 6
22 28 12
22 29 12
22 30 34
22 31 34
22 32 82
22 33 117
22 34 199
22 35 245
22 36 685
22 37 685
22 38 1370
22 39 2059
22 40 4475
22 41 4475
22 42 11951
22 43 11951
22 44 28495
23 24 1
23 25 1
23 26 2
23 27 3
23 28 6
23 29 6
23 30 17
23 31 17
23 32 41
23 33 58
23 34 99
23 35 122
23 36 341
23 37 341
23 38 682
23 39 1025
23 40 2228
23 41 2228
23 42 5950
23 43 5950
23 44 14186
24 25 1
24 26 2
24 27 3
24 28 6
24 29 6
24 30 17
24 31 17
24 32 41
24 33 58
24 34 99
24 35 122
24 36 341
24 37 341
24 38 682
24 39 1025
24 40 2228
24 41 2228
24 42 5950
24 43 5950
24 44 14186
25 26 1
25 27 1
25 28 2
25 29 2
25 30 6
25 31 6
25 32 14
25 33 20
25 34 34
25 35 42
25 36 117
25 37 117
25 38 234
25 39 352
25 40 765
25 41 765
25 42 2043
25 43 2043
25 44 4871
26 27 1
26 28 2
26 29 2
26 30 5
26 31 5
26 32 12
26 33 17
26 34 29
26 35 36
26 36 100
26 37 100
26 38 200
26 39 301
26 40 654
26 41 654
26 42 1747
26 43 1747
26 44 4165
27 28 1
27 29 1
27 30 3
27 31 3
27 32 7
27 33 10
27 34 17
27 35 21
27 36 59
27 37 59
27 38 118
27 39 177
27 40 385
27 41 385
27 42 1028
27 43 1028
27 44 2451
28 29 1
28 30 2
28 31 2
28 32 5
28 33 7
28 34 12
28 35 15
28 36 41
28 37 41
28 38 82
28 39 123
28 40 268
28 41 268
28 42 716
28 43 716
28 44 1707
29 30 1
29 31 1
29 32 2
29 33 3
29 34 5
29 35 6
29 36 17
29 37 17
29 38 34
29 39 51
29 40 111
29 41 111
29 42 296
29 43 296
29 44 706
30 31 1
30 32 2
30 33 3
30 34 5
30 35 6
30 36 17
30 37 17
30 38 34
30 39 51
30 40 111
30 41 111
30 42 296
30 43 296
30 44 706
31 32 1
31 33 1
31 34 2
31 35 2
31 36 6
31 37 6
31 38 12
31 39 18
31 40 39
31 41 39
31 42 104
31 43 104
31 44 248
32 33 1
32 34 2
32 35 2
32 36 6
32 37 6
32 38 12
32 39 18
32 40 39
32 41 39
32 42 104
32 43 104
32 44 248
33 34 1
33 35 1
33 36 3
33 37 3
33 38 6
33 39 9
33 40 19
33 41 19
33 42 51
33 43 51
33 44 122
34 35 1
34 36 2
34 37 2
34 38 4
34 39 6
34 40 13
34 41 13
34 42 35
34 43 35
34 44 83
35 36 1
35 37 1
35 38 2
35 39 3
35 40 7
35 41 7
35 42 19
35 43 19
35 44 45
36 37 1
36 38 2
36 39 3
36 40 6
36 41 6
36 42 16
36 43 16
36 44 38
37 38 1
37 39 1
37 40 2
37 41 2
37 42 5
37 43 5
37 44 12
38 39 1
38 40 2
38 41 2
38 42 5
38 43 5
38 44 12
39 40 1
39 41 1
39 42 3
39 43 3
39 44 7
40 41 1
40 42 2
40 43 2
40 44 5
41 42 1
41 43 1
41 44 2
42 43 1
42 44 2
43 44 1
