608 694
672 764
674 992
816 660
306 508
908 191
197 146
296 532
796 258
607 602
218 640
406 606
991 969
579 965
527 521
107 304
493 3
402 4
288 364
414 458
984 996
861 322
114 666
180 206
574 187
225 86
914 590
344 553
479 55
874 194
769 886
228 622
173 715
668 616
114 945
366 727
738 548
100 462
138 472
756 181
829 23
787 745
919 919
975 317
749 54
771 954
882 906
123 75
171 769
79 614
428 826
221 535
940 567
183 151
667 8
955 356
557 700
305 94
318 662
751 238
324 778
536 570
868 675
740 113
565 18
625 272
65 981
127 638
466 657
873 587
113 613
758 935
777 598
263 826
515 928
148 872
226 968
592 446
230 779
939 670
270 801
789 514
878 380
519 673
752 255
822 203
39 957
209 675
303 768
842 72
281 834
57 399
834 83
316 121
522 951
699 365
170 507
855 874
758 380
731 466
91 621
482 134
306 475
992 626
978 574
181 285
44 206
772 512
128 255
410 632
149 819
337 418
93 867
124 442
830 785
693 727
45 269
554 510
262 586
134 610
198 517
284 653
17 809
567 310
271 185
292 983
858 755
169 905
571 997
71 750
914 344
562 131
995 781
961 272
645 936
105 422
423 64
724 428
748 927
119 565
685 956
817 273
765 67
183 254
672 246
236 108
732 866
734 746
210 977
828 712
894 167
683 66
913 963
224 29
568 948
575 49
165 981
202 771
435 175
46 846
392 417
775 749
115 262
132 80
692 300
517 297
451 244
801 890
864 491
988 692
226 644
461 470
971 975
693 161
192 650
531 316
175 339
909 688
993 119
481 170
502 978
26 864
184 731
822 986
600 491
20 207
653 523
235 641
483 879
549 918
79 778
570 275
105 751
33 951
210 737
961 770
613 800
550 736
50 729
664 86
221 872
837 360
270 876
94 844
417 360
478 327
757 442
487 721
762 1
23 647
19 712
200 406
587 145
238 639
733 120
1 131
827 5
818 940
368 181
258 269
961 766
333 919
861 69
694 801
158 654
500 532
328 967
482 112
926 153
581 111
252 364
966 92
918 543
191 110
144 560
906 271
63 30
541 35
964 904
434 456
577 849
691 697
748 395
698 798
160 981
991 548
123 123
227 245
539 289
880 971
513 251
715 182
103 75
986 143
925 856
416 528
607 983
256 651
691 297
334 484
855 9
496 267
727 608
611 866
300 95
762 87
296 760
873 302
253 585
385 407
549 391
420 455
77 603
247 149
563 555
376 972
486 80
901 672
820 62
763 783
926 982
896 85
816 212
512 787
333 165
220 958
352 234
274 720
13 937
605 437
405 838
500 699
264 990
896 502
365 491
583 720
957 337
815 690
110 811
748 722
299 619
601 585
617 349
861 775
732 270
565 52
591 182
112 790
619 711
232 3
215 49
627 778
454 820
81 418
142 177
712 438
524 566
548 363
340 372
202 248
894 301
955 697
909 783
134 792
266 808
462 888
237 982
307 943
267 164
76 464
387 690
434 18
114 586
439 649
574 794
805 855
112 427
572 366
858 341
659 412
936 757
368 108
756 332
514 37
257 325
715 441
425 298
188 644
970 883
248 887
307 21
906 896
212 875
627 136
883 500
755 217
867 232
937 753
607 848
214 743
837 529
379 65
85 685
90 527
640 998
282 496
38 752
109 808
239 410
332 218
403 840
834 728
830 416
197 596
819 550
121 721
49 271
14 99
819 958
770 40
745 575
362 449
243 126
137 113
646 835
851 482
415 76
363 862
109 22
265 240
835 250
983 455
275 600
690 676
518 51
502 673
663 177
802 926
591 548
819 857
795 122
445 665
907 702
844 696
652 776
760 898
956 440
838 182
933 962
787 208
450 470
19 360
143 272
536 787
286 215
943 251
140 283
925 286
602 888
351 208
238 482
750 22
266 724
696 256
404 848
875 42
917 341
189 344
414 856
504 403
571 729
937 452
467 516
655 419
984 423
8 548
697 182
455 967
296 617
954 955
893 415
296 527
40 978
608 340
566 486
196 730
955 479
477 198
766 550
567 877
130 671
549 327
616 163
960 866
546 597
136 250
563 330
365 819
858 698
359 251
205 118
106 614
1 877
270 582
568 815
18 23
636 213
800 253
567 90
572 827
317 866
230 481
377 454
983 633
780 33
560 878
197 355
861 513
194 287
9 681
796 154
955 870
945 507
262 923
474 593
767 637
693 910
415 300
45 414
928 374
653 307
845 482
564 577
914 759
849 649
962 370
208 116
687 518
69 126
851 3
381 556
614 853
77 635
217 216
18 183
446 813
886 732
107 636
948 165
83 518
379 846
620 485
983 984
904 818
821 473
139 339
236 158
483 39
937 190
862 647
115 363
573 723
246 808
821 94
987 378
22 584
84 772
989 150
796 843
956 791
677 130
466 389
555 563
301 742
454 259
306 231
686 201
103 412
951 355
865 438
315 36
407 113
646 486
39 169
509 32
78 377
152 812
83 535
863 648
317 327
320 254
819 563
38 58
898 100
781 328
33 727
954 264
808 487
864 311
47 995
981 523
523 659
571 418
43 420
602 152
481 22
554 579
579 855
631 140
641 902
909 381
754 109
203 569
71 636
372 844
449 870
448 801
998 538
937 346
542 569
937 615
684 694
953 918
247 143
260 51
65 655
323 316
279 725
801 452
719 84
366 786
576 328
25 365
3 746
495 294
527 632
672 402
898 844
424 931
379 927
171 170
444 754
978 658
998 929
306 940
92 229
563 331
914 140
182 219
422 30
152 819
356 799
539 860
839 100
844 157
515 140
511 701
264 372
246 452
409 279
321 61
939 793
447 908
585 102
578 208
68 91
889 254
7 760
535 794
280 561
392 106
283 840
252 649
633 393
796 892
277 650
706 132
847 764
925 489
658 922
689 520
184 853
621 201
813 729
510 199
424 72
633 644
62 169
918 817
977 133
896 711
390 782
992 333
188 267
754 878
384 52
223 686
142 559
865 513
225 845
701 368
340 509
851 1
201 858
665 513
606 779
781 633
552 887
721 562
327 210
777 519
257 569
840 270
98 22
744 842
969 504
89 368
806 179
945 603
664 887
281 262
619 800
984 286
830 977
872 122
378 461
398 55
295 700
72 180
305 158
799 503
415 671
468 315
220 999
119 807
526 924
778 347
260 887
556 889
37 200
89 374
900 967
239 284
151 288
211 133
918 930
250 198
640 220
116 190
857 892
594 649
737 854
608 421
158 517
830 936
465 249
648 236
590 885
653 616
205 723
437 277
517 383
892 522
280 341
219 204
138 280
53 189
651 271
527 943
708 934
17 758
150 367
993 647
982 762
975 305
364 40
746 135
419 504
209 630
491 837
791 137
474 884
765 175
313 589
267 334
698 917
938 734
855 598
592 924
438 788
502 401
506 196
359 895
403 419
526 808
60 248
50 42
949 351
438 595
455 643
25 309
669 511
292 93
66 578
953 222
381 869
201 477
81 457
150 129
233 394
503 538
792 538
346 971
175 883
99 420
520 21
347 632
271 592
60 536
457 751
904 866
932 353
106 210
366 373
44 450
889 841
599 369
283 527
137 846
557 101
769 664
481 783
782 644
958 395
445 617
433 593
793 619
145 821
661 354
300 859
485 950
704 709
307 985
857 539
629 937
505 920
691 33
87 958
686 204
838 829
596 901
381 317
137 301
127 53
471 362
897 807
221 280
281 50
814 774
6 443
945 360
122 945
766 957
955 780
736 172
817 154
685 168
755 117
354 389
322 348
107 741
535 109
873 756
952 36
493 660
453 442
712 830
641 124
949 558
348 359
302 601
309 149
131 742
701 663
305 438
935 856
502 169
11 313
403 919
258 502
891 263
91 372
360 855
476 141
685 241
244 82
589 999
813 835
762 579
688 70
282 29
393 434
396 641
937 399
377 300
849 941
885 83
116 861
540 712
782 199
473 522
225 40
354 176
782 32
63 122
32 62
841 757
420 865
552 672
892 260
821 55
180 612
166 364
572 769
728 380
267 951
654 693
237 368
775 411
347 695
654 865
192 491
571 986
148 15
199 132
226 578
876 101
260 512
835 685
502 900
359 448
584 576
439 510
700 771
41 425
920 869
914 27
254 874
290 297
430 57
828 639
845 655
755 225
967 165
439 772
159 163
623 679
904 783
513 769
740 686
325 208
489 414
728 755
652 286
115 397
949 754
867 487
586 870
724 240
543 750
711 435
763 369
307 253
319 832
303 962
975 686
341 188
363 461
835 630
791 978
971 731
717 335
474 126
941 260
53 701
467 688
807 143
726 409
895 967
705 774
566 469
626 150
543 591
144 295
951 873
258 60
892 790
187 788
26 177
825 915
144 5
564 223
538 909
372 961
959 456
131 958
306 477
825 82
838 872
103 904
738 246
283 487
260 586
42 148
266 652
875 904
227 11
624 743
460 559
936 509
967 325
840 156
62 736
704 654
53 608
881 307
237 738
844 176
285 476
254 860
963 163
744 720
417 211
426 283
658 978
431 711
979 113
428 307
350 440
578 894
