1167.4347
1169.9164
1011.3957
1382.1138
939.7633
2065.5141
1435.8231
893.7198
1888.0455
1255.1662
635.1447
1002.9401
1264.0293
833.3333
1257.1520
650.7947
2484.8688
2475.3082
1104.2945
1186.8989
1242.4242
1819.4064
364.3725
1165.8031
1885.6767
1808.6459
1519.2746
958.7514
2242.4996
2045.8694
1161.6295
670.5882
487.0333
1300.5764
269.1218
837.1455
1434.6706
444.8399
565.4550
2017.0758
2432.5082
1284.2669
0.0000
1886.6079
2331.8763
1117.3744
1233.1644
1552.1064
454.7717
284.9471
853.2695
730.8051
1559.3895
1369.7196
2470.3648
1821.1269
1107.7928
1911.0070
811.1924
1898.3788
735.0272
1211.5732
1406.3513
2168.8159
2422.8054
1741.9130
155.3170
415.0069
1037.3998
1494.8611
389.0880
1119.3148
1412.7249
603.7562
892.2350
362.4801
473.1623
1425.8189
569.8712
1458.9791
630.2521
1513.8118
1744.8240
1088.5027
1866.9315
2004.8780
97.3123
591.0498
707.2136
2303.0505
630.0369
0.0000
2273.7186
1807.7803
885.9470
1642.3839
627.7696
1235.6532
1665.1905
1526.7306
319.4839
1956.1352
979.5134
1532.7565
1575.3800
971.0004
440.0000
1503.0749
835.5091
983.6618
384.7967
1115.8842
241.9355
547.7032
1284.8297
1220.0679
358.1033
1301.6748
772.3607
450.1685
692.3077
757.7375
51.2747
1616.3006
1485.7254
572.5490
1329.8202
393.3754
910.3926
216.1569
1816.3665
2027.4170
1400.6180
1948.4975
1019.9020
498.0573
2171.4458
1571.1326
1116.4179
434.9108
1043.5688
1873.8504
2298.6740
1046.8795
1830.0654
1714.6236
1145.1815
1239.8557
442.2915
1344.1245
2106.5033
2279.7014
1216.6830
2213.4387
936.6755
2303.6789
359.8287
519.0134
1782.5513
128.6801
1211.3721
1271.3233
762.5418
1555.1744
1743.8933
1587.1190
1622.2942
1169.5906
1594.0959
1470.2140
649.3744
1237.9104
1247.4293
2028.4815
570.0713
1567.2908
851.1395
1422.9789
2232.4618
1847.1502
847.9595
72.6016
502.7322
1136.6083
1374.8854
220.2643
1388.1770
670.6500
886.5297
935.3314
230.4181
1686.3905
306.6311
83.1486
554.3823
1387.9246
1084.5689
1069.1927
160.4621
2213.3333
505.4791
1747.9182
588.7144
250.4196
1341.6294
1484.4720
1578.3959
1007.8600
2496.7235
85.6587
64.7995
825.0825
2004.7756
678.4493
2148.2961
0.0000
2484.9723
1163.2467
1675.7741
1223.9089
1391.1392
664.9301
2314.4880
1160.5351
486.3753
1211.1628
633.2046
2028.5846
2145.5051
2098.9822
1010.1010
2277.4327
1570.8419
1586.3353
505.0505
1924.3840
1689.7081
2348.0823
1290.1277
1219.0752
1011.5678
1244.5939
1636.0455
1166.4343
350.5697
1609.8099
0.0000
1202.3072
1627.4099
1188.5467
1678.6585
1992.0949
1446.4929
2183.3481
1298.4263
1101.6949
954.3999
705.6229
1748.4781
1020.7458
2473.6842
1625.1638
1361.4206
1034.1882
1898.7342
2243.8163
700.2457
1857.4444
754.7615
1214.2857
1460.1015
1200.0000
283.0405
1559.3179
1258.9406
697.3294
2146.6068
1431.9753
2324.2630
1233.8271
1213.3067
2283.3843
1984.4358
985.3734
1671.5511
466.8930
1501.7065
689.0981
34.0081
1451.5315
814.5566
1042.5354
526.3158
1602.2890
1065.9967
1118.5692
1848.9161
1353.7696
298.5885
1272.1088
814.2610
1266.8599
1596.7867
1315.7073
1826.3473
2289.2959
1911.3787
310.4213
1163.5308
2468.0851
2035.9408
1115.6555
890.8775
405.7498
1112.8527
1547.8261
1201.8349
1503.8419
1193.6550
1122.1122
1870.2929
1445.2163
1342.9534
361.6905
619.1456
855.4113
486.0455
613.9935
1548.7022
350.8772
898.2747
2400.3915
407.0175
1008.7264
1048.9639
1212.3026
519.4805
1524.5203
1788.9908
1538.2784
1382.1618
1932.7731
1737.0837
2332.1234
1103.9352
1546.2773
1469.5631
564.6481
1308.6886
546.2555
2339.9142
1256.9306
487.5805
2054.3853
1596.1657
1941.8690
1972.2449
1386.0931
1042.9525
559.0387
1531.8426
2133.9942
275.0191
364.6677
976.8010
906.1241
119.9201
297.1397
920.6310
1509.0909
810.5340
1334.8195
1665.3194
621.0433
1495.6150
359.2391
382.6531
309.7345
1152.2211
2376.1424
1410.9213
1115.9063
1644.0831
1369.9270
1090.4794
1596.0218
2113.0224
740.8107
2079.9776
1311.4142
1923.8941
1708.9690
779.2208
1262.8005
2275.9227
1068.0851
1973.1739
1160.2937
1297.1868
1221.6569
2167.3902
1002.1257
1409.2587
1370.0991
1141.4136
1145.9590
1712.0044
2053.9099
1230.8693
1977.3837
1222.2222
124.9826
861.4037
1012.8496
1427.1457
1974.4534
827.4232
1909.5766
1010.0560
1567.6141
826.3305
2428.7392
671.6792
1827.4896
806.6302
2385.3435
1822.3349
886.4667
814.9416
1389.1951
1098.0736
1686.4632
1187.6853
1524.6706
1748.4009
35.9712
1982.3622
799.9258
810.5148
1249.3452
1706.8021
899.1495
98.2318
1603.3755
1345.0402
529.1577
1664.9215
1766.0377
1455.1573
981.6451
405.7428
1566.7340
1976.8935
1314.3483
1194.2257
880.8290
1576.1428
770.6868
1378.5272
1471.3001
1586.6496
367.9245
0.0000
791.8623
1026.7534
1097.5610
1872.7915
1899.3352
2156.9907
1022.1587
669.9003
808.7201
1134.1677
1520.7286
2398.5240
973.5744
892.1872
1566.5749
1008.3160
28.9855
2094.7368
1308.1833
1627.0497
552.7426
1110.5904
1365.3484
1080.6758
1450.8383
235.2941
1781.8740
1700.5168
1591.9345
1235.7581
1365.8099
1416.8872
1794.8718
1604.9383
1425.3082
882.9431
2491.2144
1016.5352
1046.3531
270.3196
1252.8602
223.8806
885.6235
1368.9671
359.9955
2129.3801
345.2078
773.4640
1402.7149
1249.3632
1312.4274
1586.1646
726.9498
1497.4619
2313.1291
2078.5247
1428.0981
601.4190
1105.2938
583.4529
2243.1661
1806.8740
90.0090
244.7708
2170.7616
1214.1550
1368.0595
2097.2693
1362.5731
1241.0514
721.0863
1591.8654
1424.5810
1933.4837
0.0000
1820.4421
1659.6294
2241.7582
1956.7190
1426.6648
416.6667
2352.1166
428.5714
394.1909
335.7118
1427.8604
1230.5778
1393.7282
1481.5463
986.8421
2249.4878
1760.5922
108.4530
1958.0506
1559.8456
1838.2979
112.7129
1630.6499
1106.1719
1443.3727
232.0559
1995.9992
2390.6457
1222.4184
1009.3871
2046.0390
1038.5587
1761.6087
2184.2410
657.3675
251.0110
764.7142
851.0193
896.7174
1624.3424
1825.7968
1219.6220
1509.3411
1240.9289
1273.3818
1578.9474
2090.0322
224.3590
1263.6812
694.7122
1598.1619
2238.4764
794.0574
1592.9204
153.8462
8.9008
1568.3835
1136.7517
1564.2458
1288.7422
782.2878
725.4927
1253.6228
926.5442
1494.4925
1294.7587
613.9385
716.5109
1574.3798
2167.9213
1134.6633
2334.0184
391.3491
770.5628
963.1847
2233.7561
2107.8921
1965.4636
1054.0389
1037.7358
881.0306
1486.1830
2100.7650
1355.3680
824.7191
2128.7650
1838.4004
1069.1824
1904.7619
22.3505
1006.3923
832.3424
1967.8715
630.0010
699.2231
1542.3630
1178.8802
747.0237
2106.1883
1314.3992
1635.4295
1041.1296
1424.2240
443.5873
1888.6421
1318.0754
1798.3075
2136.3360
1239.2295
670.9957
1322.7666
2200.4481
1393.9017
831.8894
1871.6981
1032.9670
1155.0164
2201.8349
613.2990
506.4194
1569.3012
525.4413
1639.3793
1001.1779
2497.0623
474.3985
1410.1382
1093.8628
1380.8322
958.9993
1404.9077
1522.2182
1498.8202
777.8333
1891.8919
2040.8163
1172.7617
1644.5871
486.8094
2045.6853
1526.0244
1070.2772
1293.7221
1090.5539
1937.0079
1148.3121
2193.1590
1126.3409
2196.4680
740.9931
714.2857
1646.8505
1534.1758
955.3352
1494.2529
451.1895
321.2516
906.8834
1728.8889
566.6957
961.9377
390.0103
480.5009
1205.1419
1142.4274
859.8712
1533.3958
1241.8301
1395.0000
1860.4651
947.7124
1224.9840
1194.6903
1158.0745
1477.1623
585.1852
1174.9649
1628.0835
1832.5792
1000.0000
1286.4430
552.2498
1530.1040
1436.1057
1577.0863
1127.2142
1294.0834
825.1855
547.3257
1765.1802
896.2553
1077.9537
54.6490
725.3385
1513.7180
1407.6776
1904.2468
2252.2032
2116.9126
1134.8798
622.7509
924.3185
2130.9233
872.5912
2034.4876
867.5078
1110.6333
1080.4954
1402.5056
1471.0923
976.2533
893.1298
1389.8117
1801.9661
715.7042
1225.6616
985.7429
484.8485
1356.5217
1824.6575
1060.0194
1035.9695
186.8263
1417.3697
1896.1039
255.9759
2027.6573
761.9948
740.9853
376.3367
1344.0860
929.0100
1207.9683
1488.7218
656.7957
413.5026
476.4407
2402.9575
886.1009
785.0415
250.5593
945.7736
1276.8362
1813.2296
838.3091
1238.1597
222.6721
1284.6805
1546.9998
873.4459
348.4046
2116.2546
1341.5888
951.3408
1366.2239
1770.1404
1047.5465
1055.0626
1404.0346
375.2410
1628.0751
647.1096
844.8579
1245.5768
594.0339
1534.7400
1004.1482
885.8781
2386.0447
208.1065
1926.9499
1256.7487
995.3240
1364.6038
781.9218
1763.7795
1413.5591
1316.0064
1102.7718
2122.3296
1281.4784
33.4076
1806.2397
285.8482
1111.4335
1376.0430
2026.4317
2103.4984
2007.6159
2164.5604
1191.1171
1201.4462
315.4206
2076.8561
1339.6366
2408.9069
1068.9462
1265.3570
1154.3450
2094.7661
1574.3181
1230.5516
836.1019
1686.6636
375.1213
1284.8214
1026.2339
1305.1353
1870.3428
84.1751
762.0982
848.6332
1930.2402
491.3014
740.7407
1928.6872
1849.3481
1871.1656
927.2643
1233.3112
1420.5817
2269.1293
2266.8810
1188.0213
954.6770
1753.3663
1392.1615
1185.7525
2285.6376
296.8270
1078.2156
1992.8644
1188.4369
2121.5933
1669.7580
2401.7042
851.1369
851.0638
1315.7053
817.1206
1125.3197
1935.7250
2343.0331
545.4545
782.9052
1066.3684
1642.5993
547.9604
1213.8085
979.3214
1633.6398
832.5267
1076.3660
702.7818
916.8244
2269.9387
1502.9832
702.6813
2241.5558
841.7696
1373.3060
895.1356
1112.1351
1258.3845
1156.4745
1189.6669
219.8262
1285.6344
2428.2678
562.9084
1235.0937
2207.3922
1411.0429
1408.2840
1925.9359
2135.5984
906.2711
1234.4232
1196.0855
1339.6562
1000.3862
1297.3352
1521.9512
1353.7696
1227.2421
1737.7399
561.4810
1392.8683
1600.8103
1006.1696
1877.5360
1049.8519
1551.0195
1685.0678
1370.5212
692.8690
598.8077
1467.4879
1611.5173
1101.3266
1424.8636
1117.8614
1426.2617
1703.8940
1974.6835
1958.7821
175.6669
1010.8179
2123.6809
1599.1189
1201.6634
1191.6620
1367.1498
2016.7320
1197.0534
820.0456
1303.4410
2027.2049
1325.8026
479.4735
320.1970
1184.9530
2416.1074
1791.6137
929.5093
697.6744
1694.3444
300.7171
977.0115
2273.9768
1225.1392
255.6859
1666.6667
918.8197
768.3215
551.3784
724.3599
1229.6218
2384.4075
1141.1851
1128.5574
1619.3772
1871.1280
2108.4337
194.0335
1296.0236
200.3825
1853.9538
607.5949
2068.5810
936.2565
569.9826
2138.0972
1269.1698
1660.0223
1502.1157
1005.4919
943.5151
2241.2980
1455.7823
1106.6908
981.6459
