22879.324
1950.768
14048.486
1008.006
3804.994
2081.155
3255.892
3675.501
4097.395
5427.759
997.966
13456.209
15677.623
6247.732
9976.944
16773.189
1566.696
1329.662
7064.088
1004.387
25768.505
33856.961
1592.101
44047.065
1924.614
9092.969
15950.207
24207.726
6405.860
30837.390
5448.033
3891.540
1588.782
11557.765
4562.290
2534.637
7907.516
2053.450
4373.639
45339.915
1572.077
67208.818
35384.686
24362.520
25470.955
1034.803
2489.642
1131.466
1308.480
2529.779
4822.646
2582.855
19384.189
7217.987
87727.564
12878.430
77859.521
1809.073
22069.416
932.294
16091.173
1120.680
63004.407
38223.039
1505.230
78496.858
49265.724
1256.731
16713.433
1507.011
9322.321
8069.562
2979.452
20590.489
74168.547
8597.025
5832.323
2346.006
19774.938
1874.615
2693.228
34738.364
6883.488
34311.508
74798.716
2193.772
5020.773
4266.379
2332.220
3529.987
2241.794
1138.801
6268.555
36180.000
18909.661
1134.591
22650.023
61146.297
27231.948
44067.069
37740.892
3495.786
1170.707
21897.117
8963.659
47811.126
1444.114
1628.901
1153.578
20920.374
4604.660
10880.382
52411.529
12398.034
5804.204
7009.972
17892.581
2759.138
2083.035
6978.889
66820.777
1726.029
6828.481
79488.901
66364.695
3758.180
70121.966
35778.932
677.124
6769.859
23270.656
60831.894
55409.272
55143.165
1521.052
10951.009
20314.050
60522.521
36468.915
6772.645
986.326
1745.473
23497.558
4923.817
5226.653
12250.936
31084.632
1824.627
23559.042
48471.750
1028.820
80414.344
8811.402
9985.296
8580.495
3030.906
13019.077
3658.375
1500.681
2409.297
4160.044
1387.393
25670.431
48587.345
23921.445
1851.662
