7
10 10 6 4 6 8 13 15 11 6
0 1 2 2 2 2 4 5 5 6 7 6 5 6 6 5 5 6 6 3 2 2 1 0
2 4 5 5 7 6 7 10 10 10 7 3 3 5 5
0 0 1 3 4 4 4 4 3 4 5 7 8 8 9 9 6 4 4 2 0 0 0 0
10 10 6 4 6 8 13 15 11 6
0 1 2 2 2 2 4 5 5 6 7 6 5 6 6 5 5 6 6 3 2 2 1 0
2 4 5 5 7 6 7 10 10 10 7 3 3 5 5
0 0 1 3 4 4 4 4 3 2 5 7 8 8 9 9 6 4 4 2 0 0 0 0
9 11 5 4 2 2 5 14 9 6
0 0 0 2 2 2 3 5 4 5 6 7 5 5 3 3 3 3 4 3 2 0 0 0
2 2 3 4 5 6 7 10 7 7 4 3 2 2 3
0 0 1 3 4 3 3 3 3 3 4 4 6 5 5 5 4 3 3 3 2 0 0 0
0 0 0 5 3 3 13 13 4 0
0 0 0 0 0 0 0 1 2 5 4 4 3 3 3 3 3 3 3 3 1 0 0 0 
0 2 3 3 3 3 3 3 3 3 5 5 3 2 0
0 0 0 2 3 2 2 2 3 2 3 3 4 3 3 5 4 0 0 0 0 0 0 0
0 13 2 11 4 4 11 2 13 0
0 0 1 2 2 2 3 4 4 4 4 4 4 4 4 4 4 3 2 2 2 1 0 0
0 8 2 6 4 4 4 4 4 4 4 6 2 8 0
0 0 1 2 2 2 3 4 4 4 4 4 4 4 4 4 4 3 2 2 2 1 0 0
3 9 10 7 9 13 11 8 4 1
0 1 1 2 2 3 3 5 6 5 3 7 8 7 4 4 3 3 3 3 2 0 0 0 
0 5 5 8 9 9 4 1 2 5 6 8 7 4 2
0 0 1 1 3 3 4 3 4 6 6 4 4 6 6 5 5 5 5 2 2 0 0 0 
2 7 9 8 9 6 4 11 8 2
0 1 1 2 1 2 5 6 6 6 4 1 2 5 8 6 3 1 1 1 2 1 1 0
1 6 8 6 4 4 6 5 5 4 3 3 5 4 2
0 1 2 2 1 2 2 4 5 6 6 6 6 6 4 4 1 1 2 1 2 1 1 0
