100
52 78 102
32 20 17
8 9 1
14 46 18
60 19 13
13 71 51
39 81 85
30 35 2
63 37 39
87 37 9
15 88 38
39 19 9
69 26 16
65 38 99
59 97 69
93 8 38
41 46 10
4 75 29
41 38 55
67 23 12
72 37 41
53 74 2
53 41 37
59 6 16
10 64 4
76 55 65
14 93 77
31 97 93
79 36 79
65 2 42
87 73 89
98 24 114
23 76 8
73 33 11
61 41 3
46 15 25
36 27 31
72 57 19
81 34 37
28 99 6
97 86 166
1 82 37
78 6 49
95 78 8
19 40 34
4 83 64
41 20 32
72 89 8
98 70 144
59 95 52
20 93 52
52 91 17
7 67 10
36 63 14
97 79 25
95 80 157
8 21 26
49 93 51
42 91 34
69 48 47
95 68 136
9 20 5
2 26 25
2 61 18
77 56 77
91 49 98
90 57 12
5 4 3
8 43 21
80 13 90
48 6 40
6 14 16
55 13 28
70 12 59
48 87 38
3 78 65
37 66 17
92 70 80
38 77 73
73 57 35
57 3 37
8 6 8
78 59 44
70 29 9
23 75 22
30 77 82
86 13 20
98 3 9
13 38 8
69 12 8
38 68 73
10 75 80
95 51 48
92 21 49
1 44 30
95 71 81
68 57 24
5 54 24
11 66 73
93 33 14
