For base 7 the double-trouble number is
0 3 5 2 4 5 6 3 1 4 2 1 
For base 14 the double-trouble number is
4 9 
For base 21 the double-trouble number is
0 10 15 18 9 4 12 16 18 19 20 10 5 2 11 16 8 4 2 1 
For base 28 the double-trouble number is
5 16 22 11 
For base 35 the double-trouble number is
11 23 
For base 42 the double-trouble number is
0 21 10 26 13 6 24 12 6 3 1 21 31 36 39 19 30 36 18 9 4 23 11 26 34 17 8 25 12 27 13 27 34 38 19 9 25 33 37 39 40 41 20 31 15 28 35 17 29 35 38 40 20 10 5 2 22 11 5 23 32 37 18 30 15 7 24 33 16 29 14 28 14 7 3 22 32 16 8 4 2 1 
For base 49 the double-trouble number is
0 24 36 42 45 47 23 36 18 9 4 26 37 43 21 35 17 33 16 32 40 44 46 47 48 24 12 6 3 1 25 12 30 39 44 22 11 5 27 13 31 15 32 16 8 4 2 1 
For base 56 the double-trouble number is
18 37 
For base 63 the double-trouble number is
12 37 50 25 
For base 70 the double-trouble number is
0 35 17 43 56 63 31 50 60 30 15 7 38 54 27 13 41 55 62 66 33 16 43 21 45 57 63 66 68 34 17 8 39 19 44 57 28 49 24 47 23 46 58 29 14 42 21 10 40 20 10 5 2 36 18 9 4 37 18 44 22 11 5 37 53 61 65 67 68 69 34 52 26 13 6 38 19 9 39 54 62 31 15 42 56 28 14 7 3 36 53 26 48 24 12 6 3 1 35 52 61 30 50 25 12 41 20 45 22 46 23 11 40 55 27 48 59 29 49 59 64 67 33 51 60 65 32 51 25 47 58 64 32 16 8 4 2 1 
For base 77 the double-trouble number is
25 51 
For base 84 the double-trouble number is
0 42 21 10 47 23 53 68 76 38 19 9 46 65 32 58 29 14 49 24 54 27 13 48 66 33 16 50 25 12 48 24 12 6 3 1 42 63 31 57 70 77 38 61 30 57 28 56 28 14 7 3 43 63 73 78 81 40 62 31 15 49 66 75 37 60 72 36 18 9 4 44 22 11 5 44 64 32 16 8 4 2 1 
For base 91 the double-trouble number is
0 45 68 34 17 8 49 70 35 17 54 27 13 52 26 13 6 48 69 80 40 20 10 5 2 46 68 79 85 42 66 78 84 87 89 44 67 79 39 65 32 61 76 38 19 9 50 25 12 51 71 35 63 31 61 30 60 75 83 41 66 33 16 53 72 36 18 9 4 47 69 34 62 76 83 87 43 67 33 62 31 15 53 26 58 74 82 86 88 89 90 45 22 56 73 82 41 20 55 73 36 63 77 38 64 77 84 42 21 10 50 70 80 85 88 44 22 11 5 48 24 12 6 3 1 46 23 11 51 25 58 29 14 52 71 81 40 65 78 39 19 55 27 59 29 60 30 15 7 49 24 57 74 37 18 54 72 81 86 43 21 56 28 14 7 3 47 23 57 28 59 75 37 64 32 16 8 4 2 1 
For base 98 the double-trouble number is
32 65 
For base 105 the double-trouble number is
9 57 28 66 85 95 47 76 38 19 
For base 112 the double-trouble number is
0 56 28 14 7 3 57 84 98 49 24 68 34 17 8 60 30 15 7 59 85 98 105 52 82 41 20 66 33 16 64 32 16 8 4 2 1 
For base 119 the double-trouble number is
39 79 
For base 126 the double-trouble number is
0 63 31 78 102 51 25 75 100 113 56 91 45 85 105 115 120 123 61 93 109 117 121 123 124 125 62 94 47 23 74 100 50 25 12 69 34 80 40 20 10 5 2 64 32 16 8 4 2 1 
For base 133 the double-trouble number is
26 79 106 53 
For base 140 the double-trouble number is
46 93 
For base 147 the double-trouble number is
0 73 110 55 27 87 43 95 47 97 48 97 122 61 30 88 117 132 66 33 16 81 114 57 28 87 117 58 102 124 135 141 70 108 127 137 68 107 127 63 105 52 99 123 61 104 52 26 13 6 76 111 129 64 105 126 63 31 89 44 95 121 60 103 125 62 104 125 136 68 34 17 8 77 112 56 28 14 7 3 75 37 92 46 23 11 79 39 93 46 96 121 134 67 33 90 45 22 84 115 131 65 106 53 26 86 116 131 139 69 108 54 27 13 80 40 20 10 5 2 74 110 128 137 142 71 35 91 45 96 48 24 12 6 3 1 74 37 18 82 114 130 138 142 144 145 146 73 36 91 119 59 103 51 99 49 98 49 24 85 116 58 29 14 80 113 130 65 32 89 118 59 29 88 44 22 11 5 76 38 19 9 78 39 19 83 41 94 47 23 85 42 94 120 133 140 70 35 17 82 41 20 83 115 57 102 51 25 86 43 21 84 42 21 10 78 112 129 138 69 34 90 118 132 139 143 71 109 54 100 123 135 67 107 53 100 50 25 12 79 113 56 101 124 62 31 15 81 40 93 120 60 30 15 7 77 38 92 119 133 66 106 126 136 141 144 72 36 18 9 4 75 111 55 101 50 98 122 134 140 143 145 72 109 128 64 32 16 8 4 2 1 
For base 154 the double-trouble number is
0 77 38 96 48 24 12 6 3 1 77 115 134 144 72 36 18 9 4 79 39 96 125 62 108 54 27 13 83 118 136 68 34 17 8 81 40 97 48 101 50 102 51 25 89 121 137 145 149 151 152 153 76 115 57 105 129 141 147 150 152 76 38 19 9 81 117 135 144 149 74 114 57 28 91 45 99 126 140 70 35 17 85 119 136 145 72 113 56 105 52 103 51 102 128 64 32 16 8 4 2 1 
For base 161 the double-trouble number is
53 107 
For base 168 the double-trouble number is
33 100 134 67 
For base 175 the double-trouble number is
0 87 131 65 120 60 30 15 7 91 45 110 55 27 101 50 112 143 159 79 127 63 119 59 117 58 116 145 160 80 40 20 10 5 2 88 131 153 76 125 150 75 37 106 53 26 100 137 156 78 39 19 97 48 111 143 71 123 61 118 59 29 102 51 25 100 50 25 12 93 134 67 33 104 52 26 13 6 90 132 153 164 82 41 20 97 136 68 34 17 8 91 133 66 120 147 161 80 127 151 75 125 62 118 146 160 167 171 85 130 65 32 103 139 69 122 61 30 102 138 156 165 170 85 42 108 141 158 79 39 107 53 114 57 28 101 138 69 34 104 139 157 78 126 150 162 168 171 173 86 130 152 163 169 84 129 152 76 38 19 9 92 46 23 11 93 46 110 142 158 166 170 172 173 174 87 43 109 54 114 144 159 167 83 129 64 119 147 73 124 62 31 15 95 47 111 55 115 57 116 58 29 14 94 134 154 164 169 172 86 43 21 98 49 24 99 137 68 121 148 74 37 18 96 135 155 77 126 63 31 103 51 113 56 115 145 72 123 149 74 124 149 162 81 40 107 141 70 122 148 161 168 84 42 21 10 92 133 154 77 38 106 140 157 166 83 41 108 54 27 13 94 47 23 99 49 112 56 28 14 7 3 89 44 109 142 71 35 105 52 113 144 72 36 18 9 4 89 132 66 33 16 95 135 67 121 60 117 146 73 36 105 140 70 35 17 96 48 24 12 6 3 1 88 44 22 11 5 90 45 22 98 136 155 165 82 128 151 163 81 128 64 32 16 8 4 2 1 
For base 182 the double-trouble number is
60 121 
For base 189 the double-trouble number is
14 101 145 72 130 159 174 87 43 116 58 29 
For base 196 the double-trouble number is
11 103 149 172 184 92 46 23 
