12
7 46 4685
1972 1745 863 4333 199 2417 2858 
77 260 266 219 194 175 101 
21 27 10 31 30 19 7 
8 29 23578
18019 8399 7778 12950 6343 61 15015 15450 
162 81 230 38 73 149 161 228 
25 12 21 10 29 29 27 26 
2 41 15393
10698 14191 
45 101 
1 18 
9 8 4643
531 1598 4394 1068 1996 2565 2957 4042 2478 
207 82 167 171 119 103 60 248 202 
3 6 2 2 7 4 6 4 7 
6 13 24467
14347 5124 15335 4476 2798 10713 
20 105 250 69 161 219 
2 3 8 13 5 8 
9 58 27154
4034 18743 11499 1462 17074 1827 4914 1535 1199 
80 190 24 195 131 133 269 155 143 
56 28 20 30 8 32 26 42 56 
2 62 4125
2776 1608 
222 238 
11 37 
2 69 16777
1101 15111 
12 151 
45 41 
8 94 20477
16802 12274 3756 6078 17980 8510 16837 15555 
77 44 161 235 183 225 90 247 
82 60 79 38 90 65 39 17 
3 75 23534
2214 948 11315 
50 82 294 
75 1 54 
3 51 18361
4519 10928 9371 
189 43 247 
27 29 23 
1 66 3487
2130
41
46

