1
6511
4096
210
4
0
30
6608
0
0
7861
10
2
256
111
1816
168
256
24
6384
0
16
0
1
192
6384
3
0
7
31
195
350
1072
4
3273
4931
0
1171
6345
17
1
1565
179
7484
2
7277
205
284
157
427
5536
5701
11
6
2730
8720
1
0
256
5536
396
3690
279
3243
2128
4032
1024
10
0
38
0
440
1
0
215
36
2
4
3
4384
0
5396
6771
8532
0
2976
52
0
1665
8256
6722
16
6
1194
1365
1054
6560
18
41
2243
3
1
5
4
1
22
6
6979
7328
2144
4
5245
2521
12
0
5593
1654
8814
366
256
264
9
1641
13
0
12
6186
2731
1805
237
256
3
6
21
87
8192
0
1
1679
0
0
206
58
1440
30
0
329
22
16
256
6214
0
1
32
49
16
4
2052
0
2904
6520
13
0
6419
162
1
7831
256
645
1578
0
0
2144
0
9464
2144
260
5461
261
6511
2
2
36
1170
5536
3326
6215
2950
119
4
1294
8192
9
7381
796
170
8
1026
394
6
48
18
3620
3
980
32
5121
5536
10
1
26
95
0
0
81
10
0
1749
0
5516
0
4
16
9
0
0
297
43
6384
4402
3560
16
5967
1
41
3
3
1
5536
1565
9133
1
0
9
9
5
21
279
2266
972
7301
50
1
152
2
6
0
9830
3691
13
6
1024
0
0
1542
3
2
0
6136
0
4
64
1
4770
1639
2144
144
2026
2048
631
1
1366
1
3314
39
7873
1
4096
0
9528
4
10
3498
3
8425
0
89
5872
1
1783
1
0
391
5754
27
39
3566
2144
6384
1024
2144
0
1
10
4
6129
4
0
0
3263
0
59
0
298
83
140
164
5550
4
0
3108
1137
145
6384
9724
0
169
1
0
853
4
5694
1
453
3591
8
1365
2
1
2520
0
4858
9810
0
5
8486
171
3616
4705
13
9831
7562
9187
28
1
64
466
0
1024
19
32
6
2
0
1865
5536
186
39
4
84
1
6384
1
1
18
5536
0
329
1
4096
3107
9321
3690
4
1024
9220
0
20
5177
2423
1325
91
4208
102
26
4818
1101
5536
992
0
0
1328
2
6
207
0
2488
1
3040
5376
3391
6384
66
1
0
0
198
17
704
6519
0
12
342
2305
9
221
1091
4096
138
51
2930
0
16
1359
1
0
5878
3
13
1
0
4096
7
1024
4096
0
3
1
3
7449
2458
883
7
200
3236
0
3554
0
1687
104
676
1
7
2948
0
2518
27
64
6
1
84
0
0
1058
4
64
6214
512
0
1
6384
7
21
1
16
205
7448
69
4576
1
55
0
1639
4
848
22
4096
68
0
85
41
5531
1
891
51
9
0
8192
10
1
0
8
3120
7582
0
542
88
0
2280
4832
0
25
8
1092
0
8
89
0
1
4762
2143
87
156
5536
5
785
5536
256
838
4096
750
2415
0
123
5536
9
9
0
4880
0
8
1840
8261
2
6810
682
1174
1
4
1
6384
508
7120
16
2768
477
4
112
5462
1024
9222
3
13
1848
3691
46
1
2461
2
112
51
2528
1566
4096
42
28
5446
12
0
0
106
4775
623
4212
0
0
1
1
1
4
2106
5536
73
48
0
0
4151
0
23
8
150
0
58
1485
4826
8743
312
6384
1559
151
0
12
994
3
7381
4263
0
1024
3
28
1
2534
0
1061
0
6384
3
0
6384
880
2408
0
2
5536
10
238
44
0
3276
0
310
916
6730
0
2144
9
