100
20
24 0 2 3 4 15 14 20 10 11 2 27 18 3 5 3 22 24 4 10
11
9 28 22 16 30 13 24 13 18 20 0
15
18 22 7 20 7 21 9 15 30 9 9 15 10 14 0
17
2 5 21 10 20 30 7 9 14 4 22 5 15 9 25 19 0
10
15 26 15 20 15 24 2 12 3 0
16
26 11 26 12 13 30 2 23 19 0 28 28 12 1 17 17
5
26 9 2 18 0
5
27 2 13 11 0
8
16 21 26 26 16 6 19 0
13
18 18 29 10 4 27 6 1 6 7 18 21 0
7
11 30 22 30 22 18 0
6
2 27 24 16 18 0
9
11 1 24 0 28 11 18 24 19
14
18 25 22 24 0 8 14 20 19 13 11 16 2 30
3
5 26 0
9
21 11 25 2 13 16 2 8 0
6
18 1 13 8 19 0
10
0 10 6 8 24 26 25 4 6 11
6
3 25 10 30 1 0
11
8 24 0 19 9 0 27 3 19 26 15
13
12 21 25 22 27 0 13 22 24 16 26 4 21
4
27 29 27 0
19
29 4 20 28 24 29 28 18 0 14 14 15 9 26 5 1 18 1 2
15
21 26 14 14 28 2 13 24 0 7 19 28 10 6 25
7
5 20 21 5 4 2 0
5
11 29 23 12 0
17
24 12 12 12 7 27 26 2 27 7 24 28 14 11 25 24 0
17
17 25 20 6 14 25 10 16 12 21 14 4 1 28 26 13 0
11
7 19 4 1 21 0 8 13 26 20 24
8
14 10 4 6 0 11 20 23
6
4 3 8 16 5 0
18
12 30 22 20 6 10 24 5 1 22 11 14 18 1 5 5 13 0
18
8 19 13 19 7 4 7 9 5 15 25 10 22 6 9 14 26 0
6
24 17 19 23 7 0
18
4 23 30 7 26 12 21 3 29 1 22 5 5 28 14 10 10 0
9
19 2 13 28 16 7 11 7 0
11
29 29 29 27 2 21 26 10 17 7 0
15
20 5 1 12 9 5 7 21 13 17 28 1 19 9 0
14
2 14 8 10 5 4 8 4 0 8 23 24 16 9
6
14 30 2 14 9 0
17
19 14 30 30 0 26 1 20 2 29 22 16 6 30 19 9 5
9
7 14 16 1 28 23 30 12 0
5
30 26 29 8 0
16
12 8 9 11 1 10 29 3 8 18 19 13 18 7 22 0
13
29 29 4 12 28 2 2 26 12 23 25 5 0
18
3 15 1 9 24 12 10 4 10 13 10 28 30 21 13 4 10 0
12
0 7 8 10 4 8 13 28 20 5 23 25
11
24 9 25 2 1 4 10 3 12 21 0
9
8 20 2 19 22 12 23 23 0
13
30 2 20 7 13 17 26 18 9 18 12 0 26
17
2 27 7 10 30 17 0 10 23 18 12 12 10 23 4 2 9
10
2 29 9 14 16 4 1 23 22 0
19
24 17 14 24 11 19 4 10 5 4 21 29 23 0 8 0 23 10 0
6
14 0 29 21 14 14
20
16 5 12 25 29 28 6 20 8 25 24 19 29 27 7 25 17 7 2 0
13
29 12 15 0 24 15 27 14 30 9 4 13 14
7
5 10 14 12 30 20 0
8
22 6 4 16 13 29 0 19
16
15 17 11 28 15 2 12 11 15 9 20 19 22 1 3 0
11
11 17 9 9 5 13 29 11 16 12 0
20
14 12 11 11 25 28 20 22 10 22 3 19 6 11 9 24 2 8 27 0
13
18 12 4 25 17 18 23 28 3 4 20 15 0
19
0 24 8 26 13 30 3 5 0 23 9 11 30 0 12 7 26 7 25
15
12 19 22 28 9 19 0 13 7 13 27 5 7 2 30
7
1 2 23 0 25 0 9
5
29 21 30 24 0
14
22 29 8 9 20 5 18 7 5 30 14 16 26 0
11
23 27 16 11 28 17 1 26 9 30 0
14
1 29 26 29 22 22 20 21 30 29 10 4 15 0
15
7 14 27 24 7 14 14 3 28 25 30 14 25 25 0
16
24 30 21 22 24 19 12 13 8 2 13 5 10 17 18 0
4
23 30 22 0
19
6 3 30 8 1 23 5 13 17 30 2 10 28 23 0 19 11 12 1
15
14 14 21 22 30 8 17 20 7 7 5 11 10 2 0
12
9 25 22 21 9 20 23 20 15 16 20 0
17
25 1 4 12 13 17 0 4 14 6 20 3 11 25 6 23 2
18
7 10 1 30 0 10 17 23 28 1 6 15 4 1 14 6 11 25
16
12 28 2 16 15 3 28 9 9 18 9 16 25 19 15 0
13
17 23 8 8 19 7 12 3 9 13 16 14 0
15
10 4 2 5 7 18 20 10 15 27 18 2 6 1 0
17
23 16 15 8 6 24 16 25 29 28 27 8 9 10 22 30 0
11
24 30 24 29 17 13 7 0 10 25 0
20
24 26 4 7 11 12 13 2 26 6 29 22 2 4 29 10 26 28 30 0
15
27 21 16 11 4 23 11 12 15 10 26 6 3 28 0
7
14 8 27 14 3 2 0
18
23 2 15 21 12 11 16 9 27 12 0 12 22 2 3 0 14 16
3
7 23 0
3
4 5 0
4
10 30 8 0
3
30 19 0
11
30 3 26 9 12 11 19 8 22 17 0
10
11 19 20 11 0 3 22 7 26 3
8
30 27 20 27 4 1 27 0
20
3 24 25 29 3 4 8 22 11 30 6 30 10 23 17 19 23 20 8 0
3
14 11 0
6
11 6 22 7 10 0
10
1 30 25 26 24 21 27 26 29 0
3
6 26 0
12
3 3 14 18 23 4 8 0 30 20 10 3
18
16 24 3 24 14 3 23 6 29 14 28 23 10 26 8 14 22 0
