1996 12 14 4 8 1
2028 12 22 8 6 22
20 minute

2028 2 19 3 32 47
2029 8 21 23 6 42
38 year

2016 8 13 14 12 12
2020 12 13 19 57 40
18 month

1974 3 9 22 5 0
1989 7 22 2 53 2
27 minute

1982 11 17 12 43 46
2026 11 28 15 26 26
34 minute

1974 10 6 1 59 13
2014 1 23 4 29 49
55 second

1998 11 23 20 3 56
2004 12 7 12 17 55
25 minute

1979 11 20 7 45 0
2009 12 5 4 1 7
4 day

1993 3 7 23 20 8
2023 11 18 2 25 2
45 month

1987 9 5 11 56 57
1987 11 5 15 51 0
18 year

2008 6 17 1 56 38
2015 7 27 6 3 3
54 second

1979 8 5 23 8 30
2027 9 15 7 4 55
28 hour

1978 2 27 17 53 12
2001 9 1 15 29 17
2 year

1988 2 1 14 16 13
2028 11 17 12 34 32
3 second

1977 1 2 9 33 15
1978 12 13 4 47 41
53 month

1976 9 28 4 28 41
2010 12 10 19 49 10
4 hour

2004 8 16 22 15 37
2011 9 24 23 28 58
5 month

2026 6 8 10 46 19
2026 10 24 13 57 13
21 year

2022 8 28 4 28 21
2029 10 28 22 15 0
27 year

1979 8 6 0 12 56
1988 8 28 7 52 9
41 second

2008 2 27 23 42 27
2011 8 9 15 32 5
48 second

2013 10 7 16 52 29
2014 11 18 11 1 46
37 year

2010 3 16 12 46 41
2026 8 1 22 30 53
6 day

2000 5 25 22 34 44
2029 10 27 14 23 29
4 second

1972 4 18 8 0 18
2020 9 11 12 17 41
16 minute

2028 10 14 5 29 2
2029 12 19 3 33 20
31 year

1990 7 1 23 0 58
1998 1 19 10 29 38
4 minute

2009 12 2 11 40 7
2020 11 11 18 2 35
18 day

1984 6 25 0 49 55
2003 10 25 13 28 8
39 year

1991 5 1 8 29 33
1993 12 9 23 52 28
3 month

1976 12 18 0 31 54
1980 1 24 19 47 13
17 hour

1996 8 26 20 37 55
2026 1 17 13 51 4
32 minute

2016 4 24 7 14 6
2027 5 24 2 2 54
2 hour

2007 4 14 19 47 26
2014 6 18 2 18 3
30 second

1994 9 2 22 10 13
2004 4 9 14 55 10
14 hour

1978 12 28 19 54 32
2021 3 28 14 59 51
4 year

1995 2 22 23 1 15
1998 4 16 5 32 3
40 year

1977 12 15 22 40 38
2006 12 21 6 46 36
37 second

2013 11 28 15 48 21
2020 12 28 20 57 35
57 second

1994 6 26 10 37 50
2028 3 8 7 55 28
32 month

1980 6 14 20 7 58
2018 4 22 1 36 9
40 hour

1995 5 3 10 24 37
1995 4 9 5 27 48
28 hour

1999 7 13 8 2 36
2014 6 20 6 41 49
8 day

2005 8 8 0 4 35
2024 12 23 13 43 55
12 month

1998 10 1 1 26 42
2028 1 27 21 16 41
58 year

2011 10 26 11 52 34
2020 10 13 5 52 20
5 minute

1978 9 16 12 51 8
2007 6 28 19 47 14
52 year

2028 7 6 8 18 38
2028 7 9 20 32 34
47 year

1999 2 4 19 1 52
2006 8 25 1 4 32
40 minute

2003 12 24 9 16 31
2022 2 1 10 47 27
27 minute

2003 3 17 9 28 27
2014 9 18 1 51 25
44 year

1984 9 23 6 3 50
2015 6 11 13 11 54
28 second
