3

2 8 0
0 0

2 8 1
1 2 40 1111 0
20 20

6 8 84
3 3 18 1158 0
3 6 13 39909 1
6 3 57 62653 1
2 3 28 3031 5
2 4 53 42589 0
6 5 36 55625 2
5 5 44 47028 3
1 4 73 19487 0
2 2 34 92291 0
5 4 61 28358 6
4 4 72 73803 3
6 6 98 69351 5
6 5 88 85837 3
5 2 92 18791 7
6 6 10 83256 4
3 5 2 50509 3
2 6 92 89175 0
5 6 56 66806 4
4 3 32 89645 0
2 5 66 78507 4
4 6 82 29358 2
6 6 8 88585 6
4 1 16 44024 6
4 5 76 4677 7
6 2 96 71995 6
1 2 87 63422 4
2 1 31 25696 7
1 3 17 85144 3
5 5 86 5906 2
2 3 49 11017 1
5 6 55 76899 1
6 5 66 66682 7
2 4 74 17277 3
3 3 24 62432 7
6 6 52 78018 1
4 6 80 66633 5
1 1 43 76724 2
4 5 32 28509 4
5 3 19 67224 1
1 2 33 5071 1
5 4 89 37674 7
4 6 92 29161 1
5 2 36 77719 1
2 5 21 40450 7
3 6 75 79575 3
3 4 57 93855 2
4 2 5 52294 5
1 2 78 63953 7
3 2 22 74433 3
4 6 84 83667 0
6 3 87 50344 5
3 1 13 72065 3
6 4 89 25631 7
3 1 6 85056 1
5 4 45 46825 3
6 3 53 86049 7
3 2 85 79112 2
1 4 98 15381 4
5 4 92 91140 1
6 3 68 77503 4
2 6 12 76781 2
3 1 21 14282 5
1 1 53 4761 1
4 5 46 52629 6
3 5 8 8467 1
4 4 65 26176 5
2 2 29 13653 3
2 2 24 27172 1
5 1 71 33000 0
4 3 21 50052 3
4 4 24 7057 0
4 6 32 79462 3
6 3 11 94877 6
6 2 11 59657 1
5 6 71 86334 2
1 4 93 49026 7
6 2 65 40501 7
2 2 24 38461 7
1 5 76 17734 2
3 5 32 72214 4
3 6 61 92481 5
1 6 39 29012 4
1 1 78 59528 3
3 4 24 46553 1
3 31 9 100 49 87
