774193.7263738619 774193.7263738619
78658.1335036946 78658.1335036946
327.8800000000 327.8800000000
122.8900000000 122.8900000000
23.7400000000 23.7400000000
29166.2766360929 29166.2766360929
278.5400000000 278.5400000000
31.5400000000 31.5400000000
559.4300000000 559.4300000000
266.4200000000 266.4200000000
541.1300000000 541.1300000000
81018.8035212222 81018.8035212222
969856.7458974316 969856.7458974316
39.0300000000 39.0300000000
1125530.9375729163 1125530.9375729163
244.1400000000 244.1400000000
83.5600000000 83.5600000000
818374.2700801922 818374.2700801922
1199086.6629720952 1199086.6629720952
587794.3808563743 587794.3808563743
30.9600000000 30.9600000000
102840.4735116757 102840.4735116757
95099.5992245843 95099.5992245843
794.0700000000 794.0700000000
465.0800000000 465.0800000000
254.9500000000 254.9500000000
515.9000000000 515.9000000000
725575.0737369191 725575.0737369191
154608.0725569907 154608.0725569907
53.5100000000 53.5100000000
718744.9909015878 718744.9909015878
628473.3181002759 628473.3181002759
377.0400000000 377.0400000000
43.7900000000 43.7900000000
1076530.4057336750 1076530.4057336750
243.2400000000 243.2400000000
236.4900000000 236.4900000000
483053.3720537602 483053.3720537602
277.5900000000 277.5900000000
