9834594
2831487
0
85935575
10964299
505296
0
127170309
127786320
85062213
0
8662546
62874401
103997519
56796303
2203104
25045242
59260661
19918570
12598228
148771317
1393225
32763863
767204
35483007
68837987
15979226
488488
52808045
67041333
715392
0
999372
126882742
22937382
6769216
0
7480
0
834768
63407744
78575437
44500738
163731137
76018868
0
13091390
3737604
96428452
27665716
0
690920
12051665
24600640
2539536
1411200
0
35843352
36660666
25325774
32825984
124522854
73178459
128398273
0
50607051
75785223
0
4693360
67965583
136232000
22225033
65426019
34233453
9033774
964812
52131700
310386962
18277574
0
15821412
2362528
67225353
104786935
0
67869130
91845145
88559764
118951649
33796992
214292985
121280
108205183
54648836
54387994
0
119225133
5801568
167637840
61312176
24586397
250614
74086067
0
0
17989307
32214
0
1146327
42039758
10359586
29939406
0
11053052
188680994
4453680
0
62995248
314584
2790487
3710472
190071337
112038390
2915051
66574095
21890711
195917243
136688984
31279509
0
71367250
47456288
26312609
40641371
179964296
0
33041478
80800121
135028670
8329328
5712343
146288846
16513584
67285540
2948286
2098440
0
1683136
93423090
39702350
47463391
28678102
10207880
58547665
115163093
0
63368227
646380
3303825
0
0
0
184027114
71365829
0
1237950
0
113512414
212464
241637102
67989653
36466266
0
391092
140624156
69454443
107467240
33723501
21276047
13523328
138412216
34128928
4922700
51430236
69297919
38471061
0
41968514
88171771
0
0
5234200
129831587
27666968
34961520
89916686
84567423
0
0
36141740
87481731
2563990
0
65483572
28953232
0
186987
4297152
262700
0
77541886
108731934
144404156
92477790
0
199532672
304200
6999068
64021991
0
25078806
22293754
0
108956127
0
0
6906211
0
251770410
34600544
14323582
252976471
0
4614244
0
94577344
0
230789513
76339740
159579904
257933186
180776025
9475278
1839330
89100462
20285250
217514090
47856553
0
0
0
0
66012984
12562234
125569412
29897200
0
49264691
86849894
107535252
62163934
0
105664054
114587967
126539225
209670042
0
38010953
1345018
157597921
80382700
0
132544706
1730910
92970486
0
53456603
141488514
0
0
36109240
8077067
9601323
125486193
8385676
0
36061295
3667391
0
114064548
1308150
0
0
29911136
65818605
87203898
589032
10023756
65879929
0
0
30101055
27419482
34634087
132303463
17870828
0
158372
125449544
36520757
0
12694725
1631780
0
101934723
3817292
3023424
104203392
13251584
43653747
18030204
1562090
26952163
0
61533368
737520
0
16992680
23696544
186955283
230634493
98757541
118777374
216725212
44867200
0
327080956
1113848
35156545
420801552
167631306
0
6563430
16807518
19476819
106109970
539108
868952
0
0
2585886
5142394
48358897
3764376
114999357
95091400
59069112
87008845
1336504
49592230
12871996
17674225
386400
54927773
65477464
0
84885215
54144066
41218982
6583346
19975886
71328268
23538366
0
55836150
268533475
9117939
175246891
0
10428334
8326912
55518713
149562460
24783052
0
55257873
8032028
0
34250356
76946674
0
0
400026
0
0
4333912
89587848
100482325
46889612
0
157710267
17361854
43295080
262999210
32218740
19633254
736739
0
49675237
156648903
0
836730
1916544
177993770
73518587
28461190
2848574
119816403
0
57020761
35503355
83650089
101192869
232671331
21128864
164794161
192079201
59614506
13009877
54282092
68072864
7508240
129783147
13183668
10615580
144147168
0
141874492
8246392
97603529
0
71254958
3009266
7083510
19003980
0
14468840
54584008
0
124032006
140022822
103738882
31380489
100553740
5748138
1149810
0
41155998
77239216
120938817
66064087
567000
31200885
107974420
49731689
64245352
41383584
29256554
0
8749298
5981375
10838197
0
188285320
0
1242864
4823732
0
66675621
254230086
28180632
13551872
162419155
54555192
130364193
105057782
7118316
40492143
418075842
0
0
299104188
154266636
14108502
0
124559730
86341222
114963245
0
52810864
140560956
61282698
1990272
0
0
107120314
896610
82214352
42897588
44640954
51428590
3674405
294674157
13223044
118236412
171803986
0
129581973
149678347
121194841
23479800
54377224
23313543
288120
77889936
4366224
207318528
103555327
38736315
23635678
90407504
60534747
3298549
26170967
24753600
175792519
42007626
19629315
53015101
0
5214969
10182696
0
721072
114841991
0
81248728
88922498
12548676
382075
40997522
121474040
80561810
3850340
0
112220127
668304
16909712
26126928
24496507
4950251
0
0
187235541
121807836
33035472
3211494
182443219
178937066
97958601
44365636
32354982
55142960
11280
83567196
0
232213846
5140960
22969945
5140522
0
100419856
0
46262782
15084018
30298438
124041993
116944756
0
70645080
154178055
130403855
43929903
3692066
8428607
0
92292621
3074626
54067816
45199900
17702627
23080520
90221515
58944878
17610453
0
50005633
101430524
46329203
84700950
40416858
372738
0
901785
14913387
17849560
208606627
314954892
0
186194504
1717674
38500
76001236
0
0
592200
0
46327009
9184040
179355
28000
19828061
16591093
13997724
10514948
132734009
134635718
0
90984596
145579019
3602014
0
117972304
12206586
342622400
11285592
19801282
77454299
14301249
58894367
23235830
22610064
109306145
37213964
252296
7704
97438028
25719084
19330428
0
38185510
106327133
26745384
305740982
110966102
95149748
