343
199 529 13
781 732 60
324 27 23
692 226 47
74 144 3
642 738 96
65 270 95
25 760 57
76 311 60
10 95 50
352 294 32
918 427 64
178 751 43
253 795 22
601 221 66
756 215 5
752 281 75
400 306 87
857 382 99
570 744 94
520 449 40
704 367 67
620 897 70
564 503 65
86 104 39
752 860 54
157 965 35
185 365 93
972 574 28
71 496 72
265 369 21
457 73 40
724 694 90
446 258 93
964 696 97
703 448 9
9 606 26
245 143 43
490 115 70
118 187 66
843 804 35
16 262 61
557 338 55
699 785 65
992 749 61
741 804 9
702 813 67
629 410 10
272 253 26
842 371 65
909 566 69
696 583 83
557 492 22
464 191 59
629 183 8
842 276 64
504 978 29
123 607 40
534 880 93
412 74 16
829 335 83
698 384 18
182 941 10
356 758 1
315 739 36
375 582 12
239 86 90
268 209 50
60 95 82
105 859 56
522 688 44
857 739 28
775 273 21
537 981 79
490 296 71
978 671 53
390 262 91
132 882 52
482 295 0
64 400 59
73 274 0
417 483 39
497 610 64
518 147 45
650 637 93
521 615 64
326 357 78
217 842 12
21 324 7
921 741 8
681 166 34
481 583 18
372 80 28
888 950 76
33 600 65
826 473 33
642 799 42
72 16 84
384 38 61
344 959 2
352 992 68
338 825 3
456 549 35
537 437 37
765 822 38
630 0 11
815 994 63
358 66 31
94 803 21
155 147 33
309 851 25
629 189 3
884 998 52
219 535 42
857 300 64
447 282 65
510 450 59
373 160 78
957 254 81
578 410 80
511 71 31
437 701 72
892 585 70
544 157 57
986 366 9
603 165 92
868 675 42
479 401 2
157 358 8
990 936 70
970 800 42
153 589 43
526 481 80
248 25 89
506 364 55
415 967 20
959 187 48
953 666 49
107 176 59
516 518 47
686 841 47
280 994 36
575 872 17
456 473 95
845 979 59
953 746 78
873 58 65
821 11 31
522 471 59
933 987 78
281 25 71
780 658 65
517 233 90
86 41 63
33 239 94
992 192 92
622 65 50
87 239 14
571 113 85
230 47 24
760 680 1
131 812 59
849 681 93
791 768 34
854 801 73
248 146 65
92 768 83
643 208 74
557 779 39
294 361 38
18 122 18
119 605 83
879 806 64
872 597 32
258 451 86
884 51 84
701 144 4
584 139 12
410 48 43
350 342 5
688 360 79
59 831 84
242 710 91
106 934 88
91 545 92
229 429 95
513 130 39
269 67 30
882 829 78
977 179 20
82 220 32
661 631 64
198 225 74
189 683 61
129 774 6
873 355 87
669 220 17
960 490 36
391 724 66
869 701 97
690 784 69
222 797 52
586 995 77
13 536 61
374 666 87
632 891 43
319 560 15
488 521 5
77 912 29
495 781 83
92 823 19
614 398 16
118 984 12
496 349 0
909 75 66
448 707 10
343 378 70
459 867 91
64 944 55
746 791 89
481 235 64
0 849 62
316 968 99
980 816 48
533 77 76
399 525 83
861 869 14
532 680 81
75 744 77
883 842 68
472 323 3
236 675 5
751 344 25
250 324 93
450 857 70
726 609 95
62 470 16
776 354 96
357 430 93
586 313 87
606 137 63
861 725 38
318 476 82
743 726 59
336 177 68
358 255 29
906 317 52
322 93 6
771 802 88
316 740 53
55 346 90
118 560 68
857 878 44
291 974 23
50 662 0
19 21 7
948 279 25
52 953 18
159 724 21
399 392 61
953 800 60
995 918 72
763 127 2
8 771 76
331 821 91
183 192 64
290 493 43
715 545 96
586 56 73
907 456 17
320 409 17
80 756 88
104 520 67
7 880 38
235 563 12
126 98 4
742 388 49
637 456 95
486 42 51
59 301 59
728 973 68
198 406 77
938 510 97
805 517 29
796 753 92
608 231 42
964 974 82
814 611 38
561 97 32
364 508 85
624 589 59
644 787 17
421 77 27
70 882 45
599 30 50
43 638 81
937 955 55
220 769 19
958 330 68
443 46 29
580 670 18
691 315 57
208 736 34
236 159 16
133 110 99
783 506 37
664 443 44
872 663 65
43 974 47
311 417 94
792 997 64
510 689 79
367 897 68
301 485 27
470 618 37
669 753 43
858 770 87
3 642 2
268 37 76
216 700 93
210 493 43
226 3 84
206 723 33
626 24 19
853 846 89
542 515 43
738 726 13
377 729 7
679 349 96
956 917 96
1 127 41
44 354 97
480 912 20
814 538 96
985 743 43
774 285 10
669 23 36
982 400 17
641 80 67
337 388 84
86 389 64
679 786 70
276 266 34
9
1 1-1
472 645
6 1-2
215 540
192 852
302 861
876 439
196 628
656 189
5 1-3
575 879
800 412
965 190
376 644
976 398
2 1-4
594 332
221 27
3 1-5
218 444
723 758
636 575
4 1-6
850 803
852 398
784 860
587 844
3 1-7
818 645
848 135
187 576
5 1-8
515 326
405 109
658 626
136 166
197 581
2 1-9
955 569
464 368
420
620 572 69
404 433 9
600 221 27
597 69 63
784 997 95
651 323 0
761 333 78
249 499 75
830 388 83
400 204 3
171 824 76
341 580 61
450 181 82
729 130 3
792 267 52
987 918 75
939 31 60
870 281 59
997 111 99
80 863 3
236 387 80
964 728 12
125 530 45
859 259 76
662 404 43
814 743 13
641 683 45
801 905 26
812 902 89
211 335 5
166 571 92
298 887 72
11 364 2
256 223 13
984 237 17
979 51 61
893 44 96
190 845 1
416 657 3
457 220 90
362 386 13
654 37 0
26 48 64
280 656 87
794 993 24
63 972 27
724 217 71
420 407 68
373 823 77
229 633 97
419 995 36
533 650 73
885 28 73
250 309 81
189 103 74
366 518 99
945 243 16
569 15 24
37 741 99
515 970 32
564 741 80
0 626 30
825 512 58
698 114 19
932 655 74
806 373 93
357 319 88
774 888 55
950 277 96
301 144 18
286 709 60
266 709 86
248 535 50
258 585 64
578 517 72
352 676 45
997 33 64
885 159 4
141 461 34
489 115 78
808 401 87
868 19 49
906 267 84
457 877 21
473 455 39
145 160 67
191 157 52
907 395 64
864 888 25
98 377 92
476 537 93
564 757 64
65 664 83
749 473 61
722 946 16
213 92 28
380 635 38
933 542 33
997 406 73
874 504 2
867 333 40
612 249 49
377 314 65
112 415 38
373 137 37
442 351 81
670 83 16
408 368 10
893 717 17
618 592 73
721 811 58
713 423 7
814 152 21
580 265 88
170 638 26
707 80 29
40 103 64
656 863 33
167 757 50
436 727 42
561 448 5
20 513 29
727 328 33
101 260 50
241 430 41
519 490 73
148 530 76
565 187 40
998 706 49
148 494 76
243 55 77
148 75 90
829 155 70
15 608 82
465 849 13
258 369 55
132 869 85
108 786 24
948 784 82
249 285 76
926 880 32
403 380 59
745 562 66
768 577 74
50 394 76
763 653 97
670 785 18
756 245 5
732 546 41
415 795 26
591 73 6
175 476 87
835 574 49
1 342 78
128 392 24
456 508 77
153 178 14
423 286 60
128 19 58
322 434 53
448 377 27
807 553 55
546 388 29
495 741 71
725 221 16
349 677 76
979 182 6
393 958 93
405 438 12
963 760 98
669 209 75
96 16 28
703 914 68
533 409 62
56 486 83
324 187 13
100 166 47
407 912 5
352 669 44
964 985 56
362 654 17
137 102 85
818 805 99
886 690 60
48 747 46
784 71 34
549 524 52
848 283 16
754 635 86
450 951 23
258 665 77
276 154 79
661 972 36
961 211 27
21 611 74
920 747 97
6 296 73
258 145 8
127 251 43
665 53 46
188 311 11
365 587 18
996 249 42
432 562 53
911 583 17
785 855 64
435 861 13
960 472 10
769 599 61
564 264 66
311 804 77
74 521 17
992 517 18
235 301 80
40 213 15
457 350 71
974 137 32
787 98 4
97 867 55
658 431 71
624 94 75
253 169 96
470 513 13
288 100 67
20 493 80
336 302 82
859 276 20
243 63 18
748 512 37
555 170 68
627 146 15
502 752 36
899 574 49
164 863 2
83 235 47
215 923 49
698 782 26
318 26 41
388 126 54
325 681 76
45 660 75
860 163 27
196 414 1
398 930 16
700 14 52
847 581 75
648 279 10
374 949 36
516 337 14
170 662 47
346 60 8
373 920 23
800 117 89
154 515 19
370 567 85
174 766 67
902 414 98
412 141 48
300 9 37
314 531 52
361 229 12
421 603 32
644 403 1
985 557 68
257 280 87
542 454 53
761 356 20
260 768 13
60 68 22
197 734 53
349 448 82
561 221 85
46 866 41
647 203 50
468 460 30
855 3 85
9 116 93
281 728 62
694 788 82
468 338 69
421 687 17
955 601 38
741 999 56
634 998 12
84 466 72
815 322 27
0 683 44
245 964 24
907 10 13
342 478 51
863 251 90
832 206 43
670 299 42
79 933 41
43 18 7
115 833 29
543 185 12
439 430 28
63 690 38
828 384 68
579 247 19
722 79 78
465 101 77
208 532 11
949 575 29
508 691 62
38 586 99
602 25 29
131 440 71
21 269 55
390 848 2
361 922 81
539 388 83
17 596 15
780 897 91
209 757 34
823 147 20
622 750 97
203 233 37
475 254 6
482 996 7
385 710 29
718 249 17
153 618 65
121 398 14
312 959 72
898 782 19
718 756 21
915 312 6
552 139 61
811 621 9
918 358 71
947 77 21
717 582 91
82 703 90
49 367 49
421 265 84
292 335 92
914 250 4
120 155 95
933 318 17
95 236 27
966 535 56
439 252 39
531 687 42
373 736 10
174 509 75
110 801 11
803 67 13
159 540 20
655 473 38
124 920 74
951 239 62
560 678 14
399 561 53
941 934 89
851 109 98
379 219 52
242 374 19
355 534 59
328 541 85
266 665 5
793 968 44
855 528 75
521 927 36
875 221 71
316 424 32
267 803 3
19 397 78
838 753 12
550 433 53
735 699 70
192 492 38
537 699 19
912 221 46
848 448 67
71 764 44
403 383 47
307 402 45
937 593 50
101 495 83
454 230 34
176 422 27
514 311 78
733 223 99
232 424 47
951 495 64
95 251 99
395 910 2
92 847 47
894 948 42
129 754 24
63 930 46
842 796 58
321 882 33
20 466 9
520 417 57
136 865 8
135 612 18
889 704 17
588 950 17
430 79 71
206 142 53
53 337 49
563 658 83
296 30 49
158 902 19
515 38 36
123 526 48
993 415 4
62 4 54
79 786 33
850 993 27
903 398 64
104 961 74
188 609 5
89 767 59
408 282 98
944 757 24
92 102 91
9
5 2-1
695 802
243 834
35 445
827 115
700 225
4 2-2
805 538
606 345
147 63
434 267
1 2-3
195 901
1 2-4
491 659
5 2-5
936 761
140 584
278 187
387 873
21 774
4 2-6
200 889
371 777
421 528
315 379
4 2-7
815 442
660 82
216 207
983 389
3 2-8
994 837
634 108
329 571
3 2-9
869 958
611 242
84 930
444
326 654 72
747 182 88
478 56 55
920 68 89
136 275 72
877 325 19
67 312 79
396 883 17
617 193 28
860 277 11
655 955 65
227 54 47
467 532 55
522 804 23
11 293 50
836 170 28
7 589 40
286 986 75
303 955 68
283 815 97
194 470 5
759 50 59
859 517 92
14 392 96
590 755 41
792 943 12
320 950 1
512 588 39
587 243 95
207 527 62
457 721 33
662 833 35
921 692 52
65 58 96
14 648 4
255 793 47
19 113 50
21 978 38
712 565 82
359 125 9
822 934 82
107 596 15
442 869 7
646 287 66
243 301 66
947 556 59
594 576 25
896 949 3
787 661 20
569 373 45
230 195 79
964 302 27
180 744 49
439 742 36
757 985 37
76 284 93
835 231 21
412 127 70
615 914 84
736 835 57
333 417 4
865 382 58
344 914 54
693 353 96
329 463 82
618 539 66
464 726 49
885 139 77
608 106 91
344 194 79
453 880 96
757 745 78
715 89 92
121 135 98
917 464 61
51 435 52
118 899 78
119 784 69
896 744 76
940 88 22
819 893 2
467 2 47
498 69 89
90 190 24
740 108 40
853 159 75
505 629 26
236 749 11
105 997 7
433 937 48
956 108 41
710 576 44
858 74 13
799 516 4
875 609 64
767 462 23
743 968 5
969 556 54
332 13 51
792 447 41
340 755 49
133 817 77
929 27 3
443 826 20
499 701 81
663 821 43
338 564 63
643 885 19
49 570 33
453 714 32
794 406 39
243 539 56
973 469 84
776 264 62
448 763 16
729 778 37
473 468 53
888 112 90
508 513 12
493 966 26
277 760 32
816 356 72
524 329 93
260 457 57
823 258 72
791 987 50
228 812 18
581 701 82
523 561 96
36 54 14
262 331 75
895 499 83
419 375 64
412 636 21
669 811 31
41 602 19
543 830 83
513 763 36
596 286 97
544 322 3
458 585 86
485 832 37
868 251 13
284 15 49
158 36 12
289 429 14
408 972 96
44 485 59
380 433 97
630 329 20
933 788 57
272 625 41
109 846 44
322 130 59
523 288 95
535 578 24
501 338 48
297 734 33
208 115 19
406 97 48
278 30 88
735 654 14
376 764 12
620 86 42
231 962 83
878 497 13
954 351 3
2 648 38
887 857 5
206 615 2
855 893 84
643 980 39
409 356 3
21 328 41
116 911 3
851 789 53
164 743 4
167 745 4
257 632 13
462 191 28
764 46 73
801 41 53
140 451 61
595 824 89
488 292 52
344 143 41
697 307 36
753 827 33
809 84 18
75 899 9
603 15 55
729 816 48
482 308 51
944 255 28
85 744 20
138 88 64
331 137 23
268 242 50
301 51 87
319 478 38
528 434 53
135 163 22
136 645 30
587 589 86
215 27 82
488 165 22
552 496 59
275 116 53
178 418 56
517 89 35
755 970 69
8 457 32
430 593 29
513 533 71
851 100 98
285 588 63
807 492 11
818 120 28
71 298 98
727 167 87
862 274 57
783 282 67
515 65 60
597 930 93
268 133 46
966 418 34
181 225 27
892 43 47
720 114 97
670 193 16
358 56 90
367 839 24
834 707 41
247 304 71
192 572 4
238 890 22
225 71 99
704 963 42
303 36 8
552 706 2
968 416 10
658 136 1
982 970 8
724 569 64
747 762 88
904 352 78
126 929 1
926 633 65
120 288 53
429 840 59
931 808 28
841 818 64
942 153 86
103 877 56
919 976 70
308 880 74
938 359 4
640 637 37
657 757 26
62 538 18
173 821 27
701 662 97
717 957 50
704 412 79
612 331 56
634 991 88
8 282 47
312 274 36
602 283 46
180 345 84
950 518 6
529 220 20
927 937 29
477 993 41
257 605 25
365 239 68
353 600 50
53 264 76
741 218 59
187 750 4
172 701 23
330 230 43
502 157 32
632 635 26
525 244 83
750 961 75
671 314 75
521 719 39
998 461 10
757 648 60
862 172 61
837 854 92
680 357 49
164 341 36
290 866 32
374 969 93
49 640 60
676 513 79
567 511 92
677 621 93
538 835 65
99 24 72
891 56 29
193 220 70
481 863 88
14 237 57
859 638 49
371 314 63
251 233 26
295 911 99
988 449 34
206 548 10
278 792 66
59 337 87
181 818 50
169 184 39
479 396 77
428 767 43
891 370 28
218 666 39
517 6 88
4 564 89
514 194 81
81 253 18
220 786 88
870 956 73
109 435 69
338 215 36
233 107 7
361 677 25
753 546 31
241 550 96
630 417 42
811 850 96
681 70 34
370 292 90
595 753 77
864 443 45
252 676 52
11 389 29
436 142 75
220 736 78
568 366 47
110 530 97
258 563 67
193 285 59
435 880 12
465 96 55
710 349 83
414 360 24
795 149 19
370 369 7
200 289 25
447 399 55
896 658 71
63 203 56
874 638 37
438 455 33
445 165 34
480 579 47
905 374 96
176 97 17
183 649 6
908 97 57
516 345 67
687 409 70
495 635 61
832 74 16
618 871 34
752 352 13
599 609 40
947 785 37
16 968 86
374 228 35
132 744 81
251 783 42
222 279 29
535 463 3
303 81 75
237 834 79
751 785 88
991 85 73
680 101 93
18 476 73
806 608 18
939 859 53
481 433 84
10 320 48
966 624 81
793 861 67
972 964 53
760 955 38
685 987 91
930 6 67
403 164 27
621 103 39
327 936 24
311 946 45
111 264 69
993 409 82
60 381 47
265 493 54
555 530 42
947 460 0
814 864 64
994 837 19
33 164 55
857 828 53
354 291 18
475 284 27
458 697 61
405 962 54
659 870 37
253 817 97
853 983 61
969 977 99
188 10 15
343 220 43
797 574 35
867 50 71
346 860 68
207 265 83
914 276 53
151 530 22
848 735 5
410 57 83
161 597 45
76 293 65
172 442 92
559 309 94
230 655 54
951 215 71
986 129 47
539 280 29
613 480 65
318 242 74
353 403 71
399 480 64
16 4 58
208 563 67
154 793 75
608 96 90
679 82 19
379 973 51
9
3 3-1
831 925
905 74
299 258
2 3-2
623 9
309 239
3 3-3
313 298
586 228
17 741
5 3-4
392 701
470 982
733 553
53 112
526 756
5 3-5
465 588
998 722
14 649
980 843
624 342
4 3-6
864 368
170 514
306 399
531 47
4 3-7
276 101
243 258
186 796
664 298
6 3-8
420 370
492 360
720 214
374 370
194 570
346 888
4 3-9
210 256
597 76
563 348
608 962
122
884 415 17
494 601 65
158 251 40
931 974 32
291 694 46
18 416 93
588 763 33
15 325 90
612 402 5
313 362 19
434 246 35
151 92 88
369 603 40
909 534 14
294 825 8
892 195 77
37 783 40
71 150 17
713 115 19
270 428 81
789 214 79
76 366 72
965 735 75
457 996 61
571 642 86
731 887 34
660 924 17
0 347 68
370 60 83
789 330 63
923 472 77
654 548 95
126 865 82
553 322 79
514 245 73
653 977 60
987 637 37
104 990 84
724 712 97
459 853 79
622 776 51
0 431 0
447 909 17
630 463 40
161 977 37
334 982 66
747 969 4
84 426 46
120 502 58
217 962 11
997 936 40
248 288 23
400 736 32
770 366 47
462 527 77
399 213 59
666 960 29
922 44 55
520 165 57
830 734 71
993 83 60
933 684 48
8 84 36
641 206 2
440 668 81
217 68 47
977 86 7
58 8 4
213 528 21
222 358 55
546 351 39
806 637 23
706 645 59
343 638 66
697 79 86
579 296 54
26 625 92
785 683 0
589 248 80
910 471 90
318 17 42
457 175 31
632 881 76
243 224 67
709 922 46
548 853 94
454 231 20
447 16 3
447 606 52
680 868 75
270 186 44
564 995 19
495 979 52
424 223 77
991 284 51
989 832 56
283 287 87
555 734 3
159 533 61
363 213 82
38 836 20
434 400 16
5 248 95
457 672 18
486 15 55
437 356 87
593 639 74
332 195 60
88 706 94
449 69 59
383 459 95
504 245 96
972 250 96
67 707 20
738 546 35
693 983 43
832 929 82
907 613 29
67 701 87
113 503 8
373 886 19
820 390 64
9
1 4-1
814 764
1 4-2
874 884
1 4-3
420 371
6 4-4
755 214
749 36
49 656
650 430
76 351
518 541
1 4-5
26 266
2 4-6
346 87
483 910
4 4-7
846 77
872 980
951 756
852 723
3 4-8
769 478
694 518
515 743
4 4-9
165 174
955 868
44 848
723 70
116
816 768 54
299 31 61
497 108 33
477 411 42
681 134 22
450 964 68
321 479 64
200 996 90
507 865 34
355 940 56
470 756 25
24 55 8
38 905 68
571 382 79
213 64 65
687 866 81
856 539 61
120 739 9
910 598 26
96 954 66
352 776 22
377 153 30
137 191 87
5 114 69
284 328 85
401 367 4
483 223 43
396 695 35
657 957 33
784 53 39
850 406 68
25 135 21
607 273 64
94 278 78
315 915 58
953 316 26
457 151 1
852 899 97
339 557 6
73 341 60
464 543 66
632 920 53
305 527 26
169 973 57
500 289 72
158 242 40
536 699 44
138 903 43
787 243 52
393 668 45
405 132 89
823 117 61
377 422 89
555 944 62
12 796 3
736 954 45
129 843 96
673 333 0
468 472 43
821 865 63
866 623 95
807 446 64
669 823 39
410 731 35
124 743 31
128 832 37
373 961 80
22 986 13
222 454 85
17 627 3
832 494 26
427 653 24
844 322 0
683 84 31
818 209 26
101 337 58
338 62 71
419 84 57
184 658 64
70 27 43
525 859 89
603 639 43
127 483 17
827 518 2
610 688 11
137 789 48
847 479 62
519 898 99
528 435 57
344 857 37
788 382 48
77 985 87
20 464 22
638 644 92
692 254 80
603 391 21
203 591 1
865 462 51
964 990 86
74 687 43
211 827 77
559 904 62
899 277 79
721 267 23
414 959 77
146 914 21
668 117 12
669 982 74
920 947 16
959 373 55
502 584 82
780 495 39
394 394 68
473 468 87
548 882 98
526 28 12
20
5 5-1
829 911
717 163
37 990
462 153
949 835
2 5-2
803 771
643 935
6 5-3
882 682
661 102
507 129
589 56
363 387
934 744
2 5-4
533 792
280 444
5 5-5
444 833
852 906
986 153
742 647
308 513
6 5-6
596 132
877 278
146 980
137 275
569 193
991 957
2 5-7
735 408
12 879
4 5-8
808 741
485 641
945 391
980 450
6 5-9
979 759
351 974
707 483
852 985
629 832
474 257
4 5-10
20 248
710 499
335 471
512 566
1 5-11
672 308
4 5-12
666 253
740 646
704 226
977 815
6 5-13
952 522
412 804
859 42
988 333
651 741
353 251
3 5-14
853 938
275 717
504 139
2 5-15
812 136
55 418
5 5-16
53 474
454 31
289 383
335 811
796 139
1 5-17
190 479
6 5-18
841 220
709 92
24 914
30 651
631 534
790 372
2 5-19
926 780
117 155
4 5-20
591 961
568 232
345 903
395 493
395
417 683 73
772 876 46
833 320 70
99 702 74
82 588 64
807 287 43
587 756 50
124 699 11
693 931 56
948 678 1
343 95 84
568 220 12
14 405 32
837 505 34
311 587 23
575 394 62
470 333 19
520 810 70
532 503 2
240 451 80
442 146 28
678 715 48
791 81 5
223 918 10
710 581 50
785 157 96
147 627 82
266 148 92
437 32 95
891 272 98
23 714 45
603 393 12
403 184 93
609 759 64
319 821 45
321 606 54
718 754 34
152 372 82
44 161 66
791 52 38
989 428 5
686 31 98
98 435 34
944 396 45
708 67 67
405 389 25
260 459 79
94 611 52
428 655 65
794 446 70
784 435 98
489 122 81
939 572 68
573 516 64
671 576 32
590 982 73
115 242 32
395 336 43
399 116 98
564 910 96
134 694 83
484 184 57
218 475 30
738 49 46
303 72 23
287 662 57
660 777 99
844 172 87
287 923 3
737 840 13
633 326 59
668 811 95
826 381 71
556 119 72
154 774 44
329 61 6
486 73 35
885 917 60
324 556 83
527 293 23
992 278 2
504 947 65
199 125 46
722 681 65
294 187 92
290 517 53
948 3 79
384 241 48
344 565 5
579 445 50
655 437 29
57 941 28
622 493 5
920 215 38
337 862 25
529 504 42
135 453 98
814 189 91
762 885 8
619 464 53
770 119 43
551 528 84
631 502 29
836 422 97
74 760 59
499 289 15
794 776 68
444 590 9
335 705 94
495 324 59
749 446 30
792 997 59
128 628 13
958 816 36
355 242 48
966 742 89
81 888 66
2 684 8
111 371 13
106 866 90
917 615 36
199 759 86
10 888 66
324 198 83
60 553 25
260 871 19
749 952 59
367 306 43
576 770 14
489 228 33
431 145 48
468 344 60
206 355 48
572 31 46
107 91 51
885 703 22
404 452 26
516 172 33
959 748 3
126 589 31
159 21 28
159 841 24
919 47 79
567 971 10
765 79 53
516 964 8
490 720 13
417 236 85
650 548 33
5 674 22
588 833 43
316 344 36
740 264 83
872 183 55
34 949 86
640 817 50
948 308 22
61 725 59
698 727 7
731 732 81
354 672 66
349 988 10
186 80 26
421 952 10
276 339 11
914 979 28
164 279 36
487 693 13
398 391 40
505 123 24
638 829 96
956 178 36
266 716 17
545 138 21
655 766 12
66 681 91
294 197 23
183 36 16
148 434 7
489 291 82
265 929 11
362 885 42
150 504 58
667 49 48
841 56 67
353 122 48
197 768 97
320 303 34
488 452 20
695 293 12
378 558 93
241 272 31
283 423 35
394 442 36
994 283 92
361 989 66
761 538 34
359 858 38
345 698 42
765 393 35
829 123 93
823 365 18
54 0 41
141 746 35
629 741 19
173 454 60
839 216 98
625 575 8
715 272 6
257 37 51
92 867 75
838 42 92
856 448 92
649 589 91
884 570 32
755 743 86
615 582 54
365 207 29
973 275 53
279 532 91
683 977 10
858 815 52
750 23 0
994 672 41
985 908 11
69 664 54
608 631 88
362 997 47
44 322 22
997 954 7
988 637 84
550 847 51
154 597 26
854 943 50
847 281 58
410 702 74
716 310 6
604 673 55
404 717 29
126 66 83
85 55 72
21 957 19
772 112 68
250 318 12
400 166 45
811 928 47
885 645 58
943 601 83
350 5 52
80 484 18
115 569 25
788 591 83
659 715 47
128 966 65
892 718 83
937 529 12
36 767 9
94 62 10
529 413 16
681 845 0
900 312 21
877 452 64
460 112 80
507 240 98
225 484 16
108 421 46
272 457 65
81 904 27
492 785 40
260 467 37
512 719 50
333 596 2
98 409 66
930 268 6
728 493 90
244 954 63
642 226 73
807 308 29
35 152 14
27 412 81
217 924 52
367 609 1
321 59 10
388 989 30
46 69 24
189 666 30
104 660 8
477 820 68
458 855 20
873 234 84
106 451 8
59 170 70
960 844 29
622 584 71
552 982 40
328 523 58
58 628 19
367 457 39
335 916 46
808 141 32
692 247 84
853 306 6
623 266 2
452 240 86
623 793 21
216 121 44
474 532 24
393 899 34
484 586 2
430 746 43
963 439 90
299 292 97
157 915 15
860 719 56
498 695 1
119 911 22
616 385 54
92 131 5
26 615 44
228 398 90
923 713 81
514 12 73
763 169 40
630 381 60
738 880 55
639 351 18
14 319 3
920 412 86
78 790 54
822 371 4
664 294 17
946 160 29
871 275 50
712 906 84
624 996 16
231 636 67
749 650 39
4 922 3
391 0 93
97 174 64
201 839 11
18 137 71
199 8 47
549 720 5
633 696 1
949 927 89
969 676 39
660 681 14
763 424 14
656 521 89
273 722 80
184 740 17
607 291 25
306 840 98
911 826 46
513 127 74
102 96 50
694 756 83
560 871 7
74 880 28
115 153 2
347 689 94
364 296 85
742 955 26
192 866 4
338 731 31
764 186 80
515 232 88
650 792 60
858 218 40
586 686 45
741 33 34
635 398 82
821 492 37
199 36 56
403 726 87
86 491 25
866 358 57
755 8 1
515 866 72
507 805 58
652 546 91
838 181 41
320 354 85
758 553 21
766 308 48
505 395 91
431 261 49
940 368 57
594 235 76
466 742 81
24 746 79
967 584 60
309 905 67
494 15 72
9
6 6-1
533 368
638 928
159 69
541 308
362 910
817 956
4 6-2
193 774
592 374
798 338
453 765
2 6-3
66 426
180 385
6 6-4
547 257
341 680
790 709
670 70
868 740
612 528
3 6-5
874 345
410 723
539 536
4 6-6
265 334
654 719
451 929
137 230
2 6-7
522 503
360 131
1 6-8
40 922
4 6-9
62 992
125 802
956 653
608 182
351
370 906 89
906 221 7
240 227 78
44 156 15
274 969 89
777 329 20
973 721 42
230 784 87
355 938 95
360 547 78
710 917 36
952 824 9
459 416 37
37 812 45
104 86 15
693 215 96
413 540 18
408 770 54
747 125 92
394 485 91
224 548 9
960 852 85
270 311 53
159 700 18
204 156 56
571 849 72
620 614 64
38 374 35
944 473 12
436 868 50
828 92 98
489 405 50
326 675 13
931 186 65
349 742 21
558 314 22
630 934 36
946 324 63
681 268 36
894 56 56
944 884 49
894 725 54
696 403 81
809 335 67
974 36 9
647 594 75
169 576 61
657 523 85
520 556 5
209 802 62
765 98 98
414 992 24
820 688 79
253 849 14
872 175 3
234 822 97
261 343 26
223 1 49
860 521 57
766 82 60
80 848 58
278 614 3
554 435 43
234 40 93
600 913 20
3 499 95
353 760 38
279 983 91
80 196 65
437 962 47
949 42 95
560 672 10
163 227 97
806 813 37
651 413 2
672 769 1
219 122 62
757 753 97
649 833 93
766 622 7
613 924 49
309 484 74
971 647 53
68 805 66
557 457 79
960 481 0
213 700 22
875 809 75
873 810 60
418 576 83
926 542 7
827 851 43
401 174 90
554 594 47
872 151 4
604 463 37
104 677 89
727 552 51
454 777 61
15 548 90
550 474 32
9 301 35
952 55 9
894 961 3
641 834 6
198 790 70
235 894 47
677 973 51
928 428 81
341 795 29
683 697 55
215 706 8
302 10 15
563 256 77
418 897 63
425 447 5
247 35 99
746 712 73
797 992 53
330 333 48
411 17 97
318 584 3
527 239 65
142 154 21
71 573 70
186 350 18
91 597 53
243 343 65
368 492 9
921 175 42
621 586 11
18 905 48
473 784 87
938 926 41
11 350 66
981 888 16
399 332 65
204 575 60
721 943 53
230 216 28
73 837 66
636 855 71
784 680 55
523 618 34
417 981 36
883 962 76
52 714 8
169 918 35
630 640 30
935 222 46
415 647 83
481 284 90
805 420 70
912 296 40
946 713 21
34 948 36
11 352 2
671 522 20
907 152 12
437 439 35
184 854 82
119 335 18
262 140 91
84 53 87
525 351 52
298 386 0
386 749 53
188 420 27
261 327 31
973 117 70
260 653 24
195 772 59
413 34 52
756 471 57
43 348 8
395 646 46
48 385 95
53 573 68
580 834 47
611 160 64
81 420 17
405 615 42
416 381 28
568 489 99
125 533 47
386 280 46
32 328 31
780 381 4
948 961 91
795 924 51
112 5 71
729 762 39
471 179 72
952 99 61
551 577 46
499 963 27
445 347 55
128 127 89
32 427 2
123 575 27
726 687 84
398 768 99
389 592 30
113 544 29
326 95 6
73 946 69
452 743 17
159 871 96
248 256 24
3 379 51
682 458 38
366 208 58
517 597 50
847 62 94
277 388 42
635 813 40
957 265 84
626 425 7
422 25 63
998 28 95
149 710 53
339 429 61
298 946 10
200 794 72
295 423 12
189 410 26
381 367 91
317 993 68
125 768 94
188 118 22
335 620 85
588 311 14
401 609 60
811 810 6
283 457 81
496 998 92
874 731 59
165 49 5
234 174 25
680 714 43
802 402 15
339 990 27
953 392 88
866 203 50
572 839 59
406 687 9
298 561 41
909 78 90
514 664 16
239 344 30
435 499 32
602 838 75
81 144 19
170 10 74
772 934 65
832 340 52
241 638 65
382 548 96
924 414 12
640 6 9
423 793 8
607 395 98
134 477 42
53 999 4
528 771 39
193 955 31
898 197 22
515 931 22
563 856 36
276 848 94
685 271 87
593 231 35
43 365 64
638 419 63
242 299 86
781 844 42
365 94 91
587 610 74
709 173 82
597 801 31
492 486 54
179 431 85
966 475 3
230 113 74
845 707 73
232 841 69
926 206 64
817 793 26
991 854 51
726 451 53
957 943 39
811 475 71
249 441 98
52 24 63
626 869 70
851 101 11
920 27 69
436 196 62
562 540 16
214 266 20
667 575 63
958 738 90
681 987 84
879 391 8
894 369 77
265 572 31
828 845 10
598 281 7
512 196 99
281 410 65
501 429 40
16 387 78
359 69 18
143 300 61
951 195 31
980 812 3
111 640 48
622 590 82
681 103 78
280 384 40
497 885 69
289 253 8
819 612 29
337 755 82
951 58 77
582 391 89
137 854 81
538 828 72
220 509 27
450 141 11
90 638 48
159 927 53
319 747 66
549 436 73
783 387 84
860 321 75
101 811 29
334 349 58
806 921 19
85 371 61
396 813 99
296 324 79
450 643 26
568 544 14
441 327 54
725 539 75
752 640 38
634 975 39
992 133 60
211 219 83
924 967 48
5
5 7-1
872 203
66 516
581 634
412 395
427 740
2 7-2
505 279
177 257
3 7-3
215 891
599 307
235 84
2 7-4
799 655
703 723
4 7-5
251 999
591 124
554 657
992 135
644
404 883 22
144 536 27
776 713 37
400 281 80
999 588 16
435 907 67
91 962 42
66 566 42
657 42 96
666 34 84
661 438 19
435 935 7
715 63 21
252 463 54
32 814 94
400 249 53
919 692 68
162 758 34
404 767 76
552 785 62
188 798 0
59 234 87
467 949 2
940 201 17
46 585 31
92 338 33
397 257 25
665 771 36
499 527 55
727 432 41
989 972 39
42 32 25
29 851 74
784 143 27
1 541 65
33 633 3
18 30 12
343 696 84
131 547 11
39 275 95
380 264 68
871 658 52
597 40 3
623 824 98
851 825 39
16 210 72
519 228 54
983 924 2
219 407 50
983 446 77
178 178 93
346 50 52
898 999 92
653 622 68
551 473 93
990 841 56
414 712 84
221 696 60
723 267 68
125 250 14
802 429 93
96 127 95
400 26 46
744 679 20
912 583 46
257 925 87
813 340 0
950 561 48
10 636 15
830 762 66
745 564 47
190 12 74
37 764 52
883 508 84
703 772 67
349 30 92
189 843 84
389 793 97
989 156 34
504 986 96
622 83 12
521 625 25
548 662 89
600 897 50
36 953 22
703 654 52
648 843 48
284 584 93
482 573 1
668 430 88
264 404 23
776 926 49
653 474 11
295 74 61
445 111 66
719 166 20
672 166 16
172 451 0
817 285 26
619 953 56
407 569 60
630 697 38
831 351 12
695 998 39
456 443 2
522 162 20
594 186 87
510 710 90
363 528 27
789 147 32
997 906 1
609 536 98
148 720 1
512 415 99
951 871 94
205 745 9
626 339 47
565 202 58
307 565 86
334 354 85
666 703 91
919 312 79
869 812 99
171 325 14
822 628 37
917 834 34
878 460 74
25 377 28
235 684 93
621 370 99
858 36 2
649 307 66
329 176 79
80 699 56
895 874 84
284 143 18
419 21 30
245 46 7
273 634 91
866 255 61
517 466 49
871 115 56
537 796 85
368 877 36
524 124 10
661 408 53
279 827 26
710 72 25
517 697 59
361 563 66
222 432 32
824 303 48
732 193 96
817 561 73
306 438 49
316 99 58
822 730 37
348 440 62
273 310 59
184 671 75
351 245 7
983 69 63
83 802 56
980 971 69
753 277 59
3 946 10
13 120 41
850 820 33
464 446 43
424 630 66
651 981 12
958 317 33
273 400 35
429 380 59
851 486 88
710 841 34
21 854 6
414 56 27
247 521 73
743 297 3
909 948 37
673 258 54
507 532 54
494 313 87
453 164 73
42 227 14
928 248 20
287 14 76
114 261 97
739 4 46
642 266 94
231 939 53
785 446 37
92 941 50
131 746 15
304 140 42
670 421 42
890 708 56
166 822 69
316 561 26
762 555 92
509 787 31
162 924 30
699 368 23
549 499 69
916 155 10
510 825 31
704 715 39
912 234 13
382 902 26
208 664 81
652 173 20
683 687 97
513 738 65
636 288 17
858 556 24
220 419 50
651 123 17
142 388 3
807 770 5
33 330 22
166 982 47
87 17 35
284 531 73
201 519 13
970 377 22
895 597 41
997 600 16
814 94 4
570 901 74
875 286 56
197 453 38
397 540 56
932 176 39
557 729 10
471 700 40
645 947 89
886 944 42
602 110 36
707 680 90
933 908 76
490 457 29
380 854 21
288 138 49
79 696 79
742 519 31
782 164 78
771 50 74
713 4 84
102 63 17
744 997 25
320 839 34
702 571 89
975 212 27
425 643 75
956 385 94
539 167 10
69 291 12
543 356 17
479 810 32
448 554 29
325 875 20
660 929 44
201 904 56
880 681 99
256 989 37
502 528 4
913 597 47
77 492 56
894 324 66
479 772 21
60 98 48
481 758 77
177 959 33
733 191 67
284 447 56
573 302 37
30 215 86
777 644 31
233 891 55
500 370 27
673 430 25
721 911 35
50 440 46
635 173 38
902 810 85
511 735 39
0 765 54
86 543 51
17 128 42
272 980 12
652 653 42
777 726 6
365 128 46
911 764 72
1 18 34
539 529 69
378 529 35
785 968 78
836 337 58
778 610 39
90 614 44
832 743 71
838 108 51
285 372 15
257 373 34
743 912 15
612 291 97
247 428 65
777 264 2
436 42 64
427 132 30
71 316 74
794 507 34
646 792 6
261 401 32
247 144 44
763 108 87
512 356 15
877 133 79
931 921 73
948 348 57
578 772 74
304 566 81
139 564 25
345 178 78
277 425 74
474 540 82
313 52 90
229 281 76
760 565 97
334 865 98
743 443 70
117 100 88
350 239 53
727 936 31
857 566 8
131 40 49
866 353 53
308 934 35
884 695 0
382 381 65
932 124 60
902 594 12
142 296 51
595 24 40
578 233 6
987 365 46
288 583 51
641 891 86
628 776 33
180 510 66
245 442 42
458 696 88
770 838 85
674 786 61
514 364 94
920 703 11
718 991 46
869 633 90
307 261 18
792 442 28
10 39 22
705 849 70
993 972 60
930 646 46
891 512 11
438 432 14
701 502 58
548 723 43
638 383 56
208 527 50
288 538 90
810 243 91
732 588 63
492 519 61
39 762 73
302 200 57
268 902 11
226 802 35
521 792 18
78 0 45
428 288 35
170 450 78
762 182 67
677 26 38
591 65 0
16 719 1
226 340 55
937 566 9
372 440 53
542 518 53
240 946 93
475 117 95
954 231 77
373 908 55
311 851 73
11 868 92
264 94 32
771 383 51
432 756 91
885 650 9
690 890 7
783 366 24
678 672 7
107 397 68
915 708 19
788 71 87
732 688 33
665 811 17
868 596 25
511 833 75
672 524 66
779 659 84
356 690 56
163 149 5
231 64 65
503 852 36
642 585 76
876 602 40
845 822 36
570 333 69
297 357 45
915 488 5
899 844 47
907 360 96
312 943 13
777 798 17
666 441 54
594 669 56
686 514 30
22 436 15
544 85 72
941 1 13
998 252 9
745 160 69
994 824 65
659 954 63
176 620 56
631 566 25
39 253 91
270 627 79
537 523 65
810 465 18
275 815 70
584 913 82
606 259 59
571 918 13
686 94 85
595 77 51
820 117 56
264 739 84
143 276 59
108 438 24
426 713 92
349 298 5
431 904 64
690 827 82
903 865 28
440 460 6
192 633 75
548 897 14
884 40 42
744 149 81
420 927 46
912 276 96
669 708 0
685 750 79
619 6 45
648 446 57
106 638 90
33 539 87
699 775 28
641 519 29
374 292 8
821 556 85
269 226 45
270 911 47
801 531 53
198 531 0
56 989 38
546 22 29
286 721 5
66 714 76
995 89 20
555 262 77
392 531 3
937 153 66
585 955 49
590 153 80
690 209 69
781 108 91
762 394 64
519 460 79
796 807 68
716 362 82
545 755 13
600 44 19
567 981 74
416 572 79
149 262 41
518 395 49
262 158 95
726 677 55
905 825 14
525 894 76
759 439 83
173 40 28
444 607 61
318 375 33
697 524 48
638 395 43
39 657 1
834 735 31
441 993 56
855 518 50
984 278 90
867 803 82
147 247 89
409 917 16
594 966 41
42 957 88
238 996 45
591 183 80
622 624 73
831 832 44
581 168 74
123 387 29
705 535 28
246 296 45
163 890 11
956 285 20
144 875 69
989 818 52
921 793 28
847 624 12
643 205 80
717 329 68
298 34 55
126 281 51
223 796 93
934 752 30
307 248 57
676 589 76
228 510 69
108 709 93
821 352 50
701 421 79
321 71 66
476 197 99
927 420 95
973 707 99
303 14 47
861 690 36
589 270 98
758 378 60
903 551 64
253 253 86
933 574 9
351 403 7
50 682 79
897 655 38
848 311 52
695 524 94
483 113 16
133 223 47
493 126 98
558 379 3
396 664 30
305 15 33
764 417 15
996 666 23
934 514 34
239 561 10
585 44 75
202 530 98
549 375 24
799 933 55
303 681 20
733 339 87
566 455 5
433 451 71
956 386 38
142 625 99
852 210 96
379 764 26
777 665 1
653 465 87
909 768 20
181 853 59
468 419 15
525 204 66
897 513 4
487 655 29
286 860 92
482 239 8
560 369 74
14 374 39
401 635 59
821 816 12
933 637 83
148 162 87
166 411 0
571 898 8
952 185 20
896 19 11
605 580 80
979 946 7
818 347 42
129 520 59
941 805 96
524 953 10
663 472 22
316 43 20
976 347 57
496 244 29
607 849 61
440 828 7
647 998 6
841 127 78
500 420 84
148 296 89
959 959 61
533 627 56
5 603 4
663 451 48
692 411 49
5 851 29
912 850 27
518 43 6
996 896 78
280 44 74
222 355 85
283 240 13
740 246 68
896 261 20
296 305 31
545 310 34
974 222 36
753 92 79
11 88 75
689 721 72
663 943 79
300 578 20
14
5 8-1
666 82
566 279
402 862
584 485
759 894
6 8-2
733 468
555 838
560 86
201 0
162 890
721 986
6 8-3
664 165
206 595
585 771
913 603
205 832
882 959
3 8-4
466 444
454 712
215 539
1 8-5
122 730
1 8-6
209 931
2 8-7
723 174
814 709
4 8-8
831 874
637 778
812 761
691 415
5 8-9
875 650
926 570
468 370
376 181
938 267
6 8-10
60 997
158 269
281 251
992 455
417 53
886 600
5 8-11
876 378
92 989
422 507
955 297
509 233
4 8-12
978 956
595 511
894 215
576 954
1 8-13
734 224
4 8-14
337 568
300 107
622 539
707 902
768
438 994 8
212 501 63
861 363 49
81 341 5
28 852 99
243 428 53
808 515 29
653 852 98
306 959 20
197 19 22
964 809 16
72 21 69
487 882 84
136 315 25
93 344 29
592 939 10
398 747 25
427 401 29
25 707 41
597 904 60
71 220 21
539 644 94
861 483 28
545 972 44
923 65 40
152 658 79
162 56 27
39 835 28
769 213 87
162 162 43
574 234 63
795 125 7
389 986 42
217 884 14
713 807 80
553 959 90
685 474 98
212 513 33
492 634 46
831 796 61
74 370 95
889 517 72
348 906 11
290 476 95
205 541 2
185 447 13
527 132 39
925 696 53
158 540 39
957 371 88
270 797 10
817 686 28
489 34 86
500 324 14
395 529 56
449 66 3
815 593 87
654 870 83
359 381 23
699 690 46
539 960 43
749 777 29
829 266 63
168 767 87
982 514 69
690 316 87
493 131 33
132 785 3
115 145 84
990 196 74
236 87 86
631 188 63
360 18 30
123 186 49
563 520 15
884 211 83
271 704 14
604 189 52
160 304 49
96 647 97
723 235 84
309 867 72
673 227 42
655 703 80
756 618 1
723 502 12
7 125 68
773 82 57
325 242 14
726 690 13
323 413 48
359 723 15
232 748 95
826 755 98
607 863 68
260 586 70
772 945 47
692 719 29
802 396 23
216 475 14
981 798 27
629 510 2
145 94 2
592 920 9
390 879 72
158 139 11
780 263 56
527 956 27
357 110 76
132 678 3
246 659 1
126 288 11
728 785 5
783 377 78
592 119 57
617 629 49
228 761 12
136 289 20
764 998 82
492 130 60
695 729 19
48 855 60
912 935 97
869 718 75
99 663 46
857 280 28
458 508 89
970 996 30
143 112 28
425 604 11
386 651 40
357 52 95
969 964 30
367 185 1
494 285 64
92 494 96
320 952 4
310 922 52
940 417 65
921 195 69
32 581 73
224 290 25
919 260 89
901 979 26
954 473 11
318 565 5
314 886 57
170 548 32
23 840 1
988 761 96
909 145 29
482 369 20
459 640 32
400 894 11
527 848 84
290 519 1
196 185 39
405 708 87
537 83 28
439 71 41
535 332 87
565 167 8
237 626 1
169 379 95
432 906 95
168 196 14
469 744 52
9 150 60
448 39 43
376 830 66
418 718 98
957 635 17
865 872 96
766 393 75
913 177 33
909 345 81
775 166 26
827 527 28
939 976 67
782 704 50
400 474 68
999 783 3
468 649 27
564 767 72
391 33 49
476 942 46
758 69 12
136 249 92
664 540 20
583 323 76
333 723 3
801 74 86
904 895 87
583 811 55
655 203 88
256 679 82
202 789 3
667 925 4
659 589 45
331 173 20
707 506 43
910 660 70
249 916 65
236 500 28
343 155 31
483 764 63
917 966 52
421 633 78
877 644 19
522 975 92
842 35 51
238 297 11
60 546 27
777 783 79
305 478 87
389 962 51
504 879 17
408 652 3
238 530 47
658 404 75
602 599 62
405 189 59
516 601 6
896 378 41
775 35 19
162 776 33
313 280 13
431 689 17
886 927 99
633 937 56
60 540 55
522 945 96
282 814 97
940 710 27
733 485 62
4 0 39
238 313 71
703 96 60
820 334 40
172 968 77
928 380 17
635 255 15
531 537 29
380 829 91
607 562 28
221 918 28
260 156 94
932 211 42
644 384 77
284 556 97
862 836 77
331 471 32
746 354 21
975 86 2
266 693 16
395 914 35
875 527 43
669 811 55
912 455 39
841 92 95
738 954 83
15 637 6
900 384 60
673 711 46
276 330 91
792 77 57
227 952 84
523 974 95
678 238 3
217 79 95
664 817 1
947 184 38
53 436 74
865 110 38
763 738 68
354 530 97
211 110 1
948 633 75
495 311 65
498 880 96
945 544 13
698 843 50
89 248 38
215 113 48
53 876 86
573 582 69
170 793 79
72 741 64
299 589 27
117 87 59
13 385 3
79 435 98
681 524 46
719 740 11
868 793 87
106 367 69
875 889 14
106 313 8
322 613 97
849 82 36
960 95 21
263 174 9
113 855 33
859 575 25
70 795 71
509 253 90
530 129 79
345 587 93
605 262 58
102 463 40
38 424 35
712 39 62
821 153 69
806 364 96
532 787 91
403 296 45
345 179 26
824 876 65
617 481 27
727 583 91
567 973 15
855 37 54
317 210 59
338 17 24
935 901 11
678 656 59
323 1 90
801 825 66
219 795 47
546 874 82
689 442 56
904 649 93
511 966 56
270 304 73
394 591 26
657 270 82
569 945 83
659 747 60
626 966 7
425 864 82
808 554 76
164 458 25
909 321 43
865 592 99
190 986 91
416 996 61
298 565 6
533 224 5
946 202 23
505 628 88
939 436 42
815 952 52
692 213 26
887 79 18
387 621 56
830 38 52
191 688 69
849 574 94
255 872 48
330 377 28
918 317 64
412 484 68
717 529 82
343 416 13
561 803 34
117 633 24
22 176 65
491 378 39
537 985 11
786 315 40
366 234 57
31 998 94
999 715 23
533 410 39
146 971 95
733 441 80
357 815 9
374 306 87
613 196 72
76 334 87
269 700 73
778 731 24
772 83 39
295 968 2
587 115 73
34 200 66
114 909 33
723 284 40
62 249 88
34 678 22
674 947 22
899 725 6
123 850 41
415 497 9
117 84 76
142 118 76
961 585 38
594 308 22
534 371 23
22 757 1
196 431 48
719 683 26
325 806 76
718 221 73
727 690 10
556 833 80
584 794 65
522 388 26
96 275 97
920 649 6
421 846 90
222 565 73
748 242 31
476 312 5
701 39 95
11 947 28
144 532 74
509 54 63
535 151 90
284 71 39
791 844 85
433 66 2
406 166 96
537 642 8
594 696 0
990 59 47
570 203 79
945 65 86
60 952 89
450 237 12
841 380 56
79 813 23
233 571 41
982 460 84
42 55 32
142 397 91
542 967 95
473 264 12
459 676 64
300 478 1
212 320 33
969 751 98
144 984 69
485 966 30
821 9 37
853 503 34
297 45 53
944 871 18
656 682 94
320 983 73
222 195 45
207 516 96
6 12 32
375 850 99
557 23 60
146 229 15
780 526 13
86 470 84
656 126 66
902 798 49
627 372 97
672 580 65
820 586 30
953 313 80
404 223 3
216 369 32
531 502 10
244 940 32
180 596 58
447 498 9
48 126 81
197 798 61
863 971 99
893 924 65
125 680 88
28 896 9
513 427 63
523 24 3
356 204 99
666 3 50
775 52 76
609 249 26
22 464 97
374 357 73
39 834 53
279 863 49
240 728 29
704 251 5
459 959 9
811 978 65
661 105 17
637 714 18
763 89 83
213 463 92
586 502 27
640 133 42
589 373 70
670 429 73
775 241 85
437 52 63
102 65 68
171 702 35
489 817 24
624 382 87
469 969 41
796 609 26
338 550 51
960 573 81
833 348 74
18 137 26
533 239 91
154 762 45
489 604 14
265 228 97
504 697 66
597 845 27
823 535 29
774 495 2
507 329 51
481 699 40
859 233 80
950 739 94
447 580 98
762 845 79
459 701 28
477 298 74
104 473 9
985 599 5
88 107 86
891 588 37
831 448 22
363 750 61
658 198 41
556 312 86
387 771 39
916 248 89
290 704 62
551 689 62
308 129 69
394 20 9
532 852 9
606 567 60
68 225 10
109 134 22
348 521 45
287 437 45
877 79 1
291 631 42
953 291 72
74 686 92
136 570 96
645 176 16
257 596 41
419 706 27
541 406 49
138 45 38
983 274 70
884 566 53
827 871 44
251 298 82
695 434 52
344 431 81
560 689 77
1 460 35
281 354 93
730 492 39
320 828 65
990 712 31
995 891 55
940 142 53
922 838 87
827 182 18
908 94 59
937 447 20
25 728 74
870 458 18
409 131 46
575 121 11
658 469 54
613 409 97
866 331 87
905 510 21
24 770 15
535 60 62
507 85 91
481 955 1
652 717 32
298 644 6
361 302 75
316 268 36
765 134 19
52 392 30
225 416 0
140 303 12
854 811 97
297 644 5
551 296 74
583 947 70
441 308 24
768 624 92
504 389 79
276 793 71
206 18 39
258 510 42
371 365 53
920 14 98
777 565 46
703 501 93
273 942 54
498 63 78
342 919 20
321 195 13
44 401 84
535 12 94
978 383 11
583 655 26
833 433 43
380 488 44
225 762 39
379 612 2
510 954 73
382 628 69
47 24 22
731 560 34
278 538 69
189 473 25
467 659 10
311 391 50
7 616 12
646 348 76
700 858 83
674 592 11
195 639 87
117 371 47
52 649 37
73 190 63
750 658 22
212 321 13
163 328 81
227 327 29
904 379 39
239 405 31
202 600 71
189 718 94
737 122 43
526 547 33
789 298 43
711 862 64
24 25 45
306 253 24
287 509 3
127 748 61
910 950 61
981 139 31
775 228 5
570 755 5
556 544 3
199 256 65
516 632 43
513 938 48
837 578 57
892 705 57
353 615 59
767 949 98
250 76 79
856 647 34
361 203 30
516 754 38
533 622 71
576 135 61
576 324 39
733 569 96
342 922 12
901 41 13
952 292 89
231 500 36
617 213 91
899 81 98
438 614 20
961 543 8
422 119 84
814 205 53
910 547 28
622 801 69
987 753 13
77 336 65
165 305 78
809 204 11
207 642 78
579 603 73
439 378 92
624 192 49
377 102 49
405 77 50
827 64 55
892 141 91
458 659 96
588 468 0
800 27 95
978 606 98
51 398 28
595 22 20
697 751 75
346 509 52
796 336 68
351 580 62
594 38 21
790 627 41
542 779 68
937 109 74
288 512 24
16 107 46
289 804 50
664 502 59
468 650 47
688 353 27
50 947 66
423 737 45
264 632 76
132 569 85
959 857 97
183 226 56
782 515 13
132 531 15
991 999 18
538 687 71
17 90 19
535 513 8
680 778 40
956 262 10
693 221 19
590 405 97
299 539 12
812 671 43
179 14 94
197 552 82
569 921 72
240 457 85
648 137 15
41 446 78
3 139 51
822 82 8
572 733 47
484 545 18
280 76 32
74 274 36
908 195 58
480 435 15
918 435 4
485 476 2
963 479 94
367 654 28
175 226 61
523 62 6
541 342 34
926 769 60
862 677 55
72 510 42
739 428 30
896 265 6
498 229 38
944 948 92
472 123 70
733 646 32
891 188 27
126 466 96
986 680 73
394 753 83
17
3 9-1
663 218
740 929
677 591
5 9-2
615 535
458 559
360 581
729 93
580 313
2 9-3
120 240
111 586
3 9-4
449 266
662 843
19 897
1 9-5
216 913
5 9-6
956 194
327 899
704 294
787 514
853 147
6 9-7
934 240
27 248
577 147
840 40
733 777
490 352
6 9-8
333 723
40 117
939 953
768 248
147 447
147 203
5 9-9
934 717
947 81
517 882
674 896
482 251
5 9-10
322 292
129 451
782 481
594 467
557 635
2 9-11
496 588
705 744
3 9-12
504 244
939 246
178 9
1 9-13
612 526
1 9-14
286 774
5 9-15
537 818
936 181
300 388
963 133
982 783
5 9-16
617 720
539 558
425 283
294 929
527 585
1 9-17
58 946
427
670 824 6
956 599 68
845 417 56
27 69 44
342 203 79
477 245 48
197 784 58
622 420 4
904 299 90
784 357 36
210 27 13
416 335 12
236 533 81
344 912 51
841 606 6
320 84 51
120 281 88
479 256 8
835 512 7
425 296 17
314 858 44
27 626 32
339 214 65
772 558 29
923 399 35
981 71 19
285 544 53
373 375 61
233 210 73
392 988 21
909 302 79
454 681 5
38 372 71
155 144 29
184 68 81
171 401 52
243 686 96
596 59 23
557 644 34
382 37 22
503 946 76
482 752 57
439 790 29
610 297 25
691 481 45
172 653 47
725 248 33
173 844 45
349 753 89
383 135 26
757 638 25
433 472 77
142 911 20
223 521 17
448 564 51
446 737 56
493 814 4
578 339 48
723 688 53
513 423 88
691 180 78
816 965 50
46 459 61
66 682 34
383 483 98
534 929 87
690 774 1
94 352 41
694 76 29
47 941 53
887 984 85
717 801 3
667 199 62
880 265 97
966 648 32
617 535 13
4 225 87
558 672 39
451 366 67
32 766 60
37 5 45
223 723 98
726 742 97
40 975 62
37 941 62
869 910 97
982 267 23
221 825 47
461 276 13
480 308 31
441 346 37
386 921 12
484 999 6
781 39 81
695 429 75
257 650 85
355 985 52
30 206 29
377 19 5
442 500 66
274 293 64
463 679 37
727 515 36
733 648 75
67 343 56
342 600 7
527 307 92
332 337 50
961 714 70
867 509 22
785 135 15
401 598 94
938 677 61
474 410 9
401 477 52
758 171 4
117 699 12
461 31 1
11 992 68
581 211 77
3 348 12
70 749 62
816 687 39
77 513 1
986 267 31
590 25 2
147 494 53
11 955 36
212 966 29
480 900 92
609 255 93
521 326 42
735 142 82
274 572 47
928 910 14
411 501 91
65 0 85
419 11 40
155 223 59
236 56 59
881 665 66
874 187 92
968 922 87
102 549 59
750 829 69
664 240 22
956 305 22
741 724 85
834 232 9
245 468 65
204 701 82
770 575 21
15 544 44
402 646 45
713 748 74
582 413 66
657 369 71
379 462 48
465 648 80
126 893 0
843 449 54
225 572 29
147 587 25
343 341 24
440 54 72
366 988 37
532 997 58
355 377 73
903 194 21
35 672 15
988 867 16
642 444 88
223 591 75
349 286 68
825 78 74
49 444 15
687 976 12
45 332 41
218 587 87
392 623 59
459 963 26
975 605 71
64 828 14
91 529 53
460 354 31
586 404 76
701 443 4
814 840 88
655 411 76
43 803 51
102 614 14
381 589 19
104 5 99
770 97 29
723 909 35
755 495 91
583 197 34
387 11 75
876 666 38
304 709 93
355 164 7
369 897 96
340 1 54
139 771 3
820 847 12
856 602 59
647 537 56
882 924 19
309 152 86
147 456 47
140 163 63
99 884 60
647 224 13
201 716 37
204 536 84
116 392 38
228 392 75
184 274 99
504 935 4
842 434 60
241 926 76
157 25 60
617 672 85
431 874 53
368 430 89
504 899 34
242 127 26
517 663 52
68 167 87
772 361 73
285 955 99
961 112 24
521 81 48
658 512 74
863 232 5
605 88 56
739 330 83
617 847 46
769 268 66
208 40 79
81 677 34
232 638 46
56 512 28
256 522 92
331 386 77
188 343 65
944 82 48
179 699 95
725 820 63
143 380 56
923 813 33
657 45 24
856 453 88
136 709 10
280 392 48
9 580 91
827 876 25
975 55 76
322 133 48
586 276 28
594 199 41
279 209 86
603 65 39
791 553 1
854 833 93
654 843 26
798 22 2
375 997 10
652 319 43
452 257 19
281 851 71
274 131 80
961 86 97
452 878 50
5 84 35
599 90 30
477 888 52
231 616 49
41 268 69
336 72 78
908 353 30
679 628 13
11 941 99
408 745 29
358 751 65
493 702 56
176 179 96
528 410 12
878 452 32
899 788 5
177 48 10
659 727 38
624 738 31
324 146 77
253 856 80
619 702 82
427 878 61
123 406 71
788 636 75
720 887 16
77 417 64
788 428 44
478 53 34
462 377 81
839 982 89
671 953 43
853 732 21
566 856 80
689 996 68
265 716 8
333 146 25
449 934 5
293 764 58
228 226 87
661 417 22
302 88 27
646 941 60
219 507 68
199 197 64
520 814 32
728 499 78
705 948 64
110 594 29
921 174 55
460 187 25
982 489 13
810 487 7
370 707 66
490 258 63
254 130 29
438 858 28
417 915 29
33 378 23
62 299 97
670 759 36
47 94 77
160 904 65
567 626 24
834 116 34
649 722 65
279 160 75
759 929 91
188 963 69
563 377 20
112 399 79
848 446 25
426 959 29
843 526 7
967 712 75
701 362 49
566 993 10
642 104 91
985 293 6
354 856 36
726 969 35
857 169 34
83 595 93
212 438 71
672 757 36
599 459 50
249 377 43
411 371 99
502 356 44
261 62 53
397 140 74
284 998 43
618 81 39
263 645 29
787 317 87
23 917 98
973 518 75
268 929 99
667 783 7
712 44 22
965 441 62
539 78 60
282 696 41
973 312 87
455 99 56
342 122 25
392 95 95
819 363 24
618 382 60
478 94 4
400 59 98
814 950 76
875 233 24
368 558 36
507 13 87
316 707 9
393 99 56
989 919 71
513 889 54
525 719 0
230 119 60
80 286 62
8 513 95
632 881 6
921 741 71
308 409 79
170 802 30
126 791 1
798 657 91
204 182 10
704 764 82
616 844 68
479 204 81
926 837 14
932 110 7
656 418 16
735 940 19
265 67 62
67 217 19
110 773 54
872 477 18
106 446 15
274 925 19
307 203 8
574 488 18
933 144 89
350 879 29
921 496 48
283 915 65
655 25 38
209 250 68
527 356 14
394 983 91
15
5 10-1
894 374
568 382
393 502
526 534
852 757
2 10-2
773 606
412 408
4 10-3
129 63
899 620
624 149
940 504
6 10-4
354 898
840 45
12 483
291 387
51 26
132 553
5 10-5
666 757
662 281
882 268
45 291
789 527
1 10-6
40 147
6 10-7
189 87
835 695
793 733
535 190
98 370
481 837
1 10-8
507 321
6 10-9
412 339
85 426
620 967
46 18
258 187
897 317
3 10-10
396 648
417 483
483 464
3 10-11
568 352
818 18
722 651
4 10-12
496 511
528 824
275 867
909 53
1 10-13
228 99
3 10-14
839 286
107 156
866 503
5 10-15
284 338
639 100
966 559
452 136
578 527
140
785 23 2
666 199 77
885 460 30
725 689 29
287 528 68
394 684 34
249 840 70
587 831 71
905 390 75
393 320 2
885 458 78
887 124 29
165 9 90
847 87 31
629 374 59
697 121 95
983 722 87
554 662 18
577 567 8
52 313 81
407 198 39
785 437 63
714 602 24
456 802 63
887 431 90
198 480 11
193 463 85
380 369 47
750 946 15
159 351 80
592 758 30
131 895 67
146 609 22
170 66 24
634 305 7
824 504 87
487 697 2
872 430 24
272 532 22
887 691 73
519 283 83
349 766 78
968 912 88
190 435 6
566 69 11
373 245 67
12 84 17
115 308 99
939 580 31
61 819 23
887 690 58
470 39 77
949 360 89
389 550 24
247 469 45
410 842 42
78 855 78
795 322 39
294 613 19
325 26 91
400 913 81
111 736 73
588 685 33
329 426 35
506 673 4
751 435 99
946 513 6
224 660 28
163 306 93
35 632 19
78 384 33
459 847 69
584 787 6
69 117 32
457 623 57
961 726 92
12 672 58
918 249 18
498 412 25
691 799 9
911 877 93
396 689 93
617 625 80
523 695 49
207 152 24
564 465 3
708 478 27
366 748 76
685 247 41
662 938 40
271 201 70
616 597 59
809 214 84
142 89 31
591 296 35
368 212 53
871 921 31
398 639 31
175 324 78
68 986 69
760 609 70
330 226 68
941 387 82
826 881 24
109 473 20
545 193 85
798 64 6
881 462 97
712 989 22
143 57 60
512 170 22
82 500 48
602 442 87
337 620 69
161 729 94
633 626 87
318 424 51
276 657 65
874 722 7
148 865 16
408 729 86
630 811 87
430 766 81
970 103 1
39 264 82
285 897 61
372 568 37
875 844 95
192 718 17
499 866 34
568 627 63
454 609 26
193 392 92
726 362 47
527 753 63
762 38 13
623 410 81
260 637 25
907 829 44
276 681 62
11
6 11-1
541 473
55 151
952 601
543 196
327 257
544 207
3 11-2
859 969
400 72
944 162
4 11-3
556 799
831 464
980 527
740 661
6 11-4
251 262
631 76
318 134
380 919
29 577
598 286
6 11-5
805 648
332 126
48 757
70 210
610 627
361 441
4 11-6
341 320
183 3
410 786
617 393
6 11-7
287 527
947 206
908 524
157 546
349 962
194 34
4 11-8
594 791
511 156
753 490
869 547
6 11-9
210 867
469 565
629 607
183 374
174 470
253 122
2 11-10
161 998
186 707
3 11-11
500 253
734 589
199 877
454
707 630 43
576 529 29
787 397 98
704 378 57
887 753 32
710 6 54
91 168 52
629 227 52
129 481 38
71 680 15
524 740 46
467 316 27
48 455 76
98 160 55
756 399 8
588 109 66
894 552 34
198 181 14
203 311 95
941 382 27
557 906 67
155 725 36
634 126 91
511 224 51
766 980 51
126 920 12
492 166 65
379 365 46
493 920 57
440 213 91
67 122 49
787 629 27
175 264 53
666 775 77
318 541 10
721 667 30
585 511 49
650 890 66
249 383 86
158 823 51
450 243 74
351 382 3
978 557 67
731 223 42
61 893 35
723 966 54
953 552 66
54 202 56
520 803 92
258 962 15
210 764 10
284 115 92
339 94 1
307 177 25
401 590 70
389 313 37
43 619 89
209 673 43
618 546 47
410 804 9
377 14 73
588 650 40
532 990 86
34 649 64
111 50 6
433 791 20
370 835 91
211 396 16
255 366 62
454 776 67
263 506 33
188 94 84
580 978 26
67 364 75
83 827 77
689 261 69
961 983 4
204 195 52
121 802 19
583 256 47
202 871 53
188 59 99
824 991 78
450 58 94
725 141 22
402 183 35
871 496 18
527 701 65
580 174 67
999 109 23
546 312 94
952 852 5
451 676 97
281 126 55
476 203 49
850 957 84
485 829 80
103 708 33
269 288 7
588 639 17
812 538 81
906 842 85
764 293 61
261 575 39
168 403 42
217 253 99
801 90 80
234 193 89
367 814 29
27 755 21
796 567 11
877 825 53
162 589 98
475 202 73
914 371 28
908 940 81
507 742 71
640 328 17
481 47 83
962 74 38
83 870 57
446 99 83
299 613 24
150 88 27
223 354 98
404 262 38
837 122 32
9 762 60
78 243 60
313 205 34
304 641 5
861 87 56
244 739 70
921 889 58
448 464 13
346 868 75
536 706 49
821 67 11
433 497 6
93 810 64
828 114 5
785 328 44
841 572 35
511 845 76
270 293 41
735 991 61
462 528 19
312 349 38
923 782 87
482 876 50
246 56 64
3 841 44
847 682 17
783 194 62
959 816 8
952 903 99
166 365 79
437 677 80
776 953 63
963 435 91
665 33 99
130 36 40
274 883 74
343 18 20
258 330 36
818 634 91
17 152 57
449 590 86
229 718 39
144 33 26
935 699 59
134 181 95
526 455 31
601 151 1
221 761 83
10 931 18
701 948 70
110 397 12
197 979 30
588 123 64
415 59 63
626 545 44
874 424 51
357 25 54
210 598 67
394 960 98
564 662 99
886 124 48
799 321 27
781 262 51
445 29 62
160 655 7
56 881 31
408 238 8
614 801 59
582 195 19
832 111 33
31 997 58
980 148 31
259 930 93
310 727 22
772 888 30
132 944 11
915 704 2
76 319 3
835 253 50
554 437 61
288 821 58
146 153 59
677 412 89
823 723 16
645 847 56
827 979 1
539 247 57
193 323 28
648 158 33
298 64 71
59 352 92
169 850 45
780 880 9
969 703 84
238 700 32
394 528 63
847 419 10
357 612 85
185 260 43
619 910 60
842 321 12
886 490 15
83 271 95
692 592 50
377 182 2
909 929 82
124 128 1
235 485 65
20 23 77
316 994 87
676 836 8
740 722 51
655 157 74
802 849 66
4 226 1
259 487 30
41 612 58
243 199 96
408 571 19
186 887 13
225 915 49
234 656 23
437 663 80
911 818 81
329 822 60
930 81 99
812 123 11
471 718 62
967 478 34
838 16 73
351 242 41
52 828 97
827 265 12
759 528 30
540 857 5
900 788 38
100 952 13
263 423 31
978 742 62
264 932 78
437 283 72
878 687 52
327 514 17
792 625 45
722 166 55
827 418 95
718 870 47
731 486 23
463 464 17
377 80 50
955 517 33
480 748 73
832 427 39
802 219 65
947 294 83
654 473 1
149 191 24
597 923 62
820 738 78
137 115 58
387 422 27
273 902 27
198 735 55
637 537 26
702 836 20
637 491 94
639 992 85
215 589 60
277 761 98
155 251 13
465 990 36
292 263 90
220 813 25
927 451 14
853 505 3
74 143 46
120 134 38
357 701 80
518 978 41
416 485 92
782 302 83
218 594 98
908 166 64
686 93 15
352 947 72
207 373 15
905 845 1
244 202 2
876 720 80
269 489 17
914 271 19
197 841 66
447 101 32
511 787 26
378 492 25
751 699 50
618 605 95
620 201 97
322 429 18
355 698 59
224 612 30
396 161 71
162 609 72
94 472 12
472 203 56
149 954 7
199 924 64
94 544 65
192 219 94
362 926 93
21 502 57
303 898 19
426 412 80
298 859 52
662 331 55
518 833 61
426 32 86
290 127 82
708 671 53
554 33 31
99 406 34
257 709 84
576 135 97
208 785 56
960 800 39
268 670 72
881 448 5
419 91 84
502 799 55
507 705 40
439 805 46
225 414 7
909 342 94
6 550 31
962 862 31
954 482 54
426 364 2
283 783 93
267 637 44
274 145 50
314 936 7
112 161 73
619 70 15
965 429 17
97 391 79
380 697 62
334 476 78
89 759 61
582 379 51
227 653 48
929 968 84
788 80 97
61 52 67
28 17 48
897 466 92
628 847 89
842 533 65
420 622 77
134 557 56
485 136 9
685 417 29
821 205 62
118 618 66
837 998 83
986 895 50
878 523 49
467 718 34
885 138 57
62 624 66
618 109 2
179 146 19
61 967 76
375 85 94
741 923 44
476 261 91
326 139 66
727 958 84
662 195 23
571 257 47
389 227 9
991 759 55
362 172 23
938 547 60
484 288 35
28 764 96
819 443 87
485 522 46
870 536 41
745 459 51
244 848 78
853 839 89
961 553 61
36 491 8
196 975 48
632 355 65
328 526 60
516 364 34
14 586 71
707 331 30
658 575 79
189 781 70
478 94 24
940 130 15
300 326 43
301 310 50
418 991 77
978 859 93
412 873 79
735 580 10
166 239 37
445 780 70
267 258 64
291 550 94
159 203 73
2 504 35
904 922 26
333 252 85
126 16 10
505 752 91
215 270 82
205 67 62
975 334 72
840 626 23
186 785 26
211 139 82
547 43 4
225 377 8
4
4 12-1
476 173
361 228
164 576
850 98
4 12-2
917 812
109 252
785 301
878 308
4 12-3
15 386
51 154
968 950
549 824
4 12-4
278 932
290 782
760 464
143 989
981
71 839 79
205 109 91
666 361 28
967 591 88
806 606 74
209 112 42
511 661 18
39 940 2
329 74 63
793 569 4
126 992 95
557 549 4
448 215 65
829 534 8
517 693 14
592 254 78
986 766 92
557 805 32
59 134 58
674 280 79
278 758 71
74 315 21
330 115 88
948 944 75
156 462 68
323 406 22
601 744 40
893 301 45
477 361 32
487 35 64
66 666 22
990 92 37
111 422 52
151 370 97
78 879 59
346 202 17
221 155 61
861 401 63
659 230 76
591 718 63
155 784 29
477 774 21
114 237 96
218 741 66
915 819 97
426 518 51
343 739 59
357 952 60
320 963 90
348 554 8
411 61 45
141 890 19
314 4 9
910 575 50
229 490 21
426 269 39
530 964 30
789 321 35
449 993 98
691 341 53
300 753 66
397 246 57
268 912 61
377 823 88
579 52 79
601 830 48
492 360 64
123 501 86
58 950 79
956 642 21
761 294 26
628 691 24
385 311 36
498 689 11
187 620 15
718 573 98
518 66 58
282 189 60
368 599 62
448 555 56
221 669 2
99 297 93
575 682 5
611 532 46
175 719 18
790 437 92
588 955 58
99 590 99
111 958 98
425 758 5
382 331 74
984 782 23
630 357 57
587 321 90
585 496 61
203 286 99
395 227 6
5 326 96
156 789 7
906 214 65
212 948 49
538 933 31
514 915 89
171 502 10
361 439 58
975 642 96
674 390 23
32 395 1
981 904 90
888 810 57
905 374 5
606 265 90
738 779 5
579 302 59
389 16 98
399 991 41
695 665 83
219 49 30
772 382 34
115 622 45
672 880 19
529 486 36
320 224 15
25 803 18
585 544 34
935 943 25
928 639 42
311 210 43
442 982 26
476 449 48
673 473 28
245 3 67
81 323 91
49 700 47
967 637 43
253 573 87
530 501 78
824 813 40
167 607 74
245 83 24
946 109 97
174 354 0
593 787 75
885 836 76
684 155 13
27 408 86
666 290 40
296 114 53
488 634 12
663 879 95
639 825 56
736 352 10
189 945 98
316 182 86
792 866 42
258 246 50
296 264 93
836 913 7
541 401 41
853 64 21
601 703 98
457 792 50
20 333 96
18 649 78
204 442 97
898 700 95
1 348 59
394 185 72
901 726 74
395 932 90
768 533 94
966 342 38
517 362 71
365 732 20
395 289 14
644 187 66
139 188 15
899 582 0
923 836 78
997 231 62
840 999 47
34 317 90
724 834 52
395 551 37
715 299 26
182 943 65
348 83 54
863 334 88
915 257 24
46 607 7
108 447 58
56 833 76
346 557 62
350 952 14
439 19 13
465 201 8
383 902 91
489 117 77
177 33 35
54 431 94
161 539 41
620 947 74
396 645 31
710 348 35
224 787 6
389 605 60
850 988 62
393 477 31
271 6 16
406 60 47
500 222 39
393 194 86
119 942 32
402 652 80
637 229 19
595 970 24
755 820 12
169 214 41
701 837 48
617 243 8
317 95 82
556 840 28
94 959 22
926 361 27
458 998 56
778 945 78
54 701 51
319 222 17
60 275 54
808 893 49
969 562 96
703 118 36
632 564 95
854 491 8
81 301 58
889 431 3
20 486 56
971 805 79
840 217 54
194 378 99
495 347 61
891 50 31
479 34 96
26 241 39
934 674 92
192 916 76
747 936 14
4 259 71
483 99 88
589 645 66
589 492 65
502 735 68
534 214 2
482 592 43
921 878 70
365 70 86
241 817 22
955 173 33
826 656 84
915 598 81
733 187 73
899 689 8
467 575 74
421 409 18
617 330 96
487 48 18
273 289 87
347 245 61
32 423 69
816 338 67
949 424 54
222 323 96
582 142 23
508 563 33
26 180 15
774 19 63
592 644 5
579 343 2
740 375 25
262 543 16
29 492 40
336 66 15
332 0 57
607 508 72
292 886 5
308 660 24
723 252 21
428 184 64
730 276 40
808 538 83
224 568 28
64 904 94
931 588 95
940 547 55
512 840 42
969 148 54
446 223 59
567 4 43
31 734 19
223 894 58
959 118 78
187 534 34
481 465 22
128 405 69
284 270 61
678 239 61
732 685 85
391 252 89
586 636 75
706 859 70
716 818 40
294 357 75
128 191 92
902 319 50
223 955 20
385 633 11
46 718 49
283 461 53
172 48 89
500 754 1
370 822 19
710 468 77
937 596 68
630 850 39
432 73 95
504 810 80
815 209 50
164 492 12
470 665 60
59 165 14
860 887 88
832 949 56
161 887 4
681 869 54
872 653 79
19 157 90
800 324 99
650 841 91
962 311 8
674 370 25
140 583 64
428 767 14
184 928 53
888 961 74
794 833 27
774 853 84
564 653 8
915 655 49
758 970 60
619 644 83
644 785 18
261 565 85
475 750 65
280 990 26
954 785 59
281 559 12
117 475 17
277 390 25
279 500 47
591 119 91
274 116 28
244 377 94
629 204 44
646 484 86
272 790 71
84 423 30
396 892 5
66 169 47
743 448 48
390 40 19
681 666 35
462 911 64
456 892 68
552 539 4
638 163 46
862 247 69
292 996 61
550 62 31
549 805 31
49 547 23
669 228 90
756 42 53
221 498 45
241 402 36
98 393 0
744 255 47
166 899 43
127 449 57
610 351 14
894 400 61
217 421 42
559 178 36
812 751 87
310 344 89
698 442 34
898 539 89
698 705 89
493 184 90
351 795 41
717 41 94
631 258 15
773 170 93
309 334 44
696 644 89
838 343 83
372 593 22
514 291 27
203 785 64
45 488 59
239 205 52
833 836 62
848 961 32
42 623 67
338 671 63
979 861 58
63 586 52
37 100 95
717 655 80
581 700 20
592 939 78
644 124 66
306 973 28
139 367 3
658 57 26
821 37 88
680 452 74
484 489 26
579 206 81
812 787 33
532 379 25
810 23 49
629 682 22
409 173 41
812 831 99
590 4 88
878 684 40
104 520 29
430 100 88
763 912 75
797 796 7
122 959 82
571 588 64
346 997 37
839 161 20
38 751 25
626 982 61
18 438 82
900 221 82
988 984 46
215 781 94
822 255 53
157 179 93
821 525 42
11 364 55
383 755 7
408 381 41
470 752 79
52 652 52
86 640 37
32 207 70
478 382 26
884 539 5
229 712 82
572 75 98
427 459 53
386 867 87
679 689 39
411 93 91
363 179 83
300 563 90
723 42 72
401 926 63
906 155 76
640 79 51
738 859 10
944 597 30
531 277 19
222 40 65
213 403 44
548 56 60
90 779 2
15 180 80
478 438 87
6 430 19
258 168 78
320 112 75
602 995 4
574 217 44
639 782 0
883 330 56
43 773 87
597 788 19
429 618 9
417 625 39
836 235 59
466 907 24
693 862 19
198 436 37
94 75 71
394 310 54
102 706 27
589 303 67
608 85 37
417 502 14
656 690 1
768 508 9
992 201 71
211 751 59
0 846 34
572 592 44
826 695 2
205 284 58
372 893 43
861 662 97
976 671 87
677 439 95
638 431 48
109 642 0
720 995 46
54 919 38
51 97 33
753 302 70
111 26 15
906 887 77
203 863 48
542 541 87
37 179 18
438 641 13
238 361 8
884 768 79
474 171 76
760 276 78
330 388 4
145 646 43
974 850 7
123 392 0
62 782 31
81 220 24
446 458 38
454 694 6
85 520 77
461 280 53
139 962 93
195 459 40
138 434 42
297 909 34
349 971 68
581 404 88
157 850 98
95 656 92
801 741 13
30 202 45
536 693 60
781 888 19
673 379 5
415 28 66
902 378 38
170 311 94
659 468 45
309 916 53
302 69 95
167 100 49
312 988 43
772 769 31
44 443 62
749 858 91
716 760 21
6 931 84
700 942 4
597 251 20
151 905 90
798 72 42
647 737 30
190 861 99
974 905 42
136 7 53
679 75 13
952 433 96
536 485 90
941 83 94
613 586 99
3 384 24
197 31 61
27 574 74
979 548 80
21 36 39
626 68 14
640 20 47
288 557 84
231 850 67
425 463 5
524 819 89
400 16 73
661 44 47
488 23 47
868 396 35
607 23 3
773 15 24
372 655 33
456 886 83
976 663 46
81 540 65
923 940 34
148 954 30
947 442 5
294 662 53
381 621 28
185 394 43
9 118 51
742 574 89
677 902 53
723 336 93
941 259 33
527 759 39
157 706 81
162 352 43
915 733 64
44 918 10
539 279 28
42 373 55
432 50 57
837 126 93
430 419 4
315 946 63
155 103 69
788 617 73
732 532 7
648 928 77
959 820 57
739 862 30
94 646 81
704 483 7
297 265 26
854 933 72
817 440 27
839 228 44
212 312 28
319 961 9
697 272 29
354 11 43
736 458 90
817 162 25
376 811 91
2 665 24
926 483 64
305 674 44
301 886 57
182 206 18
991 255 42
972 961 53
815 697 11
657 867 25
983 243 37
574 598 2
450 876 37
766 534 11
310 835 98
167 369 56
337 360 63
779 684 76
585 852 73
848 509 92
274 844 88
511 770 38
765 220 14
855 986 0
266 649 36
916 816 5
124 154 18
587 285 54
363 222 6
189 71 68
233 697 12
521 208 83
759 325 55
226 180 94
226 799 43
62 715 59
620 192 65
890 779 3
196 495 25
355 36 96
23 269 93
887 143 53
522 902 31
378 128 63
572 355 62
415 769 78
426 741 70
944 983 1
747 180 48
772 535 36
221 910 58
366 797 1
72 320 3
103 50 84
666 974 39
381 389 60
811 167 2
81 111 37
834 210 17
435 983 4
423 556 66
681 274 16
82 346 88
738 801 38
522 820 12
13 201 53
625 12 20
979 445 84
317 631 94
186 418 29
943 842 85
609 875 12
425 310 58
913 48 12
803 922 84
315 287 37
920 912 1
341 892 98
577 561 29
671 99 0
453 42 94
438 4 69
402 429 31
713 695 31
825 498 53
461 166 92
298 86 57
499 779 1
497 356 62
478 380 61
878 833 56
824 623 60
646 26 89
777 739 36
114 377 53
207 27 39
564 878 71
165 375 27
679 205 59
292 436 92
948 260 16
608 906 94
50 684 33
186 345 1
173 459 30
326 666 57
918 582 35
289 747 62
368 778 67
828 71 55
472 19 16
388 628 74
682 678 10
67 864 55
368 390 15
750 716 33
807 986 16
742 627 15
756 996 94
624 176 65
279 648 36
547 389 64
74 423 94
284 843 11
192 563 1
559 314 69
592 121 56
560 216 83
628 972 31
122 948 7
39 580 8
975 479 49
892 553 72
486 190 15
297 382 31
850 293 45
120 237 66
728 798 34
611 426 7
195 900 7
954 291 87
362 266 67
511 510 20
436 349 62
203 998 44
534 849 89
179 321 27
298 49 25
632 12 3
291 207 55
899 162 46
86 876 64
753 388 75
326 176 24
88 379 22
585 914 23
374 93 44
753 391 93
930 24 58
533 667 65
740 566 79
886 653 56
651 758 44
278 436 20
902 877 99
876 814 65
52 540 59
196 294 2
742 224 78
652 110 46
417 850 12
697 89 17
853 740 28
749 18 16
821 272 93
272 500 59
638 904 0
449 453 46
651 195 22
230 199 84
476 616 35
640 665 76
810 870 16
738 971 86
454 144 10
400 417 62
159 407 67
811 856 20
757 859 67
632 89 66
616 917 34
803 910 52
79 720 22
447 810 46
185 616 90
195 16 59
410 528 66
177 691 74
749 801 34
516 433 75
834 49 45
768 205 7
72 284 27
895 732 37
393 917 5
683 465 22
743 875 2
561 404 93
236 153 94
122 21 27
449 855 29
46 975 34
553 48 70
780 295 2
169 688 72
175 723 89
549 466 64
803 380 20
396 968 73
791 90 94
970 891 49
551 938 76
985 491 24
56 624 19
210 145 59
634 672 83
523 573 1
639 376 81
159 773 49
832 916 91
878 238 83
779 790 73
656 127 64
580 183 40
152 746 86
411 380 10
746 256 84
548 895 60
729 55 85
231 239 53
822 470 92
657 249 82
430 905 9
47 838 45
287 342 43
25 105 75
436 852 31
772 752 27
484 481 34
970 64 25
723 239 95
67 896 45
849 679 2
111 78 92
908 717 34
451 743 40
726 531 44
258 655 96
37 139 29
871 461 94
648 537 85
544 604 33
41 454 12
443 917 90
36 825 8
322 628 3
362 354 86
958 964 41
954 1 80
136 224 94
30 873 31
515 769 35
600 810 41
13 253 58
855 641 35
415 964 63
70 678 18
256 637 34
97 591 88
430 727 12
576 109 37
907 976 6
842 577 68
584 942 74
594 149 15
430 565 79
893 635 58
63 244 95
550 693 38
38 475 18
750 51 79
40 958 8
98 153 37
967 89 79
441 683 28
556 465 45
988 359 33
98 774 77
845 324 22
535 362 98
305 465 49
185 857 60
745 955 13
882 274 2
313 715 85
541 624 51
39 964 62
524 62 88
901 259 13
323 794 27
573 100 44
523 637 1
783 382 57
196 264 83
50 577 51
587 470 27
590 861 91
952 385 5
793 638 64
958 314 10
485 887 10
830 410 99
383 545 81
892 93 97
676 143 74
527 731 97
354 321 58
497 626 44
54 419 82
518 377 96
480 214 84
543 396 46
242 780 92
324 672 85
21 700 29
648 579 12
745 285 33
703 782 59
399 836 30
3
3 13-1
907 30
187 122
566 82
1 13-2
513 324
5 13-3
357 0
675 294
374 375
375 22
955 187
120
240 673 74
375 432 74
563 315 8
270 222 90
809 696 57
891 215 22
567 217 31
568 892 25
942 268 1
316 575 40
787 167 13
313 894 46
239 458 61
899 80 35
590 241 32
199 132 99
673 699 16
504 619 61
981 913 29
482 581 56
523 368 75
236 34 70
734 273 28
547 173 60
935 763 1
19 314 85
318 987 36
186 843 56
299 824 21
680 659 3
636 182 23
112 770 57
834 857 31
14 756 4
274 691 19
775 710 85
760 380 72
148 919 15
804 570 91
726 251 50
581 887 84
804 351 55
414 537 64
297 551 20
1 825 64
172 952 26
657 64 59
481 213 30
148 17 0
639 95 51
790 28 91
474 185 94
281 599 32
945 896 83
718 249 61
534 773 13
60 430 30
671 263 43
553 411 12
654 50 60
357 840 88
300 667 73
595 948 24
779 246 20
514 964 21
75 850 94
941 262 76
871 934 39
14 487 50
526 493 1
838 851 93
827 503 60
352 98 9
477 229 55
497 744 71
471 819 21
865 760 83
394 983 69
833 997 9
36 876 2
937 714 5
382 541 9
143 894 59
204 723 89
159 572 33
782 43 4
903 261 65
638 655 48
308 488 98
817 524 26
171 813 40
377 196 34
438 691 80
597 895 3
338 54 75
471 188 71
776 91 32
193 81 87
593 741 27
343 558 4
969 82 69
662 811 65
896 249 56
728 198 3
283 537 57
58 360 97
581 488 40
13 681 22
100 627 63
380 970 74
184 940 56
153 954 67
671 850 68
879 930 66
983 213 55
492 623 16
190 205 4
330 218 38
552 671 65
868 51 35
3
4 14-1
227 698
92 181
817 763
383 185
4 14-2
313 103
978 878
559 470
502 375
5 14-3
707 679
343 277
17 247
948 334
115 351
623
209 938 49
259 383 83
76 146 18
613 141 32
717 471 10
276 294 64
3 306 71
34 1 49
404 601 49
738 68 1
360 278 91
562 889 74
945 318 73
63 931 66
847 0 38
510 628 84
674 631 42
898 18 44
47 774 97
848 512 65
649 225 95
93 787 37
567 84 55
540 499 38
359 699 39
297 561 19
233 235 3
475 485 21
71 884 95
268 733 59
886 382 84
133 475 23
270 395 59
77 287 11
816 646 62
907 295 23
626 528 10
329 4 96
50 427 80
897 696 65
257 934 0
193 67 27
269 690 22
428 119 62
791 287 8
853 194 56
828 821 84
391 502 40
87 553 68
19 802 16
37 59 2
437 605 21
664 874 11
639 654 83
901 798 70
809 3 65
365 832 38
802 223 40
594 662 45
814 33 48
730 70 59
284 507 64
906 524 90
569 163 97
352 416 95
423 225 98
40 943 82
478 97 57
770 691 71
616 506 5
264 588 27
675 873 87
340 779 11
582 700 26
479 53 42
174 828 19
225 868 62
459 698 11
917 468 55
388 84 61
893 700 1
173 376 26
960 68 57
271 650 58
97 482 63
691 8 91
510 585 59
625 45 9
836 962 77
91 350 14
204 596 14
258 769 42
536 729 62
594 352 13
704 801 47
867 492 7
858 354 93
69 979 38
978 168 0
707 259 2
521 816 50
388 74 19
630 610 0
293 556 4
958 260 5
457 127 49
964 337 4
57 406 83
195 384 51
647 92 63
450 965 79
552 353 5
72 336 67
24 981 24
329 291 36
786 748 64
736 64 53
40 122 60
675 669 96
479 317 40
542 119 6
773 671 11
78 95 99
697 472 80
521 153 23
310 939 71
226 27 88
479 419 10
139 95 79
888 574 48
728 116 19
886 241 43
398 671 90
949 368 62
482 242 15
305 552 7
229 778 34
217 257 54
679 749 1
810 637 75
259 717 43
530 604 36
473 354 7
864 303 75
78 137 17
446 443 21
753 24 51
439 241 9
545 920 10
98 730 99
225 341 16
468 872 72
656 697 26
163 913 82
39 992 19
508 438 62
882 543 86
33 982 79
794 880 51
304 978 34
155 204 27
372 24 51
544 681 49
423 844 62
605 235 54
924 96 44
39 978 87
177 11 70
557 806 2
560 462 80
294 618 36
722 342 61
373 238 94
74 13 90
337 618 26
943 895 74
340 934 4
927 111 15
849 20 73
651 581 88
784 227 6
120 949 0
833 675 90
227 749 4
818 438 22
996 734 17
622 74 3
226 1 67
193 851 87
967 854 20
555 638 48
113 111 97
13 944 24
855 524 74
359 694 12
482 42 98
851 664 72
507 242 74
274 435 77
413 402 31
134 309 22
434 422 33
331 787 29
608 643 5
282 2 99
746 836 93
945 40 9
569 547 51
843 173 87
672 586 41
356 72 3
678 506 25
463 190 65
192 798 60
150 432 62
449 178 51
495 475 43
204 45 90
508 240 15
247 913 1
740 269 74
543 299 32
121 762 22
486 306 20
846 456 52
560 258 83
463 753 58
406 309 55
248 817 96
263 416 61
865 157 82
891 700 81
423 821 95
146 659 1
18 857 58
971 770 68
806 233 73
116 640 82
472 240 52
420 504 68
281 721 25
115 612 78
896 387 99
143 885 11
344 904 68
354 227 38
622 385 72
995 501 64
30 973 56
234 393 60
502 26 81
280 493 45
110 741 85
409 884 70
72 229 26
241 935 5
531 558 90
55 905 92
571 935 65
328 169 11
588 24 89
922 656 83
219 766 76
904 527 61
475 600 90
653 193 77
59 724 35
849 132 93
141 703 80
407 31 2
770 972 26
511 894 34
746 113 0
723 370 79
584 845 31
26 850 24
403 909 1
691 759 33
884 900 36
364 659 20
366 429 92
744 293 38
130 39 3
282 762 73
962 346 70
593 372 21
770 128 82
671 819 41
56 703 42
144 419 1
264 138 83
708 234 76
398 365 15
554 999 78
79 961 76
450 907 1
23 677 29
505 700 48
99 756 3
241 252 22
394 517 12
329 577 47
205 328 64
473 882 63
503 961 77
879 763 36
332 138 13
561 996 65
609 95 73
712 336 25
587 82 94
599 412 72
846 617 0
162 442 34
478 297 95
755 177 59
291 861 97
856 423 93
121 32 88
846 97 76
471 684 59
966 635 71
390 834 40
142 996 83
776 474 80
723 229 9
82 872 71
932 728 46
777 201 78
718 47 27
994 871 11
705 837 47
828 579 81
569 721 29
104 849 4
936 572 85
298 7 10
521 939 38
167 68 92
845 786 91
973 133 62
136 838 99
935 19 30
568 588 51
198 44 52
654 980 25
691 278 32
601 799 23
592 966 91
784 164 78
375 489 63
190 977 1
489 265 20
72 833 60
375 383 4
528 389 37
253 81 15
337 34 67
360 626 85
451 762 1
681 490 90
44 680 20
598 521 85
170 593 70
331 969 6
887 497 95
424 102 28
592 439 63
559 151 41
196 602 4
998 284 46
640 680 78
260 278 99
497 449 45
920 780 66
726 19 63
921 444 17
550 388 8
565 299 59
206 495 13
962 845 49
208 486 30
486 98 8
638 948 57
383 868 89
449 594 9
364 867 5
733 769 45
541 334 44
852 541 39
765 855 37
315 64 75
897 902 73
405 892 73
715 627 41
804 76 87
265 792 55
522 877 76
167 418 11
111 622 4
903 740 59
540 55 75
15 304 78
940 709 22
814 424 50
907 581 26
947 846 71
854 369 48
530 888 19
541 0 93
445 255 33
205 795 40
732 162 44
810 454 54
133 620 30
83 528 11
461 827 10
984 681 31
385 211 19
556 105 71
349 902 26
883 459 73
175 192 35
420 354 42
374 839 62
456 922 42
120 736 69
630 72 50
861 457 14
332 13 71
804 715 25
882 950 85
756 125 77
143 545 83
985 271 23
448 728 97
790 848 33
960 830 58
162 43 15
928 375 81
151 179 48
277 414 98
862 170 23
991 313 69
474 299 92
797 99 72
395 889 20
80 201 2
190 716 45
758 644 21
339 796 52
339 73 66
937 287 36
660 278 2
281 104 53
526 254 52
498 1 93
671 433 95
673 624 11
719 382 7
492 73 3
444 412 28
163 349 67
51 361 97
253 995 2
106 521 8
410 371 9
604 42 42
999 716 18
462 787 0
569 279 73
825 75 37
153 238 86
473 290 0
70 895 95
124 2 68
432 412 39
741 368 34
836 367 2
554 181 89
655 751 20
180 576 95
118 81 86
756 554 28
756 977 23
103 101 77
323 534 42
563 275 10
197 111 30
251 18 11
740 673 62
212 853 90
759 323 24
545 80 30
325 836 7
649 292 9
326 615 43
120 530 70
931 79 34
461 330 52
172 422 77
987 634 82
729 394 6
553 939 86
636 265 74
343 266 18
152 944 34
847 65 64
170 996 96
604 809 26
408 333 49
885 320 83
567 402 29
573 307 69
11 943 86
638 287 4
556 791 48
90 991 13
507 161 61
3 117 70
181 525 4
782 762 76
18 681 78
647 607 86
216 618 29
754 256 68
558 165 60
659 255 51
824 114 64
338 469 81
660 3 58
964 785 72
293 803 53
23 451 60
61 19 31
43 126 39
311 36 4
723 695 12
126 872 26
690 210 48
723 870 51
633 187 36
305 832 92
11 855 43
971 269 14
254 312 40
794 975 29
498 699 76
162 825 48
589 868 10
189 591 81
440 577 20
828 882 52
20 893 59
15 217 28
382 471 40
522 265 16
403 116 67
980 278 44
428 219 12
439 760 56
672 200 85
92 381 67
696 753 13
155 769 82
236 151 53
628 25 71
996 781 39
63 761 17
660 189 89
124 980 49
180 4 2
517 448 35
385 144 88
850 652 57
532 240 60
37 868 38
808 865 19
47 280 32
917 940 21
358 65 54
559 597 58
961 115 7
96 852 3
337 54 55
346 586 47
859 623 16
397 784 81
68 831 13
852 100 54
825 458 71
779 370 68
90 683 35
497 132 39
752 469 93
660 815 79
807 674 55
823 423 39
56 843 22
570 695 75
376 521 85
599 300 55
67 742 39
355 591 71
494 344 40
688 4 7
819 811 82
574 987 57
465 43 1
188 965 96
363 693 69
348 292 70
56 712 64
95 67 56
618 913 0
610 601 4
417 421 67
251 347 54
509 813 50
610 1 15
758 716 9
428 416 1
750 472 13
15
6 15-1
632 470
537 546
470 147
499 826
565 920
346 816
5 15-2
500 677
433 50
287 786
918 46
502 479
5 15-3
918 332
224 743
546 38
662 530
509 200
3 15-4
331 699
576 510
616 848
3 15-5
785 468
708 462
253 759
1 15-6
39 29
3 15-7
541 508
622 812
840 198
6 15-8
738 236
569 621
97 121
49 781
821 625
291 789
5 15-9
499 574
646 207
37 900
318 139
939 347
6 15-10
833 207
613 645
400 811
552 490
399 121
111 849
2 15-11
161 630
416 138
4 15-12
205 316
124 780
963 331
169 215
3 15-13
660 506
349 299
339 909
1 15-14
984 661
6 15-15
888 503
474 10
967 323
605 128
305 21
618 930
227
287 54 58
602 738 79
817 740 39
323 441 90
15 702 54
999 363 29
240 219 4
250 186 79
855 666 37
228 284 67
806 923 74
165 525 64
44 342 4
936 18 97
126 33 0
933 384 15
462 624 34
818 226 20
498 433 38
835 661 75
454 468 98
128 985 24
892 29 18
748 965 36
46 444 21
46 377 58
113 191 82
48 10 61
520 508 94
659 695 56
434 149 76
484 630 61
708 874 42
627 623 60
915 21 4
237 419 33
295 532 24
329 932 86
590 805 94
285 816 41
993 602 91
521 86 73
682 795 47
224 774 22
436 689 43
92 278 62
125 925 47
702 255 31
288 197 36
735 834 52
228 827 54
519 700 93
144 382 88
644 959 62
766 395 3
262 488 82
176 965 7
623 19 14
355 660 12
243 747 98
596 975 26
902 847 26
295 991 61
835 635 72
149 754 19
505 16 7
787 192 25
346 168 96
513 875 56
877 118 3
75 66 31
453 321 78
532 968 69
345 804 57
117 305 11
636 810 79
996 949 71
673 648 91
369 513 18
726 390 89
181 817 55
612 623 28
890 155 97
512 852 53
769 969 58
132 957 21
511 953 22
434 978 22
526 348 35
196 426 77
985 607 95
193 572 70
721 814 77
218 326 29
223 447 98
182 579 7
655 442 13
429 877 91
852 755 39
787 951 65
465 289 25
312 482 97
782 203 11
759 774 90
940 997 37
90 531 69
197 538 63
610 968 40
354 820 47
93 607 51
611 424 40
736 88 22
785 222 77
296 333 3
838 273 1
828 363 84
749 561 23
112 523 91
353 877 63
700 323 22
351 286 47
643 22 87
417 807 10
395 455 43
850 294 69
951 122 32
288 871 45
163 983 21
6 688 50
669 741 73
291 444 59
690 88 33
178 505 92
240 252 48
635 103 94
304 406 68
337 46 91
634 209 26
455 215 67
506 236 8
231 528 4
243 570 92
628 748 50
821 340 54
821 976 57
467 280 16
235 969 62
226 604 72
904 411 39
271 269 76
379 501 4
636 96 26
628 76 75
830 897 67
285 70 43
194 537 24
510 124 45
873 702 49
445 607 61
936 878 30
312 610 83
568 246 31
395 226 8
322 409 57
589 694 80
833 888 17
709 399 42
554 624 44
4 421 51
217 357 82
699 670 44
35 238 90
818 633 68
678 307 77
436 897 23
616 730 12
685 791 63
879 345 39
424 701 60
927 270 17
661 322 39
5 357 30
947 527 63
468 206 23
45 994 20
669 962 2
533 647 93
148 527 90
387 303 92
399 582 62
416 244 36
808 601 93
438 549 73
53 17 79
976 414 73
796 435 87
698 968 34
743 468 13
134 855 68
578 254 51
292 23 47
329 183 48
74 621 49
347 674 66
826 3 33
651 799 68
438 850 89
225 945 57
890 79 65
859 657 71
410 950 46
557 631 29
657 705 50
307 53 77
325 879 80
758 883 79
627 673 81
816 898 27
825 789 58
690 0 68
162 410 70
8 319 1
390 976 6
40 635 59
717 961 91
397 719 74
229 698 47
3
3 16-1
798 889
692 939
300 734
2 16-2
368 248
701 90
6 16-3
20 91
999 348
797 39
984 909
109 945
900 858
17
126 87 15
673 702 81
823 591 73
762 243 60
701 963 8
402 53 17
774 144 16
475 294 8
459 203 17
756 103 75
772 229 15
839 254 17
421 78 60
46 840 56
406 542 19
15 296 73
232 71 69
2
1 17-1
63 409
4 17-2
266 478
465 721
405 589
302 772
430
557 841 50
987 502 96
827 110 3
721 329 70
370 602 54
441 724 55
339 787 16
48 54 46
513 775 52
102 78 76
531 987 18
381 974 72
630 153 82
285 227 11
955 597 66
561 390 90
617 729 77
785 129 83
432 642 11
836 744 41
12 628 28
30 361 54
902 991 59
236 628 86
548 935 83
166 497 25
508 114 6
637 251 35
173 683 77
484 871 74
577 884 2
657 266 15
711 521 59
270 757 87
409 657 23
792 175 20
270 683 86
476 673 37
812 846 73
789 682 96
215 259 80
269 916 99
685 979 20
444 249 29
831 658 87
506 803 14
326 73 98
964 549 23
854 361 69
427 503 3
223 718 62
256 988 30
907 25 9
727 469 58
656 652 69
595 159 24
710 837 49
860 802 50
683 8 64
704 787 67
759 362 37
721 618 77
951 525 2
160 604 23
970 613 76
791 560 87
767 270 24
816 482 78
119 517 86
783 573 73
302 332 88
539 53 6
469 356 84
71 868 40
847 191 53
923 334 14
862 102 36
638 270 19
569 389 36
507 172 10
233 474 42
321 366 48
379 835 56
963 258 25
504 457 68
9 732 2
75 594 4
412 233 27
583 802 16
271 661 41
533 894 67
128 215 33
776 595 20
132 910 31
709 766 88
477 776 21
580 203 15
136 967 0
315 550 54
532 822 16
625 355 10
192 483 78
126 611 73
598 96 35
329 805 2
518 635 30
439 567 33
306 55 1
407 371 51
13 255 25
929 880 33
92 72 16
470 550 80
795 149 76
30 478 33
384 348 68
514 139 87
200 446 43
501 205 14
704 218 21
82 500 1
815 592 73
383 414 24
563 561 25
839 943 3
625 328 4
693 194 43
33 394 89
76 895 46
842 952 17
863 34 17
764 849 61
89 232 27
965 148 88
990 339 83
846 964 11
50 10 6
393 43 0
535 119 48
881 313 0
150 176 86
567 940 87
280 381 71
407 347 19
447 337 59
431 183 75
94 233 85
600 979 28
853 514 99
353 747 12
805 898 88
291 817 80
978 98 62
249 857 9
21 305 98
780 736 82
207 830 67
293 783 46
421 988 12
373 693 12
285 498 62
726 141 79
106 471 29
220 72 87
681 93 44
480 225 80
814 433 62
381 726 97
280 499 37
692 872 30
556 510 80
318 236 21
898 694 44
279 915 17
166 596 10
710 428 36
342 242 21
157 976 99
106 256 98
396 300 23
378 857 85
859 175 21
832 425 15
277 705 82
794 223 31
756 934 59
592 628 2
565 137 30
264 596 86
815 992 38
238 370 95
523 229 71
396 414 48
963 691 53
446 837 77
229 593 63
88 538 43
542 103 81
972 368 77
10 183 21
349 773 91
896 648 73
619 44 87
768 359 78
621 157 15
50 386 60
413 475 98
109 369 54
942 694 74
371 704 57
792 405 82
583 302 30
956 921 26
95 689 37
573 663 95
240 713 81
853 479 8
651 588 30
905 882 24
879 253 80
388 45 38
22 980 40
304 289 13
982 384 3
20 958 18
215 550 83
148 403 62
909 407 2
39 664 84
215 896 89
447 284 34
85 659 67
25 963 56
591 946 40
846 318 50
764 885 53
747 33 56
562 294 15
316 333 80
601 900 76
490 348 12
777 433 23
44 811 87
952 402 85
892 248 55
143 364 40
296 463 25
204 25 20
872 342 5
852 295 6
80 137 54
944 266 39
468 662 2
307 614 56
92 507 4
547 2 20
239 650 84
964 206 61
984 78 55
42 282 50
648 362 40
954 659 6
45 127 69
948 434 83
604 878 42
861 425 44
481 16 46
917 980 53
379 317 31
534 359 66
337 7 28
277 313 39
835 358 66
704 658 52
540 263 30
882 476 7
579 309 23
925 227 4
478 958 21
462 844 80
728 533 39
708 162 4
348 998 62
466 54 21
19 594 36
449 829 12
9 408 21
232 333 0
788 812 58
661 626 55
893 354 88
484 62 51
388 410 49
651 229 55
924 248 50
812 49 79
824 58 39
497 643 72
398 783 36
608 445 62
663 338 68
604 823 31
707 563 93
808 214 22
963 490 22
713 302 72
644 478 82
983 976 25
8 726 9
844 686 6
659 350 96
827 306 19
410 13 35
404 821 49
978 784 92
801 850 46
25 494 25
307 830 53
585 838 79
646 34 65
152 693 67
348 521 25
720 931 38
655 687 11
156 18 96
148 171 98
795 196 44
272 855 74
725 440 64
256 86 99
473 238 92
393 939 65
618 659 49
857 314 88
620 470 6
168 971 77
566 118 25
163 390 81
237 467 21
854 75 60
153 548 50
497 941 89
363 560 0
512 769 66
700 741 89
259 910 60
988 476 30
914 639 72
695 229 39
268 83 66
280 588 14
531 85 8
72 800 20
625 312 41
491 365 82
180 976 92
840 964 21
322 878 12
194 925 93
885 194 28
651 474 16
318 357 54
926 782 54
798 407 19
439 898 84
821 79 12
466 271 76
587 594 55
699 140 80
393 26 26
521 29 53
590 347 10
744 625 44
698 423 51
317 214 50
653 388 81
965 854 4
242 793 98
749 492 91
181 237 17
808 111 46
613 53 46
423 797 71
720 847 47
71 165 61
673 170 1
706 136 55
11 730 48
909 831 93
300 12 82
69 172 93
868 785 98
14 561 95
137 281 43
36 704 60
150 378 30
651 84 18
7 95 48
507 357 31
852 9 96
435 431 68
480 651 6
579 665 19
474 154 0
569 543 56
829 693 86
260 344 23
530 703 18
531 563 27
362 415 89
558 202 72
279 683 23
785 262 40
204 88 94
256 10 37
364 839 82
851 451 79
774 982 82
144 513 97
224 227 13
313 786 15
537 65 50
60 202 64
600 758 5
646 366 15
236 730 6
518 933 10
497 707 44
532 852 9
129 428 36
15
6 18-1
874 62
630 939
664 690
493 529
290 603
834 288
2 18-2
501 524
52 359
4 18-3
337 669
892 45
313 424
249 822
1 18-4
677 911
5 18-5
770 785
814 400
77 479
442 570
360 84
1 18-6
546 372
6 18-7
47 249
251 406
292 589
428 536
634 93
313 235
3 18-8
571 264
179 323
386 964
1 18-9
786 41
6 18-10
580 964
681 664
490 227
388 337
626 637
941 384
6 18-11
530 812
818 516
906 131
751 174
702 15
705 377
2 18-12
669 867
539 63
5 18-13
471 27
221 135
869 800
523 558
778 513
2 18-14
163 794
29 327
3 18-15
545 585
95 648
111 149
16
816 527 68
486 746 59
901 287 30
280 508 17
149 661 93
59 439 6
911 602 0
940 282 13
838 867 60
838 979 10
854 795 89
974 633 35
634 534 22
116 814 83
734 315 44
227 375 83
14
3 19-1
838 33
578 120
798 768
6 19-2
659 607
318 21
813 466
910 787
99 545
773 986
3 19-3
890 152
251 624
468 47
4 19-4
195 930
436 833
120 821
763 240
5 19-5
532 580
631 491
898 4
656 364
914 795
1 19-6
811 569
3 19-7
279 811
306 882
787 126
6 19-8
990 321
212 778
506 684
599 270
925 923
802 857
3 19-9
645 107
910 301
824 824
5 19-10
640 636
369 794
267 180
452 502
967 579
4 19-11
309 252
347 87
759 32
39 29
2 19-12
962 183
166 869
5 19-13
273 779
481 97
956 929
89 592
299 235
4 19-14
831 688
65 151
619 849
460 871
549
548 630 32
939 659 41
901 842 59
770 22 33
902 503 82
858 785 72
802 436 7
13 267 47
79 418 66
280 879 38
828 779 20
113 718 32
354 971 26
114 742 49
499 644 4
981 854 89
905 656 77
65 21 45
912 452 63
731 732 94
421 913 25
741 26 43
73 732 67
600 846 9
501 697 5
905 31 11
447 936 67
424 353 88
21 618 93
37 349 25
283 770 90
309 863 16
404 289 49
471 889 47
632 742 45
437 647 28
800 446 64
467 223 18
508 244 36
1 633 37
578 917 59
69 226 22
937 630 11
186 454 52
986 86 94
483 876 94
11 676 92
827 496 15
997 356 12
433 357 97
922 287 14
181 356 92
656 646 75
67 184 29
72 170 15
466 5 43
212 16 72
405 844 68
172 193 24
184 627 33
534 901 72
448 83 29
941 739 27
416 158 11
697 230 82
712 49 87
308 261 56
580 666 52
348 839 45
824 375 24
9 909 26
481 358 61
310 651 52
137 419 10
149 116 93
683 180 42
222 488 3
778 68 70
530 768 61
828 944 36
752 953 98
930 435 8
191 97 59
543 587 78
406 88 46
499 771 26
641 993 15
44 124 35
466 6 56
727 834 0
716 939 54
614 221 41
222 413 38
833 308 25
863 714 13
9 565 36
335 206 82
502 603 6
90 69 64
446 149 51
98 865 42
704 479 63
745 53 76
236 886 37
961 749 3
127 110 69
63 445 75
345 300 78
103 390 0
220 836 49
171 286 14
413 991 45
876 88 98
105 324 36
642 638 37
597 765 47
766 180 92
494 878 92
824 333 34
224 553 22
773 76 9
539 489 52
784 718 92
434 823 17
970 817 7
607 414 72
706 533 4
251 27 82
95 851 16
330 76 21
752 201 98
461 741 87
865 877 57
358 312 80
527 634 49
334 594 16
258 300 49
362 551 76
345 999 79
13 329 55
234 81 9
532 895 50
320 112 79
177 470 91
210 997 78
411 331 72
27 589 24
528 952 28
56 649 27
436 662 8
891 896 41
252 429 36
2 101 49
334 630 71
977 192 69
255 604 52
479 983 94
356 512 98
784 568 47
563 4 61
23 248 57
564 500 38
1 855 91
902 189 74
273 518 66
994 774 70
399 605 6
393 961 18
691 97 38
990 12 43
951 35 43
160 600 95
151 953 50
242 207 91
316 832 10
935 827 36
157 578 41
363 971 55
81 14 52
72 356 17
715 307 52
310 819 52
405 970 57
708 565 64
551 881 97
913 816 24
49 974 54
143 689 25
550 123 91
702 195 47
219 262 6
124 572 25
628 977 96
86 37 61
750 589 94
247 502 63
923 904 89
177 399 78
754 949 53
345 3 48
644 575 10
250 699 82
676 327 12
424 413 49
737 516 90
931 763 93
646 687 49
687 216 48
418 971 49
271 668 52
320 313 27
630 563 26
865 591 6
77 15 71
678 752 87
869 36 51
914 34 90
215 722 58
563 140 29
212 411 50
216 731 63
444 714 78
722 579 70
328 8 37
700 38 90
587 907 78
590 173 12
280 388 34
539 303 26
120 867 38
722 84 21
285 528 35
116 250 66
186 931 26
623 631 65
165 570 72
743 161 98
708 793 86
42 684 90
221 157 9
459 879 93
132 165 73
520 633 76
838 819 7
165 794 90
530 312 60
154 55 21
952 115 67
491 510 51
333 731 8
42 190 88
836 674 5
861 194 38
137 33 9
344 550 55
886 80 67
647 586 75
920 891 90
987 382 0
739 715 31
999 109 73
787 945 48
444 159 94
382 296 79
843 993 29
99 879 9
666 526 48
993 799 39
84 786 21
684 877 88
368 877 97
241 16 95
141 461 54
236 195 2
715 391 95
97 490 75
206 508 53
254 502 52
545 938 91
866 974 68
606 342 97
104 936 14
251 77 27
205 665 74
159 733 65
755 830 7
582 388 16
935 995 70
440 540 8
731 759 82
251 365 77
649 821 13
63 72 42
642 629 60
416 789 45
582 896 75
589 478 15
457 413 10
827 853 3
487 936 62
122 188 79
99 837 53
364 252 25
58 246 7
418 662 48
863 596 44
490 538 22
506 995 87
868 175 93
771 14 81
785 488 69
517 587 58
70 303 62
47 362 8
6 132 71
754 996 19
750 838 57
224 344 5
464 565 32
557 688 46
290 826 35
860 343 74
970 413 30
333 812 44
941 819 76
564 573 24
784 676 63
893 900 59
998 716 24
982 625 65
981 916 91
468 128 34
542 98 99
624 783 11
68 725 30
645 641 56
921 777 32
684 671 84
496 21 1
872 356 26
937 337 42
828 805 70
62 699 21
61 324 4
225 392 81
855 389 75
411 663 52
995 347 75
480 195 49
33 68 5
859 5 42
954 834 99
176 248 98
849 662 22
954 887 67
487 94 8
662 858 71
967 853 71
942 685 18
291 718 86
348 930 44
390 236 30
941 764 78
840 614 92
414 568 31
733 407 26
794 70 84
165 37 37
588 331 75
207 623 45
245 323 27
289 66 63
519 7 28
350 847 94
194 614 14
926 347 21
752 141 91
788 659 80
325 247 12
252 806 87
898 52 10
825 693 76
341 565 84
621 915 83
515 109 97
329 387 45
550 139 38
194 927 97
874 605 97
886 857 3
225 107 7
536 285 53
264 626 18
0 247 33
584 762 94
133 443 82
30 993 73
69 539 1
766 414 58
415 652 67
871 878 27
378 766 12
283 30 38
401 31 37
786 967 51
633 100 94
515 131 39
240 552 79
893 670 93
151 86 97
971 957 27
898 687 93
110 971 76
300 724 59
737 511 26
288 144 26
634 11 9
973 251 61
852 145 84
497 296 70
795 619 79
674 517 66
320 979 89
996 279 14
55 368 25
81 8 21
559 642 32
521 968 83
34 820 28
218 318 77
488 465 96
419 491 66
686 811 45
627 807 25
941 214 45
118 647 54
439 559 48
123 80 16
707 466 37
787 685 7
516 525 24
513 945 15
379 983 27
224 610 86
701 904 1
547 22 48
753 814 7
601 937 39
418 996 6
407 784 43
714 300 68
190 165 65
805 896 48
584 473 11
171 526 15
324 425 89
124 178 3
484 780 41
923 550 89
181 957 25
124 671 26
945 861 43
62 18 92
811 603 17
874 126 43
489 802 69
478 926 47
634 410 79
727 686 29
816 219 86
42 696 9
920 641 22
315 703 41
607 866 96
724 92 22
720 581 24
789 412 2
388 46 65
768 773 3
49 941 22
936 983 18
197 903 11
320 219 67
813 178 85
909 255 78
483 975 11
859 116 75
161 504 73
578 624 98
681 674 40
4 962 23
374 159 79
738 479 50
805 292 28
442 553 35
172 36 10
484 895 26
911 409 83
385 987 7
983 669 33
523 25 95
399 751 7
530 841 38
880 646 83
760 441 36
896 613 25
358 449 20
585 361 81
20 746 69
79 81 90
813 957 67
860 708 70
67 238 12
106 470 10
141 582 51
377 478 65
2 189 66
875 126 27
156 146 25
777 225 7
67 390 16
86 251 24
857 670 62
469 128 32
79 269 14
483 647 45
500 1 34
966 876 12
794 385 58
71 162 35
430 582 26
746 668 77
770 877 99
384 698 28
116 778 97
783 613 96
280 113 98
966 79 26
778 225 11
88 297 26
623 727 8
901 474 28
430 596 58
630 981 56
958 97 86
907 232 99
504 512 12
454 830 92
280 608 17
5
5 20-1
714 570
672 794
230 573
620 558
4 216
3 20-2
986 197
373 944
647 111
6 20-3
231 111
707 744
223 513
926 415
146 887
185 990
2 20-4
251 912
607 45
5 20-5
533 665
700 889
882 169
875 431
894 171
0
