64
161 112 163 163
161 108 185 192
112 170 171 171
113 108 198 166
112 158 152 172
116 164 185 178
154 109 195 138
153 171 163 178
134 114 142 147
175 127 191 198
150 104 168 148
108 134 170 182
158 112 192 178
142 174 190 196
134 189 135 198
112 188 129 198
145 171 154 181
132 101 151 189
101 100 145 167
101 127 134 161
157 115 173 159
112 151 185 172
140 104 170 198
102 145 138 199
123 174 126 199
127 133 188 158
100 128 111 145
124 114 189 153
129 101 164 181
173 141 184 176
180 130 192 196
147 134 175 170
134 154 196 174
112 123 160 175
103 112 121 144
158 182 166 197
131 115 136 188
181 109 192 173
105 105 156 124
159 131 175 145
119 124 185 150
125 131 147 151
144 162 147 198
144 106 148 179
146 179 147 180
105 190 142 199
104 161 115 174
119 130 192 132
156 155 180 190
122 157 158 166
108 106 128 156
112 110 187 124
157 133 189 199
124 139 150 194
107 152 165 155
139 184 182 195
126 114 150 148
123 131 166 161
139 131 167 146
141 126 171 180
131 182 160 184
175 136 177 181
188 127 189 140
174 102 176 122
89
112 103 177 138
105 116 169 195
135 161 139 188
121 111 129 119
102 157 140 183
124 176 184 177
117 103 152 140
128 107 178 155
110 179 145 192
147 102 188 123
136 119 190 186
157 110 182 159
167 104 195 175
104 121 180 171
113 133 174 152
159 102 192 194
133 104 186 126
106 148 149 181
119 177 167 186
148 102 188 115
171 133 177 183
154 129 155 152
133 120 137 129
114 152 183 193
131 108 149 116
156 117 197 180
118 118 194 176
130 159 134 182
118 124 192 157
109 198 153 199
118 139 179 184
184 133 189 162
141 120 179 176
145 123 152 150
126 139 141 156
167 127 174 192
116 146 185 159
157 122 197 128
113 176 164 197
139 153 182 170
125 124 198 178
153 144 174 152
135 109 160 194
153 111 174 127
157 122 186 195
175 106 196 109
158 140 183 174
144 119 193 140
116 142 149 194
138 102 194 174
135 106 148 122
133 141 134 171
119 111 163 143
101 184 120 194
110 128 134 178
170 106 199 187
101 100 129 191
102 102 117 176
125 153 182 168
139 109 194 110
105 107 120 158
143 139 153 192
119 106 122 192
112 118 131 165
118 161 157 172
175 126 189 171
139 125 179 152
114 120 186 131
179 158 189 194
150 122 186 172
117 105 180 193
110 148 124 194
119 119 161 150
146 177 174 194
103 113 146 160
132 138 196 141
100 111 132 150
175 118 186 166
111 100 176 144
144 158 146 174
108 139 193 165
111 134 169 157
100 124 170 196
134 154 165 165
166 104 168 119
122 165 189 195
165 134 191 135
108 153 193 164
129 141 145 154
89
114 138 140 150
155 127 172 137
145 173 171 190
132 101 193 188
123 109 179 197
115 166 169 179
112 166 160 175
106 153 120 186
156 128 176 147
107 131 136 159
104 104 150 197
137 133 157 134
131 146 142 168
135 164 177 199
139 111 165 138
143 123 197 199
122 158 180 173
104 139 118 161
110 120 144 153
154 100 186 137
168 155 184 181
145 136 154 161
147 171 151 195
147 121 194 144
117 173 180 174
114 110 186 150
115 128 122 197
165 102 197 117
125 101 183 180
116 131 163 166
155 102 161 115
123 128 159 156
101 148 182 155
110 131 157 188
137 126 159 186
155 115 180 177
178 180 195 193
112 119 113 163
121 173 130 189
169 164 181 196
152 122 164 161
110 175 193 199
101 133 185 152
148 112 181 193
157 137 173 195
110 140 156 169
181 129 195 176
126 130 192 150
172 135 191 157
132 184 134 185
118 170 189 172
134 118 165 190
113 123 128 144
113 108 115 136
137 192 166 196
122 118 146 129
105 165 186 170
150 139 155 192
161 125 164 181
143 108 171 148
131 105 192 151
140 106 166 146
150 103 194 140
111 124 184 171
141 168 189 191
160 124 182 149
157 118 174 144
178 136 192 181
141 110 184 124
108 103 182 159
114 184 195 199
122 102 160 158
127 163 193 187
164 139 165 176
109 116 172 121
152 139 154 187
115 110 149 145
157 171 165 198
122 160 134 195
171 144 197 198
137 124 160 142
115 101 170 142
158 176 175 181
120 162 164 165
108 165 175 188
138 140 188 172
119 124 153 163
107 116 174 119
111 111 196 181
66
111 124 192 140
104 149 134 173
109 134 146 169
172 126 197 137
114 144 190 177
116 132 137 166
140 104 195 108
104 168 169 177
108 139 153 161
134 132 188 164
166 182 185 197
123 190 172 191
119 103 187 114
181 108 187 173
117 173 177 183
160 146 193 165
104 146 159 153
117 145 178 155
189 170 194 197
112 113 187 174
128 131 129 161
134 109 192 117
100 112 134 164
129 122 162 128
120 133 181 151
106 125 130 198
147 147 148 187
161 159 162 189
102 134 142 143
160 112 195 188
124 115 152 130
110 153 189 191
138 109 194 121
159 152 198 159
100 145 146 161
102 159 156 198
102 104 185 162
144 180 174 197
162 150 164 172
155 153 164 194
114 110 167 125
163 163 184 165
110 130 176 166
116 130 190 192
107 101 186 130
127 133 182 144
169 143 184 191
137 114 148 133
140 104 195 158
169 124 173 179
107 149 197 197
131 114 141 117
148 101 167 148
134 118 146 127
123 115 161 171
100 195 186 199
103 126 106 173
102 109 152 179
158 102 181 112
130 100 168 135
100 130 137 134
104 135 157 180
102 102 104 166
149 168 165 190
141 107 168 170
132 146 187 168
1
142 132 168 142
63
103 140 192 195
127 102 129 186
134 129 152 138
180 117 183 185
137 131 192 148
171 131 177 155
197 132 199 177
146 100 197 192
187 168 193 191
154 120 193 179
102 106 118 185
122 150 175 165
196 115 199 122
146 125 177 198
154 126 182 151
103 128 118 157
126 164 171 196
144 123 169 180
139 114 160 166
131 115 164 183
137 127 198 196
104 158 146 166
109 115 145 128
109 113 173 180
161 182 197 199
105 141 131 170
107 166 189 171
139 120 149 199
100 104 195 128
163 142 195 192
107 124 122 131
112 151 189 180
131 161 133 163
102 139 185 161
105 106 184 174
105 123 195 147
151 100 152 199
143 117 194 166
100 150 191 180
131 162 183 164
125 117 177 179
108 113 140 163
119 132 137 177
100 104 179 176
128 123 155 183
149 192 192 198
125 132 149 144
109 108 146 134
114 124 177 185
150 106 187 176
161 121 183 136
192 126 197 192
101 100 175 177
121 145 198 199
183 198 189 199
107 136 185 182
106 145 122 151
121 172 157 193
146 143 181 182
121 102 175 173
125 124 179 174
119 153 175 161
151 110 159 111
94
144 147 151 148
105 193 169 196
139 150 169 152
131 135 179 156
156 181 182 183
102 118 113 158
169 163 185 196
141 132 175 171
119 100 179 192
145 158 188 176
126 137 162 157
113 180 172 193
163 139 174 195
105 118 109 191
133 108 187 179
111 129 132 142
121 151 142 162
127 105 172 187
124 148 162 186
129 105 179 127
175 144 197 180
162 106 171 148
137 100 156 111
142 165 192 188
179 136 191 170
175 100 176 151
101 137 137 168
117 144 174 182
124 141 178 171
177 148 189 167
111 103 167 197
120 110 138 129
100 100 146 122
151 141 175 175
109 128 165 134
110 135 178 188
106 136 181 154
103 122 154 165
120 110 172 170
132 141 191 179
141 191 153 192
119 128 185 136
122 118 156 147
107 152 182 189
106 140 177 161
163 132 178 135
154 187 197 199
118 133 140 188
132 103 177 171
152 160 191 163
110 113 179 192
133 123 165 138
178 162 184 193
180 115 194 149
114 106 136 177
139 150 166 154
125 116 153 129
179 141 190 144
109 126 186 169
149 119 159 137
182 128 183 186
101 115 177 163
173 111 193 165
119 112 161 197
126 114 128 160
110 119 153 168
189 139 197 148
111 145 138 146
132 121 173 133
100 103 136 129
140 173 168 188
137 101 138 118
167 115 178 129
100 173 184 183
122 186 175 197
144 112 183 128
114 121 185 156
151 166 159 180
140 129 168 143
147 157 197 164
146 156 172 177
161 136 182 146
122 140 144 156
168 105 169 153
113 125 174 182
101 141 105 177
170 125 173 170
182 106 186 170
115 108 147 132
144 175 179 197
115 118 153 173
126 135 175 141
166 152 170 171
164 107 182 123
49
182 129 186 156
104 100 115 188
103 112 131 152
109 106 157 127
155 108 173 182
130 113 160 196
114 101 147 137
137 152 165 154
108 119 135 150
102 112 159 115
119 133 177 186
165 164 191 177
125 172 159 173
168 134 185 155
109 174 171 184
126 125 190 160
127 187 131 191
151 128 158 130
115 107 166 177
106 118 123 184
156 100 190 177
111 127 156 165
163 135 191 153
130 127 195 170
109 157 170 160
139 128 141 155
157 107 162 116
134 100 143 137
138 146 177 176
103 166 163 188
123 154 171 171
150 101 176 185
110 102 146 120
100 109 157 139
125 142 198 171
108 111 142 198
144 119 187 190
108 107 159 135
106 179 114 190
132 156 176 195
128 128 197 174
113 106 189 111
129 115 153 189
126 114 188 147
156 132 166 178
113 106 192 165
148 119 196 181
128 124 175 155
150 163 183 177
36
124 127 164 139
118 128 180 153
141 126 146 132
118 124 140 157
106 124 137 156
124 149 183 187
167 144 199 190
131 115 173 150
142 174 189 195
102 107 148 142
168 101 191 184
125 163 141 186
162 147 171 186
186 105 187 107
149 123 197 139
154 148 173 180
122 114 127 128
170 117 174 125
101 103 178 138
118 190 176 195
128 142 142 181
101 116 186 198
107 161 173 188
109 148 120 198
113 139 176 183
156 138 160 198
142 110 188 164
105 112 106 199
132 134 154 155
102 109 106 119
122 179 159 180
178 143 179 183
167 107 182 127
157 145 166 190
100 157 161 160
109 127 172 167
55
141 112 156 134
140 118 171 120
150 103 192 176
134 193 195 194
127 122 151 169
122 100 140 197
110 178 125 179
184 104 188 130
138 179 142 192
110 103 151 166
131 101 169 103
146 125 197 126
148 101 194 141
193 108 198 116
138 118 196 136
118 161 122 174
167 129 192 161
132 100 179 143
103 115 196 142
141 142 167 153
106 104 183 113
130 128 164 178
114 121 147 155
129 185 134 196
126 126 146 177
121 110 177 117
126 119 159 132
137 143 161 178
192 174 199 196
104 116 125 124
171 152 197 170
101 132 155 153
110 179 130 184
101 107 189 167
139 113 140 177
143 152 173 187
149 126 161 172
102 111 188 165
136 191 164 199
183 146 197 165
130 127 144 185
105 127 135 183
148 144 156 192
179 181 196 197
154 193 175 194
106 177 110 198
129 164 142 170
162 131 187 139
166 144 168 153
128 173 132 176
117 141 120 166
122 128 163 152
123 107 145 139
106 129 168 197
114 100 151 138
40
157 121 176 122
101 115 189 163
132 177 195 188
111 102 150 198
114 105 199 139
114 106 173 143
146 164 164 171
137 113 155 136
134 113 157 199
114 135 128 175
164 167 165 198
149 127 169 163
118 120 168 133
128 143 178 193
116 153 159 175
111 115 167 121
172 153 180 160
135 106 141 138
136 137 173 151
152 149 178 194
114 120 182 192
166 110 187 182
136 101 137 147
114 103 174 146
156 146 158 197
155 172 184 193
110 175 145 180
124 114 126 140
185 153 187 158
135 158 169 172
159 137 171 171
126 133 135 135
131 167 184 193
139 140 140 184
111 102 172 199
116 103 191 188
108 167 146 176
101 124 126 144
114 142 115 185
129 102 171 149
96
113 153 134 170
162 116 178 170
181 169 184 177
116 140 120 197
148 183 150 192
160 174 161 199
170 154 188 190
183 172 185 196
102 156 194 171
124 122 141 180
109 109 144 129
149 112 178 197
147 109 190 128
108 102 155 143
156 130 185 139
102 122 135 149
157 134 193 137
109 178 169 182
108 153 191 192
165 138 189 164
167 122 173 131
117 133 133 189
128 118 163 155
167 116 177 123
153 123 157 124
153 101 158 166
171 113 193 188
152 119 153 183
166 100 193 178
112 162 141 175
117 122 193 147
138 112 170 191
166 127 189 147
146 120 149 169
110 137 185 142
108 144 177 163
141 105 196 153
116 185 181 189
111 126 132 149
139 102 193 128
127 111 182 128
149 128 183 169
123 100 158 159
122 116 196 167
120 144 121 188
134 145 174 154
181 106 195 172
100 140 109 191
151 135 171 179
108 120 156 131
132 106 183 114
174 154 181 180
142 110 176 196
102 168 156 183
107 103 175 136
179 146 195 159
133 147 139 150
122 106 130 189
104 113 113 137
145 122 191 187
135 138 184 186
154 140 173 181
117 181 195 190
140 131 189 196
130 122 198 173
164 160 179 168
126 123 157 144
132 101 197 167
157 182 187 193
174 131 175 170
112 156 164 192
141 101 188 191
116 118 176 140
131 148 160 157
180 124 192 169
144 130 170 157
103 153 112 186
108 100 136 178
109 115 122 121
107 102 174 197
115 146 194 175
123 116 155 154
176 146 192 188
118 136 156 182
168 126 190 159
179 111 189 129
102 128 179 188
131 152 137 186
151 125 161 137
132 108 153 158
146 145 154 164
134 162 198 176
154 119 173 162
126 133 148 150
173 105 178 110
115 156 143 161
88
118 176 119 193
123 127 146 144
133 139 178 148
121 154 138 157
108 184 157 194
119 107 162 167
137 130 162 199
138 115 197 118
164 157 191 162
106 121 136 166
106 136 169 144
142 103 153 143
179 110 197 141
160 158 169 168
109 122 150 147
162 147 192 156
104 106 119 192
114 177 172 178
166 108 174 135
111 157 178 179
141 110 150 160
129 110 169 179
132 125 179 178
133 182 178 193
127 104 199 124
134 100 154 193
108 159 128 181
160 102 168 120
132 119 164 161
129 114 193 185
139 172 164 194
165 117 176 124
141 115 181 155
115 129 148 195
128 175 188 189
143 156 147 180
127 107 193 157
171 109 193 186
103 128 110 162
138 119 145 131
134 138 187 187
116 101 185 114
155 104 177 124
104 140 113 198
105 150 149 198
136 120 159 147
134 114 175 173
146 172 192 185
162 147 172 179
113 157 180 189
134 110 145 168
103 124 166 190
140 152 174 177
125 111 176 186
100 103 184 198
175 129 183 137
108 108 136 140
149 146 198 150
157 137 170 184
113 115 174 160
164 141 192 187
153 120 173 126
123 189 124 198
170 160 187 178
119 169 168 175
115 148 125 169
153 172 185 179
184 101 194 198
137 138 142 163
158 147 189 181
131 107 137 165
125 118 138 145
114 109 194 171
130 130 171 183
114 139 154 156
106 109 140 144
159 134 199 158
182 119 191 148
113 123 178 191
136 116 193 139
125 103 163 155
133 134 190 187
178 149 191 157
145 165 166 170
105 104 175 187
152 118 158 167
109 135 142 136
105 182 175 197
1
133 172 138 190
33
173 103 189 115
165 155 174 162
167 100 173 131
119 171 170 180
141 102 168 161
100 172 197 173
108 100 162 198
130 134 186 159
114 120 150 167
127 140 181 152
105 100 171 193
172 124 173 165
168 142 186 183
107 168 167 175
125 154 168 169
103 105 165 156
124 107 128 132
112 158 172 196
141 117 158 182
141 115 148 127
109 116 162 176
104 104 136 169
111 146 190 181
103 117 137 128
112 180 177 185
133 189 138 196
106 147 179 174
127 150 141 179
179 141 195 183
111 135 187 153
116 106 199 150
123 103 131 143
180 121 183 152
42
147 140 165 169
148 127 181 147
126 167 174 184
130 150 163 157
166 184 197 199
135 138 182 172
148 100 173 178
158 124 194 194
116 164 117 193
144 118 192 149
133 118 138 148
176 120 198 125
124 117 156 192
141 107 182 189
142 156 185 195
102 118 171 136
135 139 181 174
144 174 189 179
175 125 197 182
102 125 103 159
103 127 142 184
125 123 186 186
118 167 194 196
115 142 155 189
163 150 181 170
181 107 197 130
142 145 156 172
156 140 197 158
137 112 176 175
198 101 199 192
121 128 140 169
111 107 117 144
109 132 167 190
121 164 140 182
179 129 188 185
139 177 177 187
104 105 199 149
107 103 193 180
124 134 160 135
131 130 141 151
162 154 193 198
162 114 188 150
44
167 107 183 188
158 112 165 171
116 108 130 171
147 162 153 187
122 152 181 182
166 132 167 164
125 121 179 192
110 129 135 130
136 170 169 187
110 103 134 195
155 108 174 140
148 122 154 128
133 122 156 129
113 100 139 190
121 118 182 183
113 169 199 170
156 101 192 127
130 155 148 166
158 112 164 156
130 139 192 164
113 125 145 158
100 152 125 199
170 135 182 170
139 147 157 149
149 147 176 197
153 123 165 158
167 169 187 197
185 130 188 179
105 102 188 182
154 140 181 177
175 116 199 132
163 164 182 190
114 102 137 110
121 119 177 188
137 125 140 164
155 126 195 152
135 134 180 195
135 163 163 168
184 100 195 162
152 129 164 141
143 165 192 178
105 172 149 189
114 142 136 184
120 100 136 121
17
104 140 171 187
102 119 176 165
114 176 169 196
140 111 193 123
106 105 173 179
110 104 167 162
125 150 129 151
119 111 140 177
103 119 116 175
136 132 194 160
108 105 109 153
168 148 177 175
106 115 153 150
112 125 120 193
129 169 144 197
126 115 132 143
162 184 190 188
21
150 155 180 196
105 134 124 153
111 113 159 151
109 126 177 134
163 147 198 171
167 182 174 184
117 105 172 169
125 108 183 133
156 105 188 161
167 154 191 164
167 176 168 178
104 103 163 145
116 178 150 183
117 132 163 176
137 128 145 141
101 157 161 162
119 102 120 163
117 134 166 138
116 120 162 185
175 177 182 198
133 171 156 178
7
150 103 152 191
192 106 193 180
177 101 194 196
114 140 120 158
110 100 126 147
129 147 163 192
100 104 174 179
13
114 111 171 126
118 157 163 195
101 102 141 124
154 137 175 194
104 152 152 185
112 111 167 151
137 111 180 160
123 142 160 184
153 168 162 189
146 133 163 147
102 105 109 163
158 177 194 198
103 114 162 126
19
150 137 170 182
127 162 195 169
174 127 185 131
145 142 173 178
157 114 188 173
109 103 175 104
161 128 166 159
146 145 162 185
119 161 134 196
110 114 130 148
175 143 197 156
121 148 198 156
170 148 173 161
152 131 165 178
158 105 191 171
168 102 190 156
105 110 164 115
163 146 176 174
103 138 169 153
40
112 104 142 161
121 115 184 161
158 136 165 151
104 116 162 118
106 159 123 168
145 121 175 139
102 171 176 193
132 134 140 182
143 127 190 144
105 111 195 123
115 105 159 177
121 116 147 128
127 102 148 171
110 145 175 164
116 104 157 108
143 129 186 189
157 133 186 191
166 104 197 164
109 131 193 178
111 140 194 173
111 159 175 173
105 150 190 173
154 140 182 147
122 175 189 177
118 131 162 159
135 144 175 185
163 109 175 168
109 172 182 186
146 103 198 157
159 114 176 136
106 110 135 176
103 102 139 180
111 122 113 146
143 174 159 189
157 118 183 119
157 107 191 117
110 137 126 185
125 112 151 138
101 110 141 140
190 144 194 154
19
108 100 177 197
106 103 143 114
123 125 138 155
116 105 181 130
182 119 192 182
122 184 183 194
135 132 175 176
150 129 170 178
127 177 181 180
183 122 191 134
129 127 159 166
132 140 148 163
122 114 134 156
141 148 160 158
134 156 180 168
135 130 149 182
159 162 162 198
148 102 172 159
168 116 186 153
17
102 108 118 184
183 159 197 193
127 145 152 172
121 159 177 183
170 103 174 185
133 124 163 165
186 101 196 193
118 150 131 154
163 172 186 198
183 135 191 183
128 157 159 170
105 176 117 180
113 143 136 151
167 115 168 146
116 123 191 154
109 124 125 186
159 142 174 163
48
127 130 165 187
189 122 192 185
154 120 158 197
133 132 164 161
123 179 129 184
145 134 147 198
175 121 193 139
138 164 147 187
117 107 151 165
102 108 129 195
105 139 116 149
100 121 181 181
100 100 117 157
107 162 134 183
135 179 174 182
146 112 166 184
129 132 191 197
140 161 193 172
110 115 163 198
119 144 196 172
153 114 172 160
128 106 195 164
137 103 146 169
181 111 187 145
194 130 195 139
100 117 102 187
132 157 185 163
159 112 181 129
124 153 143 171
111 120 187 148
151 123 189 186
131 125 186 191
117 176 121 181
120 117 193 158
115 126 180 139
103 150 107 196
101 128 173 164
148 161 164 189
112 130 199 167
107 132 158 198
108 124 131 152
162 153 194 174
131 138 166 177
125 169 140 178
142 166 197 197
139 158 179 178
125 103 160 184
154 167 168 185
45
138 181 176 189
113 164 151 180
130 151 157 152
101 110 192 135
129 151 189 187
113 167 190 193
127 146 199 149
117 137 190 145
126 130 127 180
162 139 197 179
131 120 143 187
107 185 197 189
136 178 176 186
123 132 153 141
178 123 190 159
104 121 160 138
120 150 153 183
130 117 174 183
104 113 155 114
103 101 198 186
139 144 164 180
121 164 176 188
163 107 175 123
161 132 180 133
115 182 136 189
117 118 159 172
131 163 138 182
117 142 168 156
101 185 122 195
111 129 173 188
111 168 188 187
119 124 154 186
127 127 158 190
108 186 151 191
102 119 173 190
127 142 132 154
101 152 127 180
162 113 192 150
119 103 152 171
109 173 179 190
115 175 117 188
166 129 175 169
100 140 159 191
134 113 197 127
117 122 160 198
12
109 164 115 172
191 116 195 186
147 136 183 185
103 158 163 172
125 117 183 192
103 171 192 174
131 116 171 121
185 146 186 153
110 100 178 169
138 157 139 186
143 121 174 198
170 137 180 157
82
125 126 153 179
129 197 150 198
134 123 180 186
108 109 164 180
142 185 148 199
142 134 175 197
129 192 161 198
132 138 162 167
164 145 198 157
106 100 142 139
124 132 125 176
141 150 156 189
126 102 149 189
151 137 176 144
136 132 187 151
170 119 171 134
129 169 179 187
126 173 169 193
126 151 149 157
107 119 192 167
109 108 173 185
122 141 152 176
108 161 192 178
164 162 181 163
131 143 149 153
146 169 168 176
178 124 179 172
143 153 144 185
145 150 190 168
144 152 191 164
125 158 130 183
120 129 145 194
182 122 189 157
150 129 178 180
105 149 153 156
154 138 193 196
164 160 188 196
112 179 160 185
114 112 196 194
141 129 188 168
138 140 190 175
122 112 155 116
113 117 172 175
124 119 156 140
101 175 115 196
113 113 176 190
102 109 108 148
130 120 177 195
122 120 160 130
137 134 142 161
110 108 179 134
127 187 174 195
170 111 183 175
102 101 141 183
101 122 144 156
104 126 142 183
104 154 156 193
106 151 189 152
111 137 185 138
124 111 185 160
139 132 171 156
133 125 191 188
110 138 182 186
116 104 170 174
119 125 158 199
102 125 176 139
129 139 163 187
151 115 199 142
171 114 174 171
102 130 196 159
145 164 168 167
168 179 193 185
110 112 130 138
177 133 190 153
172 106 192 175
117 192 173 196
111 111 163 191
102 148 142 165
130 150 167 162
181 109 199 161
125 112 199 115
168 128 197 169
88
113 145 160 157
114 106 172 157
108 183 120 185
125 108 167 140
139 170 176 189
151 101 166 115
100 181 112 182
102 115 120 134
124 145 131 180
151 161 189 196
180 112 199 157
172 148 197 166
136 140 189 189
155 142 190 156
123 120 190 192
154 185 160 195
128 117 130 184
179 113 181 134
122 170 198 178
171 172 196 185
125 151 161 160
168 132 193 158
151 106 152 169
143 163 164 192
147 126 162 180
145 110 160 193
123 168 180 171
140 151 156 153
104 132 164 133
143 118 166 149
170 135 177 146
109 108 179 172
141 110 198 193
120 161 186 186
106 101 133 198
104 168 151 189
123 141 153 155
111 127 157 148
114 155 194 188
113 111 163 146
139 156 174 178
139 101 195 194
147 104 152 172
114 103 124 189
111 168 130 177
147 141 177 171
126 162 182 195
108 142 158 147
150 132 177 145
179 117 199 178
182 103 189 151
154 117 192 159
185 166 188 174
116 150 137 185
147 107 197 116
106 155 110 160
106 171 140 184
101 105 149 142
108 114 198 184
132 142 195 183
117 169 149 185
135 139 154 153
155 132 160 165
139 119 177 131
102 156 103 183
140 104 198 148
140 135 163 196
118 108 191 147
116 123 145 168
159 114 176 132
131 155 164 189
108 108 187 111
144 184 167 189
145 117 185 185
120 100 166 157
165 115 199 191
111 162 190 170
184 110 194 119
108 116 165 167
127 104 179 171
108 191 194 198
115 145 177 181
145 144 190 149
111 151 140 155
117 154 121 163
173 157 174 181
124 139 149 152
143 180 175 189
31
183 128 197 133
110 131 125 159
100 121 121 177
146 103 185 139
112 110 125 182
159 145 183 174
146 163 170 178
108 111 190 126
144 105 154 106
136 132 166 158
105 118 187 190
121 185 129 198
133 131 195 193
157 136 190 144
107 179 114 197
123 174 191 187
180 130 194 168
114 112 126 119
110 155 182 165
151 191 154 198
137 127 181 139
116 139 183 142
139 113 170 182
101 115 157 189
157 147 197 163
111 136 182 193
100 144 101 152
151 106 188 125
104 128 145 132
123 120 170 194
103 112 159 162
30
160 101 178 159
110 141 170 146
148 115 175 172
160 100 168 174
103 136 120 137
111 100 141 114
123 157 169 185
117 177 166 181
182 144 189 145
137 111 191 112
136 139 179 147
121 148 191 195
183 179 185 193
193 117 194 194
152 114 154 169
195 120 198 129
116 139 173 153
117 164 151 182
129 147 155 154
142 102 154 140
171 125 196 142
119 116 159 123
130 113 192 177
106 101 185 143
106 133 182 179
115 123 196 151
129 184 150 196
176 147 199 192
169 189 189 199
115 148 164 197
14
157 152 198 174
132 151 134 163
157 120 159 180
162 163 187 184
113 146 135 158
127 173 174 182
171 168 188 171
133 137 184 142
111 134 194 143
106 128 185 194
148 118 174 136
172 136 181 146
104 107 134 108
181 112 189 132
1
121 158 185 183
20
127 121 153 122
116 123 150 190
184 150 193 158
138 110 147 126
169 129 172 133
161 110 194 127
122 113 149 157
176 159 199 178
100 129 181 149
119 102 124 103
104 117 114 143
105 113 143 168
197 127 198 192
120 110 137 112
169 121 175 174
105 113 180 146
163 105 175 147
150 163 159 187
157 100 158 116
120 164 181 180
44
117 127 180 172
103 165 144 192
162 108 198 129
134 111 135 191
126 166 150 182
123 153 185 166
124 140 135 175
183 115 196 165
139 116 145 136
101 100 108 122
129 116 130 151
159 118 163 141
100 137 107 162
128 104 191 130
106 126 145 154
119 132 193 180
120 157 196 164
164 146 179 174
114 162 125 188
130 125 180 132
170 167 187 189
120 161 172 178
184 169 187 180
149 103 164 198
120 136 155 137
111 134 134 136
148 128 177 148
113 113 174 159
148 120 181 183
144 153 198 183
115 123 122 134
121 110 138 131
146 128 168 179
115 163 116 181
144 107 181 193
121 152 152 157
140 136 173 154
107 123 119 181
104 148 158 186
117 138 158 178
106 121 117 156
185 123 189 185
130 134 131 181
138 103 187 130
58
116 135 160 166
137 123 193 197
154 132 192 141
138 108 151 130
100 112 197 185
116 130 149 172
103 150 120 158
168 101 189 150
116 153 137 184
128 130 182 188
120 120 124 175
103 103 183 110
174 123 188 133
105 156 106 160
119 125 159 148
102 143 175 187
123 139 148 157
145 176 169 193
121 104 149 165
107 102 128 104
178 147 189 195
107 115 156 183
115 136 161 178
117 141 132 169
108 130 198 180
109 110 175 144
114 189 161 196
153 142 192 173
137 128 172 170
105 145 195 166
155 163 175 193
132 141 134 187
119 128 123 184
128 190 190 198
131 100 147 104
129 102 142 175
130 103 145 132
129 104 169 178
141 124 197 173
163 183 166 184
163 141 168 196
138 106 140 139
110 122 139 192
194 181 197 195
113 142 198 176
147 167 154 195
121 159 144 196
142 139 180 148
181 158 196 173
112 126 164 187
109 106 118 151
153 164 184 198
141 147 192 151
171 115 195 191
140 116 174 120
107 140 120 169
113 168 179 195
121 116 155 177
29
165 108 192 175
128 115 149 132
103 151 107 197
191 160 192 170
119 117 196 163
183 103 196 160
125 103 159 191
165 109 183 127
102 148 117 183
115 119 163 123
168 112 174 170
124 117 140 136
132 143 154 167
155 102 170 181
146 111 184 181
109 163 172 167
146 131 168 189
154 113 160 128
140 123 183 180
112 164 149 181
108 118 148 163
120 119 196 166
100 161 129 180
100 101 125 120
143 103 151 123
132 124 189 158
100 124 190 140
173 112 189 149
130 102 164 122
94
145 169 161 193
145 107 198 152
184 107 195 165
148 127 169 198
117 107 182 173
173 109 196 137
119 157 183 197
150 121 161 174
120 141 142 195
145 138 154 165
183 140 198 152
179 146 190 173
171 144 180 148
110 145 133 176
102 152 173 186
161 116 174 152
109 154 199 181
144 154 198 181
133 137 146 142
110 112 141 164
109 127 165 190
118 142 172 143
129 121 195 174
137 129 178 142
135 174 175 199
105 152 155 180
122 141 189 163
128 122 157 151
101 111 141 137
154 126 179 173
147 177 199 183
159 137 178 153
127 141 136 194
174 135 193 197
112 134 128 185
160 140 185 178
129 109 189 161
135 134 187 143
164 135 179 157
110 123 172 160
101 144 169 190
125 147 193 153
133 105 190 171
149 127 198 150
112 191 188 199
134 165 185 176
122 101 163 187
147 146 176 185
175 100 190 152
105 133 199 135
104 190 192 195
170 105 198 162
161 158 196 183
148 101 186 198
100 171 188 176
122 183 156 187
135 139 140 164
172 192 199 193
134 128 187 137
134 130 199 156
113 153 115 160
111 111 155 114
139 193 185 195
128 114 183 123
114 163 130 182
126 139 155 194
132 153 167 160
117 131 136 184
144 101 189 155
115 152 118 196
145 127 192 157
102 154 171 173
136 116 188 143
138 123 155 162
122 170 128 191
127 164 153 197
104 169 166 181
134 122 165 157
132 131 184 155
109 138 157 145
141 110 155 145
107 131 185 182
125 106 153 114
156 105 178 196
130 139 174 160
135 116 197 167
122 133 147 156
154 132 172 179
129 147 189 189
171 127 178 131
141 148 189 171
120 127 153 145
158 150 167 193
112 116 166 165
2
125 118 186 122
100 104 128 175
47
173 112 189 153
136 125 160 166
137 109 171 114
141 108 159 181
174 138 176 177
124 117 143 178
103 108 145 195
106 172 195 184
177 113 196 179
138 108 145 134
122 116 144 161
142 155 176 168
106 153 133 176
131 131 145 186
126 142 146 173
109 152 114 191
131 105 156 128
163 188 165 194
104 150 156 159
114 147 119 180
175 125 185 168
108 120 155 134
159 101 162 176
106 137 119 168
125 175 166 191
122 130 179 181
140 135 180 154
154 153 167 199
121 129 177 185
150 112 172 128
130 131 141 136
100 112 125 125
140 143 168 162
124 116 144 199
134 124 171 154
159 105 176 125
142 132 154 156
161 143 169 166
131 150 198 162
127 108 174 114
128 128 152 196
145 172 195 182
136 116 149 177
182 147 193 199
156 124 179 192
135 141 191 177
143 165 191 166
76
170 118 179 132
112 107 114 137
152 120 186 148
136 115 165 183
114 165 197 173
116 107 173 150
141 157 142 161
152 123 188 158
142 107 193 167
126 107 144 131
107 143 151 182
178 169 197 194
119 107 134 193
100 136 109 142
103 102 145 198
160 143 173 155
162 166 163 189
126 133 172 158
129 123 140 137
183 107 192 178
100 100 137 102
143 136 190 146
100 113 186 198
168 111 194 156
177 155 197 182
140 169 189 180
145 170 169 189
168 104 177 178
106 149 130 157
104 125 137 156
169 123 176 170
126 137 134 163
119 111 171 176
143 160 145 190
130 159 132 164
168 100 189 127
109 120 176 165
122 113 145 121
143 174 188 191
181 122 189 152
116 108 198 195
120 102 138 111
162 170 176 196
122 131 123 151
123 121 197 151
116 119 142 156
110 143 130 186
108 120 196 158
153 101 180 164
155 103 175 191
152 117 161 183
115 127 121 144
165 112 179 147
104 160 183 193
137 134 198 158
106 139 116 185
101 121 192 176
113 126 132 147
162 138 165 184
134 142 163 177
141 100 190 176
112 162 121 194
120 110 180 139
178 188 195 196
109 170 125 174
101 109 117 134
145 108 172 115
103 107 144 185
113 123 159 193
139 134 185 171
145 105 162 192
145 106 189 192
162 132 181 166
118 134 127 172
132 143 149 193
102 113 130 135
81
143 129 171 136
121 178 174 195
157 150 175 167
108 126 164 181
114 148 153 149
149 162 167 177
109 194 164 197
124 119 177 177
149 101 165 138
168 153 196 175
142 143 155 150
124 120 176 139
139 181 168 187
149 120 158 189
117 160 183 165
131 146 194 159
147 132 149 195
108 117 149 150
153 104 160 185
176 181 177 197
115 115 184 173
145 186 156 192
103 114 104 198
109 135 161 160
108 128 168 159
176 137 178 157
113 142 174 183
117 132 139 150
117 123 157 174
118 103 161 165
115 122 117 130
143 124 157 177
105 112 135 151
101 125 160 136
167 175 171 188
120 106 177 146
120 178 182 195
112 150 181 190
112 127 181 170
152 139 199 176
127 105 151 139
164 152 193 164
153 108 179 184
142 173 155 176
103 127 172 136
118 130 187 184
112 116 152 120
148 104 155 175
109 154 166 159
118 182 163 195
103 123 166 161
137 152 197 158
186 109 189 156
138 110 146 128
126 148 148 191
123 133 195 156
144 108 162 141
103 142 123 180
103 153 104 158
105 140 117 155
102 146 111 148
158 149 174 174
122 136 192 139
121 118 147 197
126 109 190 114
108 146 190 181
139 108 199 111
103 105 115 156
105 126 155 181
128 115 156 172
103 130 112 177
180 159 195 170
136 111 169 173
106 144 157 197
106 108 107 111
116 121 168 171
100 174 153 180
141 145 152 161
143 164 174 175
176 169 198 197
108 100 194 134
32
117 177 190 197
155 153 193 177
122 117 129 148
122 109 141 135
130 138 161 178
112 106 154 133
104 103 127 190
111 127 173 180
157 116 177 132
161 102 169 143
143 142 171 193
151 165 180 185
143 111 175 188
121 125 169 149
152 115 167 149
128 105 147 141
109 130 190 156
158 103 174 182
146 169 175 197
106 108 114 182
119 109 170 140
158 143 165 162
144 132 177 173
125 134 130 176
132 172 165 191
173 122 176 191
160 100 171 167
149 179 160 186
119 106 195 171
114 136 168 159
169 194 184 198
126 159 181 166
40
115 102 198 189
101 127 127 189
140 168 160 198
146 119 169 192
159 104 191 179
124 122 148 170
149 120 154 195
128 126 159 160
115 126 162 189
167 116 168 180
137 108 178 158
151 123 180 176
102 105 180 110
179 151 180 186
158 126 198 180
152 154 192 170
143 119 196 164
144 164 187 176
135 104 172 174
103 135 127 138
100 130 192 132
118 172 133 183
104 128 109 197
103 113 198 147
111 123 184 199
100 107 163 187
133 187 192 188
124 171 177 177
101 116 161 186
140 131 169 197
159 130 194 158
105 179 143 197
103 111 148 168
127 103 199 112
101 119 142 143
114 125 196 168
141 134 154 157
131 124 140 199
154 125 157 150
174 114 181 123
35
161 139 184 186
137 174 181 180
147 100 175 101
148 115 193 157
169 127 197 145
152 135 158 197
106 154 162 173
107 120 135 137
123 161 159 169
141 170 143 193
122 188 193 194
151 125 155 167
122 105 195 149
193 156 198 174
129 116 180 155
136 137 192 167
128 147 158 153
123 122 140 186
162 118 180 197
164 111 195 131
132 117 169 182
139 124 144 162
140 113 169 120
157 115 180 128
120 109 128 120
106 143 131 193
111 138 192 157
120 106 122 154
137 120 176 189
103 128 144 172
148 137 185 158
117 166 125 197
118 110 127 146
103 134 141 176
115 137 143 167
26
153 143 163 153
108 160 132 173
161 159 170 181
118 119 128 136
144 126 163 142
144 120 184 173
129 148 187 170
113 124 125 128
133 100 168 179
104 126 113 142
123 174 185 193
130 141 145 166
184 136 192 145
108 100 171 120
100 155 190 196
120 125 183 140
156 113 193 169
111 106 139 186
179 125 180 177
143 135 166 161
107 102 123 178
122 131 130 164
171 130 179 152
107 116 192 155
129 185 176 187
173 120 191 123
98
104 100 192 166
167 121 173 127
102 103 144 186
133 115 165 160
122 117 132 139
110 147 115 190
119 102 191 192
127 114 189 131
115 134 149 135
113 116 155 122
102 110 177 151
112 167 177 196
135 152 137 199
142 114 146 150
104 131 106 137
104 119 114 147
105 147 181 164
138 112 163 116
116 117 178 180
136 156 176 173
160 102 172 111
113 117 168 171
100 112 108 174
174 107 183 166
130 140 154 169
137 121 153 169
101 167 186 175
100 135 123 177
138 105 140 173
174 104 196 158
169 159 185 174
118 104 140 123
144 150 145 173
123 133 194 181
108 124 148 125
153 108 159 193
133 129 198 149
108 172 186 193
104 155 198 190
111 108 113 122
110 142 147 157
175 133 190 139
115 135 157 162
143 126 155 129
158 105 176 136
177 127 181 144
118 163 151 185
107 155 123 183
141 134 149 183
119 129 122 176
111 154 191 189
116 144 183 147
104 134 180 194
161 113 190 142
157 131 198 157
115 108 164 180
166 113 191 186
115 100 189 166
107 123 155 158
157 142 167 162
136 179 196 199
112 109 121 162
120 108 141 130
116 129 162 184
150 139 167 159
125 133 192 134
156 102 192 151
164 176 193 182
127 160 161 192
121 134 154 162
122 174 164 178
111 138 159 161
152 126 198 175
108 157 112 196
147 117 159 193
127 172 145 175
164 108 187 188
123 171 174 190
168 108 197 145
121 128 184 134
106 126 161 171
122 122 180 170
115 136 191 139
108 101 114 142
161 125 182 156
196 184 198 193
130 118 154 166
100 157 198 175
101 113 128 124
135 108 146 126
162 113 199 165
118 123 155 189
100 179 197 196
141 194 164 195
113 164 160 195
121 112 123 176
125 113 152 149
109 150 139 160
64
118 125 154 129
129 107 143 122
156 151 186 177
117 118 170 132
141 156 192 181
102 103 182 169
122 172 164 195
136 124 186 192
101 106 121 196
118 102 166 122
126 102 179 157
120 143 141 186
124 113 142 178
133 104 182 176
129 110 171 197
102 126 173 165
122 176 123 189
112 162 130 192
101 143 164 190
129 109 133 184
139 171 149 183
148 171 188 172
121 146 133 169
134 157 172 188
164 194 199 195
138 140 156 163
153 172 183 186
108 157 147 164
135 135 141 186
110 131 159 181
129 136 150 192
145 101 180 196
143 144 147 185
107 151 177 160
176 160 198 184
124 112 194 145
183 187 199 193
120 158 176 170
151 105 158 183
106 103 132 105
100 107 143 127
120 106 130 120
133 109 191 170
168 151 173 185
124 144 197 173
131 134 166 173
170 124 179 137
179 102 195 179
139 111 181 138
110 111 118 143
105 101 133 161
105 122 146 178
151 135 166 154
127 132 169 158
108 139 148 140
119 143 193 174
133 110 186 143
139 106 173 156
117 115 160 144
137 117 174 126
113 103 171 150
109 182 187 195
134 119 174 157
152 105 194 185
68
132 128 192 188
119 115 157 151
163 172 190 180
103 164 109 168
151 115 181 153
114 123 189 198
175 109 184 142
155 112 161 139
127 112 141 154
105 136 128 168
100 117 108 170
181 155 190 171
138 175 160 184
134 118 150 128
160 178 189 196
135 122 190 183
128 114 196 185
105 158 150 176
127 105 198 188
111 160 112 172
144 130 199 149
129 118 148 150
166 161 180 170
135 101 154 163
115 102 148 117
175 128 178 153
110 122 116 154
114 110 194 127
140 146 176 158
176 128 196 141
102 137 198 143
152 104 196 164
106 100 181 136
105 109 164 115
163 130 189 132
159 135 192 188
146 129 181 133
126 128 157 174
117 108 169 118
112 169 182 171
159 126 169 163
124 176 193 188
160 120 170 182
160 151 169 162
132 158 147 173
153 106 184 142
124 114 150 170
137 158 139 160
173 149 186 198
125 131 138 185
157 108 165 135
122 122 138 169
179 164 195 170
122 101 164 114
171 146 181 163
156 118 175 129
119 114 127 144
145 111 182 165
125 100 146 191
113 136 122 192
106 117 108 123
137 142 170 182
128 170 157 184
166 108 189 132
105 144 146 193
111 139 155 188
182 147 188 153
189 110 192 147
81
100 170 150 183
160 130 163 144
101 100 171 186
166 111 184 132
137 128 174 129
162 136 183 163
151 110 177 162
102 125 142 154
189 144 195 155
186 105 189 142
105 109 128 123
141 130 186 165
158 161 193 177
124 127 165 173
135 137 141 143
120 135 143 167
123 133 180 169
138 161 163 195
170 112 171 192
109 102 142 156
131 145 169 153
173 113 178 197
102 114 192 164
131 145 150 182
130 106 151 120
167 166 168 190
110 119 154 137
122 148 146 167
113 131 153 153
102 138 196 146
104 154 110 198
188 126 196 194
100 120 199 191
158 166 162 168
156 116 188 154
116 162 121 170
115 134 153 170
116 129 124 150
100 179 135 196
125 124 175 125
115 173 145 174
192 107 194 148
102 182 175 192
114 111 144 176
162 167 181 187
168 122 169 150
170 103 181 106
127 145 131 195
168 116 171 129
116 116 188 162
108 119 196 192
104 109 147 174
148 115 193 137
137 116 187 120
120 107 126 199
105 110 194 176
191 115 192 179
129 109 195 126
118 155 180 179
129 174 140 175
112 189 190 199
105 127 120 177
134 139 177 198
160 123 168 151
131 112 138 120
173 105 198 178
184 115 186 116
190 125 191 155
154 171 166 180
101 126 159 146
177 130 185 137
153 105 189 144
116 143 170 172
102 114 149 188
104 173 182 185
110 128 180 146
100 138 179 187
136 142 165 153
180 122 183 188
179 121 184 149
145 147 146 152
67
149 131 194 136
192 138 194 174
155 122 169 142
107 127 174 160
162 150 196 170
150 103 182 155
100 140 187 151
158 142 196 147
174 107 183 175
166 137 182 168
131 135 190 165
144 138 147 144
140 107 166 174
110 149 129 168
120 116 141 181
111 100 181 164
107 141 192 185
105 110 130 195
112 145 197 161
100 157 141 192
116 107 167 126
127 148 176 196
164 163 182 169
169 127 179 128
112 117 170 123
133 100 165 131
128 114 162 129
138 154 158 169
128 104 132 125
126 160 152 161
123 150 129 169
178 154 196 161
178 148 179 163
149 163 194 195
177 115 178 174
170 124 195 135
113 102 128 191
114 133 151 143
102 126 145 198
111 110 180 124
172 142 174 173
136 114 137 120
147 113 182 142
101 114 166 152
106 121 157 147
116 134 180 160
184 118 186 162
138 110 181 196
136 155 138 175
127 172 142 174
117 124 138 139
105 135 128 186
107 114 182 162
122 160 148 176
178 133 190 180
129 111 142 167
118 146 194 178
151 141 172 188
112 141 180 192
177 111 179 137
178 173 199 186
114 126 133 156
111 140 136 163
127 145 159 179
157 106 191 160
101 107 194 116
157 133 199 186
71
121 117 178 150
128 106 183 194
118 192 179 195
122 110 128 159
122 119 169 128
122 179 163 181
183 168 188 181
133 111 139 127
177 112 180 157
115 116 159 138
108 185 185 188
100 159 196 170
179 169 198 194
150 172 173 185
154 113 155 187
140 145 150 169
126 116 157 183
107 142 199 159
127 144 199 175
104 135 197 199
168 171 181 195
156 154 168 174
113 160 119 162
107 117 129 163
133 108 146 197
102 140 108 181
109 108 185 141
107 106 128 128
154 109 199 174
115 107 148 134
122 161 146 181
176 175 198 176
124 132 136 138
124 133 171 161
141 100 154 180
128 134 187 193
143 110 167 179
139 115 197 161
128 104 142 143
119 107 131 193
125 101 145 156
115 169 189 182
149 169 182 188
104 111 181 199
142 100 162 181
115 159 142 195
102 137 152 174
130 107 181 183
108 179 139 180
148 149 162 175
138 101 145 145
108 150 152 171
172 114 184 139
125 128 187 178
115 139 154 197
104 135 174 166
146 165 166 166
116 137 140 161
158 106 190 166
129 101 168 143
109 104 193 135
115 180 183 198
171 145 196 169
111 123 156 152
117 110 189 111
147 129 171 157
147 138 163 145
133 142 146 167
172 155 177 191
105 144 171 194
113 153 140 170
7
103 113 175 145
184 185 186 196
111 113 185 175
108 156 112 180
152 146 155 150
170 107 180 124
164 118 190 164
57
112 124 160 157
151 137 195 173
158 123 174 143
136 111 155 149
157 116 166 159
120 165 139 179
135 116 143 199
106 118 108 161
127 168 137 189
141 151 178 174
118 104 127 173
136 162 153 163
121 103 131 151
130 155 168 161
106 125 129 135
105 114 187 176
165 124 182 132
127 176 158 195
101 104 199 154
166 100 169 138
103 161 193 188
101 130 168 185
111 150 117 174
126 122 189 123
106 144 199 164
191 127 193 143
147 151 181 194
103 114 184 177
154 155 190 159
137 158 196 159
109 106 133 174
128 186 197 188
102 175 184 197
118 109 176 147
112 118 194 178
108 116 132 138
127 123 145 198
109 182 135 194
168 168 188 196
106 117 184 120
166 108 196 142
104 102 156 166
180 116 184 168
106 111 184 188
139 148 187 151
142 122 185 125
145 155 170 162
175 151 179 198
112 120 192 123
122 126 190 196
113 154 195 197
143 134 161 153
157 100 182 142
120 124 122 144
138 117 199 165
167 127 169 181
101 160 150 192
57
169 119 175 129
124 167 166 171
128 158 180 180
154 123 192 168
106 160 143 198
129 176 150 177
143 103 179 110
160 124 163 190
172 129 195 161
148 180 184 196
107 113 160 199
136 114 168 131
113 163 191 174
102 121 192 146
149 171 183 199
141 142 147 161
143 113 155 191
124 140 162 169
120 141 153 184
151 116 172 188
115 115 179 169
115 123 188 172
123 165 146 194
136 121 178 164
113 144 130 192
113 137 184 189
130 124 173 133
140 102 174 141
110 106 117 171
130 126 146 193
139 105 143 121
121 127 143 151
171 108 195 155
144 108 197 122
194 168 199 174
109 139 128 198
156 109 163 171
149 186 154 192
143 116 166 193
120 161 121 192
100 115 121 170
176 144 192 170
119 147 190 191
145 151 183 198
107 101 122 172
116 134 139 162
107 134 151 180
173 168 195 171
138 114 186 125
169 140 184 183
126 126 188 161
159 100 177 185
124 130 139 167
165 140 181 192
121 116 127 174
187 125 195 146
140 133 171 140
69
176 103 195 181
121 106 132 156
116 132 197 135
108 101 168 128
180 108 193 161
129 106 148 175
101 125 146 187
155 139 165 194
120 102 197 193
111 129 151 179
114 149 166 174
127 122 177 134
142 124 183 159
166 131 199 167
108 174 154 198
137 109 168 162
102 117 116 127
106 153 198 164
102 131 139 172
153 101 158 118
125 144 178 188
163 176 171 180
126 163 154 170
124 148 132 174
128 126 143 141
132 186 158 187
159 169 170 197
167 145 170 175
141 135 164 147
115 102 176 105
118 111 127 121
147 142 159 143
121 105 184 139
126 137 143 194
106 110 143 113
156 129 189 153
128 104 140 149
106 108 159 133
144 177 181 181
123 144 171 156
149 121 195 159
110 193 153 196
107 117 158 147
146 115 152 126
116 123 131 145
153 142 156 186
167 101 171 142
109 104 187 191
150 104 178 188
133 188 152 192
105 103 191 111
126 143 130 144
118 113 189 194
155 126 180 174
120 100 127 136
191 159 193 193
100 123 149 133
111 102 177 169
113 169 124 192
113 106 187 154
100 105 119 126
104 132 131 159
132 175 147 177
136 136 169 192
115 170 122 179
148 138 172 199
168 133 182 172
131 150 187 169
126 157 129 187
73
104 162 185 168
116 160 199 180
101 171 176 187
109 109 196 155
155 179 177 186
110 111 168 189
115 113 150 190
142 124 162 127
142 118 193 161
121 141 198 151
123 190 180 197
104 159 151 171
139 128 157 177
166 101 191 194
114 133 184 156
136 150 157 198
111 167 116 178
118 151 171 185
134 139 193 193
150 144 164 173
125 116 150 141
143 157 162 168
101 111 166 198
161 154 196 165
132 107 184 125
110 102 162 196
187 104 196 112
100 125 186 190
131 126 194 136
105 156 136 158
155 103 169 154
120 131 160 144
103 104 108 170
107 113 118 155
167 106 169 170
195 153 196 179
142 141 158 199
157 105 198 194
148 127 160 160
104 170 110 181
185 144 192 159
172 110 199 142
164 119 168 164
172 111 196 166
153 151 165 154
108 148 148 175
102 164 108 168
101 164 134 187
123 126 183 147
141 157 188 183
102 105 173 126
117 122 193 169
123 110 125 123
123 133 185 139
103 155 153 183
194 122 199 137
115 104 122 177
113 114 160 163
121 186 141 190
108 183 112 186
148 134 159 137
122 175 173 182
118 117 130 129
118 134 192 176
154 166 190 167
129 102 181 155
141 101 192 174
112 156 185 160
146 144 193 167
143 120 178 196
101 119 166 125
102 108 105 110
174 157 176 195
3
107 160 144 181
152 161 193 197
106 106 182 126
53
124 117 174 157
105 125 194 171
133 102 145 196
104 109 198 131
138 100 167 127
131 172 196 194
117 123 128 192
176 107 199 125
164 152 194 169
178 175 193 188
137 126 177 193
124 107 188 127
180 115 186 128
174 104 187 169
128 113 162 155
162 156 190 178
108 138 147 184
124 161 165 192
107 111 171 195
118 106 174 131
187 104 198 185
173 113 190 187
152 130 168 170
108 186 126 194
177 103 178 108
116 175 152 194
141 116 186 123
107 105 174 156
112 138 191 161
175 133 177 143
103 130 126 181
119 155 124 186
158 148 194 199
143 174 174 184
150 113 152 157
162 179 169 182
120 105 140 167
138 193 163 197
126 156 179 189
111 122 127 146
173 121 194 189
126 147 147 197
106 178 160 182
109 121 164 150
126 117 169 136
133 132 162 165
121 101 173 189
175 181 187 184
123 100 157 156
106 112 199 149
179 112 194 189
133 110 191 112
146 131 181 160
46
143 148 170 184
169 105 171 123
114 105 150 150
128 171 150 177
156 141 177 162
108 118 175 145
116 139 136 149
120 115 146 147
152 116 196 117
175 123 192 142
128 108 193 189
160 189 185 195
109 117 131 194
187 158 191 180
129 103 149 121
136 175 150 198
143 135 168 140
130 143 164 144
132 145 153 175
170 131 186 138
148 169 184 176
127 128 156 187
149 185 190 192
112 107 143 138
178 111 195 142
139 125 154 138
100 170 135 192
153 122 182 167
191 153 195 171
140 151 199 182
174 101 188 152
139 117 159 169
112 154 180 186
125 131 179 151
153 160 195 177
134 106 196 178
149 191 159 199
142 100 181 182
101 108 134 140
110 110 129 194
100 132 196 174
125 172 163 173
101 117 186 120
175 135 198 198
141 136 186 199
100 101 118 120
29
109 194 153 199
104 119 151 178
155 183 168 193
179 116 199 127
180 152 191 178
102 102 172 178
154 160 165 185
165 107 178 183
101 157 134 174
146 114 187 186
107 142 169 168
121 139 136 154
184 145 191 180
147 123 158 156
116 147 160 153
130 114 161 125
100 117 172 146
103 124 112 159
154 127 193 171
110 153 181 181
161 118 199 172
174 143 195 198
104 156 190 165
133 133 179 172
131 103 189 144
115 143 169 169
148 114 167 129
135 157 195 182
100 126 129 186
85
140 169 176 184
111 105 118 136
137 103 177 140
155 122 187 130
149 157 191 176
152 111 177 179
111 100 114 161
136 171 142 189
111 122 155 177
110 125 134 171
164 168 181 188
150 105 162 119
148 100 162 177
179 114 188 145
145 118 176 199
140 133 189 151
110 145 126 197
168 136 174 155
175 132 176 138
104 126 143 152
178 105 181 109
154 100 172 169
118 151 120 160
112 160 184 195
109 135 192 138
126 103 143 160
141 118 145 149
153 137 196 174
183 134 194 166
103 123 166 137
135 125 140 137
149 110 172 147
137 116 145 164
119 173 176 188
159 112 174 155
130 127 149 144
113 165 162 168
143 181 155 195
118 119 120 179
126 116 129 144
132 174 160 189
115 151 162 174
129 137 163 165
116 111 161 130
129 123 150 184
104 174 131 194
173 104 193 151
148 109 167 122
149 116 198 151
102 112 190 166
149 118 183 171
135 144 148 164
100 150 119 176
144 117 150 131
121 136 135 196
170 119 197 140
135 194 192 195
112 161 159 177
149 136 179 147
100 111 191 179
129 100 187 174
143 171 183 189
107 116 185 156
109 101 127 104
147 110 151 115
123 112 192 193
129 102 159 151
114 115 133 181
141 117 181 153
142 136 188 180
136 147 153 162
115 154 151 163
130 123 164 162
168 140 174 186
189 128 194 198
179 103 195 113
108 102 182 136
172 170 182 177
117 118 139 120
134 106 174 164
139 190 169 195
130 108 133 125
105 122 158 137
102 100 177 185
140 160 188 184
7
122 138 123 141
127 136 129 143
157 143 169 160
183 104 190 191
138 160 149 167
124 124 190 138
112 127 193 129
68
125 136 190 163
111 107 144 183
110 105 176 180
188 136 189 194
179 131 184 146
123 144 132 171
116 114 186 147
112 145 181 189
104 171 181 193
100 148 106 168
174 170 181 176
116 114 165 144
142 100 146 178
101 165 197 183
165 117 197 129
115 131 118 196
141 161 154 174
122 155 181 193
170 155 178 187
170 168 183 194
146 125 147 144
127 100 143 160
169 177 189 184
133 114 160 159
127 107 133 174
163 161 168 190
116 138 177 141
135 112 158 182
178 132 189 157
144 158 157 178
163 133 187 147
113 129 144 196
122 142 137 193
132 122 154 152
113 161 193 180
115 163 173 171
128 137 147 193
103 190 116 192
177 131 189 174
103 103 179 153
148 102 196 192
144 128 176 189
122 115 142 189
113 137 130 193
182 130 183 138
128 151 174 199
177 113 182 170
125 133 166 173
127 162 177 174
163 155 191 185
100 110 145 137
103 109 174 183
147 139 165 186
137 127 142 171
184 120 197 174
105 151 147 182
156 108 165 126
182 172 193 179
109 136 141 146
129 144 197 146
183 144 185 172
123 127 196 173
147 104 199 180
139 147 183 149
125 107 157 195
119 129 138 151
165 178 197 179
124 159 176 162
59
133 140 161 183
140 112 179 158
158 105 195 196
130 135 187 196
106 109 154 190
106 108 128 183
100 114 184 136
112 173 124 195
113 110 130 111
168 105 174 126
154 121 183 141
118 114 176 124
156 131 185 184
144 119 166 143
179 143 185 180
116 158 127 162
120 140 172 181
119 193 187 194
115 102 134 185
161 124 168 163
146 112 161 146
183 105 189 120
138 165 163 169
123 155 131 179
113 152 195 195
145 157 189 166
142 131 169 137
162 140 194 156
102 123 105 144
164 118 180 188
109 140 184 180
159 124 195 159
155 143 176 196
109 121 153 130
153 147 168 148
140 110 156 182
154 137 157 145
108 171 185 195
151 162 187 192
103 110 187 135
107 139 178 163
137 112 170 190
112 168 189 190
124 181 179 182
126 112 170 185
156 159 159 178
122 126 123 146
136 111 181 161
103 113 124 195
103 172 160 173
115 139 193 145
120 124 178 157
161 170 169 190
121 143 129 180
121 103 126 108
164 110 171 189
102 165 105 174
190 114 199 158
105 133 155 135
60
120 120 177 190
111 190 141 191
170 175 172 184
106 116 140 130
101 176 173 181
127 191 183 193
100 168 133 194
127 177 199 186
128 140 197 199
142 114 183 138
174 105 189 132
135 181 148 189
117 174 162 198
117 144 191 150
118 138 138 144
130 158 167 197
150 164 196 190
104 128 154 186
161 146 191 179
168 142 179 161
140 104 187 185
154 120 181 183
110 157 127 172
116 118 169 177
108 118 193 199
104 165 127 196
163 140 175 142
154 141 184 195
146 161 180 176
133 139 160 152
125 143 149 146
116 117 172 118
116 140 135 177
142 144 188 157
136 163 199 190
158 136 184 190
103 124 164 182
116 111 134 137
132 157 158 165
174 117 182 126
103 191 157 197
154 175 187 197
112 106 118 170
112 102 142 106
183 118 184 168
157 189 182 199
116 140 198 198
115 122 118 173
116 103 119 125
122 126 130 135
132 126 157 148
132 122 150 186
157 147 190 167
118 134 188 139
131 149 132 187
112 100 171 128
177 143 183 151
138 101 169 113
114 148 127 164
151 111 170 112
80
108 111 149 199
130 184 151 190
102 168 116 179
103 146 145 182
117 183 167 197
135 168 197 183
105 110 147 161
141 124 164 169
123 184 180 191
174 143 175 153
112 129 185 188
134 109 163 181
106 101 164 194
121 120 129 161
130 139 174 187
115 172 156 189
115 139 125 190
144 129 185 199
117 144 180 149
125 103 159 117
156 177 163 189
102 145 149 176
115 140 132 180
104 119 129 131
122 106 161 166
106 138 148 198
148 117 182 159
121 159 128 177
107 102 148 192
137 108 179 121
161 144 188 146
115 143 129 151
149 107 170 128
127 127 146 170
138 160 187 180
140 140 190 166
110 197 143 199
120 174 157 198
120 134 142 150
153 110 177 178
138 117 139 175
144 133 145 184
164 156 193 182
101 111 197 183
111 190 132 192
166 183 188 186
117 146 188 182
125 142 192 183
100 115 117 163
148 115 199 197
131 132 172 193
129 121 196 161
103 107 113 179
142 143 165 160
106 106 178 122
105 117 148 183
132 158 198 197
107 138 165 180
123 155 126 189
110 119 168 175
154 120 178 172
132 145 167 171
120 139 177 177
174 173 195 177
122 127 135 194
133 138 160 139
128 108 193 190
127 157 165 161
177 105 185 171
102 110 143 172
101 122 150 175
100 187 101 197
176 136 182 175
114 167 126 195
175 102 185 119
111 103 133 170
127 169 174 188
142 130 150 151
152 104 179 144
141 117 192 179
7
126 106 173 193
132 104 168 168
105 108 189 122
133 111 135 173
124 104 139 169
173 142 198 175
106 130 183 138
75
100 144 153 159
117 137 191 145
113 147 143 187
136 103 172 148
139 145 190 195
121 108 145 149
133 115 155 188
123 176 189 193
135 107 138 189
145 151 186 179
126 115 138 140
115 162 195 186
133 154 160 181
114 147 182 178
115 138 166 142
118 104 183 121
146 106 181 132
137 163 184 178
118 113 130 174
137 145 199 149
182 132 199 165
163 165 165 181
103 180 123 186
160 130 184 194
100 137 115 193
152 141 171 199
125 114 154 135
163 106 180 132
190 146 197 153
111 162 135 166
104 110 142 179
104 116 109 156
145 124 161 132
173 101 175 150
115 165 185 180
149 128 186 131
177 140 182 199
158 156 161 169
135 114 179 136
131 192 192 196
173 100 177 138
101 102 140 125
142 120 182 169
100 129 101 192
121 104 143 183
104 179 112 183
171 147 193 176
121 164 196 169
154 150 169 194
119 123 152 187
144 113 159 144
125 100 157 160
105 146 195 199
135 122 177 169
169 106 199 165
170 172 186 176
122 126 170 155
113 141 130 174
155 164 170 173
133 129 165 195
180 122 193 123
145 115 191 160
174 196 177 197
168 142 173 163
168 101 171 195
176 134 189 196
159 192 160 198
146 125 173 191
114 106 147 191
103 147 173 159
155 175 196 181
144 115 169 169
116 105 169 189
101 182 123 197
127 162 195 193
40
139 110 152 185
184 130 199 158
165 166 185 183
163 100 179 192
117 130 161 150
126 174 199 196
144 160 176 190
129 137 139 144
122 120 154 121
102 188 131 190
106 148 174 153
106 101 140 169
104 151 152 175
100 125 149 182
142 182 167 196
126 108 185 149
169 132 181 172
112 165 123 197
102 106 113 118
140 160 159 192
135 163 195 185
145 140 162 147
174 130 195 181
179 148 189 152
172 107 184 122
139 153 156 184
103 111 159 195
171 118 187 159
134 131 144 134
134 106 171 129
110 145 188 167
168 134 197 151
141 113 174 140
118 132 177 150
113 129 127 184
100 166 143 186
100 134 117 139
116 186 198 189
154 126 186 136
170 152 178 174
67
143 113 163 117
126 117 188 175
154 120 169 163
158 150 173 155
148 114 173 159
100 102 175 134
132 114 140 188
158 122 181 136
153 176 187 193
104 158 111 166
129 132 131 139
188 104 189 161
115 189 127 191
124 164 145 179
131 126 168 177
100 118 113 164
112 188 140 196
154 135 155 175
107 186 174 195
108 116 142 157
100 135 105 181
115 183 198 197
161 139 174 181
110 137 145 162
134 122 150 156
149 141 191 156
104 117 179 121
130 164 185 191
100 115 124 183
150 107 180 122
146 100 155 111
125 156 190 175
130 176 131 179
117 148 188 174
169 144 192 177
108 108 120 151
134 115 175 197
122 127 171 177
127 120 141 166
129 159 194 169
145 114 191 125
152 144 162 179
173 183 175 184
135 121 144 146
143 114 188 171
101 142 141 162
108 112 183 121
123 102 142 188
102 114 180 184
128 117 145 120
100 135 156 153
109 152 199 194
109 124 123 197
118 102 160 195
107 118 175 179
106 113 133 130
145 142 149 160
163 129 177 130
117 119 183 134
129 126 171 146
123 136 124 190
131 168 192 193
138 106 172 138
120 117 171 196
156 121 160 186
116 133 150 175
168 117 194 185
13
149 115 188 139
183 124 190 184
155 145 156 151
117 162 189 185
134 107 194 135
147 122 157 132
100 143 168 185
163 112 197 185
151 137 152 143
161 134 179 168
138 135 165 179
117 136 150 183
143 117 170 163
96
100 139 195 143
106 132 159 144
148 119 182 170
173 108 181 143
122 149 198 158
160 129 167 150
120 109 146 196
139 189 156 191
180 103 187 139
135 118 136 145
116 183 137 189
127 101 149 170
159 139 172 147
129 171 189 175
137 158 167 161
150 145 151 182
121 137 149 189
134 150 155 156
140 144 191 170
115 187 172 189
126 118 189 183
145 122 155 167
128 130 181 134
164 181 180 183
118 158 124 185
109 125 193 184
155 101 169 136
123 179 142 183
153 101 162 117
120 100 192 151
182 117 185 125
108 132 198 146
131 116 142 176
161 103 193 163
104 168 151 199
134 127 199 161
128 149 179 188
101 123 139 124
148 156 194 184
130 114 140 192
161 134 190 154
138 103 169 194
123 121 193 122
100 128 184 129
129 107 168 115
138 183 183 186
167 177 194 197
122 135 163 186
120 110 141 154
105 111 109 133
155 150 184 184
130 191 164 198
106 146 157 196
129 193 134 196
122 128 145 144
166 109 179 139
115 124 149 173
157 120 184 154
156 165 157 187
156 115 186 172
111 195 170 199
147 111 188 198
155 145 178 146
106 173 184 187
160 185 197 196
140 107 168 197
136 176 172 180
148 122 195 171
118 106 170 159
117 135 157 170
132 125 167 126
164 168 198 176
154 146 172 147
143 178 154 192
159 168 168 179
139 106 154 124
117 126 182 162
114 151 132 152
176 146 177 193
167 121 169 126
167 128 173 141
133 153 158 162
121 117 193 147
123 145 176 161
123 106 172 107
158 186 159 187
180 151 184 186
112 149 124 185
113 127 142 191
105 124 180 199
141 101 198 169
115 122 162 185
128 138 192 139
125 102 126 161
165 100 188 105
106 148 138 189
34
103 127 138 175
121 137 155 156
136 110 171 190
157 156 190 196
149 103 173 128
105 110 192 135
100 141 168 144
174 116 182 186
113 113 143 150
102 134 106 190
152 134 177 177
131 142 186 187
122 104 190 127
189 143 191 182
179 157 185 161
125 111 199 168
118 113 176 179
121 176 199 177
106 144 163 174
131 191 168 194
118 122 150 142
156 160 185 187
149 170 169 195
115 100 182 110
113 165 141 186
163 121 193 163
166 156 189 157
102 149 148 153
171 119 195 180
167 132 179 148
103 137 195 168
147 111 169 134
149 112 151 189
104 145 185 193
54
103 150 156 153
151 109 176 170
101 156 156 188
143 101 176 196
117 132 149 160
109 152 132 173
155 100 177 173
106 114 110 122
167 162 172 175
123 143 197 179
119 180 152 198
152 101 176 163
113 179 147 194
152 153 198 174
106 109 199 181
103 112 175 128
103 142 126 149
138 101 180 142
122 103 151 199
114 150 156 162
144 169 193 194
100 142 143 146
104 158 179 183
111 179 170 196
174 112 197 166
119 171 154 177
128 176 174 195
109 131 178 175
152 102 169 148
100 121 142 180
163 101 179 146
126 100 197 126
144 164 164 194
123 152 135 170
198 161 199 176
144 108 151 149
110 111 197 173
143 139 194 174
175 158 186 164
116 125 184 180
144 147 171 180
102 100 199 131
145 141 176 198
158 128 190 168
101 147 131 187
121 165 127 174
129 149 132 168
126 197 149 198
129 131 144 145
129 174 131 195
145 103 167 107
124 140 187 158
145 124 188 155
130 161 141 162
11
122 119 136 183
100 129 132 186
158 131 182 178
114 174 175 184
152 131 161 162
155 102 159 110
142 103 192 136
114 100 177 155
171 102 190 122
103 123 140 172
153 114 155 170
51
102 144 128 159
114 111 157 116
153 112 176 177
169 157 189 176
123 125 166 141
113 140 166 185
140 110 144 141
160 162 194 174
106 115 134 116
127 100 131 107
119 181 129 199
127 113 190 161
102 167 190 194
152 108 186 182
149 143 192 145
159 153 170 166
120 104 134 151
111 161 156 186
137 182 194 184
143 164 149 198
110 140 165 197
131 150 148 170
145 124 167 126
129 115 144 149
152 128 171 178
140 163 166 186
123 141 146 155
139 134 171 172
112 113 183 157
127 114 163 194
120 119 190 160
120 147 176 165
127 125 195 187
174 145 188 186
128 124 152 197
158 119 169 134
128 141 147 155
101 162 107 198
117 150 174 174
150 186 191 190
115 129 174 155
127 100 142 179
155 118 197 122
152 122 193 165
106 151 177 166
164 131 165 140
105 181 190 196
123 138 134 192
122 101 146 160
160 157 180 188
162 136 176 155
54
112 132 180 177
107 138 197 178
142 175 195 189
180 124 199 143
177 189 198 190
135 175 150 199
137 108 180 168
121 145 136 168
100 133 122 181
111 105 171 150
139 166 181 171
109 139 196 180
121 109 129 146
146 131 184 178
146 127 191 174
119 119 196 193
105 148 127 168
150 142 174 198
113 126 117 155
117 160 187 161
108 154 169 198
130 121 132 154
101 130 180 151
101 106 196 149
149 100 175 123
142 101 174 191
108 107 169 195
121 129 155 139
135 119 137 177
141 119 183 163
101 102 166 194
161 144 195 162
138 136 196 164
155 190 189 197
144 119 198 124
100 151 163 153
128 111 172 187
126 159 158 165
111 106 161 192
103 122 107 197
110 151 161 199
148 140 190 168
111 160 144 192
113 111 196 124
150 108 188 137
155 166 167 167
111 118 125 180
155 117 167 128
169 121 179 180
100 117 161 144
104 158 162 172
134 169 135 185
159 114 193 122
180 100 189 112
94
100 170 157 185
117 117 189 169
169 138 186 156
118 165 152 176
112 128 122 191
150 137 162 149
178 159 195 164
104 130 197 154
152 104 192 141
122 109 162 160
116 151 199 183
128 170 148 186
114 129 115 192
118 164 141 188
148 130 181 148
136 152 178 182
123 131 157 180
141 137 191 141
120 108 192 120
143 120 146 161
142 106 164 157
146 106 173 112
160 146 188 190
151 125 172 160
105 195 191 199
140 104 184 134
176 141 194 184
154 119 157 121
128 102 179 196
160 120 161 126
110 149 124 175
135 131 174 182
129 113 130 178
113 107 169 122
107 164 148 197
117 102 137 145
150 110 199 117
130 119 195 160
147 135 161 192
118 107 126 182
161 101 172 174
133 182 175 193
191 160 198 182
105 187 136 188
105 152 197 157
169 130 171 180
117 151 124 170
153 135 158 166
188 164 192 183
176 125 198 167
107 144 127 149
137 185 183 194
146 132 194 163
145 169 164 189
140 145 141 162
111 138 149 150
133 103 154 162
128 104 129 188
153 109 184 142
136 119 194 140
103 116 151 134
105 148 156 196
110 111 193 197
149 104 199 185
147 139 159 155
127 128 160 165
108 163 137 183
123 134 182 196
102 178 131 187
135 140 178 159
152 107 156 128
184 143 192 153
109 121 134 191
172 161 186 162
177 146 197 160
143 120 146 126
151 129 165 148
107 100 170 115
122 116 180 122
111 136 127 167
110 145 157 182
107 185 144 196
142 137 197 141
113 116 163 143
143 128 146 150
117 112 180 168
128 169 142 191
106 121 158 139
103 115 185 144
163 158 181 199
192 106 195 178
173 111 174 116
166 120 191 172
140 135 184 182
28
165 104 185 152
110 158 189 177
162 161 193 186
106 146 167 151
119 109 198 112
101 111 138 188
106 125 151 142
161 126 169 134
138 100 183 106
129 172 165 179
110 122 192 178
173 124 176 198
133 101 162 147
112 142 135 186
136 125 163 163
149 105 151 139
139 134 163 180
159 121 160 169
143 152 199 169
150 165 193 175
123 110 166 178
152 128 165 130
105 188 145 195
145 109 186 161
141 106 195 178
176 101 199 142
105 107 163 127
103 156 172 178
36
152 120 190 140
145 180 166 185
131 113 186 147
142 177 199 192
128 138 185 149
143 104 177 171
134 143 159 151
175 166 178 189
130 130 138 175
160 100 162 104
147 143 169 169
187 142 198 173
111 127 191 168
124 136 150 155
158 184 179 185
151 109 173 155
130 106 191 142
158 168 198 191
186 158 189 174
100 143 147 187
111 110 166 168
105 127 117 135
113 136 171 197
152 116 198 141
147 157 158 183
125 112 126 158
116 114 138 168
111 120 153 137
148 117 188 122
109 145 145 181
134 132 178 158
125 133 174 182
165 125 190 143
108 151 183 167
119 146 181 186
106 130 184 184
5
147 101 165 144
146 104 178 198
128 111 179 162
128 112 140 165
148 121 154 172
81
126 154 151 170
152 151 192 162
146 108 198 148
125 124 194 194
104 139 125 151
130 167 179 194
100 120 196 144
100 173 144 195
117 171 179 178
122 139 193 169
129 155 139 172
131 186 167 192
131 119 189 187
155 103 165 163
107 117 123 152
190 169 199 175
105 117 192 198
138 115 190 168
175 106 187 181
150 156 167 158
127 100 145 134
103 104 197 144
108 103 161 178
124 159 153 160
157 115 177 117
132 171 135 199
178 148 181 162
120 118 157 180
114 111 118 136
168 142 181 174
152 106 198 176
117 122 136 165
133 123 139 174
174 120 195 155
155 125 183 155
157 164 173 172
101 182 183 192
118 122 176 151
128 168 180 174
134 188 197 197
112 167 124 198
105 122 139 159
136 112 178 193
165 151 177 178
112 101 195 165
152 184 188 188
115 164 153 168
152 139 166 190
140 164 158 197
120 111 175 197
105 138 161 150
153 101 168 122
123 128 166 132
112 154 173 188
152 117 175 141
131 114 156 156
112 123 173 148
120 181 160 184
172 117 186 139
140 167 191 192
125 159 147 198
165 140 186 159
129 185 181 190
152 164 198 171
120 116 187 159
152 132 193 138
101 144 177 165
109 134 111 170
129 158 132 194
135 170 170 199
112 111 136 168
133 140 182 172
108 154 184 160
186 139 198 177
184 103 194 176
138 127 146 147
106 122 121 128
179 108 193 157
168 110 177 167
108 103 134 116
157 118 177 196
48
127 103 141 135
101 119 171 197
135 109 177 128
102 105 103 110
136 103 187 112
163 149 180 183
141 154 184 180
102 136 109 189
124 148 192 195
167 145 192 179
174 128 189 196
138 143 153 189
155 136 192 178
127 156 171 163
118 149 188 164
137 130 153 172
167 160 178 181
127 153 139 197
145 128 181 198
124 171 187 179
149 129 167 131
139 139 192 179
155 109 180 110
182 102 191 118
151 130 162 169
118 153 183 163
134 116 161 158
140 100 189 141
170 123 183 157
148 103 154 163
125 135 164 160
105 107 162 156
176 124 187 146
109 122 129 163
121 122 191 183
124 111 174 158
120 120 133 195
123 135 158 187
122 140 195 179
136 157 147 176
133 163 174 175
126 136 149 192
158 100 175 185
163 100 195 183
103 105 195 128
140 178 167 190
169 136 170 170
145 157 146 179
85
120 108 134 142
120 120 167 178
154 104 183 154
101 118 199 179
146 106 173 152
146 134 174 136
158 144 180 167
104 159 142 163
153 125 171 190
146 122 168 190
146 145 176 181
124 125 152 129
135 134 177 171
159 104 168 169
148 148 189 191
106 164 159 193
183 103 190 129
126 118 172 188
116 154 121 173
184 171 199 192
105 127 115 128
132 133 196 174
124 137 174 186
102 130 130 165
111 183 169 192
102 147 132 154
127 170 153 189
161 178 162 179
157 166 159 191
124 119 192 153
105 100 143 173
182 107 191 194
152 112 177 184
111 131 138 164
153 116 154 118
146 155 196 167
133 103 199 178
108 151 197 175
176 110 177 154
104 120 161 165
150 134 184 195
111 119 165 140
158 107 187 117
162 170 184 185
140 100 148 113
104 117 189 145
127 112 199 181
153 132 178 137
166 180 184 183
120 131 154 195
113 193 138 197
119 118 178 152
166 155 171 167
112 163 124 175
156 103 176 161
187 105 198 106
138 134 189 158
129 194 141 195
144 167 189 179
132 163 138 198
105 109 131 195
159 181 184 192
153 172 184 187
177 103 193 131
137 118 141 119
113 155 166 183
114 146 122 157
120 112 196 151
147 101 173 157
101 119 134 158
143 154 145 190
109 146 173 172
165 109 191 114
149 130 164 164
162 138 187 159
111 124 151 159
112 110 134 147
120 135 166 165
142 151 155 161
133 128 150 176
185 167 194 196
160 136 197 149
188 122 195 191
133 146 167 158
120 101 193 140
90
111 105 131 172
105 134 112 192
136 103 139 134
119 121 152 135
147 121 161 188
136 152 155 194
115 125 171 153
114 155 146 157
113 177 181 197
122 120 183 138
172 113 175 144
148 147 165 180
120 126 168 156
130 101 151 175
178 126 180 166
135 138 173 192
141 168 168 177
107 131 197 142
155 124 175 155
102 125 104 140
118 100 181 122
102 130 150 132
109 132 150 176
125 118 166 196
165 172 195 186
103 144 128 183
138 125 169 131
123 142 150 192
167 117 194 184
168 119 199 196
147 106 181 108
105 122 176 165
152 172 194 180
116 137 168 149
163 106 180 156
198 165 199 166
135 118 149 192
141 122 189 134
180 152 195 188
153 108 174 157
180 120 190 149
138 102 169 106
112 153 158 163
119 108 129 120
152 116 190 145
119 179 151 198
119 173 150 199
108 140 182 176
141 117 196 172
130 132 171 195
158 129 185 156
129 140 189 142
139 119 156 159
151 159 157 170
110 159 143 170
111 126 135 183
101 104 150 181
136 172 176 174
154 143 182 186
137 111 178 135
131 177 146 182
152 156 188 198
115 103 169 148
126 132 186 176
109 177 188 187
112 137 151 166
124 133 161 154
145 128 189 199
128 116 162 188
144 114 166 159
114 135 162 140
119 101 169 108
185 130 188 152
118 144 168 188
121 118 198 132
131 111 198 140
128 160 179 172
127 141 183 145
133 152 134 198
112 139 199 155
137 105 192 197
101 159 185 162
129 152 194 177
144 124 188 180
140 119 196 167
113 131 114 146
129 128 150 199
154 163 168 191
149 112 160 198
109 102 174 169
55
150 146 190 170
163 154 187 174
119 154 122 182
183 117 195 194
100 131 168 164
143 144 184 196
122 193 193 195
102 145 103 191
115 152 190 177
127 101 183 178
155 103 161 108
155 140 172 191
123 139 155 155
187 144 199 167
112 109 140 167
112 194 153 195
124 127 198 177
158 107 179 171
162 134 179 135
125 132 127 134
123 141 142 151
170 110 186 182
101 177 172 178
172 113 173 122
100 151 193 196
122 118 155 179
105 153 165 191
140 132 175 182
123 157 135 199
140 133 161 161
110 163 139 193
107 100 186 134
103 186 130 187
117 177 156 182
130 122 173 161
104 133 145 149
100 161 190 180
141 181 195 182
176 135 196 157
187 174 192 182
112 137 120 190
119 101 120 168
124 179 181 193
112 128 194 146
108 150 109 154
137 155 183 165
100 156 112 179
114 134 131 187
172 148 177 195
149 192 164 197
137 173 176 184
102 140 130 162
164 132 195 190
145 110 149 199
131 145 166 149
37
149 131 165 145
103 113 161 147
114 158 185 188
142 121 187 127
103 156 122 194
121 106 139 172
103 149 155 156
116 100 144 117
114 109 132 187
135 175 174 189
129 172 186 173
100 148 145 171
127 100 142 123
173 137 181 182
183 151 193 176
129 138 169 161
100 126 199 183
111 135 167 197
159 104 170 196
119 170 153 198
145 127 199 147
116 124 129 165
100 161 116 181
142 137 151 151
121 143 129 184
130 190 181 196
144 103 146 115
113 151 125 171
150 112 199 180
145 166 188 189
122 131 179 162
182 165 199 172
156 142 160 163
132 155 159 189
144 131 170 170
182 181 193 183
148 136 162 143
62
140 121 159 177
100 117 173 171
105 168 129 197
154 171 179 195
140 134 156 187
156 162 169 192
140 103 155 150
117 128 163 176
150 103 158 158
127 123 128 184
105 126 120 156
127 183 174 184
170 127 171 166
128 135 171 192
185 111 195 164
140 148 192 150
103 182 160 190
119 138 165 187
116 124 143 170
106 131 160 190
111 128 156 184
120 167 171 182
131 138 146 156
140 112 156 172
114 100 194 132
170 165 187 182
104 150 189 186
129 110 133 185
122 111 139 144
179 177 180 193
102 110 167 158
122 101 134 107
107 146 185 169
134 107 180 124
145 174 174 184
112 159 147 186
104 134 149 135
112 128 179 181
191 177 192 179
130 114 138 145
143 115 183 170
174 120 194 123
107 106 194 120
144 106 179 135
122 124 192 194
157 134 174 165
165 101 195 103
100 103 168 177
173 143 193 167
118 167 139 178
139 119 184 134
106 129 192 137
113 129 123 197
115 170 163 181
172 110 184 140
187 132 195 137
152 151 180 169
129 176 136 191
147 113 177 122
111 153 142 165
115 124 182 198
146 118 179 130
93
115 104 179 110
137 127 158 164
116 159 163 188
117 130 189 191
125 111 190 144
174 190 178 198
144 128 157 187
159 115 179 175
177 111 179 135
114 116 175 143
102 130 156 173
121 143 156 164
106 180 160 181
123 138 130 181
167 126 168 175
142 100 153 171
111 138 159 185
153 110 181 173
103 135 183 177
141 137 179 191
118 153 172 196
129 110 191 148
175 149 189 169
149 112 193 142
150 133 179 152
143 133 177 183
110 102 171 178
139 103 170 194
142 157 156 199
110 171 158 185
121 122 155 151
187 148 193 173
152 129 158 189
125 153 162 196
131 124 198 153
148 187 179 189
139 157 199 190
142 135 162 149
100 145 109 149
149 101 170 196
138 128 183 163
133 165 159 197
118 109 122 153
193 118 198 197
106 123 109 132
110 149 133 185
130 100 150 119
101 106 168 153
133 167 169 184
182 128 184 156
161 154 189 187
173 134 185 154
109 171 186 191
156 119 192 143
143 139 190 158
116 177 192 196
133 167 144 185
165 128 175 154
183 108 194 136
142 131 143 181
153 151 174 167
122 109 162 112
123 140 148 157
105 138 118 139
105 114 177 194
101 130 195 180
138 112 169 195
126 100 193 132
119 146 135 157
108 156 121 181
149 196 190 197
134 119 188 165
111 180 185 192
110 112 172 193
105 100 159 137
132 151 138 167
149 109 176 157
143 133 166 150
146 115 181 134
151 116 186 171
104 163 160 184
127 114 178 139
115 183 176 199
167 136 186 166
145 119 176 195
104 111 145 192
178 164 179 186
154 114 188 130
145 124 198 192
158 125 163 128
112 140 125 150
158 134 186 144
105 132 139 137
96
110 129 126 148
154 142 159 189
130 168 186 174
118 111 133 147
111 118 126 158
135 161 177 179
100 111 171 184
131 108 169 131
179 148 189 157
100 130 190 185
153 123 157 176
122 166 139 190
100 185 184 188
167 161 199 199
125 190 135 194
177 139 198 166
124 124 188 156
106 130 141 146
106 146 121 163
105 158 164 196
146 148 181 180
110 113 131 187
104 154 133 166
185 109 194 110
166 134 185 159
116 122 157 191
120 112 155 130
170 160 178 184
185 116 192 147
134 138 182 176
144 167 194 179
140 190 177 195
106 125 176 192
117 115 167 124
136 124 145 187
124 159 136 161
108 109 127 180
156 103 199 142
161 138 182 144
185 163 186 175
100 117 155 191
158 122 193 155
131 130 162 138
141 167 199 168
100 107 130 108
101 129 111 162
125 112 152 146
121 121 175 137
180 138 191 182
105 119 193 184
157 107 166 125
128 156 144 196
105 116 163 158
178 165 187 168
166 130 177 187
119 104 161 199
138 104 189 143
114 107 188 134
111 108 166 171
104 142 127 194
152 109 158 192
130 188 157 196
136 141 170 186
142 149 192 180
153 181 176 193
100 179 116 190
114 119 187 141
113 118 136 192
110 146 153 183
132 119 135 157
157 120 199 151
131 122 169 191
167 141 173 159
102 116 172 120
139 152 157 160
152 145 170 157
192 132 193 179
103 125 136 160
111 135 197 166
127 152 140 195
145 107 154 156
127 117 172 118
171 181 177 182
127 171 191 193
150 181 178 184
142 158 161 187
174 153 176 154
100 116 157 155
163 154 175 155
172 101 173 136
135 144 170 197
121 126 190 168
149 171 162 175
110 137 133 143
149 109 190 149
156 100 177 152
55
120 107 178 156
178 132 181 177
119 127 167 145
107 120 148 139
182 182 189 184
133 119 167 128
157 162 162 183
139 109 168 159
167 102 169 147
131 145 179 146
125 151 143 173
145 102 190 131
116 128 136 155
183 149 199 161
175 124 184 140
101 144 135 170
124 122 191 155
152 156 168 177
107 149 151 163
165 153 181 196
108 176 176 197
137 183 198 191
159 165 183 184
107 152 109 194
101 131 174 154
183 146 187 194
157 134 196 174
127 129 183 159
126 135 187 176
159 113 178 125
142 118 197 151
103 118 165 156
140 177 172 179
123 156 178 180
106 125 142 174
137 133 155 134
109 124 120 198
101 143 111 169
139 156 146 160
169 149 175 161
140 101 178 199
133 118 155 150
144 139 175 199
124 144 132 164
141 142 194 143
138 154 163 157
163 139 170 184
152 138 186 164
118 145 137 192
163 107 195 151
143 122 159 167
112 180 139 191
174 100 185 158
107 112 116 138
149 135 177 170
61
129 151 197 173
121 125 136 194
141 116 168 196
155 187 156 198
151 110 184 187
161 126 178 136
143 116 175 165
125 162 193 174
113 135 199 175
160 163 169 188
179 139 184 180
167 119 189 186
129 125 173 186
112 107 162 157
123 168 124 187
149 100 194 115
102 145 175 197
133 114 160 169
160 161 194 191
132 150 177 151
136 113 175 189
147 101 172 147
140 122 167 142
122 161 157 198
147 144 159 159
114 107 173 119
132 127 150 174
124 152 129 165
130 103 141 117
118 111 150 140
153 118 162 137
131 110 187 190
121 134 135 146
165 143 193 149
170 100 175 149
114 145 152 151
148 139 168 145
150 148 186 150
137 100 168 103
142 124 165 138
158 103 184 177
146 101 178 154
106 117 150 168
114 110 119 140
131 114 155 141
142 133 164 134
185 105 188 179
104 114 143 179
118 127 157 187
180 116 193 130
185 156 199 199
109 113 148 165
127 131 158 192
116 100 177 104
109 136 180 162
150 102 193 104
183 120 190 163
137 174 146 183
130 145 135 196
113 131 159 186
162 172 178 179
25
104 121 107 135
115 101 197 192
137 115 195 117
104 100 107 143
130 144 198 178
103 126 161 192
106 141 192 164
172 137 188 179
101 122 173 145
137 116 175 132
100 112 133 193
113 104 188 163
107 144 183 170
188 140 196 162
104 128 156 194
107 145 132 157
131 160 190 179
128 106 164 114
119 116 159 184
120 147 147 155
117 107 151 165
106 125 169 139
105 162 186 170
107 149 179 165
125 110 181 154
69
187 113 197 120
179 123 185 126
171 130 195 141
144 112 199 136
170 133 174 177
134 144 192 199
125 137 175 142
105 131 175 172
151 130 185 193
108 170 168 191
121 108 163 155
167 138 196 173
102 136 123 170
136 115 166 141
109 113 178 184
144 147 156 183
128 193 129 197
116 179 188 189
139 162 144 163
135 135 153 137
105 123 173 176
164 153 192 161
138 118 174 194
117 146 178 158
107 156 140 198
187 131 188 148
110 127 147 197
114 100 134 172
177 121 195 159
121 160 174 195
154 164 166 184
111 103 143 135
134 102 159 121
105 112 150 198
109 140 125 152
104 143 112 181
102 107 155 176
119 126 123 129
110 104 193 141
107 105 177 111
160 110 184 118
117 189 123 194
186 132 193 198
128 150 131 183
110 129 111 186
115 108 155 134
128 105 165 118
168 124 175 135
195 152 198 164
158 139 194 173
105 145 137 185
120 121 147 157
107 122 187 131
118 146 182 194
103 192 164 199
124 119 179 171
123 117 183 177
150 108 157 193
145 138 190 146
119 126 195 166
100 119 149 134
165 135 181 145
134 158 137 168
129 115 191 169
146 149 184 164
109 152 110 193
190 106 192 111
138 138 172 174
172 105 193 138
74
111 131 160 151
123 109 140 170
100 116 108 138
122 109 178 168
160 131 170 176
101 111 121 171
109 100 136 175
120 131 125 141
115 185 144 186
146 108 156 138
176 106 177 150
167 137 170 155
166 130 186 159
102 119 123 163
146 159 163 166
100 141 150 145
126 134 182 165
103 131 194 180
133 106 139 171
178 104 196 116
175 114 186 188
104 131 133 198
109 119 197 162
159 139 160 199
116 119 173 141
102 112 173 120
171 121 191 188
137 119 144 182
123 118 133 164
115 124 149 127
146 159 186 198
198 145 199 166
138 112 139 123
143 140 176 186
107 176 180 199
118 103 159 144
121 176 161 182
100 107 109 170
121 171 166 187
132 123 137 164
135 175 188 183
168 100 170 163
115 129 177 133
126 136 137 187
163 110 170 179
133 115 138 154
102 105 177 187
110 109 169 114
142 110 145 197
112 127 162 167
113 139 196 174
127 102 161 197
112 145 128 176
151 146 192 167
133 128 172 193
155 137 195 195
144 152 199 157
119 161 136 167
142 149 153 180
130 116 151 155
113 110 132 176
122 101 177 165
147 140 193 156
103 148 177 154
106 176 157 177
138 191 144 193
123 186 195 198
114 126 142 153
102 128 116 193
147 124 193 138
132 146 179 188
100 106 136 108
183 175 185 193
118 133 138 179
67
160 132 193 199
115 126 146 138
171 160 192 168
101 153 107 162
141 101 153 141
138 111 177 122
146 126 160 165
144 129 183 194
128 156 178 176
103 138 146 195
106 163 155 174
136 129 168 159
100 129 131 174
137 136 151 169
114 164 135 170
110 158 151 188
164 164 166 179
102 167 174 182
142 130 145 160
160 124 172 165
106 129 139 143
164 151 165 157
122 179 173 183
171 155 189 173
105 131 119 136
113 149 155 173
180 109 185 110
134 167 176 192
135 140 196 199
149 123 151 161
140 125 158 181
136 107 150 130
118 107 139 173
123 104 132 118
115 103 179 143
147 113 162 182
105 107 133 111
124 117 182 136
113 116 198 140
122 135 123 140
114 114 194 127
119 137 197 186
181 139 192 176
142 143 173 199
106 106 158 131
148 108 195 140
124 146 133 155
181 100 196 128
107 110 114 185
171 104 199 143
132 104 182 174
100 106 126 107
137 160 165 184
169 110 177 185
132 145 165 165
145 113 146 160
123 152 197 174
108 141 117 169
125 125 167 151
132 124 158 193
178 121 184 155
107 105 117 191
103 148 108 182
148 123 160 154
106 115 198 158
108 104 179 167
119 175 182 177
22
114 135 151 153
138 106 194 195
175 109 198 185
146 100 157 199
111 169 158 181
100 125 131 198
117 157 133 161
139 105 182 147
100 133 192 190
138 166 191 187
124 136 175 170
170 133 187 199
120 181 166 197
106 121 195 140
101 165 130 169
112 135 126 164
155 111 168 118
105 130 177 145
152 104 181 121
120 123 189 155
104 162 105 192
102 152 165 195
18
155 116 181 190
110 145 142 161
152 173 166 197
102 107 131 148
101 152 148 176
124 116 132 156
134 112 160 194
129 104 149 129
146 140 147 162
101 109 108 160
110 120 183 185
120 141 144 173
145 121 149 193
137 133 149 161
128 129 174 171
133 151 153 155
118 132 191 178
190 145 194 177
0
