1
1
3
3
6
6
10
10
15
15
21
21
28
28
36
36
45
45
55
55
66
66
78
78
91
91
105
105
120
120
136
136
153
153
171
171
190
190
210
210
231
231
253
253
276
276
300
300
325
325
351
351
378
378
406
406
435
435
465
465
496
496
528
528
561
561
595
595
630
630
666
666
703
703
741
741
780
780
820
820
861
861
903
903
946
946
990
990
1035
1035
1081
1081
1128
1128
1176
1176
1225
1225
1275
1275
1326
1326
1378
1378
1431
1431
1485
1485
1540
1540
1596
1596
1653
1653
1711
1711
1770
1770
1830
1830
1891
1891
1953
1953
2016
2016
2080
2080
2145
2145
2211
2211
2278
2278
2346
2346
2415
2415
2485
2485
2556
2556
2628
2628
2701
2701
2775
2775
2850
2850
2926
2926
3003
3003
3081
3081
3160
3160
3240
3240
3321
3321
3403
3403
3486
3486
3570
3570
3655
3655
3741
3741
3828
3828
3916
3916
4005
4005
4095
4095
4186
4186
4278
4278
4371
4371
4465
4465
4560
4560
4656
4656
4753
4753
4851
4851
4950
4950
5050
5050
5151
5151
5253
5253
5356
5356
5460
5460
5565
5565
5671
5671
5778
5778
5886
5886
5995
5995
6105
6105
6216
6216
6328
6328
6441
6441
6555
6555
6670
6670
6786
6786
6903
6903
7021
7021
7140
7140
7260
7260
7381
7381
7503
7503
7626
7626
7750
7750
7875
7875
8001
8001
8128
8128
8256
8256
8385
8385
8515
8515
8646
8646
8778
8778
8911
8911
9045
9045
9180
9180
9316
9316
9453
9453
9591
9591
9730
9730
9870
9870
10011
10011
10153
10153
10296
10296
10440
10440
10585
10585
10731
10731
10878
10878
11026
11026
11175
11175
11325
11325
11476
11476
11628
11628
11781
11781
11935
11935
12090
12090
12246
12246
12403
12403
12561
12561
12720
12720
12880
12880
13041
13041
13203
13203
13366
13366
13530
13530
13695
13695
13861
13861
14028
14028
14196
14196
14365
14365
14535
14535
14706
14706
14878
14878
15051
15051
15225
15225
15400
15400
15576
15576
15753
15753
15931
15931
16110
16110
16290
16290
16471
16471
16653
16653
16836
16836
17020
17020
17205
17205
17391
17391
17578
17578
17766
17766
17955
17955
18145
18145
18336
18336
18528
18528
18721
18721
18915
18915
19110
19110
19306
19306
19503
19503
19701
19701
19900
19900
20100
20100
20301
20301
20503
20503
20706
20706
20910
20910
21115
21115
21321
21321
21528
21528
21736
21736
21945
21945
22155
22155
22366
22366
22578
22578
22791
22791
23005
23005
23220
23220
23436
23436
23653
23653
23871
23871
24090
24090
24310
24310
24531
24531
24753
24753
24976
24976
25200
25200
25425
25425
25651
25651
25878
25878
26106
26106
26335
26335
26565
26565
26796
26796
27028
27028
27261
27261
27495
27495
27730
27730
27966
27966
28203
28203
28441
28441
28680
28680
28920
28920
29161
29161
29403
29403
29646
29646
29890
29890
30135
30135
30381
30381
30628
30628
30876
30876
31125
31125
31375
31375
31626
31626
31878
31878
32131
32131
32385
32385
32640
32640
32896
32896
33153
33153
33411
33411
33670
33670
33930
33930
34191
34191
34453
34453
34716
34716
34980
34980
35245
35245
35511
35511
35778
35778
36046
36046
36315
36315
36585
36585
36856
36856
37128
37128
37401
37401
37675
37675
37950
37950
38226
38226
38503
38503
38781
38781
39060
39060
39340
39340
39621
39621
39903
39903
40186
40186
40470
40470
40755
40755
41041
41041
41328
41328
41616
41616
41905
41905
42195
42195
42486
42486
42778
42778
43071
43071
43365
43365
43660
43660
43956
43956
44253
44253
44551
44551
44850
44850
45150
45150
45451
45451
45753
45753
46056
46056
46360
46360
46665
46665
46971
46971
47278
47278
47586
47586
47895
47895
48205
48205
48516
48516
48828
48828
49141
49141
49455
49455
49770
49770
50086
50086
50403
50403
50721
50721
51040
51040
51360
51360
51681
51681
52003
52003
52326
52326
52650
52650
52975
52975
53301
53301
53628
53628
53956
53956
54285
54285
54615
54615
54946
54946
55278
55278
55611
55611
55945
55945
56280
56280
56616
56616
56953
56953
57291
57291
57630
57630
57970
57970
58311
58311
58653
58653
58996
58996
59340
59340
59685
59685
60031
60031
60378
60378
60726
60726
61075
61075
61425
61425
61776
61776
62128
62128
62481
62481
62835
62835
63190
63190
63546
63546
63903
63903
64261
64261
64620
64620
64980
64980
65341
65341
65703
65703
66066
66066
66430
66430
66795
66795
67161
67161
67528
67528
67896
67896
68265
68265
68635
68635
69006
69006
69378
69378
69751
69751
70125
70125
70500
70500
70876
70876
71253
71253
71631
71631
72010
72010
72390
72390
72771
72771
73153
73153
73536
73536
73920
73920
74305
74305
74691
74691
75078
75078
75466
75466
75855
75855
76245
76245
76636
76636
77028
77028
77421
77421
77815
77815
78210
78210
78606
78606
79003
79003
79401
79401
79800
79800
80200
80200
80601
80601
81003
81003
81406
81406
81810
81810
82215
82215
82621
82621
83028
83028
83436
83436
83845
83845
84255
84255
84666
84666
85078
85078
85491
85491
85905
85905
86320
86320
86736
86736
87153
87153
87571
87571
87990
87990
88410
88410
88831
88831
89253
89253
89676
89676
90100
90100
90525
90525
90951
90951
91378
91378
91806
91806
92235
92235
92665
92665
93096
93096
93528
93528
93961
93961
94395
94395
94830
94830
95266
95266
95703
95703
96141
96141
96580
96580
97020
97020
97461
97461
97903
97903
98346
98346
98790
98790
99235
99235
99681
99681
100128
100128
100576
100576
101025
101025
101475
101475
101926
101926
102378
102378
102831
102831
103285
103285
103740
103740
104196
104196
104653
104653
105111
105111
105570
105570
106030
106030
106491
106491
106953
106953
107416
107416
107880
107880
108345
108345
108811
108811
109278
109278
109746
109746
110215
110215
110685
110685
111156
111156
111628
111628
112101
112101
112575
112575
113050
113050
113526
113526
114003
114003
114481
114481
114960
114960
115440
115440
115921
115921
116403
116403
116886
116886
117370
117370
117855
117855
118341
118341
118828
118828
119316
119316
119805
119805
120295
120295
120786
120786
121278
121278
121771
121771
122265
122265
122760
122760
123256
123256
123753
123753
124251
124251
124750
124750
125250
125250
125000750001
125000250000
125000250000
124999750000
124999750000
124999250001
124999250001
124998750003
124998750003
124998250006
124998250006
124997750010
124997750010
124997250015
124997250015
124996750021
124996750021
124996250028
124996250028
124995750036
124995750036
124995250045
124995250045
124994750055
124994750055
124994250066
124994250066
124993750078
124993750078
124993250091
124993250091
124992750105
124992750105
124992250120
124992250120
124991750136
124991750136
124991250153
124991250153
124990750171
124990750171
124990250190
124990250190
124989750210
124989750210
124989250231
124989250231
124988750253
124988750253
124988250276
124988250276
124987750300
124987750300
124987250325
124987250325
124986750351
124986750351
124986250378
124986250378
124985750406
124985750406
124985250435
124985250435
124984750465
124984750465
124984250496
124984250496
124983750528
124983750528
124983250561
124983250561
124982750595
124982750595
124982250630
124982250630
124981750666
124981750666
124981250703
124981250703
124980750741
124980750741
124980250780
124980250780
124979750820
124979750820
124979250861
124979250861
124978750903
124978750903
124978250946
124978250946
124977750990
124977750990
124977251035
124977251035
124976751081
124976751081
124976251128
124976251128
124975751176
10349935875
25154684253
21892467376
117585099096
19061964631
109753386870
1019148378
93004885116
2005756116
63098616903
2977951725
64592266753
2500765281
14736410326
25000380636
53331003936
19503421251
28998942378
2029705041
26643668220
92274428436
553429815
82305779226
74204736180
8150772003
19821898278
86077850986
9470526751
7731399075
48095115585
43881586876
39898463886
24184492485
21075790086
18084691653
5302800636
18449775
606547035
21772523475
83807250528
72573832653
110720650600
61861744896
31193151
29533455
9134721030
14082363576
107274109221
35130389778
906932755
69805106190
52434067861
384850896
89337010951
67322298330
18547476300
2172294741
115793803230
18479935125
41364214125
10795461391
90953470765
44093363203
17581593921
67504055895
25743052965
31596077890
108780104961
35702061720
55807228828
117823812330
1656030025
60728390271
1733868828
31375751253
9482090905
56612591805
118263540970
41103462403
113518262886
47884138380
59103861391
63737531166
23029691805
6832278960
28117334091
4713088416
166960401
22672254153
52123002756
40813816365
11077193746
32990970015
16794771175
17569032426
35672941171
83286476911
85366913400
94380135345
56105297731
5354934816
18310951396
91998407826
21964717621
2031871878
6687981685
113521121805
49233180321
46717227285
36161537985
1454249415
4963118265
2242992753
11179386156
40688773278
3520066465
54286937265
95941930035
7578959403
1308493746
39820254321
3136993236
4612080903
7972750950
34926584253
97888744278
8198465275
82127357686
15974798140
110155741251
53729534145
86160024055
90331413490
72603171270
604841590
7844845911
1189622253
53205340321
25304513130
89733094795
123583784220
104245661136
23168110911
107104184551
5709048940
5240703
355337811
9691730700
11309854401
25093712325
36534153516
29994985056
10448869080
116388409215
105690318441
469328203
17069144995
45262732375
100304293671
6400046953
8642403
77917136661
3867909081
5859193626
10113761976
4195875421
72965629045
805549591
6885217878
6900246550
2900667861
46178060851
41639641071
83768770641
41590596666
1181684805
61729560028
17129246595
41526017578
24289292215
2213353311
39983819505
74257908753
13519352395
20163432520
3143015970
2190392578
1576551628
1712175
115496590653
11674302003
3875476780
74675859030
263225040
66119024835
11385027753
93842166925
6262875321
447019950
123104987110
31572201255
76321877556
2124770266
855345480
25350201528
11046404566
2638393761
53950704886
26849744046
68877460281
50590146916
62236918836
121899715680
8946872028
10528963941
41864749480
117565217253
12522559896
22158387870
15577448778
3749823300
55972055490
12631677040
105681123411
4512927510
56935745076
9374707056
42596529381
65349620526
103083652596
22400295291
26784666975
8456306176
108446394903
1328623926
1567804006
8550854151
80415137166
79982600946
19703606328
222742171
90453867778
102518221645
32973505201
43865887110
123043466556
124988750253
71586279771
5886179250
2095795653
42141835086
5957898220
18902026
12114006031
11089695
25148628585
522753
2366066445
37341115840
11088508740
13900030011
110131335181
34442232111
66644441328
28907259681
34300388403
111966454720
34623681
15664057503
832177206
46079345676
12505948476
4155847696
56771189280
4818821706
484803091
22793580316
98235502875
9761571
77541779721
11253075210
43932852831
94500520653
26322389290
74350428153
37214694153
2516986725
29548683450
91553698005
592936266
107274109221
75876743790
20848513701
48898931901
86925110581
106477972656
12511800766
50716825341
58442847555
39633652740
40218875920
54464685990
26115380070
11776443715
78171963906
48858598503
84730536996
4853045940
51771023310
2436822766
82962326791
23877571185
730900261
51955889481
5793346261
38409525703
93851698128
1119804150
12123347041
1739526636
50066029266
10805014506
90051101920
85453707345
81093108726
7615199166
3998817735
98131809636
36546975
12622800
33899262771
107822302500
1782791328
46402307841
54582575601
39847915360
58988053026
12377800
6548085141
76463766270
5397449151
265063800
25609352770
38697480900
32884711740
58383374616
391006630
3289781055
71845326645
218130
38687744530
3009599736
4433570695
61483146445
23452040451
123926564476
84337861051
41629829878
21565179681
1390278
77165364825
2635125906
46204504066
21814069501
779394421
3532411378
100023213745
19542743850
13118031300
25752810826
46382896
655419115
33164327196
1524430936
80205531841
3802574028
22293533746
109109656230
43848413316
2112012528
5789579421
72930488403
4682458378
3979791936
86606849955
32793733050
13417595205
20640954610
16212872556
98472341220
13518859096
33088909875
105018757551
45574371186
112031294628
1971511821
1611728700
8792507136
27382329171
19458022356
