29
6 510.56
40.53  -28.44
190.12  560.73
185.42  655.70
-449.34  -68.30
640.81  807.43
874.02  -370.00
7 114.32
-752.38  913.94
513.61  -386.96
536.62  349.30
414.06  952.64
414.37  -32.41
980.16  -536.19
834.41  -899.35
8 297.64
-743.65  -47.12
-970.09  680.60
937.81  -25.39
129.46  798.16
-393.92  -901.43
797.00  399.84
820.19  902.53
534.79  -727.36
1 379.76
-713.07  -605.96
1 19.87
-915.16  -755.07
0 712.40
1 570.98
-685.49  -601.62
5 575.74
881.77  975.10
923.71  148.93
989.62  729.92
287.35  -415.77
-124.88  -809.02
1 758.67
898.25  658.20
3 242.89
-810.42  510.25
770.63  -233.40
-885.50  62.19
3 297.61
-133.79  -963.75
814.21  903.93
-500.06  708.86
3 571.38
721.74  -204.71
99.43  -255.74
742.61  135.80
8 397.83
512.63  244.51
-924.99  480.59
-354.19  -215.70
125.79  852.97
349.12  -970.09
-126.65  504.70
667.66  381.96
507.57  -308.59
9 496.98
287.41  476.87
-290.34  575.50
-617.98  460.21
602.78  -566.53
-2.99  -353.33
156.13  813.84
-401.92  26.67
235.78  607.42
-954.53  423.10
0 740.26
1 585.75
924.01  -505.25
3 597.35
197.08  276.79
530.09  -966.00
507.45  -197.81
7 700.16
-175.05  -145.63
827.82  -192.69
914.18  -777.89
-881.16  848.94
752.20  698.12
84.05  684.08
324.46  940.25
8 145.23
-887.63  259.09
390.99  51.27
-415.22  393.49
-116.76  235.53
5.92  -662.90
-955.51  935.97
872.07  -722.11
-719.67  -973.75
6 856.90
645.02  700.32
607.54  806.27
-970.09  -843.75
-384.70  -964.84
-550.23  -12.94
620.85  216.19
8 920.56
718.99  -55.36
-26.06  914.67
-435.73  527.47
-79.71  838.68
-39.98  465.70
-157.71  522.89
576.48  -449.52
-38.82  -480.71
5 817.41
890.81  -532.23
-803.04  143.49
357.60  -813.78
-607.54  384.16
518.19  -32.65
1 360.41
-312.87  -354.19
8 337.22
-712.52  996.52
657.90  -989.56
-163.82  -971.98
-512.45  -122.07
777.53  732.67
-693.18  61.83
-23.50  -143.55
-144.78  410.83
9 625.43
759.22  -496.22
791.93  369.02
293.03  616.58
174.44  469.24
18.62  -947.57
954.65  -912.17
-382.93  898.25
482.42  344.18
-776.43  -731.32
0 819.98
0 50.81
2 657.90
-688.42  566.28
563.17  827.33
3 573.94
-790.95  -996.89
-66.59  -530.33
-914.73  947.33
