42 63 154 132 13 14
120 6 0 179 75 121
79 25 73 104 94 176

78 87 114 41 116 57
13 7 190 137 171 124
63 48 77 68 182 154

6 2 43 71 97 81
118 24 163 120 185 32
26 45 176 178 35 6

86 32 89 35 64 21
25 124 37 3 38 179
21 11 63 66 152 75

89 99 85 47 17 123
105 84 147 8 21 161
73 5 178 57 169 187

72 124 144 19 148 135
9 143 109 62 134 187
12 6 19 1 173 116

33 104 48 39 93 185
67 70 89 171 185 56
81 132 149 161 101 32

37 10 130 171 156 133
2 121 42 90 156 28
7 123 27 61 8 159

137 86 101 53 192 54
141 116 173 54 134 30
67 52 108 63 36 144

40 102 190 168 52 115
102 126 39 71 137 36
141 114 17 12 144 2

4 83 3 39 34 109
130 34 165 103 55 74
61 101 16 177 45 124

34 76 113 12 93 8
0 22 132 79 168 47
2 138 75 30 169 149

16 68 51 171 141 177
109 77 22 114 166 51
3 76 77 122 105 5

85 140 69 154 140 47
136 36 187 30 58 124
25 54 167 177 190 18

11 134 134 94 140 36
116 7 151 114 48 173
128 119 42 18 96 77

17 65 56 32 77 145
6 29 21 131 118 36
97 144 58 34 27 127

58 12 174 50 187 91
1 55 117 135 126 164
12 66 119 91 41 159

67 65 108 149 1 132
64 95 100 99 33 162
1 6 73 35 118 27

39 10 153 143 6 135
40 114 163 157 38 47
141 4 106 186 119 87

72 138 95 104 80 2
131 0 190 10 178 51
97 34 32 40 21 8

111 144 176 45 11 162
86 124 116 72 129 134
7 47 174 65 137 136

83 48 44 128 59 5
127 87 112 83 9 186
63 42 39 127 169 90

112 90 41 25 132 31
97 118 138 84 138 22
131 81 21 101 45 35

68 113 43 26 190 176
82 122 101 147 148 181
69 16 111 177 92 42

113 134 27 162 84 1
101 29 120 94 124 27
63 117 84 85 10 169

96 46 145 34 126 71
127 63 150 134 180 192
131 52 91 89 127 188

25 133 78 114 25 168
10 122 43 65 164 21
81 84 104 104 184 171

97 115 1 178 144 42
93 80 162 190 37 147
35 44 158 181 156 65

101 56 9 59 102 117
85 120 151 120 52 131
85 108 108 40 187 16

22 93 111 48 162 68
5 49 57 150 70 176
28 53 92 76 173 83

43 49 44 141 123 40
31 89 81 184 128 58
110 74 9 126 3 30

32 120 54 169 46 13
108 80 166 0 85 46
143 43 96 100 29 5

131 73 79 87 78 33
46 73 190 116 131 172
105 98 165 8 7 113

89 78 191 159 120 89
126 17 170 66 69 64
42 135 92 95 165 124

111 26 42 97 68 172
5 11 4 167 85 115
86 67 138 45 94 61

34 130 11 159 178 175
66 38 107 80 176 139
87 39 30 144 19 89

77 48 192 27 80 32
66 38 114 9 93 15
77 47 121 49 154 28

109 93 70 117 94 59
32 103 188 41 141 133
15 126 86 136 24 179

53 106 118 85 28 6
54 89 67 97 3 50
5 120 99 53 129 8

38 70 105 106 181 86
110 27 183 80 86 13
87 7 74 63 23 34

79 6 102 189 0 106
73 16 39 41 40 136
41 84 64 138 8 39

23 109 174 81 6 105
41 41 27 112 55 103
47 102 88 33 84 45

27 74 95 123 8 192
88 108 182 179 160 113
77 94 24 148 178 50

120 54 176 11 177 182
9 126 171 35 18 149
110 132 122 11 63 92

25 68 183 154 132 136
0 96 23 79 52 22
56 8 19 69 63 122

53 27 23 30 150 73
10 104 114 110 170 11
61 70 88 183 6 126

36 121 95 124 40 44
92 129 41 149 137 118
29 32 146 191 185 76

125 9 52 166 164 52
116 66 83 173 112 173
116 85 146 22 96 56

79 72 182 175 113 68
30 84 115 147 3 179
10 128 151 154 35 115

95 21 14 171 186 101
127 139 169 64 9 75
13 61 9 68 187 131

142 18 51 166 13 2
8 123 42 31 83 43
81 59 128 29 7 14

65 134 30 89 175 149
71 45 117 159 8 139
88 38 77 51 108 162

55 71 135 94 102 64
65 26 1 105 105 55
124 44 25 173 179 148

73 129 174 27 152 75
106 126 94 7 62 136
63 71 88 76 98 175

57 7 131 59 73 88
65 15 42 143 71 142
0 134 159 136 141 61

79 44 85 150 50 151
85 59 52 47 77 62
60 66 122 175 13 106

66 126 0 73 132 102
104 73 22 8 114 61
144 30 3 43 151 58

15 131 51 50 121 113
58 96 168 68 123 137
70 69 134 172 188 7

59 84 131 87 160 27
78 28 52 42 161 50
73 69 151 162 77 191

39 84 18 52 34 23
101 55 155 181 120 7
104 98 38 50 6 144

125 16 179 111 142 175
91 139 126 51 37 53
48 54 187 153 164 49

77 77 123 144 145 76
125 13 0 66 128 172
82 86 70 39 37 138

36 24 133 85 85 116
115 11 80 125 67 152
109 36 24 100 40 157

93 85 87 149 142 152
80 132 99 98 188 155
80 50 161 100 70 82

6 95 54 22 157 172
141 117 5 148 89 13
80 116 26 30 102 189

136 74 99 75 150 96
83 35 39 175 162 27
53 48 74 95 141 54

38 21 118 117 97 179
141 131 83 136 183 72
33 90 4 7 78 5

117 24 123 29 32 159
58 142 29 3 49 126
142 56 42 168 125 143

17 136 178 13 36 118
141 144 28 9 94 121
23 120 100 168 149 153

3 39 55 26 186 174
60 47 41 33 72 104
55 12 9 109 76 132

26 25 114 97 12 127
62 60 39 4 169 127
89 15 85 51 53 38

16 89 168 59 105 146
83 136 46 175 137 150
17 2 125 57 166 108

62 25 72 164 47 135
101 143 85 30 20 111
10 51 59 182 117 149

93 20 125 115 134 14
98 124 94 76 27 24
144 7 156 101 74 122

116 64 192 156 104 17
104 69 69 186 50 56
119 81 108 15 176 8

94 90 104 132 59 175
67 65 84 155 104 171
103 31 39 29 164 75

87 25 109 127 77 22
144 95 135 90 146 187
55 5 12 160 96 35

61 40 131 184 63 9
97 66 43 7 144 18
65 110 7 151 63 174

20 27 188 145 164 163
114 90 184 55 136 140
94 10 86 94 66 158

92 126 92 41 89 129
39 109 53 176 172 148
60 144 153 81 161 28

54 33 183 26 52 25
75 54 58 189 27 71
124 25 97 157 130 146

0 34 51 101 137 166
114 127 182 99 87 172
120 3 176 130 140 121

144 105 0 69 47 80
11 139 120 117 62 40
64 136 159 142 70 34

130 64 159 124 72 89
65 3 43 189 100 42
109 83 23 164 6 106

75 76 17 6 157 108
47 101 80 40 64 102
2 118 169 130 0 129

35 68 79 69 50 138
124 91 67 133 186 44
81 40 133 114 184 109

38 87 130 80 104 185
41 141 18 45 118 130
0 69 61 10 165 172

86 41 185 134 132 73
36 144 69 143 141 57
93 0 14 106 24 115

86 142 64 60 17 56
54 124 140 29 16 173
132 60 41 87 141 133

36 70 141 120 103 39
102 82 178 117 120 95
92 61 123 120 83 4

77 33 119 190 60 6
116 63 8 89 112 79
36 90 98 138 154 140

91 25 92 41 33 120
67 73 39 80 86 84
49 144 32 176 37 112

59 50 169 185 18 50
99 10 116 52 165 52
9 102 130 77 155 180

29 79 192 37 12 146
72 100 133 53 65 77
106 36 104 39 5 172

87 24 85 152 119 23
82 48 52 15 158 114
134 129 2 53 189 130

74 73 92 155 132 118
91 42 116 1 75 107
126 102 116 184 18 32

48 22 110 40 9 34
125 131 16 20 137 114
140 110 11 170 147 124

31 129 146 14 106 151
100 36 21 151 63 130
2 142 100 33 9 86

98 33 52 28 6 152
116 59 192 153 145 25
114 74 139 188 41 117

0 85 102 51 45 53
56 16 120 36 57 71
130 131 117 153 24 118

69 53 58 175 27 46
139 12 48 56 41 177
38 118 8 149 8 32

42 85 177 21 185 49
33 107 0 74 15 42
0 86 92 52 165 177

87 68 177 76 74 13
122 35 183 80 41 142
102 81 129 3 86 86

56 29 102 66 162 108
58 37 44 118 128 56
6 89 111 190 75 127

85 58 181 0 103 165
15 56 99 183 85 180
75 38 38 142 182 141

6 38 114 119 110 130
34 104 83 8 48 28
35 22 128 77 108 105

134 120 84 89 171 183
143 30 113 2 50 108
141 29 144 168 178 83

29 52 95 176 85 95
13 68 176 100 94 130
30 2 115 55 11 125

74 71 35 146 42 187
65 137 39 51 146 146
84 99 114 190 186 142

78 21 9 39 116 0
59 120 73 37 124 107
37 94 30 95 3 103

77 53 147 2 133 177
64 108 178 113 121 182
44 20 104 53 169 90

138 13 76 99 103 29
27 92 187 58 5 108
8 32 85 16 52 94

36 20 80 14 167 148
18 28 111 125 77 133
24 61 58 91 50 96

111 8 185 163 23 8
4 123 158 123 25 161
111 109 46 117 24 17

12 122 148 36 9 92
14 118 34 90 167 142
26 17 130 177 41 90

123 95 22 49 148 93
27 22 43 152 35 93
103 132 93 176 63 160

129 15 188 100 66 115
105 129 19 40 98 30
18 36 154 54 136 15

41 133 151 174 147 25
19 117 165 170 0 45
79 41 9 163 154 28

24 133 162 66 74 11
72 135 47 54 85 57
15 67 60 124 190 177

24 79 107 60 15 168
144 134 13 52 73 20
112 137 126 4 118 32

75 86 145 117 103 28
93 96 2 178 72 47
14 7 133 22 66 104

91 34 146 104 25 34
37 120 34 97 64 78
4 59 4 56 18 99

106 45 114 100 3 86
129 22 46 51 60 173
79 55 17 57 64 128

0 4 11 38 162 98
97 110 69 46 78 47
108 87 146 91 115 55

40 7 182 92 185 113
101 60 58 184 173 68
72 25 153 135 34 65

79 123 158 172 164 185
28 57 93 163 27 30
138 7 104 25 17 121

106 140 122 186 128 97
87 87 91 135 87 27
63 131 3 153 114 105

139 27 52 114 90 126
128 139 101 183 31 170
93 78 80 85 100 75

68 82 10 178 81 34
9 11 26 188 5 171
58 23 78 139 119 192

55 81 5 98 77 173
114 119 22 143 123 62
137 54 116 108 171 130

59 94 59 102 172 85
52 44 108 107 81 158
22 98 51 66 161 52

46 102 13 114 41 94
83 1 191 156 175 143
69 77 176 98 136 83

114 102 95 175 142 16
62 39 180 156 37 56
109 82 44 51 93 93

28 130 47 166 180 57
114 80 16 176 15 176
54 95 82 150 45 74

88 20 73 41 150 34
54 123 65 76 63 40
72 14 144 33 192 56

6 47 8 17 99 45
46 85 15 189 8 60
13 93 122 145 80 34

90 92 69 181 7 130
139 31 100 72 46 96
20 127 36 172 146 32

47 140 143 100 182 153
121 47 81 78 109 84
64 78 58 100 98 15

75 92 96 133 79 66
8 15 0 89 111 8
73 96 91 86 123 163

75 137 55 188 50 30
27 56 70 176 98 93
22 131 101 99 108 58

90 139 182 134 130 174
59 13 155 189 13 61
115 30 159 155 18 192

112 111 90 160 44 139
52 137 106 13 72 47
121 51 20 121 132 103

127 6 114 125 191 130
107 90 94 123 36 65
74 144 95 167 135 132

121 47 164 126 116 3
49 50 46 50 92 77
141 117 172 38 109 123

39 2 131 191 98 40
30 54 5 83 149 176
112 43 33 10 161 115

41 59 18 47 190 125
20 94 181 8 13 104
89 64 43 158 167 41

36 108 60 189 108 189
11 101 100 41 174 176
136 75 41 163 69 144

86 129 172 135 131 22
68 60 172 17 29 97
87 67 186 69 120 153

35 94 35 53 104 112
48 57 176 61 191 179
26 77 69 137 29 26

118 94 91 96 125 44
107 91 177 185 65 173
90 54 76 72 41 75

52 135 190 6 94 117
102 55 73 182 117 114
96 14 26 77 179 59

93 132 101 126 30 192
125 65 121 0 39 43
144 25 165 29 179 105

115 66 40 110 147 2
97 38 172 40 109 134
107 55 24 104 2 65

65 59 105 50 67 128
131 14 58 107 191 79
9 1 163 103 109 73

4 131 155 2 36 105
85 138 98 54 50 116
24 92 102 53 148 23

50 93 135 156 17 97
92 125 48 130 146 57
71 111 109 69 71 67

80 47 164 49 165 134
4 82 155 117 27 149
92 83 191 17 96 94

16 133 30 184 80 119
88 40 108 51 32 166
48 12 166 10 73 124

95 131 39 39 187 185
48 67 83 186 62 183
132 99 73 60 40 41

121 3 122 64 43 48
143 87 35 46 140 62
24 95 61 106 54 121

44 45 153 100 72 180
42 64 22 68 66 120
19 6 126 114 170 70

46 113 46 112 26 73
96 48 12 143 44 70
63 7 188 27 157 57

64 117 78 32 63 89
1 33 73 78 180 141
134 107 139 44 148 90

33 130 72 137 36 183
89 6 105 140 88 9
114 59 135 79 40 46

58 94 4 3 189 155
76 12 171 187 131 7
122 16 138 30 21 180

105 99 184 191 31 40
137 138 163 15 74 31
125 27 29 38 52 152

46 131 140 168 10 17
103 120 62 168 150 25
75 101 191 162 12 169

7 34 76 186 145 39
60 43 129 126 111 146
22 97 165 4 141 133

106 56 57 87 135 55
32 100 172 107 51 97
15 93 157 164 47 7

47 40 142 141 98 30
33 130 146 34 53 157
79 116 7 165 113 64

109 0 155 84 115 96
48 68 77 125 16 141
120 130 160 44 20 98

43 39 106 5 75 160
2 110 82 145 3 163
89 144 127 139 80 136

62 32 44 1 119 115
56 81 115 175 51 89
115 70 2 16 29 1

24 136 165 44 77 61
58 74 146 48 104 119
107 13 55 79 60 142

63 71 19 85 36 119
110 117 8 36 177 179
6 75 32 105 51 83

51 122 191 56 102 67
68 83 34 19 76 186
106 93 184 170 66 81

62 142 106 138 82 169
17 68 120 87 134 124
86 31 190 192 95 71

60 59 176 50 102 111
70 112 3 52 55 76
11 88 51 177 76 137

5 59 98 20 119 177
52 107 102 43 153 14
114 75 152 14 68 53

21 132 0 30 167 119
54 107 147 49 9 151
128 67 60 33 156 58

107 140 159 98 65 101
40 77 109 187 138 159
92 40 117 191 98 178

42 36 8 158 109 83
106 14 68 43 181 144
99 46 125 19 129 94

25 69 147 34 49 84
21 94 80 148 61 182
59 31 148 59 70 84

64 30 1 63 30 155
25 128 40 133 16 187
27 4 92 86 64 74

40 21 126 170 82 79
64 39 50 139 116 26
46 41 19 176 97 176

105 11 95 159 79 53
34 83 40 42 6 36
84 73 168 63 143 71

3 39 17 121 14 52
84 4 16 120 137 70
129 16 19 40 97 78

53 123 95 177 76 172
27 128 102 7 184 164
95 124 173 191 83 31

19 36 188 95 78 117
11 51 175 95 102 4
105 94 191 149 11 172

36 34 64 65 107 77
23 140 133 31 33 107
54 80 144 97 110 45

104 143 25 96 98 40
6 3 107 42 31 126
97 141 16 5 106 77

54 62 53 6 155 79
14 94 127 143 60 151
31 73 97 109 94 14

106 13 59 69 86 185
139 45 155 72 72 113
70 81 72 35 88 67

90 56 15 7 85 180
112 74 45 190 98 108
35 74 182 97 140 97

39 23 171 44 103 74
65 31 67 77 89 15
128 62 62 46 131 89

20 5 1 149 1 112
11 8 185 159 97 39
91 61 73 159 100 55

116 121 143 126 45 86
0 80 31 43 83 85
14 124 77 184 59 68

21 135 129 132 132 91
101 15 128 98 132 106
110 115 41 19 190 86

94 0 86 172 153 79
131 138 40 181 39 96
98 135 82 111 133 0

15 8 52 101 118 178
107 85 99 105 42 85
49 55 40 14 68 25

144 127 98 180 159 52
111 84 128 132 30 102
54 120 139 134 129 149

15 8 36 161 113 81
96 7 35 39 124 105
114 104 181 81 64 176

18 126 98 60 51 59
65 38 99 27 77 163
80 29 126 79 120 34

74 9 73 116 19 56
132 3 89 39 141 160
73 66 97 182 108 28

69 114 84 60 97 4
105 46 153 131 170 186
12 97 124 83 55 58

78 126 137 132 160 45
49 120 93 15 12 154
87 60 173 115 97 115

143 101 75 115 26 141
14 96 66 100 101 0
90 123 114 53 157 62

130 84 89 190 181 2
82 61 113 129 52 139
14 111 92 179 79 129

119 22 71 67 105 43
45 42 74 95 14 52
8 103 4 190 165 76

58 57 189 34 184 23
13 40 68 107 104 151
40 7 179 150 23 12

6 112 74 163 168 157
139 9 31 148 124 26
48 63 7 168 33 41

136 19 179 39 144 127
129 119 144 81 143 159
91 127 102 97 28 192

132 3 82 191 23 24
44 59 145 109 13 165
57 132 13 72 50 109

92 58 171 136 177 150
111 41 111 97 181 110
102 122 98 57 55 8

72 85 28 15 16 145
117 25 95 130 131 161
113 18 129 151 59 188

0 80 39 127 102 8
60 93 88 62 64 16
140 112 35 175 148 71

139 12 189 188 102 145
78 45 15 124 34 141
73 81 188 154 142 20

104 134 114 182 75 58
82 27 61 18 28 114
3 51 65 99 29 111

68 128 4 49 75 144
62 33 64 35 95 138
36 54 79 27 5 58

24 57 159 21 142 183
33 42 54 163 140 116
29 14 179 91 86 42

140 29 9 180 104 104
131 36 74 138 177 57
53 108 9 40 175 189

121 37 144 117 17 66
56 143 104 159 128 30
123 65 35 134 43 5

120 9 31 70 185 192
73 68 52 49 38 118
66 112 85 47 187 148

4 128 186 49 68 30
137 86 180 7 132 9
28 13 16 26 18 149

107 44 57 37 45 120
86 62 57 97 67 100
38 80 28 50 103 151

37 114 56 2 67 50
124 106 105 100 154 25
90 51 178 73 115 128

129 47 192 54 97 82
24 136 183 54 173 70
118 85 4 25 48 139

28 128 0 171 135 48
131 99 32 17 73 135
123 55 182 16 153 77

14 90 143 12 161 159
80 115 124 104 75 121
134 31 191 143 26 188

87 24 115 133 133 40
118 125 32 68 74 44
36 46 86 90 89 185

134 41 178 57 152 187
116 13 25 188 146 43
14 46 127 96 171 119

52 121 95 102 125 68
101 120 67 57 97 45
46 29 30 166 33 69

137 29 124 166 114 115
88 105 69 164 162 80
114 91 135 72 58 188

1 64 175 113 16 128
72 140 53 2 87 8
15 85 155 109 98 64

76 137 161 131 0 113
84 47 167 106 165 86
31 92 23 86 137 164

105 71 14 139 61 5
137 131 81 190 60 50
140 65 122 96 29 167

54 15 99 131 55 121
71 40 116 30 68 121
138 91 11 119 66 4

10 101 141 117 83 43
14 102 95 17 168 105
51 119 118 64 40 184

10 71 122 131 19 168
129 100 73 185 128 16
107 71 118 89 187 83

108 43 58 19 11 182
109 81 53 125 181 14
12 101 95 122 98 51

40 136 117 148 96 107
120 73 47 157 89 44
8 33 161 152 97 53

104 103 188 32 186 44
93 124 12 132 68 159
28 116 106 48 86 87

87 3 26 20 80 124
27 65 8 117 48 98
106 137 30 64 36 152

74 31 64 94 151 42
51 121 126 189 81 77
78 93 57 141 71 166

61 34 14 100 89 162
103 125 155 84 62 6
96 31 71 35 23 159

102 111 129 186 175 146
66 19 18 42 80 97
131 142 52 105 84 145

74 108 167 152 114 88
138 16 109 139 61 4
32 80 132 183 43 107

12 23 37 161 117 131
59 103 34 138 14 5
24 135 141 156 169 166

116 143 23 108 53 181
72 99 182 148 179 112
143 80 31 32 30 33

12 37 48 76 31 71
66 92 158 142 25 57
10 83 74 63 178 76

109 130 103 40 78 156
86 143 93 183 130 173
109 27 105 31 168 145

95 96 121 166 108 184
72 140 153 53 162 90
3 107 92 70 155 163

110 121 138 43 161 101
82 63 93 110 145 103
138 121 177 42 87 135

127 70 115 96 60 44
131 122 189 74 53 5
76 77 46 150 107 11

70 62 104 136 163 65
81 123 96 38 129 103
114 30 110 185 48 191

133 66 182 35 156 61
23 105 47 189 34 178
21 117 190 19 59 70

22 32 120 81 185 165
18 88 151 58 71 17
120 12 12 76 174 169

18 28 110 57 57 190
51 6 167 138 27 139
28 87 135 67 106 190

102 133 157 31 87 24
28 29 37 182 125 106
75 102 130 42 168 122

25 139 109 68 24 139
46 21 119 60 178 164
53 24 61 192 77 2

138 92 36 136 73 174
125 97 138 8 120 186
35 17 167 47 184 160

125 102 66 20 4 129
11 13 126 69 167 152
51 13 7 188 129 185

4 0 80 35 136 127
123 6 46 101 19 0
130 140 114 82 10 41

122 61 42 188 80 191
13 73 99 172 142 112
87 79 104 91 11 65

141 67 192 176 79 167
45 21 83 23 176 134
71 119 82 112 135 139

130 138 130 3 74 137
2 57 153 131 15 139
26 103 36 115 163 105

39 138 60 5 159 64
41 120 102 13 62 74
14 55 26 80 43 174

87 11 188 127 48 45
65 6 31 147 34 3
10 137 149 191 37 60

64 28 78 58 130 119
140 127 60 173 35 185
53 40 91 5 144 159

10 143 108 68 118 135
27 13 159 70 26 8
107 129 27 77 116 14

57 71 145 157 11 182
10 36 116 46 180 13
16 44 99 15 37 110

140 73 188 78 16 93
116 3 84 66 31 81
120 48 83 22 101 97

68 46 179 158 94 111
87 137 146 176 156 191
22 121 118 27 179 30

144 77 133 152 58 158
85 3 65 0 23 171
144 78 154 72 180 65

57 124 101 25 15 148
41 24 167 185 141 189
138 113 118 62 111 60

122 65 90 88 118 104
51 19 76 124 172 78
57 10 22 144 29 187

92 32 133 179 89 142
134 30 4 30 86 66
14 140 59 110 39 174

122 115 155 13 50 2
51 112 32 156 34 78
40 94 75 33 186 25

8 122 139 161 41 192
33 29 180 94 178 142
81 141 5 112 122 70

134 86 61 76 123 182
81 125 49 45 169 68
10 11 118 128 145 69

49 6 126 88 65 12
129 47 163 62 7 183
120 37 42 158 46 38

84 84 127 55 36 48
67 29 111 163 82 130
69 13 51 29 147 68

112 123 88 114 155 111
42 102 125 27 187 150
7 32 116 143 42 46

16 62 122 139 156 91
32 86 35 72 191 48
47 51 137 55 51 190

108 61 52 190 18 21
86 64 189 157 111 184
69 1 82 62 145 75

46 8 151 134 3 165
112 120 57 28 119 7
57 32 184 28 169 10

7 121 120 0 190 49
86 105 46 117 26 30
143 50 56 16 144 180

3 100 88 115 35 168
107 128 103 84 75 125
17 100 80 125 180 95

66 109 122 91 35 26
50 105 32 29 68 128
40 53 21 92 107 139

16 65 76 74 151 169
121 39 137 172 100 120
38 98 81 81 171 156

82 77 68 100 186 37
14 97 18 62 102 31
52 144 105 8 133 2

63 121 59 53 127 79
136 124 169 10 63 171
111 31 152 90 121 173

90 16 86 74 31 188
84 105 111 67 171 51
52 95 137 140 55 110

42 100 30 112 102 76
105 27 129 20 127 18
71 137 68 167 107 100

139 126 132 66 155 150
102 99 138 180 97 29
95 14 86 60 68 41

78 95 133 173 179 144
37 21 79 54 70 122
136 61 149 120 76 142

87 94 23 137 60 68
142 6 191 21 10 148
108 116 58 10 138 92

101 70 100 5 33 11
102 131 188 1 70 140
119 140 32 172 7 13

28 60 89 182 109 96
127 28 135 21 51 51
49 58 185 152 10 131

120 48 59 190 10 71
118 34 7 65 29 149
132 119 81 117 133 165

102 2 7 183 114 7
8 75 58 54 116 21
6 79 11 151 96 168

68 125 59 5 155 188
7 83 18 117 16 73
50 34 99 90 6 136

55 106 121 190 180 73
144 48 182 0 82 98
87 133 138 73 181 72

127 39 174 5 50 55
58 119 48 96 69 115
14 56 181 44 155 144

46 43 77 27 108 127
54 12 130 131 84 67
30 15 190 111 154 125

41 131 95 11 59 164
98 138 174 181 9 104
89 121 151 145 65 113

111 23 111 2 139 61
37 60 16 96 83 133
40 16 75 128 20 112

63 100 132 81 118 81
69 115 68 34 32 29
130 125 15 174 88 191

59 18 4 9 6 75
60 15 169 57 50 124
113 9 147 143 128 38

34 133 89 189 17 124
83 16 146 107 52 163
100 13 118 42 166 76

18 32 97 78 18 178
52 139 116 57 15 113
43 35 123 152 185 122

110 73 88 59 128 107
116 55 186 21 36 170
1 77 68 150 14 159

132 84 15 68 13 24
20 23 85 26 141 54
100 57 20 52 24 21

0 72 70 32 36 67
58 120 146 149 189 78
11 62 32 156 68 125

30 40 111 76 167 27
116 103 152 122 73 83
114 100 7 191 24 68

56 58 2 166 188 5
87 92 120 176 180 77
20 49 118 128 28 85

45 28 43 51 64 115
88 14 92 160 184 178
39 15 15 133 147 75

126 44 119 169 144 130
26 82 83 98 163 158
96 19 92 8 136 5

22 137 169 0 42 47
80 59 31 14 35 128
116 90 171 15 155 155

3 109 181 192 16 38
137 127 117 74 47 164
68 105 148 70 144 58

112 84 141 134 150 49
84 131 15 3 43 98
93 47 129 41 89 2

44 29 0 136 28 51
53 139 144 171 98 76
83 33 169 187 114 40

69 28 21 66 60 182
63 48 84 61 150 111
46 128 108 16 124 161

86 142 100 53 96 93
102 52 119 47 31 84
129 2 152 152 71 25

93 96 62 145 182 154
32 40 71 61 185 18
55 62 50 80 93 122

84 23 94 191 138 126
62 117 84 66 72 43
94 45 118 188 39 122

131 42 66 186 28 96
114 56 140 6 29 45
19 98 131 103 186 137

26 117 10 84 138 48
99 112 158 132 11 142
104 84 75 68 17 165

18 115 140 123 64 142
51 96 46 191 135 22
117 34 2 190 108 144

97 33 41 39 102 73
51 4 176 65 146 163
139 143 120 74 111 164

105 82 57 12 11 93
127 25 14 11 29 48
28 61 165 131 123 134

100 101 187 107 66 114
37 19 132 139 106 119
2 33 122 96 110 14

39 121 190 85 71 90
112 81 36 7 10 11
140 34 0 72 45 159

140 83 124 137 144 22
59 70 178 40 92 17
119 106 141 142 59 154

111 24 101 38 59 30
121 65 5 151 104 78
120 41 188 146 170 149

55 126 43 12 156 13
13 11 105 127 129 162
86 29 145 78 66 26

13 101 181 65 71 175
92 105 159 146 78 48
32 23 178 55 64 45

87 136 17 113 14 19
62 127 77 122 177 133
27 114 1 189 63 166

73 7 143 130 29 156
112 91 171 82 124 9
45 39 97 128 87 143

64 61 147 13 128 178
143 126 186 85 82 34
76 77 1 49 136 160

8 111 185 134 80 98
68 62 24 43 23 89
23 77 30 89 55 90

23 102 191 11 127 92
129 108 45 141 137 146
65 45 150 46 158 165

133 26 146 169 47 116
0 41 84 116 77 180
76 122 86 178 81 63

112 94 18 187 103 51
77 79 158 169 31 55
78 34 170 105 155 90

3 14 68 80 170 114
139 142 2 23 8 104
114 37 158 135 29 81

114 16 163 189 140 91
116 135 75 82 106 140
93 30 59 116 121 181

119 51 177 191 94 61
67 81 2 96 172 75
84 23 161 154 54 61

64 30 159 18 11 134
69 131 75 114 156 151
25 97 163 49 9 58

30 19 183 107 46 96
38 92 47 98 136 54
22 55 137 27 0 100

100 66 16 90 192 97
121 83 1 191 62 15
121 130 144 80 28 61

46 140 50 74 188 115
73 40 5 177 144 2
123 124 147 44 95 163

9 71 135 192 64 168
21 73 108 171 52 132
103 77 79 115 192 162

0 61 18 162 147 54
48 12 48 30 60 167
57 120 38 0 140 18

137 60 142 69 71 105
96 78 152 189 30 150
104 73 101 171 34 30

140 90 138 73 95 7
118 114 18 162 97 80
103 24 110 39 93 106

2 117 114 100 192 138
53 51 92 43 63 124
86 86 154 32 7 156

38 34 150 8 149 163
132 80 181 91 25 133
113 140 95 176 179 180

52 63 50 4 16 115
71 56 183 158 93 125
128 18 57 37 139 185

89 73 93 14 125 97
33 89 66 118 126 78
121 1 179 121 120 112

122 22 162 150 93 81
120 125 157 143 120 35
58 41 90 177 154 16

97 38 72 109 100 182
82 126 177 115 13 169
52 75 36 5 158 159

67 61 21 93 64 165
45 30 49 86 175 21
77 131 158 21 80 28

102 63 130 30 86 15
43 56 5 153 142 111
59 114 105 8 46 27

90 72 144 45 176 35
131 90 182 66 25 56
24 18 42 191 19 150

33 27 41 28 51 143
79 51 79 76 191 116
5 28 114 101 24 87

70 98 161 79 116 7
37 49 122 86 125 116
85 63 104 129 189 187

35 39 188 135 34 38
130 95 170 11 59 72
9 5 42 75 109 119

2 36 110 89 3 46
89 33 105 98 164 41
18 109 62 88 86 27

36 59 109 4 49 141
60 15 143 107 39 145
64 13 101 79 163 90

95 107 33 165 18 159
47 144 31 29 91 36
130 133 174 95 83 38

92 1 148 125 76 99
37 125 168 141 114 34
30 75 68 188 18 36

106 62 72 166 34 161
141 17 106 187 115 129
39 120 50 155 88 133

15 26 144 39 102 94
92 27 138 127 69 74
143 68 164 24 143 78

103 3 176 185 21 69
64 42 65 133 97 69
55 0 158 138 50 152

49 115 151 22 141 144
40 106 102 118 3 134
84 16 51 152 67 23

68 2 63 154 57 46
4 58 60 148 169 69
119 132 102 180 69 17

57 69 9 97 67 40
30 31 104 183 186 6
67 107 75 101 20 6

68 94 76 74 13 49
23 141 64 18 182 139
31 50 34 0 124 80

121 130 53 94 124 61
7 99 39 170 173 40
124 67 38 47 72 2

100 123 2 187 55 26
65 57 171 103 131 90
23 125 104 172 154 113

1 121 127 1 47 54
97 31 145 69 123 114
46 110 105 49 120 84

14 107 60 115 45 153
84 72 9 111 122 48
115 61 148 187 129 32

94 131 26 56 192 16
18 121 43 58 14 138
112 18 48 136 21 30

48 7 131 64 73 141
30 51 148 165 133 122
18 44 43 35 157 155

47 47 84 27 68 30
122 113 185 18 113 157
15 94 120 61 57 128

143 140 82 138 96 49
48 137 40 172 143 50
13 102 160 114 27 59

99 97 176 100 96 50
18 137 13 108 97 88
68 61 164 146 191 139

66 38 106 6 146 51
141 19 178 150 73 32
22 132 100 138 56 68

37 35 22 163 41 121
117 43 97 153 143 5
24 76 60 20 36 153

35 73 18 32 69 169
105 104 68 38 160 149
119 134 75 152 157 125

127 13 20 40 103 84
102 65 136 18 128 107
125 86 21 55 191 73

144 139 63 104 114 189
54 80 181 135 138 52
25 79 84 180 186 181

60 61 172 124 94 58
82 133 162 58 33 115
99 64 132 143 56 119

137 114 128 92 142 168
51 79 160 167 188 27
42 80 128 131 159 177

34 103 142 184 139 51
121 50 49 186 140 31
59 115 101 52 78 136

55 123 175 103 130 167
36 138 188 152 112 157
125 111 185 168 129 33

98 22 64 125 1 106
23 80 102 22 165 95
110 20 157 186 150 78

47 58 129 150 54 102
114 117 102 57 76 192
62 80 64 96 189 172

136 26 103 70 121 54
52 29 42 142 28 5
34 140 124 88 159 162

98 10 147 106 22 71
40 121 126 17 175 79
59 104 131 166 64 136

10 18 53 159 18 77
20 76 105 53 46 149
94 105 37 159 153 85

8 41 40 179 192 73
15 8 56 192 65 124
44 41 190 20 157 20

126 56 107 96 126 124
22 122 6 93 143 71
120 97 122 80 131 10

36 111 116 6 59 80
102 81 50 175 153 116
32 47 133 43 10 63

13 95 41 165 23 143
29 57 66 69 179 52
103 101 81 10 168 192

18 41 77 58 48 39
41 114 76 16 97 94
35 28 0 188 45 157

31 66 40 32 36 113
77 42 143 5 79 175
36 24 92 154 15 118

93 10 151 191 2 80
101 125 100 126 182 31
5 31 66 59 31 6

6 138 62 97 22 53
35 22 145 21 179 114
121 84 152 160 116 106

120 30 102 188 85 87
71 4 192 91 114 192
51 10 130 181 132 89

133 119 43 31 122 15
29 59 69 113 191 28
49 136 109 131 133 113

123 96 28 171 138 189
104 36 192 147 58 19
16 134 41 64 161 1

20 128 117 32 26 46
65 116 174 51 172 88
88 120 54 134 20 109

130 38 60 189 10 151
98 18 133 83 78 19
44 13 41 31 109 21

6 79 129 66 149 160
130 36 146 4 28 52
125 86 52 190 151 6

12 57 4 98 16 108
16 132 132 16 142 32
41 64 57 18 29 150

0 118 187 186 57 91
41 56 56 126 107 125
44 57 88 142 50 160

2 123 7 119 146 28
125 119 59 44 181 67
56 33 63 162 61 8

30 132 135 21 55 178
5 69 125 58 117 5
141 54 95 175 147 42

13 130 130 13 54 181
51 81 125 171 115 160
127 115 42 93 33 36

114 143 53 88 66 182
104 115 33 97 37 89
42 90 118 12 160 35

9 15 10 81 178 5
140 121 160 188 51 151
55 39 111 141 123 139

38 47 100 62 158 130
120 117 38 74 14 74
15 106 21 7 187 129

0 129 161 143 131 106
2 124 92 108 68 181
42 141 3 172 175 164

18 88 77 62 157 105
31 131 84 184 0 108
118 20 149 113 92 107

21 69 156 159 86 103
78 41 148 87 124 185
124 58 167 72 184 127

80 144 58 164 60 178
86 29 66 153 146 81
60 112 15 90 170 55

5 48 15 100 13 60
39 19 85 8 109 41
88 106 41 46 187 44

98 55 40 188 105 61
132 12 5 1 98 166
42 81 184 165 155 81

98 128 3 103 122 141
120 98 7 76 164 156
62 30 136 164 139 20

9 91 166 37 179 15
128 116 173 84 178 59
13 116 123 65 34 104

121 108 77 21 158 144
29 23 94 180 38 143
87 65 130 136 140 159

18 23 27 97 61 89
57 10 138 97 57 56
47 6 33 100 83 74

54 138 97 165 2 96
50 109 59 116 57 63
128 17 171 49 103 27

6 103 167 79 28 46
123 1 144 59 113 100
8 28 166 188 173 163

16 54 40 161 186 34
65 93 97 17 7 104
100 58 117 102 18 13

90 3 159 113 120 37
39 40 36 14 124 64
40 11 69 76 70 147

74 119 187 37 66 13
47 77 122 145 150 70
79 84 85 10 191 65

129 55 103 183 30 30
21 2 110 28 61 159
42 130 54 12 135 183

50 122 9 154 55 34
36 76 152 156 128 187
12 78 136 115 34 141

88 140 11 75 131 101
67 92 33 154 70 188
98 23 103 19 14 101

9 36 165 28 19 145
32 80 96 163 108 3
44 33 149 103 39 160

98 101 4 177 118 135
87 11 166 90 55 89
54 125 70 135 143 5

100 119 82 109 83 49
47 39 96 78 85 88
6 126 62 180 167 99

39 100 26 39 64 5
125 102 2 17 175 66
87 33 191 130 91 177

21 21 139 154 133 169
134 115 25 61 5 150
12 134 179 175 156 34

28 16 185 7 132 100
133 144 133 163 72 167
122 128 38 14 120 56

117 95 192 11 5 182
41 111 39 20 103 91
73 75 130 70 57 0

91 104 93 100 79 96
23 68 183 28 173 18
7 23 170 67 178 190

83 0 184 186 44 140
71 21 187 192 79 23
54 136 192 121 28 91

23 68 142 90 136 77
45 131 108 3 185 50
12 12 92 9 73 113

137 12 80 158 82 52
98 108 143 124 95 35
72 140 43 125 5 110

104 29 66 80 96 18
114 116 69 74 129 81
110 92 4 4 135 121

30 140 142 106 158 21
18 30 161 97 137 46
50 8 192 166 69 4

53 55 183 107 26 120
107 0 16 73 181 163
44 72 170 191 147 182

121 12 46 133 107 72
60 43 46 83 146 58
68 35 6 77 109 122

143 86 113 182 111 93
124 43 68 132 175 138
72 45 97 113 78 142

99 105 143 47 124 86
42 15 28 75 81 118
81 65 52 65 167 100

136 121 134 82 140 162
94 118 145 158 131 38
99 106 43 58 167 170

102 23 15 183 159 56
46 49 29 179 125 119
73 45 110 82 14 139

144 61 8 80 84 12
126 39 21 18 64 112
97 31 136 75 38 91

48 120 26 164 107 3
76 133 63 23 87 108
57 133 183 1 72 23

93 103 16 118 46 73
1 84 173 190 159 2
75 135 47 187 33 110

32 112 137 164 158 71
103 84 92 68 136 184
116 60 88 161 163 76

10 66 88 38 96 29
106 13 127 169 68 111
66 118 15 148 167 80

72 109 103 19 149 49
95 118 149 131 18 160
20 4 174 35 150 191

76 22 152 62 80 187
0 133 55 16 48 186
74 73 166 151 46 93

115 58 175 163 174 148
133 131 184 75 110 103
7 1 114 189 37 160

90 135 187 87 144 128
63 119 133 9 11 163
108 30 47 160 66 75

13 109 108 61 95 133
102 114 145 120 129 137
3 131 84 142 2 123

36 109 116 141 17 84
138 24 1 177 68 170
50 109 1 16 73 61

65 62 13 113 93 85
63 4 7 26 81 151
135 20 192 184 98 46

0 5 144 136 179 58
0 38 159 45 180 0
48 120 57 175 119 68

63 144 43 78 1 179
67 76 73 113 93 42
96 15 158 64 52 61

131 117 18 189 130 79
18 29 30 176 35 62
53 75 89 147 140 71

10 97 0 41 90 100
129 43 157 33 19 66
63 62 100 167 68 51

57 133 106 181 12 108
24 72 20 127 162 167
12 1 134 72 52 178

7 11 93 151 159 119
99 37 1 143 12 79
99 67 84 155 158 113

143 66 182 60 192 129
83 34 102 97 172 81
4 80 177 131 101 121

43 83 146 92 166 176
128 93 136 120 93 40
61 65 83 81 166 36

54 47 142 52 121 24
37 44 166 90 12 114
28 47 153 188 160 5

9 9 99 100 12 109
111 107 188 148 12 44
92 125 158 9 41 97

130 53 8 171 49 185
118 70 3 84 74 133
102 135 114 155 39 120

100 142 54 160 152 4
24 82 31 77 153 89
54 17 156 60 63 59

21 47 51 185 149 178
19 101 33 46 192 151
85 76 178 77 48 82

144 102 59 55 21 130
53 86 2 41 128 191
97 0 59 118 114 180

110 93 62 101 162 61
56 81 156 0 106 92
95 39 119 45 182 191

143 90 188 189 4 104
80 20 133 152 32 67
74 116 96 16 33 32

144 9 7 0 110 40
127 143 113 35 76 8
75 1 48 37 161 87

60 119 190 169 91 135
0 15 74 16 39 105
140 91 26 170 162 165

143 95 132 49 89 162
67 6 167 104 118 126
120 14 129 121 189 96

24 1 37 59 129 138
47 48 146 78 161 10
36 17 179 145 146 43

141 13 64 75 102 146
72 125 153 175 83 18
107 7 87 44 42 155

106 140 120 19 104 60
133 61 101 6 67 177
121 42 22 66 145 70

107 143 8 162 92 54
136 43 64 60 33 133
84 26 34 32 48 71

101 88 39 36 180 27
44 106 87 77 99 68
0 127 28 10 15 191

120 121 26 102 20 95
63 93 62 114 41 71
18 113 74 10 54 132

99 41 142 135 151 145
22 60 23 39 34 93
123 42 133 70 188 126

26 12 105 182 80 127
51 41 143 117 63 46
80 44 10 156 91 121

144 126 27 34 192 41
30 27 156 37 178 29
80 75 149 54 59 69

78 63 70 106 76 62
45 26 139 48 95 86
29 53 160 28 3 190

104 99 11 121 145 85
108 93 21 59 148 157
137 58 45 53 4 39

91 105 107 15 161 48
48 41 38 110 61 41
26 83 156 69 156 184

20 56 186 148 136 126
76 19 98 119 50 112
58 31 30 4 52 11

116 55 6 167 103 64
95 109 27 114 184 71
89 1 54 100 173 110

2 57 148 43 134 39
136 0 104 137 46 22
83 100 31 32 73 92

22 94 104 176 37 51
11 21 131 82 21 188
69 105 71 60 71 153

15 2 161 189 179 90
47 115 162 173 180 154
113 3 64 82 177 60

84 9 92 86 0 176
77 38 156 189 135 138
35 1 78 48 137 182

80 114 87 184 9 78
103 106 106 10 114 80
125 10 157 64 95 53

49 55 158 189 171 77
66 108 21 88 134 175
23 103 24 106 65 171

36 24 73 90 151 184
133 66 102 141 187 167
26 93 40 71 57 46

45 1 40 8 76 157
15 55 26 5 167 74
126 109 44 176 19 116

85 63 182 21 185 14
48 91 185 28 49 96
117 141 176 123 70 84

31 70 116 38 188 46
71 113 49 134 112 27
84 129 163 57 118 157

79 10 177 185 107 50
76 77 175 143 152 154
74 38 142 147 78 58

56 102 111 116 186 100
117 55 156 184 27 154
23 119 39 90 122 17

108 36 186 174 74 7
127 108 46 39 181 25
105 41 151 185 103 164

44 86 1 113 158 47
38 81 117 129 128 132
104 38 58 191 79 140

66 32 169 8 79 180
101 1 46 129 47 155
44 92 117 178 109 74

138 5 67 142 107 148
104 42 29 164 145 163
39 92 91 106 151 91

62 106 99 34 42 9
45 76 117 105 75 36
91 53 110 18 182 28

126 76 63 105 167 68
34 68 22 167 167 108
24 10 142 95 135 128

101 89 107 88 109 154
96 55 128 107 191 96
143 65 14 148 144 79

11 51 9 82 6 191
108 91 124 44 84 105
131 31 186 26 30 169

129 133 72 99 49 144
135 0 150 115 76 29
14 5 38 12 140 106

91 76 159 22 189 59
111 14 180 10 48 2
35 56 12 129 156 33

89 63 29 128 156 170
141 139 96 164 110 44
38 77 69 73 143 27

79 113 173 55 178 10
52 24 86 22 136 33
98 98 154 25 106 131

27 90 53 111 22 123
125 15 30 179 11 146
10 36 3 88 188 41

4 135 134 42 91 52
125 10 123 67 13 115
16 101 2 26 147 37

109 58 120 68 137 71
21 13 67 97 76 119
87 44 106 106 174 88

22 63 157 70 70 30
43 11 61 160 43 49
96 89 116 8 138 72

130 90 132 149 191 184
124 5 35 88 37 155
26 122 125 43 71 115

62 114 108 68 63 131
78 93 48 27 148 78
140 72 192 89 50 60

94 84 192 136 149 23
102 52 120 183 149 149
138 66 66 31 33 71

109 114 134 169 84 147
128 88 179 0 6 21
65 123 132 24 51 147

16 40 88 93 112 158
18 85 20 146 170 41
52 19 44 24 114 93

137 127 70 171 102 72
129 104 14 161 56 52
92 42 1 155 153 48

64 97 47 101 93 62
53 96 40 32 10 60
136 1 120 48 105 5

105 12 147 160 156 45
48 112 167 27 151 78
74 44 84 57 183 11

129 8 21 46 164 146
0 105 66 70 93 103
37 131 9 181 167 84

8 0 147 11 123 171
143 104 37 42 145 22
125 120 61 48 60 75

20 64 88 20 40 91
56 98 62 28 97 41
75 68 182 180 43 174

60 48 97 11 180 24
80 72 139 35 90 53
83 45 146 163 56 172

44 104 108 158 7 108
3 126 179 4 7 108
41 17 121 161 186 184

42 60 129 178 44 86
131 91 171 125 134 62
59 1 69 46 28 3

116 53 67 66 113 3
64 99 110 108 110 141
76 114 5 15 147 149

20 29 29 8 80 29
36 134 136 144 126 99
113 102 0 183 91 71

136 125 148 148 105 50
119 35 77 94 20 4
18 104 164 131 38 10

62 106 35 75 33 116
27 104 46 105 43 77
5 43 178 167 44 50

102 90 76 110 2 164
54 72 136 172 145 89
38 92 32 95 185 44

86 112 73 79 115 106
92 22 184 121 42 50
137 47 70 83 160 116

61 141 115 110 10 60
95 143 8 18 92 103
64 22 108 22 155 62

31 13 3 166 167 117
90 138 114 118 56 12
16 9 30 120 126 77

134 95 175 80 143 56
84 80 5 160 148 115
95 83 83 12 109 178

58 140 95 116 23 23
88 112 99 127 36 158
16 135 79 110 122 73

73 127 183 133 24 26
15 92 173 91 87 75
137 45 48 152 178 138

18 52 70 66 158 3
143 135 159 126 91 102
38 122 91 155 65 112

35 23 105 182 67 2
100 125 105 36 82 130
122 0 61 124 183 110

125 44 54 8 105 171
137 113 13 99 116 52
69 83 191 34 65 87

97 138 152 166 79 119
112 36 171 53 26 103
123 32 133 104 38 51

27 129 71 133 50 10
25 118 8 130 151 79
36 80 4 65 134 100

133 28 94 187 105 68
41 123 148 68 95 52
87 127 44 74 101 173

104 90 87 144 73 112
72 56 81 40 115 51
110 100 34 54 33 124

137 97 174 116 170 112
133 90 58 131 87 95
34 95 56 114 51 92

98 55 95 49 79 127
24 96 154 7 126 53
23 143 113 98 61 138

56 60 110 68 83 161
86 138 90 113 83 27
100 20 34 124 110 4

110 96 111 65 18 157
67 70 6 24 39 174
88 36 85 180 117 170

60 29 174 107 8 73
107 116 20 45 170 3
39 58 149 12 145 99

144 29 162 48 43 32
124 26 187 97 43 86
38 25 124 26 6 188

80 10 28 159 182 59
97 5 7 5 162 52
53 121 19 57 130 106

95 47 111 32 141 149
89 66 43 147 14 18
111 49 8 160 111 105

14 79 48 24 174 35
52 2 188 115 170 40
31 15 32 68 31 116

58 104 1 4 97 127
23 41 83 134 177 145
67 4 86 181 64 27

76 142 129 25 47 95
81 83 153 174 39 61
33 108 22 88 143 5

143 117 166 119 176 54
72 36 140 34 16 36
44 80 40 68 17 55

29 73 158 80 148 183
109 66 9 179 41 36
69 39 109 177 147 54

90 28 92 163 156 188
95 85 17 148 55 55
113 65 128 163 106 58

17 93 94 183 5 142
54 114 128 71 161 149
141 25 6 138 0 32

115 142 16 177 87 89
126 65 179 68 172 13
122 76 169 169 186 9

86 112 43 36 81 77
115 30 90 42 136 47
88 74 88 47 74 83

17 140 51 120 176 116
27 136 95 93 127 166
64 50 5 132 191 131

84 69 177 14 103 161
55 23 79 56 78 4
7 10 51 164 21 35

41 101 181 142 68 91
55 120 155 72 77 186
17 86 180 61 24 173

15 134 80 12 152 114
94 13 97 99 81 14
13 91 160 20 128 163

89 124 60 100 81 118
48 114 82 26 180 187
27 57 109 43 143 124

109 138 185 143 160 55
141 69 71 23 114 93
87 18 83 151 174 184

76 5 19 192 136 42
71 30 2 23 65 169
116 85 169 134 82 106

22 122 32 98 32 64
97 45 52 102 17 135
57 49 45 118 79 151

70 65 41 85 162 123
3 53 152 24 68 21
35 51 113 35 19 191

108 99 41 131 30 29
114 41 92 109 1 69
126 50 20 106 34 11

67 28 112 95 42 82
53 40 177 36 184 7
112 137 156 153 60 102

87 102 8 156 179 165
124 120 58 166 149 49
59 55 75 81 35 106

119 57 82 34 179 137
59 50 97 114 137 72
114 133 59 20 17 113

108 104 71 108 83 7
5 15 16 16 57 153
64 17 18 70 123 9

15 73 138 10 89 136
120 38 187 132 137 190
82 2 133 1 47 72

24 27 153 83 22 22
30 117 52 62 2 16
19 55 8 60 32 182

110 14 97 54 171 148
21 24 165 131 83 49
21 103 136 101 111 68

22 83 19 18 18 59
87 134 152 62 135 165
54 65 81 144 49 84

4 51 3 20 73 186
111 95 86 56 29 11
117 37 37 47 32 121

122 78 117 72 191 65
90 81 160 140 110 109
102 66 32 172 90 99

143 33 157 54 39 115
60 84 59 97 96 21
109 19 77 111 113 91

22 127 62 130 161 97
135 129 121 11 37 17
86 47 34 45 23 42

50 0 83 157 150 142
97 113 124 80 124 32
33 98 122 141 151 164

47 113 27 133 57 28
33 91 78 73 163 133
118 143 45 27 21 47

8 54 180 180 168 143
28 142 28 15 0 185
127 91 160 77 15 12

137 118 5 189 119 97
21 126 146 52 110 174
118 49 123 66 98 40

119 40 138 123 114 80
56 26 102 52 126 122
96 53 165 43 183 112

41 42 81 60 168 36
96 54 142 124 90 91
64 64 108 83 124 41

135 125 70 131 77 155
56 50 186 178 103 61
28 37 37 33 102 123

133 66 173 86 61 172
36 59 112 14 78 43
98 34 52 169 74 192

59 51 6 181 111 146
16 42 80 140 156 147
56 62 168 84 109 108

113 130 137 28 19 124
110 43 8 190 160 47
39 78 20 59 143 13

133 119 111 55 122 113
118 137 31 78 79 44
114 82 120 145 167 17

134 133 124 43 149 126
56 65 112 133 176 95
24 63 92 77 92 158

94 112 133 98 191 186
26 86 4 7 45 100
106 83 129 81 105 91

66 102 88 9 179 99
2 42 126 85 64 115
85 86 146 140 117 92

10 119 86 138 108 132
133 136 133 171 0 82
99 14 158 168 167 31

123 56 96 78 164 143
10 35 41 117 172 17
102 52 106 4 184 165

93 97 23 143 46 73
71 57 192 71 179 108
43 7 42 152 56 48

18 17 124 114 38 135
56 54 47 144 100 114
57 104 54 117 98 70

87 112 99 70 47 7
38 105 50 11 128 3
100 41 1 57 23 51

124 125 148 190 122 51
66 42 185 114 121 25
99 53 57 87 97 55

33 134 174 172 102 9
106 22 18 180 10 110
105 66 170 11 143 118

48 42 98 93 49 150
28 55 16 116 114 157
136 132 58 81 123 101

108 121 157 72 94 165
1 35 189 53 140 124
19 130 91 42 101 160

94 75 97 25 63 70
12 44 115 69 108 169
27 26 23 53 58 151

9 24 84 125 158 60
7 62 27 30 58 12
3 134 144 107 187 113

14 132 5 71 50 28
105 100 53 9 165 138
46 15 18 141 152 97

134 66 30 156 181 173
8 16 16 127 9 113
125 140 70 162 159 26

69 144 98 35 152 169
3 7 135 0 38 66
22 107 121 40 190 13

57 138 40 151 68 123
89 26 131 155 81 26
47 16 27 129 100 175

1 59 63 169 28 23
40 11 69 159 72 154
29 55 41 146 174 81

121 28 164 161 43 19
60 16 156 16 140 100
0 141 21 131 146 39

70 10 45 30 113 167
113 96 189 56 41 107
87 124 61 115 43 176

73 26 109 48 125 130
38 116 96 81 170 80
105 48 163 126 164 72

35 7 70 22 98 52
37 109 99 159 55 82
125 143 176 49 137 43

30 21 17 79 1 143
102 124 54 17 104 75
35 13 112 68 34 83

74 32 32 186 39 192
85 35 50 127 158 87
79 140 46 60 115 48

130 80 56 158 22 159
45 47 127 185 129 187
83 48 137 50 12 136

94 19 144 5 25 64
131 85 54 61 41 192
117 92 167 132 143 96

137 77 25 184 172 105
4 121 133 0 85 30
119 42 134 34 118 129

8 9 49 161 58 163
138 144 178 90 90 35
59 92 95 162 28 51

69 103 33 85 153 151
58 11 143 190 42 41
106 112 182 102 171 96

137 80 12 144 190 17
71 90 156 142 13 102
68 51 187 31 55 73

78 131 26 31 140 188
92 2 110 30 45 118
137 77 188 49 86 160

16 71 82 158 91 119
76 11 176 86 94 26
93 65 171 97 4 57

60 135 51 138 20 109
127 20 191 11 123 167
16 47 53 58 68 72

118 17 14 116 40 188
21 125 153 123 7 166
74 109 6 125 168 95

36 92 110 87 127 20
128 49 127 1 47 6
82 137 15 98 151 183

28 40 50 125 27 191
40 141 22 130 88 66
52 144 161 179 43 153

1 122 86 148 86 28
28 49 169 107 192 150
58 125 160 33 26 148

0 131 106 164 102 96
8 30 70 26 4 119
88 36 169 88 89 84

25 21 164 137 32 79
128 80 83 162 181 53
91 132 100 40 42 4

75 55 139 127 84 190
131 121 146 12 24 8
15 5 14 87 151 23

93 70 165 168 14 40
64 138 192 113 95 149
73 2 160 156 96 137

144 57 144 101 133 126
28 79 140 116 181 80
113 13 47 89 0 14

113 22 1 167 92 43
55 97 88 52 41 162
124 116 164 146 68 171

69 28 32 188 135 62
106 6 128 62 7 122
5 105 77 33 112 112

6 31 8 19 20 64
62 93 118 115 30 19
43 74 150 19 51 23

139 37 70 48 174 138
64 144 156 121 139 1
4 104 9 181 114 107

106 119 126 131 22 31
5 97 95 114 148 187
68 140 9 190 70 112

66 77 159 164 124 106
122 51 187 57 77 87
30 89 55 183 56 34

131 35 2 85 26 55
72 33 159 182 39 82
102 84 92 128 19 3

87 5 71 45 43 101
104 122 181 152 31 172
116 102 10 143 109 15

34 18 151 92 79 42
56 82 115 64 130 93
13 62 110 18 3 48

14 69 143 33 103 76
50 61 40 148 10 111
107 35 126 18 96 165

23 119 136 47 166 17
58 26 64 39 98 147
97 5 21 42 17 37

104 102 36 69 6 86
94 106 6 24 0 50
101 114 165 64 4 128

26 131 24 55 160 74
142 133 12 33 44 29
100 104 89 24 99 87

58 121 88 137 95 10
45 108 120 67 185 127
79 22 19 40 15 135

129 115 32 142 77 38
59 93 111 61 153 79
40 94 157 90 174 51

42 14 172 95 129 53
96 15 107 9 4 98
131 33 100 164 28 171

40 25 13 108 112 72
16 116 169 173 97 2
119 114 91 76 72 37

51 91 85 63 174 34
76 32 70 134 153 33
29 101 52 17 4 127

96 6 17 1 85 145
76 63 75 123 160 115
25 70 37 26 72 135

45 10 79 147 86 142
60 32 65 92 171 18
29 26 183 188 188 185

134 88 140 40 52 155
93 30 188 45 14 44
113 73 58 178 121 180

71 102 67 44 143 88
135 140 24 60 86 145
98 18 50 98 106 100

84 28 110 32 160 0
5 83 177 143 185 120
122 71 122 46 73 190

111 18 134 38 162 100
124 103 163 61 175 10
5 99 185 35 134 18

11 39 182 119 30 5
31 144 81 191 160 161
127 82 81 32 66 34

138 118 139 41 181 127
101 13 161 135 59 145
3 120 54 72 191 174

10 26 179 59 168 131
105 16 154 185 70 140
68 143 27 190 53 85

105 91 89 85 184 184
141 58 77 134 144 73
18 118 27 166 187 138

31 114 70 7 20 67
138 16 94 1 189 123
45 101 143 174 58 139

88 4 187 118 88 174
34 75 101 171 178 137
5 131 149 147 25 26

64 71 137 124 149 135
70 61 135 114 15 110
38 99 109 23 43 190

110 99 170 181 173 180
11 20 5 56 3 179
139 66 117 21 79 74

30 18 29 123 4 164
108 40 31 94 94 11
139 113 148 79 49 191

8 24 63 132 135 186
17 33 8 167 190 30
138 9 155 149 85 92

93 33 74 156 100 95
61 32 22 129 59 176
38 36 29 24 178 150

99 61 50 154 139 18
54 18 7 45 136 78
107 23 165 100 106 144

90 50 165 18 78 41
20 102 5 52 52 86
75 101 104 90 2 108

128 64 53 103 84 47
8 3 175 136 125 119
35 52 70 110 35 83

22 27 92 134 74 188
4 22 11 79 101 39
56 27 12 185 60 126

119 61 49 28 92 54
4 114 24 141 69 39
95 128 6 70 163 163

124 144 21 190 166 0
70 106 122 17 10 152
85 17 191 57 106 99

58 133 126 32 26 33
18 132 138 72 143 168
125 24 190 190 63 180

111 68 173 72 175 92
83 125 37 112 43 145
33 26 121 157 90 143

116 141 192 47 43 146
30 71 60 49 107 173
134 132 133 34 76 158

67 18 155 32 62 192
91 4 92 130 9 27
83 36 114 58 40 135

107 35 75 111 183 26
137 141 177 92 23 106
19 54 68 116 82 112

103 43 65 137 153 175
89 81 117 66 39 119
94 29 144 192 9 45

129 123 175 141 113 118
19 120 163 125 116 25
78 91 62 156 97 59

70 37 186 164 44 12
49 38 148 2 110 95
72 20 19 170 155 34

116 117 67 4 133 162
48 80 56 166 59 154
90 70 11 71 111 123

114 29 161 165 168 36
123 14 179 156 48 2
99 64 73 108 6 71

73 32 20 20 168 78
60 35 37 31 82 155
17 24 43 157 71 81

19 142 29 38 181 143
11 125 161 146 101 169
3 42 187 7 30 173

5 40 80 17 53 90
90 60 169 92 168 59
24 107 77 192 105 45

87 33 88 129 134 55
123 76 189 122 166 179
138 53 125 79 55 71

9 101 32 179 100 51
98 113 10 175 185 137
11 32 156 119 15 169

120 34 50 72 134 46
9 105 95 73 115 94
117 28 170 157 107 16

24 112 123 134 37 20
7 64 184 66 8 91
46 12 155 86 0 102

28 102 164 39 123 135
112 52 164 129 118 158
66 132 6 42 107 100

17 0 99 139 2 43
43 5 116 147 0 171
43 60 125 134 148 151

103 10 7 85 153 118
78 26 22 37 76 43
17 60 107 163 25 100

2 41 162 92 125 135
133 22 22 19 66 68
48 96 19 151 48 138

78 67 176 138 131 39
47 3 143 51 133 134
135 47 46 44 49 125

110 42 46 2 62 90
43 25 58 171 130 111
34 62 116 189 129 61

53 72 155 149 35 166
58 121 103 169 178 18
15 32 183 81 152 175

102 34 124 80 68 4
123 139 87 65 166 29
83 3 53 160 185 2

41 133 110 0 16 170
112 100 36 186 115 105
82 67 86 52 162 126

112 140 167 168 126 137
27 28 18 84 135 166
122 33 69 8 167 75

18 27 171 85 74 177
8 131 157 136 129 99
94 114 180 116 151 74

66 103 157 119 20 20
14 137 74 127 112 62
13 12 97 40 110 180

49 125 168 99 160 1
108 69 140 75 47 173
92 115 34 117 50 21

114 137 109 71 17 95
6 29 120 23 142 9
84 119 112 139 184 131

127 99 118 137 175 71
18 36 17 76 141 78
22 88 101 15 170 97

27 122 45 34 66 80
117 32 99 10 56 26
4 144 181 23 177 2

6 68 86 72 103 182
134 42 87 63 114 110
63 37 65 35 27 95

11 53 128 171 92 94
51 65 74 97 109 103
88 104 73 116 34 108

141 24 168 92 187 154
45 41 175 177 76 40
104 27 18 98 51 102

14 120 94 64 17 119
46 101 91 120 149 15
43 60 65 8 163 26

122 83 12 116 164 137
55 122 116 160 23 104
0 7 113 133 131 80

36 92 18 32 186 62
139 108 122 151 100 60
31 56 121 24 50 89

111 7 177 157 160 56
21 91 86 68 11 90
0 1 86 141 5 126

116 54 141 61 72 126
26 23 38 84 115 76
122 44 30 43 78 26

109 17 29 60 132 80
116 114 109 96 183 34
15 129 19 37 188 175

45 142 135 106 127 1
12 53 105 83 126 65
7 26 40 25 23 169

27 99 148 14 141 125
140 87 90 168 82 116
2 62 154 123 64 82

33 109 158 162 125 62
2 85 116 21 115 3
9 88 4 143 158 162

69 65 168 93 16 116
106 74 186 43 89 44
8 131 127 99 10 128

122 95 108 168 187 39
14 10 86 154 41 111
1 21 80 118 128 180

48 144 118 137 52 136
96 26 124 33 100 146
121 90 138 105 94 100

65 136 192 61 75 99
61 65 165 14 136 13
53 65 128 60 116 137

106 111 137 37 45 100
29 121 170 185 37 126
24 95 180 5 106 136

49 75 98 163 12 102
10 7 84 25 135 189
43 38 106 14 49 58

40 50 190 142 144 172
4 115 119 33 45 25
107 137 134 185 72 5

63 121 169 55 170 159
31 115 32 50 6 150
119 110 75 2 12 70

59 53 188 160 130 49
123 10 45 48 40 13
83 12 97 59 48 113

1 118 93 115 34 150
33 115 192 7 132 188
117 20 97 190 134 69

75 9 120 127 0 145
67 141 82 154 54 138
137 11 159 178 96 122

92 49 83 186 6 80
29 98 178 38 17 107
83 100 189 143 8 11

6 3 52 37 123 22
67 20 152 122 160 11
81 103 143 14 29 75

43 118 80 89 90 60
81 33 11 92 161 126
7 7 109 64 96 184

46 81 35 31 191 81
3 22 31 143 94 138
4 39 97 104 75 59

115 66 144 159 149 61
53 97 42 83 64 45
4 138 86 168 60 145

128 18 123 162 22 173
65 27 145 0 1 36
136 95 104 176 41 41

55 57 7 189 8 96
74 136 115 44 46 3
29 128 44 11 61 65

128 27 185 18 121 123
106 0 160 137 88 114
30 2 22 20 115 59

118 101 16 66 134 180
24 69 38 185 92 82
103 125 32 115 111 89

34 113 192 164 81 121
123 72 38 38 86 149
86 107 48 36 62 26

67 64 66 69 95 53
57 24 7 4 79 122
112 7 151 25 78 23

57 23 100 164 144 128
29 24 159 31 179 28
39 12 140 35 60 25

124 7 45 105 107 116
41 105 182 9 159 17
61 1 87 132 190 29

22 9 147 63 31 47
83 92 103 163 28 188
42 106 129 68 178 151

56 13 61 32 119 59
104 1 36 62 81 107
62 72 173 15 112 128

42 61 67 21 147 47
24 56 48 98 148 7
92 79 10 35 97 62

83 58 125 94 3 57
80 128 29 80 189 139
39 122 113 111 104 29

49 127 41 35 45 152
19 52 58 172 15 28
62 111 93 183 149 41

98 16 52 108 46 165
59 61 171 46 165 14
112 132 87 74 84 150

25 117 39 155 118 143
83 54 16 63 82 92
8 111 34 166 141 92

58 121 162 134 124 55
10 79 108 121 135 116
46 31 185 97 78 129

95 123 70 114 67 129
81 93 141 117 80 180
78 70 120 143 145 82

99 142 140 118 99 47
41 106 111 142 17 112
78 87 33 113 10 182

57 139 144 89 20 110
45 35 52 105 13 134
31 84 186 55 122 19

119 2 109 145 156 87
31 3 68 177 79 107
27 34 25 34 114 126

28 16 164 35 120 36
70 78 67 60 176 69
22 97 183 5 131 178

86 67 171 155 136 158
29 69 134 102 104 7
82 48 95 114 110 42

132 135 104 178 78 47
22 122 138 88 106 141
106 22 129 89 37 109

51 114 143 109 74 178
92 47 67 44 126 184
127 143 118 187 31 158

103 37 160 131 74 162
91 98 157 67 192 172
38 34 95 78 130 63

120 87 8 29 150 145
116 4 177 143 181 0
138 48 176 130 145 156

22 79 57 40 108 115
36 21 107 67 77 130
14 105 89 117 118 20

143 89 77 88 40 168
83 139 44 171 46 65
3 46 78 30 171 137

31 11 175 81 141 93
53 85 24 146 133 7
84 20 165 161 174 45

7 43 148 70 153 38
131 18 16 97 159 102
142 53 185 71 61 32

79 126 41 48 54 40
35 58 187 44 153 122
124 3 39 135 13 111

88 144 63 118 44 101
63 113 34 91 133 189
116 127 88 189 114 143

55 89 153 103 101 7
123 129 91 177 101 136
79 10 144 180 23 18

12 28 60 73 141 31
0 139 183 172 2 71
14 120 25 88 179 143

27 100 9 34 188 10
123 58 35 99 152 58
30 120 14 21 150 113

31 84 184 20 3 159
55 49 71 131 6 2
140 109 83 23 188 108

103 110 129 49 74 61
95 133 48 187 105 151
127 76 119 163 121 72

103 111 123 19 79 184
10 75 146 138 129 172
24 10 76 26 160 25

40 142 131 96 60 48
132 3 40 158 157 104
61 2 3 111 32 146

5 132 179 87 131 83
113 123 109 103 186 137
95 114 48 28 123 142

71 25 146 45 83 57
48 15 69 2 186 164
82 109 133 49 65 170

21 134 107 175 189 139
99 9 176 45 182 5
79 22 82 92 152 85

36 72 58 28 114 53
56 108 179 96 110 14
13 142 153 164 186 185

52 65 102 157 19 155
101 64 44 156 187 95
16 87 38 32 114 28

68 14 147 30 154 45
92 76 5 112 154 63
19 82 75 147 89 50

126 1 45 70 73 150
120 87 162 116 131 97
60 27 91 39 63 93

19 44 22 38 52 149
30 97 165 52 84 164
20 134 49 178 177 12

20 123 95 185 36 74
85 142 122 119 114 158
130 41 93 37 141 106

79 119 167 105 122 89
51 80 40 58 86 11
91 32 172 170 89 64

75 118 10 162 99 178
49 19 159 74 161 153
120 23 6 10 81 42

15 74 8 141 69 76
78 64 78 44 48 69
60 112 84 92 93 114

121 61 85 128 164 2
25 78 10 57 49 29
91 27 102 183 186 101

114 43 158 7 51 157
124 36 7 118 9 1
78 106 141 115 8 133

41 36 61 27 134 158
8 58 163 166 98 156
65 34 103 81 164 136

69 97 190 25 31 177
132 12 168 65 46 86
143 46 5 189 7 85

103 16 70 186 148 82
47 56 133 114 115 17
74 30 121 186 49 28

9 118 122 38 110 146
1 113 161 184 151 56
16 98 42 5 168 152

80 3 21 172 187 21
7 2 127 120 135 16
108 36 52 86 23 33

35 61 164 150 167 136
114 134 10 105 75 130
39 92 1 17 58 166

36 51 4 88 69 128
1 89 162 134 8 136
143 89 103 31 42 183

88 12 70 18 1 1
80 19 187 54 65 59
99 43 144 158 63 33

66 110 85 96 163 90
70 69 69 11 11 100
83 78 51 191 144 12

108 127 24 55 167 24
100 144 32 183 100 21
17 112 170 51 179 119

131 53 9 75 121 157
26 109 134 16 80 77
65 2 103 80 4 91

96 98 38 140 180 185
135 49 156 127 22 166
130 64 0 92 189 128

116 26 7 76 75 120
57 30 150 35 20 15
25 100 104 112 50 26

35 92 107 98 105 83
113 35 38 67 91 100
107 136 87 154 14 96

69 66 79 55 0 3
117 74 90 119 185 138
15 54 111 105 165 144

137 89 29 179 1 173
68 26 149 47 27 184
35 48 114 85 36 100

72 69 146 152 148 163
124 123 74 182 182 56
12 139 119 120 143 58

9 56 76 98 75 92
97 135 74 89 79 82
31 40 88 133 127 1

26 116 88 182 126 49
65 2 152 32 52 128
20 43 190 62 91 136

64 26 137 88 83 113
88 94 38 52 55 141
134 10 18 185 16 94

63 65 38 106 146 52
57 87 25 131 8 50
88 0 99 149 130 67

97 34 45 32 138 10
87 96 185 126 8 122
7 143 90 27 66 151

38 102 180 154 13 153
89 62 162 178 121 8
92 7 151 189 70 30

23 105 87 159 51 111
59 8 151 109 47 87
27 47 21 176 105 153

8 61 92 62 148 146
122 62 2 83 54 96
143 22 53 125 13 99

118 125 119 134 109 145
56 58 155 92 114 110
132 66 99 43 48 142

85 69 36 104 141 168
50 55 78 121 176 179
56 69 90 98 50 110

74 10 47 33 174 167
85 32 189 113 51 118
51 39 173 184 116 117

125 134 55 68 140 118
57 27 47 133 77 61
90 10 146 112 93 95

0 4 110 99 79 72
56 58 142 79 78 124
114 8 127 83 30 141

38 11 56 136 51 170
88 28 83 173 95 40
6 62 92 183 120 40

35 112 42 123 189 35
86 17 57 175 123 60
37 111 11 152 167 41

141 3 93 6 132 44
81 107 53 20 144 27
21 18 98 16 77 47

90 17 13 52 131 151
47 121 29 175 106 74
6 86 161 176 53 83

42 96 57 176 28 108
34 35 50 10 22 95
129 140 182 172 130 5

36 84 154 81 108 44
71 79 24 23 54 54
10 30 179 163 90 52

44 7 112 22 6 135
2 141 65 54 167 115
19 138 28 179 35 5

78 63 124 110 182 42
88 54 3 112 21 191
86 117 81 72 59 163

14 124 64 184 170 183
131 83 3 39 82 45
28 34 157 39 50 123

13 91 122 24 73 75
24 39 131 153 131 138
78 132 145 169 100 28

81 108 83 98 116 22
102 127 13 82 67 172
124 131 122 188 143 178

55 41 111 173 96 21
64 52 40 30 62 100
39 74 136 29 109 121

29 92 75 51 124 4
7 61 79 64 100 58
119 40 155 162 82 107

28 77 136 4 46 159
35 138 126 131 32 84
132 107 140 46 131 66

121 14 23 171 98 53
60 133 103 31 148 168
123 102 17 163 94 9

143 122 35 154 5 68
9 120 191 149 66 122
25 65 128 122 37 179

129 111 45 180 22 15
15 24 111 159 15 57
28 18 88 39 6 106

79 31 117 26 58 127
36 37 116 175 105 95
144 41 59 133 52 4

6 76 47 180 96 180
57 25 36 111 173 98
20 125 56 70 64 173

122 107 38 83 97 179
92 21 67 32 71 23
92 19 57 41 185 99

99 92 69 105 12 23
67 99 45 105 22 112
113 21 24 165 64 115

112 16 190 128 17 76
139 119 109 96 117 136
53 104 153 63 118 97

95 52 14 138 41 33
28 15 33 1 119 60
129 80 45 11 32 161

94 24 85 109 139 115
39 22 86 70 84 62
139 10 12 10 188 128

13 104 114 67 89 181
33 31 44 66 158 25
112 47 28 57 114 188

94 61 102 128 65 115
2 68 25 121 177 14
84 123 135 101 4 189

144 8 49 154 14 166
16 128 78 65 30 2
53 9 117 184 59 14

140 3 43 57 134 103
54 79 87 110 38 7
6 7 107 6 55 154

75 101 43 80 119 160
87 39 62 172 148 112
119 94 85 40 64 119

9 102 63 138 24 16
0 18 104 139 83 34
16 59 111 117 127 150

81 117 28 49 161 185
49 19 186 113 60 131
12 57 79 171 147 18

60 56 147 187 149 63
109 24 129 41 82 114
3 140 124 15 79 190

21 48 87 34 189 78
52 14 121 47 38 100
11 99 2 15 55 8

46 14 127 9 52 33
125 70 81 42 139 39
66 99 164 24 4 148

57 25 41 75 90 82
61 123 92 145 136 82
35 109 167 12 111 133

126 75 24 157 160 17
47 39 0 102 27 12
2 62 68 149 141 68

105 68 110 7 95 167
118 25 175 125 191 70
133 33 184 109 16 108

40 140 21 79 117 19
134 133 148 14 56 160
117 55 85 133 1 29

32 100 162 24 4 119
27 44 165 16 50 163
121 42 77 159 184 135

96 4 118 60 61 124
126 15 20 167 126 92
31 72 105 56 158 100

111 18 15 36 144 82
75 76 90 114 141 69
89 99 42 108 98 27

140 30 84 39 54 87
39 111 104 192 78 164
121 51 86 39 135 145

103 26 0 90 104 74
9 56 7 127 62 169
4 76 178 23 182 59

107 12 6 16 123 5
27 111 3 10 170 182
66 62 74 41 43 111

38 2 138 116 86 86
66 121 127 162 115 17
41 31 116 166 74 66

59 31 51 168 2 88
126 15 142 158 68 141
20 121 125 97 101 30

41 44 132 47 185 2
92 101 107 66 145 76
65 102 5 81 113 43

44 96 131 19 58 8
106 125 22 185 14 55
110 67 99 67 174 127

109 31 128 43 177 123
79 141 146 165 166 39
142 105 74 124 53 78

85 116 46 1 33 27
104 108 54 151 170 95
114 41 97 126 84 2

132 81 104 101 101 166
18 127 66 56 78 33
133 49 80 131 128 62

129 138 9 40 148 62
103 1 71 187 121 180
78 12 151 146 37 40

133 20 53 119 158 40
80 42 44 19 83 85
120 66 145 167 154 38

69 88 28 53 57 48
59 96 78 140 84 111
108 113 59 13 107 180

27 31 66 182 25 157
128 51 101 109 119 7
80 23 100 134 114 111

85 2 100 60 16 185
94 1 152 16 134 111
128 22 173 172 73 139

17 133 139 47 41 124
126 137 60 97 31 138
47 57 3 39 87 37

138 122 182 113 120 188
78 115 100 181 3 83
20 87 159 114 101 0

61 96 173 85 97 120
128 46 52 19 68 91
105 118 171 126 30 78

82 115 109 131 98 135
108 128 47 10 168 172
82 36 159 127 151 58

144 41 106 40 81 189
62 111 134 62 185 181
18 122 77 111 149 106

92 69 128 111 41 157
94 47 78 187 74 42
77 126 104 18 104 87

137 51 73 192 91 155
35 84 113 49 35 132
36 102 23 126 17 162

136 144 169 88 158 10
33 128 110 108 158 160
59 14 60 163 24 169

38 97 60 89 111 132
94 118 65 31 50 99
45 49 87 93 35 124

33 113 123 50 21 165
41 124 161 35 67 134
75 76 99 41 61 34

88 83 56 82 146 36
62 101 149 9 30 27
134 93 18 46 191 67

135 113 123 122 108 139
93 139 114 191 38 111
51 108 99 120 179 132

38 135 164 96 105 186
104 50 19 88 175 96
74 93 178 1 83 20

76 46 54 167 93 151
26 24 182 165 26 102
133 29 109 107 95 105

70 49 134 57 85 179
89 7 117 47 158 124
3 41 10 174 79 184

11 118 23 73 78 36
131 129 62 146 17 33
5 6 0 72 132 99

22 45 188 184 12 16
119 141 106 81 88 29
6 11 145 188 174 24

141 28 166 48 12 73
30 51 105 88 121 71
125 92 33 93 106 94

80 125 51 119 135 46
99 86 118 12 14 7
61 1 65 170 21 156

12 40 153 172 132 71
42 121 39 191 25 1
89 117 100 57 73 105

140 143 121 81 100 113
86 7 187 16 82 66
30 79 144 190 66 154

47 5 59 138 57 94
124 19 69 98 102 80
137 49 20 104 78 88

21 89 152 41 120 24
9 18 78 143 153 153
83 133 50 95 131 141

47 121 41 5 159 188
104 73 182 91 180 184
44 94 149 97 137 188

42 44 144 43 125 170
32 98 127 126 12 62
10 74 136 61 25 180

26 72 68 32 170 50
13 79 158 36 174 79
80 112 181 0 129 78

89 139 171 98 146 68
82 99 12 170 192 92
108 11 15 146 127 110

63 8 14 162 14 164
30 105 19 141 10 43
65 111 192 176 101 185

99 77 20 127 10 184
62 125 120 81 176 150
34 45 61 1 112 178

3 77 113 166 108 22
144 48 124 144 148 89
4 60 190 118 163 151

54 109 25 67 75 148
104 117 22 18 29 47
74 19 86 171 33 84

134 129 21 143 151 83
13 82 176 188 166 91
49 8 78 42 127 190

90 0 79 28 35 125
21 74 102 48 113 127
35 10 15 106 188 48

120 76 101 114 136 192
143 27 154 190 22 95
63 117 109 37 44 16

56 34 89 51 135 133
5 85 46 189 131 107
78 124 79 3 132 147

33 139 138 136 116 99
48 76 155 42 122 13
101 48 78 190 97 186

106 108 103 35 157 22
56 90 152 20 6 156
86 69 37 96 77 146

131 98 86 170 27 162
62 106 90 64 28 89
121 23 48 62 129 127

90 34 21 119 173 75
121 140 166 32 108 21
92 99 51 170 19 135

119 84 108 160 117 48
50 34 149 165 169 68
139 27 116 130 10 132

42 89 11 44 22 112
1 116 47 175 98 16
93 2 159 49 75 118

44 55 79 139 18 159
122 23 21 89 41 90
140 17 137 47 116 164

37 3 9 73 37 27
109 108 68 172 154 96
109 28 97 173 41 51

53 97 29 42 67 102
34 89 92 185 139 173
40 90 10 27 126 38

22 102 15 103 30 0
112 92 49 151 90 179
127 57 99 178 171 39

59 48 21 137 151 94
117 94 157 75 80 40
127 121 160 74 123 39

12 79 107 2 96 40
63 69 112 121 112 66
43 80 130 45 191 89

40 35 63 28 104 152
83 38 157 96 156 143
138 72 170 68 44 48

63 65 182 146 129 65
80 44 90 123 135 126
64 97 87 171 74 57

53 105 69 24 127 39
51 40 63 77 111 84
94 102 112 165 96 41

134 115 145 128 144 150
42 55 4 30 38 39
55 9 154 174 185 130

66 117 138 154 94 188
60 109 140 125 150 109
35 18 52 92 74 56

76 65 153 93 148 53
42 71 13 100 55 177
113 55 164 137 168 124

54 123 11 10 183 65
95 79 69 174 151 27
53 112 113 10 31 88

106 131 73 181 44 188
51 113 45 20 44 177
116 19 133 189 108 121

19 87 95 153 54 81
112 67 11 13 151 48
63 122 49 79 69 116

142 135 1 153 151 75
78 78 114 42 50 178
55 91 155 117 145 66

69 107 32 134 146 73
121 54 178 125 157 108
138 100 163 72 103 170

69 89 53 72 9 65
106 138 90 21 6 173
87 129 81 128 70 112

141 104 34 89 113 144
0 38 185 68 101 190
138 102 29 175 143 184

118 23 122 70 72 19
4 116 137 113 18 26
38 23 101 93 84 137

25 81 75 143 9 17
89 143 134 169 6 121
61 88 141 161 69 155

0 123 17 40 42 123
62 3 41 7 105 35
33 62 129 43 168 113

35 101 8 7 168 48
90 59 72 79 138 6
70 48 141 83 141 60

80 41 106 38 44 129
115 103 118 162 42 16
128 128 42 41 149 129

141 80 24 161 147 177
42 27 130 45 80 160
103 84 104 55 79 102

72 5 124 47 165 31
82 49 142 134 125 57
21 95 117 31 85 41

5 43 48 66 40 85
77 5 47 14 178 112
39 56 32 184 127 58

134 51 129 178 27 124
104 15 177 170 161 8
116 134 79 151 20 32

137 10 94 63 169 5
94 107 103 13 165 151
28 129 116 60 96 69

51 65 135 74 163 23
60 16 133 66 110 81
114 60 48 77 109 91

114 88 150 75 187 84
114 50 50 49 95 123
127 35 96 167 114 70

15 36 77 3 159 177
114 0 25 82 162 92
15 128 91 140 158 117

8 62 140 24 103 25
122 120 118 71 172 17
111 12 34 61 182 192

138 108 99 96 161 134
81 19 179 8 22 116
134 44 124 72 35 152

54 77 19 134 148 161
98 119 69 132 61 32
94 34 169 81 99 169

95 1 29 149 118 154
99 137 54 139 157 189
85 2 60 187 122 118

22 23 152 168 74 142
11 129 165 16 90 59
133 9 36 71 127 128

91 65 111 38 152 60
143 18 73 89 0 143
77 128 62 27 119 176

143 41 143 126 65 62
0 33 124 6 49 163
21 101 31 170 33 142

53 53 79 163 50 123
135 83 101 39 166 37
111 85 64 131 70 31

22 1 59 133 82 59
80 118 92 92 52 158
117 112 8 156 60 5

107 138 67 80 110 88
14 126 130 64 81 30
67 51 140 174 32 181

34 109 142 58 192 166
79 45 189 90 77 98
32 44 170 149 97 72

100 108 179 58 43 16
75 64 119 179 118 129
10 7 151 174 157 190

73 142 84 122 101 109
81 122 99 122 58 150
4 13 96 44 148 151

39 54 18 147 43 117
26 65 64 60 142 130
113 106 84 38 102 153

4 47 163 17 97 49
60 29 17 110 2 38
0 64 8 40 58 47

82 13 178 42 168 123
31 138 3 114 27 154
121 67 83 74 165 97

132 30 93 83 174 94
36 66 54 189 61 75
24 76 78 167 60 45

14 46 6 49 137 9
122 54 146 62 36 83
111 116 88 32 42 146

59 22 9 23 154 168
34 42 26 156 74 110
60 46 142 152 78 10

37 40 57 115 56 9
127 115 157 65 81 142
114 113 184 60 88 94

1 24 79 67 44 100
129 119 117 176 89 168
44 53 153 43 113 143

45 129 91 182 144 111
35 118 48 36 107 132
94 74 46 163 124 99

58 12 91 109 134 35
55 16 121 138 136 104
15 53 173 12 186 63

25 5 23 130 8 176
65 122 108 60 82 132
121 120 164 14 144 89

39 129 184 176 105 129
39 126 38 24 102 127
6 18 119 178 54 71

76 80 126 85 89 93
14 46 102 22 188 77
18 94 148 138 46 41

0 17 187 85 118 6
103 111 52 35 39 87
37 108 149 174 70 135

28 51 102 118 110 50
0 43 149 145 185 56
120 54 76 128 0 1
