N
1 2 1
1 2 3 1
1 2 4 3 1
1 3 4 2 5 1
1 5 6 4 3 2 1
1 6 5 4 2 3 7 1
1 2 7 6 8 5 4 3 1
1 2 4 9 5 8 6 7 3 1
1 9 10 7 3 2 6 8 5 4 1
1 11 3 8 4 9 10 7 2 6 5 1
1 5 8 10 2 9 4 7 12 11 6 3 1
1 2 12 13 6 11 7 5 10 9 4 3 8 1
1 13 3 4 5 11 7 12 10 14 6 2 9 8 1
1 4 10 6 8 5 3 2 11 7 12 15 13 14 9 1
1 8 2 10 3 16 14 15 12 11 7 4 6 5 9 13 1
1 16 8 9 7 3 6 4 5 14 17 11 12 10 15 13 2 1
1 17 5 12 7 11 18 8 16 4 3 14 9 15 6 2 13 10 1
1 18 16 10 13 6 2 8 12 5 17 3 9 15 4 19 14 11 7 1
1 17 20 2 8 18 4 16 12 3 11 14 7 9 19 6 15 10 5 13 1
1 4 14 25 26 8 64 117 103 72 7 33 68 82 74 58 77 94 87 101 43 59 38 37 116 112 15 10 29 83 118 81 24 54 34 105 91 65 27 9 11 62 92 52 12 69 49 20 47 51 3 84 45 79 35 70 114 39 18 71 115 98 89 90 41 42 44 17 5 99 80 56 13 97 6 111 46 55 19 76 21 57 108 93 109 40 2 30 78 53 106 88 104 86 28 107 85 60 50 95 67 110 31 22 61 23 16 66 102 73 113 75 36 48 63 96 32 100 1
1 117 24 87 47 129 5 46 77 30 183 147 76 143 160 81 25 109 61 140 173 10 83 168 91 74 184 121 112 93 12 73 49 120 67 132 128 136 54 62 119 180 36 4 44 176 190 42 151 82 188 98 3 38 78 111 118 179 100 26 164 14 71 96 28 19 149 94 31 63 110 89 181 122 68 115 95 85 64 92 84 90 58 21 177 134 33 158 41 86 69 182 2 99 11 131 34 6 162 126 155 175 32 17 66 133 79 55 116 59 70 165 16 80 57 152 8 157 159 169 18 146 40 13 163 144 23 22 145 187 154 53 124 153 171 138 107 139 105 37 125 35 141 102 178 75 106 104 52 103 156 29 113 101 60 15 170 108 166 123 174 45 127 186 185 114 51 9 56 97 39 7 43 135 142 161 48 88 20 65 148 150 27 137 172 167 189 50 130 72 1
1 117 65 67 123 110 31 36 118 103 90 64 45 128 121 74 13 17 16 85 105 73 86 54 102 127 89 75 98 51 122 6 97 116 100 22 34 133 131 106 125 24 18 61 10 84 5 132 48 57 40 114 15 26 42 14 21 87 99 23 70 69 55 29 58 35 53 82 12 2 3 130 81 79 19 32 129 71 56 101 88 11 83 96 95 104 108 134 115 72 124 43 63 62 25 46 92 135 109 119 39 33 77 94 9 60 52 38 80 41 8 47 44 112 30 7 59 126 91 68 20 120 107 78 4 66 93 49 37 111 76 27 28 50 113 1
1 41 70 83 76 56 63 10 32 74 26 15 81 2 20 44 77 103 46 85 29 25 19 102 27 69 35 9 13 3 47 94 40 21 7 12 4 78 97 98 80 17 14 18 57 84 104 37 79 72 34 106 60 66 36 8 22 45 71 39 68 101 73 96 5 53 16 24 82 95 100 48 62 55 28 31 23 65 99 91 75 105 33 43 49 89 52 58 61 42 30 93 64 67 38 50 87 54 11 86 92 88 51 6 59 90 1
1 67 16 15 61 55 3 35 65 39 18 48 13 36 14 40 70 19 30 22 2 25 17 45 12 32 57 62 26 44 64 10 4 50 23 9 34 43 42 66 5 51 11 47 58 59 37 46 24 20 71 29 54 56 7 6 8 72 60 21 33 38 27 49 41 74 28 69 68 53 31 73 52 63 1
1 126 57 35 161 28 8 140 44 73 93 102 53 94 45 30 72 120 154 118 36 39 130 2 22 134 62 91 26 65 80 5 12 58 135 133 98 117 40 123 78 17 160 131 144 96 76 132 24 71 29 84 110 42 86 107 4 163 77 34 13 88 87 3 46 27 148 64 33 106 31 138 100 59 83 142 147 74 129 6 52 67 21 146 51 149 103 56 54 155 141 104 125 20 162 63 156 19 157 82 9 68 95 128 90 111 127 145 48 7 47 10 60 113 11 164 109 18 122 61 97 16 75 89 136 150 23 124 92 15 139 99 55 14 79 152 101 165 69 115 25 143 137 85 151 112 43 108 153 32 66 105 121 114 37 116 70 81 49 158 159 41 38 119 50 1
1 20 101 61 154 82 78 108 89 32 90 53 118 119 116 138 23 127 3 65 159 76 137 24 68 120 45 52 8 88 155 55 106 151 98 122 92 112 80 34 91 41 121 71 15 7 114 115 142 72 73 4 150 16 149 49 81 134 131 59 75 29 125 86 21 5 135 97 124 39 126 27 38 123 62 14 109 9 66 31 158 147 19 6 22 42 43 64 44 58 13 79 94 70 69 111 139 156 99 104 145 103 84 144 36 25 48 95 140 37 136 50 143 117 30 54 160 83 130 51 12 47 110 107 10 40 56 146 63 28 96 132 153 87 60 2 85 100 93 74 67 128 157 46 18 129 17 105 26 113 57 102 33 133 35 148 152 11 141 77 1
1 226 176 204 102 109 126 228 160 211 70 65 213 105 18 178 93 125 118 171 28 144 110 177 192 146 53 139 175 51 98 169 82 151 35 33 41 141 148 119 30 206 17 72 163 207 161 103 27 145 209 133 167 68 52 2 61 190 63 227 76 25 129 10 217 106 71 111 39 185 174 91 135 159 184 90 191 201 224 220 92 80 26 183 195 97 66 152 128 137 15 180 205 89 67 116 86 124 112 57 59 11 127 21 115 162 194 138 219 100 196 55 84 168 4 122 6 131 222 142 3 153 215 79 143 23 154 44 42 181 85 49 45 120 43 117 170 46 56 223 132 16 123 8 179 37 147 101 197 77 172 58 203 62 69 186 22 189 173 140 12 164 54 199 20 155 14 50 19 40 198 7 88 96 216 94 121 188 95 134 104 200 32 225 60 34 24 158 87 81 193 47 83 9 73 74 149 214 107 114 182 36 99 78 130 64 29 166 13 75 218 113 212 208 157 38 108 5 210 165 221 31 48 150 156 187 202 136 1
1 37 113 95 19 23 82 38 24 20 58 114 72 75 76 2 96 60 6 84 26 99 103 29 69 54 41 25 13 71 16 11 47 57 40 88 31 42 81 77 39 101 110 5 70 4 18 102 45 80 14 85 55 36 89 79 59 86 48 8 50 56 33 15 74 7 64 68 107 49 91 93 34 104 67 98 17 94 100 112 22 63 12 51 21 62 44 28 61 35 43 87 83 78 111 90 30 10 92 73 109 105 52 3 53 9 97 108 65 46 32 106 66 27 1
1 137 2 163 32 142 57 178 105 101 49 107 177 24 185 69 123 184 44 46 93 59 72 166 60 75 119 150 86 90 9 5 129 117 110 81 98 109 145 80 141 53 158 164 7 172 168 47 122 63 6 51 12 64 153 68 19 41 70 134 67 34 181 162 94 82 186 22 167 139 78 128 56 132 114 21 180 138 54 35 95 4 182 15 50 33 39 99 104 31 16 91 125 183 20 156 127 14 76 170 175 30 143 130 73 84 79 133 103 74 171 176 112 126 97 151 88 136 124 111 10 25 58 118 66 48 113 89 87 83 85 157 61 144 100 45 179 42 52 140 121 26 77 55 65 11 115 152 18 116 17 3 108 173 71 131 106 43 174 160 28 169 40 135 37 96 8 102 27 161 146 149 148 147 36 120 165 23 159 155 62 92 154 29 38 13 1
