99
5029 3913 1099
8927 4808 1722
7625 4463 680
86 3 21
7926 751 6523
1808 688 801
8035 7615 296
2270 1444 670
3262 2050 531
9992 8830 358
8945 2942 5963
9254 8463 617
7664 5885 1501
1013 285 371
1920 738 76
2064 1688 292
4646 685 1233
212 115 77
9765 1185 2284
3781 2789 12
320 119 66
5189 3723 1202
8466 2362 1532
3535 1124 1430
9616 4033 2440
5958 605 4943
8228 4886 2381
2642 1827 643
8081 3126 4248
4955 1987 1463
9314 9000 35
8124 5798 899
6682 4106 2079
1079 476 53
2103 1801 109
5133 4795 35
4629 4061 180
4466 370 4033
8316 4207 2277
3340 1828 1087
4133 4125 3
1143 5 836
2244 1899 149
6964 374 114
957 416 226
5764 3158 2294
1482 205 644
6312 2766 932
6038 2126 1986
6348 1947 442
1223 1128 96
3690 2740 561
3192 2739 436
1758 1495 148
128 86 3
7100 6922 22
8461 4700 764
5668 2193 3302
1647 149 1334
1033 428 225
6700 4259 113
8934 6300 2090
6538 4302 815
7714 131 7394
2480 228 1131
5316 5148 165
644 206 350
6886 6637 232
7675 5417 1302
5911 4184 118
1597 1312 37
4425 4167 160
1437 917 487
8434 974 2924
1721 1588 32
6348 5187 340
7841 2668 3769
369 177 62
4143 2735 273
3295 1161 1281
1473 1407 10
9450 8443 225
5649 3898 1520
246 242 2
1257 1243 12
2041 52 1821
1558 621 263
2224 620 146
3896 3529 44
2021 671 88
1724 104 1380
1259 14 1007
7426 1457 5869
8193 325 6959
9864 2246 7560
1450 826 251
8742 2667 5039
5446 4026 857
8618 4243 3360
