1: 1 1 1 0
2: 1 1 1 0
3: 1 1 1 2
4: 1 1 1 2
5: 1 1 1 0
6: 1 1 1 2
7: 1 1 1 4
8: 1 1 1 6
9: 1 1 1 8
10: 1 2 1 0
11: 2 1 1 0
12: 1 2 1 4
13: 1 2 1 6
14: 1 2 1 8
15: 1 3 1 0
16: 1 3 1 2
17: 1 3 1 4
18: 1 3 1 6
19: 1 3 1 8
20: 1 4 1 0
21: 1 4 1 2
22: 2 1 1 0
23: 1 4 1 6
24: 1 4 1 8
25: 1 5 1 0
26: 1 5 1 2
27: 1 5 1 4
28: 1 5 1 6
29: 1 5 1 8
30: 1 6 1 0
31: 1 6 1 2
32: 1 6 1 4
33: 2 3 1 0
34: 1 6 1 8
35: 1 7 1 0
36: 1 7 1 2
37: 1 7 1 4
38: 1 7 1 6
39: 1 7 1 8
40: 1 8 1 0
41: 1 8 1 2
42: 1 8 1 4
43: 1 8 1 6
44: 2 2 1 0
45: 1 9 1 0
46: 1 9 1 2
47: 1 9 1 4
48: 1 9 1 6
49: 1 9 1 8
50: 1 1 2 0
51: 1 2 2 5
52: 2 8 1 4
53: 1 4 2 7
54: 2 1 2 8
55: 2 1 1 0
56: 2 1 1 2
57: 2 1 1 4
58: 2 1 1 6
59: 2 1 1 8
60: 1 3 2 0
61: 1 1 2 2
62: 2 5 1 8
63: 2 4 1 1
64: 2 4 1 8
65: 1 4 2 5
66: 2 3 1 0
67: 2 3 1 5
68: 1 5 2 4
69: 2 5 1 2
70: 1 7 2 0
71: 1 3 2 5
72: 1 1 2 4
73: 1 5 2 1
74: 3 1 1 0
75: 2 2 1 5
76: 2 2 1 8
77: 2 7 1 0
78: 1 3 3 6
79: 2 5 1 3
80: 1 4 2 0
81: 1 3 3 8
82: 1 3 3 4
83: 1 1 2 6
84: 2 3 1 6
85: 1 2 2 5
86: 1 3 2 4
87: 1 5 2 2
88: 2 4 1 0
89: 2 4 1 5
90: 1 9 2 0
91: 1 4 2 5
92: 2 5 1 2
93: 2 5 1 8
94: 1 1 2 8
95: 2 6 1 5
96: 1 2 2 8
97: 1 3 2 8
98: 1 5 2 8
99: 2 9 1 0
100: 1 2 2 0
101: 4 1 1 0
102: 2 1 2 2
103: 2 1 2 3
104: 2 1 2 4
105: 2 1 2 5
106: 2 1 2 6
107: 2 1 2 7
108: 2 1 2 8
109: 2 1 2 9
110: 2 2 1 0
111: 3 1 1 0
112: 2 2 1 4
113: 2 2 1 6
114: 2 2 1 8
115: 3 3 1 5
116: 3 7 1 2
117: 3 2 1 3
118: 1 9 2 4
119: 1 8 2 3
120: 1 6 2 0
121: 2 2 2 9
122: 1 2 2 4
123: 1 3 3 4
124: 1 7 2 4
125: 1 5 2 0
126: 2 8 1 2
127: 2 8 1 9
128: 1 5 3 8
129: 2 7 1 4
130: 6 1 1 0
131: 1 6 2 5
132: 2 6 1 0
133: 1 2 2 6
134: 2 4 2 2
135: 2 4 2 5
136: 1 5 2 4
137: 1 4 2 1
138: 2 5 1 2
139: 2 5 1 6
140: 1 7 2 0
141: 1 3 3 6
142: 2 9 1 4
143: 2 1 2 4
144: 1 2 2 8
145: 3 3 1 5
146: 1 3 5 2
147: 2 4 1 1
148: 3 2 1 0
149: 2 4 1 7
150: 1 3 2 0
151: 1 7 2 5
152: 1 2 3 8
153: 2 3 2 6
154: 2 7 1 0
155: 2 7 1 5
156: 1 5 4 4
157: 1 7 3 2
158: 4 3 1 8
159: 1 4 2 7
160: 1 8 2 0
161: 1 3 2 2
162: 1 3 3 8
163: 3 4 2 9
164: 1 3 3 4
165: 2 3 1 0
166: 2 3 1 2
167: 2 3 1 4
168: 2 3 1 6
169: 2 3 1 8
170: 16 1 1 0
171: 1 8 2 5
172: 1 3 2 4
173: 3 5 2 3
174: 1 5 2 2
175: 1 7 2 0
176: 2 8 1 0
177: 2 8 1 5
178: 3 8 2 2
179: 1 3 3 2
180: 1 9 2 0
181: 2 9 2 5
182: 6 1 1 0
183: 1 3 2 6
184: 2 5 1 2
185: 3 1 1 0
186: 2 5 1 8
187: 2 1 2 2
188: 1 2 3 4
189: 3 8 1 3
190: 18 1 1 0
191: 1 9 2 5
192: 3 3 3 8
193: 2 7 1 2
194: 1 3 2 8
195: 1 9 3 5
196: 1 5 2 8
197: 1 7 2 8
198: 2 9 1 0
199: 2 9 1 5
200: 1 4 2 0
201: 2 2 2 1
202: 4 1 1 0
203: 2 2 2 3
204: 2 2 2 4
205: 2 2 2 5
206: 2 2 2 6
207: 2 2 2 7
208: 2 2 2 8
209: 2 2 2 9
210: 3 7 1 0
211: 1 4 2 2
212: 3 5 2 4
213: 4 6 1 9
214: 1 4 5 2
215: 3 6 1 5
216: 1 3 3 8
217: 4 5 1 2
218: 4 1 1 8
219: 1 7 4 5
220: 2 4 1 0
221: 2 4 1 2
222: 3 1 1 0
223: 2 4 1 6
224: 2 4 1 8
225: 1 9 2 0
226: 2 9 2 4
227: 2 9 2 8
228: 1 7 4 8
229: 1 2 4 9
230: 22 1 1 0
231: 2 1 2 5
232: 1 7 3 8
233: 1 4 2 6
234: 3 4 1 6
235: 2 7 2 5
236: 1 9 2 4
237: 1 7 2 1
238: 1 1 3 6
239: 4 2 1 7
240: 1 6 3 0
241: 1 8 4 5
242: 2 3 2 8
243: 1 3 3 8
244: 1 4 2 8
245: 1 9 3 5
246: 1 3 3 4
247: 1 9 2 8
248: 1 7 2 4
249: 2 9 1 6
250: 1 5 2 0
251: 2 5 2 2
252: 2 5 2 4
253: 2 2 2 7
254: 2 5 2 8
255: 1 1 4 5
256: 1 5 3 8
257: 2 7 1 1
258: 2 7 1 4
259: 3 7 1 0
260: 6 2 1 0
261: 1 5 2 2
262: 3 5 2 4
263: 3 9 1 4
264: 2 4 2 8
265: 1 1 5 5
266: 3 4 2 2
267: 2 8 2 1
268: 3 7 1 2
269: 1 5 3 1
270: 3 9 1 0
271: 5 1 1 0
272: 1 5 2 4
273: 1 9 3 5
274: 1 8 2 2
275: 2 5 1 0
276: 2 5 1 2
277: 2 5 1 4
278: 2 5 1 6
279: 2 5 1 8
280: 1 7 3 0
281: 1 4 3 7
282: 1 3 3 6
283: 1 5 2 6
284: 1 9 5 8
285: 1 8 2 5
286: 2 1 2 4
287: 1 3 3 4
288: 3 7 1 6
289: 2 5 3 7
290: 28 1 1 0
291: 1 6 3 1
292: 2 5 4 8
293: 1 7 5 1
294: 1 5 2 8
295: 2 8 1 5
296: 3 4 1 0
297: 2 1 2 8
298: 4 7 1 8
299: 3 7 1 4
300: 1 6 2 0
301: 2 3 2 1
302: 2 3 2 2
303: 4 3 1 0
304: 2 3 2 4
305: 2 3 2 5
306: 2 3 2 6
307: 2 3 2 7
308: 2 3 2 8
309: 2 3 2 9
310: 15 1 1 0
311: 1 6 2 2
312: 6 4 1 0
313: 4 2 1 3
314: 1 7 3 2
315: 6 3 1 0
316: 1 3 4 4
317: 1 6 6 7
318: 3 2 1 6
319: 2 2 2 3
320: 1 8 3 0
321: 3 5 2 3
322: 1 6 2 4
323: 4 5 1 6
324: 1 3 3 8
325: 6 5 1 0
326: 4 1 2 6
327: 3 5 1 9
328: 1 6 3 8
329: 3 8 1 3
330: 2 6 1 0
331: 2 6 1 2
332: 2 6 1 4
333: 3 3 1 0
334: 2 6 1 8
335: 2 4 3 5
336: 3 1 3 8
337: 1 3 5 7
338: 3 7 1 4
339: 2 3 3 2
340: 16 2 1 0
341: 2 4 2 3
342: 3 4 1 6
343: 3 5 2 6
344: 1 6 2 8
345: 1 6 3 5
346: 1 7 4 8
347: 3 5 1 2
348: 2 5 4 8
349: 1 5 4 4
350: 1 7 2 0
351: 3 6 1 9
352: 2 6 2 8
353: 2 7 2 6
354: 2 7 2 8
355: 1 8 4 5
356: 4 7 3 8
357: 3 9 1 6
358: 1 3 3 2
359: 5 2 1 1
360: 1 9 3 0
361: 1 7 2 2
362: 2 1 3 2
363: 2 6 6 9
364: 6 2 1 0
365: 1 2 3 5
366: 1 6 3 2
367: 4 6 3 5
368: 1 5 3 8
369: 5 9 1 0
370: 3 1 1 0
371: 3 1 1 3
372: 1 7 2 4
373: 3 1 1 9
374: 2 1 2 2
375: 1 3 3 0
376: 1 4 3 8
377: 7 1 4 6
378: 1 3 4 6
379: 5 6 1 1
380: 18 2 1 0
381: 3 8 3 1
382: 1 1 6 6
383: 1 7 2 6
384: 4 3 3 8
385: 2 7 1 0
386: 2 7 1 2
387: 2 7 1 4
388: 2 7 1 6
389: 2 7 1 8
390: 6 1 1 0
391: 3 5 2 2
392: 3 6 1 4
393: 2 5 5 4
394: 1 7 2 8
395: 1 3 3 5
396: 2 1 2 8
397: 3 5 1 8
398: 3 1 2 4
399: 3 6 2 3
400: 1 8 2 0
401: 2 4 2 1
402: 2 4 2 2
403: 2 4 2 3
404: 4 2 1 0
405: 2 4 2 5
406: 2 4 2 6
407: 2 4 2 7
408: 2 4 2 8
409: 2 4 2 9
410: 5 1 1 0
411: 1 8 2 2
412: 1 9 3 8
413: 4 8 3 9
414: 3 4 3 2
415: 6 8 1 5
416: 7 5 1 2
417: 3 3 1 6
418: 2 3 2 4
419: 5 1 2 8
420: 3 7 2 0
421: 1 7 3 9
422: 1 8 2 4
423: 3 8 1 3
424: 3 5 2 4
425: 4 7 1 5
426: 5 3 3 2
427: 3 5 1 1
428: 4 5 2 4
429: 2 5 2 7
430: 21 1 1 0
431: 3 5 2 9
432: 1 3 3 8
433: 1 8 2 6
434: 4 5 1 2
435: 2 6 3 5
436: 1 3 4 4
437: 1 6 3 5
438: 2 5 4 8
439: 3 5 5 1
440: 2 8 1 0
441: 2 8 1 2
442: 2 8 1 4
443: 2 8 1 6
444: 3 2 1 0
445: 3 2 1 5
446: 6 5 2 4
447: 4 7 1 8
448: 4 5 1 2
449: 4 2 2 5
450: 1 9 2 0
451: 2 2 2 5
452: 2 9 2 4
453: 2 9 2 6
454: 2 9 2 8
455: 1 9 3 5
456: 1 7 4 8
457: 6 7 2 4
458: 5 5 1 4
459: 2 6 3 5
460: 22 2 1 0
461: 1 9 2 2
462: 2 5 2 4
463: 3 5 1 6
464: 1 7 3 8
465: 8 8 1 5
466: 2 9 4 4
467: 3 7 3 5
468: 6 6 1 0
469: 2 4 3 5
470: 46 1 1 0
471: 3 8 3 7
472: 1 9 2 4
473: 2 3 2 1
474: 3 3 3 2
475: 9 7 1 5
476: 3 3 1 2
477: 3 3 1 9
478: 7 1 1 0
479: 2 4 5 1
480: 1 6 4 0
481: 6 1 1 0
482: 4 4 4 6
483: 1 9 2 6
484: 2 3 2 8
485: 3 1 2 5
486: 1 3 3 8
487: 2 2 6 3
488: 5 7 2 4
489: 3 4 2 9
490: 6 7 1 0
491: 3 3 2 8
492: 1 3 3 4
493: 1 7 3 8
494: 1 9 2 8
495: 2 9 1 0
496: 2 9 1 2
497: 2 9 1 4
498: 2 9 1 6
499: 2 9 1 8
500: 1 1 3 0
501: 2 5 2 1
502: 2 5 2 2
503: 2 5 2 3
504: 2 5 2 4
505: 4 1 1 0
506: 2 5 2 6
507: 2 5 2 7
508: 2 5 2 8
509: 2 5 2 9
510: 16 3 1 0
511: 1 2 3 5
512: 1 8 6 0
513: 3 6 1 9
514: 2 4 4 6
515: 5 4 1 5
516: 5 3 1 6
517: 2 7 2 5
518: 3 7 1 0
519: 3 5 2 3
520: 6 4 1 0
521: 3 3 2 4
522: 4 7 1 8
523: 3 4 2 5
524: 3 5 2 4
525: 3 7 2 0
526: 3 9 1 4
527: 4 6 2 5
528: 2 6 3 0
529: 3 1 4 7
530: 13 1 1 0
531: 3 3 3 9
532: 3 8 2 4
533: 5 1 5 9
534: 1 7 7 8
535: 7 3 2 5
536: 3 4 2 8
537: 1 3 3 2
538: 5 8 5 6
539: 4 8 2 1
540: 3 9 2 0
541: 1 2 6 3
542: 5 1 1 0
543: 2 3 3 6
544: 5 4 1 8
545: 9 6 2 5
546: 6 1 1 0
547: 1 7 3 1
548: 2 3 5 4
549: 1 9 3 3
550: 2 1 2 0
551: 4 3 2 5
552: 1 1 7 8
553: 1 7 6 3
554: 6 7 2 2
555: 3 1 1 0
556: 3 1 1 2
557: 3 1 1 4
558: 3 1 1 6
559: 3 1 1 8
560: 1 7 4 0
561: 2 1 2 2
562: 4 3 3 2
563: 3 4 2 7
564: 3 3 3 8
565: 4 3 1 5
566: 2 6 3 2
567: 3 5 2 6
568: 1 9 5 8
569: 2 9 5 2
570: 18 1 1 0
571: 1 6 5 7
572: 2 1 2 4
573: 2 7 5 5
574: 1 3 3 4
575: 8 7 1 5
576: 4 3 3 8
577: 4 3 4 4
578: 4 9 1 4
579: 4 9 2 3
580: 28 2 1 0
581: 5 5 2 2
582: 1 1 4 2
583: 2 1 2 6
584: 2 5 4 8
585: 4 1 1 5
586: 9 2 2 6
587: 1 3 4 1
588: 3 9 1 6
589: 2 7 7 8
590: 58 1 1 0
591: 1 2 4 7
592: 3 8 1 0
593: 5 7 2 8
594: 2 1 2 8
595: 8 8 2 5
596: 6 5 2 4
597: 1 3 4 9
598: 3 7 1 4
599: 5 2 1 9
600: 1 3 3 0
601: 2 6 2 1
602: 2 6 2 2
603: 2 6 2 3
604: 2 6 2 4
605: 2 6 2 5
606: 4 3 1 0
607: 2 6 2 7
608: 2 6 2 8
609: 2 6 2 9
610: 60 1 1 0
611: 1 1 3 2
612: 2 1 4 4
613: 1 1 4 7
614: 2 1 3 6
615: 5 3 1 0
616: 2 5 2 4
617: 3 5 1 3
618: 1 9 3 8
619: 1 4 3 3
620: 15 2 1 0
621: 3 6 3 3
622: 3 8 5 2
623: 4 6 1 1
624: 6 8 1 0
625: 1 5 3 0
626: 4 4 1 6
627: 4 5 2 2
628: 1 1 4 4
629: 4 3 1 7
630: 6 3 1 0
631: 1 5 4 1
632: 1 6 4 8
633: 3 4 3 9
634: 1 9 7 4
635: 3 4 1 5
636: 2 2 5 4
637: 1 9 3 5
638: 2 4 2 6
639: 5 9 3 6
640: 1 8 4 0
641: 1 8 3 3
642: 3 3 5 6
643: 5 5 1 2
644: 4 2 3 4
645: 5 6 3 5
646: 4 5 1 6
647: 5 3 2 4
648: 1 3 3 8
649: 2 7 2 8
650: 6 5 1 0
651: 7 5 2 8
652: 5 8 5 4
653: 1 3 7 4
654: 4 1 1 8
655: 5 6 3 5
656: 5 8 1 0
657: 1 7 4 5
658: 4 5 4 8
659: 1 9 4 5
660: 2 3 2 0
661: 1 2 5 3
662: 7 9 2 8
663: 5 1 2 8
664: 3 4 2 8
665: 2 4 3 5
666: 3 3 1 0
667: 3 3 1 5
668: 2 5 3 4
669: 3 2 3 7
670: 33 1 1 0
671: 2 3 2 5
672: 5 3 3 8
673: 1 5 5 6
674: 6 3 2 4
675: 3 9 2 0
676: 5 6 3 4
677: 4 8 3 3
678: 2 3 3 2
679: 1 6 3 1
680: 16 4 1 0
681: 1 2 4 1
682: 2 8 2 6
683: 5 5 2 2
684: 2 6 6 4
685: 1 7 5 5
686: 3 5 2 6
687: 2 9 5 3
688: 3 7 2 4
689: 4 8 1 1
690: 22 3 1 0
691: 2 3 4 4
692: 1 7 4 8
693: 2 5 2 4
694: 3 5 1 2
695: 1 9 6 5
696: 2 5 4 8
697: 5 2 5 5
698: 1 5 4 4
699: 6 7 1 3
700: 1 7 3 0
701: 2 7 2 1
702: 2 7 2 2
703: 2 7 2 3
704: 2 7 2 4
705: 2 7 2 5
706: 2 7 2 6
707: 4 7 1 0
708: 2 7 2 8
709: 2 7 2 9
710: 35 1 1 0
711: 1 3 3 5
712: 4 7 3 8
713: 4 6 2 5
714: 3 9 1 6
715: 6 1 1 0
716: 1 6 3 4
717: 4 2 1 7
718: 5 4 1 2
719: 2 9 3 2
720: 1 9 4 0
721: 2 2 4 9
722: 1 1 3 4
723: 4 6 4 9
724: 2 2 3 4
725: 10 2 1 5
726: 2 9 6 8
727: 1 6 8 1
728: 6 4 1 0
729: 1 2 7 1
730: 8 1 1 0
731: 4 5 1 6
732: 4 5 2 8
733: 2 3 7 4
734: 4 8 4 6
735: 1 9 3 5
736: 1 5 3 8
737: 2 2 2 1
738: 5 9 1 0
739: 7 3 1 4
740: 3 2 1 0
741: 3 2 1 3
742: 3 2 1 6
743: 3 2 1 9
744: 1 3 6 8
745: 3 1 6 5
746: 1 5 3 2
747: 6 2 5 3
748: 2 2 2 4
749: 4 6 1 1
750: 1 3 3 0
751: 3 3 3 4
752: 3 3 3 8
753: 1 6 3 7
754: 7 1 4 6
755: 5 6 1 5
756: 3 1 3 8
757: 5 9 1 7
758: 2 9 4 2
759: 2 2 2 7
760: 18 4 1 0
761: 4 5 1 3
762: 1 5 8 2
763: 3 3 4 8
764: 6 3 1 2
765: 2 6 3 5
766: 9 1 2 2
767: 5 1 4 2
768: 4 3 3 8
769: 3 9 1 7
770: 2 7 2 0
771: 2 6 4 9
772: 2 1 4 8
773: 6 5 1 1
774: 3 9 6 6
775: 15 5 1 0
776: 1 4 4 8
777: 3 7 1 0
778: 3 7 3 2
779: 2 2 7 5
780: 6 2 1 0
781: 4 7 4 6
782: 3 5 2 2
783: 2 6 3 5
784: 6 7 4 0
785: 4 8 3 5
786: 2 5 5 4
787: 1 9 3 4
788: 1 8 7 4
789: 5 6 3 5
790: 13 1 1 0
791: 2 3 3 2
792: 2 5 2 4
793: 3 5 1 1
794: 3 5 1 8
795: 5 3 3 5
796: 3 1 2 4
797: 2 7 6 9
798: 1 5 8 8
799: 1 7 4 1
800: 1 4 3 0
801: 2 8 2 1
802: 2 8 2 2
803: 2 8 2 3
804: 2 8 2 4
805: 2 8 2 5
806: 2 8 2 6
807: 2 8 2 7
808: 4 4 1 0
809: 2 8 2 9
810: 9 9 1 0
811: 6 2 2 1
812: 4 2 3 4
813: 5 3 1 0
814: 6 1 1 0
815: 5 3 1 5
816: 7 7 2 4
817: 4 5 1 6
818: 1 5 7 4
819: 6 3 1 0
820: 5 2 1 0
821: 2 7 4 6
822: 8 3 1 0
823: 4 2 1 1
824: 1 9 3 8
825: 2 3 2 0
826: 1 2 8 6
827: 6 5 3 4
828: 4 5 2 8
829: 14 3 2 8
830: 41 1 1 0
831: 8 7 1 4
832: 6 8 3 0
833: 1 1 3 6
834: 3 3 1 6
835: 10 3 5 5
836: 2 3 2 4
837: 5 4 1 7
838: 5 1 2 8
839: 1 4 4 1
840: 3 7 3 0
841: 3 9 4 4
842: 4 1 2 4
843: 4 3 3 2
844: 1 9 7 4
845: 4 8 3 5
846: 1 7 10 2
847: 2 3 2 8
848: 13 8 1 0
849: 2 3 3 1
850: 16 5 1 0
851: 3 2 3 1
852: 5 6 3 4
853: 1 5 8 6
854: 9 2 7 6
855: 4 1 1 5
856: 4 5 2 4
857: 1 5 3 9
858: 2 7 2 2
859: 5 2 2 3
860: 21 2 1 0
861: 1 3 3 4
862: 4 9 1 2
863: 4 8 1 9
864: 3 7 1 6
865: 4 6 3 5
866: 1 5 4 8
867: 2 1 4 4
868: 4 5 1 2
869: 2 2 4 3
870: 28 3 1 0
871: 4 8 3 5
872: 1 6 4 8
873: 1 6 3 1
874: 1 9 6 4
875: 1 7 3 0
876: 2 5 4 8
877: 8 1 5 6
878: 11 9 1 2
879: 1 7 5 1
880: 2 4 2 0
881: 10 7 2 2
882: 3 5 2 6
883: 1 1 5 3
884: 5 1 2 8
885: 6 9 3 5
886: 4 5 2 2
887: 2 7 5 2
888: 3 4 1 0
889: 3 4 1 5
890: 44 1 1 0
891: 2 4 2 5
892: 6 5 2 4
893: 2 1 6 7
894: 4 7 1 8
895: 1 4 5 5
896: 4 5 1 2
897: 6 3 6 5
898: 6 6 2 2
899: 3 4 4 5
900: 1 9 3 0
901: 2 9 2 1
902: 2 9 2 2
903: 2 9 2 3
904: 2 9 2 4
905: 2 9 2 5
906: 2 9 2 6
907: 2 9 2 7
908: 2 9 2 8
909: 4 9 1 0
910: 6 1 1 0
911: 1 4 3 5
912: 5 9 3 8
913: 2 1 4 7
914: 6 7 2 4
915: 1 1 4 5
916: 1 5 9 8
917: 9 5 1 1
918: 2 3 6 8
919: 4 1 2 9
920: 22 4 1 0
921: 4 3 6 7
922: 9 3 1 8
923: 2 1 3 9
924: 2 5 2 4
925: 3 5 1 0
926: 3 5 1 6
927: 5 5 2 1
928: 6 3 3 8
929: 2 3 3 4
930: 15 1 1 0
931: 3 2 5 5
932: 2 9 4 4
933: 2 6 6 5
934: 3 6 4 2
935: 4 6 2 5
936: 6 6 2 0
937: 4 7 1 1
938: 5 4 4 2
939: 4 6 1 9
940: 46 2 1 0
941: 3 1 5 5
942: 6 7 6 2
943: 5 1 5 4
944: 1 1 3 8
945: 6 9 1 0
946: 2 6 2 2
947: 4 3 2 4
948: 3 6 3 4
949: 2 4 5 5
950: 18 5 1 0
951: 1 6 6 7
952: 3 6 1 4
953: 3 3 2 5
954: 2 3 5 6
955: 2 1 4 5
956: 7 2 1 0
957: 2 6 2 9
958: 2 8 5 2
959: 8 7 1 0
960: 1 6 5 0
961: 3 9 2 4
962: 6 1 1 0
963: 5 7 8 8
964: 7 2 2 4
965: 10 9 1 5
966: 4 3 3 6
967: 6 7 2 4
968: 2 7 2 4
969: 5 3 1 6
970: 96 1 1 0
971: 2 2 3 3
972: 1 3 3 8
973: 5 1 2 6
974: 2 4 6 6
975: 6 5 1 0
976: 5 7 2 4
977: 1 5 4 6
978: 5 4 5 2
979: 2 8 2 1
980: 6 7 2 0
981: 4 9 3 3
982: 3 3 2 8
983: 2 4 4 3
984: 1 6 3 8
985: 2 9 8 5
986: 1 7 3 8
987: 3 8 1 3
988: 7 2 3 4
989: 1 8 4 9
990: 2 9 2 0
991: 2 1 7 5
992: 4 5 1 2
993: 2 3 9 7
994: 5 7 6 4
995: 4 6 1 5
996: 4 3 6 8
997: 3 7 2 6
998: 2 5 3 8
999: 3 9 1 0
1000: 1 2 3 0
1001: 6 1 1 0
1002: 3 1 3 2
1003: 3 1 3 3
1004: 3 1 3 4
1005: 3 1 3 5
1006: 1 7 4 4
1007: 3 1 3 7
1008: 3 1 3 8
1009: 3 1 3 9
1010: 4 1 1 0
1011: 6 3 3 7
1012: 4 5 2 8
1013: 1 5 6 9
1014: 5 3 3 2
1015: 9 4 1 5
1016: 7 3 2 4
1017: 2 9 3 6
1018: 8 8 3 2
1019: 2 7 3 4
1020: 16 6 1 0
1021: 1 3 4 7
1022: 8 7 1 0
1023: 2 9 4 3
1024: 1 8 7 0
1025: 5 5 1 0
1026: 2 9 6 6
1027: 7 1 1 3
1028: 3 3 7 4
1029: 3 5 2 6
1030: 34 1 1 0
1031: 2 4 3 3
1032: 5 3 1 6
1033: 4 9 2 4
1034: 6 4 2 2
1035: 1 7 4 5
1036: 3 7 2 0
1037: 1 3 3 1
1038: 1 7 4 8
1039: 5 5 2 3
1040: 6 8 1 0
1041: 7 2 1 7
1042: 3 3 2 4
1043: 1 7 6 3
1044: 3 8 3 4
1045: 4 3 2 5
1046: 12 6 1 2
1047: 1 5 4 4
1048: 3 5 2 4
1049: 7 4 3 1
1050: 3 7 2 0
1051: 4 7 1 4
1052: 1 9 4 8
1053: 4 2 4 7
1054: 2 5 6 2
1055: 4 6 5 5
1056: 2 6 4 0
1057: 4 9 2 2
1058: 6 5 1 8
1059: 2 3 3 8
1060: 13 2 1 0
1061: 5 7 3 6
1062: 2 5 10 8
1063: 3 9 2 2
1064: 4 5 4 8
1065: 3 1 6 5
1066: 5 5 5 6
1067: 4 8 2 1
1068: 1 7 7 8
1069: 3 5 2 8
1070: 53 1 1 0
1071: 2 9 9 6
1072: 5 7 3 8
1073: 3 2 3 1
1074: 1 3 3 2
1075: 16 2 1 5
1076: 7 8 8 4
1077: 5 6 1 3
1078: 6 7 1 0
1079: 7 5 1 2
1080: 3 9 3 0
1081: 6 1 3 6
1082: 1 4 6 6
1083: 5 9 3 8
1084: 5 2 1 0
1085: 5 6 5 5
1086: 2 3 3 6
1087: 4 5 4 2
1088: 7 3 3 8
1089: 22 9 1 0
1090: 108 1 1 0
1091: 4 6 4 5
1092: 6 2 1 0
1093: 5 7 2 8
1094: 3 3 4 8
1095: 1 7 4 5
1096: 2 6 5 8
1097: 5 7 1 3
1098: 4 5 2 8
1099: 2 7 6 3
1100: 2 2 2 0
1101: 4 6 3 5
1102: 5 9 3 8
1103: 1 7 5 5
1104: 6 9 3 8
1105: 5 2 5 5
1106: 8 8 1 2
1107: 5 1 5 8
1108: 6 3 5 8
1109: 1 9 7 2
1110: 3 2 1 0
1111: 4 1 1 0
1112: 3 2 1 4
1113: 3 2 1 6
1114: 3 2 1 8
1115: 1 9 5 5
1116: 13 3 3 8
1117: 7 5 2 8
1118: 1 9 8 8
1119: 7 2 1 1
1120: 1 7 5 0
1121: 1 3 5 7
1122: 2 2 2 4
1123: 4 1 2 7
1124: 4 6 3 4
1125: 1 9 3 0
1126: 3 9 3 8
1127: 4 1 3 2
1128: 3 3 3 8
1129: 3 6 2 1
1130: 112 1 1 0
1131: 1 5 10 4
1132: 4 1 6 8
1133: 2 2 2 6
1134: 3 5 2 6
1135: 8 4 5 5
1136: 12 1 3 8
1137: 2 6 6 9
1138: 2 9 5 2
1139: 3 7 5 3
1140: 18 2 1 0
1141: 3 4 2 9
1142: 5 1 2 6
1143: 3 8 3 1
1144: 2 2 2 8
1145: 8 7 2 5
1146: 6 9 1 6
1147: 3 3 3 7
1148: 1 3 3 4
1149: 3 2 6 5
1150: 22 5 1 0
1151: 4 9 3 8
1152: 4 3 3 8
1153: 8 3 2 7
1154: 4 3 4 4
1155: 6 1 1 0
1156: 2 1 4 4
1157: 3 1 5 7
1158: 3 9 5 6
1159: 5 1 3 3
1160: 28 4 1 0
1161: 6 1 6 8
1162: 5 5 2 2
1163: 4 5 4 9
1164: 1 2 4 4
1165: 3 2 14 5
1166: 4 7 2 2
1167: 3 7 3 2
1168: 3 7 3 8
1169: 3 2 2 1
1170: 6 3 1 0
1171: 4 7 8 8
1172: 7 5 4 8
1173: 4 3 3 6
1174: 1 6 4 2
1175: 26 2 1 5
1176: 6 7 3 0
1177: 4 5 2 4
1178: 2 7 7 8
1179: 5 6 3 5
1180: 58 2 1 0
1181: 7 9 1 4
1182: 4 5 1 4
1183: 1 9 7 1
1184: 3 8 2 0
1185: 1 3 3 5
1186: 5 7 2 8
1187: 1 6 5 7
1188: 2 3 6 8
1189: 5 3 5 5
1190: 16 7 1 0
1191: 6 9 2 3
1192: 6 5 2 4
1193: 3 5 4 2
1194: 5 9 3 8
1195: 2 7 4 5
1196: 3 9 8 4
1197: 6 1 6 8
1198: 1 5 7 8
1199: 4 3 2 2
1200: 1 6 3 0
1201: 3 6 3 5
1202: 1 8 10 2
1203: 3 2 3 5
1204: 7 2 1 8
1205: 1 8 4 5
1206: 4 8 2 2
1207: 3 5 2 2
1208: 7 1 5 8
1209: 7 3 1 9
1210: 22 1 1 0
1211: 4 6 3 5
1212: 4 6 1 0
1213: 1 2 5 7
1214: 13 6 1 2
1215: 4 6 6 5
1216: 12 3 3 8
1217: 2 7 3 8
1218: 4 3 3 6
1219: 4 7 2 2
1220: 60 2 1 0
1221: 6 1 1 0
1222: 1 2 3 4
1223: 2 7 11 2
1224: 2 2 4 8
1225: 6 7 2 0
1226: 5 7 2 4
1227: 1 5 7 4
1228: 3 7 5 8
1229: 3 1 6 9
1230: 5 3 1 0
1231: 10 9 3 8
1232: 2 7 4 0
1233: 8 9 1 0
1234: 2 1 9 6
1235: 4 1 1 5
1236: 1 9 3 8
1237: 3 1 2 3
1238: 1 8 3 6
1239: 1 3 8 9
1240: 15 4 1 0
1241: 2 8 3 1
1242: 6 7 2 6
1243: 2 9 2 4
1244: 3 5 8 8
1245: 10 8 2 5
1246: 6 1 6 4
1247: 3 4 4 5
1248: 6 8 2 0
1249: 3 9 1 2
1250: 1 5 3 0
1251: 2 3 3 7
1252: 3 5 3 8
1253: 1 7 6 8
1254: 4 5 2 2
1255: 8 4 1 5
1256: 1 2 4 8
1257: 5 1 2 8
1258: 3 2 3 6
1259: 1 3 3 7
1260: 6 6 1 0
1261: 6 7 6 5
1262: 7 3 2 2
1263: 2 9 3 7
1264: 9 5 1 2
1265: 2 8 2 5
1266: 9 7 3 4
1267: 8 3 3 2
1268: 1 9 7 4
1269: 3 8 1 3
1270: 42 1 1 0
1271: 2 7 6 9
1272: 2 4 5 8
1273: 2 4 3 5
1274: 6 7 1 0
1275: 4 7 1 5
1276: 2 5 4 8
1277: 6 1 2 7
1278: 5 9 3 6
1279: 1 8 6 7
1280: 1 8 5 0
1281: 6 2 6 7
1282: 1 1 4 6
1283: 1 3 8 4
1284: 9 3 1 6
1285: 1 9 8 5
1286: 5 5 1 2
1287: 2 7 2 2
1288: 5 3 2 4
1289: 5 5 1 9
1290: 21 1 1 0
1291: 11 2 1 3
1292: 4 5 1 6
1293: 3 5 2 9
1294: 5 3 2 4
1295: 3 7 1 0
1296: 1 3 3 8
1297: 2 6 6 5
1298: 2 7 2 8
1299: 5 9 6 7
1300: 6 1 2 0
1301: 5 1 6 6
1302: 7 5 2 8
1303: 4 9 3 2
1304: 6 4 5 8
1305: 2 6 3 5
1306: 1 3 7 4
1307: 6 9 6 2
1308: 8 3 1 6
1309: 4 8 2 1
1310: 130 1 1 0
1311: 1 6 3 5
1312: 5 8 2 0
1313: 4 2 4 7
1314: 3 7 3 8
1315: 5 6 3 5
1316: 4 5 4 8
1317: 2 1 8 5
1318: 4 3 3 2
1319: 5 8 4 3
1320: 2 6 2 0
1321: 5 9 1 7
1322: 1 4 5 6
1323: 3 5 2 6
1324: 7 9 2 8
1325: 5 7 1 5
1326: 5 1 2 8
1327: 6 3 3 1
1328: 7 5 1 2
1329: 4 5 2 2
1330: 18 1 1 0
1331: 2 6 2 5
1332: 3 6 1 0
1333: 1 2 3 6
1334: 3 4 3 2
1335: 3 4 3 5
1336: 3 4 3 8
1337: 6 2 2 7
1338: 5 9 3 4
1339: 5 5 2 1
1340: 33 2 1 0
1341: 4 7 1 8
1342: 4 5 2 8
1343: 3 7 4 9
1344: 5 3 3 8
1345: 1 2 4 5
1346: 1 5 5 6
1347: 4 2 2 5
1348: 6 3 2 4
1349: 3 1 6 5
1350: 3 9 2 0
1351: 2 1 4 8
1352: 9 9 2 4
1353: 6 5 2 3
1354: 4 1 5 4
1355: 5 1 1 0
1356: 2 6 3 4
1357: 6 5 1 8
1358: 1 1 4 2
1359: 6 7 3 4
1360: 16 8 1 0
1361: 1 5 3 4
1362: 1 4 4 2
1363: 5 5 2 8
1364: 6 1 2 4
1365: 1 9 3 5
1366: 5 5 2 2
1367: 3 8 2 5
1368: 6 1 6 8
1369: 8 7 2 3
1370: 8 1 1 0
1371: 3 7 6 9
1372: 7 6 8 4
1373: 5 6 5 1
1374: 9 8 5 6
1375: 2 5 2 0
1376: 5 4 1 8
1377: 9 8 1 9
1378: 6 1 6 4
1379: 1 2 7 1
1380: 22 6 1 0
1381: 8 1 1 7
1382: 2 3 4 4
1383: 5 5 2 1
1384: 1 7 4 8
1385: 1 8 11 5
1386: 2 5 2 4
1387: 10 8 3 1
1388: 3 5 1 2
1389: 3 5 1 6
1390: 46 1 1 0
1391: 6 5 6 3
1392: 5 9 3 8
1393: 3 1 2 4
1394: 5 5 5 4
1395: 11 6 3 5
1396: 1 5 4 4
1397: 2 5 2 8
1398: 3 8 5 6
1399: 2 3 8 7
1400: 1 7 3 0
1401: 3 7 3 5
1402: 4 4 6 6
1403: 4 5 2 8
1404: 6 9 2 0
1405: 1 1 16 5
1406: 3 3 3 2
1407: 6 3 3 7
1408: 2 8 4 0
1409: 7 9 3 8
1410: 46 3 1 0
1411: 5 1 13 3
1412: 2 3 3 8
1413: 3 8 3 7
1414: 4 7 1 0
1415: 7 8 1 5
1416: 2 9 6 8
1417: 1 5 10 4
1418: 4 8 8 2
1419: 2 9 2 3
1420: 35 2 1 0
1421: 4 1 3 2
1422: 3 9 3 6
1423: 1 8 4 1
1424: 4 7 3 8
1425: 18 5 1 0
1426: 12 8 5 6
1427: 4 1 5 3
1428: 3 9 1 6
1429: 4 1 4 3
1430: 6 1 1 0
1431: 9 5 1 9
1432: 1 7 6 8
1433: 5 8 2 9
1434: 7 3 1 0
1435: 5 7 1 0
1436: 5 8 1 4
1437: 3 4 6 3
1438: 2 9 3 2
1439: 4 1 5 5
1440: 1 9 5 0
1441: 2 8 4 3
1442: 11 9 1 2
1443: 6 1 1 0
1444: 1 2 3 8
1445: 10 4 1 5
1446: 7 3 2 6
1447: 4 3 3 8
1448: 2 4 3 8
1449: 3 4 11 3
1450: 28 5 1 0
1451: 2 7 5 2
1452: 2 9 6 8
1453: 6 7 10 3
1454: 1 1 9 2
1455: 2 2 7 5
1456: 6 8 1 0
1457: 3 8 2 7
1458: 1 4 7 2
1459: 2 8 3 9
1460: 8 2 1 0
1461: 2 6 6 9
1462: 4 5 1 6
1463: 4 1 2 8
1464: 7 9 6 8
1465: 1 3 6 5
1466: 2 3 7 4
1467: 5 6 5 3
1468: 9 9 2 8
1469: 5 1 4 2
1470: 6 7 1 0
1471: 4 1 7 8
1472: 1 5 3 8
1473: 4 7 2 4
1474: 2 4 2 2
1475: 13 2 1 5
1476: 5 9 2 0
1477: 5 7 6 1
1478: 7 3 1 4
1479: 2 6 3 5
1480: 3 4 1 0
1481: 3 4 1 3
1482: 3 4 1 6
1483: 3 4 1 9
1484: 3 5 7 8
1485: 2 4 2 5
1486: 2 1 3 8
1487: 2 9 4 7
1488: 6 7 1 6
1489: 6 8 2 3
1490: 148 1 1 0
1491: 10 3 4 9
1492: 7 8 1 4
1493: 4 3 7 7
1494: 6 4 5 6
1495: 6 3 6 5
1496: 2 4 2 8
1497: 5 9 1 6
1498: 4 3 5 8
1499: 3 1 13 7
1500: 1 3 3 0
1501: 3 3 3 2
1502: 3 3 3 4
1503: 3 1 3 2
1504: 3 3 3 8
1505: 2 1 8 5
1506: 3 1 3 4
1507: 8 1 1 0
1508: 1 5 10 4
1509: 3 1 3 6
1510: 75 1 1 0
1511: 1 7 3 5
1512: 3 1 3 8
1513: 1 7 4 1
1514: 2 1 7 2
1515: 4 3 1 0
1516: 4 8 5 4
1517: 3 2 3 9
1518: 4 5 2 8
1519: 5 6 5 5
1520: 18 8 1 0
1521: 5 9 3 6
1522: 2 6 5 2
1523: 7 3 4 4
1524: 4 7 5 4
1525: 4 7 1 5
1526: 3 3 4 8
1527: 13 8 4 1
1528: 6 6 1 4
1529: 4 3 2 2
1530: 16 9 1 0
1531: 4 5 3 9
1532: 8 1 3 8
1533: 6 3 6 8
1534: 5 1 4 2
1535: 3 3 4 5
1536: 1 6 8 0
1537: 1 9 3 2
1538: 4 7 3 6
1539: 4 2 4 7
1540: 2 7 2 0
1541: 7 4 2 3
1542: 7 7 4 2
1543: 10 3 1 4
1544: 2 1 4 8
1545: 6 4 6 5
1546: 1 3 14 2
1547: 1 8 10 9
1548: 5 5 5 4
1549: 1 5 5 7
1550: 15 5 1 0
1551: 2 7 2 5
1552: 10 9 3 8
1553: 1 1 8 9
1554: 3 7 1 0
1555: 3 7 1 5
1556: 1 5 6 4
1557: 8 3 3 4
1558: 5 5 5 4
1559: 1 7 8 3
1560: 6 4 1 0
1561: 5 5 2 9
1562: 4 7 4 6
1563: 3 3 6 2
1564: 4 2 3 4
1565: 5 1 1 5
1566: 6 8 3 2
1567: 3 5 8 7
1568: 10 5 1 2
1569: 12 9 1 3
1570: 78 1 1 0
1571: 2 7 8 2
1572: 2 5 5 4
1573: 2 5 8 7
1574: 1 9 3 4
1575: 6 3 2 0
1576: 5 4 8 8
1577: 2 5 5 8
1578: 6 1 5 6
1579: 4 3 4 1
1580: 13 2 1 0
1581: 3 3 8 6
1582: 2 3 3 2
1583: 1 3 11 4
1584: 4 7 2 4
1585: 13 2 6 5
1586: 5 7 2 4
1587: 6 4 3 1
1588: 4 1 1 6
1589: 5 4 2 3
1590: 13 3 1 0
1591: 3 7 3 9
1592: 3 1 2 4
1593: 5 4 1 7
1594: 6 5 8 2
1595: 4 3 2 5
1596: 1 5 8 8
1597: 6 2 2 5
1598: 3 1 8 2
1599: 5 8 5 7
1600: 1 8 3 0
1601: 3 8 3 5
1602: 1 7 7 8
1603: 9 1 2 4
1604: 6 2 7 4
1605: 7 2 8 5
1606: 2 5 4 8
1607: 4 7 2 8
1608: 5 2 13 8
1609: 7 5 1 2
1610: 22 7 1 0
1611: 1 3 3 2
1612: 3 9 2 4
1613: 4 5 4 3
1614: 4 3 12 8
1615: 4 8 8 5
1616: 4 8 1 0
1617: 6 7 1 0
1618: 6 3 3 8
1619: 2 1 3 3
1620: 9 9 2 0
1621: 3 4 7 9
1622: 6 4 2 2
1623: 1 6 6 9
1624: 4 4 3 8
1625: 6 5 2 0
1626: 5 3 1 0
1627: 9 6 1 7
1628: 6 2 1 0
1629: 8 7 2 8
1630: 81 1 1 0
1631: 3 4 5 3
1632: 7 3 3 8
1633: 3 5 2 2
1634: 4 5 1 6
1635: 2 8 10 5
1636: 1 5 7 4
1637: 5 4 2 5
1638: 6 3 1 0
1639: 6 5 2 4
1640: 5 4 1 0
1641: 7 5 4 7
1642: 2 7 4 6
1643: 2 1 18 2
1644: 8 6 1 0
1645: 5 9 2 5
1646: 4 4 1 2
1647: 1 7 5 4
1648: 1 9 3 8
1649: 4 8 2 1
1650: 2 3 2 0
1651: 3 7 8 6
1652: 9 8 8 4
1653: 5 9 3 8
1654: 6 5 3 4
1655: 6 3 2 5
1656: 2 1 11 8
1657: 1 1 6 9
1658: 14 3 2 8
1659: 8 4 1 1
1660: 41 2 1 0
1661: 2 3 2 2
1662: 8 7 1 4
1663: 9 3 2 1
1664: 6 8 4 0
1665: 3 3 1 0
1666: 3 3 1 2
1667: 3 3 1 4
1668: 3 3 1 6
1669: 3 3 1 8
1670: 166 1 1 0
1671: 6 3 6 2
1672: 2 3 2 4
1673: 7 7 1 0
1674: 15 9 1 0
1675: 7 2 1 5
1676: 5 1 2 8
1677: 4 8 1 1
1678: 1 8 4 2
1679: 1 7 4 5
1680: 3 7 4 0
1681: 12 9 2 2
1682: 3 9 4 4
1683: 2 3 2 6
1684: 4 1 2 4
1685: 6 8 4 5
1686: 4 3 3 2
1687: 4 2 8 9
1688: 1 1 8 8
1689: 3 9 3 8
1690: 78 1 1 0
1691: 2 2 5 7
1692: 1 1 11 4
1693: 7 7 2 4
1694: 2 3 2 8
1695: 5 1 5 5
1696: 13 8 2 0
1697: 6 4 1 3
1698: 2 6 3 2
1699: 7 9 5 8
1700: 16 1 2 0
1701: 1 2 7 1
1702: 3 4 3 2
1703: 2 1 7 7
1704: 2 1 11 8
1705: 4 6 2 5
1706: 1 5 8 6
1707: 1 9 9 5
1708: 16 6 1 8
1709: 1 7 7 9
1710: 18 1 1 0
1711: 1 8 3 5
1712: 9 2 1 4
1713: 1 5 7 7
1714: 2 1 8 6
1715: 3 2 5 5
1716: 6 2 1 0
1717: 4 2 4 9
1718: 5 4 2 6
1719: 2 9 12 6
1720: 21 4 1 0
1721: 5 5 8 8
1722: 1 3 3 4
1723: 10 3 7 5
1724: 4 9 1 2
1725: 22 3 2 0
1726: 6 8 5 2
1727: 4 3 2 1
1728: 3 9 6 0
1729: 6 1 6 8
1730: 43 1 1 0
1731: 10 8 4 7
1732: 1 5 4 8
1733: 1 5 7 2
1734: 2 1 4 4
1735: 2 2 3 5
1736: 4 5 1 2
1737: 2 2 10 5
1738: 2 4 4 6
1739: 3 3 3 8
1740: 28 6 1 0
1741: 1 9 5 8
1742: 8 5 3 6
1743: 9 6 2 3
1744: 8 2 1 4
1745: 5 8 3 5
1746: 1 1 4 2
1747: 6 6 4 5
1748: 1 9 6 4
1749: 6 6 2 3
1750: 1 7 3 0
1751: 3 7 3 4
1752: 2 5 4 8
1753: 8 2 6 5
1754: 8 1 5 6
1755: 6 9 1 0
1756: 11 9 1 2
1757: 9 1 5 6
1758: 9 2 2 6
1759: 5 6 1 1
1760: 2 8 2 0
1761: 1 9 4 3
1762: 10 7 2 2
1763: 5 5 5 4
1764: 1 8 7 4
1765: 4 3 4 5
1766: 1 2 5 6
1767: 2 4 10 1
1768: 6 1 6 8
1769: 6 7 3 9
1770: 58 3 1 0
1771: 2 8 2 5
1772: 2 5 5 8
1773: 1 2 7 1
1774: 2 7 5 2
1775: 35 5 1 0
1776: 3 8 1 0
1777: 3 8 1 5
1778: 4 8 3 2
1779: 5 7 2 8
1780: 44 2 1 0
1781: 8 1 8 4
1782: 2 3 8 6
1783: 5 9 3 5
1784: 6 5 2 4
1785: 6 7 6 5
1786: 4 5 4 8
1787: 6 4 2 7
1788: 1 5 10 4
1789: 2 8 4 5
1790: 178 1 1 0
1791: 3 7 6 4
1792: 4 5 1 2
1793: 4 1 2 6
1794: 6 7 6 4
1795: 4 7 4 5
1796: 1 5 14 4
1797: 8 6 5 9
1798: 12 5 1 4
1799: 8 1 4 8
1800: 1 9 3 0
1801: 3 9 3 5
1802: 5 5 2 6
1803: 3 3 3 5
1804: 4 1 4 4
1805: 4 8 8 5
1806: 3 5 8 6
1807: 3 6 8 7
1808: 3 7 2 4
1809: 6 8 2 3
1810: 180 1 1 0
1811: 5 2 7 1
1812: 6 7 3 4
1813: 3 2 3 9
1814: 4 8 1 6
1815: 8 7 2 5
1816: 10 1 5 8
1817: 5 3 7 2
1818: 4 9 1 0
1819: 4 2 4 9
1820: 6 2 1 0
1821: 4 9 3 1
1822: 9 3 4 4
1823: 5 3 3 5
1824: 12 3 3 8
1825: 8 5 1 0
1826: 4 4 4 6
1827: 3 5 8 6
1828: 6 7 2 4
1829: 5 4 1 7
1830: 60 1 1 0
1831: 3 2 5 7
1832: 1 5 9 8
1833: 1 3 3 6
1834: 6 5 6 8
1835: 4 6 3 5
1836: 2 3 6 8
1837: 2 5 2 1
1838: 3 9 8 4
1839: 7 9 9 2
1840: 22 8 1 0
1841: 3 7 6 5
1842: 6 3 6 4
1843: 5 1 4 9
1844: 6 3 5 4
1845: 5 9 1 0
1846: 5 3 3 2
1847: 5 5 6 2
1848: 2 5 2 4
1849: 9 4 2 3
1850: 3 5 1 0
1851: 3 5 1 3
1852: 3 5 1 6
1853: 3 5 1 9
1854: 2 5 13 2
1855: 2 1 8 5
1856: 6 3 3 8
1857: 5 6 1 3
1858: 2 3 3 4
1859: 2 5 2 7
1860: 15 2 1 0
1861: 1 7 3 4
1862: 10 5 1 2
1863: 3 3 8 9
1864: 4 3 6 8
1865: 12 4 3 5
1866: 8 9 3 8
1867: 7 1 3 4
1868: 2 8 9 4
1869: 8 1 2 5
1870: 16 1 1 0
1871: 5 8 4 7
1872: 6 6 3 0
1873: 1 6 4 5
1874: 4 9 5 8
1875: 1 3 4 0
1876: 5 8 4 4
1877: 2 1 7 4
1878: 3 5 3 8
1879: 3 4 7 9
1880: 46 4 1 0
1881: 4 2 4 7
1882: 2 8 6 6
1883: 7 4 1 9
1884: 15 8 3 4
1885: 6 9 6 5
1886: 5 1 5 4
1887: 3 1 3 3
1888: 32 5 1 2
1889: 5 7 13 3
1890: 6 9 1 0
1891: 3 8 2 7
1892: 4 7 4 4
1893: 1 5 4 1
1894: 4 3 2 4
1895: 15 3 3 5
1896: 4 9 6 8
1897: 5 7 1 0
1898: 3 4 7 6
1899: 3 9 9 7
1900: 18 1 2 0
1901: 9 1 2 7
1902: 4 9 7 6
1903: 6 1 4 2
1904: 10 5 1 2
1905: 4 4 4 5
1906: 18 5 8 2
1907: 4 5 7 8
1908: 8 7 4 4
1909: 1 5 8 2
1910: 95 1 1 0
1911: 1 9 3 5
1912: 7 4 1 0
1913: 2 2 6 9
1914: 2 5 4 8
1915: 5 8 3 5
1916: 4 7 6 4
1917: 9 8 4 9
1918: 8 7 1 0
1919: 4 2 4 7
1920: 1 6 6 0
1921: 8 5 6 7
1922: 3 9 2 4
1923: 4 9 1 6
1924: 6 2 1 0
1925: 2 7 2 0
1926: 5 7 8 8
1927: 5 3 5 1
1928: 7 4 2 8
1929: 5 5 1 2
1930: 192 1 1 0
1931: 2 5 3 9
1932: 3 7 6 8
1933: 9 2 2 5
1934: 6 7 2 4
1935: 5 6 3 5
1936: 2 7 2 4
1937: 1 5 10 4
1938: 5 3 1 6
1939: 6 9 6 7
1940: 96 2 1 0
1941: 2 6 15 1
1942: 2 4 3 6
1943: 3 7 1 2
1944: 1 3 3 8
1945: 4 6 8 5
1946: 5 1 2 6
1947: 2 7 2 8
1948: 1 3 10 4
1949: 3 7 5 2
1950: 6 5 1 0
1951: 14 7 2 6
1952: 12 7 3 8
1953: 12 4 6 7
1954: 1 5 4 6
1955: 4 6 2 5
1956: 5 8 5 4
1957: 3 5 6 6
1958: 4 4 2 6
1959: 4 3 6 8
1960: 6 7 3 0
1961: 4 3 1 7
1962: 1 5 10 4
1963: 1 7 15 1
1964: 3 3 2 8
1965: 5 6 3 5
1966: 2 8 4 6
1967: 7 3 8 2
1968: 5 6 3 0
1969: 4 7 2 5
1970: 98 1 1 0
1971: 3 2 7 3
1972: 1 7 3 8
1973: 1 2 5 1
1974: 1 3 9 4
1975: 13 5 1 0
1976: 7 4 3 8
1977: 4 3 3 2
1978: 6 4 8 6
1979: 7 5 3 6
1980: 2 9 2 0
1981: 6 7 6 5
1982: 10 5 3 2
1983: 1 6 5 9
1984: 4 5 1 2
1985: 2 2 6 5
1986: 3 7 11 6
1987: 2 1 10 7
1988: 5 7 6 4
1989: 6 1 6 8
1990: 99 1 1 0
1991: 2 9 2 5
1992: 4 3 6 8
1993: 2 2 8 7
1994: 3 7 2 6
1995: 6 3 6 5
1996: 2 5 3 8
1997: 2 9 5 1
1998: 3 9 1 0
1999: 3 9 1 5
2000: 1 4 3 0
2001: 3 2 3 1
2002: 6 1 1 0
2003: 3 2 3 3
2004: 3 2 3 4
2005: 3 2 3 5
2006: 3 2 3 6
2007: 3 2 3 7
2008: 3 2 3 8
2009: 3 2 3 9
2010: 33 1 1 0
2011: 7 6 1 1
2012: 1 7 4 4
2013: 4 5 2 8
2014: 10 1 1 8
2015: 4 3 5 5
2016: 6 6 4 0
2017: 6 3 5 1
2018: 6 5 1 4
2019: 9 9 1 3
2020: 4 2 1 0
2021: 4 1 2 5
2022: 2 5 7 8
2023: 2 2 8 3
2024: 2 6 8 8
2025: 9 9 2 0
2026: 5 7 6 2
2027: 6 6 3 1
2028: 5 6 3 4
2029: 5 7 5 5
2030: 28 7 1 0
2031: 4 1 5 4
2032: 7 3 2 4
2033: 9 2 4 1
2034: 2 9 3 6
2035: 6 1 1 0
2036: 12 3 5 8
2037: 1 6 3 1
2038: 2 7 3 4
2039: 3 9 2 1
2040: 16 6 2 0
2041: 4 8 3 5
2042: 5 1 8 2
2043: 1 6 4 3
2044: 8 7 2 0
2045: 5 3 1 5
2046: 4 9 6 4
2047: 6 5 1 8
2048: 1 8 8 0
2049: 3 5 9 3
2050: 5 5 1 0
2051: 6 1 6 9
2052: 6 1 6 8
2053: 2 4 7 7
2054: 7 2 1 6
2055: 8 3 1 0
2056: 3 6 7 8
2057: 2 5 4 3
2058: 3 5 2 6
2059: 4 7 4 6
2060: 34 2 1 0
2061: 10 9 9 6
2062: 2 8 3 6
2063: 8 1 1 7
2064: 17 3 3 8
2065: 8 6 1 5
2066: 4 9 2 4
2067: 4 8 1 1
2068: 4 5 4 8
2069: 4 6 4 1
2070: 22 9 1 0
2071: 2 1 6 7
2072: 3 1 3 8
2073: 17 9 1 6
2074: 1 6 3 2
2075: 17 2 1 5
2076: 1 7 4 8
2077: 4 7 8 3
2078: 5 1 6 8
2079: 6 9 1 0
2080: 6 8 2 0
2081: 2 9 3 8
2082: 2 3 9 8
2083: 7 1 3 7
2084: 3 3 2 4
2085: 1 9 6 5
2086: 8 2 3 6
2087: 6 1 2 8
2088: 2 4 8 8
2089: 8 3 3 2
2090: 18 1 1 0
2091: 5 5 5 4
2092: 11 7 4 4
2093: 1 8 4 9
2094: 1 5 4 4
2095: 7 3 2 5
2096: 8 1 3 8
2097: 6 7 1 3
2098: 7 8 3 2
2099: 8 3 3 2
2100: 3 7 2 0
2101: 2 1 4 5
2102: 4 7 1 4
2103: 4 2 5 5
2104: 1 9 4 8
2105: 1 3 7 5
2106: 8 6 3 2
2107: 10 5 1 2
2108: 3 2 8 4
2109: 3 1 3 7
2110: 30 1 1 0
2111: 1 4 3 2
2112: 2 6 5 0
2113: 3 1 4 7
2114: 4 9 2 2
2115: 5 1 8 5
2116: 7 1 1 6
2117: 2 5 4 8
2118: 2 3 3 8
2119: 3 4 2 9
2120: 13 4 1 0
2121: 4 3 4 9
2122: 5 7 3 6
2123: 2 1 4 8
2124: 2 5 10 8
2125: 16 5 2 0
2126: 3 9 2 2
2127: 4 4 8 1
2128: 10 5 1 2
2129: 8 7 2 6
2130: 35 3 1 0
2131: 2 3 8 7
2132: 5 2 10 4
2133: 6 7 4 3
2134: 2 9 4 4
2135: 9 4 1 5
2136: 1 7 7 8
2137: 12 1 1 9
2138: 3 5 2 8
2139: 12 4 5 3
2140: 53 2 1 0
2141: 2 5 3 6
2142: 2 9 9 6
2143: 4 3 4 2
2144: 5 7 3 8
2145: 6 1 1 0
2146: 3 4 3 2
2147: 5 7 3 2
2148: 1 6 3 4
2149: 6 3 6 4
2150: 21 5 1 0
2151: 7 9 1 0
2152: 4 3 12 8
2153: 1 7 7 3
2154: 1 5 8 2
2155: 10 3 2 5
2156: 6 7 2 0
2157: 2 9 3 2
2158: 7 5 1 2
2159: 5 5 6 8
2160: 3 9 4 0
2161: 4 2 9 5
2162: 6 1 3 6
2163: 6 4 6 5
2164: 9 5 4 4
2165: 11 7 3 5
2166: 5 9 3 8
2167: 4 1 6 6
2168: 5 4 1 0
2169: 6 1 5 6
2170: 15 7 1 0
2171: 8 5 3 6
2172: 4 9 3 8
2173: 3 3 4 5
2174: 4 5 4 2
2175: 28 3 2 0
2176: 7 3 3 8
2177: 8 1 10 8
2178: 22 9 1 0
2179: 9 2 3 9
2180: 108 2 1 0
2181: 1 3 9 6
2182: 1 4 12 6
2183: 3 1 3 3
2184: 6 4 1 0
2185: 1 6 3 5
2186: 5 7 2 8
2187: 1 2 7 1
2188: 3 3 4 8
2189: 6 1 4 8
2190: 8 3 1 0
2191: 6 8 1 7
2192: 8 8 1 0
2193: 5 3 1 6
2194: 7 1 11 6
2195: 2 1 8 5
2196: 4 5 2 8
2197: 6 6 6 7
2198: 2 5 9 8
2199: 3 5 9 9
2200: 2 4 2 0
2201: 6 3 10 4
2202: 6 5 6 8
2203: 4 7 7 8
2204: 5 9 3 8
2205: 12 8 6 5
2206: 3 4 5 2
2207: 1 3 5 2
2208: 10 3 3 8
2209: 2 7 6 2
2210: 48 1 1 0
2211: 2 4 2 2
2212: 11 9 1 2
2213: 1 5 5 3
2214: 5 1 5 8
2215: 10 6 5 5
2216: 6 3 5 8
2217: 7 5 7 1
2218: 1 9 7 2
2219: 7 7 6 1
2220: 3 4 1 0
2221: 3 4 1 2
2222: 4 1 1 0
2223: 3 4 1 6
2224: 3 4 1 8
2225: 44 5 1 0
2226: 6 1 6 4
2227: 5 5 7 7
2228: 1 9 8 8
2229: 2 5 8 1
2230: 222 1 1 0
2231: 3 1 2 5
2232: 13 3 3 8
2233: 2 4 2 6
2234: 7 5 2 8
2235: 3 1 6 5
2236: 1 9 8 8
2237: 2 3 3 5
2238: 7 4 1 2
2239: 5 8 1 3
2240: 1 7 6 0
2241: 6 2 5 3
2242: 5 7 3 2
2243: 2 9 6 5
2244: 2 4 2 8
2245: 4 2 2 5
2246: 4 9 8 8
2247: 6 5 6 3
2248: 6 3 2 4
2249: 11 4 3 7
2250: 1 9 3 0
2251: 3 9 3 4
2252: 3 9 3 8
2253: 3 3 3 4
2254: 4 1 3 2
2255: 10 1 1 0
2256: 3 3 3 8
2257: 3 5 3 2
2258: 1 5 8 4
2259: 1 6 3 7
2260: 112 2 1 0
2261: 6 4 2 7
2262: 1 5 10 4
2263: 5 1 2 3
2264: 4 1 6 8
2265: 9 3 18 5
2266: 6 5 2 2
2267: 1 8 5 9
2268: 1 8 7 4
2269: 3 9 5 2
2270: 113 1 1 0
2271: 2 3 7 6
2272: 21 3 3 8
2273: 4 5 4 6
2274: 13 1 4 8
2275: 6 5 1 0
2276: 7 2 4 4
2277: 4 5 2 8
2278: 10 5 2 8
2279: 4 8 1 1
2280: 18 4 1 0
2281: 13 7 5 9
2282: 8 1 5 4
2283: 2 9 5 3
2284: 1 9 15 4
2285: 11 7 4 5
2286: 12 8 5 6
2287: 12 3 1 4
2288: 6 8 1 0
2289: 8 3 1 6
2290: 228 1 1 0
2291: 5 2 1 7
2292: 6 9 1 6
2293: 2 3 8 2
2294: 3 7 3 6
2295: 2 6 3 5
2296: 1 6 3 8
2297: 8 5 4 9
2298: 9 3 2 6
2299: 4 3 2 5
2300: 22 1 2 0
2301: 5 3 4 6
2302: 4 9 3 8
2303: 7 4 2 5
2304: 4 3 3 8
2305: 1 6 18 5
2306: 1 5 12 2
2307: 5 9 3 2
2308: 4 3 4 4
2309: 6 9 5 2
2310: 6 1 1 0
2311: 2 1 3 5
2312: 2 2 4 8
2313: 4 7 11 4
2314: 1 7 7 8
2315: 2 6 7 5
2316: 1 9 12 4
2317: 7 1 10 2
2318: 5 2 3 6
2319: 1 9 14 6
2320: 28 8 1 0
2321: 4 5 4 7
2322: 6 1 6 8
2323: 4 1 4 5
2324: 9 8 2 4
2325: 15 5 1 0
2326: 10 3 2 8
2327: 3 5 4 2
2328: 1 4 4 8
2329: 2 3 5 4
2330: 232 1 1 0
2331: 3 1 3 8
2332: 2 7 4 8
2333: 1 4 3 6
2334: 3 7 3 2
2335: 3 7 3 5
2336: 3 7 3 8
2337: 2 2 7 5
2338: 3 4 2 2
2339: 4 4 1 1
2340: 6 6 1 0
2341: 4 8 3 7
2342: 4 7 8 8
2343: 10 3 4 9
2344: 7 5 4 8
2345: 2 4 3 5
2346: 4 3 3 6
2347: 11 6 1 7
2348: 6 3 9 4
2349: 2 3 8 6
2350: 46 5 1 0
2351: 6 7 4 3
2352: 6 7 4 0
2353: 4 4 4 1
2354: 4 5 2 4
2355: 13 6 3 5
2356: 2 7 7 8
2357: 8 8 3 1
2358: 6 4 11 6
2359: 6 3 3 7
2360: 58 4 1 0
2361: 1 9 3 4
2362: 7 9 1 4
2363: 4 8 10 3
2364: 1 8 7 4
2365: 4 1 2 5
2366: 6 5 6 8
2367: 5 6 3 5
2368: 3 3 3 8
2369: 7 9 2 1
2370: 13 3 1 0
2371: 4 1 3 9
2372: 5 7 2 8
2373: 2 3 3 2
2374: 7 3 1 4
2375: 18 5 2 0
2376: 2 3 6 8
2377: 4 4 2 9
2378: 5 7 5 2
2379: 6 2 6 7
2380: 16 7 2 0
2381: 4 3 1 4
2382: 2 3 13 6
2383: 4 7 6 9
2384: 22 1 3 8
2385: 13 9 1 0
2386: 3 5 4 2
2387: 2 7 6 9
2388: 5 9 3 8
2389: 2 1 5 7
2390: 7 1 1 0
2391: 12 1 1 9
2392: 9 7 4 8
2393: 5 5 3 8
2394: 6 1 6 8
2395: 14 8 2 5
2396: 1 5 7 8
2397: 3 3 8 6
2398: 4 3 2 2
2399: 7 4 5 9
2400: 1 6 4 0
