1000.00
1000.00
1015.42
1006.10
1081.96
1052.52
1029.69
1075.31
1091.03
1188.09
1132.21
2486.99
2825.13
1574.39
1555.74
1983.52
2015.89
1115.61
1978.97
2051.42
1873.56
2886.45
1288.85
2300.73
2014.18
2289.07
2176.91
3210.70
3162.34
2147.72
1810.02
2690.74
2093.41
1386.81
1752.76
1100.94
1231.41
2769.80
1129.62
1483.59
1886.99
1554.43
2734.40
1174.32
2409.39
1893.00
1358.48
2452.09
1547.75
1426.01
3391.69
1396.50
3016.37
1163.88
2598.58
1705.66
1796.99
1435.64
2936.47
1231.10
1497.42
1088.83
3337.66
1998.55
1509.16
1436.73
2728.76
2648.84
2520.07
2000.40
1490.82
1319.46
1159.19
2479.95
2190.12
1660.52
1997.96
1828.65
2368.66
1840.78
1288.83
1152.63
2238.20
1862.57
1358.24
2536.30
1402.68
2596.17
1383.49
2524.38
2320.95
2712.17
1021.49
1338.87
1044.82
1369.57
2713.00
2733.16
1605.11
1263.56
