942438538093
187245
18446583230866915327
449389
56173
28760941
187245
18446744073105571839
18446744073402768255
230087533
18446583231479283711
1840700269
3595117
449389
365
187245
109
18446743445436366847
449389
1497965
18446663652287634303
18446744073709551615
18446734021032411135
18446744073709551611
18446742817124835327
392682724205
18446744073709486079
18446585744035151871
5
1
60316066437997
7021
18446744073707154879
18446423016314241023
365
230087533
3141461793645
13
766958445
2925
18446708889337462783
18446744073690378239
1497965
18446744073709551615
18446744073709551615
18446663652287634303
49085340525
18446741560549703679
942438538093
7021
