20 21 18 -21 41 -30 -48 -5 -16 -27 -32 46 -15 -33 32 -30 39
43 -49 -31 -35 -40 -17 -11 -25 21 -43 39 22 49 -39 43 48 -30 -47 -39 -35 16 16 -45 50 50 -15 40 49 -25 3
-25 10 22 -29
-26 40
-30 -40 -8 3 27 -15 -9 43 -22 26 47 41 -37 -24 -37 16 2 1 -32 26 -43 36 -18 29 33 -41 -17 -42 -7 43
34 42 -39 40 45 -26 -49 40 1 49 -7 -27 -33 -45 -45 36 21 -44 50 -14 -14 16 31 39 21 -33 -33 16 21
-29 -10 16 -31 38 14 38 26 50 -24 49 -14 -3 43 48 50 26 -32 48 -5 45 -28 -5 41 -31 4 36 -49
43 -28 28 -26 -4 -40 -16 -13 -26 1 16 -17 -10 15 -5 -31 -27 18 -26 -28 4 -25 -12 46 -26 -30 32 -24 -13
42 -3 19 -46 0 28 -43 43 44 21 24 -16 23 42 41 -1 -44 -31 18 18 -9 -25 29 -41 -41 -25 -22
-25
34 -26 47 -8 -38 43 -23 21 10 7 10 -35 -10 -30 4 35 9 -44 9 11 -29
23 42 -10 32 -44 30 -12 13 -43 37 -14 -47 2 -31 22 21 34 -25 19 -12 -46 -50
40 -11 43 -2 7 26 -37 -41 39 48 32 22 -44 20 32 25 -29 16 -42 -30 32 7 30 12 34 -48
21 -31 -9 -43 -44 24 20 43 29 6 -17 1 -17 7 46 -21 19 -40 -8 -49 33 -42 -3 4 -38 17 28
-6 32 -40 41 11 -20 -6 24 -1 -49 -30 -45 -45 33 -38 41
-30 -48 -15 46 43 7 47 1 30 42 23 21 -25 -17 29 0 27 36 45 39 -26 26 10 28 -45 -27 48 39
48 27 2 41 -26 27 13 24 12 -37 -49 4 -34 22 -5 5 -3 -35 47 -27 29 -22
-1 9 5 28
-29 6 19 22 44 -23 -8 8 17 5 46 50 50
0 34 30 -28 -8 -9 5 -1 -44 33 30 -22 -46 37 -21 50 -7
-39 -3 47 4 21 -4 -40 11 8 21 -41 -40 -34 -12 -20
32 45 -1 2 20 -12 -11 24 32 17 -35 -35 -38 -32 -12 22 -42 43 44
15 -24
32 44 -35 -1 -21 -8 42 48 33 3
13 43
7 31 37
-43 33 -39 -49 12 -14 8 -27 -38 49 -22 41 -4 -32 -13 -17 13 42
29 37 -10 -17 43 29 18 -30 -11 44 -33 42 42 34 14 -2 13 -14
-20 48 -50 29 35 0
-40 8 21 12 -8 -49 -41 7 -18 0 -20 31 17 14 -46 12 0 -4 46 -46 21 45 36
11 8 6 -17 -42 36 -3 -13 -50 23 11
42 -15 46 -30 43 -11 32 28 30
-14 4 25 26 11 -43 -27 24 -33 -28
-23 -13 0 -31 26 37 -7
46 -31 -50 23 30
-26 31
35 -11
-49 17
34 25
-46 -16 -11 -3 12 36 -7 34 20 17 -26 31 -31 -1 -39 21 -33 26 34 -34 -23 -41 1 -47 11 -16
-11 -28 38 2 -50 -32 33 17 -41 -25 0 -23 -3 -28 -6 39 12 24 6 -4 37 40 6 -19 -21 18 -46 -1
49 22
-16 45 10 -33 -29 -40 -1 12 45 -33 2 -27 -6 -22 48 -1 -37 -10 2 48 20 32 46 -33 -6 -18 -4 33 15
-48 13 -18 13 -9 -1 -46 37 38 18 -12 38 -39 -32 26 8 -5 12 -34 28 50 -15
-9 -46 17 -50 -9 5 -21 12 1 39
30 -13 -25
-29 -32 15 -28 11 24 15 25 43 -14 -35 25 -24 -31 45 -23 -43 10 34 8 -42 26
-12 -9 10 -29 47 -44 -37 43 9 -28 9 41 24 -19 44 25 44 -47 -10 -13 -4 -11 20 50 1
38 28 19 -8 -12 -43 -23 19 36 16 37 35 -14 -40 1 -13 -40 46
-17 -50 19 -40 -17 -35 -15 32 46 27 2 9 -49 23 -2 -3 30 0 31 25 44 19 28 -39
7 4 -15 -38 1 -31 -34
-17 -10 -1 2 29 30 23 -40 -44 -27 -34 -19 23 36 40 22 -48 45 -23 -38 -25 8 -38
-9 -43 -34 -12 -47 32 -9 8 47 -36 -23 -33 16 -3 21 33 31 21 -35 -19 -24 -50 8
25 13 -27 -49 35 13 21 21 -31 -7 -50 -26 -34 -25 -47 -5 -22 34 45
17 18 -48 -8 44 14 -50 35 -33 -5 -12 -9 -49 -5 -17
46 34 -1 11 18 -22 37 -10
-43 31 6 8 -17 -18 -31 -10 -21 24 -29 -40 3 41 -39 23
-13 -27 -11 47 -31 -11 3 -45 24
-47 20 -24 48 -23 47 28 21 -32 -47 -8 33 49 -21
-36 -40 32 -44 25 45 -37 21 -23
26 -44 -33 -31 -31 33 -45 -30 -43 45 -23 17 48 -25 -10 38 -4 42 34 -10 -7 -45 -45 46 -43 7 37 -44
-32 -41 -31 28 42 30 -7 37 -19 5 -4 19 -25 3 16 22 5 36 10 34 9 42 -24 -39 42 -40 32
48 -3 -15 18 -28 10 26 -2 -10 -16 -11 45 -10 36 6 -2 -12 -23 1
7 1 -10 -20 14 1 -19 -38
-48 43 42 42 1 12 5 46 -24
-50 -25 -15 11 -28 -8 -9 -13 8 -42 19 -30 22 13 -47 30
-14 43 11 20 -28 -19
-33 -15 -18 -28 -7 36 31 -1 43 46 -8 20 -45 22 -8 30 -38 22 -25
-17 3 15 -45 26 -34 42 -21 37 37 25 22 -29 -33 40 -15 19 -47 49 1 -17 23 27 -25 -16 19 -44
6 -10 48 -15 30 47 -7 -7 9 -21 -3 -25 -15 4 -38 -21 -22 -29 6 -41
24 9 13 -50 0 -25 41 45 -32 -28 -15 8 -4 23 32 -6 37 46 5 -19 40
-19 6 -16 42 -32 44 12 -27 50 -2 31 46 45 -6 45 4 35 -8 -50
41 26 -24 -9 14 -12 -46 -5 14 -45 -23 46 -18 25 27 -1 8 49 -29 -7 -37 22 48 -14 -50 -39 -9 -21
31 -44 12 -44 47 49 21 27 -25 6 38 -2 -11 37 -43 8 17 -37 23 -17 16 -32 45 -46
-38 -44 -3 -25 23 -31 -38 -47 36 -35 -30 30 -42 -8 -28 -15 16 20 -46 17 7 -30 -26 48 34
14 -41 -5 32 4 -3 -16 -14 -12 50 -48 31 -14 -9 19 -17 -3 -49 1 26 -44 46 35 10 -40 27 -3 -8 45 36
-28 -42 41 48 37 37 44 45 -38 -25 17 -7 23 -16 20 -47 -2 -28 -10 -6 -40 -43 28
-8 -46 1
17 -39 20 -38 -46 3 -38 -24 32 -34 26 -19 24 -29 -36 -32 -34 34 38 -34 39 -37 50 -12 43 23 2 12
-23 -22 35 38 34
3 31 49 4 32 32 -46 -25 47 11 15 -32 -47 -47 -39 17 -5 -27 5 -11 -41 -38 34
-1 19 -45 -11 9 -34 -32 2 39 29 -43 10 -42 -41 24 -2 -33 -47 32 50 -41
24 32 26 -28 -49 15 -37 -48 11 6 -27 -7 -29 21 -43
4 23 -27
17 -2 44 -37 33 -11 5 5 -27 44
-21 15 21 48 21 -34 -7 -19 24 24 -41 -29
17 -48 -24 13
2 30 -12 26 10 25 1 -41 7 13 43
-14 -47
4 15
-50 -32 -39 -39 -45 28 24 -27 0 -23 20 17 39 0 11
-8 37 -10 -27 -9 31 50 -27 23 27 7 7 42 21 39 47 41 -27 8 -40 36 -23 24 -21 -40 20 -15 21
23 34 -4 25 48 21 20 -34 48 35 22 -18 11 -48 -34 40 10 -44 22 44
8 0 22 31 17 -47 9 17 5 44 -31 19 -40 27 -9 38 24 -12 -34 -37 -14 42 24 -28 -47 40 43
-33 -20 40 7 37 24 -11 8 29 -28 -1 33
11 48 -13 40 43 30 -16 -19 21 -39 24 21 12 -21 -7 -36 -2 -33 3 6
-32 -32 -24 47
-31 18 50 28 15
-12 -45 16 -50 13
26 22 3 41 42 -4 40 -23 -43 -29 28 -17 17 -4 -5 -4 19
50 3 16 0 37 -25 -1 47 31 -38 40 13 50 25
-11 34 -44 -22 30 -23 40 -37 -50 6 11 -23 41 8 21 -15 -12 21 4
-17 -3 -14 -36 1 16 22 47 -46 44 -47 -43 -23 -26 21 -28 28 42 42 4 -30 5 1 -44 29 -39 5 -27 15 -6
-50 -30 -27 -26 13 9 15 -8 43 9 -30 -9 -26 -11 28 27 25 22 -15 34 -26 -26 45 -40
34 33 1 -44 -46 -37 -45 -13
13 24 41 -6 9 -37 -34 42 -5 -22 26 43 14 -35 20 19 -27 20 -7 -48 38
-3 -12 1 -7 -14 -7 19 47 50 -49 -10 -5 6 -15 -29 -40 2 47 -18 13
-49 8 29 15 -40
35 -42 38 37 36 19 13 -26 9 39 -4 -41 -22 -25 31 -22 31 41 49 28 44 42
-34 -44 37 -29 -34 -21 5 -10 -19 -13 24 -27 44 14 40 0 -34 29
42 -43 36 35
31
41 42 -9 -49 -32 17 13 -39 -18 -19 -9 14 -16 -26 24 -15 2 41 -3 14 44 18 36 -47 -49 -18 32 -5
36 44 1 8 -1 -41 -5 -3 48 -43 -10 24 16 -20 14 11 46 2 17 -28 -13 -28 -6 36 -14 -40
19 -19 -44 -33 31 -22 14 28 -31 -33 -49
-16 -23 39 9 -36 -10 -33 24 -19 41 42 20 13 -13 -15 30 13 16 1 -32 -16 -26 -26
-19 19 6 -35 -27
-13 -15 45 -25 39
30 33 -29 30 -41 11 16 -36 39 23 -35 -11 -14 -49 13 29 2 -4 -6
13 -42 -40 9 -42 41 -29 14
8 16 24 -2 12 -13 23 -34 9 35 -38 -12 -2
46 -14 13 18 13 -28
10 -37 -29 -2 -34 41 14 -48 -40 -10
-29 46 -28 -47 -29 6 -28 3 34 43 38 -39 -41
1 -38 -21 19 -30 -18 36 48 -16 -24 -2 -42 8 8 25 -37 -50 2 -8 42 -7 0 -39 -12
-27 -28 -7 -37 39 -35 -10 29 -40 -18 38 -46 -41 20 -43 -11 2 11 -14 -31 -28 28 31
25 45 -14 -38 -7 31 37 -36 46 -7 21 -18 2 -24 -37 -29 20 32 -3 30 -26 -49 24 26 4 23 -26
-3 42 -23 10 -1 28 34 -39 9 24 6 -33 -16 26 41 -27 -30 21
-25 48 10 -24 21 -42 -47 -11 49 14 -8 47 13 4 13 18 39 -33 -9 -10
-6 23 -25 30 -29 -27 -29 -26 35 21 -43 -5 -43 0 -20 20 19 -39
44 47 -12 -47 -23 27 -15 -11 -34 31 47 2 -41 -47 22 -8 41 -11 38 -19 -30 0 -3 48 -30 -16 24
-23 30 -12 -31 46 7 44 18 -35 -42 46 -40 -22 -48 -20 -9 43 -41 -15 -29 -35 -50 33 1
31 -18 44 31 -44 35 20 13 40 -50 -25 27 11 -47 -42 14 44 24 -46 20 -50 34 -20 -45 39
32 -13 -17 -48 27 -23
-29 31 -45 -29 -42 6 -40 12 4 -33 -11 25 -8 49 9 40 -37 29 11 -17 -50 40 -19
-42 7 49 -36 -41 -25 -8 26 40 -36 -12 1 28 40 26 -31 -21 12 -22
-20 8 24 7 -6 4 12 2 -44 -9 12 -25 23 -20 -30 -17 -29 -49 20 43 -22 7 13 -19 11 14 -12 -10
-9 48
14 -35 -5 28 -30 22 -23 35 20
41 -50 5
48 -20 15 34 -26 43 25 -46 -9 -43 -33 8 -43 35 -13 43 -24
-35 30
35 -15 32 -33 12 6 38 -6 -32 -27 -31 22 -20 38 32 9 -50 20 35
34 6 6 47 21 1 14
-19 34 -29 -48 -31 46 -15 11 6
-12 -19 -18 23 20 41 -39 49 -20 30 -48 -24 -8 38 -16 14 -32 -33 37 -40 -12 13 -46 -38 15 -12 -45 -6 38 -12
-19 45 1 4 -44 48 -16 -34 7
-19 -29 -29 -17 -11 24 -39 4 -12 -9 43 12 17 -1 36 -47 34
27 -8 2 8 -7 27 -42 13 -46
25 24 48 6 -48 33 -9 48 25 -29 43 21 -17 -30 -37 40 -43 -36 43 -29 13 -31 43 -39 -36 -30 -39 1 -24 -37
13 -23 -43 40 -28 -15 42 6 -40 35
3 40 -49 -44 -41 30 -28 16 39 -6 9 -23 -2 17 22 -43 11 47 -35 38 13 29 -12 -40
-46 -45 28 17 -7 12 -40 -50 3 -29 -27 -15 -12 -22 36 -1 8 -48 -21 -27 -37 0 8 -19 7 10 31
-26 -3 -44 -2 11 -20
-22 -14 38 8 9 -38 2 26 0 43 22 42 -19 -9 -7 36 -10 22 3
-40 12 22 27 -37 -43 27 0 20 49 -31 -17 17 29 -9 19 35 8 13 -29 -25 41 50 21 -35 -16 -38
34 17 -25 -27 9 -40 21 -32 19 15 50 -50 -42 -40 -40
33 45 -44 -18 -19 -19 35 -40 23 -48 12 2 -12 7 4 -18 -45 23 -43 -44 14 36
-5 -41 2
-5 43 16 -6 -34 -31 -41 -14 -6 24 22 2 -32 9 -16 -34 5 -7 41 35 14 -27 -31 37 6 45 42 23 -5
-24 -27 -30 -19 -15 24 19 -47 -37 18 -37 31 5 -45 25 25 -40 36 -50 -16 -16 29
6 42 -27 -22 -13 34 -26 0 -30 -32 42 12
18 -26 -29 37 40 21 47 46 18 -31
-18 -28 41 19 43 -49 -38 1 -44 38 -47 -24 -39 46
25 -16 45 35 -39
46 -49 0 -2 -49 -12 18 -36 43 -2 -32 -17 39 31 43 -37 18 25 -33 27 -29 9 -9 -26 23 26 -29 -48 -18
-11 -32 -37 5 -42 -12 -26 -27 23 -8 -16 -45 -39 32 5 17 -30 38 -6 32 48 27 -5 -28 37 10
-13 28 -15 15 0
7 -28 -4 -40 -1 33 37 14
-30 -41 -23 -6 -12 19 -20 5 -20
38 -21 6 46 -49 -17 5 10 -11 -30 -22 -5 5 -28 5 32 1 4 33 -1 47 28 -7 50 15 -42 13
27 -49 -9 46 -50 -33 0 40 30 11 -50 5 -22 20 -21 -37 25 -50 38
-46 39 35 -42 -32 12 -45 -48 -42 11 -46 22
-3 -6 -3 7 -46 34 34 -28 -17 -31 32 -22 -50
39 -34 -41 14 -37 5 31 9 -17
15 -42 -8 46 48 21 -4 25
-46 48 -28 39 39 -24 -45 32 -41 -23 25 32 -4 -25 -15 -11 12 39 2 -13 40 -35 -19 35
1 43 48 14 4 50 -9 -47 -30 -14
-29 -29 50 -45 -2 18 -42 -39 -23 -32 46 -30 -22
20 -50 10 -6 -18 29 -21 33 28 25 29 -4 -40 -35 49 -32 -7 34 24 36 -50 13 -8 1 38
-15 5 26 -1 -37 -29
10 44
-18 9 -11 50 -30 9 11 -37 25 -50 21 47 -24 13 -18 -6 -41 -16 16 12 36
-1 37 40 -48 -8 -17 -20 -46 18 3 -36 -3 -28 16 9 46 30 -45 36 -14 15 25 -26 38
20 -49 -6 16 29 7 -48 39 -12 19 -24 -6 -26 39 -5 -14 44 -12 -3 31 44 -23 -6 -24 46 -14
38 -37 -17 48 44 -17 -35 -32 40 47
35 22 -50 -47 -12 -44 14 -8 43 -40 -26 36 46 38 -16 11 -1 -45 -10 -6 -34 -8 38 -43
40 14 32 -35 12 -16 -35 45 19 29 -47
-6 28 3 33 -20 21 29 -33 -36 -33 21 -37 -39 -6 -37 -15 -29 -34 -14 -42 1 24 35 -21 15 49 48
35 -27 -9 -5 46 -47 29 13 -20 49 29 15 25 -10 -46
15 -46 5 20 23 -50 36 -34 -1 -13 -23
48 -25 7 11 12 4 -9 -20 36 5 24 3 -30
14 49 37
-4 36 16 5 -29 48 -12 9 26 -28 2 33 32
48 -34 -12 31 -25 8 14 -10 5 37 49 24 -2 -11 -7 47 10 -39 37 -40
-38 27 37 33 -47 46 -18 35 -37 29 -46 -32 -16 7 48 -23 10 11 22 -40
-30 -24 47 -35 34 50 27 -2 47 -12 18
-20 22 22 -3 5 32 13 28
-16 29 50 24 26 -12 8 -27 -4 -1 36 -44 6 3
-12 36 2 5 -25 37 44 26 5 2 -21 30 -45 -4 8 -5 -47 21 -33 1
-20 27 23
2 38 -47 26 -35 40 -15 -31 -22 -33 -18 -13 13 -2 -25 30 -7 15 -34 -12 -21 -12 -31 -25 28 34
49 -29 -40 48 -9 40 -4 -44 20 3 -50 -32 -18 23 -22 45 30
26 -12 -48 32 -32 -13 -35 16 -32 -34 -49 48 -9 -47 -18 47 2 20 -2 -7 4 -44 -29 -3 5 -13
12 -8 -9 -9 0 -2 -46
-7 12 24 22 2 -14 -15 24 12 -22 39 46 -36 22 15 13 11 0
-23 -23 -17 48 -35 -36 39 -40 -46 -2 -9 35 -18 -29 -26 -19 25 26
-41 -17 33 20 -46 -33 -33 -18
17 6 30 -29 -10 43 -1 10 -3 31 48 -24 -1 -29 10 -39 43 -24 -42 27 23 29 -44 37 28
-50
9 -31
-46 -32 47 46 -38 18 -12 49 42 -38 -14 -8 24 -7 47 -22 -31 -30 -11 -24 27 -10 -25 -3 -30 -41 16 26 -40 25
4 20 21 30 21 47 15 -20 -48 -48 -27 -24
1 44 23 -9 48 22 -13 17 44 43 6 -29 36 -13 -10 -9 30 -48 47 40 36 -22 -3 -50
-29 5 18 10 48 -7 -21 29 26 29 25 -28 21 -1 -26 35 -10 -49 8 4
4 6 -40 0 -13 20 25 28 41 39 -39 -40 24 -16 6 38 12 32 -40 37 -20 0 -30 -13 49
-43 -13 38 35 -29 -3 21 37 22 25
47 -27 46 -22 47 -1 -12 -10 -15 31 -22 -25 37 -7 -47 -41 -34 -6 -25 -14 1 30 22 21 1 22 39 8 47 -49
10 32 42 -25 13 -34 -41 2 4 19 -46 33 -19 16 -26 -37 -23 -7 -12 26 48
-14 -49 -27 -42 21 36 25 -5 3 -22 -21 -43 -25 -26 34 17 -20
-32 -49 19 40 47 -32 26 -18 -42 41 -21 30 -17 44 40 39 1 -5 22 -33 13 19 32 30 43 45
50 -12
-39 -2 27 -23 -15 -19 32 -43 -46 15 18 -8 -4 40 -17
-41
35 35 -15 38 -37 49 -35 -23 -26 -46 48
14 13 -23 -29 48 -36 -9 -30 -6 24
38 49 12 8 17 17 -9 22 -40 36 -21 8 -10 47 40 18
-37 48 16 -44 25 -22 1 -8 -46 -25 14 -29 40 -49 17 -18 -4 22 35 1
50 13 -1 8 20
8 20 45 6 -9 -11 -47
31 -28 -10 -15 -15 -8 19 10 45 7 -12 26 46 -8 4 -13 -35 -46
49 -20 -27 25 -19 13 -42 -6 -50 -15 2 -32 39 -44 43 -16 -40
-21 -46 25 40 32 -17 36 15 -19 12
-28 21 36 -43 -48 -11 -26 35
46 -39 43 5 -4 2 13 -50 -47 28 27 28 -23 -35 13 41 -21 -44 20 21 -1
33 2 46 18 36 -21
-4 -24 -45 44 27 33 -4 -36 -19 -45 31 27 -11 -19 48 -13 -37 19 -19 22 -44 4 29 13 -11 -39 -5 -44 19
46 -46
-26 11 15 23 -17 20 -27 -32
8 -17 18 40 -40 48
-42 -19 -40 15 23 45 -41 -26 -16 -25 2 -29 10
20 18 30 1 -22 13 -19 -29 40 26 31 0
-24 12 44
-39 -23 33 -33 42 39 46 -12 -15 18 8 -27 42 -37 -14 15 -14 4 40 37 -32 47 44
-31 24 2 50 12 5 -22 38 -46 13 0 -26 -2 19 31 -28 4 38 27 -2 -29 -29
-11 46 1 5 -30 -20 36 23 -44 40 48 -41 44
7 7 7 -27 -13 -37 38 -22 -46 27 -50 -49 1 29 -27 27 32 11 -49 40 50 34 12 -46 27 -48 -19
-11 -34 -8 14 47 34 41 -45 8 -6 48 -21 17
39 22 36 42 -46 -31 30 7 1 -2 -46 -2 -11 28 39 11 -37 45 -41
16 15 -37 -48 12 36 46 -39 31 -1 -5 48 -2 -13 -44 24 44 37 1 -40 48
-43 -27 30
-28 -48 37 21 -49 -23 -9 -34 15 45 -39 31 31 27 -33 10 47 -48 10
38 0 -17 -43 40 38 -12 -2 -38 20 -14 -32
-48 -32 4 37 46 -18 -39
-36 -2 -4 0 -44 -29 14 33 33 -10 42 18 -34 41 8 6 32 -13 -48 20 -50 -5 -10 14 15 0 -20 35
17 -30 -26 35 -46 27
13 -49 -23 -1 -6 19 49 -20 -4 -29 -38
-8 -43 22 44 5 -34 -6 -1 -43 22 17 -43 -25 -38 46 -30
29 -13 -49 17 -32 -41 22 46 25
-38 -17 -37 -34 -47 48 34 5 -11 33 -43 -12 -47 16 -11 -44 2 -42 14
20 3 -28 33 -17 23 17 32 -21
-7 36 -24 -21 -29 -12 41 -13 -34 -30 16 -24 25 -16 -16 38 -18 37 -18 -48 -34 27 16 3 -3 22 33 -29 -36
-6 9 6 -5 28 12 -18 31 -28 24 -1 50 -33 3 43 3 -7 20 20 -4 -32 40 -3 -29 -7 -31 -16 14 21 -48
-36 -14
-4 -24 34 -8 -19 -8 -20 -17 -50 -6 14 -7 35 37 1 30 31 -10 5 -40 -26 50 -17 -13 -10 -8 11 5 -30
-39 -50 35 20 20 43 -49
-31 35 6 -34 26 3 -15 -31 48 -3 -6 -40 16 2
6 31 43 -45 5 1 1 -23 -14 -38 35 0 -19 16 -22 -40 23 -50 27 -2 25 -11 -5
38 48 -1 14 -4 -12 24 28 -3 9 42 -5 30 10 -26 27 -20 -15 -27 -4 30 13 22 -16 -47 -1
-19 -50 -10 -20 -19 -50 -25 -11
34 -50 34 -19 -25 9 39 41 9 36 11 41
-12 -41 4 -38 -23 29 37 7 35 -26 16 -49 -3 7
-24 7 1 -7 -32 -33 -37 14 -30 18 35 -48 -25 38 -27 13 -44 -38 40
4 5 27 34
7 -31 14 -50 39 39 -24 17 -22 -9 -5 23 -27 -3 -42 16 48 -24 -37
6 36 -30 -35 47 24 -6 -22 42 31 -26 -14 -35 3 -49 -12 10 40 14
-1 38 34 -24 -48 -11 14 -6 42 6 -11 14 -43 35 20 -48 44 50 9 -41 -35 -17 8 -31 23 19 2 -18 47 47
49 36 -49 33 -26 -44 5 4 -31 -15 6 -14 -11 39 -2 6 12 -17
22 -6 -33 -31 45 22 0 42 -1 -23 -23 -21 43
44 -39 -37 38 -29 -37 18
-50 44 -49 1 -6 -23
-45 -38
-37 -46 29 -31 36 33 -38 -20 -31 -49 39 -42 42 -33 11 35 40 -10 -23 21 -24 50 -25 -33
50 -20 33 28 -27 40 -16 11 -25 12 16 -42 6 -20 -5 20 15 -11 0 -33 -26 -48
-18 -16 -40
-15 43 -47 -16 -5 -32 -15 -21 -18 -3 -3 -28 10 23 21 6 36
14 -24 50 -49
6 10 46 29 5 11 -21 -11 25 47 20 23 19 -7 -50 -35 9 45 -25 -33 27 -43 -15 -20 30 36 -35 41 35 24
31 8 -44 -3 -26 -26 -4 -26 -3 -34 -45 -10 28 -50 -23 -4
-2 -25 -37 -41 49 21 -42 -33 3 2 11 -37 -4 -20 26 -25 -6 47 -23 6 36 -46 -38 -6
47 -27 7 -32 32 24 50 -43 38 -35 -17
9 -5 -6 -13 44
-36 15
35 -45 -41 -27 -28 -44 -20 -25 40
9 30 2 33 45 24 -22 6 2 35 19 29 0 6
25 -21 11 -22 8 17 -18 40 -30 -34 -1
39 -26 19 -11 34 19 -6 16
-29 -33 44 -40 -23 6 -42 -18 12 29 -35 -38 -8 41 -45 10 -49 -7 -24 -18 -3 13 11 -6 24 25 -32
-39 35 -30 5 -19 8 -28 5 -25 44 -6 41 -41 47 33 -33 35 -12
13 -43 31 13 27 25 18 -38 -30 42 -26 5 -8 3
-18 17 -15 35 -38 -12 -21 -37 -39 32 37
37 -10 -42 -22 -1 -7 22 -30
-14 20 0 -24 16 -9 -41 14 -11 -33 -49 26 -30 32 -44 31 -18 -11 23 21 -12 27 28 -49 14 -34 15 3
11 -27 27 46 36 48 40 -4 -1 -35 13 -4 -9 16 10 -26 45
-32 49 11 14 -38 -26 22 2 -27 -18 -48 37 -37 -9 -29 25 -39 -24 -21 -12 -13
-10 4 -8 43 -6 5 40 30 -3 -24 22 -28 32 -12 -2 18 20 -35 27 24 49 -46
38 7 -30 39 -30 -46 15 -50 -50 31 9 11
35 28 -4 22 -13 -33 39 -19 34 31 43 49 15 41 -30 -5 -30 49 -48 -2
21 -31 19 -42 -2 -50 -47 -15 -32 -18 2 45 10 50 43 4 6 26
40 -34
-33 -7 -13 26 3 3 28 -49 -50 -4 -45 24 39 -17 37 49 25 21
27 45 27 -12 -5 -20 -23 49 -31 8 -29 30 -16 31 -21 -6 -26 10 -12 -31 28 -14 -38 -6 24
-16 29 -29 42 30 22 -30 -25 43 46 -38 -23 -35 39 47 29 45 45 28 -6 -8 -22 42 33 33 -14 35
45 34 47 -27 -42 22 -43 41 -45 -30 -49 -40 -18 6 41 -27 -18 -24 -39 -42
8 -50
-13 14 -44 -31 -45 -46 35 22 -28 -20 17 -36 -34 -36 -6 -11 4 -44 20 -35 25 -21 38 -42 14 25 8 25
31 26 21 29 -7 22
-17 28 -33 12 39 -29 -34 7 16 -32 -26 -30 -9 49 27 14 36 -27 22 -26 -31 -15 13 -8
19 -28 -1 -35 3 50 -33 1 36 39 6 38 -29 21 4 -48 3 -2 -16 -7 -1 -27 -41 12 -29 -7 -3 44
-10 -4 -22 -5 39 40 -12 -13 -24 43 12 -17 18 -38 44 39 -38 -22
-24 -28 -45 22 2
-11 41 33 -22 28 -6 -49 -38 -22 42
-35 -37 11 29 -36 31 9 -42 16 27 -37 29 12
20 50
-24 -7 27 -35 -31 24 36 6
32 -21 -20 28 -38 -31 -13 -37 31 19 14 15
-22 26 -34 -23 40 15 4 18 1 -38 15 -6 -21 -50 7 -41 34 19 43 -32 -25
-9 -10 -5 -30 -9 15 -37 36 -35 1 2 36 46 10 -43 22 46 50 19 -21 -46 1 -20 -47 -35 -13 31 47
25 17 -8 25 -12 45 49 -10 41 28 -7 -7 -27 -35 -43 15 -5 -9 -5 -2 23 -30 1
-41 47 -2 22 49 2 12 -46 18 4
16 16 -47 12 10 -10 46 26 46 -21 -3 -1 0 -36 -14 -28 -17 -5 27 9 -30 30 -42 49 38 -11 -30 48
43 22 -27 -50 -33 9 46 -12 -29
37 41 38 -21 -40 38 27 0 -26 -7 -6 -9 38 -19 7 -8 -2 -26 -13 28 -43 3 -5 42 -38 26 48 -31 -19 -1
9 -20 33 13 -46 -22 37 40 -30 44 5 39 18 32 -18 -48 47 -33 -17 -24 3 -13 47 0 -19 -38 43 33 36 -11
-38 -18 44 21 -49 11 -48 11 8 -2 -42 28 10 -34 -24 34 -28 4 42 16 39 33 -1 2 -20 27 -1 44 40 30
13 7 24 -44 19 -34 -26 -27 22 -14 50 17 -27 2 -18 -4 -46 -14 31 28 50 -24 -47 38 -35 -29 5
10
16 -10 6 47 -33 0 -6 6 -41 -20 12 26
-46 -46 25 44 20 -13 -24 1
-42 -39 31 8 25 29 -1 -35 -17 -21 6 -50 40 25 47 36 20 24 -35 -11 -6 11 -26 -49 -37 22
-27 21 -36 12 -31 28 -50 14 2 21 -46 -50 -23 -14 -27 -22 5 -28 -23 15 -42 -29 -29
-28 -43 45 -48 -48 17 -32 -26 -36 29 -4 -27 23 -33 18 -39 15 -21 -24 -14 27 8 12 11 17
-6 46 -29 7 -4 -25 -42 40 18 38 20 30 45 -9 3 -39 -32 49 -19 33 18
7 3 -35 4 -6 0 -49 -10 -32 30 -10 36 -38 32 20 -47 0 -13 -37 17 -39 11 -31 -36 33 -21 -49
22 -24 -28 -7 47 48 -47 -18 -49 -47 -19 -22 -21 -28 -10 23 44 15
25 32
-40 12 -20 49 -26 46 -32 -14 -31 12 -38 -35 -24 9 8 20 38 20 -48 33 -22 -46 17 -34 -7
-44 4 -27 47 6 43 -3 -32 3 -7 33 7 -23 45 -32 34 -4 6 -48 43 -17
-38 39 -17 -31 -16 -7 -18 -19 -21 2 -32
12 35 -21 -47 -46 41 34 -13 -4 30 1 -35 38 -37 -5 -32 -39 14
-11 -50 2 -26 1 47 -7
38 -3 17 16 -44 -6 25 48 26 -19 -15 -8 -32 27 -16 -28 -27 30 45 -19 -37 -44 31 -33 30 26 -15
24 -22 36 36 -44 16
-23 18 39 -31 44 34 -48 18 -28 -45 -28 41 10 -49 -11 -26 -32 19 -17 28 -13 48 30 -31 -14
24 -50 -36 -35 -32 12 44 -9 18 -7 44
-23 36 -47 -16 -21 -48 8 -26 5 -14 -8 -10 26 48
-49 -34 35 39 35 -2
-37 -42 35 15 37 10 -1 14 32 -46
5 42 19 43 29 22 -19 49 40 38 32 -24 42 -32 -33 -21 -38 -33 -9 -13
16 -43 9 10 -32 -24 46 12 21 -46 -41 32 -40 -38 -11 13 19 -5 -15 -11 -4 -12 23 -49 31 -41 -27 8 -50
-42 -38 18 46 -41 -34 44 7 -37 -27 -16 47 -38 11 44 11 8 17 -16 44 -25
-36 11 2 -33 20 47 -12 -32 7 12 35 -43 -31 2 -8 -24 27 45
-5 -27 11 -10 -21 41 -25 -45 -45 -28 -17 28 -20 42 15 -10 6 9 36 11 44 -45 14
-7 -13 31 9 35 -33 -23 17 19 36 15 -27 -46 45 -46 -5 4
-40 -50 7 41 -26 -48 -8 43 -17 10 13 -31 1 43 -41 -5
-12 29 -38 27 24 -41 -31 -19 -44 43 37 31 -12 48 -1 -32 21 -43
-3
39 4 -48 21 -18 18 26 35 -7 6 8 -38 45 -29 -9 47 -37 20 12 44 31 -19 -38 -4 -27 -6 -11
5 37 -36 -11 17 -7 -44 -24 1 10 41 3 0 41 18 -40 -5 -24 3 44 -11 35 -36 -16 -50 -48
-25 -7 -36 -46 -42 -26 24 -25 8 25 3 -40 18 39 -23 13 15 -43 -48 -4
-1 19 -41 -49 -8 -12 -5 -23 -32 -1 46 23 -28 -21 0 14 -17
-10 -7 -32 28 18 30 -40 20 -20 -37 -32 28
4
17 -2 16 23 47 5 -8 -22 -8 2 -7 -40 38 19 -25 -11 47 -27 -13 -4 9 -23
-27 -14 4 -13 -43 41 13 42 -23 13 45 6 -41 5 29 -24 6 18 -28 -7 10 49 50 22 -33 43 -7 43 2
-8 -47 -31 -35 -30 -6 19 12 49 28 22 26 9 2 13 -19 -5
24 -33 -28 38 1 3 8 -49 -44 -18 29 31 49 -42 -8 -42 1 15 -15 -41
40 31 -43 -31 -12 -10 -14 16 10 3 44
-41 -2 -3 -30 -3 -30 40 41 26 7 11 -2 -38 -39 -29 24 16 -25 -27 -21 43 -16 -12
38 10 28 -14 49 -36 -23 10 -43 19 -15 -15 -25 26 -15 -11 4 2 -19 -47 16 -45
-6 38 -29 -13 -49 -12 -3 -36 -28 -18 -45 37 -24 15 49 5 12 -20 40 37 18 2 -39 -49 42 25 42 -31 12 -19
7 49 -14 35 -2 -40 -49 -44 35 31 -32 -17 23 16
-37 25 26 -25
42 29 -36 15 -42 -44 45 31 7 13 -13 -43 44 -20 26 41 -36 41
7 7 4 -45 -48 21 -20
44 -47 43 17 -28 49 7 -29 44 49 -7
-25 -43 -11 3 15 24 -37 20 38 39 -23 -4 3 19 14
27 49 17 8 10 -25
-50 -33 -11 -23 0 23 -19 -4 40 -27 48
-27 -40 6 48 23 -45 -9 -33 -15 32 -29 -43 20
50 -50 -10 12 41 22 -13 -10 -44 18 -10 -23 44 41 23 -36 47 -30 3
17 35 10 11 50
47 -1 10 42 -26 -2
-38 -40 8 12 -45 -20 43 2 2 -24 -38 32 -26 5 -29 -30 42 -28 -39 10 44 29 30 -10 3
-27 48 47 -40 -12 9 -27 -32 2 -33 -49 14 -20 -47 -47 -8 -6 13 -4 4 44 4 -3 28 -37 47 17 -40
44 35 -44 16 8 -22 22 -14 33 -10 36 40 0 38 -7
3 -28 33 36 -21 33 26 -42 -32 -2 -40 -17 23 -26 -12 2 3 -31 44 39 -42 3
-3 42 23 -10 -45 15 -31 -20 -28 6 36
-28 45 -25 8 -39 49 40 48 -46 -48 48 21 25 16 32 6 25 37 -26 47 -8 -29 -2 3 -48 -20
38 40 8 22 25 33 -26 45 21 -48 -47 -44 -22
12 -29 26 10 -29 -10 -7 39 19 12 34 2 30 -28 13 -46 -40 3 10
7 7 -42 -49 42 22 41 -41 4 28 17 -15 -7 33 12 -9 -13
38 44 -7 38 -9 -5 4 30 38 -8 42 3 -46 -29 -49 -30
-7 44 27 0 19 12 49 18 -17 -48 34 37 47 1 42 -41 -11 31 24 38 48 3 10 15 20 -21 -29
46 47 12 44 -34 -15 -7
18 -8 -42 -39 -31 -7
-48 33 6 -13 36 -45
-17 -29 16 -19 -37 5 -16 49 29 -50 -47 -1 39 -18 -25 27 -27 23 21 3
-45 -47 -21 -40 47 -24 31 41 33 -37 35 -42 49 23 -4 -38 21 8 14 -1 -10 9 33
49 34 -38 11 28 14 -43 15 10 -32 35 -39 25 47 21 45 35 -31 21 1 48
44 30 13 36 -31 -50 -40 -2 2 -25 -8 -48 -6 -45 18 -1 13 35 27 -16 10 22 -11 41 50 -20
-6 11 43 39 26 8 42 -38 -50 -21 22 27 35 -34 25 12 31 12 3 -18 -1 6 -7 -30 30 40 23
28 33 4 -42 8 -17 26 -11 14 -42 -29 35 37 34
-8 5 -43 25 39 -22 6 -33 46 -20 4 49 4 -10 -38 37 49 44 27 -10 -11 34 -9 -34 -18 41 -40 29 40 37
47 -26 9 -10 -38 -8 -2
-11 -23 -27 30 -22 20 -27 21 -32 11 12 -50 18 -39 -34 -31
31 -19 -10 50 32 25 7 -38 11 -21 -22 7 6 4 -2 0 31 6 12 -34 -40 18 -12 22 -36 12 50 -26 -25
48 40 32 -29 47 6 46 -6 6 -19 -23 -20 -28 -24 -21 -44 26 -13 -33 48 -19 -2 -5
44 -6 -43 -18 3 -45 34 -48 28 -41 -19 12 45 -30 -5 -21 -25 33
-7 -20 -2 32 13 44 -3 15
5 14 -9 34 36 -5 30 1 14 16 -7 23 24 1 20 -26 -50 32 -23
20 -39 -13 -38 -24 -22 -36 -26 21 -5
49 -38 -14 26 -2 -28 -32 13 0 1 -29 -31 -41 14 -2 23 -2 15 1 -13 -10 17 43 11 45 -41 -36
-21 29 -14 0 -48 -11 -44 32 45 4 -20 17 -10 -24 -34 50 13 44
36 46 23 32 -6 47 44 -48 33 -28 40 -40 -5 14 39 28 7 -48 30 -30 46 1
-14 -46 49 -13 40 -27 11 -3 8 -32 -29 -18 -9 49 -39 -50 38 50 -4 -49 -8 -11 7 25 -15
-24
45 37 -2 -49 -24 22 36 12
-27 37 21 -28 -45 5 -2 -19 -22
40 -21 -14 44 20 14 -26 25 1
-5 28 -26 -45 25 48 3 -26 -2 -50 -17 -11 47 -27 31 13 -11 -33 -28 34 10 -32 12 13 18
-22 -42 43 -21
-39 -48 13 -14 -8 32 8 -15 -2 50 40 8 -16 10 -46 8 -9 -19
2 19 21 39 -41 -32
5 35 -43 15 -26 -25 -14 17 25 -35 -8 -23 -11 35 40 -29 3 -50 31 26 -44 -36 43 29 -30 8
-42 45 -33 -12 -26 -5 -8 29 -33
1 -43 -27 34 47 50 -37 -47 -19 10 13 -8 5 33 -22
48 -6 26 -47 -40 -14 33 20 -17 8 18 -27 -30 -27 -34 2 45 -34 27 43 -27 41 6 38
42 -9 -8 -40
6 23 -11 -6 3 14 25 19 -20 -36 47 -38 -35 -30 30 2 -47 -14 -42 20
-50 22 -47 -36
-29 15 3 37 -6 19
45 -29 7 3 -40 7
24 -16 -39 13 12 -22
-38 -27 11 -2 7 -7 23 5 44 37 42 26 -45 43 26 -41 -3 22 -21 47 -48 -12 -24 34 -34
21 -7 16 -16 32 11
23 15 -37 22 43 -36 40 -2 -32 -40 31 35 32 -48 10 3 -7 -37 -42
-25
2 27 -48 -32 38 28 -10 46 -46 -33 -2 5 5 27 13 -20 -19
36 0 -33 -20 -42 47 17 -43 32 -31 36 -7 43 39 -13 30 21 -44 -4 -47
-24 -43 46 -4 -41 27 13 1 30 48
13 40 7 15 22 32 -16 -8 -2 -24 -32 8 -37 47 16 -26 -25 40 14 9 24 -21 29 3 -20
-47 -41 29 -47 -50 -19 49 -3 -28 25 0
-21
-16 -50 -37 -3 -1 -1 7 21 29 -42 34 -31 46 35 11 -46 4 -31
-29 -45 40 5 25 -43 35 11 -1 13 16 26 30 -8 39 43 11 11 -32 5 -37 15 -44 -32 44 45 43 25 46 9
39 -31 -31 -35 36 49 -8 27 34 18 -25 37
47 -9 -29 -32 -28
33 12 -35 -48 24 -49 -43 -2 -45 -49 21 3 16 -49 -42 -28 -9
-4 -37 29 -35 5 -24 -29 49 50 -41 39 42 13 -34 -6 -39 0 -23 42
-34 -24 -6 -37 2 31 -6 -49 33 15 30 -31 24 -46 8 -28 50 -12 46 -7
49 33 -5 -7 13 -48 35 -42 43 26 -44 -2 -4 48 42 -7 31 15 -29
43 -26 23 0 -29 0 -7 -34 1 -49 -20 -22 47
-36 11 -18 30 -9 30 -44 43 -10
-34 -34 -17 30 -8 -31 9 37 34 -12 7 -40 -49 -41 43 44 44 -14
-38 -44 13 -46 -20
0 -16 24 -15 41 -4 -43 12 25 -42 -20
47 24 35 21 -23 8 -4 31 -11 -34 44 2 -25 -1 -35 -9
-30 -27 10 27 -16 -49 -29 -16 -46 45 -4 -6 14 -39 46 -17 -27 -1 18 -49 -18 -43 -12 -44 -18 -12 29 -7
-7 -50 -16 -18 18 -39 20 -25 40 -1 -25 -48 -12 -41 -26 -24 30 -38 45 17
-23 -14 6 43 15 -26 -8 -22
-18 1 -17 -5 -16 -13 25 -24 17 2 45 -40 -35 45 -30 -43 26 22 16 31 30 26 35 15 -31 31 -28 -27 -25 -47
0 -38 -21 18 -15 -5 -39 -36 17 -15 -27 -42 24 -17 -48 -33 40 21 -18 34 -31 8
23 0 -27 4 -29 25 6
10 -3 23 33 40 -50 -19 9 18 -40 -18
27 6 -37 23 45 10 49 5 -35 -6 -19 24 -35 -50 24 40 -48 23
16 29 49 8 -5 38 -6 -41 -22 13 8 7 46 26 5 -34 -9 2 -24
7 -30 26 -26 -2 -44 -29 41 -44 13 -47 -44 42 -41 49 36 7 -27 26 30 39 22 23 -29
47 12 1 45 -11 -11 -9 -50 -34 -44 -22 -23 35 -22 -49 -42 -42 -16 50 -34 14 40 -36 -1 3 28 -42
-2 2 6 -36 49 -38 -36 5 -5 42
-50 -34 39 -46 -41 26 -31 28 19 15 6 -28 19 -15
44 41 -32 11 -38
49 -5 36 32 -50 27 -15 -42 -7 21 50 -13 43 38 35 8
-50 39 36 -19 -13 -44 0 -23 24 -12 22 21 -18 -16 -45 -44 13
-21 9 -50 31 -18 15
-33 -31 -17
49 39 17 41 32 30 -22 -50 22 -19 23 -45 -26 -31 -23 -28 37 -29 35 -26 12 5 28 42 19 24 12 3
23 6 24 43 25
-33 -14 -1 -14 22 23 -11 -25 -49 -24 -33 25 26 20 -42 -31 23
13 1 0 13 6 20 24 -20 19 0 -49 50 -27 -18 8 -14 -33 8 -34 0 -46 3 37 25 39 -11
41 -7 -23 1 32 31 7 45 11 -4 20 6 18 -21 -6 32 31
-1 30 -24 -16 1 -40 7 26 41 20 15 -35 -28 48 10 -8 -48 39 21 50
23 -38 3 -31 50 4 9 25 -15
-44 -6 -23 15 -7 -43 -50 33
-39 -6 -11 -20 33 46 -14 21 42 3 -32 -1 -47 47 13 -16
-18 4 37 -26 22
7 13 -7 -50 -20 -19 -17 -18 -40 15 29 -2 2 12
-28 -45 -42 -34 49 49 -6 48 45 -38 48
9 -31 11 25 15 -37 5 27 34 13 44 8 46 -6 39 -22 40
-12 50 35 15 30 13 -17 13 -13 -50 24 32 16 -39 30 -20 8 -32 -38 38 7 7 -43 -10 17 -8 -4 4 -10 -1
27 40 29 -8 34 -17 31 -13 -23 38 16 50
-11 -18 34 7 7 -33 -3 45 3 -28 -2 -24 33 50 -21 -22 4 49 32 -23 -38 -9 19
-41 37 -35 -47 49 -4 -7 -48 23 31
-14 17 48
47 -28 -21 24 25 11 -15 -12 -46 -23 -29 33 -39 38 -44 27
-49 7 -41 8 -47 -45 -42 26 -43 -10 48 -9 -12 -14 -6 -8 42 8 15 -35 -14 -38 18 26 -41 14 16 -34
43 -45 38 -4 21 -24 21 26 -33 44 -35 44 -12
26 2 39 14 -11 -18 25 -34
7 -18 -25 2 -29 1
-8 32 14 -42 27 -40 -21 46 -13 34 40 46 42 -23 -3 10 -8 48 18
34 36 -2
12
48 -29 44 41 13 34 -36 44 18 44 31 -35 -29 33 -8
-23 19 32
11 -31 -48 43 -45 2 -46 -17 28 5 -40 -18 41 -42 -31 16 -46 -28 -45 -45 17 18 21 36 24 -19
14 6 42 -19
48 -29 5 -17 28 25 -1 -42 -32 -49 -22 -12 37 -46 -45 -10 -38
-11 12 -6 15 40 16 -33 21 29 -9 25 20 3
17 8 -17 -35 -16 36 -36 16 -5 46 38 43
-49 -37 7 44 -6 -10 17 35 -28 28 -13 -14 -33
-11 15 -27 37 -2 13 29 15
17 19 -7 -21 -2 -35 37
32 8 -15 8 38 -31 -1 -41 26 -20 0 -29 -35 1 -45 39 -39 13 14 48 29 -1 -36 4 -16 -33 -25 34 26 22
33 36 46 17 -48 -22 47 35 0 -24 -1 0 -44 3 -35 -35 -34 29 -16 -17 0 -10 15 -20 -7 32
24 14 -6 -10 -26 -11 -32 -37 -19 -2 23 -43 40 41 48 1 -25 24 40 -12 20 -30 -12 -4 -12 -45 14
35 -37 40 -3 5 -23 7
-40 22 36 -1 -35 -46 -17 -38 -19 -5 -13 15 28 4 -39 9 -46 -6 0
2 43 8 -32 -42 -25 -48 -2 23 12 13 -13 30 -43 -24 25 17
-15 27 37 13 -16 -27 40 25 -17 9 -37 2 34 13 45 9 27 32 14 50 26
27
26
-40 -5 36 -28 39 15 -4 -39 26 -19 41 -43 -15 10 -44 13
-30 46 0 -50 31 49 -35 15 48 -7 -22 -27 20 -34 48 42 -19 -11 -1 37 -37 15 28 24 21 -43 -6 28 -11
-25 -6 22 38 8 -50 -5 26 -47 -36 -41 -34 -7 30 -30 15 11 1 35 14 -40 -44 -7 21 -24 42 -30
39 -13 24 -6 6 -11 -23 35 -48
-23 -15 21 -15 -12 -41 48 49 -30 -35 36 -31 11 45 -5 -39 33 4 43 18
-8 40 -28 16 -4 -24 23
-19 26 -50 -18 -44 7 50 -17 -12 49 8 11 -15 1 -2 -8 -5 -23
5 -34 31 4 -48 10 -32 9 47
28 -32 11 48
-8 -37 -21 5 -16 3 39 47 6 50 5 -46 -39 -36 -35 23 7 9 -19 45 -27 9 -37 1 -36 30 -30 35 -24 -28
-11 35 -7 14 32 -31
-15 48 9 -46 5 27 10 -15 -38 31 21 34 49 9 -50 -23 -16 16 4
-25 -37 49 30 2 -15 -8 -25 -40 14 -1 34 6 0 -14 32 0 -16
9 43 37 33 -6 -44 -37 -29 -24 41 -21 -37 1 47 8 -11 -28 17 39 24
-16 -41 -6 -9 -47 -29 -6 4 -4 38 2 7 41 -27 -10 -34 43 -16 -35 23 -48 -17 -40 5 -1 27 21 -15 41
-34 49 16 -3 17 4 35 -31 -19 -8 -19 -45 -31 -27 -43 49 2 -43 -39 -8 -29 -42 19 -31 47
-26 11 -30 -16 44 -24 32 19 1 11 21 42
9 -29 -47 -25 -36 -48 -46 -2 20 -3 22 38 -11 -17 -18 -13 -31 49 -24 48 -33 45
-10 11
38 -2 -49 38 31 48 -32 -12 11 -22 32 -38 -12 40 31 42 -35 -49 32 2
-41 -35 -30 5 -21 40 -15 -25 -15 -6 -33 16 -16 2 22 -48 30 48 -41 26
41 -21 39 -20 1 -14 17 -7 4 3 -2
-47 -46 39 20 -38 15 2 -2 -44 -9 32 -48 1 -21 -35 36 -14 -48 -36 29 -36 -8 23
-13 -43 16 15 -25 8 48 -11 -25 39
-13 39 -28 41 28 29 -48 15 16 -46 7 -39 -44 8 -41 -34 -49 -41 -20 41 43 21 4 -21 9 5
13 26 8 49 -42 -9 9 -15 -12 5 -47 6 30 -28 27 49 -5 -7 24 -16 35 -24 -31 -14 1
-30 31 36 -37 39 -5
-1 -12 9 -15 33 -16 11 33 13 23 -29 0 28 20 -42 7 -50 19 -14 -3 -48 43
32 18 28 23 3 -3 49
8 14 -37 -23 0 -43 -36 -29 1 42 26 45 6 42 -9 -2 38 -41 48 -36 -9 -29 7
-5 6 -19 -45 -28 22
17 17 17 -30 40 -20 -23 27
11 -36 -47 40 42 -14 33 9 -25 -11 49 -37 43 16 -30 -10 2 -42 -40 46 -41 -20 49 8 -4 -40 -2 -34 46 -14
22 -26 31 -46 48 21 38 9 7 47 47 -32 -1 41 -23 37 19 -4 9 48 22 -30 -27 40 -16 25 39 -28 -22 25
-13 40 -23 -34 -24 18 -39 36 10 27 10 2 35 41 24 -37 -25 -4 -31 -6 -23
36 33 -28 2 22
33 37 -22 37 44 36 -27 0 -45 47 -22 48 37 -50 47 -2 35 -47 40 14
32 -35 39 -26 -42 -47 32 46 16 24 5 -40 -46 -12
-49 22 -50 27 21 -16 -21 -40 -23 -9
-50 19 -41 34 -28 37 5 30 33 -25 34 -38 -24 -3 15 4
27 -10 22 9 -20 2 -18 3 -45 38 8 7
-5 30 14 -38 -18 32 -38 -45 12 17 42 7 5 36 -18 -47 6 24 -3 -31 -26 -16 -20 48
-20 -32 26
35 2 11 12 37 34 21 -41 -21 25 34 38
-7 -17
-9 47 -16 -4 44 -9 -48
-13 0 11 35 -49 28 9 -17 -27 -23 16 32 15 39 26
-33 3 0 -8 0 4 38 -6 11 -7 36 11 -25 14 10 28 -17 -13 -40 -30 17 -20 29 24 6 -8 -22 27 -49
-26 -48 -4 35 -27 -11 28 -23 -18 -46 -14 -1 -22 23 41 7 -48 33 48 18
48 -33 -31 50 -10 35 36 -5 41 -43 46 7 -45 -40 -35 25
-10 -7 42 -21 -12 -31 19 -38 -39
-3 31 -7 -12 -22 26 -17 39 -24 -39 -25 3 -6 -21 -33 40 35 15 46 42 36 -21 -32 -19 -46
-14 -48 8 -15 -14 17 3
42 -49 32 50 -8 -22 39 26 -13 -17 44 -40
34 -28 -33
42 10 -6 26 -22 50 -4 8 -20 -17 9 25 -48 45 25 50 15 23 41 6 -49 46 -2
-50 2 -38 22 36 -43 36 24 33 9
8 -29 6
-35 -35 -25 34 -36 50 -29 45 10
-33 14 -38 17 -50 -19 32 28 11 -35 -42 19 25 8 3 50 7 47 21
-44 31 44 17 -17 33 -6 24 -36 -19 -2 -50 10 -36 -38 -44 13
26 7 -26 24 20 37 -17 -15 37 -5
-8
21 7 -7 42 47 -9 -3 -13 23 -45 46 23 10
24 -44 -10 -2 -26 8 6 2 -34 -48 -40 -29 26 -12 -26 -31 -33 8 -21 1 17 23 11 31
-19 -6 -41 9 -21 -25 -22 -28 -36 44 8 -2 0 -5 34 -16 -16 -9 41 -4 3
-44 18
24 6 10 3 36 14 -20 -17 31 -13 -11 19 -11 38 13 -1 7 15 4
18 3
-12 11 47 22 17 6 23 6 -23 -34 -17 19 47
5 20 6 38 15 -36 -7 -8 19 20 20 -9 -11 3 -41
14 -40 -26 50 -7 -32 -41 -40 0 -24 -3 -44 4 -21 -30 14
33 -14 48 43 -49 -1 -20 -5 23 -38 15
-12 -12 -1 -10 -32 50 -47 -50 16 -37 30 40 8 4 -41 -17 -8 3 24 43 0 23 15 8 -50 -4 35
8 -15 -23
-42 14 -2 -20 49 -29 42 25 -24
-36 -9 -11 -21 23 41 26 -11 -15 -35 25 9 -12 -9 46
37 -2 38 38 8 -41 -25 -36 -14 -43 -47 -25 -9 -27 -26 22
-16 2 -15 20 -32 -25 -49 22 -28 21 8 0 -46 -41 -47 32 -32 38 -41 33 30 -46 -26 -14 11 -4 -14 -22 24
-19 -2 -48 -36 9 50 21 -6 -27 28 28 34 -29 47 22 -28 -22 -37 7 -41 -21 -33 -41 -45 -48 -50 24 -10 21 -36
-45 1 -31 -41 -24 -4 6 -21 18 14 1 -28 29 2 42 -46 -24 -16 -9 -13 -4 -4
23 17 15 2 -26 -48 -4 9 17 -2 27 39 25 12 -6 -4 -4 27 -19 -34 16
40 3 41 -22 -20 -5 36 49 18 33 -39 -18 30 46 -18 17 -37 32 29 3 36 -7 44 20 11 9 -47 27 9
-22 -2 -38 -39 15 35 38 3 37
18 -23 12 -47 3 -47 40 43 -31 43 -4 -13
-9 -29 -20 -49 33 43 20 24 -10 24 15 41 1 -48 -4 -45 -19 -13 -13 47 -42 39
-9 -20 39 4 -2 -49 -4 5 -20 -21 22 2
-50 -19 -15 -18 -47 -2 -26 23 -21 45 1 -39 -10 1 17 12 26 16 14 -14
-31 50 38 23
46 -23 50 -43 -16 42 29 20 -44 15 -37 28 11 8 18 17 -20 24 27 36 20 -30 -31 -30 -28
46 45 38 -46 -27 21 33 17 13 50 45 -22
5 -40 -27 -10 -26 -17 20 -23 -36 48 -35 43 -37 -5 -25 -43 -43 26 45 -37 11 -26 -28 43 -48
27 -19 44 38 -11 -17 -1 50
-24 -49 30 46 -32 -46 -24 7 5 -23 -33 47
47 31 -35 19 34 -32 -16 -37 49 -40 2
37 41 46 -14 -22 20 13 14 -29 1 27 9 24 23 22 41 50 -6
-46 -44 -2 42 -34 33 49 12 14 -33 6 42 -30 41 -33 11 9 -3 -30 -17 32 8 -7 -33 22 4 -9 7
-44 31 -20 42 25 -8 34 -16 44 -19
44 38 36 -1 35 -21 -23 -40 24 9 -27 10 50 38 23 20 -8 37 -17 -38 -49 -39 16 26
-36 46 31 20 -44 -46 14 -11 -30 19 10 42 16 -7 -45 -26 16 13 -27 -19 -47 -46 -14 43 6 7 -27
1 30 -8 3
23 23 -35 -16 38 47
46 -4 -18 47 34 11 38 -2 -43 -29 -36 47 32 -11 -16 -39 28 15 15 -42 15 -48 -50 24 -20 -19 -3 49 17
26 27 33 25 -10 17 -9 3 0 -40 -50 22 -12 -39 -40 13 -33 -8 7 18 50 -35
11 8 34 -16 7 11 1 -15 -18 3 20 3 -21 18 -1 -49 32 -19 -4 -12 2 14 4 -38 -18 24 -38 47 4
-16 39
-5 -40 -6 -33 0 37 0 45 40 18 44 13 36 -49 49 -9 45 -11
26 -46 -36 -4 -32 49 35 38 -33 5 31 -46 26 -25 -25
-12 -50 -41 33 47 23 -10 -32 -22 8 2 -1 -50 10 -50
-23 3 38 37 -47 -11 29 -26 -37 31 1 27 -6 16 -7 38 26 -40 -45 -22 -3 -40 13 -31 28 -31 -37 45 19
45 -23 -10 24 -10 43 -23 -17
31 -2 -37 40 -37 17 34 13 -35 -21 25 6 -42 2 2 7 -43 38 5 39 36 -29
-12 46 27 -28 -9 10 -24 -35 7 44 32 34 -4 -18 1 -47 13
-5 27 8 40 -29 24 5 -22 3 -28 27 41 -10 36 -1 24 17 -4 -8 -31 -50 39 9 -38 -10 49
7 5 18 22 -20 -2
-24
-36 18 -3 -40 -3 -42 -42 25 26 -5 -20 -8 30 -38 -46 -48
30 30 -27 39 3 -32 11 -29 -41 45 -38 -14 -23 -35 -47 32 -14 42 4 -23 38 -36 8 -40 19 25 -38 13
-37 31 3 -5 48
9 50 -16 -31 11 43 34 -41 -30 -45 -20
12 -10 -1 -15 -39 -23 -20 -5 39 11 -4 -12 -28 0 -2 45 -7 -18
16 -26 -15 -8 45 21 21
39 32 -21 -48 15 -36 5 -36 -44 -28 6 -5 10 -11 -31 2 -25 -29 -18 -48 43 31
46 -37 21 -11
-30 27 -48 -34 20 27 7 -3 18 18 42 3 36 42 -30 28 39 38 -12
38 -17 -42 50 -41 -35 46 46 9 -5 -49 32 -9 -48 -9 10 -13 -22 9 -1 37
-47 -46 -42 28 27
-30 23 9 8 -40 -15 36
-33 7 -18 -28 -25 3 3
28 26 18 -24 11 -2 27 0 11
-39 -35 31 38 4 43 -4 23 -14 -26 -47 -49
-2 -16 -10
18 44 -9 14
17 48 -7 49 40 -11 -18 2 24 -50 5 -14 -29 32 -24 -38 22 18
8 -44 38 39 -13 20 -40 -1 36 18 44 21 43 10
