79
174
32
40
141
142
414
46
222
0
77
87
229
142
52
447
168
42
236
66
72
148
15
137
56
75
68
242
64
126
36
165
66
63
53
31
35
17
59
117
160
71
148
133
52
30
118
192
143
262
11
121
119
90
58
123
45
47
121
70
162
283
94
15
191
35
74
167
160
110
173
287
136
187
82
148
252
1
158
107
153
82
82
27
71
105
17
104
0
19
89
308
238
134
138
163
47
111
16
170
248
70
116
126
68
112
116
52
317
98
71
31
161
144
51
153
25
59
76
41
78
76
55
118
84
59
103
108
189
56
91
115
152
32
118
113
67
48
55
41
119
30
86
129
48
104
54
107
49
187
48
134
50
11
168
218
84
78
2
185
50
54
209
103
89
119
177
28
84
19
207
81
74
68
45
136
98
160
50
148
31
54
68
130
124
95
120
105
151
140
48
96
100
138
172
113
174
119
129
141
50
62
79
69
12
155
51
53
142
0
9
156
158
306
163
170
146
191
84
82
363
50
61
0
105
48
232
64
90
79
141
49
131
57
83
135
104
46
52
66
83
109
56
231
139
108
160
141
139
183
30
134
78
87
183
35
68
71
93
109
88
98
161
0
141
118
48
80
219
0
186
108
53
70
78
116
130
85
109
44
44
0
109
104
0
96
50
209
39
70
106
44
15
40
218
47
84
67
120
114
69
37
89
202
74
200
54
268
186
40
178
99
358
126
8
72
122
126
140
131
24
80
49
70
66
79
96
190
200
130
130
65
120
185
261
109
10
59
89
192
37
75
195
70
95
57
95
123
39
92
48
117
74
104
102
74
109
142
318
79
128
77
161
106
62
147
0
175
116
62
69
76
4
106
274
180
109
73
125
111
192
77
51
136
21
152
111
111
61
77
119
123
98
113
113
182
107
65
274
206
136
136
208
402
149
18
62
78
188
256
188
236
106
266
47
30
116
190
57
101
197
21
142
117
262
88
0
82
58
83
76
43
121
81
75
45
131
141
42
73
22
68
45
25
214
57
98
0
102
171
120
129
49
0
110
340
168
47
45
152
89
176
47
51
131
13
50
140
56
62
64
201
77
31
103
132
171
206
105
49
68
85
207
75
31
0
208
121
71
104
214
158
88
33
131
41
56
195
242
148
204
131
54
65
60
65
98
81
7
237
70
12
252
51
116
62
60
133
138
87
92
37
104
144
177
42
58
65
306
27
26
67
185
76
51
147
40
96
56
59
150
74
144
81
122
88
118
146
85
11
157
78
59
59
65
109
115
69
116
150
196
22
61
145
364
185
69
240
123
48
120
53
119
26
187
0
71
128
114
122
157
42
214
20
131
34
258
117
8
76
180
126
93
0
142
83
79
18
147
21
132
92
50
110
132
8
87
90
119
63
177
78
140
331
128
95
191
43
86
111
208
235
71
111
76
96
303
142
132
244
97
31
85
154
118
56
39
269
125
103
126
69
118
117
162
52
0
51
79
77
100
50
87
74
46
285
101
55
40
7
95
135
0
67
147
215
