100
1101001111001001100111100000110 0000011100001100010111101010110
1011000010011110100111111001101 1110100101110111110000011111000
0101101010111010100110111110011 1110001001010011111101101101111
0010000110100001110001011010100 0111111010100000111110000001001
0100011101100001110101100101110 1100111010100111010110111011001
0110110000111100010110011011011 0010101001101111101001100010011
1111100011000011010001101111110 1111101100110001110110000100000
1100001011011110000001011011100 1111010100001001001000001100010
1110111010010011011011100010110 1010010111000100010010000001110
0000011110110000010101011100111 0000000010110011100011111111111
1000101010011001001100011000011 0100100100010010001110001111001
0111110001011101000011011011010 0010010101100011001100010110111
1110111100101001110001110111100 1001100100001100011101001101100
1010111011001101010110001101111 1010101010011000100110010110101
0011011001011101100001011100110 0000000011010011111100100000110
0000111110110001001100100100111 1011100101101001111110110101000
0000101000010101010111011010110 1100100010111011011101110000010
0011000011011010000100100111101 1100111001000100101110010010110
0101110010110010111011100000001 1010001011010011111001111010101
1001011000111000011110100111111 1000011001111010100000111001100
0111110110010100010100011010110 0011001010111000111000111110100
1001110110011000111001111010111 0001111001000111111101011101010
0110000001101010001101110010000 0010011010100101110001001000110
0100010100110001101111111100011 0011111100110100001110110001000
0100100010000110100111000011011 1001110101100000101000001000101
1010100011100010101011111110001 0011111101000001111000010101110
1100100001111111011101010011111 1010000111101001110000001000101
0110111110010110000001111001100 0010010101110110001000010000001
1000100111100100100011110110101 0001110101111000100011100101001
0011100011000111000011111100101 1101100000100100011001101011101
0000110010100010100101010111011 1000000100110011000110000110100
1011011111110011010010111000111 1110100001011110011110110000111
0001100101110111000001010000100 0000010101001111001011001101010
1000010011100001010001001011011 0101110000100101001000100010111
1101101010110010001000100101101 1010100101011001100100010111100
1000001011010100111101010001000 1001100001111000010001111110001
1000011101111101011111110111000 1111001100000101100001101111111
0001100111011000010110011001011 0010110001111000100100100111100
0001010011100000100011000000100 0111110001101010110001010110010
1100001010101110001010100101010 0000100011100011001000100111111
1000011110100000011101001000101 0111001000011100001101110011110
1001100101001011101101011010011 0011011001110011100101011011011
1101011110010011110011010000011 1010111110101010000010110010001
1010010101111100000010110100010 1110101011110101001010111010011
1010001100010000000111100101010 0111010111011011100111111010011
0011000111011100100000001101110 1111010010010011011001101010111
1000000011000011101011100110011 0101011111101001000101000100110
1000100011101100011111001010001 0110010111110111110101000000101
1011001001100110101111001111101 1011101110010111000100110111011
0010011011001101100011101101001 0001101110011110111001010110100
1110110011000111110100011011001 0000100101011100101100101111010
0010110010100110101001100010111 0011000001111001001101111001010
0001100110101111001101101001011 0111000111001101000000110111011
0100100000000010100111001011100 0000000101011011110011100100110
0010010100111100100111101111010 1010101000110001100110000110001
0101110100000011110101110101100 1101100101100001101101111110101
0011111110010100001111011011100 0010101010100001100101010011011
0111011011111010000110001010111 0101011101110101110010010100110
0110111101100000011000101001110 0111000011110010111001111111100
0000001110010010010110000011101 1001101110001010010111001100011
0000001100100011100000011001111 1111101011001100011011110101111
1100101011011110101100000001100 0111110100110101011001000001000
1100110100110011110011000111011 1011010101110001011101000100000
1000111101100111111001100011001 0111111011011000111011100100001
0100000111011011010110100100110 0011110011011010000001101111010
1100001100111110111011101110110 0111000110101010101101100001101
0000110101111101000101000010101 0011101101111111011110011100100
0110111001100001110010011110010 0111001100000110001010001110100
1101101001000101000011010100100 0100101101000010000111110100101
1011111100010111000010000101000 1000010001100101100100101100001
1011010011100000110100011001101 0100010000110100001011111000001
0001111000111011110001011000010 1101010100110111100111011100101
0101110000001110010010110010010 1111010110101001000101111101011
0111010000100100001111001000110 0101111011100100110110101010110
0011101100110110111001010000101 1101010111010010110110101010000
1100110101101111000001011010111 1011100101010011000001100011010
0110100101111111101100010001000 1111011111000111110011010100001
0001101000101000001011000011111 1101110000101100000111101011000
1111101010001111010111100000000 1100111001110000111111010111001
1000100001011010111110111000100 1010010000101001011001100000011
0011111000000000100010110101000 1110001101110000011111101000100
0010010110100110110111011000000 0100101110000001101100111011000
1001111110110111101010011101000 0011100010100100101100110010010
0101001000010000111111010101011 1100001011100101101010111001011
0001001011101101111111111101100 0111101110001101101000010011110
1110010101011110100000001001001 0110000010010001011101100100000
0011101000101100110011000100110 1101100110100000110000000001010
1100010100001101000101001010111 1100101011100101000011010001100
0011010110111110100010010011100 0000111011101001110001110001111
0101001101010011011111101101011 0010100011100111111000011001101
0011000010100011011100001110101 1010001101111001011101010000001
0111010111101110101100111010101 1101010110011110010000000100111
1010100100010110000110110011101 1100010111011111001101011100011
1011101010111011010010010010011 0000110000001000101000010011100
1101110010001001111011010100111 1110000110110001101111110000011
0110100111011000010011010111000 0010101001100101111011110100001
0100010111110001100111011100001 1111111000100000000011101000000
0001111100101110111010101100111 0011101110100000001111110100000
1110001000101110010010010100111 0011000000001001011000101100000
0100001010000001110100010010000 1100001111100100110110000100111

