1101001111001001100111100000110 0000011100001100010111101010110
1101010011000101110000001010000 0000011000010000001111000001100
1101001011010101111111001011100 0000100000000000000000000000000
1101101011010101111111001011100 0000000000000000000000000000000

1011000010011110100111111001101 1110100101110111110000011111000
0101100111101001010111100110101 overflow

0101101010111010100110111110011 1110001001010011111101101101111
1011100011101001011011010011100 1000010000100101001001011000110
0011110011001100010010001011010 overflow

0010000110100001110001011010100 0111111010100000111110000001001
0101111100000001001111011011101 0100000101000001100000000000000
0001111001000000101111011011101 1000001000000010000000000000000
1001110001000010101111011011101 0000010000000000000000000000000
1001100001000010101111011011101 0000100000000000000000000000000
1001000001000010101111011011101 0001000000000000000000000000000
1000000001000010101111011011101 0010000000000000000000000000000
1010000001000010101111011011101 0000000000000000000000000000000

0100011101100001110101100101110 1100111010100111010110111011001
1000100111000110100011011110111 1000110001000010101001000010000
0000010110000100001010011100111 overflow

0110110000111100010110011011011 0010101001101111101001100010011
0100011001010011111111111001000 0101000001011000000000000100110
0001011000001011111111111101110 1000000010100000000000000000000
1001011010101011111111111101110 0000000000000000000000000000000

1111100011000011010001101111110 1111101100110001110110000100000
0000001111110010100111101011110 overflow

1100001011011110000001011011100 1111010100001001001000001100010
0011011111010111001001010111110 overflow

1110111010010011011011100010110 1010010111000100010010000001110
0100101101010111001001100011000 overflow

0000011110110000010101011100111 0000000010110011100011111111111
0000011100000011110110100011000 0000000101100000000010111001110
0000011001100011110100011010110 0000001000000000000101000010000
0000010001100011110001011000110 0000010000000000001000000100000
0000000001100011111001011100110 0000100000000000000000000000000
0000100001100011111001011100110 0000000000000000000000000000000

1000101010011001001100011000011 0100100100010010001110001111001
1100001110001011000010010111010 0001000000100000011000010000010
1101001110101011011010000111000 0000000000000000000000100000100
1101001110101011011010100111100 0000000000000000000000000000000

0111110001011101000011011011010 0010010101100011001100010110111
0101100100111110001111001101101 0100100010000010000000100100100
0001000110111100001111101001001 1001000000000100000000001001000
1000000110111000001111100000001 0010000000001000000000010010000
1010000110110000001111110010001 0000000000010000000000000000000
1010000110100000001111110010001 0000000000100000000000000000000
1010000110000000001111110010001 0000000001000000000000000000000
1010000111000000001111110010001 0000000000000000000000000000000

1110111100101001110001110111100 1001100100001100011101001101100
0111011000100101101100111010000 overflow

1010111011001101010110001101111 1010101010011000100110010110101
0000010001010101110000011011010 overflow

0011011001011101100001011100110 0000000011010011111100100000110
0011011010001110011101111100000 0000000010100011000000000001100
0011011000101101011101111101100 0000000100000100000000000000000
0011011100101001011101111101100 0000000000001000000000000000000
0011011100100001011101111101100 0000000000010000000000000000000
0011011100110001011101111101100 0000000000000000000000000000000

0000111110110001001100100100111 1011100101101001111110110101000
1011011011011000110010010001111 0001001001000010011001001000000
1010010010011010101011011001111 0010010010000000100000000000000
1000000000011010001011011001111 0100100100000001000000000000000
1100100100011011001011011001111 0000000000000000000000000000000

0000101000010101010111011010110 1100100010111011011101110000010
1100001010101110001010101010100 0001000000100010101010100000100
1101001010001100100000001010000 0000000001000100010101000001000
1101001011001000110101001011000 0000000000001000000000000000000
1101001011000000110101001011000 0000000000010000000000000000000
1101001011010000110101001011000 0000000000000000000000000000000

0011000011011010000100100111101 1100111001000100101110010010110
1111111010011110101010110101011 0000000010000000001000000101000
1111111000011110100010110000011 0000000100000000010000001010000
1111111100011110110010111010011 0000000000000000000000000000000

0101110010110010111011100000001 1010001011010011111001111010101
1111111001100001000010011010100 0000000100100101110011000000010
1111111101000100110001011010110 0000000001000010000100000000000
1111111100000110110101011010110 0000000010000000000000000000000
1111111110000110110101011010110 0000000000000000000000000000000

1001011000111000011110100111111 1000011001111010100000111001100
0001000001000010111110011110011 overflow

0111110110010100010100011010110 0011001010111000111000111110100
0100111100101100101100100100010 0110000100100000100000110101000
0010111000001100001100010001010 1000001001000001000001001000000
1010110001001101001101011001010 0000010000000000000000000000000
1010100001001101001101011001010 0000100000000000000000000000000
1010000001001101001101011001010 0001000000000000000000000000000
1011000001001101001101011001010 0000000000000000000000000000000

1001110110011000111001111010111 0001111001000111111101011101010
1000001111011111000100100111101 0011100000000001110010110000100
1011101111011110110110010111001 0000000000000010000001000001000
1011101111011100110111010110001 0000000000000100000000000010000
1011101111011000110111010100001 0000000000001000000000000100000
1011101111010000110111010000001 0000000000010000000000001000000
1011101111000000110111011000001 0000000000100000000000000000000
1011101111100000110111011000001 0000000000000000000000000000000

0110000001101010001101110010000 0010011010100101110001001000110
0100011011001111111100111010110 0100000001000000000010000000000
0000011010001111111110111010110 1000000010000000000000000000000
1000011000001111111110111010110 0000000100000000000000000000000
1000011100001111111110111010110 0000000000000000000000000000000

0100010100110001101111111100011 0011111100110100001110110001000
0111101000000101100001001101011 0000101001100000011101100000000
0111000001100101111100101101011 0001010000000000000010000000000
0110010001100101111110101101011 0010000000000000000000000000000
0100010001100101111110101101011 0100000000000000000000000000000
0000010001100101111110101101011 1000000000000000000000000000000
1000010001100101111110101101011 0000000000000000000000000000000

0100100010000110100111000011011 1001110101100000101000001000101
1101010111100110001111001011110 0001000000000001000000000000010
1100010111100111001111001011100 0010000000000000000000000000100
1110010111100111001111001011000 0000000000000000000000000001000
1110010111100111001111001010000 0000000000000000000000000010000
1110010111100111001111001000000 0000000000000000000000000100000
1110010111100111001111001100000 0000000000000000000000000000000

1010100011100010101011111110001 0011111101000001111000010101110
1001011110100011010011101011111 0101000010000001010000101000000
1100011100100010000011000011111 0010000100000010100001010000000
1110011000100000100010010011111 0000001000000100000010000000000
1110010000100100100000010011111 0000010000000000000100000000000
1110000000100100100100010011111 0000100000000000000000000000000
1110100000100100100100010011111 0000000000000000000000000000000

1100100001111111011101010011111 1010000111101001110000001000101
0110100110010110101101011011010 overflow

0110111110010110000001111001100 0010010101110110001000010000001
0100101011100000001001101001101 0100101000101100000000100000000
0000000011001100001001001001101 1001010001000000000001000000000
1001010010001100001000001001101 0000000010000000000010000000000
1001010000001100001010001001101 0000000100000000000000000000000
1001010100001100001010001001101 0000000000000000000000000000000

1000100111100100100011110110101 0001110101111000100011100101001
1001010010011100000000010011100 0001001011000001000111001000010
1000011001011101000111011011110 0010000100000000000000000000000
1010011101011101000111011011110 0000000000000000000000000000000

0011100011000111000011111100101 1101100000100100011001101011101
1110000011100011011010010111000 0011000000001000000011010001010
1101000011101011011001000110010 0100000000000000000100100010000
1001000011101011011101100100010 1000000000000000000000000100000
0001000011101011011101100000010 overflow

0000110010100010100101010111011 1000000100110011000110000110100
1000110110010001100011010001111 0000000001000100001000001100000
1000110111010101101011011101111 0000000000000000000000000000000

1011011111110011010010111000111 1110100001011110011110110000111
0101111110101101001100001000000 overflow

0001100101110111000001010000100 0000010101001111001011001101010
0001110000111000001010011101110 0000001010001110000010000000000
0001111010110110001000011101110 0000000000010000000100000000000
0001111010100110001100011101110 0000000000100000000000000000000
0001111010000110001100011101110 0000000001000000000000000000000
0001111011000110001100011101110 0000000000000000000000000000000

1000010011100001010001001011011 0101110000100101001000100010111
1101100011000100011001101001100 0000100001000010000000000100110
1101000010000110011001101101010 0001000010000000000000000001000
1100000000000110011001101100010 0010000100000000000000000010000
1110000100000110011001101110010 0000000000000000000000000000000

1101101010110010001000100101101 1010100101011001100100010111100
0111001111101011101100110010001 overflow

1000001011010100111101010001000 1001100001111000010001111110001
0001101010101100101100101111001 overflow

1000011101111101011111110111000 1111001100000101100001101111111
0111010001111000111110011000111 overflow

0001100111011000010110011001011 0010110001111000100100100111100
0011010110100000110010111110111 0001000010110000001000000010000
0010010100010000111010111100111 0010000101000000000000000100000
0000010001010000111010111000111 0100001000000000000000001000000
0100011001010000111010110000111 0000000000000000000000010000000
0100011001010000111010100000111 0000000000000000000000100000000
0100011001010000111010000000111 0000000000000000000001000000000
0100011001010000111011000000111 0000000000000000000000000000000

0001010011100000100011000000100 0111110001101010110001010110010
0110100010001010010010010110110 0010100011000001000010000000000
0100000001001011010000010110110 0101000100000000000100000000000
0001000101001011010100010110110 1000000000000000000000000000000
1001000101001011010100010110110 0000000000000000000000000000000

1100001010101110001010100101010 0000100011100011001000100111111
1100101001001101000010000010101 0000000101000100010001001010100
1100101100001001010011001000001 0000000010001000000000000101000
1100101110000001010011001101001 0000000000010000000000000000000
1100101110010001010011001101001 0000000000000000000000000000000

1000011110100000011101001000101 0111001000011100001101110011110
1111010110111100010000111011011 0000010000000000011010000001000
1111000110111100001010111010011 0000100000000000100000000010000
1111100110111100101010111000011 0000000000000000000000000100000
1111100110111100101010111100011 0000000000000000000000000000000

1001100101001011101101011010011 0011011001110011100101011011011
1010111100111000001000000001000 0010000010000111001010110100110
1000111110111111000010110101110 0100000000000000010000000000000
1100111110111111010010110101110 0000000000000000000000000000000

1101011110010011110011010000011 1010111110101010000010110010001
0111100000111001110001100010010 overflow

1010010101111100000010110100010 1110101011110101001010111010011
0100111110001001001000001110001 overflow

1010001100010000000111100101010 0111010111011011100111111010011
1101011011001011100000011111001 0100001000100000001111000000100
1001010011101011101111011111101 1000010000000000000000000000000
0001000011101011101111011111101 overflow

0011000111011100100000001101110 1111010010010011011001101010111
1100010101001111111001100111001 0110000100100000000000010001100
1010010001101111111001110110101 1000001000000000000000000010000
0010011001101111111001110100101 overflow

1000000011000011101011100110011 0101011111101001000101000100110
1101011100101010101110100010101 0000000110000010000010001000100
1101011010101000101100101010001 0000001000000100000100000001000
1101010010101100101000101011001 0000010000000000001000000000000
1101000010101100100000101011001 0000100000000000010000000000000
1101100010101100110000101011001 0000000000000000000000000000000

1000100011101100011111001010001 0110010111110111110101000000101
1110110100011011101010001010100 0000000111001000101010000000010
1110110011010011000000001010110 0000001000010001010100000000000
1110111011000010010100001010110 0000000000100010000000000000000
1110111011100000010100001010110 0000000000000100000000000000000
1110111011100100010100001010110 0000000000000000000000000000000

1011001001100110101111001111101 1011101110010111000100110111011
0000100111110001101011111000110 overflow

0010011011001101100011101101001 0001101110011110111001010110100
0011110101010011011010111011101 0000010100011001000010001000000
0011100001001010011000110011101 0000101000100010000100010000000
0011001001101000011100100011101 0001000000000100000000100000000
0010001001101100011100000011101 0010000000000000000001000000000
0000001001101100011101000011101 0100000000000000000000000000000
0100001001101100011101000011101 0000000000000000000000000000000

1110110011000111110100011011001 0000100101011100101100101111010
1110010110011011011000110100011 0001000010001001001000010110000
1111010100010010010000100010011 0000000100010010010000101000000
1111010000000000000000001010011 0000001000100100100001000000000
1111011000100100100001001010011 0000000000000000000000000000000

0010110010100110101001100010111 0011000001111001001101111001010
0001110011011111100100011011101 0100000001000000010011000000100
0101110010011111110111011011001 0000000010000000000000000001000
0101110000011111110111011010001 0000000100000000000000000010000
0101110100011111110111011000001 0000000000000000000000000100000
0101110100011111110111011100001 0000000000000000000000000000000

0001100110101111001101101001011 0111000111001101000000110111011
0110100001100010001101011110000 0010001100011010000001000010110
0100101101111000001100011100110 0100000000000100000010000100000
0000101101111100001110011000110 1000000000000000000000001000000
1000101101111100001110010000110 0000000000000000000000010000000
1000101101111100001110000000110 0000000000000000000000100000000
1000101101111100001110100000110 0000000000000000000000000000000

0100100000000010100111001011100 0000000101011011110011100100110
0100100101011001010100101111010 0000000000000101000110000001000
0100100101011100010010101110010 0000000000000010001000000010000
0100100101011110011010101100010 0000000000000000000000000100000
0100100101011110011010101000010 0000000000000000000000001000000
0100100101011110011010100000010 0000000000000000000000010000000
0100100101011110011010110000010 0000000000000000000000000000000

0010010100111100100111101111010 1010101000110001100110000110001
1000111100001101000001101001011 0100000001100001001100001100000
1100111101101100001101100101011 0000000000000010000000010000000
1100111101101110001101110101011 0000000000000000000000000000000

0101110100000011110101110101100 1101100101100001101101111110101
1000010001100010011000001011001 1011001000000011001011101001000
0011011001100001010011100010001 overflow

0011111110010100001111011011100 0010101010100001100101010011011
0001010100110101101010001000111 0101010100000000001010100110000
0100000000110101100000101110111 0010101000000000010100000000000
0110101000110101110100101110111 0000000000000000000000000000000

0111011011111010000110001010111 0101011101110101110010010100110
0010000110001111110100011110001 1010110011100000000100000001100
1000110101101111110000011111101 0100000100000000001000000000000
1100110001101111111000011111101 0000001000000000000000000000000
1100111001101111111000011111101 0000000000000000000000000000000

0110111101100000011000101001110 0111000011110010111001111111100
0001111110010010100001010110010 1100000011000000110001010011000
1101111101010010010000000101010 0000000100000001000010100100000
1101111001010011010010100001010 0000001000000000000000001000000
1101110001010011010010101001010 0000010000000000000000000000000
1101100001010011010010101001010 0000100000000000000000000000000
1101000001010011010010101001010 0001000000000000000000000000000
1100000001010011010010101001010 0010000000000000000000000000000
1110000001010011010010101001010 0000000000000000000000000000000

0000001110010010010110000011101 1001101110001010010111001100011
1001100000011000000001001111110 0000011100000100101100000000010
1001111100011100101101001111100 0000000000000000000000000000100
1001111100011100101101001111000 0000000000000000000000000001000
1001111100011100101101001110000 0000000000000000000000000010000
1001111100011100101101001100000 0000000000000000000000000100000
1001111100011100101101001000000 0000000000000000000000001000000
1001111100011100101101000000000 0000000000000000000000010000000
1001111100011100101101010000000 0000000000000000000000000000000

0000001100100011100000011001111 1111101011001100011011110101111
1111100111101111111011101100000 0000010000000000000000100011110
1111110111101111111011001111110 0000000000000000000001000000000
1111110111101111111010001111110 0000000000000000000010000000000
1111110111101111111000001111110 0000000000000000000100000000000
1111110111101111111100001111110 0000000000000000000000000000000

1100101011011110101100000001100 0111110100110101011001000001000
1011011111101011110101000000100 1001000000101000010000000010000
0010011111000011100101000010100 overflow

1100110100110011110011000111011 1011010101110001011101000100000
0111100001000010101110000011011 overflow

1000111101100111111001100011001 0111111011011000111011100100001
1111000110111111000010000111000 0001110010000001110011000000010
1110110100111110110001000111010 0010000100000010000100000000000
1100110000111100110101000111010 0100001000000100000000000000000
1000111000111000110101000111010 1000000000001000000000000000000
0000111000110000110101000111010 overflow

0100000111011011010110100100110 0011110011011010000001101111010
0111110100000001010111001011100 0000000110110100000001001000100
0111110010110101010110000011000 0000001000000000000010010001000
0111111010110101010100010010000 0000000000000000000100000010000
0111111010110101010000010000000 0000000000000000001000000100000
0111111010110101011000010100000 0000000000000000000000000000000

1100001100111110111011101110110 0111000110101010101101100001101
1011001010010100010110001111011 1000001001010101010011000001000
0011000011000001000101001110011 overflow

0000110101111101000101000010101 0011101101111111011110011100100
0011011000000010011011011110001 0001001011111010001000000001000
0010010011111000010011011111001 0010010000000100010000000000000
0000000011111100000011011111001 0100100000000000100000000000000
0100100011111100100011011111001 0000000000000000000000000000000

0110111001100001110010011110010 0111001100000110001010001110100
0001110101100111111000010000110 1100010000000000000100011100000
1101100101100111111100001100110 0000100000000000000000100000000
1101000101100111111100101100110 0001000000000000000000000000000
1100000101100111111100101100110 0010000000000000000000000000000
1110000101100111111100101100110 0000000000000000000000000000000

1101101001000101000011010100100 0100101101000010000111110100101
1001000100000111000100100000001 1001010010000000000110101001000
0000010110000111000010001001001 overflow

1011111100010111000010000101000 1000010001100101100100101100001
0011101101110010100110101001001 overflow

1011010011100000110100011001101 0100010000110100001011111000001
1111000011010100111111100001100 0000100001000000000000110000010
1111100010010100111111010001110 0000000010000000000001000000000
1111100000010100111110010001110 0000000100000000000010000000000
1111100100010100111100010001110 0000000000000000000100000000000
1111100100010100111000010001110 0000000000000000001000000000000
1111100100010100110000010001110 0000000000000000010000000000000
1111100100010100100000010001110 0000000000000000100000000000000
1111100100010100000000010001110 0000000000000001000000000000000
1111100100010101000000010001110 0000000000000000000000000000000

0001111000111011110001011000010 1101010100110111100111011100101
1100101100001100010110000100111 0010100001100111000010110000000
1110001101101011010100110100111 0001000000001000000100000000000
1111001101100011010000110100111 0000000000010000001000000000000
1111001101110011011000110100111 0000000000000000000000000000000

0101110000001110010010110010010 1111010110101001000101111101011
1010100110100111010111001111001 1010100000010000000001100000100
0000000110110111010110101111101 overflow

0111010000100100001111001000110 0101111011100100110110101010110
0010101011000000111001100010000 1010100001001000001100010001100
1000001010001000110101110011100 0101000010000000010000000000000
1101001000001000100101110011100 0000000100000000100000000000000
1101001100001000000101110011100 0000000000000001000000000000000
1101001100001001000101110011100 0000000000000000000000000000000

0011101100110110111001010000101 1101010111010010110110101010000
1110111011100100001111111010101 0010001000100101100000000000000
1100110011000001101111111010101 0100010001001000000000000000000
1000100010001001101111111010101 1000100010000000000000000000000
0000000000001001101111111010101 overflow

1100110101101111000001011010111 1011100101010011000001100011010
0111010000111100000000111001101 overflow

0110100101111111101100010001000 1111011111000111110011010100001
1001111010111000011111000101001 1100001010001111000000100000000
0101110000110111011111100101001 overflow

0001101000101000001011000011111 1101110000101100000111101011000
1100011000000100001100101000111 0011000001010000000110000110000
1111011001010100001010101110111 0000000000000000001000000000000
1111011001010100000010101110111 0000000000000000010000000000000
1111011001010100010010101110111 0000000000000000000000000000000

1111101010001111010111100000000 1100111001110000111111010111001
0011010011111111101000110111001 overflow

1000100001011010111110111000100 1010010000101001011001100000011
0010110001110011100111011000111 overflow

0011111000000000100010110101000 1110001101110000011111101000100
1101110101110000111101011101100 0100010000000000000101000000000
1001100101110000111000011101100 1000100000000000001010000000000
0001000101110000110010011101100 overflow

0010010110100110110111011000000 0100101110000001101100111011000
0110111000100111011011100011000 0000001100000001001000110000000
0110110100100110010011010011000 0000010000000010010001000000000
0110100100100100000010010011000 0000100000000100100010000000000
0110000100100000100000010011000 0001000000001000000100000000000
0111000100101000100100010011000 0000000000000000000000000000000

1001111110110111101010011101000 0011100010100100101100110010010
1010011100010011000110101111010 0011000101001001010000100000000
1001011001011010010110001111010 0100001000000010000001000000000
1101010001011000010111001111010 0000010000000100000000000000000
1101000001011100010111001111010 0000100000000000000000000000000
1101100001011100010111001111010 0000000000000000000000000000000

0101001000010000111111010101011 1100001011100101101010111001011
1001000011110101010101101100000 1000010000000001010100100010110
0001010011110100000001001110110 overflow

0001001011101101111111111101100 0111101110001101101000010011110
0110100101100000010111101110010 0010010100011011010000100011000
0100110001111011000111001101010 0100001000000000100001000100000
0000111001111011100110001001010 1000000000000000000010001000000
1000111001111011100100000001010 0000000000000000000100010000000
1000111001111011100000010001010 0000000000000000001000000000000
1000111001111011101000010001010 0000000000000000000000000000000

1110010101011110100000001001001 0110000010010001011101100100000
1000010111001111111101101101001 1100000000100000000000000000000
0100010111101111111101101101001 overflow

0011101000101100110011000100110 1101100110100000110000000001010
1110001110001100000011000101100 0011000001000001100000000000100
1101001111001101100011000101000 0100000000000000000000000001000
1001001111001101100011000100000 1000000000000000000000000010000
0001001111001101100011000110000 overflow

1100010100001101000101001010111 1100101011100101000011010001100
0000111111101000000110011011011 overflow

0011010110111110100010010011100 0000111011101001110001110001111
0011101101010111010011100010011 0000100101010001000000100011000
0011001000000110010011000001011 0001001010100010000001000100000
0010000010100100010010000101011 0010010000000100000010000000000
0000010010100000010000000101011 0100000000001000000100000000000
0100010010101000010100000101011 0000000000000000000000000000000

0101001101010011011111101101011 0010100011100111111000011001101
0111101110110100100111110100110 0000000010000110110000010010010
0111101100110010010111100110100 0000000100001001000000100000100
0111101000111011010111000110000 0000001000000000000001000001000
0111100000111011010110000111000 0000010000000000000010000000000
0111110000111011010100000111000 0000000000000000000100000000000
0111110000111011010000000111000 0000000000000000001000000000000
0111110000111011011000000111000 0000000000000000000000000000000

0011000010100011011100001110101 1010001101111001011101010000001
1001001111011010000001011110100 0100000001000010111000000000010
1101001110011000111001011110110 0000000010000100000000000000000
1101001100011100111001011110110 0000000100000000000000000000000
1101001000011100111001011110110 0000001000000000000000000000000
1101000000011100111001011110110 0000010000000000000000000000000
1101010000011100111001011110110 0000000000000000000000000000000

0111010111101110101100111010101 1101010110011110010000000100111
1010000001110000111100111110010 1010101100011100000000000001010
0000101101101100111100111111000 overflow

1010100100010110000110110011101 1100010111011111001101011100011
0110110011001001001011101111110 overflow

1011101010111011010010010010011 0000110000001000101000010011100
1011011010110011111010000001111 0001000000010000000000100100000
1010011010100011111010100101111 0010000000100000000000000000000
1000011010000011111010100101111 0100000001000000000000000000000
1100011011000011111010100101111 0000000000000000000000000000000

1101110010001001111011010100111 1110000110110001101111110000011
0011110100111000010100100100100 overflow

0110100111011000010011010111000 0010101001100101111011110100001
0100001110111101101000100011001 0101000010000000100110101000000
0001001100111101001110001011001 1000000100000001000001000000000
1001001000111100001111001011001 0000001000000010000000000000000
1001000000111110001111001011001 0000010000000000000000000000000
1001010000111110001111001011001 0000000000000000000000000000000

0100010111110001100111011100001 1111111000100000000011101000000
1011101111010001100100110100001 1000100001000000000110010000000
0011001110010001100010100100001 overflow

0001111100101110111010101100111 0011101110100000001111110100000
0010010010001110110101011000111 0011011001000000010101001000000
0001001011001110100000010000111 0100100000000000101010010000000
0101101011001110001010000000111 0000000000000001000000100000000
0101101011001111001010100000111 0000000000000000000000000000000

1110001000101110010010010100111 0011000000001001011000101100000
1101001000100111001010111000111 0100000000010000100000001000000
1001001000110111101010110000111 1000000000000000000000010000000
0001001000110111101010100000111 overflow

0100001010000001110100010010000 1100001111100100110110000100111
1000000101100101000010010110111 1000010100000001101000000000000
0000010001100100101010010110111 overflow
