1950414
1127246
1143362
1613214
848950
1306026
1535986
312090
715794
1067838
91522
108334
1882090
678366
1124618
78414
675774
543006
802
356030
1200746
919842
1372626
1313338
1393202
290762
1962610
402054
1067542
1835070
1725358
497210
784722
1870762
1228546
931702
1602450
1302234
1586386
1992034
1545046
1926322
1428966
225966
1304550
1912318
470610
508450
489194
674466
1503726
625978
596550
858814
1153346
586690
520178
312814
634282
1618194
1240566
264134
578378
1839502
551174
1184034
1499298
454338
1852382
1650414
1380938
909822
596774
1200310
1231930
407582
1055586
53538
99890
639042
346010
1185482
1936462
1649826
892630
309834
1068914
1819158
1407798
210998
1412450
999942
1688126
123914
328250
1741918
1701050
1428426
86810
206418
152598
1776682
1663406
609622
1167386
1283146
1385994
1987106
679686
1294790
375094
283190
1625314
1252746
1714990
1316134
1600698
505074
874750
261538
1686638
533542
1585774
1584342
877558
1268858
1968682
559790
202958
709106
1945790
1330250
1758806
282470
1889938
310102
1387426
1643282
1576622
1184190
911894
1724930
510086
941466
1100382
1226422
362102
335682
1837718
563394
1192894
255574
1557950
875410
1003854
28438
704614
1512430
168394
1384798
158766
1008490
490262
1235634
1336362
1598274
1495834
893086
621990
799338
1289438
1794106
772414
728274
728222
1298586
599206
832178
345274
220542
614046
1028078
1152526
1582826
1752266
162246
916578
452318
1691738
165534
306658
911682
1369106
182642
416282
842150
1799310
1815182
694454
1878858
710134
21938
1139150
143310
856546
1389842
680462
951626
1013666
1208150
1482406
1088506
170182
1699462
1821094
1701826
442394
509494
539850
1387530
1269062
663642
653886
517066
861102
329834
1496978
19266
1419046
1381510
30954
1705026
513606
1615898
1141098
281710
1700394
96246
465058
126310
576122
168266
881386
1720102
572574
1042054
634194
237846
1666810
1708922
1325306
813866
1265266
1766058
1186670
838910
1246338
1942286
497614
979646
1148086
527130
1970818
1302226
361322
1965158
1064738
1468314
620098
235594
488158
339906
266310
41818
1337406
641026
1934078
323630
9346
440882
1653362
131610
810186
1066222
142630
1064374
1804982
1249730
805010
578230
894562
1904190
1192010
1228522
1099530
1604486
724198
1556870
539138
810430
1409822
908562
1986270
1867314
1496086
1245434
98870
533402
1127262
883958
1693110
1380122
103086
471686
1241874
125978
634334
303030
203850
832350
302142
172254
1277502
996190
27682
7738
762478
1938418
948118
1094530
1081262
180618
66370
1419342
237242
407698
372050
1416446
1157858
133650
1907170
1431106
1592650
333194
917514
423678
1693094
1414754
317734
131570
1353218
1597602
1016474
594350
1826298
704994
139910
1243466
731166
1494450
1792746
1851946
1257438
1971870
626850
768910
1884142
62298
1294858
284702
844314
1958354
368182
907658
1709710
1156582
799878
140458
1737426
924574
1254122
618834
1828778
1020922
883018
982326
1857010
1664934
1094586
1775834
1511690
1858050
612242
1613722
420202
1693614
1829946
1826506
574130
627082
68694
491354
1408662
929194
1388110
87574
641510
1260254
1858478
815218
431734
726554
1337158
1672058
900642
1309582
1320982
1181078
1998158
1357030
418442
1052298
323214
1694982
1322030
1821974
1292654
1273154
715822
543334
1399978
79934
539066
167038
1024870
113278
487910
399850
1518698
1735086
238066
484674
24254
1920086
299758
1324946
1604670
275046
1709202
46630
592158
1969794
450210
295342
1726042
598114
1936242
1139702
1318094
1098086
425306
662042
1053150
939366
848150
1235094
649814
444318
929086
1127358
1863826
1055422
888714
714134
1052158
727634
337442
632494
832250
6966
1008594
1700286
860554
1461794
679746
100602
1258590
351318
516138
1045810
993246
1941714
459830
969242
1540418
1409986
1274318
1511054
1748834
771930
27246
319374
1420142
811442
804170
1431534
1295082
1080378
314138
699890
870874
698310
80366
1927706
1703354
1614182
1336182
679578
1292190
615098
1103546
452894
276470
925250
1527430
1663638
703354
701002
1773990
134918
1188898
919546
233118
1386158
1283626
1290386
1362790
516162
1242530
1283350
754238
157358
1963478
965662
887922
1054666
1339610
1598030
1465458
1836294
7082
1171822
1059930
1158122
362194
810630
1291090
1202294
1755894
45570
1095690
1089938
1349902
825466
497482
106882
10818
1409070
1077090
564282
528394
268130
1626458
1900230
1734634
364850
46442
1556938
989354
152502
1642186
1458026
344950
712946
626586
1780806
128058
1295078
1250166
412642
1388942
408706
377242
438266
1178382
846442
1588806
685882
1843590
286894
1269718
1736994
1976378
1619266
1403634
606838
640526
98438
590042
1887058
1665974
1968714
414206
300358
420638
1132038
971558
1226594
249510
802690
709978
1993646
658694
622758
533162
75642
344682
1749446
1729670
551786
1913382
156102
1924482
1575118
88910
1392550
392146
1045126
1085134
1548378
1766414
463442
286158
788466
825646
694086
1016230
1517626
684250
1223514
1960814
1865962
1764058
1520382
1509170
233578
768030
1326982
1765222
1337954
1297350
712702
98742
1140586
486894
960954
126886
1776386
1064722
1205010
1958522
471566
1487978
1720610
1558130
348910
1085650
378486
1325426
1561486
979558
1890370
1435478
1839882
632782
1578690
351010
238790
239950
237734
513158
407726
101562
1924878
1067186
960462
619134
1036622
1919694
1929526
1624466
296982
1714118
619366
464506
1143970
271858
1980094
633682
27818
1742374
1127222
1076574
1245402
1124938
104670
384874
1415854
211306
950470
1540478
74510
1617286
1186222
470594
954474
86418
1961714
527438
463498
200210
561250
1591426
271238
763710
735314
648846
1999742
538386
1204502
862414
317222
411010
341106
685230
144622
1703782
604366
188470
1885074
986598
830498
1076330
1139262
422322
1282242
1343858
1698646
1163750
482566
836634
30478
1246290
753534
95774
1839974
1854914
469622
1818170
1579062
1322446
283314
1110098
461582
672930
918622
416198
442678
1539902
1915874
680670
757086
927042
919102
1158022
436306
672274
1245846
1405130
1619774
52254
217038
489734
1565046
876818
1216058
890942
1051450
1168726
1891258
1284694
1724742
174934
355762
1355938
423762
1852518
360550
282330
1127094
268478
419878
1140874
1999158
925134
703578
261962
1564430
1541294
339162
272650
1437198
1623250
213642
1491302
1105126
540210
1718890
558362
390354
568122
885142
1469750
694070
308522
265462
675826
1415006
107630
1172698
1665374
655254
797414
301926
597210
1350506
463014
1765298
1870182
36802
57190
373234
416554
531502
1933454
1754714
779094
989358
329470
968498
629710
893658
952014
1182650
841246
1600534
860174
912834
751318
1635646
572758
1007614
1027310
532202
1444138
202222
1060326
1807502
669034
1923262
325154
207026
456158
1036850
1192342
1766926
214538
1621006
1722510
1946450
386870
930258
217226
671670
1075014
1101138
683022
398726
586698
888158
409402
27054
774890
941190
567578
1994762
1085562
1485258
1869650
1284642
1609382
1423686
569554
1615554
1360710
71662
1402230
1521018
549378
1114798
1873162
1856518
1209150
1422202
1829038
680666
1104254
829558
1396942
1868862
348386
1639778
216922
1376790
276842
1999338
1464842
1556970
1151354
308022
903862
1868566
127710
1397462
1190414
102270
1962382
1554182
1547302
498346
1845526
160102
859538
195482
489454
1536906
574918
1469662
1252854
927822
1025274
1402942
629466
887774
161582
900674
744266
511434
449434
1643542
764330
1998726
1572930
1322170
1049594
88130
1553842
297370
1481550
1341562
387318
1550070
1555762
14094
123750
939214
591682
899394
352662
1323482
4
