Flight 1: 30 30 13820
Flight 2: 30 30 30 30 25469
Flight 3: 20 20 30 30 30 30 30 30 30 75175
Flight 4: 20 20 30 30 30 30 48437
Flight 5: 20 6803
Flight 6: 30 30 12796
Flight 7: 30 30 30 30 30 44946
Flight 8: 39 39 30 30 30 30 30 20 60856
Flight 9: 20 30 30 27169
Flight 10: 20 20 20 30 30 30 45364
Flight 11: 30 30 30 30 20 20 20 20 20 40 92553
Flight 12: 30 30 30 30 30 30 30 30 58083
Flight 13: 20 20 30 30 30 30 47909
Flight 14: 30 30 30 30 30 40168
Flight 15: 20 20 20 35 30 30 30 30 30 72506
Flight 16: 30 20 20 20 30 30 20 30 30 30 78628
Flight 17: 20 20 20 20 32929
Flight 18: 30 30 30 30 30 30 50244
Flight 19: 30 30 30 30 30 30 30 30 55901
Flight 20: 20 30 17403
