30
818 280 818 770
256 33 676 33
72 4 14 4
817 659 213 659
611 105 931 105
438 126 438 885
583 42 583 33
241 262 321 262
443 874 64 874
699 740 699 665
679 164 684 164
848 897 848 815
508 99 508 684
922 577 662 577
695 964 511 964
184 288 11 288
427 628 421 628
168 87 168 684
508 771 615 771
920 675 528 675
827 957 352 957
841 512 841 195
773 375 824 375
339 784 540 784
571 760 732 760
659 768 659 966
581 628 451 628
331 853 78 853
782 510 41 510
647 236 647 239
30
64 362 934 362
826 755 710 755
398 794 398 715
915 33 915 839
614 642 614 847
974 278 974 630
23 412 188 412
260 427 260 82
368 843 120 843
183 195 466 195
329 533 329 2
841 566 788 566
987 484 351 484
333 617 646 617
834 357 441 357
262 875 262 943
244 63 244 704
598 170 598 736
738 703 524 703
931 664 931 153
4 504 4 577
190 576 190 355
410 797 410 516
459 672 778 672
834 874 59 874
356 147 356 105
885 981 885 32
998 185 998 936
866 41 679 41
794 35 794 778
30
646 184 877 184
7 457 829 457
888 193 861 193
36 318 36 960
651 344 651 794
529 83 529 355
35 949 802 949
422 932 422 299
528 931 166 931
995 887 424 887
285 236 629 236
941 603 249 603
637 44 637 256
964 127 89 127
243 351 523 351
527 822 527 83
601 351 199 351
623 597 671 597
909 300 909 809
58 594 471 594
454 728 454 750
44 191 44 9
434 532 434 872
707 955 707 420
971 556 648 556
594 319 594 690
972 851 972 720
191 262 501 262
251 271 650 271
442 659 442 414
30
286 544 542 544
593 962 593 661
661 285 7 285
333 50 333 735
901 807 901 575
350 76 350 584
234 680 641 680
408 245 703 245
694 245 694 744
405 559 790 559
797 419 75 419
162 199 409 199
969 984 969 968
552 412 998 412
639 786 567 786
622 399 173 399
918 867 734 867
876 675 974 675
49 673 198 673
212 959 212 326
295 294 295 205
203 847 800 847
195 719 195 369
543 341 40 341
126 813 338 813
312 2 287 2
837 362 901 362
579 149 459 149
17 225 152 225
953 220 410 220
30
672 779 672 714
106 674 926 674
233 265 233 680
577 319 577 263
508 164 508 217
95 29 95 454
46 606 46 745
155 911 386 911
452 935 302 935
558 228 558 801
845 833 845 27
504 290 504 66
636 807 22 807
476 665 223 665
434 321 434 681
419 476 634 476
871 936 871 77
878 516 573 516
600 63 137 63
243 555 243 931
305 191 304 191
528 133 271 133
305 201 266 201
724 900 724 793
870 188 378 188
951 100 66 100
552 203 552 82
759 13 759 197
501 671 863 671
134 381 724 381
30
342 791 612 791
405 242 112 242
490 275 487 275
793 905 793 890
109 972 109 844
41 337 874 337
737 895 165 895
241 224 211 224
584 823 584 531
995 580 961 580
837 800 837 934
705 824 705 328
525 796 386 796
918 613 918 494
350 659 350 442
5 252 942 252
825 180 15 180
328 821 967 821
901 128 641 128
77 322 77 0
199 738 199 710
351 204 351 931
725 215 980 215
274 730 304 730
671 100 22 100
999 341 999 283
594 277 594 313
951 665 951 896
606 403 267 403
163 550 163 161
30
493 627 198 627
768 855 768 971
993 526 493 526
776 334 709 334
22 405 951 405
199 687 858 687
158 126 158 902
28 415 28 51
602 908 717 908
689 457 248 457
682 93 682 565
222 275 222 649
649 953 649 336
504 194 504 132
34 672 335 672
801 739 801 709
341 778 341 90
690 467 485 467
403 784 223 784
872 678 337 678
177 673 177 368
500 220 696 220
384 886 945 886
475 6 475 749
191 785 318 785
155 881 106 881
558 329 558 375
713 554 268 554
738 636 738 765
814 489 203 489
30
550 500 550 767
507 868 507 193
511 59 248 59
707 18 310 18
36 37 36 517
137 102 26 102
126 143 126 151
957 706 957 694
207 461 207 884
77 329 710 329
310 940 681 940
17 343 17 240
109 380 996 380
247 374 247 676
518 179 518 340
238 34 238 335
496 219 496 511
649 573 649 566
883 599 883 900
942 140 942 307
655 602 509 602
30 537 30 574
914 717 375 717
948 62 948 752
263 634 974 634
188 892 188 224
491 477 491 324
969 631 969 459
639 969 639 772
506 346 506 569
30
260 296 260 882
359 986 359 709
601 683 601 980
575 556 575 861
537 385 203 385
521 15 521 278
51 336 181 336
750 749 770 749
4 398 275 398
991 984 991 454
786 20 382 20
695 595 695 366
921 484 787 484
936 418 936 165
346 469 467 469
589 448 932 448
945 207 945 308
115 544 881 544
615 901 863 901
229 562 29 562
816 503 52 503
234 217 234 416
916 235 916 626
910 824 915 824
470 576 470 58
291 691 930 691
793 906 541 906
570 375 514 375
566 738 21 738
136 437 136 380
30
358 672 472 672
740 621 970 621
316 380 316 457
671 739 671 951
532 844 532 397
766 911 766 489
830 511 830 830
562 300 74 300
921 546 921 173
495 286 985 286
794 875 313 875
265 533 475 533
461 872 461 677
518 136 85 136
267 29 636 29
710 829 655 829
180 608 644 608
676 981 676 201
775 515 775 450
277 132 78 132
502 755 502 525
610 273 956 273
877 944 877 337
6 992 6 809
806 524 861 524
415 787 104 787
282 554 282 223
653 831 711 831
408 237 408 323
631 199 689 199
30
575 26 575 136
370 297 370 548
761 103 447 103
528 551 528 158
733 457 928 457
992 387 326 387
581 649 581 181
222 281 209 281
345 600 142 600
690 995 569 995
16 451 693 451
203 919 142 919
71 937 16 937
342 63 175 63
709 344 776 344
931 986 931 185
327 683 206 683
775 369 129 369
143 822 143 153
647 378 790 378
718 807 718 343
501 870 501 129
579 906 579 174
892 360 892 747
39 953 39 606
81 87 81 934
87 261 639 261
734 429 734 306
588 1 588 938
420 872 287 872
30
326 814 326 314
61 174 497 174
367 455 367 326
260 894 24 894
15 699 795 699
454 797 591 797
455 881 455 179
653 819 653 131
633 797 633 901
859 751 859 724
403 558 26 558
15 402 15 609
418 756 418 853
210 796 210 304
484 29 345 29
303 828 303 14
916 626 95 626
667 171 667 415
926 793 926 30
639 195 9 195
748 214 748 532
837 10 976 10
321 674 321 74
441 854 560 854
7 357 669 357
436 178 953 178
229 984 229 399
975 760 975 390
326 923 326 34
10 112 79 112
30
36 506 36 57
947 969 947 723
393 328 32 328
337 829 315 829
673 714 673 836
826 578 826 724
110 853 840 853
473 920 473 750
778 159 778 752
128 476 128 381
413 221 667 221
982 750 813 750
1 49 425 49
932 501 932 380
964 220 964 455
492 205 492 298
51 365 995 365
879 376 879 654
673 141 502 141
668 655 20 655
797 669 932 669
650 312 650 91
546 532 403 532
751 702 751 999
995 105 314 105
320 723 436 723
993 290 993 461
481 310 705 310
637 278 285 278
376 301 895 301
30
274 298 274 562
562 352 846 352
909 512 909 145
933 832 201 832
576 14 576 178
235 495 218 495
224 504 224 406
232 301 232 710
951 625 951 885
731 539 465 539
963 244 784 244
338 896 606 896
136 352 711 352
929 371 973 371
433 731 433 472
182 32 525 32
410 159 992 159
809 493 498 493
772 283 772 518
621 476 621 845
612 556 612 173
838 499 838 282
230 754 230 641
288 518 288 951
295 280 146 280
645 104 863 104
280 733 280 602
209 447 209 578
356 752 356 860
142 251 169 251
30
896 811 896 448
329 751 329 985
483 46 736 46
480 951 480 732
686 685 365 685
944 133 420 133
696 280 696 387
775 909 775 132
720 581 720 560
684 545 684 363
381 99 381 586
51 318 51 974
339 4 334 4
635 754 635 683
387 422 387 982
115 331 185 331
48 746 48 157
520 643 815 643
401 972 238 972
71 564 71 463
255 797 255 269
904 304 904 574
726 557 726 453
990 672 165 672
322 736 804 736
620 195 756 195
373 346 373 894
910 357 910 872
493 506 57 506
631 797 53 797
30
858 188 286 188
451 849 284 849
774 89 774 669
61 778 61 488
382 124 879 124
91 104 91 553
597 962 597 712
593 117 593 271
557 976 346 976
8 983 8 466
488 72 103 72
266 943 266 919
151 325 129 325
34 607 718 607
430 996 303 996
574 547 76 547
483 774 483 404
871 757 978 757
711 434 711 666
377 938 377 71
441 201 441 823
893 235 604 235
260 323 174 323
834 602 834 450
855 376 514 376
844 78 19 78
630 38 630 118
189 976 415 976
742 590 742 817
773 484 914 484
30
33 440 33 382
833 42 890 42
756 40 608 40
628 600 259 600
666 377 666 943
710 918 411 918
300 580 300 343
609 353 648 353
49 382 49 607
567 849 567 565
605 174 605 77
802 336 802 788
83 65 814 65
577 793 701 793
44 157 582 157
230 5 249 5
208 613 849 613
414 57 140 57
217 588 220 588
360 906 914 906
444 728 444 11
657 712 657 683
618 108 677 108
200 278 200 519
487 368 487 346
838 783 207 783
407 779 407 466
139 732 139 989
813 0 813 173
208 65 637 65
30
826 666 826 639
296 510 296 192
879 890 879 328
887 80 737 80
555 666 801 666
288 142 288 93
495 618 495 923
912 178 85 178
578 76 578 736
587 280 587 10
690 171 832 171
929 921 929 739
829 893 829 105
387 550 387 922
845 168 794 168
880 110 55 110
791 308 915 308
72 278 72 713
968 545 968 846
938 819 845 819
302 183 117 183
391 852 805 852
951 588 71 588
126 183 739 183
6 918 387 918
101 284 937 284
646 135 646 855
425 700 425 465
934 355 883 355
325 688 325 932
30
355 639 612 639
833 703 833 667
710 54 710 445
382 155 303 155
158 518 971 518
211 437 211 904
787 723 125 723
827 409 827 963
927 116 993 116
660 983 53 983
67 851 67 391
47 233 728 233
205 700 205 399
303 489 334 489
812 442 261 442
573 576 573 439
785 856 992 856
797 397 797 236
979 248 87 248
167 26 937 26
336 867 352 867
687 991 921 991
851 534 851 406
198 463 466 463
335 810 335 862
98 208 997 208
436 77 642 77
932 603 40 603
620 392 620 531
452 431 749 431
30
508 339 59 339
877 706 473 706
688 335 688 525
874 433 408 433
51 662 670 662
62 335 441 335
455 972 455 919
669 777 521 777
932 177 918 177
161 391 161 628
78 505 78 449
380 858 380 725
748 261 660 261
101 810 551 810
426 823 426 856
492 729 492 319
661 589 661 256
236 332 24 332
825 741 273 741
35 350 35 516
528 98 244 98
630 796 630 878
734 971 611 971
463 282 463 484
92 223 299 223
328 675 328 317
500 590 500 543
411 292 184 292
939 429 939 4
577 882 577 329
30
940 617 11 617
847 574 557 574
939 208 939 704
883 21 883 40
611 935 611 271
456 346 999 346
3 885 207 885
537 885 10 885
373 829 935 829
844 572 553 572
404 258 404 482
279 874 279 22
810 646 810 499
850 102 794 102
853 354 853 153
515 243 945 243
232 888 180 888
734 428 675 428
509 344 471 344
383 845 383 218
491 69 491 54
919 848 919 284
437 554 215 554
304 512 304 222
402 744 356 744
31 488 4 488
827 540 808 540
378 672 821 672
875 800 109 800
724 746 724 196
30
763 535 428 535
2 275 384 275
756 93 756 543
124 899 124 781
726 941 726 293
114 320 914 320
376 990 543 990
91 122 696 122
206 476 206 849
830 586 830 204
679 99 679 536
350 317 350 172
465 611 179 611
932 93 932 755
298 821 340 821
742 388 742 953
802 865 782 865
388 338 388 986
438 522 438 223
747 192 569 192
213 748 213 86
193 841 193 419
491 111 491 310
499 263 499 534
668 418 412 418
750 358 578 358
153 625 289 625
900 858 900 972
958 410 958 962
251 381 251 870
30
533 492 680 492
566 796 708 796
472 586 725 586
655 223 445 223
734 808 17 808
341 944 526 944
488 751 109 751
980 222 448 222
480 513 410 513
398 471 398 580
305 943 633 943
78 312 718 312
87 164 532 164
410 428 714 428
251 823 251 885
155 686 155 891
654 518 34 518
125 614 125 605
590 271 291 271
668 361 668 55
939 449 644 449
350 710 350 761
534 646 534 426
684 669 684 62
323 96 323 472
77 62 221 62
668 512 668 916
323 873 225 873
869 262 904 262
17 580 565 580
30
343 15 507 15
921 13 255 13
727 369 137 369
156 358 156 116
384 222 865 222
707 90 707 122
378 311 286 311
395 204 395 709
569 547 462 547
69 842 249 842
738 796 347 796
96 464 96 481
346 848 117 848
591 788 230 788
516 969 695 969
757 720 831 720
645 678 532 678
781 715 436 715
519 136 519 816
600 298 600 637
107 996 708 996
698 938 698 941
988 807 88 807
97 919 97 499
565 32 565 0
788 813 495 813
924 664 924 652
642 962 677 962
385 101 799 101
324 92 324 171
30
81 612 81 10
862 883 306 883
658 894 432 894
446 928 446 744
592 749 592 599
276 743 568 743
720 14 995 14
519 812 173 812
131 535 131 424
82 397 167 397
740 599 740 703
447 879 261 879
548 861 548 729
489 298 489 487
18 483 18 545
718 354 76 354
606 852 606 851
934 18 934 647
350 970 564 970
149 178 149 321
402 391 989 391
829 700 88 700
633 312 253 312
681 704 855 704
706 885 313 885
77 312 77 197
662 113 662 248
921 291 862 291
203 324 267 324
355 32 799 32
30
404 988 362 988
569 85 354 85
20 628 141 628
332 690 332 456
803 704 803 511
978 373 978 481
100 576 30 576
455 181 455 305
20 585 840 585
195 589 992 589
567 485 567 274
175 730 175 246
787 109 787 778
482 611 482 771
712 801 712 668
335 325 335 667
508 345 591 345
55 935 55 504
779 421 521 421
120 509 279 509
57 229 765 229
536 21 123 21
690 143 690 956
468 624 468 945
888 132 453 132
824 957 824 161
736 34 736 545
825 506 246 506
12 234 152 234
900 627 900 692
30
649 770 615 770
561 273 108 273
449 561 449 944
519 457 519 222
491 120 491 853
452 945 438 945
816 590 816 787
479 217 307 217
128 922 128 281
835 390 835 158
951 454 951 262
837 911 726 911
957 931 957 753
543 735 433 735
133 572 133 268
927 52 41 52
322 849 934 849
712 444 712 674
936 899 134 899
212 773 565 773
670 144 336 144
213 122 213 783
403 46 400 46
441 330 983 330
764 917 764 568
242 713 492 713
979 179 775 179
340 543 739 543
363 75 363 919
54 549 627 549
30
27 457 46 457
821 29 821 318
298 887 298 765
610 129 976 129
751 941 965 941
56 444 524 444
131 795 131 87
849 66 849 981
27 446 93 446
409 763 409 556
650 321 650 423
400 283 792 283
109 151 61 151
165 585 165 754
380 194 380 34
260 15 260 535
980 394 325 394
743 881 743 215
638 555 878 555
670 38 415 38
828 132 489 132
413 244 413 650
790 684 790 374
909 51 109 51
434 241 953 241
168 668 730 668
159 608 159 413
631 180 631 91
8 933 8 764
529 415 529 566
30
99 292 99 369
553 830 553 949
254 265 779 265
423 861 423 508
273 470 483 470
806 927 806 216
980 860 940 860
747 858 747 60
151 429 151 350
651 612 499 612
905 630 905 514
22 491 966 491
647 802 647 414
729 982 729 620
315 912 315 682
742 770 261 770
523 963 523 626
614 477 614 364
878 107 904 107
871 252 912 252
678 673 705 673
677 13 47 13
81 589 390 589
652 823 633 823
611 615 186 615
550 88 806 88
781 710 781 146
933 410 933 285
343 440 64 440
372 111 372 781
30
524 544 674 544
176 659 176 418
271 604 271 77
506 883 506 907
946 405 946 673
167 310 167 190
653 254 653 61
194 718 340 718
366 718 982 718
400 25 390 25
819 356 8 356
267 703 502 703
672 527 672 232
837 422 837 798
677 859 677 869
54 209 54 657
639 927 371 927
113 391 601 391
932 609 932 962
228 816 228 988
221 343 91 343
889 643 23 643
892 101 67 101
453 725 453 631
2 716 685 716
286 115 207 115
521 247 387 247
337 728 337 727
170 949 213 949
588 411 617 411
30
36 833 19 833
651 761 19 761
56 5 290 5
694 497 694 873
19 612 19 120
199 340 741 340
369 306 369 586
555 894 293 894
591 664 591 718
667 89 667 535
145 825 145 498
674 371 674 484
983 604 983 754
847 803 965 803
903 153 304 153
458 949 458 479
197 966 755 966
638 642 638 658
819 508 819 974
879 458 879 891
414 997 414 891
844 208 844 93
112 749 112 100
931 699 324 699
480 79 480 650
661 73 901 73
227 169 738 169
37 629 37 616
626 859 626 372
465 67 171 67
30
215 623 215 806
130 555 283 555
562 933 562 154
946 407 946 880
618 635 517 635
485 599 476 599
344 848 344 399
666 922 666 647
545 805 545 499
782 935 136 935
67 642 67 485
717 49 482 49
999 687 61 687
889 484 863 484
262 737 295 737
184 294 184 636
99 487 99 182
621 670 621 884
312 721 312 55
790 537 790 750
888 163 888 763
978 52 904 52
240 551 240 897
885 846 858 846
373 40 373 332
217 710 35 710
90 290 87 290
627 189 627 558
352 674 352 239
495 652 898 652
30
47 795 47 373
680 231 680 190
623 523 623 48
92 435 92 59
499 526 815 526
40 726 40 373
400 964 400 501
399 812 1 812
194 375 194 456
606 998 606 280
680 873 267 873
116 679 116 52
867 178 499 178
872 593 315 593
189 169 189 102
568 103 568 212
478 668 478 342
18 622 18 19
286 303 209 303
965 261 965 765
481 264 481 66
733 489 772 489
874 902 31 902
329 243 329 938
280 263 245 263
254 616 254 173
254 383 254 680
445 996 67 996
62 485 62 904
219 676 219 581
30
902 612 902 296
207 234 207 391
988 866 751 866
604 277 604 30
12 711 12 431
850 508 486 508
390 336 473 336
418 54 418 28
677 18 255 18
911 647 911 695
799 635 251 635
281 76 451 76
234 344 448 344
84 286 84 775
249 28 327 28
708 655 470 655
726 385 251 385
299 373 778 373
29 450 952 450
403 311 966 311
989 766 989 860
636 53 846 53
885 174 885 232
702 234 918 234
780 522 780 619
821 398 821 866
427 818 427 149
467 574 98 574
585 958 585 989
836 594 424 594
30
362 656 362 76
994 358 919 358
868 890 868 996
640 862 640 312
813 33 510 33
280 608 280 874
864 919 856 919
700 280 700 697
773 288 362 288
119 633 119 490
486 523 29 523
694 701 584 701
94 507 45 507
919 55 358 55
566 135 839 135
199 888 199 601
13 315 13 486
948 976 948 473
854 815 988 815
924 900 954 900
351 370 900 370
270 610 270 751
591 176 593 176
479 547 479 215
862 701 862 978
678 803 678 635
657 975 657 713
667 899 318 899
18 570 18 47
798 180 398 180
30
344 389 84 389
891 299 891 714
352 44 352 916
903 847 227 847
940 878 766 878
607 436 607 751
6 798 6 970
368 948 247 948
331 712 911 712
982 977 982 709
977 21 717 21
944 881 428 881
237 195 237 593
344 983 174 983
144 494 880 494
127 864 132 864
810 43 810 884
945 372 479 372
923 548 923 965
394 844 619 844
941 212 941 278
804 556 266 556
147 300 845 300
977 626 93 626
373 978 373 581
923 412 923 491
808 960 354 960
554 326 554 238
538 516 538 772
320 390 320 497
30
342 889 137 889
230 672 305 672
560 238 560 142
985 651 386 651
794 93 794 120
359 419 548 419
227 672 227 404
902 414 520 414
657 596 172 596
829 240 313 240
456 67 340 67
727 793 386 793
820 506 820 640
217 540 217 196
564 601 564 993
865 855 634 855
875 158 875 72
339 737 339 619
545 960 545 829
39 215 39 278
74 270 74 98
810 646 810 736
81 599 705 599
691 947 610 947
34 202 289 202
771 260 771 300
572 482 572 360
49 638 49 822
909 272 909 415
919 151 919 798
30
855 585 677 585
287 898 706 898
347 321 994 321
646 607 113 607
473 128 143 128
966 464 653 464
238 68 238 148
572 946 572 380
153 409 153 41
99 696 504 696
446 498 446 165
497 631 497 937
456 433 456 507
161 751 997 751
581 146 581 851
444 583 444 14
407 992 2 992
506 506 761 506
926 357 62 357
351 557 183 557
691 136 286 136
204 636 204 229
134 80 134 995
361 15 176 15
769 178 769 47
37 808 37 284
698 86 600 86
783 49 10 49
648 826 73 826
654 636 872 636
30
867 86 349 86
580 877 580 108
408 507 408 329
667 965 667 191
791 663 750 663
112 926 250 926
112 676 112 487
682 359 682 871
578 572 578 222
450 683 450 860
541 190 7 190
198 858 964 858
341 66 341 938
178 540 178 372
860 568 391 568
571 263 571 372
594 187 661 187
277 873 277 199
206 767 30 767
404 994 404 851
60 789 60 13
385 329 232 329
976 597 501 597
591 873 591 671
684 819 416 819
909 615 909 917
299 822 654 822
505 293 676 293
646 689 646 295
426 879 426 225
30
78 855 545 855
216 303 225 303
252 641 252 572
608 841 608 190
844 140 713 140
701 389 701 490
78 137 78 674
252 16 232 16
129 330 318 330
543 697 109 697
536 681 536 111
874 653 874 631
344 497 799 497
641 733 249 733
778 923 778 20
604 527 370 527
41 86 844 86
936 953 936 85
986 548 986 322
953 201 874 201
25 298 600 298
666 201 666 547
919 124 294 124
665 523 862 523
706 706 706 745
830 11 467 11
378 141 378 209
447 435 447 629
460 581 460 128
675 782 274 782
30
920 946 262 946
476 585 783 585
534 528 534 638
710 457 710 894
455 599 19 599
0 890 143 890
623 933 180 933
651 454 651 326
727 940 727 419
203 417 956 417
83 946 83 849
95 403 234 403
606 551 400 551
606 895 606 144
324 519 607 519
285 131 119 131
891 226 170 226
94 478 94 946
424 795 424 675
910 891 182 891
935 868 235 868
379 830 366 830
704 326 704 223
611 343 611 693
234 215 234 832
779 46 561 46
237 926 2 926
147 537 147 611
472 847 472 841
560 578 708 578
30
931 238 469 238
626 162 626 391
575 730 244 730
806 706 598 706
43 601 43 802
766 138 909 138
102 965 968 965
14 676 14 178
647 960 806 960
197 162 151 162
747 124 20 124
905 970 905 464
618 923 842 923
384 751 384 375
206 344 206 245
775 372 825 372
631 422 271 422
774 180 180 180
552 521 135 521
523 951 523 727
922 922 860 922
235 25 360 25
931 957 931 804
629 732 636 732
259 612 795 612
975 33 448 33
528 936 528 686
239 765 239 849
687 61 687 172
297 884 297 296
30
452 841 884 841
81 873 81 783
132 578 132 189
990 906 777 906
463 278 837 278
580 686 580 383
555 748 685 748
439 981 439 329
214 434 909 434
87 44 87 265
975 454 975 89
796 866 796 315
504 681 944 681
679 542 882 542
567 234 39 234
900 369 900 9
270 935 906 935
171 314 297 314
977 387 977 522
189 605 200 605
693 496 693 253
487 175 878 175
406 270 406 786
147 991 345 991
251 417 652 417
949 422 725 422
688 600 688 525
726 789 285 789
222 538 222 71
949 377 511 377
30
571 298 571 441
786 797 840 797
37 492 37 651
442 376 442 563
88 976 776 976
413 166 601 166
303 24 303 491
2 973 463 973
652 905 652 459
300 43 17 43
792 668 792 244
807 396 717 396
248 845 248 843
796 259 155 259
998 820 595 820
1 58 1 42
315 502 315 455
154 824 154 792
36 492 885 492
196 954 196 966
161 799 210 799
718 309 973 309
716 920 716 626
978 21 978 75
882 523 5 523
707 797 707 327
185 212 185 792
166 110 166 177
740 623 728 623
53 458 413 458
30
40 973 948 973
23 61 950 61
955 257 965 257
644 104 868 104
857 12 857 23
123 552 123 693
422 292 31 292
444 475 981 475
836 929 836 105
304 55 304 537
10 854 10 878
746 499 755 499
130 758 83 758
35 777 35 332
551 363 551 782
763 159 179 159
284 692 597 692
487 691 909 691
341 787 341 167
275 533 900 533
984 757 877 757
561 113 472 113
606 276 394 276
574 721 784 721
210 733 210 113
22 220 955 220
475 810 106 810
102 359 102 691
343 921 343 356
180 482 824 482
30
786 218 786 195
144 331 144 624
416 737 416 961
759 268 759 255
743 361 743 617
72 308 72 409
229 765 229 575
751 945 823 945
322 370 322 942
566 53 525 53
303 838 303 810
65 107 984 107
953 779 48 779
261 809 261 619
574 546 574 907
298 82 298 306
248 452 438 452
166 316 166 326
154 489 154 883
554 219 554 464
172 864 172 537
156 673 981 673
702 240 702 822
128 322 972 322
763 728 983 728
309 79 715 79
150 950 150 199
170 15 170 390
279 879 832 879
165 787 855 787
30
29 405 194 405
157 519 157 853
282 836 282 131
498 198 498 650
849 148 705 148
448 864 365 864
79 549 79 351
715 558 715 709
903 587 200 587
405 422 685 422
816 594 769 594
772 14 444 14
621 502 621 185
902 950 285 950
452 989 452 248
547 957 547 991
213 543 213 935
949 621 949 396
789 517 789 339
135 289 671 289
637 208 637 101
111 738 111 321
727 569 727 434
879 777 879 466
401 321 783 321
179 374 517 374
856 697 24 697
47 343 601 343
255 702 255 920
241 793 633 793
30
67 163 499 163
965 845 838 845
621 719 788 719
801 657 801 961
985 865 188 865
790 32 189 32
110 844 358 844
703 992 703 510
9 59 612 59
450 327 774 327
914 72 843 72
571 805 571 75
615 142 645 142
405 186 405 167
525 648 239 648
749 517 922 517
111 535 111 185
312 985 836 985
226 679 226 986
413 484 586 484
29 231 29 506
25 770 388 770
628 902 122 902
45 729 701 729
238 580 630 580
550 466 550 679
146 665 146 927
513 79 313 79
819 97 894 97
196 283 196 285
30
263 760 263 871
572 805 185 805
810 815 810 654
282 333 282 490
417 999 114 999
428 930 538 930
599 432 599 246
884 67 247 67
118 644 675 644
42 860 42 538
192 675 565 675
878 55 878 89
824 204 824 659
632 197 632 134
981 733 981 379
617 626 617 731
96 406 96 62
600 618 343 618
908 144 603 144
45 316 603 316
262 601 247 601
811 734 811 168
819 548 819 546
629 526 49 526
388 111 388 113
808 63 652 63
69 608 69 582
5 185 5 877
477 800 191 800
563 711 563 756
30
654 611 170 611
219 284 465 284
578 682 382 682
387 35 387 304
238 995 193 995
422 424 958 424
501 251 187 251
944 212 548 212
718 950 314 950
779 937 610 937
709 345 709 68
373 380 256 380
611 801 611 727
224 685 224 963
186 151 186 994
542 447 574 447
613 240 613 984
946 371 874 371
291 942 291 881
667 138 667 750
939 477 939 370
514 334 514 343
689 837 451 837
377 231 681 231
17 618 99 618
964 973 964 422
915 304 915 279
794 29 794 566
507 936 507 601
622 296 622 426
30
985 229 985 743
777 606 765 606
864 794 918 794
692 837 14 837
293 348 391 348
957 322 580 322
246 181 246 907
333 829 328 829
71 562 734 562
851 848 449 848
715 719 715 753
767 411 361 411
752 412 606 412
62 186 62 620
527 719 176 719
504 212 714 212
801 928 647 928
96 652 123 652
229 815 976 815
689 348 42 348
442 649 442 200
172 835 164 835
52 340 52 455
522 197 391 197
323 38 323 957
134 433 134 399
662 376 662 231
274 65 123 65
923 675 923 715
879 848 17 848
30
825 572 516 572
347 907 347 598
555 945 701 945
988 101 988 732
316 829 365 829
840 590 458 590
516 173 516 975
345 405 968 405
170 484 170 98
392 48 392 891
955 592 955 121
205 45 298 45
663 521 825 521
504 283 504 328
304 808 440 808
1 408 1 190
244 640 244 40
283 688 678 688
151 227 940 227
708 590 708 851
676 606 45 606
374 959 834 959
274 30 981 30
34 524 34 554
594 516 267 516
229 945 229 201
493 448 81 448
933 435 738 435
961 136 961 503
862 337 862 41
30
374 963 275 963
898 829 898 276
775 543 775 324
877 840 812 840
246 722 796 722
179 887 179 199
702 375 413 375
392 454 392 481
829 756 829 353
937 629 937 846
522 524 772 524
584 399 356 399
830 504 830 631
743 830 743 854
267 884 355 884
188 74 632 74
296 985 296 334
966 533 966 649
421 55 206 55
358 914 358 280
911 418 254 418
108 93 632 93
340 727 254 727
528 886 528 408
223 743 223 410
628 412 628 679
185 237 185 194
503 475 503 436
690 386 788 386
772 798 810 798
30
112 64 112 679
303 439 303 818
580 182 68 182
99 992 550 992
744 337 73 337
509 219 466 219
254 551 438 551
27 600 27 227
664 258 664 484
697 654 697 198
266 235 746 235
365 296 365 109
535 41 247 41
713 396 218 396
8 320 649 320
608 876 608 190
486 675 486 944
142 681 768 681
514 408 848 408
309 811 180 811
427 844 464 844
141 683 141 541
43 190 43 160
702 419 629 419
377 925 377 793
68 561 68 327
527 428 954 428
837 487 837 443
914 907 914 626
942 519 942 220
30
732 62 990 62
435 971 435 90
884 896 223 896
903 797 497 797
430 803 430 464
290 259 290 301
167 927 167 964
447 185 447 447
917 789 917 342
784 112 517 112
668 92 668 677
174 995 691 995
508 978 693 978
994 767 825 767
142 274 748 274
327 547 327 934
628 337 301 337
412 170 412 810
262 488 262 899
590 662 684 662
729 450 613 450
790 76 856 76
604 932 775 932
152 709 152 560
337 861 337 642
31 805 31 182
645 81 645 903
24 939 24 652
617 21 44 21
759 253 759 799
30
574 857 655 857
283 215 283 554
549 428 721 428
706 256 706 457
689 712 689 10
652 14 652 540
631 936 631 122
189 921 189 435
495 90 495 112
667 658 102 658
175 568 250 568
707 783 625 783
771 987 771 538
2 78 2 800
367 922 367 376
811 195 307 195
772 254 172 254
626 791 702 791
154 952 154 985
11 610 11 762
597 301 597 558
731 711 731 585
313 633 359 633
125 18 125 223
790 748 790 995
726 697 726 292
277 2 170 2
239 932 239 148
585 59 585 140
770 77 770 767
30
391 126 391 288
512 145 247 145
612 594 612 221
513 291 571 291
791 93 791 659
159 377 571 377
570 712 570 280
47 789 800 789
88 526 48 526
600 647 600 310
883 241 903 241
397 826 397 178
189 919 922 919
494 701 259 701
206 891 206 964
291 116 291 528
204 928 204 192
576 854 576 721
738 624 738 54
450 585 450 27
774 949 774 18
443 629 443 99
521 415 521 349
229 531 981 531
157 173 157 892
27 614 27 255
590 309 590 604
894 631 894 114
933 484 933 848
299 114 730 114
30
714 431 714 151
12 484 12 333
9 577 9 607
214 543 506 543
110 875 879 875
345 94 143 94
830 343 830 755
485 643 635 643
268 138 268 307
640 622 802 622
569 761 569 371
327 229 327 951
830 340 324 340
819 527 461 527
515 216 515 357
992 54 867 54
526 482 955 482
109 518 439 518
163 870 553 870
392 504 392 751
428 686 518 686
599 331 599 275
632 900 624 900
844 977 980 977
370 935 370 268
396 59 396 329
882 222 815 222
738 919 738 51
922 347 341 347
968 253 413 253
30
953 37 953 163
144 233 93 233
361 431 845 431
526 421 446 421
408 614 408 962
14 533 626 533
967 936 178 936
288 591 288 47
981 210 981 523
968 706 522 706
719 330 670 330
245 116 245 98
82 61 82 503
427 129 427 847
449 26 449 904
969 303 969 330
205 866 869 866
391 173 414 173
463 84 463 958
409 553 714 553
822 569 822 603
51 450 51 964
868 828 589 828
271 524 100 524
321 476 314 476
713 729 713 857
167 165 236 165
302 928 58 928
661 872 703 872
111 667 111 775
30
364 888 90 888
542 635 154 635
864 468 864 464
549 673 549 457
193 693 193 137
348 195 348 224
279 208 495 208
270 947 612 947
986 54 986 599
596 105 596 436
252 925 389 925
278 846 278 894
892 31 892 944
168 579 812 579
800 307 800 459
929 423 929 934
477 885 477 888
676 342 886 342
280 628 280 94
988 474 29 474
974 372 958 372
494 770 494 90
550 429 393 429
679 325 625 325
916 513 916 581
467 541 526 541
620 95 732 95
114 961 640 961
440 951 440 284
726 721 581 721
30
628 326 628 213
839 358 109 358
42 704 885 704
763 509 420 509
383 152 383 231
871 266 29 266
665 822 993 822
926 392 751 392
964 252 974 252
435 803 237 803
122 477 106 477
885 526 885 648
879 678 317 678
750 698 750 3
364 996 364 173
924 274 776 274
888 103 888 841
78 890 904 890
10 552 59 552
536 707 536 410
79 938 863 938
867 777 965 777
215 490 215 249
26 414 369 414
481 562 481 51
641 955 641 91
965 502 965 983
561 745 561 419
176 283 176 540
150 857 150 447
30
348 696 348 559
280 722 769 722
843 820 843 279
722 127 29 127
364 225 945 225
365 109 638 109
648 178 648 591
38 35 219 35
734 779 734 498
59 619 59 716
995 792 738 792
718 768 718 364
484 309 484 433
71 26 583 26
174 249 528 249
564 748 564 372
527 222 527 812
528 842 489 842
579 524 905 524
269 347 889 347
322 931 130 931
746 713 746 336
240 864 240 984
709 612 807 612
931 619 931 78
148 919 148 759
665 498 970 498
211 934 382 934
885 512 885 175
577 511 577 979
30
727 963 727 974
781 24 831 24
909 401 729 401
828 841 828 277
506 599 506 877
259 810 10 810
123 537 123 327
306 400 870 400
621 196 621 819
3 977 954 977
683 912 983 912
524 612 524 124
1 211 527 211
612 889 612 717
426 396 426 139
9 54 305 54
205 477 205 673
480 627 480 617
601 663 189 663
565 313 565 274
314 801 314 798
867 690 365 690
857 615 646 615
866 303 866 697
370 132 311 132
928 350 709 350
881 898 881 904
212 178 212 576
374 331 509 331
594 874 594 841
30
731 487 731 231
928 143 726 143
650 389 650 888
597 669 717 669
847 622 847 350
152 926 152 290
799 652 209 652
403 673 160 673
242 391 242 59
671 137 671 661
526 901 526 674
850 391 850 98
365 448 365 109
399 726 706 726
198 267 198 329
670 841 670 332
232 743 232 650
880 663 880 577
603 916 954 916
404 346 816 346
277 205 934 205
28 992 28 662
344 259 153 259
486 185 547 185
197 581 25 581
602 861 572 861
557 526 557 896
64 931 616 931
902 693 419 693
894 434 894 299
30
778 452 778 787
290 686 290 85
111 884 686 884
65 258 65 226
137 474 137 879
847 890 908 890
749 327 749 304
761 955 761 500
408 288 408 559
644 974 922 974
960 107 659 107
219 238 219 500
731 64 128 64
578 36 578 538
363 195 363 322
150 822 150 720
279 462 609 462
276 883 276 351
844 363 844 260
601 112 601 123
843 251 843 972
287 511 287 100
774 58 479 58
200 949 119 949
831 80 831 552
963 904 963 843
267 103 267 574
697 568 237 568
948 210 948 185
73 637 73 590
30
764 421 764 339
621 810 621 476
890 381 890 912
755 285 13 285
940 211 476 211
637 713 637 542
79 275 525 275
467 69 831 69
889 171 889 546
374 981 667 981
932 755 78 755
443 687 648 687
124 383 381 383
190 276 190 311
355 188 355 166
997 656 609 656
520 507 520 759
779 234 78 234
711 156 711 734
382 951 1 951
507 734 507 708
10 371 10 514
680 911 494 911
678 456 678 816
928 963 52 963
707 482 707 539
273 990 520 990
873 7 629 7
689 608 563 608
430 60 40 60
30
110 535 110 243
59 343 691 343
95 339 208 339
99 578 168 578
689 372 510 372
562 491 562 598
161 180 493 180
533 943 916 943
159 420 546 420
570 237 570 774
334 333 308 333
433 477 433 831
518 694 518 888
486 185 955 185
800 0 310 0
685 226 685 349
248 737 573 737
347 837 570 837
230 681 785 681
969 59 623 59
663 512 663 10
317 998 918 998
581 117 294 117
995 807 260 807
243 834 243 557
533 479 533 603
709 741 709 33
710 657 710 698
521 708 521 925
377 844 377 222
30
516 777 649 777
909 863 833 863
743 742 743 540
221 495 221 196
236 229 236 52
750 886 671 886
811 597 811 631
853 793 683 793
332 721 858 721
692 593 43 593
434 935 434 318
514 783 939 783
95 991 95 670
341 93 93 93
724 290 93 290
577 128 577 357
216 812 235 812
260 630 260 446
764 918 702 918
630 993 630 72
742 984 60 984
505 436 334 436
427 230 514 230
907 223 907 458
439 45 439 477
675 923 675 746
40 800 40 646
719 794 748 794
160 813 560 813
666 895 666 680
30
546 674 407 674
865 769 653 769
910 482 910 260
358 406 883 406
530 159 468 159
601 569 601 435
348 729 16 729
243 48 243 995
594 403 594 203
268 209 268 924
691 537 691 821
895 704 895 895
716 234 711 234
285 499 285 602
970 847 114 847
109 18 63 18
619 512 327 512
828 252 828 16
789 837 789 969
216 541 443 541
506 284 315 284
357 917 357 936
402 887 350 887
511 414 511 221
549 33 157 33
153 173 153 732
53 362 330 362
270 773 270 383
699 632 476 632
616 764 616 546
30
896 166 113 166
662 687 662 53
236 562 236 260
87 345 87 683
398 13 398 705
440 139 575 139
139 403 139 464
10 167 316 167
259 781 259 362
468 768 468 321
933 330 445 330
480 278 219 278
846 276 846 697
717 624 717 460
924 27 316 27
632 287 231 287
946 414 171 414
844 714 939 714
384 778 166 778
386 217 85 217
662 135 662 400
759 860 759 940
784 256 784 685
241 917 241 321
863 845 863 889
689 180 689 325
565 492 565 228
665 230 197 230
597 800 976 800
916 457 699 457
30
524 384 524 17
653 690 653 420
662 535 445 535
842 123 842 396
967 624 967 893
642 90 642 793
121 687 354 687
405 389 442 389
811 142 679 142
501 452 501 664
466 461 466 614
10 584 420 584
987 313 987 452
756 246 756 423
367 130 367 292
887 86 887 23
897 702 897 529
545 506 787 506
753 6 633 6
764 53 764 846
366 299 366 84
859 897 270 897
914 341 725 341
0 748 0 962
803 491 803 647
388 435 388 634
188 267 188 690
536 320 759 320
195 187 513 187
135 407 701 407
30
426 49 681 49
527 644 527 298
945 487 991 487
625 732 623 732
244 313 244 577
689 201 307 201
884 172 884 473
307 526 307 744
425 953 757 953
407 69 162 69
352 505 352 785
483 408 483 710
73 639 73 996
303 328 663 328
475 137 475 208
952 15 842 15
951 378 152 378
358 314 358 708
493 172 499 172
253 209 253 382
730 201 601 201
33 616 33 94
303 105 346 105
607 188 607 441
139 594 139 137
260 845 260 912
411 691 87 691
822 973 623 973
576 904 55 904
150 192 650 192
30
497 771 497 764
212 750 212 177
26 239 771 239
203 938 127 938
424 643 27 643
399 201 399 721
608 11 608 519
521 162 915 162
292 680 292 48
782 225 782 367
604 138 604 105
233 342 596 342
9 623 9 154
227 176 735 176
239 606 239 543
128 811 128 116
164 491 629 491
742 997 742 646
103 135 240 135
688 837 688 518
460 24 460 105
252 192 252 422
799 317 799 948
128 64 128 51
228 681 228 596
594 30 316 30
698 557 698 347
865 394 436 394
893 890 843 890
617 86 337 86
30
287 285 287 516
349 567 349 739
600 335 600 900
216 930 148 930
495 125 718 125
360 154 360 78
273 400 96 400
433 243 75 243
943 718 945 718
862 36 862 997
724 249 724 445
593 465 986 465
440 704 440 814
211 244 211 755
518 852 518 801
637 228 637 291
588 171 127 171
625 476 625 848
725 646 725 355
591 693 591 486
300 749 185 749
292 545 275 545
144 76 144 528
819 304 842 304
759 969 759 213
413 446 85 446
59 792 59 714
837 552 837 35
853 572 853 899
175 864 165 864
30
251 693 251 495
337 864 735 864
658 300 658 712
797 714 628 714
942 694 942 128
247 515 247 718
618 87 202 87
719 145 665 145
512 764 656 764
744 201 603 201
44 315 44 316
296 465 588 465
342 68 342 890
584 609 584 393
579 947 579 327
344 666 472 666
129 856 410 856
225 14 225 621
329 289 329 84
672 937 905 937
92 796 92 573
966 405 52 405
379 266 60 266
532 76 715 76
477 13 694 13
315 491 212 491
956 296 956 671
320 577 320 524
97 373 441 373
493 416 466 416
30
526 224 318 224
385 410 585 410
631 863 14 863
578 298 231 298
903 874 499 874
23 480 311 480
473 752 473 687
597 153 597 275
31 593 31 474
979 59 979 217
232 42 900 42
132 810 594 810
35 93 35 935
468 246 468 72
350 759 350 182
264 809 264 121
403 595 403 88
306 6 576 6
828 890 740 890
334 960 89 960
779 377 779 214
623 638 623 893
427 749 273 749
237 394 237 660
101 341 374 341
407 302 407 747
130 487 130 349
173 791 173 142
357 168 904 168
347 797 347 469
30
576 743 576 814
489 475 489 453
928 179 928 530
481 278 481 984
685 117 407 117
476 549 476 595
851 258 492 258
961 0 407 0
56 221 56 390
196 48 729 48
259 727 663 727
889 999 889 525
685 284 685 650
185 245 185 510
2 449 754 449
315 513 315 378
769 86 270 86
317 999 317 463
479 610 605 610
130 478 859 478
766 861 766 29
891 458 748 458
245 854 245 357
87 367 284 367
856 554 856 940
905 756 905 922
527 235 720 235
10 931 10 581
610 792 80 792
180 853 158 853
30
867 34 658 34
954 943 954 207
849 499 849 40
255 962 255 975
47 842 260 842
841 330 332 330
413 803 724 803
234 593 106 593
764 453 381 453
588 59 923 59
88 315 88 368
278 695 278 538
150 94 324 94
656 991 546 991
270 421 154 421
857 260 857 995
728 376 70 376
345 669 697 669
661 417 661 804
112 694 112 411
87 844 630 844
95 528 95 685
150 191 150 236
451 231 451 318
740 311 616 311
665 86 89 86
82 246 82 38
801 940 104 940
240 86 240 324
614 10 614 556
30
792 201 124 201
375 794 375 185
534 153 534 667
109 170 719 170
109 355 502 355
262 606 262 432
109 692 190 692
98 119 126 119
250 891 29 891
214 396 305 396
719 325 719 255
434 975 434 845
436 347 436 436
953 221 953 553
330 95 330 7
194 134 194 473
736 503 736 55
69 361 69 768
38 23 38 382
228 350 613 350
575 401 575 838
622 391 622 230
238 487 105 487
724 931 724 118
173 786 297 786
886 65 886 348
731 441 748 441
311 713 311 930
768 115 767 115
512 350 512 394
30
588 851 588 32
502 134 476 134
774 27 480 27
180 191 190 191
939 263 424 263
354 652 461 652
475 580 475 209
930 955 930 690
74 158 886 158
576 363 576 565
489 397 489 869
412 578 313 578
703 89 703 416
795 229 795 827
388 161 609 161
299 343 666 343
373 553 373 146
916 712 916 257
109 478 109 437
242 102 242 881
191 649 191 653
230 480 230 609
220 571 220 187
222 854 222 416
563 759 601 759
627 210 627 784
573 41 128 41
676 361 676 229
362 234 362 558
520 66 687 66
30
227 443 201 443
433 617 433 965
919 532 219 532
129 355 129 600
80 928 454 928
35 441 528 441
269 86 269 99
958 786 958 621
13 822 13 419
736 791 990 791
561 655 835 655
916 787 916 307
867 761 867 153
681 148 815 148
120 914 120 104
725 53 832 53
251 899 217 899
339 207 339 367
769 554 769 132
694 439 694 234
553 740 553 222
421 37 421 471
304 575 304 972
301 156 301 775
992 407 595 407
314 552 93 552
221 225 221 710
665 945 665 476
50 37 271 37
742 88 704 88
30
676 670 101 670
832 876 832 875
221 471 221 689
137 783 137 798
508 360 273 360
805 102 805 947
571 152 653 152
357 665 984 665
385 85 385 658
314 534 314 512
357 201 357 12
810 336 205 336
670 830 670 74
22 932 437 932
27 29 27 610
946 366 121 366
604 690 604 117
4 554 847 554
694 368 444 368
141 251 201 251
568 381 568 366
803 403 887 403
832 497 832 167
289 795 354 795
471 331 890 331
90 828 994 828
438 136 727 136
932 280 932 820
538 661 442 661
329 341 847 341
30
15 178 76 178
430 304 726 304
254 968 254 225
219 410 630 410
357 10 637 10
810 637 794 637
588 348 715 348
562 269 920 269
577 996 577 773
779 499 779 221
820 798 820 819
449 18 129 18
766 159 674 159
820 576 447 576
760 514 760 319
76 239 76 180
954 235 239 235
812 805 751 805
963 570 963 208
372 337 372 713
103 739 103 679
126 911 309 911
992 628 992 52
867 232 867 427
18 538 173 538
276 183 673 183
881 199 479 199
570 192 570 102
781 283 58 283
719 260 865 260
30
269 347 673 347
100 853 20 853
193 119 440 119
465 470 800 470
699 279 699 592
471 694 471 295
705 827 300 827
424 517 424 44
138 69 138 337
522 710 522 735
255 527 255 295
345 447 345 746
690 726 313 726
384 961 384 655
955 666 355 666
824 399 824 214
904 821 305 821
614 393 614 336
272 983 272 299
430 397 430 13
327 88 705 88
712 640 388 640
96 19 749 19
847 316 847 157
462 220 11 220
347 855 407 855
58 330 97 330
111 456 268 456
325 790 368 790
109 37 88 37
30
190 557 899 557
408 506 73 506
84 871 616 871
375 784 910 784
8 434 579 434
847 471 786 471
525 506 525 395
483 967 619 967
870 25 281 25
631 354 631 961
929 790 932 790
843 657 41 657
203 620 203 685
823 467 639 467
34 329 907 329
869 878 869 525
100 806 100 130
512 444 512 585
373 870 373 877
918 713 473 713
158 538 294 538
933 333 702 333
319 961 319 664
541 839 435 839
918 348 23 348
609 362 515 362
479 393 479 118
943 663 164 663
458 454 264 454
743 966 743 802
30
466 280 954 280
8 742 8 763
787 660 920 660
436 748 757 748
181 227 181 475
639 171 398 171
97 662 97 412
215 981 606 981
33 560 33 84
302 848 302 453
374 987 984 987
162 94 162 666
321 141 321 539
290 132 469 132
304 234 304 773
449 379 449 250
335 291 228 291
681 183 908 183
245 407 257 407
339 275 339 616
508 768 505 768
326 150 833 150
606 560 444 560
337 694 337 196
776 381 926 381
835 809 438 809
80 47 80 490
322 459 322 783
288 319 694 319
967 527 967 275
30
485 719 485 889
437 766 155 766
565 433 565 416
854 268 295 268
138 902 471 902
255 949 371 949
65 895 737 895
364 945 742 945
983 436 957 436
464 420 701 420
897 117 897 63
711 324 218 324
690 849 506 849
877 297 66 297
155 295 407 295
149 871 22 871
132 979 132 861
915 795 241 795
384 656 384 211
781 367 286 367
145 823 366 823
784 22 665 22
291 424 291 909
925 932 925 822
263 684 263 313
951 906 951 104
914 315 914 44
682 448 850 448
569 827 392 827
409 705 519 705
30
833 429 833 512
334 713 167 713
832 370 387 370
90 491 90 657
158 53 158 639
87 841 87 879
410 623 410 469
988 33 113 33
977 769 329 769
848 311 163 311
550 33 355 33
394 12 394 480
119 65 863 65
961 94 961 420
718 241 718 839
581 304 581 673
281 2 281 537
203 700 203 979
334 603 711 603
347 192 347 253
117 311 269 311
41 211 348 211
282 187 282 384
58 844 567 844
412 456 412 422
157 401 157 851
563 736 109 736
755 362 755 551
173 479 43 479
566 391 566 324
30
930 709 930 65
984 119 252 119
440 674 440 147
428 998 428 709
818 913 951 913
502 533 439 533
834 675 407 675
732 577 443 577
793 860 793 634
238 844 443 844
942 264 586 264
295 293 208 293
159 466 227 466
14 18 14 715
852 475 852 283
207 78 207 288
274 938 616 938
411 864 771 864
354 357 354 525
4 86 4 853
432 245 173 245
450 241 450 653
288 716 435 716
367 76 367 627
702 243 702 792
654 915 654 400
925 624 7 624
213 11 803 11
997 976 997 220
225 569 454 569
30
514 890 514 560
318 539 318 890
34 782 939 782
301 339 301 501
265 509 265 906
709 74 589 74
37 162 37 871
387 326 387 244
568 805 568 486
729 344 906 344
115 846 115 620
185 121 185 694
600 982 783 982
372 661 128 661
534 999 534 10
254 325 527 325
411 366 411 131
38 447 939 447
559 236 331 236
32 26 32 576
978 359 978 423
551 83 43 83
53 903 892 903
771 307 826 307
137 957 137 179
118 347 499 347
29 182 29 357
208 933 208 780
644 204 644 179
107 222 107 697
30
941 627 943 627
121 713 357 713
536 430 139 430
638 6 361 6
172 718 172 801
3 581 3 920
137 451 137 727
25 776 25 959
254 718 290 718
375 648 375 985
124 536 936 536
114 297 114 282
368 83 368 20
17 292 17 723
450 95 751 95
711 578 476 578
766 317 79 317
766 417 766 851
893 787 893 550
832 436 999 436
19 268 880 268
663 603 663 439
543 405 582 405
606 410 606 280
528 711 528 968
480 819 480 302
204 958 734 958
36 733 36 551
431 104 941 104
34 733 34 229
30
276 163 276 775
407 573 805 573
470 774 470 748
945 402 945 325
411 606 651 606
496 554 496 651
593 986 719 986
300 326 164 326
291 463 836 463
993 698 841 698
942 119 119 119
344 796 344 673
207 324 207 298
230 949 230 655
726 894 941 894
457 378 526 378
748 714 748 581
775 708 966 708
717 86 717 596
234 621 234 716
14 945 497 945
505 964 744 964
37 583 783 583
661 846 155 846
89 376 392 376
359 864 967 864
797 916 797 346
537 63 537 825
429 675 429 363
180 459 180 956
30
497 91 497 725
752 233 752 290
682 322 916 322
236 393 119 393
817 152 222 152
232 399 232 524
887 74 759 74
715 347 370 347
447 158 539 158
680 181 680 391
660 864 540 864
896 11 896 800
374 829 89 829
773 614 773 427
187 853 806 853
176 902 748 902
624 640 624 324
67 821 659 821
79 199 79 295
563 447 563 727
817 821 157 821
585 783 146 783
953 772 541 772
289 481 439 481
929 115 929 762
183 421 183 788
435 972 590 972
882 317 882 631
486 789 486 354
726 852 726 610
30
151 805 876 805
440 668 440 744
858 783 825 783
613 279 933 279
523 401 491 401
192 123 192 43
264 397 264 300
910 249 840 249
61 68 61 46
790 736 576 736
401 649 190 649
123 366 236 366
998 80 998 755
555 798 555 222
195 522 195 161
1 785 203 785
249 421 52 421
628 392 382 392
381 924 381 25
614 400 219 400
974 694 941 694
124 515 124 420
38 581 38 468
934 23 934 21
625 426 625 865
406 599 406 762
139 524 888 524
459 753 26 753
786 968 786 48
468 835 582 835
30
49 402 49 400
425 774 425 691
908 200 419 200
181 508 746 508
986 321 660 321
686 446 874 446
922 6 142 6
76 743 67 743
468 478 480 478
523 242 954 242
726 431 400 431
907 147 907 675
335 133 7 133
22 233 22 163
306 155 222 155
290 734 43 734
110 875 110 117
423 398 498 398
149 898 149 121
45 796 45 341
132 700 132 110
626 933 886 933
932 461 932 691
86 103 231 103
961 700 961 917
124 767 124 541
665 14 665 386
162 728 162 594
56 780 152 780
391 682 507 682
30
550 852 985 852
637 568 637 520
437 269 662 269
204 203 204 370
569 757 569 284
837 230 837 378
639 882 639 35
273 542 273 640
93 977 93 432
952 545 32 545
694 741 559 741
249 930 249 519
155 39 550 39
280 386 197 386
162 233 162 698
338 127 913 127
346 315 654 315
650 687 650 27
587 733 689 733
869 208 869 153
55 364 488 364
37 335 479 335
177 270 286 270
199 868 322 868
897 977 897 396
776 16 292 16
715 981 715 436
590 542 844 542
684 997 360 997
721 839 721 183
30
821 368 94 368
416 372 772 372
520 393 170 393
296 462 296 863
795 651 795 947
241 791 241 595
827 307 827 924
498 459 498 893
280 987 280 455
227 755 274 755
100 796 100 262
477 610 760 610
707 129 95 129
691 851 313 851
237 350 579 350
48 824 48 68
523 811 685 811
103 311 103 68
460 682 460 951
711 160 828 160
419 924 419 363
677 967 652 967
266 232 266 166
56 234 56 347
384 110 139 110
696 559 696 768
719 241 578 241
431 407 431 394
758 683 824 683
828 435 967 435
30
60 486 60 720
72 68 72 689
180 452 747 452
515 739 8 739
587 235 734 235
128 346 220 346
238 396 238 31
576 998 576 79
484 799 484 458
219 499 219 91
191 679 524 679
885 706 750 706
824 836 824 663
235 317 903 317
631 934 631 581
12 932 197 932
811 7 811 678
506 121 506 407
312 283 312 307
520 57 520 664
328 894 866 894
563 769 563 118
703 699 703 107
656 63 109 63
663 787 663 610
908 17 908 706
652 365 652 944
422 608 422 517
736 288 231 288
350 505 751 505
30
401 210 401 901
866 10 866 692
149 302 149 50
671 108 671 630
473 574 473 848
535 718 535 916
806 499 806 379
849 482 849 224
692 477 692 420
112 487 791 487
193 766 46 766
301 28 301 464
665 955 726 955
994 383 17 383
493 397 493 852
231 429 231 298
718 906 834 906
978 182 734 182
780 171 89 171
161 905 161 303
29 570 310 570
23 327 23 494
76 699 76 212
862 480 584 480
770 580 132 580
867 748 766 748
207 999 97 999
400 112 980 112
430 290 430 988
970 835 970 322
30
534 886 58 886
642 748 104 748
237 413 794 413
456 912 456 785
119 882 119 672
652 283 267 283
295 607 295 870
794 193 794 367
426 79 46 79
151 68 508 68
740 655 740 699
484 567 707 567
719 379 719 271
890 384 419 384
497 289 497 648
15 482 324 482
723 441 94 441
602 226 47 226
746 609 866 609
583 925 583 216
839 657 656 657
729 75 729 72
720 364 870 364
87 195 87 465
918 559 918 743
790 513 462 513
889 680 889 652
868 605 126 605
782 707 655 707
727 209 14 209
0
