10
5
2 8
2 18
5 -16
2 8
4 -9
4 17
5 -19
4 9
4 -9
4 -12
2 0
2 19
4 8
3 17
1 -17
3 12
4 -9
2 12
3 -7
1 -17
2 14
1 -12
5 -5
5 7
3 -7
7
5 1 5 4 5 3 2
/
4
2 18
2 1
1 17
1 19
4 5
4 -19
4 -1
2 -4
4 -5
3 4
2 -10
4 3
4 -19
2 8
1 -11
1 6
7
3 2 3 4 2 1 3
/
5
4 -16
5 -17
4 8
4 0
5 -17
5 -1
5 -17
1 -17
5 19
5 15
3 1
3 -15
3 0
3 13
3 -19
2 -13
3 4
1 -11
5 -15
2 4
5 -3
5 18
3 17
5 -5
4 4
6
3 1 4 1 5 1
/
6
1 -2
6 13
6 11
6 3
2 -1
5 -8
6 11
2 -14
3 -1
5 1
4 3
1 -13
4 18
4 -19
2 -6
3 -3
2 16
5 6
2 18
6 -10
2 1
6 -13
3 12
3 -3
3 4
4 -3
5 -8
3 0
2 -2
6 -1
3 4
5 1
1 17
3 15
4 11
2 -14
6
1 3 3 4 5 2
/
3
2 -3
3 -12
1 -3
1 -19
3 -7
3 -19
1 16
1 -7
1 -7
3
1 3 1
/
5
5 7
3 -6
1 10
5 -17
2 11
4 0
2 12
4 -3
4 0
4 17
5 16
4 8
5 3
3 9
2 -3
4 -16
4 -17
3 -5
3 -5
2 13
2 0
4 -8
2 -14
1 6
4 -18
4
2 5 2 2
/
1
1 8
3
1 1 1
/
2
2 12
2 -5
2 19
1 16
6
1 1 1 1 2 1
/
6
4 15
4 15
6 -8
4 1
1 -13
6 -10
5 0
3 -11
6 9
6 7
3 2
1 -19
1 -13
1 14
3 0
3 -4
2 18
3 -9
6 6
2 -3
5 17
1 0
4 14
2 -10
6 -7
2 -19
1 6
1 -18
6 -3
3 5
2 -3
6 -17
2 2
2 11
1 -1
1 0
3
3 3 4
/
4
3 16
3 15
4 9
3 -13
4 8
2 18
2 11
3 2
3 5
1 -13
2 12
1 -14
1 -13
3 15
1 6
3 -19
4
1 1 4 3
.
