0 0 0
1000 10 10
502 0 9
71 6 5
992 10 2
232 4 0
829 7 5
523 3 0
901 2 3
912 2 4
294 8 0
243 8 0
483 0 0
480 5 3
885 9 0
499 0 0
580 4 8
567 5 10
326 4 9
950 3 2
499 1 7
109 7 9
975 6 0
80 1 6
913 4 8
856 4 3
643 3 3
769 1 3
481 2 5
178 7 8
352 5 10
715 0 5
950 4 8
376 6 1
298 4 2
10 4 7
425 1 9
172 10 10
263 3 2
541 10 0
512 5 3
234 9 2
476 0 5
670 9 1
287 5 1
137 2 8
237 9 0
129 4 2
604 4 1
10 10 5
570 3 5
786 3 5
714 10 3
213 2 0
871 10 3
647 0 3
272 6 4
401 2 5
187 5 5
815 6 6
300 7 5
52 10 4
378 0 9
458 1 10
836 2 4
130 8 10
34 4 0
893 4 8
954 1 2
993 10 2
104 5 2
434 3 6
233 7 9
377 4 5
712 8 10
215 10 5
665 0 5
314 9 2
194 2 2
67 9 2
880 9 1
654 1 7
134 1 1
175 8 7
117 1 1
406 0 1
818 0 1
82 7 5
438 1 0
547 3 6
857 8 2
47 10 9
479 6 1
623 9 7
521 5 3
882 5 5
433 3 0
61 4 3
926 0 6
103 8 1
