100
2001 10 30
2001 10 31
2001 11 1
2001 11 2
2001 11 3
2001 11 4
1921 5 6
1904 9 11
1900 5 12
1937 7 13
1921 5 22
1955 12 18
1925 4 23
1944 6 20
1955 11 24
1941 11 8
1965 10 14
1978 10 2
1947 2 19
1971 7 28
1977 8 22
1914 3 11
1950 10 18
1996 6 8
1974 6 11
1927 3 19
1972 6 18
1953 11 16
1948 10 4
1964 3 1
1940 6 9
1942 1 23
1958 8 24
1988 6 11
1974 6 1
1972 1 20
1917 3 3
1987 3 24
1913 12 3
1923 3 22
1950 10 22
1932 7 16
1995 8 13
1939 1 4
1925 4 21
1931 4 4
1937 7 14
1960 5 16
1932 6 12
1948 3 4
1969 7 26
1985 5 26
1934 7 27
1921 1 28
1969 4 8
1950 4 11
1906 2 9
1904 12 11
1976 11 11
1972 2 6
1901 9 18
1920 6 6
1900 12 28
1947 12 14
1994 6 16
1983 12 8
1982 4 17
1907 8 7
1936 1 17
1916 3 4
1907 1 23
1989 7 17
1916 12 13
1977 12 10
1940 4 28
1942 8 26
1920 4 19
1939 2 10
1902 5 10
1953 12 2
1901 4 2
1942 8 8
1965 4 15
1961 4 6
1909 6 6
1942 4 23
1963 4 15
1924 1 9
1920 3 11
1997 8 19
1921 9 9
1927 3 25
1974 2 3
1935 5 5
1948 9 17
1997 8 10
1936 9 9
1903 10 20
1990 1 28
1931 1 16
