20

46
354
715 128 18
274 564 4
308 842 42
686 37 28
403 33 30
136 591 10
366 791 31
103 929 25
698 600 7
897 11 16
25 716 8
589 146 14
783 44 17
821 475 10
854 29 30
446 780 41
589 125 9
870 427 39
822 543 33
186 614 20
902 31 43
48 163 19
444 921 3
919 339 11
300 795 45
81 655 38
558 2 42
985 68 30
880 588 22
494 455 3
878 572 3
393 66 38
667 149 23
358 368 4
154 760 10
809 655 38
163 699 1
231 333 33
820 837 23
627 163 29
551 28 29
617 795 23
119 962 37
839 574 35
600 458 34
255 994 25
306 963 11
639 490 37
476 2 29
992 746 12
20 336 18
815 805 8
777 19 37
704 252 31
514 491 1
860 237 43
823 143 15
313 213 9
667 867 18
765 340 17
101 793 2
258 798 34
629 420 8
881 161 44
725 93 3
314 274 43
809 413 28
23 507 41
242 593 45
582 507 10
728 413 17
526 691 17
946 136 27
459 358 5
552 637 25
826 781 6
592 786 11
99 613 11
44 106 43
903 265 7
316 542 5
359 568 23
495 204 9
206 822 13
195 322 28
328 898 39
466 789 21
80 841 33
538 916 44
155 585 28
697 836 6
617 168 26
822 25 43
996 181 21
318 795 3
217 962 37
6 308 43
847 245 5
115 634 15
700 68 28
888 405 45
56 410 8
434 127 22
967 692 23
114 814 24
77 132 41
737 130 4
334 242 6
969 139 33
37 925 23
794 867 41
556 507 10
36 116 34
728 899 8
542 678 27
26 776 36
156 91 28
751 764 38
242 636 14
167 623 31
35 310 2
542 238 8
10 222 6
909 992 24
939 729 14
716 932 22
807 213 34
924 582 22
912 286 29
536 959 31
198 21 11
436 229 20
10 642 20
2 794 1
83 675 31
368 98 42
933 251 36
515 209 17
154 622 35
113 925 31
487 396 41
716 901 3
710 301 35
505 62 30
180 733 45
630 343 18
881 21 36
443 858 44
65 620 33
991 294 23
387 856 45
640 616 17
293 165 4
356 77 44
441 991 39
136 340 16
157 58 28
367 60 31
987 578 8
633 250 19
489 388 18
458 364 16
975 57 31
52 461 32
43 721 40
736 162 26
146 232 45
206 536 43
785 283 35
387 96 26
127 251 37
492 794 20
901 681 43
362 861 42
436 750 3
598 79 14
182 545 10
719 871 26
2 213 23
98 895 26
350 562 18
496 718 7
177 333 9
390 627 33
140 973 34
220 715 12
117 193 42
988 169 1
554 352 23
801 319 34
363 26 44
81 861 2
766 187 6
393 767 41
719 710 12
434 440 9
980 769 6
501 280 16
853 510 37
173 742 13
551 777 28
412 810 15
952 43 13
719 453 14
781 254 13
222 195 19
991 708 39
271 690 13
133 660 41
227 889 26
5 566 38
167 311 10
211 785 9
664 729 29
918 67 32
465 476 1
525 320 37
215 495 15
228 172 25
469 703 38
387 758 3
698 717 22
835 737 38
565 412 25
984 807 15
461 984 21
781 734 18
628 828 6
801 544 6
856 394 10
966 823 37
684 905 26
773 858 41
185 671 13
993 500 38
329 951 44
63 868 12
243 311 32
140 321 13
534 911 16
357 322 15
614 768 39
472 265 22
495 246 24
347 495 29
299 377 23
167 72 14
830 900 37
503 357 39
766 966 23
88 432 2
857 216 23
122 36 18
720 629 30
216 407 33
945 531 9
370 335 23
270 203 4
979 667 14
946 270 1
730 760 24
298 958 38
334 123 16
315 760 18
74 596 6
605 780 24
293 263 31
496 618 31
515 803 33
786 491 34
898 946 26
856 490 9
979 242 35
91 469 35
40 769 39
820 636 32
84 449 35
54 984 23
857 142 34
348 279 22
295 714 10
137 879 6
379 694 3
201 843 16
322 659 31
958 549 42
760 397 18
744 538 27
238 176 34
869 681 14
583 972 44
814 161 26
508 558 43
703 287 26
362 108 38
264 968 1
661 1 43
200 118 38
728 641 43
761 21 33
733 750 1
246 125 26
156 286 31
444 530 45
552 327 24
872 94 8
874 171 42
992 9 17
986 943 22
7 115 45
757 157 3
235 135 16
873 927 37
403 227 38
730 231 20
176 950 35
699 932 19
708 928 3
3 476 14
119 104 9
628 493 38
115 967 18
42 39 26
270 916 21
853 940 21
803 165 39
88 966 24
368 289 24
197 308 33
653 962 9
147 327 29
466 449 5
506 807 12
774 37 44
714 23 3
231 90 1
197 686 16
486 629 37
147 984 34
109 991 42
788 821 16
237 280 3
396 206 24
786 822 40
809 413 29
251 505 26
937 752 25
918 88 32
903 144 24
246 749 15
420 655 13
52 413 17
258 285 39
432 15 20

54
846
89 815 28
539 418 42
539 708 33
377 978 33
362 233 52
808 480 32
42 252 28
865 304 19
733 914 40
739 698 33
554 544 40
973 246 21
33 701 47
11 596 11
245 987 43
77 127 10
329 275 12
985 187 43
251 385 27
949 597 17
845 33 28
92 558 33
145 622 48
94 930 5
433 966 35
913 365 32
540 923 44
727 876 32
112 342 36
62 245 21
447 536 40
5 734 45
979 904 24
261 460 31
228 27 35
593 839 22
868 80 3
744 650 37
438 557 6
684 715 1
572 822 45
306 127 7
563 524 3
375 419 49
402 759 27
593 533 12
25 220 34
675 799 32
584 106 4
299 229 20
473 414 1
601 46 5
477 35 34
248 3 40
8 585 6
541 43 19
114 798 4
265 70 36
723 438 40
952 244 30
366 87 48
412 502 37
447 223 9
803 860 53
388 871 28
784 637 32
582 995 34
4 731 36
442 141 52
39 488 36
478 133 50
332 252 23
907 676 2
767 578 12
991 728 6
628 886 30
623 289 21
706 807 25
848 942 7
688 800 15
821 611 36
426 789 28
102 379 49
680 120 4
408 665 40
646 598 14
936 315 19
95 966 36
37 622 28
837 73 34
801 914 31
590 882 23
321 533 35
441 92 14
106 771 52
704 440 9
371 738 42
690 11 5
664 990 39
737 522 15
652 389 1
886 430 46
771 897 45
216 467 53
339 421 38
779 783 28
869 792 50
880 441 10
223 185 27
745 318 32
486 641 52
917 764 16
166 478 37
985 864 3
406 692 35
190 627 45
982 618 16
776 332 49
961 737 43
280 806 36
273 964 30
37 127 12
867 175 25
84 699 31
776 87 20
403 166 13
373 377 29
706 105 2
443 65 42
249 601 8
565 233 20
692 352 15
220 388 27
919 943 49
359 483 48
525 429 18
254 918 9
711 389 48
777 988 18
730 548 19
963 741 8
316 206 17
56 61 18
351 136 36
834 294 32
616 229 19
534 920 40
275 984 38
615 106 7
163 671 22
904 837 12
111 568 39
172 344 8
308 340 38
955 608 44
184 882 34
456 386 42
792 793 43
898 263 49
569 862 27
758 191 7
679 835 18
23 148 21
716 869 23
324 941 18
558 200 53
945 75 52
90 836 10
353 224 8
215 227 40
758 394 41
945 465 28
445 351 6
666 409 36
608 128 15
160 154 28
588 365 50
776 32 36
353 491 34
580 201 50
974 833 52
791 223 30
142 292 3
904 736 50
32 897 30
539 733 39
904 128 14
936 820 38
427 954 6
981 441 51
814 495 28
37 307 9
681 417 41
417 324 8
314 545 17
400 727 31
880 421 29
53 55 41
7 465 44
449 877 25
944 573 34
604 891 5
373 353 18
697 310 5
594 170 32
321 63 30
94 847 5
149 535 5
615 511 44
844 915 39
417 651 50
660 202 21
14 493 14
676 114 31
846 504 15
262 560 29
461 17 3
997 2 16
860 392 51
775 789 40
427 988 1
981 483 4
474 934 26
940 758 33
796 631 12
357 98 10
374 239 15
728 827 24
472 916 3
613 620 47
953 872 34
436 189 18
370 870 15
480 566 9
111 937 49
210 507 48
801 339 26
980 633 40
896 275 20
868 778 9
740 57 47
281 466 33
152 857 42
70 722 32
7 879 35
515 833 43
206 496 31
839 885 35
115 354 15
893 295 23
302 202 1
769 414 4
626 62 34
700 433 11
579 285 52
765 600 10
261 477 32
499 507 25
853 518 46
501 778 33
703 258 21
117 830 34
531 684 26
965 394 11
602 174 19
554 962 2
383 968 39
890 181 29
409 882 32
187 401 24
445 462 14
275 178 48
312 14 31
706 829 47
233 343 11
195 789 10
515 0 33
697 473 16
931 148 34
332 325 7
147 355 31
677 440 43
43 642 47
224 728 23
568 130 12
709 487 45
710 749 25
535 395 48
683 931 53
361 876 44
716 360 20
509 641 13
503 549 24
583 122 38
714 401 11
553 913 14
654 324 7
49 250 49
980 874 21
208 780 27
920 371 48
913 109 45
815 524 44
937 335 21
690 370 3
955 973 32
279 637 12
529 12 38
755 273 42
888 218 34
259 876 22
369 603 34
245 486 51
580 225 34
950 548 5
275 584 7
265 878 10
629 826 7
902 175 34
473 505 7
701 748 33
304 911 24
791 339 24
368 583 26
916 115 2
853 338 17
83 867 30
909 676 27
84 366 35
942 163 22
690 849 14
953 794 36
292 812 7
875 75 23
343 271 8
33 770 19
900 544 34
928 935 22
294 955 21
458 229 18
307 977 5
453 426 24
265 179 13
340 428 13
964 45 46
734 578 53
630 317 51
917 490 19
872 573 25
101 92 51
78 905 29
856 408 44
388 216 24
816 316 35
861 644 17
791 315 14
460 371 53
951 328 36
524 565 21
968 96 10
873 790 37
633 790 28
849 244 52
517 314 41
514 77 38
829 804 41
553 617 3
233 60 44
798 68 26
246 652 33
36 338 18
179 102 49
423 74 22
89 435 24
519 611 24
675 1 14
293 182 26
705 823 25
126 768 8
778 236 11
116 673 51
570 982 52
997 277 36
784 420 48
747 433 5
748 960 50
282 669 38
458 930 53
226 425 2
462 69 11
487 960 49
470 592 44
747 50 25
519 284 1
953 959 13
265 505 23
934 726 41
865 593 26
642 165 11
711 863 11
24 691 28
616 988 4
18 856 41
654 720 1
613 721 25
118 117 30
197 965 7
790 744 15
307 333 46
170 500 34
213 482 52
202 599 13
58 890 21
130 928 39
851 837 38
320 700 24
286 180 45
382 242 33
68 874 19
568 795 4
50 780 30
1 789 40
243 118 45
171 114 7
361 764 52
61 731 35
593 817 9
835 100 25
61 525 45
857 257 37
989 511 10
131 979 46
249 0 30
363 432 46
479 346 19
563 111 6
380 197 36
833 921 41
358 28 37
968 554 47
479 649 51
810 147 27
811 998 19
595 92 14
941 710 31
404 689 53
602 81 50
875 418 46
903 591 52
458 825 32
459 268 53
606 52 8
604 968 20
49 133 7
759 365 49
801 77 49
234 352 42
653 360 36
244 200 33
421 751 26
689 918 51
741 269 10
709 78 14
194 50 6
560 321 10
637 181 13
342 797 31
54 368 34
254 814 21
6 163 49
276 675 37
545 294 35
975 871 18
377 405 45
698 988 14
231 331 19
381 826 26
749 556 43
563 291 41
78 270 19
753 22 40
399 815 49
623 350 2
28 594 1
17 384 33
700 87 6
526 427 34
83 109 31
726 197 32
349 891 17
371 592 21
187 273 43
537 499 38
483 701 30
219 633 25
306 615 32
85 828 22
546 71 45
743 766 7
987 25 14
931 714 40
204 156 14
703 350 24
757 167 34
742 717 46
357 283 43
185 902 41
608 47 46
375 627 24
752 933 17
466 941 22
974 320 25
325 590 1
844 397 24
561 39 32
197 252 25
99 772 40
498 730 6
125 234 16
410 481 49
703 68 36
375 233 8
965 955 8
362 380 41
753 914 40
6 542 31
778 527 13
860 49 18
94 532 37
928 390 24
996 704 44
581 132 11
536 887 42
268 966 35
534 242 21
76 432 26
955 818 18
5 656 36
889 991 32
632 804 49
336 27 30
821 953 28
708 255 48
26 523 35
621 505 14
405 592 25
575 334 41
231 206 15
575 290 37
379 469 49
406 928 46
711 31 20
967 68 53
842 993 25
699 186 30
291 914 44
977 423 34
535 887 43
178 708 27
999 770 11
928 113 29
311 144 40
379 996 32
372 260 15
911 550 34
177 814 24
600 482 12
839 726 24
899 554 12
670 956 39
783 90 46
279 629 41
627 232 32
887 802 11
437 566 14
251 29 33
86 136 38
812 572 29
718 543 7
27 693 42
117 842 2
746 271 38
979 659 21
133 779 45
700 976 40
81 731 34
569 664 19
141 550 7
37 275 39
82 251 16
924 546 33
547 327 2
206 36 4
338 723 38
314 650 24
397 14 16
62 981 15
612 35 34
239 605 53
490 541 20
388 857 5
716 289 53
104 820 24
179 682 3
829 326 53
195 373 29
177 150 15
564 497 7
169 337 33
62 214 46
271 173 36
913 408 14
733 542 18
416 882 36
94 913 19
467 609 4
970 55 47
819 563 7
156 683 7
722 746 33
247 300 46
7 594 6
549 956 52
783 422 27
696 419 22
658 598 18
713 973 31
277 876 43
312 696 13
411 684 4
711 439 24
657 114 3
613 53 46
387 726 50
158 519 16
757 54 51
730 761 24
958 437 33
6 285 10
691 288 41
482 14 44
948 986 1
2 966 42
80 846 46
600 510 7
6 223 27
119 593 25
909 29 47
194 94 6
482 176 13
848 316 26
835 520 7
153 732 24
351 558 43
862 122 49
85 845 10
30 325 27
412 239 47
858 760 17
34 639 3
351 561 7
871 965 33
603 670 51
513 377 12
988 517 49
833 608 19
511 706 25
750 276 17
862 106 27
501 483 10
414 694 40
732 401 22
754 296 42
132 695 34
649 446 3
257 59 40
316 109 32
944 542 35
402 386 23
885 89 31
579 827 52
333 915 4
981 227 52
676 846 8
123 978 31
534 747 11
996 53 9
538 518 10
276 85 28
366 163 39
193 447 43
108 497 48
687 279 44
885 815 18
864 836 23
611 857 1
16 136 45
534 83 31
619 974 29
135 620 43
934 151 41
431 965 30
62 761 12
229 889 26
65 46 33
923 678 14
411 845 8
495 359 46
821 412 15
793 93 42
944 140 31
262 380 33
23 80 51
264 172 9
663 798 1
693 287 3
890 740 25
250 208 34
14 563 39
459 537 13
599 350 28
331 97 19
763 627 13
936 571 53
734 392 30
21 631 19
113 497 51
322 423 45
885 547 31
774 493 37
124 233 10
573 621 43
552 919 28
123 592 39
867 233 17
499 538 47
348 888 38
771 128 49
319 619 31
164 827 19
749 143 12
370 761 40
289 711 50
233 776 50
819 777 16
357 864 34
597 324 53
725 898 22
344 146 29
524 631 6
667 890 28
780 625 7
843 933 23
619 145 37
748 832 47
964 35 9
289 440 47
539 194 10
38 720 18
669 916 26
560 629 50
185 92 46
471 277 37
968 751 27
801 163 24
188 42 21
628 982 13
823 519 37
895 782 34
163 93 45
793 576 36
237 78 50
514 712 19
617 838 3
781 288 31
175 134 33
510 296 22
381 748 7
515 443 31
608 824 48
184 226 43
262 893 11
327 745 22
165 68 46
805 711 33
939 156 19
588 788 34
688 401 29
131 837 12
307 520 2
885 367 1
778 6 28
523 235 53
943 329 38
7 41 11
163 534 25
303 555 49
57 437 53
246 349 9
767 129 46
486 517 39
492 89 1
79 628 36
409 142 12
802 174 7
337 363 30
244 491 8
33 560 14
383 316 33
864 556 22
381 102 28
822 886 20
451 97 39
593 183 23
119 212 28
482 601 32
326 152 1
238 711 21
906 975 47
462 838 37
917 819 24
803 287 41
252 247 40
435 990 41
0 791 30
953 746 26
457 390 2
169 630 6
496 551 17
334 560 21
506 80 12
793 334 49
392 410 15
382 937 21
525 409 3
623 353 21
365 132 30
995 236 17
899 579 16
459 180 16
539 243 40
225 576 20
635 64 49
924 156 18
686 684 22
39 564 27

52
524
40 638 49
851 634 28
159 533 8
154 992 49
6 883 24
652 461 1
689 448 34
813 373 39
111 411 15
736 802 45
374 326 34
360 86 3
893 129 9
237 0 21
473 818 19
934 213 20
734 23 2
107 990 24
870 642 15
673 858 18
999 175 32
437 181 40
566 390 40
918 110 26
88 985 5
301 866 45
325 751 32
667 325 43
309 713 46
519 564 37
695 503 18
228 817 12
970 139 45
80 58 22
65 215 43
283 549 28
34 817 29
712 820 28
425 282 36
342 614 44
845 972 43
14 328 42
505 474 42
564 185 25
131 167 39
681 589 49
498 312 24
318 713 15
952 429 20
567 158 3
539 407 31
219 351 32
693 875 21
879 17 10
398 944 24
339 936 43
651 563 33
364 577 50
145 303 36
304 807 35
711 4 32
415 399 19
290 809 34
660 724 43
604 203 17
540 165 49
103 161 12
33 7 13
336 171 50
495 288 8
500 324 5
251 899 6
60 46 26
784 534 30
339 605 16
505 426 23
18 586 22
25 397 35
196 925 50
837 599 12
161 928 23
413 969 11
459 777 34
345 524 7
302 282 18
728 645 12
314 899 32
711 257 7
637 0 12
588 432 32
516 359 49
486 786 17
263 816 31
139 907 47
774 783 30
771 998 21
670 422 43
280 864 4
632 331 19
64 698 35
423 551 34
561 917 44
378 696 45
285 286 37
68 221 23
418 458 44
192 423 45
56 54 23
739 396 11
438 80 31
989 999 20
258 435 22
306 709 50
592 599 34
165 980 4
623 783 30
398 709 19
452 305 3
200 534 12
280 395 7
280 320 20
67 21 21
129 636 27
80 276 16
60 554 8
843 901 7
904 370 6
561 679 48
95 749 8
842 207 6
515 454 26
888 43 25
524 241 44
801 746 1
707 842 8
608 808 10
330 44 50
362 31 44
111 821 41
670 812 23
477 84 48
520 339 6
113 310 20
859 114 38
54 646 42
862 238 8
258 377 18
289 68 37
463 673 17
275 725 21
711 619 3
51 381 8
713 31 5
180 557 21
826 885 45
417 272 33
794 267 17
215 945 29
240 985 13
965 489 1
936 311 26
669 962 9
700 485 25
610 121 16
495 617 7
119 519 30
386 283 42
684 658 42
21 322 22
510 801 21
821 555 37
135 373 38
620 594 7
94 529 11
63 995 38
583 288 1
218 350 34
228 207 2
550 630 17
351 646 43
259 626 25
632 895 39
579 834 43
108 825 14
455 426 48
96 874 11
446 441 37
5 98 39
988 88 21
634 451 44
612 324 8
508 371 39
694 554 42
519 709 16
297 310 27
523 974 5
316 222 4
414 392 39
502 438 50
305 739 33
630 392 9
1 655 12
907 551 4
616 378 41
278 665 6
253 408 12
827 246 8
219 531 1
9 174 46
749 804 2
493 421 41
148 2 8
52 91 42
782 874 8
448 528 19
856 831 21
102 305 50
986 447 39
160 3 27
316 414 8
89 483 50
91 181 8
182 233 47
408 193 30
936 121 47
767 679 22
424 491 10
223 481 15
227 691 23
993 262 33
476 934 51
658 451 35
243 764 46
436 482 11
909 334 46
941 282 29
432 790 46
265 400 28
956 997 1
570 457 8
856 234 2
307 453 21
424 763 47
258 607 46
592 860 23
226 402 49
16 711 16
416 796 25
765 457 36
575 345 26
809 227 25
614 937 33
377 657 5
337 620 38
549 20 34
951 34 39
14 636 22
163 375 18
620 379 43
966 339 15
545 574 17
482 666 50
139 417 18
759 944 44
132 81 11
166 810 13
154 117 29
881 440 1
260 883 6
600 92 45
526 876 48
192 470 42
961 30 20
257 967 29
338 594 36
500 122 13
969 601 33
761 447 11
645 808 45
737 142 44
614 441 33
436 990 9
466 20 6
785 190 26
731 823 5
853 940 51
455 223 50
254 12 46
63 35 8
205 319 28
998 554 16
988 316 15
9 271 48
551 539 4
374 416 30
314 632 32
889 701 49
901 739 33
289 538 8
608 335 30
162 517 16
831 665 40
102 601 14
993 651 34
761 838 51
394 405 49
447 178 40
538 757 30
76 239 30
411 136 32
280 238 29
297 339 26
898 780 6
549 230 51
740 231 32
497 606 5
675 999 45
433 929 48
24 464 9
161 937 35
751 721 2
442 668 51
222 446 19
452 678 27
35 255 29
641 594 2
992 326 28
273 210 28
738 279 34
27 777 27
748 39 9
417 581 49
863 420 30
894 510 44
149 502 18
95 233 5
774 462 25
984 367 42
263 408 33
393 474 2
432 53 31
13 384 21
433 509 23
296 856 41
798 8 22
31 196 50
494 377 51
213 550 19
973 997 26
448 534 30
501 746 39
237 59 3
746 140 49
603 85 41
611 276 31
807 969 21
184 405 38
87 967 7
84 513 7
971 322 19
717 877 17
128 863 11
269 511 22
706 296 29
983 25 24
952 904 23
709 814 32
28 219 23
541 188 11
215 131 29
444 874 1
308 471 32
171 305 42
467 237 2
844 773 1
748 624 10
562 282 1
133 477 24
674 111 45
157 830 38
32 871 34
503 630 18
160 222 19
397 82 33
522 649 24
146 903 47
429 109 19
258 376 5
722 23 9
904 563 38
775 319 34
758 871 12
980 731 8
62 114 43
64 964 17
967 658 31
77 452 29
805 160 42
181 650 42
744 166 13
63 192 9
286 249 4
17 810 4
131 882 24
447 352 41
105 697 3
909 836 21
70 108 17
72 638 15
591 243 34
783 751 7
32 387 20
194 429 11
429 803 51
781 592 17
830 92 10
18 912 23
126 161 24
117 568 43
712 155 35
815 839 39
203 939 10
632 973 38
788 728 26
380 615 16
824 950 26
89 742 7
602 795 14
170 919 36
678 115 13
517 606 7
808 528 27
133 834 50
862 687 1
477 617 32
779 681 3
521 927 20
317 191 51
236 934 34
703 794 11
309 366 14
189 106 48
375 48 6
63 623 24
680 338 51
713 785 2
992 57 37
536 769 2
470 732 21
265 218 34
983 733 24
89 766 29
490 960 33
113 287 46
804 476 43
941 494 14
350 940 33
120 260 6
204 248 22
774 473 13
860 104 41
626 45 38
938 174 3
225 31 10
53 951 9
548 904 31
840 922 25
100 932 38
701 831 18
526 848 47
630 482 10
675 99 47
202 158 51
585 59 28
537 74 50
793 244 42
715 708 4
999 523 22
830 809 48
30 300 25
512 270 12
964 747 6
474 203 37
534 950 34
960 274 41
204 651 50
913 929 22
788 695 15
597 265 35
250 185 25
520 982 49
267 762 19
823 218 22
773 875 36
47 470 19
50 602 5
979 879 49
674 223 22
292 567 12
477 741 12
811 945 42
574 366 35
144 751 11
19 611 20
842 708 38
796 414 12
676 676 10
899 203 7
466 518 26
559 430 37
857 945 39
223 979 42
975 281 1
938 758 28
646 360 4
412 9 45
440 61 20
995 92 1
513 149 29
296 499 34
241 677 16
220 667 23
854 583 20
964 995 4

48
326
700 71 32
122 484 29
220 924 23
570 272 8
738 785 18
465 433 3
402 674 44
562 247 28
697 101 37
122 417 25
193 742 14
29 429 3
306 528 26
578 720 47
363 413 21
149 253 46
823 122 20
422 11 41
875 484 14
293 304 15
35 551 16
816 498 45
697 920 41
417 563 8
830 775 45
435 78 9
909 846 42
921 368 45
757 452 46
61 585 11
612 488 14
462 288 41
383 118 30
298 254 4
73 968 17
503 398 18
701 328 9
69 82 39
873 611 41
458 15 25
298 712 46
587 796 45
57 49 28
312 999 21
280 366 2
30 267 40
711 603 42
793 201 24
404 71 34
419 699 35
483 739 23
280 392 36
329 859 3
329 709 10
47 209 43
315 134 7
270 211 3
823 694 4
247 894 9
946 671 40
685 907 15
429 442 40
288 915 19
997 798 3
558 993 26
693 469 4
256 679 32
950 600 47
196 314 44
868 785 17
775 28 37
569 106 10
837 112 4
635 799 27
629 168 3
450 584 8
481 667 39
81 372 37
395 901 32
533 677 35
913 399 7
19 159 24
131 700 5
282 177 41
802 356 32
738 94 20
757 524 11
130 211 33
31 849 22
709 35 32
460 89 30
619 918 9
671 669 34
201 257 29
557 833 24
651 389 16
528 396 15
739 883 4
588 804 34
623 472 29
712 673 10
983 787 12
4 272 25
614 888 25
799 490 43
188 895 36
584 39 36
820 292 34
976 675 47
448 89 31
473 565 27
260 501 40
884 408 25
772 987 8
262 119 34
158 809 41
549 502 26
841 723 1
516 683 45
957 584 43
522 461 47
375 402 18
784 678 11
123 958 38
243 853 34
52 898 42
554 132 15
629 303 9
664 293 11
601 260 28
414 378 1
816 618 31
494 821 42
804 557 32
9 768 3
908 242 24
392 226 10
695 759 43
989 485 20
601 727 30
979 279 14
949 353 45
123 154 26
680 740 3
800 801 34
43 753 8
269 461 22
381 723 1
866 614 46
946 521 13
577 382 39
930 304 7
436 395 30
528 331 3
329 72 11
82 823 39
543 833 39
618 236 47
584 687 29
458 478 41
840 871 17
144 947 30
891 972 16
223 121 44
295 301 2
470 282 14
304 658 7
540 304 39
579 682 14
58 279 42
281 822 37
228 942 39
200 344 44
321 535 37
975 254 20
257 302 25
268 433 40
572 812 18
606 809 5
886 390 6
708 430 7
3 661 25
699 37 20
234 657 46
840 499 34
143 341 20
928 302 41
92 566 42
901 75 6
644 164 4
426 310 34
439 90 38
829 745 24
486 953 35
337 483 18
679 987 28
981 453 5
899 835 32
327 141 3
491 54 8
153 852 37
243 711 16
989 573 26
294 487 42
777 987 12
117 327 43
570 811 24
406 575 41
899 431 18
953 541 32
806 647 21
869 179 37
795 151 38
282 951 43
621 238 28
948 566 2
759 573 36
686 561 2
470 152 14
11 719 32
659 128 37
838 691 15
989 498 25
941 645 1
531 735 24
97 307 44
22 995 19
935 606 2
87 623 2
158 892 47
639 114 4
330 494 29
180 743 42
826 788 44
913 466 13
220 118 28
216 366 16
822 725 26
798 123 31
42 991 21
156 223 34
650 113 22
393 194 20
533 617 46
352 332 27
470 931 15
836 978 13
913 696 9
389 700 34
380 792 29
603 395 30
69 284 47
615 856 5
232 961 45
917 539 30
200 383 26
178 448 34
874 80 25
927 887 1
71 844 15
466 491 18
103 646 15
311 803 13
272 354 5
812 790 15
547 578 8
995 836 38
428 634 4
315 345 6
160 446 1
3 279 34
2 67 25
805 277 42
511 102 9
301 159 46
231 838 17
419 364 24
53 421 18
399 705 2
845 915 39
476 197 16
895 298 31
172 149 41
626 664 23
786 452 2
624 403 10
340 902 22
114 749 1
819 23 20
86 965 11
636 419 35
934 877 16
435 336 35
452 953 22
904 434 43
659 216 3
914 229 3
663 662 34
38 149 10
4 386 5
423 469 44
300 731 20
989 889 9
294 572 27
728 881 40
944 328 47
174 751 42
836 514 28
337 744 43
724 792 21
545 279 5
628 50 30
518 107 13
442 600 15
323 896 36
651 97 37
402 957 47
268 83 40
12 872 18
157 699 4
436 883 30
839 842 41
298 101 6
898 702 6
147 597 41
244 572 33

99
554
290 613 7
925 234 5
249 246 60
297 755 21
242 192 39
815 383 15
907 681 41
792 932 48
1 79 50
212 323 43
178 228 83
412 864 50
10 724 73
766 283 94
310 78 42
693 714 94
374 452 67
306 244 3
737 985 82
412 651 53
640 513 33
504 665 85
580 743 67
864 421 81
942 397 49
8 614 32
461 647 41
57 291 95
395 728 13
398 165 65
911 167 24
576 347 46
671 291 93
93 894 17
490 614 1
104 997 83
104 72 38
747 874 48
475 335 71
993 533 59
160 143 98
860 746 40
151 206 78
397 246 97
364 502 39
713 700 53
785 906 81
660 278 3
995 707 70
880 531 17
23 105 4
122 942 62
328 355 79
926 792 25
428 322 87
480 694 64
738 171 85
16 103 5
723 783 16
606 939 32
711 439 74
5 100 66
713 973 64
505 702 8
180 476 22
226 318 52
397 521 38
853 861 19
636 862 50
927 561 51
367 789 34
819 392 98
145 469 41
847 874 92
675 557 98
993 668 9
514 611 72
727 940 75
941 638 30
503 60 49
644 440 62
36 531 18
505 628 31
731 438 38
288 106 9
308 305 84
919 731 86
859 907 1
850 935 85
262 600 58
702 545 6
585 856 2
214 339 13
4 615 4
462 90 36
120 592 86
203 735 9
110 744 92
46 481 16
998 511 70
543 692 20
752 869 42
91 434 36
59 504 52
501 305 75
94 746 69
181 495 86
926 163 57
759 42 65
270 772 41
314 763 35
535 809 9
969 792 88
825 989 9
482 190 49
228 206 29
75 342 76
590 682 36
632 484 7
404 684 19
520 882 95
681 976 88
473 174 9
462 464 12
4 164 56
211 718 34
905 718 85
939 900 21
775 7 86
459 226 54
342 66 94
670 221 73
845 262 42
309 625 36
825 460 63
896 130 44
614 27 13
514 352 47
874 266 14
452 165 34
518 469 38
91 644 70
706 853 95
331 886 92
791 734 36
273 586 18
653 649 76
5 321 91
623 581 97
141 969 57
962 816 43
606 357 53
811 568 75
50 625 74
784 342 17
370 885 59
371 676 90
692 82 97
626 354 2
595 852 87
763 802 67
472 622 36
40 534 21
17 504 65
360 453 61
597 898 27
274 264 50
708 635 1
414 363 33
618 714 8
420 559 57
42 365 31
929 130 53
433 707 67
239 685 21
137 448 58
753 580 44
388 84 54
751 632 90
817 806 96
376 927 40
94 163 63
224 871 20
283 619 93
321 385 8
769 863 31
349 939 78
785 640 96
417 402 29
575 929 85
502 723 11
17 640 27
888 600 16
508 841 61
245 516 76
461 429 77
752 832 47
744 987 78
498 531 30
428 825 41
503 289 12
143 482 51
744 768 4
937 631 64
453 778 3
235 245 4
419 834 16
406 772 93
937 495 37
115 988 91
756 57 12
238 332 36
359 272 82
990 805 71
120 846 53
718 485 34
552 584 45
324 788 21
171 736 15
512 182 98
921 409 70
253 786 95
877 659 46
683 628 46
529 535 5
14 895 51
951 194 21
91 560 49
827 684 80
361 746 90
770 275 31
909 209 2
568 733 20
197 968 77
732 193 50
979 539 41
173 955 8
85 923 65
769 567 10
868 735 85
143 414 78
704 15 9
437 220 65
757 303 78
951 421 84
842 69 81
150 435 14
73 752 25
993 160 37
728 747 63
142 695 14
157 766 5
730 746 84
33 295 4
807 40 59
228 222 57
663 382 49
415 716 11
927 486 88
674 378 76
721 490 10
488 746 30
234 706 38
529 807 9
922 314 20
144 476 76
526 481 75
594 635 68
433 567 21
163 140 51
654 793 91
752 941 31
810 246 21
617 633 39
284 53 9
760 633 25
241 440 69
229 911 14
796 148 79
289 665 50
82 855 98
375 767 84
973 871 66
606 858 84
12 78 86
645 220 86
437 506 44
348 22 61
497 485 5
162 381 8
369 441 3
489 506 96
360 676 78
218 655 38
296 252 30
516 485 83
374 127 77
749 362 41
234 826 34
616 86 42
409 988 62
267 972 41
943 331 9
951 16 42
555 308 78
41 963 83
520 616 35
234 706 4
60 144 13
498 432 85
486 233 74
458 52 33
142 712 3
510 733 48
818 324 11
134 563 32
102 319 44
808 154 2
304 385 20
88 555 5
322 341 7
726 536 40
791 351 2
524 109 68
200 170 37
763 786 89
435 444 13
589 973 91
326 737 69
882 912 80
223 586 22
112 747 64
463 70 95
924 535 35
94 510 23
880 656 93
676 640 42
650 374 91
739 268 57
651 171 51
238 810 15
337 123 21
407 162 4
294 345 64
156 51 8
165 310 52
805 332 77
180 789 81
800 835 76
971 559 37
133 166 57
256 996 10
771 642 77
468 751 63
519 784 90
181 263 95
513 622 68
302 658 76
489 696 57
49 473 88
215 902 98
563 920 18
205 276 11
956 390 73
92 151 97
355 68 6
329 798 46
988 685 16
684 753 8
158 973 23
412 516 78
332 193 35
960 479 22
703 535 86
854 60 94
922 808 63
72 385 88
109 828 6
214 926 39
539 513 31
56 501 19
249 704 5
728 822 64
616 145 65
28 776 81
836 851 5
573 281 83
402 392 88
680 492 53
545 628 86
46 274 36
102 332 44
924 74 92
421 777 40
549 535 14
752 147 66
385 33 50
777 343 20
621 115 90
249 101 81
523 626 5
207 208 3
282 391 55
411 302 84
947 182 87
446 89 5
832 833 52
527 502 75
642 573 27
743 676 96
370 324 30
578 370 41
321 518 37
623 942 81
157 139 50
247 237 68
432 87 96
934 322 74
507 334 78
535 968 30
859 204 14
229 315 66
99 633 87
393 586 26
884 302 22
121 965 97
208 426 67
530 720 35
864 541 74
185 356 77
741 915 80
56 196 87
41 407 2
627 939 85
281 799 71
598 464 2
377 728 88
97 776 32
990 758 16
346 599 67
614 975 84
810 210 8
570 378 22
861 293 19
660 305 81
476 849 15
204 514 42
332 91 17
90 846 13
689 169 54
664 678 36
226 927 60
604 585 94
249 636 38
554 314 4
403 626 79
269 537 97
712 824 48
558 209 52
728 287 52
758 712 68
685 751 49
622 953 69
610 76 97
277 61 9
903 59 83
440 533 24
265 563 19
826 926 53
113 732 45
826 227 61
577 738 43
882 476 95
959 171 44
372 115 59
431 613 24
316 219 63
880 95 64
158 35 10
890 533 55
117 112 57
856 448 61
684 822 27
855 171 94
970 482 69
584 718 42
155 209 59
250 141 9
637 690 3
171 65 84
635 258 61
435 924 13
258 872 32
781 55 43
263 196 2
333 710 4
542 8 97
36 622 12
726 468 59
144 472 52
402 367 35
678 732 15
903 952 87
958 209 96
154 322 95
865 405 44
873 72 64
847 246 22
315 23 35
787 438 23
155 375 31
239 948 27
191 956 82
753 574 16
75 325 85
480 691 8
904 390 77
502 983 56
526 613 7
316 321 30
43 173 67
991 779 80
299 63 38
873 251 69
198 396 74
889 400 54
631 269 22
615 363 20
580 304 70
253 560 88
778 956 28
557 858 21
972 0 39
223 333 68
972 419 9
372 932 52
642 925 12
5 822 39
310 573 13
222 851 66
530 796 34
389 785 89
389 118 17
74 398 97
845 903 5
777 959 75
54 257 11
876 538 95
801 434 33
652 262 81
449 695 74
586 906 87
704 26 4
102 470 58

45
359
426 180 18
439 309 43
93 363 9
457 591 27
131 392 33
380 397 8
159 846 18
679 432 8
292 489 11
627 943 41
807 301 32
468 323 15
183 953 32
774 122 10
518 76 5
915 293 17
113 556 20
898 78 31
387 977 19
330 347 34
984 504 5
659 439 29
964 461 44
86 280 6
163 205 37
456 614 24
364 754 34
442 702 36
772 32 31
119 655 41
623 256 13
62 665 24
875 541 9
508 953 39
65 490 6
679 546 10
434 870 15
488 307 33
872 994 29
879 68 9
136 824 16
801 917 11
694 20 6
647 736 34
138 891 36
36 560 35
906 686 5
213 176 29
207 812 26
627 869 13
804 749 21
721 900 14
93 818 37
182 964 24
73 617 2
633 336 7
671 735 37
847 271 15
12 648 42
233 897 34
982 377 34
234 994 7
405 763 20
369 227 14
338 691 3
675 996 37
762 986 36
33 235 36
33 697 24
930 718 5
308 367 31
654 172 25
417 698 22
997 670 23
40 823 18
36 50 17
375 262 31
610 497 40
659 580 30
377 675 44
97 355 32
621 17 30
320 914 12
342 215 9
165 238 1
567 951 9
181 987 20
679 137 22
259 320 9
287 889 19
642 389 40
12 196 17
926 10 21
493 593 27
83 821 1
34 441 12
21 97 30
510 481 1
831 474 24
720 479 15
109 861 18
658 44 18
20 496 16
965 973 13
786 439 9
579 423 39
28 327 13
509 60 23
984 824 42
815 847 11
676 510 16
72 167 2
568 836 38
893 431 27
333 871 41
108 395 12
435 954 17
847 238 26
671 680 42
871 658 5
733 356 21
900 515 13
88 685 26
871 226 7
742 381 28
490 25 1
796 249 24
34 853 40
66 966 23
724 416 38
432 680 35
948 973 27
985 337 31
211 622 14
592 801 37
970 664 11
219 636 23
424 396 37
390 3 31
158 633 4
839 135 8
164 721 36
853 208 1
476 134 5
629 932 5
293 824 43
282 206 18
30 736 34
385 652 29
18 634 19
505 45 10
579 537 42
787 328 20
273 105 8
557 93 13
381 25 14
939 280 36
27 753 10
679 651 23
666 291 6
711 89 19
600 79 6
929 232 37
34 239 31
479 74 24
856 890 6
136 0 9
890 743 29
893 517 36
184 675 18
625 204 18
704 591 22
937 556 43
528 661 17
955 39 36
845 326 13
197 995 37
941 956 35
810 944 40
485 963 36
42 1 18
633 102 14
189 451 43
202 82 36
593 98 23
920 946 12
267 650 42
223 842 11
519 277 41
835 604 42
188 468 44
290 309 41
741 854 35
175 689 37
626 52 15
924 722 11
926 589 6
120 302 30
749 660 21
354 476 40
174 482 12
835 177 42
689 858 40
730 80 3
782 504 37
856 522 1
446 812 35
100 370 24
761 151 41
589 803 39
423 643 9
601 670 12
811 988 14
243 399 12
747 985 19
622 902 11
434 742 41
804 509 18
307 396 39
463 384 12
458 79 40
128 947 17
116 3 20
515 748 19
853 575 26
755 185 36
497 4 11
358 620 43
106 337 31
491 167 34
570 939 28
869 134 20
872 282 9
972 241 32
548 795 21
85 96 36
89 372 10
710 82 20
399 948 23
567 474 34
506 815 4
640 262 29
274 542 30
867 938 42
662 201 30
110 670 36
482 893 21
564 966 27
865 750 27
691 288 14
507 21 40
121 324 36
663 848 38
953 597 41
155 319 39
825 588 37
70 943 4
37 92 12
787 950 17
427 208 5
800 385 28
476 68 1
324 743 9
274 44 38
593 212 29
181 42 26
477 983 17
569 758 10
519 449 25
80 6 16
817 606 16
886 361 4
981 589 28
26 833 30
238 31 27
633 383 25
968 913 38
78 513 39
527 150 34
885 278 6
491 833 8
204 188 34
146 371 11
979 878 17
10 12 4
746 738 29
659 646 21
172 383 23
674 689 22
952 867 16
785 476 3
325 903 12
48 216 42
278 863 9
290 887 20
381 502 10
379 750 25
763 966 17
804 612 35
23 786 15
852 197 36
755 99 25
324 558 29
187 515 7
426 452 10
929 751 19
31 796 34
350 500 25
962 376 10
100 278 17
297 132 33
749 771 41
659 87 5
175 803 44
627 445 18
378 730 19
526 748 31
26 794 5
754 954 27
32 271 12
516 612 37
639 804 38
78 752 26
881 376 17
326 539 24
409 129 38
157 999 44
303 253 26
610 505 16
881 72 28
493 739 8
650 55 11
754 121 17
131 494 10
22 746 16
151 625 1
503 882 27
756 17 38
262 530 36
686 797 6
425 800 31
832 967 13
953 125 12
799 9 7
545 126 41
170 921 21
404 126 32
773 192 36
655 561 14
804 541 16
604 402 29
571 108 22
48 817 11
57 280 19
535 874 36
457 842 23
935 962 31
127 585 21
40 317 12

89
582
694 452 40
150 408 21
143 332 78
738 380 14
484 438 64
775 325 66
589 782 45
160 69 30
152 548 51
151 589 18
955 170 64
364 506 70
696 950 54
76 563 24
866 808 12
192 927 11
326 888 9
396 812 81
296 26 17
885 204 72
408 397 36
914 284 72
216 674 80
131 207 68
939 478 7
866 585 79
106 467 13
271 643 25
297 627 34
853 467 7
603 459 7
887 758 49
561 773 1
768 836 4
598 327 71
183 37 65
3 939 76
998 520 11
626 848 36
445 473 65
904 336 4
14 606 68
787 791 61
975 191 14
303 723 36
340 545 4
632 586 15
152 733 77
0 151 7
826 866 13
162 786 37
768 310 28
559 73 7
103 397 55
826 842 14
723 238 66
309 817 26
42 751 34
193 683 27
411 594 37
550 302 23
860 914 15
933 541 15
682 308 46
525 402 88
115 151 35
932 240 81
35 314 35
70 539 85
16 469 88
318 873 38
233 791 74
126 830 15
786 428 34
188 481 31
339 360 42
932 314 46
246 930 81
137 589 87
607 793 72
832 760 70
976 278 71
806 7 38
586 670 40
67 367 21
779 589 16
93 926 20
24 547 82
613 555 60
758 985 19
870 432 19
500 198 59
508 548 41
530 377 3
249 641 30
838 445 57
764 940 7
663 720 87
570 745 28
555 908 18
988 382 56
538 337 29
438 619 49
816 60 43
809 734 44
606 828 82
898 52 86
618 18 13
364 360 31
624 667 2
7 84 46
696 372 72
667 160 23
727 160 63
814 690 80
994 469 46
46 438 88
65 523 27
777 271 7
797 941 23
881 166 46
253 732 30
765 835 50
277 377 17
967 87 39
788 958 17
578 435 72
101 163 9
724 509 2
665 219 79
184 905 57
916 599 54
751 340 12
481 749 65
568 238 57
879 540 53
666 189 88
829 884 45
338 644 26
909 885 59
815 572 59
414 492 47
106 17 71
856 308 88
446 229 48
338 117 7
879 793 34
763 400 79
759 461 82
645 246 47
569 48 62
61 387 60
78 641 47
739 647 31
968 486 21
85 246 79
230 884 47
631 541 58
444 28 74
42 205 55
90 643 32
829 897 37
471 916 35
118 42 38
957 376 62
203 156 35
439 979 50
981 329 81
361 794 85
918 19 39
561 241 73
810 32 87
727 236 14
769 519 36
146 892 41
654 234 28
633 660 28
314 669 25
461 309 10
832 745 88
74 223 81
458 144 52
695 894 35
566 115 52
458 806 46
692 807 37
705 10 54
374 5 57
36 981 14
133 670 62
357 629 56
853 150 3
747 481 50
214 891 72
372 422 66
179 100 47
190 432 48
547 101 54
529 85 74
551 530 40
181 160 53
683 863 10
516 377 37
759 938 59
181 417 47
281 355 19
65 985 65
167 24 36
604 437 21
487 887 29
647 470 58
862 114 13
592 611 9
530 855 56
948 17 29
303 199 39
640 913 56
664 817 87
101 621 36
340 305 67
162 541 42
276 310 40
887 762 40
94 82 67
111 161 15
311 422 38
576 964 22
746 571 38
367 698 51
672 781 88
566 351 10
876 568 23
991 999 70
73 671 29
235 577 4
657 431 83
621 940 20
544 89 30
594 254 37
375 872 61
726 831 43
646 953 16
646 351 15
669 988 24
246 720 51
677 564 36
969 422 17
58 505 50
664 686 84
888 586 28
720 159 50
673 649 41
376 368 79
364 726 52
85 510 66
1 880 71
423 908 80
281 908 2
319 805 50
906 297 10
417 516 34
418 461 83
787 405 27
865 347 88
375 606 5
608 815 46
516 701 53
776 556 62
934 821 38
231 454 56
99 624 1
912 865 3
670 780 30
17 422 8
976 429 47
791 521 87
493 966 51
49 187 68
223 40 50
677 861 81
653 292 12
519 140 44
299 759 18
73 516 76
503 139 28
376 490 3
343 448 72
882 275 26
922 230 41
136 767 78
428 239 60
921 810 83
32 941 30
548 95 15
40 266 78
530 765 71
330 703 14
605 487 48
187 320 10
306 728 50
545 517 87
355 608 32
649 570 64
96 831 76
714 518 12
479 59 70
182 625 9
669 238 30
341 733 26
421 151 20
939 56 6
547 742 33
470 349 82
653 340 34
523 232 28
583 163 51
560 625 58
799 417 55
532 166 85
35 455 58
92 699 29
186 840 33
888 336 63
580 834 36
812 427 32
976 735 15
953 873 79
370 194 38
888 537 67
344 221 86
395 326 58
235 723 45
923 19 53
109 433 33
537 852 38
624 795 78
497 673 47
692 760 41
581 997 41
802 119 9
480 277 52
203 878 39
222 666 27
7 694 24
212 303 25
359 76 73
33 825 67
793 527 63
142 951 4
262 615 62
891 624 6
769 379 18
788 370 40
834 636 48
489 11 4
565 276 51
742 164 4
621 902 5
924 36 4
540 399 18
164 564 69
543 562 14
265 763 74
901 538 37
913 673 62
189 20 76
705 727 2
960 818 40
996 703 28
396 82 72
312 75 28
874 959 12
989 612 61
880 758 67
553 386 12
926 855 25
653 242 2
471 372 34
526 123 47
608 446 67
683 14 67
642 745 6
607 372 75
365 617 75
103 763 5
310 174 67
553 126 24
925 783 79
48 753 78
846 719 70
212 785 2
958 163 28
682 416 75
299 363 80
414 189 15
588 569 46
714 227 31
850 538 76
603 673 44
674 334 26
459 955 7
622 260 13
391 560 7
754 818 75
943 442 17
865 520 62
92 909 56
631 851 2
304 422 61
990 41 15
945 859 18
206 889 49
118 229 40
936 251 2
730 925 73
251 366 82
160 747 47
364 842 38
786 140 62
828 392 20
39 319 5
280 56 59
509 768 33
112 223 2
390 432 44
108 937 63
855 658 16
49 472 84
189 269 78
934 722 18
253 165 17
661 906 17
430 204 70
5 621 7
438 326 13
727 761 33
385 800 88
210 647 9
479 210 39
554 207 61
71 737 66
977 657 71
534 506 37
507 567 67
833 741 73
946 657 16
746 33 41
745 912 43
955 193 11
515 15 69
604 771 84
261 132 14
119 154 4
687 959 39
780 769 16
790 369 82
823 696 61
88 760 54
281 683 10
296 789 29
419 801 57
551 532 70
705 945 38
16 892 5
785 346 1
506 985 55
202 923 71
963 607 63
998 388 64
139 477 88
940 81 83
824 289 2
122 759 3
14 348 76
361 976 69
698 736 32
621 287 18
228 13 69
969 179 27
446 626 54
528 721 42
817 235 75
576 652 29
276 774 59
604 913 76
341 190 87
980 973 44
345 662 49
524 315 66
502 317 80
223 163 72
458 948 58
462 558 58
236 642 23
150 741 67
340 552 56
665 62 44
327 194 77
642 906 41
312 939 87
475 418 38
423 426 40
334 603 6
328 356 3
69 90 17
974 77 5
388 108 22
934 472 61
192 180 80
131 765 40
550 851 35
976 513 42
931 632 48
287 566 33
378 736 54
807 704 76
267 716 33
739 41 31
920 45 32
37 692 75
240 3 1
753 789 9
738 351 68
656 598 36
392 822 22
448 820 5
164 791 80
205 503 4
602 798 52
295 637 1
298 607 65
88 480 43
791 680 61
389 812 77
564 231 69
384 380 77
527 688 81
31 263 78
181 578 40
818 517 23
777 493 2
609 710 50
290 32 57
102 444 22
685 160 2
65 972 2
105 880 34
720 952 81
651 933 22
168 516 16
662 395 73
372 572 59
756 541 45
200 949 11
712 450 80
684 164 73
564 613 82
868 942 26
153 302 45
669 843 78
416 554 76
988 395 40
881 845 12
830 937 4
633 131 28
797 10 16
762 658 4
57 411 88
359 884 17
555 9 46
461 654 47
208 961 83
53 344 29
342 131 3
473 822 28
835 873 81
493 960 76
904 963 45
789 186 44
150 562 31
804 607 61
117 421 53

68
462
260 514 35
478 856 66
330 330 52
978 517 42
741 11 43
913 915 11
445 56 2
531 206 66
783 362 61
892 479 34
758 292 49
966 236 15
648 354 18
166 345 64
177 0 63
444 618 7
501 422 51
59 140 33
422 818 63
253 917 43
898 592 48
486 231 5
841 348 8
538 796 17
539 574 50
509 445 61
284 230 55
776 812 9
594 926 20
511 175 44
455 316 67
686 567 22
387 784 57
183 2 56
109 34 44
554 595 63
137 249 22
949 107 39
875 673 64
50 365 38
718 959 46
637 802 34
774 484 18
776 655 32
811 69 55
406 21 50
7 835 22
115 933 4
140 808 64
506 277 61
817 961 39
971 101 60
456 928 63
463 493 5
884 594 1
906 803 17
93 919 48
27 172 13
187 375 54
816 805 24
777 989 33
879 540 64
159 81 37
4 395 8
950 486 34
754 740 40
673 401 21
846 421 16
573 260 63
730 239 7
719 725 54
612 731 30
693 709 20
88 143 24
927 745 59
667 879 10
68 623 44
841 460 32
101 677 44
693 80 43
770 300 56
501 1 20
211 229 12
706 320 27
451 415 3
682 461 24
657 613 55
118 439 61
147 462 19
227 411 51
879 89 13
880 839 38
461 201 38
781 256 32
549 752 63
10 526 28
624 616 35
415 127 3
229 831 15
640 988 16
82 839 64
921 459 43
123 581 34
379 618 21
483 10 29
10 557 66
978 786 56
457 25 27
288 734 43
629 590 32
468 26 52
927 989 41
861 536 2
479 193 47
841 336 67
398 675 66
537 729 67
914 407 6
649 500 29
591 823 19
617 138 61
958 535 66
495 853 56
40 647 51
376 172 14
404 180 43
133 551 30
541 252 9
41 410 17
216 209 1
706 285 9
593 181 22
447 357 48
446 745 36
618 613 42
150 675 26
701 487 36
305 836 45
716 99 62
925 716 11
563 572 59
96 749 21
453 885 6
551 516 15
164 540 61
191 292 60
678 448 26
514 737 27
966 272 34
682 848 8
606 992 35
355 843 8
593 640 41
109 883 7
1 925 40
293 584 18
741 746 2
831 610 36
103 779 46
303 368 65
295 882 60
491 312 6
131 838 41
366 169 11
291 52 37
228 451 7
974 393 49
584 14 63
715 150 10
83 603 52
318 739 65
982 480 24
820 577 50
341 619 65
393 123 32
196 628 30
590 778 51
956 22 2
106 97 28
710 627 60
449 460 40
281 589 2
859 560 20
830 663 35
305 132 1
933 244 10
64 233 61
438 548 38
536 799 62
515 766 43
976 169 63
917 889 47
477 592 18
492 466 16
976 682 17
221 644 59
806 154 30
706 254 45
505 662 50
272 177 4
441 754 24
330 132 41
274 792 45
93 662 20
127 715 11
123 74 1
629 718 36
883 778 49
898 924 42
427 311 8
182 213 57
666 443 61
810 942 23
825 270 45
892 91 27
966 889 38
36 907 52
814 84 64
91 966 60
402 354 17
967 14 62
762 467 39
704 603 27
974 13 11
418 220 40
307 554 12
566 364 54
650 804 26
617 127 24
971 52 64
338 52 65
805 587 67
408 140 60
773 503 22
993 44 38
548 125 52
912 876 31
68 664 45
195 267 58
599 312 44
652 760 11
591 526 49
83 55 16
586 287 3
630 198 2
107 175 58
984 811 7
0 14 50
267 219 1
580 41 51
692 538 34
218 374 61
273 15 3
913 768 21
111 943 57
287 464 18
450 532 15
464 217 34
683 619 52
76 568 24
967 468 14
341 21 53
708 516 58
476 95 4
772 612 29
236 759 20
768 366 29
338 957 34
957 901 65
877 464 26
345 607 63
718 442 2
587 847 8
34 878 64
646 174 20
405 582 29
772 628 31
81 125 33
334 439 34
798 436 17
405 861 67
199 254 15
399 987 7
629 781 45
804 403 32
738 445 25
366 75 7
844 473 59
283 562 32
719 607 25
932 882 30
186 854 41
526 896 12
659 526 50
62 189 57
859 499 45
934 566 67
759 757 1
321 29 31
281 988 37
515 98 45
369 613 16
617 679 20
143 497 14
333 944 44
184 195 46
750 536 14
859 595 13
240 147 24
581 333 65
679 591 2
644 429 18
675 157 11
172 764 53
116 29 6
663 709 18
551 247 13
147 720 64
646 304 46
979 209 56
570 748 2
351 801 47
861 576 30
977 968 65
6 855 65
67 76 38
315 480 26
387 339 64
691 704 1
252 662 36
0 201 3
802 419 32
730 633 3
50 875 37
905 289 13
981 523 43
814 421 54
153 223 60
209 171 56
872 118 49
73 44 4
845 244 22
830 796 37
705 561 9
346 951 7
870 52 4
291 220 67
514 703 58
38 925 57
156 190 26
552 707 4
796 577 41
945 249 66
506 3 60
810 807 1
862 517 56
82 560 44
137 769 56
414 131 7
956 54 64
663 202 45
593 423 3
194 841 35
198 89 26
5 395 30
874 48 59
434 570 55
203 736 4
686 769 15
741 839 43
295 418 3
70 548 31
263 827 31
704 51 57
100 134 50
148 674 15
70 429 41
807 617 25
928 943 9
767 34 65
185 730 35
86 793 39
265 97 17
317 947 51
803 996 17
477 754 32
258 34 2
876 101 52
171 372 21
205 681 49
935 731 67
80 428 51
177 547 20
477 929 9
825 15 43
579 202 35
613 888 42
67 645 20
439 561 22
472 53 30
555 17 1
983 166 23
882 753 57
811 605 52
826 127 30
380 451 57
269 253 31
266 666 58
828 306 46
233 118 3
250 135 10
416 439 34
169 824 63
127 739 29
254 130 33
705 699 9
311 494 21
977 607 53
635 435 40
753 406 19
888 849 37
328 847 45
504 828 24
595 43 12
726 421 34
777 626 16
271 563 25
231 769 2
18 241 17
425 894 43
274 428 6
122 564 9
302 117 7
698 192 55
471 393 22
449 201 4
12 714 8
133 538 63
727 691 42
973 479 8
401 21 13
317 804 49
435 914 15
979 881 41
724 796 38
277 436 20
991 206 31
881 247 22
572 519 30
52 161 61
73 229 66
877 923 15
144 91 35
377 913 16
173 434 36
962 778 63
168 923 10
415 81 20
286 725 42
799 447 44
28 143 18
303 591 35

85
747
910 886 53
442 264 23
51 789 65
289 751 24
518 919 34
629 686 39
313 324 14
400 124 33
913 504 1
656 808 66
542 554 69
158 566 31
948 12 70
51 588 59
323 440 30
9 373 19
334 735 72
810 544 57
314 849 54
122 745 18
29 998 33
595 810 51
960 769 63
548 778 39
340 429 78
65 950 47
800 100 21
697 916 11
546 484 58
291 317 12
289 807 57
452 543 37
573 85 53
703 280 1
484 526 74
434 743 7
887 673 48
155 938 1
639 12 63
308 753 26
467 617 75
10 861 27
448 53 80
80 205 8
606 906 36
701 299 27
374 757 78
312 16 13
677 324 12
430 178 44
47 675 40
261 462 34
314 52 30
872 568 50
130 435 44
429 786 49
538 924 24
555 949 32
231 481 1
410 652 68
85 132 79
899 783 44
304 444 43
872 554 83
659 95 37
445 243 18
722 443 32
23 18 83
505 258 3
157 526 21
641 225 74
424 324 30
869 683 78
775 61 50
870 959 33
465 339 62
909 500 36
279 200 32
537 454 21
64 292 10
289 540 4
613 874 36
649 459 57
710 348 12
22 461 31
713 881 32
214 450 61
414 94 57
220 761 54
513 285 6
53 966 24
279 641 57
738 741 66
438 413 5
899 509 83
132 827 80
935 962 54
29 359 36
142 35 25
427 600 18
393 230 35
387 853 67
480 89 53
893 327 72
402 275 47
581 597 48
544 632 11
255 882 52
290 897 78
890 485 65
472 586 62
325 93 73
767 231 5
94 459 83
721 126 21
318 693 63
302 96 67
184 82 10
434 801 32
271 310 14
210 598 7
655 631 28
886 700 11
697 600 61
824 394 54
869 943 28
965 721 63
399 747 83
200 676 41
862 247 45
812 708 67
443 994 14
495 606 80
96 984 21
842 457 77
785 2 82
858 866 83
605 384 46
281 86 22
880 575 84
589 687 4
935 9 52
541 986 3
526 201 71
335 113 42
689 850 19
907 807 66
291 378 35
378 699 61
305 869 5
992 604 6
353 800 26
339 791 11
892 277 53
5 212 44
207 989 38
15 903 17
393 676 45
444 407 75
665 771 64
270 15 56
70 849 73
213 970 44
490 984 4
702 525 57
691 752 73
947 21 44
975 846 13
382 962 65
505 160 11
521 663 17
370 510 43
692 710 56
28 601 14
553 384 69
658 172 52
679 520 67
877 235 51
839 343 77
351 896 79
14 466 20
524 954 70
586 216 2
187 339 78
571 304 56
96 324 22
968 36 9
204 694 79
547 680 62
795 401 34
261 627 12
567 374 13
783 195 23
474 708 83
131 249 26
455 696 78
491 153 11
538 290 39
218 656 2
971 213 50
950 770 23
676 46 23
871 846 2
579 232 61
181 158 40
877 8 7
31 305 55
673 571 41
681 393 11
894 115 43
17 632 41
63 762 30
261 812 33
845 646 9
4 306 78
364 97 83
21 343 46
593 81 15
338 357 68
453 556 11
437 726 44
552 846 11
716 643 8
714 664 13
20 616 25
469 749 29
813 759 15
894 505 76
604 923 38
512 375 72
238 721 13
84 436 13
80 566 46
96 309 32
712 545 29
813 138 74
572 446 47
77 776 42
353 699 14
728 665 58
449 84 4
237 292 60
155 405 84
464 234 24
9 129 16
499 45 45
946 431 30
722 981 15
774 426 52
439 827 44
523 740 81
815 891 38
572 479 53
806 498 5
936 614 31
333 793 30
116 786 72
98 703 83
524 49 13
704 749 24
796 528 59
40 109 6
519 926 3
369 899 49
983 687 9
129 485 79
915 783 35
970 378 49
19 696 38
120 788 14
1 671 74
110 77 54
388 651 53
287 149 27
327 453 42
812 46 71
947 324 30
326 718 76
374 211 52
515 580 8
186 653 29
616 874 71
267 136 40
768 268 35
221 122 54
619 960 7
943 926 42
662 512 24
873 67 35
805 994 42
810 42 24
36 794 84
172 657 15
793 908 71
915 446 5
875 16 36
154 398 72
18 727 62
85 735 15
80 469 4
474 366 46
268 153 42
925 205 3
833 875 64
632 666 79
648 678 51
46 661 49
125 588 55
860 529 64
329 695 80
47 666 70
201 799 59
758 617 76
633 311 74
651 798 2
681 200 42
343 830 68
283 966 81
165 120 62
860 712 3
879 383 67
30 529 28
999 295 50
310 338 63
108 567 11
309 428 24
491 937 51
458 196 39
930 229 4
642 474 84
26 400 31
907 374 14
554 901 33
244 186 48
812 457 76
240 379 69
530 334 37
726 633 23
307 215 81
781 314 68
534 625 58
908 168 37
162 741 23
348 313 3
805 548 7
536 892 40
871 544 54
504 40 72
71 346 52
737 583 53
714 814 31
234 423 16
975 939 26
641 361 70
189 27 84
81 506 76
978 225 67
18 826 67
365 153 30
300 788 79
114 557 46
537 859 44
828 422 4
189 499 37
216 925 66
74 508 40
651 979 26
477 322 56
983 520 69
123 142 61
32 852 11
892 277 60
666 937 76
518 924 77
443 904 66
303 73 48
282 676 20
956 609 73
829 561 72
323 229 24
175 550 60
805 984 48
94 308 43
370 811 65
274 504 16
347 117 23
376 452 73
985 439 66
546 608 27
128 407 22
678 682 49
14 990 22
674 541 72
838 111 30
694 199 16
811 730 52
263 916 8
55 737 37
663 514 24
422 472 36
457 753 10
447 561 76
340 175 3
452 882 33
3 312 31
86 15 18
2 66 45
91 845 84
957 962 83
429 625 70
534 120 67
448 941 50
623 480 62
857 694 22
521 746 34
537 844 68
603 753 18
801 278 42
763 209 75
740 804 17
860 173 55
153 351 71
985 976 42
32 941 40
130 711 9
975 484 6
80 695 38
358 908 71
568 213 54
724 828 10
249 224 58
600 154 79
928 885 64
869 590 12
580 153 43
416 238 58
111 211 30
20 788 45
585 518 17
765 363 69
989 300 18
496 97 58
733 751 62
323 391 55
477 62 56
67 864 56
278 993 36
67 851 56
937 771 29
301 611 31
601 175 72
51 340 84
802 457 49
545 502 9
608 416 42
824 615 33
818 879 27
21 958 18
792 57 76
403 93 41
578 895 2
270 391 61
727 30 40
581 755 1
997 803 81
965 328 30
844 272 28
154 142 61
211 432 45
656 11 40
904 891 26
295 372 64
677 257 39
432 296 56
587 528 41
915 73 50
187 90 10
682 277 40
466 485 67
477 485 80
368 888 64
92 573 47
349 528 72
645 562 17
526 177 56
951 141 20
393 719 23
670 844 9
155 124 75
992 614 4
232 113 4
805 516 29
685 566 14
247 942 40
424 102 62
565 201 77
636 216 70
833 771 24
309 359 83
275 766 39
389 649 11
257 901 28
824 949 61
118 346 68
220 741 56
773 14 65
990 238 18
113 207 47
824 198 24
590 696 55
240 834 8
493 908 30
442 787 78
788 351 16
530 514 68
896 101 37
487 958 67
694 803 56
245 481 9
941 468 39
128 82 71
36 86 20
824 699 82
175 488 59
690 43 33
143 522 65
453 422 60
256 17 47
737 372 4
557 904 53
640 27 61
78 741 42
777 597 58
265 246 5
660 36 71
534 356 59
956 925 32
973 332 5
698 434 26
954 781 72
981 422 32
75 542 78
24 347 27
270 680 40
659 837 4
367 387 70
644 433 62
977 933 48
411 689 82
545 534 84
319 937 10
861 332 13
561 453 69
241 55 47
78 922 6
818 153 58
603 566 58
536 288 23
577 335 83
112 432 68
401 131 75
734 516 36
539 976 33
595 460 39
869 567 13
23 332 67
589 465 7
229 243 71
564 997 53
996 515 17
480 578 78
348 960 56
325 204 24
137 360 11
704 406 8
37 235 23
502 881 37
745 483 70
95 622 43
610 338 35
189 166 47
501 747 84
57 711 29
418 566 34
176 368 19
411 39 68
645 86 74
128 74 8
750 939 19
88 73 17
254 204 30
2 814 48
65 125 61
983 113 59
351 239 40
742 69 55
180 936 44
254 657 53
546 124 27
619 38 16
823 915 74
990 980 72
467 899 17
581 876 20
172 270 3
241 841 58
177 176 38
186 803 61
663 911 71
53 122 66
968 69 38
301 974 76
552 882 7
428 854 68
699 162 40
540 172 21
716 925 38
872 211 37
135 751 64
257 189 9
678 894 14
653 127 23
535 998 83
741 689 44
903 312 47
428 108 3
353 144 52
916 710 68
19 814 15
560 229 49
455 49 55
582 190 68
933 632 27
974 979 33
286 402 64
394 876 76
891 242 42
601 325 38
415 632 42
996 75 38
397 479 49
940 561 28
924 649 49
903 623 31
657 339 81
533 311 32
776 358 23
453 463 56
86 837 35
513 230 23
992 183 68
905 296 16
554 991 13
530 619 56
869 573 62
180 813 31
891 800 51
706 678 5
543 509 39
125 107 84
661 53 20
957 397 69
948 680 44
567 240 54
492 352 3
657 473 84
458 479 71
488 262 49
998 850 53
457 524 82
511 63 47
908 946 80
940 86 40
181 781 15
885 358 35
358 805 53
837 784 55
451 654 23
301 230 9
177 702 47
240 300 70
538 910 66
625 126 2
758 641 63
469 724 48
274 650 58
58 234 40
712 276 43
294 159 69
349 39 30
649 729 51
911 930 25
37 391 18
679 793 73
403 375 74
405 195 24
640 372 2
268 91 38
427 910 12
467 734 17
548 383 50
479 625 74
870 758 39
15 515 30
391 735 57
938 72 27
662 35 35
754 408 47
16 493 3
750 225 34
133 305 58
111 387 21
869 380 72
736 410 39
472 472 70
896 288 44
932 510 59
340 724 25
186 207 29
763 765 51
68 494 80
807 123 83
187 232 40
950 563 49
774 909 17
62 647 13
925 674 17
649 364 30
856 808 4
973 620 31
819 534 83
295 582 43
527 740 62
90 120 56
999 236 50
998 176 57
673 12 18
389 781 11
550 242 36
170 241 9
705 3 5
287 833 80
379 823 43
851 1 9
87 480 52
615 734 35
628 50 80

67
410
237 976 12
40 526 1
169 49 38
469 754 17
64 393 1
186 124 4
398 976 56
961 415 34
875 31 44
462 659 41
439 420 7
317 775 21
366 371 24
120 322 5
865 106 59
990 66 27
966 731 5
733 877 27
764 756 26
775 38 11
195 314 46
322 180 27
693 439 6
15 218 28
474 467 64
892 779 36
624 630 56
501 230 43
257 144 8
647 934 51
962 538 63
494 581 53
933 941 21
152 668 2
619 868 14
750 285 55
732 692 59
315 417 18
811 875 27
745 450 1
283 801 43
864 347 27
158 567 39
178 833 31
398 115 12
683 222 34
727 870 61
496 494 30
724 971 29
174 706 19
975 440 10
674 136 45
594 326 17
427 450 65
894 78 18
117 677 3
339 27 53
186 461 27
157 562 31
215 122 10
655 780 7
791 74 22
118 584 34
568 252 1
999 98 54
28 695 5
55 976 42
868 984 24
782 840 34
905 421 29
37 528 11
463 610 20
399 719 16
3 422 41
454 553 52
149 930 62
125 424 38
461 609 38
302 629 27
75 806 30
603 550 65
565 950 9
285 142 36
707 451 30
612 681 54
894 910 57
670 520 45
280 537 62
909 422 6
67 442 39
617 367 34
920 34 66
62 164 21
513 45 62
195 578 61
105 917 63
977 406 12
514 372 12
937 799 19
731 233 2
99 389 51
485 853 45
649 530 1
694 844 1
625 865 16
894 851 29
300 732 35
24 283 5
176 466 40
409 558 34
150 717 13
3 197 42
533 246 61
729 356 39
595 332 4
446 503 9
530 780 41
813 738 14
631 858 50
189 620 27
258 113 43
456 705 5
54 134 38
410 564 32
95 40 47
598 142 7
730 138 44
468 138 33
679 163 53
299 364 52
412 326 35
469 439 47
955 907 3
519 908 33
911 639 6
53 317 65
543 794 41
682 801 34
845 621 43
562 425 46
888 419 4
679 671 63
586 731 60
495 845 57
486 721 24
156 45 32
950 967 17
751 619 25
724 92 63
150 244 49
569 47 7
592 262 45
323 298 33
520 289 8
593 503 3
638 277 59
957 456 49
929 178 18
373 583 58
970 185 28
17 349 41
632 753 1
282 837 18
924 156 30
427 673 66
56 325 66
512 485 30
691 595 61
626 808 58
163 746 62
864 185 56
617 194 36
455 794 64
963 70 4
636 217 40
314 958 64
799 690 41
747 379 50
555 349 52
653 692 41
839 6 65
385 689 62
179 356 11
601 305 10
819 531 63
129 536 41
819 245 64
550 819 51
899 436 15
944 679 12
302 733 5
991 3 34
699 891 32
356 937 17
887 595 16
775 593 28
373 553 55
192 16 58
981 227 27
660 345 19
746 116 31
749 79 48
992 778 39
930 657 66
877 490 63
470 493 5
375 626 18
391 579 8
970 434 25
315 540 50
784 591 58
863 943 43
641 639 4
651 385 12
493 136 11
986 479 65
613 245 10
544 384 43
330 419 16
222 436 3
813 113 19
109 536 2
100 60 48
485 929 55
974 80 40
453 108 16
698 958 9
434 183 7
205 504 65
641 443 12
754 49 61
290 440 48
351 45 18
632 644 8
713 246 18
821 989 43
132 71 19
315 117 29
819 60 14
614 332 64
16 179 28
808 840 29
853 609 46
850 831 8
96 538 63
86 571 19
509 705 5
626 241 28
686 211 66
371 386 64
550 203 28
390 127 40
352 341 34
183 258 56
73 807 24
644 422 48
701 210 3
942 130 34
153 365 8
891 124 59
447 498 62
574 239 14
915 437 26
525 192 47
332 445 20
106 146 24
316 286 37
446 286 9
164 913 32
640 227 56
490 263 9
730 850 49
519 180 8
711 861 61
508 726 15
6 15 64
644 949 28
931 583 39
196 512 59
423 945 15
39 918 42
241 690 32
421 388 21
635 1 44
361 491 24
728 314 46
677 595 29
613 544 36
477 940 34
422 852 30
341 405 13
383 448 46
772 573 8
125 217 55
617 924 34
931 491 30
878 64 66
774 634 47
715 487 44
919 185 22
676 10 35
476 874 23
49 331 35
618 562 6
894 428 1
385 655 30
802 963 24
436 948 11
276 546 26
813 973 61
823 822 62
49 365 6
380 291 56
295 341 28
723 516 37
731 309 36
694 736 4
642 42 33
540 122 25
865 269 12
687 687 21
52 782 66
695 354 56
36 327 65
553 918 11
214 404 60
950 276 40
992 301 18
466 115 40
735 205 11
775 756 22
557 482 37
263 609 12
590 117 45
509 271 10
265 501 40
893 110 28
195 117 1
662 766 33
868 307 17
624 713 10
459 159 11
420 657 21
889 202 31
161 136 66
662 623 32
125 324 27
242 680 54
361 28 13
668 194 57
382 96 63
893 477 52
902 64 23
104 266 28
241 410 65
216 64 12
893 983 57
573 147 41
953 507 48
147 529 49
596 771 51
73 637 10
489 667 26
107 765 42
518 104 37
934 957 20
917 824 27
416 816 20
923 402 61
804 350 54
575 966 12
565 668 8
232 911 53
349 56 35
805 657 47
762 204 25
586 615 64
754 919 58
157 148 60
859 330 14
177 11 44
845 289 13
756 640 35
164 832 66
173 132 65
377 950 32
992 54 40
263 75 15
763 865 60
445 930 27
457 799 28
746 596 47
738 310 25
922 608 55
407 607 44
709 412 28
764 331 28
191 188 66
56 800 29
986 921 43
138 253 28
734 410 58
397 764 8
5 874 60
613 500 51
25 300 25
356 477 5
896 646 52
49 431 25
322 980 47

96
577
129 222 2
30 957 12
669 354 53
934 711 94
255 324 64
285 701 56
431 409 59
768 306 38
514 355 75
247 677 16
469 253 30
778 592 50
484 695 41
196 24 35
872 854 77
574 632 92
335 239 95
641 845 89
348 882 18
378 603 27
983 298 34
575 474 47
622 680 54
647 907 42
501 68 19
486 485 85
77 538 26
922 23 14
156 276 83
759 43 91
409 762 4
235 950 12
267 268 29
174 71 8
243 422 45
80 998 6
618 499 35
641 336 5
269 815 46
665 994 38
427 199 89
377 739 37
645 207 24
717 946 89
491 683 69
841 274 44
693 351 7
29 506 51
844 935 75
190 872 95
741 921 42
481 732 41
688 778 47
986 91 11
22 931 69
296 14 51
0 177 34
506 311 40
793 438 90
17 482 65
291 544 54
375 32 65
153 898 5
596 761 94
880 341 56
894 764 24
424 381 4
87 691 27
525 31 2
359 215 70
903 941 68
288 761 88
186 710 68
299 52 31
640 380 66
756 82 51
138 80 22
829 431 84
212 287 91
779 641 25
73 12 71
834 674 79
545 63 87
949 605 46
681 447 58
763 818 4
195 435 24
626 476 56
266 956 43
907 961 70
919 677 13
593 297 17
8 557 49
965 3 18
412 100 14
230 837 89
665 683 80
493 18 78
801 535 19
762 265 88
792 774 72
89 356 32
647 772 55
2 438 15
103 700 38
292 996 90
327 54 33
698 660 76
233 245 10
850 743 24
624 501 46
332 529 51
457 151 15
895 132 24
947 727 29
943 86 87
350 27 1
362 634 84
607 87 5
703 341 87
556 709 24
85 222 16
588 472 75
721 73 65
800 676 93
238 87 73
265 790 3
252 820 51
691 901 5
384 567 78
93 83 69
315 576 47
139 754 45
564 388 21
593 918 78
680 747 66
470 519 69
642 642 26
895 479 4
462 275 18
898 423 91
474 478 74
580 619 15
969 349 22
239 151 22
986 754 47
505 946 79
499 404 23
330 466 59
606 219 88
381 708 8
859 291 38
479 541 85
180 930 44
331 588 68
437 839 56
736 122 84
492 227 58
959 327 21
530 322 77
591 779 13
882 487 87
423 21 58
705 135 68
294 571 37
133 245 41
608 906 52
835 424 40
162 793 26
484 493 13
616 799 19
455 838 36
828 737 39
315 114 40
886 24 59
132 265 19
390 295 59
166 62 70
959 673 64
805 243 6
956 695 74
795 739 89
532 664 79
998 13 39
22 67 11
639 767 55
287 952 37
701 746 43
374 727 29
617 222 19
312 554 86
51 502 48
68 257 90
81 840 70
500 91 63
619 876 94
571 497 21
669 508 82
396 37 31
619 877 80
525 523 55
28 773 68
637 522 61
830 803 69
921 82 36
149 736 20
646 30 34
506 610 43
895 244 17
772 251 18
295 876 48
420 517 83
942 209 21
745 970 31
180 163 54
916 209 8
946 225 36
909 813 82
505 71 84
756 429 73
984 406 66
501 908 48
63 791 71
33 311 23
548 13 73
757 636 87
983 760 68
148 530 29
571 158 54
0 33 73
406 680 69
315 975 3
458 395 36
769 757 39
134 864 77
122 504 92
234 412 7
764 266 45
274 30 57
307 650 54
339 27 61
667 93 23
62 660 26
819 290 90
35 305 46
891 516 45
303 189 94
570 845 38
600 2 44
602 730 11
982 458 5
75 593 92
735 395 34
377 655 85
682 36 81
550 903 87
740 892 1
937 115 73
291 454 53
21 67 77
480 339 34
425 951 84
173 229 39
180 570 26
569 729 80
472 924 91
717 363 51
184 105 55
991 417 57
58 681 13
750 547 70
53 396 3
282 319 26
852 330 66
934 717 17
858 787 25
573 759 29
678 471 33
447 120 69
128 413 85
676 376 87
424 522 80
95 94 57
425 839 47
495 117 41
634 963 21
393 634 75
864 22 5
984 947 78
398 862 56
126 836 14
0 912 83
95 41 59
286 805 71
755 421 51
71 971 72
705 731 40
80 417 94
379 782 1
241 594 6
430 886 24
342 855 29
736 599 24
893 439 28
314 705 13
637 817 89
720 564 87
138 55 34
920 59 58
866 751 34
104 193 44
959 761 79
911 681 27
350 697 40
55 999 66
225 408 53
789 537 18
844 75 33
255 693 13
358 690 26
551 280 36
664 949 52
346 664 63
43 467 29
394 811 16
802 173 76
691 172 87
766 891 89
459 749 76
149 878 50
430 874 8
731 326 70
747 737 73
214 412 41
377 437 87
550 517 39
722 175 76
965 973 92
714 616 27
593 219 28
819 828 35
145 692 91
882 573 75
294 800 19
731 422 51
601 438 43
128 609 47
101 119 78
70 747 69
289 835 37
469 425 93
513 444 88
87 547 68
887 396 94
662 460 3
100 252 94
709 947 57
180 363 70
280 97 35
467 546 21
892 939 80
337 152 21
884 861 13
280 453 27
92 692 9
345 14 45
292 289 71
7 692 69
105 196 31
3 123 78
942 338 46
446 375 60
308 925 24
761 914 6
805 790 26
171 329 41
812 320 85
504 372 14
53 957 4
528 822 22
218 507 7
593 84 53
870 998 56
784 148 80
927 930 27
256 805 91
928 377 78
652 593 43
610 817 48
784 497 36
643 181 24
727 807 90
77 231 65
577 612 52
508 458 79
313 461 57
43 636 27
636 624 59
805 468 26
303 365 56
836 790 29
995 433 84
226 22 91
190 834 69
0 782 22
462 305 67
98 788 52
722 199 64
190 614 14
555 640 94
697 450 40
483 255 42
857 788 64
691 751 56
473 939 7
130 987 34
270 700 37
469 457 92
84 850 52
76 400 55
526 606 39
133 647 32
274 684 25
25 947 78
964 104 54
303 910 29
3 178 55
460 897 61
662 338 12
415 321 28
21 860 66
668 801 57
704 872 86
3 153 51
108 126 17
18 924 5
197 204 75
94 403 93
784 776 25
105 232 70
966 117 33
119 527 49
991 423 63
145 945 42
623 140 40
547 3 60
751 169 44
507 339 28
283 321 94
867 317 15
336 729 28
216 161 77
991 966 3
937 476 15
429 637 3
433 258 17
954 249 86
293 438 73
966 72 33
284 491 72
13 15 29
526 857 60
845 818 31
321 122 28
958 572 95
568 996 63
817 320 22
255 395 48
680 977 44
171 546 30
186 982 78
43 107 22
213 96 7
335 429 93
259 698 33
608 397 53
928 881 25
323 968 83
652 52 63
550 750 56
532 437 82
992 784 67
440 362 87
869 433 49
568 177 64
317 879 32
199 853 62
519 645 52
571 692 74
673 771 59
110 21 78
247 809 65
961 992 73
395 388 42
924 471 87
156 166 17
9 469 86
654 700 22
698 606 68
821 516 68
842 624 56
3 969 10
347 305 46
735 82 73
559 81 85
725 647 21
547 883 25
247 670 22
206 976 95
722 205 17
699 460 31
20 825 30
325 141 72
408 418 55
841 91 26
840 40 51
724 497 55
746 611 10
75 732 61
280 904 85
740 545 46
917 380 21
410 571 69
829 110 74
272 736 75
312 921 60
809 183 46
772 993 20
857 402 5
761 369 65
658 58 73
390 151 82
314 263 8
424 701 82
512 251 89
433 290 18
968 522 79
961 477 8
715 531 20
84 660 13
495 422 6
646 276 24
261 47 3
315 229 9
566 592 1
857 227 1
731 174 59
208 634 38
92 867 43
104 308 35
526 863 5
154 75 88
202 678 19
783 595 54
376 288 73
603 845 60
130 835 63
116 146 41
335 418 5
644 757 60
507 181 73
582 452 23
613 721 85
208 252 70
849 97 66
694 509 57
882 130 59
380 482 52
798 395 48
907 399 59
441 860 3
893 848 75
615 342 5
219 38 89
316 517 40
826 725 51
956 536 25

53
792
942 569 15
391 719 38
484 627 47
436 68 51
323 313 9
822 280 7
882 499 44
791 816 13
747 994 37
288 950 50
858 93 5
577 279 12
204 865 9
624 663 21
938 309 16
570 649 23
70 27 45
238 922 29
232 895 44
534 403 40
628 445 30
907 781 16
124 860 12
787 424 1
448 425 15
97 100 1
124 950 35
47 683 29
942 559 29
697 534 20
494 797 28
627 919 19
488 618 4
912 873 31
689 105 20
142 627 5
92 720 22
127 234 37
38 987 11
572 971 32
370 194 51
641 693 14
259 804 42
484 687 11
942 61 24
569 532 42
641 453 39
876 146 6
215 590 25
538 976 37
733 411 31
426 341 36
582 251 15
269 648 36
683 310 46
215 662 7
668 507 25
166 797 33
756 215 32
84 23 26
496 403 35
189 506 10
440 249 20
441 604 46
751 795 13
765 928 20
273 982 21
70 678 35
637 954 52
660 93 52
64 123 20
922 885 6
171 426 46
775 550 7
570 943 51
850 371 24
833 366 45
863 30 48
818 213 17
263 504 26
386 879 10
272 751 24
50 164 27
600 369 7
895 368 29
618 766 8
985 633 29
367 774 36
932 337 38
436 537 42
316 750 48
419 27 40
935 578 3
656 301 35
24 151 3
142 923 49
776 194 14
550 650 46
887 970 2
424 459 35
527 212 19
554 352 26
485 115 33
786 929 37
937 344 22
860 654 8
407 934 48
409 200 30
731 185 5
191 454 14
403 808 5
755 182 15
223 975 16
152 55 10
496 792 27
502 553 24
789 456 31
341 488 28
526 69 48
980 538 27
141 135 30
675 907 6
3 937 17
58 101 41
202 754 34
755 993 24
564 796 9
404 6 30
473 625 4
363 976 37
498 222 34
405 520 13
695 277 4
148 257 11
902 741 45
247 722 1
43 558 41
49 534 5
675 500 2
3 695 14
226 223 52
98 892 46
727 589 37
336 288 13
77 398 11
800 63 35
710 483 30
244 819 52
96 559 27
144 124 26
367 53 28
260 481 34
849 666 29
489 546 1
888 574 19
951 856 39
786 386 5
605 960 33
516 583 22
992 585 30
46 590 41
527 822 13
193 503 10
91 912 36
665 656 24
873 830 19
260 804 21
220 840 46
155 121 18
740 498 46
330 371 16
504 611 3
8 112 32
272 813 7
280 356 20
111 787 30
267 521 22
108 41 50
229 518 37
79 863 33
450 201 43
61 584 44
173 495 40
339 302 40
695 849 40
483 764 35
356 201 39
398 602 3
268 223 40
484 351 39
685 571 5
269 474 34
116 881 8
419 648 39
620 687 10
384 6 45
938 789 10
540 839 28
116 997 40
467 384 12
391 202 17
865 470 47
98 799 23
746 654 34
785 200 6
143 442 15
284 518 9
123 599 13
120 782 49
856 234 25
58 521 24
528 494 41
328 736 39
334 446 9
535 576 42
977 677 21
495 515 34
447 291 41
581 608 50
167 392 18
689 644 13
183 639 13
271 499 29
717 809 40
645 865 35
323 58 20
838 747 19
482 72 42
90 520 40
834 89 23
479 867 8
470 703 35
970 67 26
779 760 52
997 139 45
407 53 40
506 296 51
578 386 9
99 924 31
540 395 13
759 385 32
462 65 35
530 279 33
642 765 40
781 320 13
834 168 49
130 692 7
516 406 2
792 954 25
539 240 21
925 712 9
342 16 27
973 790 41
90 238 51
410 465 20
931 42 10
975 26 40
381 516 25
335 585 37
927 457 9
991 870 18
359 42 20
501 28 25
739 545 32
205 55 14
247 347 21
273 472 36
141 80 33
79 556 20
536 824 3
758 984 47
800 421 30
181 552 16
78 657 31
133 852 16
480 809 7
305 698 4
385 561 14
293 510 9
469 793 41
454 356 4
227 910 8
780 175 5
437 942 7
641 801 17
450 864 1
500 527 22
414 814 43
924 243 12
69 751 42
425 148 12
687 303 23
215 258 39
509 99 36
310 665 17
527 69 52
54 954 28
220 495 38
464 774 34
567 345 36
715 386 45
18 233 9
629 308 32
728 514 1
745 158 28
815 794 47
769 881 17
616 821 45
390 526 17
736 156 17
122 855 36
708 331 27
16 495 24
882 226 32
40 115 5
187 18 16
68 448 37
241 932 14
768 988 16
276 509 4
131 949 47
462 104 51
310 982 15
536 489 29
3 76 2
21 761 1
469 260 1
753 881 7
742 118 27
603 97 47
904 813 50
8 3 28
343 901 42
832 167 23
261 315 46
22 504 40
634 232 49
515 381 39
985 771 5
435 281 16
248 67 36
603 984 24
504 67 7
671 461 36
986 391 9
843 324 39
75 983 9
808 112 37
579 346 30
860 322 5
279 605 21
615 440 20
683 635 28
144 174 35
535 897 22
211 233 13
195 943 12
659 935 21
5 147 44
679 345 9
284 977 12
724 210 28
711 397 7
885 737 15
134 99 26
719 448 5
662 992 48
950 612 19
97 40 12
442 399 3
772 971 11
334 471 43
731 938 19
820 440 24
920 734 15
720 915 30
65 307 1
677 599 19
69 197 12
820 153 15
792 139 3
615 410 1
905 756 24
345 166 1
79 462 45
346 244 21
5 745 46
604 261 3
802 727 40
307 643 49
798 1 13
208 483 20
317 299 49
483 846 2
945 566 25
541 558 11
287 271 44
900 400 45
980 207 3
623 434 34
976 482 40
459 322 33
758 777 26
956 489 41
875 546 23
433 682 12
56 516 15
457 356 32
16 800 32
450 398 23
933 655 23
255 710 10
385 974 8
874 907 40
421 324 35
455 390 9
972 645 33
328 540 2
480 687 46
878 814 25
885 916 14
595 994 1
570 531 30
829 178 49
505 133 6
895 964 29
893 580 29
433 604 49
472 438 29
638 935 51
554 883 44
548 116 24
79 957 50
609 182 19
742 282 49
58 155 32
990 836 9
595 840 46
33 173 46
320 337 12
556 732 22
672 659 18
981 534 13
164 331 38
446 958 33
954 442 3
142 821 38
982 94 41
507 799 38
197 681 26
929 848 30
940 922 39
475 895 28
158 300 52
468 961 7
910 69 1
84 884 11
178 41 17
329 793 17
10 578 38
859 35 3
133 49 11
380 87 6
680 106 13
994 642 1
63 624 44
947 264 44
988 46 38
133 810 47
711 786 14
99 959 29
500 61 10
939 104 26
45 973 15
39 1 17
15 850 8
279 961 48
325 508 16
488 881 6
274 583 29
586 648 8
647 924 4
751 333 27
725 475 29
78 297 8
928 113 52
241 992 31
101 171 33
982 691 1
918 696 27
566 412 21
843 228 13
176 247 12
3 854 25
300 210 40
413 605 4
758 664 14
281 707 7
324 723 50
20 931 4
433 413 42
13 482 37
260 198 26
466 665 33
676 210 26
282 481 43
298 384 41
357 529 19
80 128 15
363 709 8
777 208 29
259 977 34
457 238 50
474 379 33
684 171 33
517 616 35
902 179 38
783 147 51
911 101 24
620 380 39
180 31 20
158 467 35
748 916 48
127 977 43
650 505 47
619 414 21
798 604 47
297 445 38
399 644 50
131 275 30
162 269 7
629 41 25
545 71 41
874 911 4
380 577 26
794 927 29
750 795 3
196 917 17
840 823 12
467 992 27
736 133 45
777 103 46
201 583 35
464 811 37
41 518 9
320 524 35
116 500 46
385 923 30
560 995 10
904 466 37
38 68 21
493 184 11
429 281 40
592 923 24
111 439 9
987 40 13
487 434 33
762 579 39
109 272 15
927 509 12
995 861 10
531 302 39
164 520 48
87 643 25
879 878 24
919 858 23
353 158 46
285 927 25
909 81 50
419 499 6
280 470 21
934 831 13
806 686 25
449 321 17
327 197 48
537 536 27
696 214 36
975 380 49
408 308 15
907 697 18
378 14 46
561 327 45
599 875 47
921 235 17
470 387 4
359 66 18
573 16 22
953 672 49
613 964 9
311 166 48
325 139 18
4 745 12
879 285 11
467 631 16
854 427 51
273 903 34
641 268 43
665 681 45
630 717 42
148 513 29
288 216 43
385 650 23
670 645 39
653 591 34
433 459 28
688 149 17
956 550 51
637 524 12
706 804 2
571 698 11
139 254 31
789 136 4
786 375 2
378 493 19
189 430 44
690 221 4
240 990 48
764 48 41
921 771 31
971 477 6
225 331 10
362 473 35
89 352 46
582 253 24
12 159 37
585 147 7
575 174 47
975 510 15
747 482 36
576 513 23
907 114 33
732 207 27
436 90 4
689 759 2
200 158 6
347 98 43
874 376 27
384 246 6
866 584 45
731 492 45
846 722 44
405 178 44
495 348 52
254 607 45
412 800 42
510 5 9
238 148 3
836 218 23
421 615 30
265 408 29
987 128 3
518 108 13
866 467 16
826 615 7
626 451 35
984 840 34
484 929 36
54 539 37
669 238 50
429 803 7
910 99 38
18 594 44
837 846 27
452 241 41
256 243 7
96 10 15
25 639 51
917 506 41
507 562 15
310 391 16
409 837 18
355 271 8
553 574 34
795 96 18
390 444 30
752 419 11
391 81 20
898 228 37
812 428 32
556 2 34
745 654 48
16 919 23
943 851 25
39 972 44
484 897 10
255 727 11
336 357 2
564 12 48
345 289 29
347 720 45
353 814 50
273 317 7
476 879 10
800 995 37
49 906 21
776 912 24
485 318 37
850 467 5
139 515 50
859 79 2
25 199 11
694 416 16
574 650 52
569 179 48
828 748 2
740 800 42
58 460 52
877 808 26
744 720 1
823 330 36
374 639 10
791 301 48
793 941 46
973 56 52
721 324 8
873 641 4
333 86 22
141 17 39
214 150 28
544 422 43
183 554 26
836 63 49
777 914 18
186 692 23
510 391 44
503 918 2
941 185 51
959 862 45
461 768 43
884 419 43
438 246 46
501 447 10
767 791 8
811 576 38
202 39 44
120 870 27
657 575 4
871 318 27
992 202 45
411 300 29
657 942 19
104 119 24
895 484 39
824 979 11
863 660 37
85 555 2
13 953 11
331 941 7
533 591 31
833 55 34
127 51 32
246 189 52
82 828 40
62 587 40
74 157 23
630 281 32
583 878 45
876 133 36
820 611 21
875 81 22
279 962 1
468 501 31
297 849 18
236 444 24
393 863 34
26 497 40
905 568 44
390 301 24
1 68 8
82 369 44
44 502 27
898 115 31
99 973 52
543 266 52
406 973 41
255 755 36
823 518 33
476 569 47
545 497 8
914 244 22
768 571 22
235 177 40
561 252 23
827 975 38
153 935 48
908 639 47
778 370 43
348 358 31
845 736 44
441 115 30
365 928 11
542 786 38

89
147
452 494 19
201 322 10
709 827 81
823 735 68
761 865 2
176 213 3
487 410 14
713 204 39
411 569 1
344 111 86
839 610 58
513 84 84
340 845 57
427 245 64
292 720 82
858 554 82
268 124 81
472 161 58
393 127 69
505 879 78
115 229 29
551 30 38
396 33 18
641 97 69
362 985 57
268 634 67
392 459 48
553 123 40
681 501 18
912 641 3
493 126 70
524 802 61
557 991 49
655 872 2
640 180 76
274 781 72
85 591 56
208 670 66
709 926 3
703 223 43
829 729 9
984 350 21
975 874 50
848 442 1
28 355 65
161 631 83
753 526 48
775 814 81
701 7 86
924 881 21
5 371 27
355 3 43
229 511 18
23 577 10
731 649 87
714 362 40
240 700 1
406 476 81
413 460 54
646 505 3
18 606 16
373 536 52
237 450 81
814 691 41
815 781 20
177 251 70
230 234 62
706 619 77
518 131 42
375 344 49
981 482 75
869 978 56
671 181 37
363 613 43
496 421 75
99 312 20
333 917 2
952 115 4
435 367 18
780 736 82
614 752 63
944 138 53
125 898 28
739 246 71
512 409 55
177 387 26
94 894 88
209 632 40
928 779 52
17 445 64
769 486 54
908 212 15
158 808 60
756 76 55
165 58 56
904 537 17
151 114 47
783 25 33
914 241 49
359 892 2
845 675 28
58 72 24
218 414 22
294 882 58
705 440 64
242 863 48
708 111 47
734 158 22
327 414 41
571 950 8
246 504 70
670 827 48
85 762 10
319 855 33
759 56 74
623 423 12
86 47 24
596 821 22
10 731 45
313 555 80
817 738 54
996 119 21
758 910 34
613 272 1
21 928 16
445 289 47
492 244 86
665 907 2
396 305 69
303 381 70
394 381 47
865 626 51
128 894 57
400 599 22
328 623 67
617 759 80
213 517 60
120 66 54
425 212 42
159 368 82
892 189 52
518 179 85
765 165 29
364 909 45
988 618 37
747 700 30
616 228 35

69
36
284 211 16
70 988 40
159 147 25
994 39 4
694 910 13
523 675 50
751 391 56
308 731 8
185 830 64
276 447 24
487 834 48
475 81 62
975 48 29
366 556 35
276 595 14
303 447 9
47 560 32
778 643 44
609 426 54
408 790 6
242 401 21
675 0 48
75 670 59
983 850 2
578 377 66
25 598 66
937 342 25
580 189 23
358 345 20
500 38 68
253 359 30
254 167 57
276 450 60
126 61 63
855 38 9
805 643 30

10
148
860 26 9
947 958 4
994 669 7
450 169 4
851 423 3
576 677 2
727 305 3
862 431 1
926 639 8
16 444 7
42 944 6
1 633 9
670 371 4
191 147 3
614 282 5
643 584 5
948 40 6
732 558 1
723 465 6
167 16 1
463 824 7
448 492 4
819 459 3
966 772 1
600 536 9
184 151 9
225 46 8
135 668 3
600 505 8
617 268 2
793 47 2
637 220 5
448 395 7
220 943 1
756 331 8
259 686 3
305 36 4
326 334 5
183 69 6
451 174 4
850 799 3
422 240 1
169 129 9
113 189 8
444 568 4
482 548 3
518 64 9
205 805 5
274 33 4
448 861 9
600 307 4
192 249 8
673 477 9
214 504 9
783 104 6
683 461 9
747 429 8
904 54 7
937 358 7
798 492 8
457 430 3
707 569 7
184 131 4
40 215 3
497 59 1
958 700 9
739 176 6
145 818 9
503 17 4
348 842 1
130 115 7
51 989 3
535 406 6
750 497 6
161 802 2
214 242 4
390 365 5
208 587 5
577 361 3
419 424 4
534 285 9
875 956 9
634 982 1
483 896 1
637 851 1
231 654 5
948 416 3
535 268 9
896 618 9
672 824 2
309 377 1
266 61 7
600 148 8
497 418 9
700 790 8
354 675 7
122 423 3
743 560 8
361 610 5
185 236 4
563 634 4
976 566 1
124 77 2
894 223 8
36 203 9
711 821 9
134 21 1
47 170 7
657 853 2
893 785 5
527 388 3
445 653 4
875 184 3
450 316 2
653 296 6
826 329 2
200 716 7
370 577 7
223 182 1
360 148 9
101 651 7
754 70 6
939 816 2
607 687 1
903 803 9
232 956 1
300 172 3
878 874 4
60 624 7
560 382 2
563 386 7
985 270 7
802 951 8
841 155 4
996 161 8
952 820 9
476 658 6
351 696 9
327 456 1
61 440 3
448 784 6
70 229 9
21 780 1
528 623 5
689 72 7
861 425 2
872 715 8
920 305 8

31
378
5 495 20
445 557 14
152 357 15
493 427 17
988 800 30
676 328 3
361 17 10
350 230 5
167 102 12
336 375 27
831 104 12
740 273 9
97 226 12
876 112 25
676 130 16
4 420 14
373 134 7
604 273 29
58 480 17
785 991 3
889 628 14
162 621 15
740 60 4
204 3 11
335 439 19
107 864 24
241 670 9
866 188 15
346 57 26
690 93 1
670 817 1
291 20 5
703 316 6
706 62 30
146 684 27
362 982 4
384 637 15
573 666 24
982 650 12
75 45 22
892 578 12
264 648 16
933 232 19
995 909 18
679 439 6
13 7 28
651 331 15
317 247 10
319 30 12
717 512 7
295 35 11
295 229 7
527 714 2
437 254 7
228 853 8
235 598 24
918 58 25
518 254 4
548 23 5
412 774 2
800 952 9
29 22 4
95 60 22
701 32 21
555 350 1
505 700 18
563 63 9
817 429 17
840 464 27
614 818 30
566 242 22
940 960 1
353 974 26
385 867 17
87 549 14
787 459 30
202 308 23
631 76 23
95 362 15
914 549 20
156 500 18
468 251 21
442 383 4
661 258 21
210 186 18
21 670 18
330 659 20
758 563 4
473 285 9
374 552 25
874 433 23
477 232 12
860 972 16
470 417 28
8 599 20
30 869 2
41 926 4
605 537 4
242 780 27
794 119 1
227 75 7
460 540 6
784 121 28
554 848 30
153 237 29
22 837 29
300 810 23
838 465 18
618 878 12
89 117 29
517 377 26
57 216 28
530 531 25
378 59 19
616 408 14
805 118 7
615 859 19
80 641 27
310 380 18
427 361 29
157 489 26
373 197 15
904 716 15
315 20 4
76 230 22
546 594 7
405 332 4
398 370 24
778 599 16
492 446 24
981 86 1
530 892 14
247 458 30
619 203 18
850 326 6
796 769 22
128 17 20
850 880 28
449 175 19
247 780 11
686 813 24
930 355 17
388 918 24
591 90 15
269 929 25
38 844 13
55 657 1
935 876 14
110 846 3
243 594 23
56 186 19
764 759 9
34 215 7
124 270 29
405 297 30
601 173 19
259 846 6
487 646 4
333 1 26
279 454 29
465 858 28
577 948 22
144 616 16
767 24 3
64 24 28
237 294 30
83 954 21
82 21 28
83 24 12
889 490 3
99 550 29
47 667 28
15 900 2
40 816 11
416 560 25
62 357 15
16 108 8
38 118 12
414 968 18
904 151 27
807 613 9
474 541 26
727 750 4
895 104 16
455 224 22
164 761 15
625 535 3
743 392 23
63 36 18
214 763 4
828 731 11
721 799 28
472 267 15
576 750 10
152 625 7
913 268 11
448 974 6
193 697 12
229 161 25
992 688 20
75 472 28
875 62 9
494 479 13
244 975 11
221 14 14
489 860 7
816 223 6
513 858 9
26 941 20
715 736 4
187 97 9
601 286 6
81 196 20
56 579 16
423 889 17
635 352 29
858 81 5
69 906 30
10 276 6
98 227 3
195 170 10
481 540 14
678 138 5
609 229 3
498 565 18
203 473 4
284 871 14
542 437 25
170 868 18
397 974 16
919 146 24
811 858 7
949 171 27
179 917 6
744 71 7
217 649 12
441 214 28
230 989 30
99 834 2
73 41 9
571 698 30
781 903 21
952 590 11
221 658 2
293 984 26
294 512 15
860 595 28
849 962 9
35 223 8
428 654 23
479 834 26
382 933 28
972 843 2
631 55 14
967 446 19
831 581 13
426 638 5
740 487 24
963 215 12
617 394 30
451 646 19
736 822 2
579 131 6
635 392 29
81 227 8
15 355 9
5 129 27
492 763 7
60 599 22
454 470 29
453 121 12
627 900 30
758 413 30
502 250 27
730 719 8
437 506 5
567 477 2
330 873 5
281 362 27
751 813 1
873 234 24
125 457 1
890 417 11
140 956 4
211 482 14
70 441 13
547 768 30
772 99 23
134 275 14
300 511 16
534 554 11
991 49 18
408 820 8
716 52 30
550 435 2
992 900 4
112 803 23
563 272 25
191 776 2
54 210 12
608 747 16
658 509 9
830 396 8
882 173 24
318 794 17
570 627 9
373 530 3
998 332 8
126 259 29
688 320 24
435 33 22
944 280 2
692 518 2
217 517 17
12 233 27
639 499 7
170 109 23
854 183 21
113 820 29
785 649 18
170 532 23
450 375 10
321 877 24
190 560 22
423 126 24
922 362 23
383 169 15
566 701 22
387 583 7
36 591 3
920 288 25
295 773 8
172 554 19
733 27 19
211 718 25
574 773 29
743 468 3
796 684 29
379 755 26
322 292 14
963 966 24
88 810 2
994 809 16
373 777 1
444 288 3
217 222 17
685 430 12
722 374 18
477 533 9
121 430 21
87 364 26
250 569 16
59 70 30
837 448 24
477 558 18
51 880 27
833 776 15
208 767 17
741 906 24
523 424 6
239 617 15
809 124 25
231 720 5
679 309 24
590 624 3
470 383 4
599 360 17
718 726 7
625 462 10
49 27 14
666 714 23
791 489 24
863 865 18
524 301 19
149 926 29
884 28 20
244 533 29
970 872 29

78
785
58 533 37
221 583 53
975 601 57
539 744 37
38 607 53
216 132 43
985 633 48
576 517 52
766 114 51
674 436 15
208 573 43
143 385 41
744 615 57
489 335 42
448 920 51
932 158 71
565 323 39
435 517 77
901 596 47
689 547 21
262 916 75
999 344 74
615 344 15
950 672 38
222 539 31
380 444 56
56 918 8
573 728 11
521 115 43
68 267 56
336 446 43
32 833 36
377 715 10
49 342 25
941 809 34
385 77 17
655 278 7
384 44 58
499 949 59
766 403 62
565 898 4
750 656 4
466 414 22
808 786 37
969 461 14
47 357 3
325 986 67
721 671 19
670 281 10
425 412 8
323 315 30
980 203 75
394 475 61
532 124 2
993 174 11
703 518 38
689 247 64
713 631 15
994 400 53
759 19 68
74 757 36
629 60 73
104 114 62
580 633 7
107 313 10
625 610 29
872 658 76
855 679 4
255 773 22
627 537 31
384 726 17
445 590 59
559 435 6
192 25 27
505 500 10
467 969 43
125 140 47
156 353 14
281 279 36
170 552 45
248 935 50
839 393 77
626 481 45
3 25 16
504 149 68
473 733 55
613 941 12
319 22 77
950 310 33
854 205 9
790 728 72
183 987 25
16 691 14
41 954 25
543 761 63
276 426 60
569 911 43
943 873 11
253 343 42
811 95 3
891 18 75
878 189 47
569 551 52
875 891 14
636 882 38
415 378 58
678 698 32
903 632 9
246 237 2
694 793 39
712 203 13
253 403 52
156 138 72
47 890 42
929 684 52
659 724 16
710 41 63
694 927 50
284 756 50
77 191 19
632 437 41
387 926 35
525 645 21
768 285 10
804 800 28
528 952 60
569 222 10
496 171 70
253 374 22
444 824 59
234 968 23
512 176 69
158 989 9
795 958 47
596 326 41
548 624 28
122 933 63
293 304 25
20 369 76
844 719 59
165 497 13
693 908 25
35 57 68
993 84 59
320 527 36
296 126 49
229 254 36
885 951 59
254 496 12
325 943 19
823 538 24
83 15 65
492 356 17
577 856 58
104 503 38
583 394 63
837 185 36
140 450 43
636 361 75
931 940 77
469 716 30
484 8 29
193 994 68
49 15 75
904 382 17
298 68 12
835 403 6
637 966 63
999 767 52
291 822 45
7 202 25
368 758 77
362 396 73
730 879 1
112 587 73
532 104 14
935 851 26
254 140 68
21 216 41
843 929 31
397 926 58
155 392 65
904 342 41
783 838 74
723 734 71
179 535 66
30 985 41
522 271 35
739 194 11
20 468 41
946 33 50
338 606 62
33 899 32
223 907 23
309 996 31
844 846 73
830 580 4
101 249 62
647 173 77
115 469 19
148 609 15
107 498 4
358 542 64
617 843 34
614 927 69
460 438 7
392 776 13
641 496 37
166 91 69
988 425 68
597 780 67
95 433 39
989 424 52
832 153 67
111 104 77
549 365 3
325 823 56
174 110 49
617 203 18
43 590 45
823 445 17
256 800 60
32 262 4
537 434 32
642 224 12
359 628 51
534 844 63
997 452 53
200 54 5
142 174 67
587 282 31
739 987 59
353 491 77
788 632 73
12 958 77
641 748 3
485 87 13
290 751 39
344 294 39
870 454 6
152 657 7
491 683 29
334 669 33
318 39 67
277 595 45
377 497 42
464 759 56
567 907 66
861 52 42
315 397 76
972 236 60
7 663 4
28 182 46
68 54 33
663 714 74
513 386 24
624 52 12
531 555 20
583 348 22
332 485 20
568 844 3
584 707 3
766 413 72
172 101 55
886 459 26
624 447 58
676 811 75
583 640 12
931 388 57
768 997 19
612 922 53
671 172 12
84 781 1
537 418 50
349 124 71
796 845 30
959 431 42
951 289 10
339 30 70
337 706 36
611 714 56
135 290 37
916 803 53
335 785 74
811 588 54
656 276 63
439 941 47
728 635 21
110 912 75
816 120 1
530 449 49
172 391 64
327 356 48
113 405 71
701 344 34
329 984 37
623 772 60
258 520 21
522 219 8
994 609 73
444 689 5
835 732 4
191 910 8
948 5 18
645 787 3
629 732 33
754 333 61
274 725 47
845 845 77
806 427 63
847 825 43
579 105 71
842 910 25
847 42 36
987 639 22
71 937 34
757 268 56
482 871 58
680 435 56
459 522 51
285 603 41
742 128 76
4 840 59
46 743 41
685 594 14
974 443 5
243 921 55
466 505 65
901 11 56
775 66 31
378 575 63
506 284 77
698 925 75
441 407 64
388 89 59
831 110 64
104 203 29
609 404 15
972 88 70
38 804 33
965 628 47
602 440 75
879 347 31
286 907 16
728 217 66
190 212 45
745 534 63
150 99 21
238 482 53
43 119 56
23 531 5
815 673 14
163 674 6
422 22 38
639 515 74
851 396 44
386 460 35
837 628 19
672 757 62
143 210 64
674 701 55
699 509 17
374 920 23
748 209 73
263 489 74
11 497 7
471 696 9
99 992 33
208 438 13
418 474 17
471 906 77
332 712 6
252 334 33
814 119 34
303 326 20
801 524 56
849 574 28
841 9 77
631 634 69
105 579 52
363 19 4
76 485 7
762 651 71
882 542 51
560 534 57
85 140 7
11 758 22
20 846 55
655 386 49
586 485 63
606 355 10
443 47 16
446 720 20
341 350 43
875 441 5
367 540 51
125 440 34
324 541 37
62 835 18
899 408 60
254 791 26
654 185 67
374 359 34
724 943 33
518 114 23
410 493 21
851 661 5
744 840 74
580 39 1
340 246 4
131 39 57
668 142 8
27 336 15
323 329 73
437 663 77
282 224 2
943 505 9
135 911 40
526 641 73
772 785 73
163 476 31
305 774 27
994 78 76
675 757 44
691 512 47
267 137 14
772 172 68
683 411 9
676 394 29
461 309 66
938 564 25
64 303 6
495 711 74
252 146 31
116 256 62
605 803 35
777 984 44
188 460 20
934 71 28
595 208 74
512 470 2
815 248 22
878 683 65
376 112 66
632 568 22
787 716 5
123 131 15
583 318 59
6 541 22
215 441 51
37 802 64
637 453 12
672 520 72
784 435 15
705 601 34
421 236 19
552 475 60
870 492 68
412 50 51
853 894 37
7 685 16
460 989 5
332 108 13
767 809 32
721 535 15
957 246 25
432 744 13
925 717 25
327 626 77
573 190 45
258 320 73
247 840 12
707 350 37
517 532 56
404 498 58
650 522 63
746 318 71
816 667 22
442 590 51
984 925 21
305 113 62
497 12 3
199 371 9
731 414 73
230 225 55
104 109 63
774 598 38
793 224 35
383 774 48
308 4 45
773 806 64
785 571 41
156 584 56
571 656 44
148 597 33
258 294 38
208 642 6
432 89 26
207 703 43
563 760 58
369 802 34
293 148 43
877 696 21
885 444 77
834 571 37
480 632 30
475 797 43
564 736 69
267 821 49
380 938 34
182 715 42
330 265 58
379 601 5
823 446 45
746 213 21
378 129 59
527 303 70
615 686 11
437 853 70
727 227 62
442 516 29
707 526 33
661 478 36
107 10 13
672 428 9
802 31 52
105 115 27
143 26 12
996 501 37
575 596 63
443 70 68
970 727 9
800 66 4
810 136 70
590 29 52
974 20 62
441 389 50
468 637 59
321 500 1
917 153 76
988 180 9
67 354 73
133 235 12
269 777 65
650 778 41
670 803 36
411 631 33
400 564 21
252 992 12
405 769 72
938 122 37
292 270 8
527 740 17
304 10 22
434 442 35
589 817 62
220 166 75
784 309 19
129 919 64
898 203 12
20 405 2
642 946 22
382 203 7
744 296 33
187 659 15
356 671 5
523 706 61
832 151 1
103 997 36
659 95 10
416 598 77
362 392 8
917 477 33
214 442 7
873 710 69
896 765 26
602 409 70
106 625 74
103 626 58
198 756 34
148 785 69
892 186 50
370 229 56
164 359 26
874 234 60
991 647 39
752 417 19
378 62 76
4 539 74
113 824 74
898 767 13
436 127 41
17 849 27
377 840 54
963 46 76
610 476 29
28 803 75
442 437 40
982 824 76
158 667 67
925 707 20
404 248 9
253 682 44
94 837 75
492 157 32
968 351 56
124 888 21
561 530 71
737 198 45
404 575 1
464 712 45
712 452 18
746 627 42
584 172 20
741 94 54
444 331 50
684 531 43
215 758 50
765 428 71
340 784 25
405 946 57
209 738 27
836 582 52
361 31 1
455 927 1
139 314 52
670 22 24
780 502 73
209 895 1
345 378 38
292 265 19
30 616 40
964 31 31
995 193 34
274 291 46
941 482 16
963 765 1
818 437 22
65 323 69
443 975 32
708 672 66
676 773 57
708 84 24
253 583 7
897 443 24
379 110 55
497 917 70
934 745 31
257 354 64
585 524 8
257 392 39
30 199 61
466 741 22
49 246 46
844 99 59
955 227 57
224 295 15
321 679 30
28 529 20
904 797 63
296 860 38
848 631 43
589 79 39
187 587 56
287 349 50
866 359 64
513 749 36
193 988 46
74 161 35
223 944 71
83 663 31
715 640 58
146 999 51
734 176 33
435 403 7
794 827 75
896 205 57
236 160 25
398 788 5
694 92 60
709 652 39
349 509 61
700 566 32
877 212 47
632 46 73
459 870 12
17 561 77
529 765 45
317 514 27
761 985 37
413 32 62
275 515 62
841 712 2
54 56 72
452 134 21
322 999 47
235 659 63
0 566 25
514 710 55
852 604 31
236 544 22
751 194 59
816 193 41
872 244 23
359 525 31
358 438 74
369 810 69
288 200 72
350 118 28
307 706 20
203 54 24
397 816 2
942 205 16
539 436 20
416 720 55
854 161 43
664 924 68
864 922 51
335 273 36
41 491 48
447 912 46
264 922 9
469 684 77
905 261 19
978 63 57
139 224 57
63 96 63
337 689 66
963 570 6
454 505 17
718 748 50
641 194 50
677 741 71
938 231 2
354 612 15
578 57 65
674 708 73
363 376 25
285 556 72
791 775 9
891 35 9
437 742 15
178 66 30
410 859 68
22 909 70
432 938 11
492 457 12
868 392 59
776 664 50
551 251 15
938 292 4
681 51 60
99 156 35
958 937 10
219 657 74
509 83 53
319 88 74
711 119 49
727 865 41
330 249 53
622 776 24
25 194 5
181 697 39
119 83 46
128 526 26
564 344 67
652 946 2
123 393 59
340 708 29
590 151 60
366 146 6
913 80 28
610 46 60
693 112 56
572 839 4
268 434 49
567 891 46
960 666 6
20 857 66
171 774 41
670 22 22
750 243 9
148 138 59
612 919 54
452 170 2

61
239
846 537 10
794 104 9
569 416 18
333 788 12
38 312 34
462 982 18
151 84 28
451 232 19
796 845 30
65 297 12
602 887 51
707 17 57
475 517 7
264 874 60
576 357 10
558 511 45
642 260 16
226 499 27
423 658 55
72 339 40
960 922 23
977 704 42
846 281 57
72 779 13
429 610 29
292 479 59
552 515 33
404 351 40
414 989 23
105 424 36
27 275 8
84 377 25
365 538 3
496 527 27
106 779 56
585 960 49
101 698 13
804 783 37
145 94 11
921 476 16
197 283 56
926 50 52
817 146 17
344 440 53
475 806 31
435 954 36
134 42 29
269 386 25
363 135 51
191 297 32
827 213 1
229 860 48
728 591 25
168 39 41
327 983 56
281 33 32
675 20 18
61 461 47
196 705 22
494 447 33
59 759 40
271 971 50
214 758 18
605 714 58
588 14 25
973 142 26
345 705 41
806 754 15
864 72 51
311 753 17
422 625 56
394 325 19
504 254 33
571 263 38
937 440 18
79 945 3
136 82 29
890 543 47
962 417 23
715 839 7
693 756 29
18 83 15
624 682 12
239 494 35
679 264 12
976 621 44
59 656 40
954 36 3
371 574 37
562 977 45
318 43 58
402 883 48
436 470 4
930 913 3
546 927 34
168 878 11
824 613 10
860 485 4
434 599 7
763 675 9
158 819 20
42 8 34
864 215 10
777 750 32
704 172 19
934 978 39
900 408 35
385 249 27
984 692 53
11 210 17
831 290 35
191 689 9
759 194 13
509 135 42
34 7 26
12 777 13
420 715 53
669 181 50
713 507 14
275 619 17
565 847 60
607 234 12
801 662 31
937 307 60
296 728 34
73 206 38
140 618 30
321 282 19
828 331 44
447 716 59
647 112 57
881 692 4
895 815 45
202 345 54
283 736 10
489 162 43
459 599 3
741 809 44
424 39 4
140 335 12
604 905 51
648 41 52
463 784 7
808 681 42
897 514 25
59 996 26
10 198 5
819 893 58
211 556 2
546 400 14
451 43 58
845 685 59
981 856 42
14 274 23
881 247 60
877 503 59
427 248 41
320 804 1
229 453 44
981 526 50
376 739 53
61 909 50
269 727 52
543 8 26
791 450 27
646 141 56
895 891 44
51 652 44
505 584 33
31 727 6
123 768 42
32 260 55
111 950 44
471 973 8
274 658 31
415 577 17
307 372 44
311 595 56
895 491 33
622 615 36
390 721 19
2 554 23
304 449 46
277 612 18
288 671 12
217 873 19
589 370 38
537 465 49
380 612 44
995 264 58
68 300 28
623 810 43
72 705 47
36 710 17
708 187 45
581 290 14
303 809 55
121 986 32
733 475 24
998 210 20
650 568 8
812 667 23
517 769 7
228 176 4
415 212 4
706 888 37
867 133 53
853 967 34
680 691 27
243 794 57
811 245 39
830 765 52
600 907 49
128 474 17
692 429 25
580 444 23
65 40 30
32 292 15
723 665 28
870 124 43
115 932 6
880 391 56
140 662 56
614 802 44
395 819 36
839 955 8
231 797 33
524 858 38
541 124 53
17 423 43
950 965 19
341 670 31
355 206 51
157 693 17
328 309 52
283 264 23
432 504 35
642 808 11
767 145 44

43
543
192 341 41
590 643 19
221 336 9
343 691 19
80 848 22
211 529 10
886 164 28
792 949 7
222 591 32
897 710 32
590 253 39
233 761 7
569 291 36
260 28 8
461 810 20
990 549 15
154 256 3
103 468 29
47 840 9
109 357 9
362 137 11
475 757 25
119 319 20
499 455 21
309 286 24
210 845 12
466 967 2
286 328 38
478 128 17
836 855 10
325 479 35
82 693 6
753 141 21
560 863 8
846 845 25
43 640 5
363 777 2
691 68 42
171 167 3
26 313 41
505 921 18
199 891 16
692 688 41
555 605 42
400 20 26
392 745 14
169 383 17
238 488 38
757 880 17
423 102 10
344 512 17
587 247 8
275 416 5
880 690 28
901 525 11
998 911 17
381 988 13
222 780 3
454 911 16
908 917 31
420 950 11
19 489 34
787 930 20
477 64 28
355 106 27
266 900 41
606 86 29
386 442 35
649 388 13
566 92 9
517 570 19
358 393 14
288 154 13
705 839 10
811 757 5
63 927 23
149 448 35
944 702 11
332 178 30
424 108 27
347 946 4
92 556 22
246 185 42
86 953 29
195 550 6
474 503 23
274 425 15
328 954 31
506 868 29
966 784 30
264 618 13
820 969 35
357 678 1
662 379 13
213 434 14
68 3 31
493 636 19
447 770 4
316 848 16
452 258 27
70 445 3
39 979 2
69 605 37
800 830 32
586 140 41
590 350 23
578 34 40
348 992 4
196 631 4
454 129 30
900 593 20
231 673 23
837 574 12
19 185 30
159 458 21
861 296 29
895 202 37
240 601 13
871 448 29
352 963 31
297 282 1
971 671 37
897 451 2
82 652 23
892 302 26
188 890 26
742 420 9
344 528 35
144 984 21
460 988 21
742 798 23
766 509 24
217 451 27
870 582 24
524 84 2
766 745 3
186 268 3
714 39 1
698 49 38
38 931 36
836 870 20
345 106 12
148 313 32
82 769 4
166 308 38
912 444 30
532 768 6
571 834 42
973 597 22
904 504 16
126 871 14
232 684 14
545 912 10
315 357 1
975 24 11
771 215 21
539 172 16
374 667 41
323 876 6
827 783 13
50 80 39
734 565 22
646 396 23
355 728 28
379 142 16
946 722 29
118 919 29
137 648 15
13 948 28
148 574 25
228 456 35
146 464 37
542 705 2
622 492 1
764 297 35
487 78 15
758 983 12
406 427 29
354 597 23
280 90 11
88 762 10
553 484 32
258 644 4
102 803 21
400 966 37
830 212 24
813 404 42
240 715 20
189 516 39
279 978 19
41 940 10
877 483 11
874 172 39
677 404 30
995 610 14
207 580 2
612 390 22
679 309 18
195 283 40
525 963 35
466 275 23
949 676 38
474 982 28
230 195 40
840 214 27
772 281 23
514 530 41
824 593 8
459 249 34
422 94 15
49 218 1
78 736 1
60 484 1
607 105 3
821 756 25
102 403 21
633 257 12
226 427 40
475 276 41
921 321 9
140 244 4
228 632 34
64 322 25
522 486 12
278 232 26
681 818 34
290 529 39
717 754 20
346 155 33
19 367 35
263 1 17
248 36 39
570 798 16
409 972 12
993 401 28
812 4 2
341 62 38
447 752 10
954 21 6
321 118 15
674 136 11
710 646 33
508 736 39
480 891 30
234 568 8
590 524 36
4 865 11
757 496 22
130 197 28
600 244 23
88 311 17
86 993 11
823 923 38
714 775 36
283 37 16
159 644 1
24 63 23
520 175 36
718 734 19
962 599 41
625 137 16
970 997 38
893 919 21
669 702 18
58 318 1
702 167 36
117 959 40
644 108 8
378 13 34
329 49 37
466 390 30
815 467 25
86 982 8
789 969 15
107 22 35
626 710 29
938 205 32
46 76 12
411 115 30
813 225 29
203 649 27
670 698 42
652 718 39
973 984 10
347 918 35
57 263 39
614 309 27
690 177 17
158 336 5
735 226 6
384 796 17
434 833 15
153 36 31
489 974 3
407 53 32
670 591 32
332 108 38
509 562 5
845 63 19
423 327 32
220 404 34
405 684 14
441 986 37
768 292 26
821 572 38
765 200 18
873 237 38
435 240 5
850 934 11
529 786 42
933 725 2
969 48 1
307 806 37
600 420 19
172 172 40
724 683 7
313 864 2
554 730 4
488 456 30
627 380 38
352 728 33
401 647 31
559 324 2
979 90 16
151 976 35
186 683 5
51 860 41
133 557 9
941 394 41
322 82 26
402 299 37
49 801 20
725 625 31
815 109 24
143 192 22
179 800 18
39 485 29
596 131 10
343 35 4
425 427 18
724 95 12
877 467 27
503 592 23
612 276 32
804 291 32
957 458 17
442 164 36
925 272 4
960 162 9
387 345 34
834 202 36
653 461 2
245 769 3
873 155 1
165 357 7
975 54 14
491 578 28
764 493 1
278 356 23
975 563 9
177 194 25
638 902 19
759 135 10
915 223 30
624 275 13
678 483 22
608 649 34
453 608 32
809 493 22
724 337 9
271 921 6
173 692 24
308 116 5
883 489 10
510 384 28
345 148 8
346 888 4
955 119 5
800 466 17
489 91 3
763 43 38
455 172 29
923 291 21
412 521 16
149 19 8
297 140 4
537 940 18
8 699 33
826 264 7
269 638 3
312 736 28
836 458 21
127 352 42
1 259 18
20 696 15
160 348 5
452 345 8
504 40 13
768 691 9
406 493 17
494 785 1
304 840 8
9 350 17
268 135 32
316 685 20
664 383 11
361 83 5
754 969 7
445 215 23
290 639 23
76 981 12
916 988 22
619 479 39
106 801 3
791 477 10
527 172 22
610 380 2
931 41 8
498 557 29
138 194 29
471 236 9
459 773 34
290 967 39
92 169 25
569 992 7
741 131 40
122 934 4
515 803 28
424 74 40
618 494 8
855 853 32
628 639 25
947 694 36
469 368 36
461 149 17
592 425 36
878 228 20
34 641 15
460 690 24
955 238 30
808 275 13
799 136 24
494 105 41
214 364 16
715 67 39
140 691 29
368 408 8
362 248 18
52 954 22
642 85 5
270 187 39
406 791 5
863 728 15
227 613 25
646 966 15
689 133 35
98 891 40
698 232 30
652 255 30
90 91 39
277 881 21
420 184 7
149 934 23
762 882 16
728 44 25
861 922 16
105 941 30
337 680 40
945 781 17
388 286 27
621 434 12
805 556 28
739 85 13
973 829 5
18 800 18
292 770 5
233 430 38
265 187 36
46 995 17
333 455 39
119 357 26
676 536 16
113 135 9
942 236 21
94 98 29
865 41 7
295 846 31
834 755 12
181 706 19
636 602 38
345 886 21
881 792 31
369 503 32
957 657 42
55 433 37
97 931 38
295 370 17
402 746 3
109 387 37
711 75 5
598 800 19
742 645 2
597 517 27
254 855 18
40 134 20
971 508 7
693 99 26
439 985 28
179 58 7
606 664 17
407 906 13
52 494 21
921 316 10
776 858 34
263 358 24
771 913 10
871 269 39
208 568 13
266 269 26
930 432 10
189 658 1
35 482 21
351 400 17
562 267 15
920 388 18
185 550 18
454 35 9
22 565 7
643 887 14
427 388 22
85 144 37
919 10 33
671 929 10
938 121 38
679 89 6
229 673 15
616 380 29
181 958 29
69 744 3
457 149 34
953 837 18
316 65 1
245 977 5

83
367
122 204 22
220 883 3
854 112 59
943 80 67
53 262 38
159 683 69
693 492 80
664 798 36
554 114 67
820 359 74
25 77 35
908 236 17
373 69 29
453 281 12
67 804 24
750 71 29
595 839 22
393 445 8
507 116 45
218 116 45
295 62 18
883 130 77
952 418 22
586 912 49
742 702 29
813 545 15
4 547 72
449 595 19
917 306 70
386 924 72
448 363 23
930 826 27
348 902 5
612 351 15
314 606 45
211 280 50
759 56 17
706 428 26
12 544 32
937 168 18
300 9 62
478 850 34
381 222 34
84 898 6
690 513 49
322 869 18
731 391 27
159 565 17
703 892 76
223 137 7
233 120 19
83 551 49
657 912 10
555 973 5
420 999 1
290 691 28
681 242 23
598 257 52
842 977 57
980 62 25
100 436 28
652 110 7
916 967 70
242 204 59
593 526 72
284 891 72
878 930 31
135 700 45
113 981 61
175 965 29
612 525 48
74 318 12
41 546 42
598 783 6
124 576 73
367 789 47
297 644 30
997 180 49
330 666 36
296 994 72
173 303 80
492 64 80
390 829 40
174 862 50
750 138 34
891 358 74
535 511 33
715 894 19
381 412 81
375 396 33
30 907 63
94 30 35
275 931 35
138 874 55
276 767 69
634 785 66
497 170 39
743 852 14
508 236 41
904 599 17
811 609 51
193 145 28
476 173 45
351 944 59
470 888 79
255 287 14
425 576 73
630 401 47
866 292 61
817 565 71
779 565 70
924 595 55
98 72 23
42 825 16
282 67 1
921 586 10
498 91 38
251 93 32
543 191 14
108 149 64
25 659 51
973 684 37
45 902 59
222 949 69
290 346 40
876 566 45
319 42 65
764 943 60
308 826 46
457 927 58
117 494 38
153 192 31
56 815 68
357 535 29
55 650 57
622 399 65
664 69 66
959 590 52
785 361 70
712 676 18
559 452 43
103 253 56
918 27 30
454 198 71
456 944 29
855 332 69
276 596 41
866 531 62
228 879 3
256 886 41
708 351 76
961 285 82
340 373 8
891 868 82
835 721 42
168 629 13
116 511 40
648 57 20
879 562 20
117 204 1
821 910 21
106 528 39
831 249 81
52 240 54
773 686 70
754 939 20
265 400 50
322 137 64
884 92 33
440 628 31
702 68 70
582 568 30
183 382 56
424 185 10
462 230 45
401 463 29
153 864 26
642 382 78
735 547 2
363 944 44
783 458 2
703 793 33
86 586 54
623 211 76
853 240 14
317 42 78
181 598 33
915 419 6
463 914 11
759 293 74
217 112 31
362 338 66
300 794 56
864 785 1
104 201 39
147 430 74
745 61 43
517 198 79
431 977 82
725 843 5
189 72 40
527 788 10
673 855 30
459 361 74
12 489 71
442 823 62
856 826 79
406 11 66
383 463 16
578 730 15
2 756 22
790 351 44
645 660 29
358 269 32
848 743 46
671 321 7
498 46 73
861 220 31
676 912 52
758 35 64
514 587 60
217 328 70
229 597 79
498 244 62
241 349 22
562 467 79
960 731 63
533 203 16
445 729 22
832 342 78
771 181 26
99 22 67
49 5 50
293 633 7
642 972 10
461 159 49
544 370 19
747 430 6
476 704 71
818 5 65
351 713 8
725 286 82
730 429 5
716 448 52
40 670 8
200 134 6
922 512 48
704 202 46
760 426 30
766 446 53
831 651 12
117 626 52
546 53 78
347 177 6
369 594 61
503 6 19
367 879 41
570 296 25
348 813 70
146 807 36
149 971 81
776 486 66
181 79 63
359 755 38
305 146 79
311 578 33
542 914 30
191 172 10
4 487 58
811 914 3
782 107 70
621 131 24
52 624 28
807 16 3
954 755 2
884 864 36
799 828 24
971 159 17
458 61 62
724 662 19
831 410 28
314 308 17
939 333 37
955 540 5
63 458 9
927 682 25
755 217 74
914 294 34
327 915 8
990 540 69
752 328 4
412 251 63
746 795 60
638 392 63
449 148 26
131 210 29
348 804 22
994 550 37
261 619 82
153 146 56
482 750 41
733 186 25
881 936 33
273 977 10
773 973 39
983 385 42
139 723 56
41 169 20
12 881 40
511 272 7
261 654 25
799 140 43
735 38 74
712 35 75
38 670 52
775 106 13
850 673 64
371 588 40
252 849 52
877 372 29
883 49 41
23 559 8
413 155 78
448 280 62
470 382 24
576 257 77
249 467 82
837 169 61
39 264 52
411 19 55
812 638 42
724 518 57
879 549 42
512 316 33
894 148 41
504 369 20
971 366 13
492 565 79
756 783 72
128 958 33
766 10 52
636 945 72
185 607 51
854 331 69
2 855 34
723 849 78
89 420 51
6 593 20
142 955 20
100 4 28
463 168 68
760 497 22
368 550 60
699 835 12
906 631 24
755 26 37
528 573 49
473 796 57
428 511 45
784 334 62
952 286 79
450 355 57
352 61 55
187 656 30
171 753 16
197 556 56
123 82 4
