12 12
2 22
1 42
2 90
2 58
1 76
5 10
1 62
2 82
---
2 39
3 33
4 16
2 18
4 24
5 32
4 24
---
2 58
2 68
7 30
---
3 78
2 76
2 16
---
1 2
3 18
1 4
5 4
5 10
5 10
---
5 2
2 54
1 36
5 44
---
2 80
4 80
4 12
2 64
---
2 86
3 72
3 60
---
12 10
1 76
1 106
2 60
2 88
2 22
1 66
2 58
15 6
---
6 17
6 8
1 23
4 25
1 17
5 10
5 24
1 27
---
1 18
1 17
5 4
1 23
---
2 82
1 74
4 4
1 46
1 58
---
1 62
1 14
2 98
4 6
---
4 58
5 60
4 54
5 8
---
2 28
3 8
1 34
1 6
2 34
---
1 48
1 40
14 32
1 57
1 8
1 20
1 51
1 32
1 28
3 4
---
7 53
4 57
1 57
5 62
1 52
1 30
4 41
1 40
---
1 36
2 78
1 24
9 10
2 52
2 34
1 88
1 80
---
2 26
4 8
3 30
---
1 22
3 12
6 8
---
4 16
1 8
6 60
---
1 18
---
1 44
3 44
1 40
7 14
3 58
4 4
---
2 37
3 6
1 13
2 13
1 29
1 44
1 26
3 30
1 8
---
1 8
6 66
---
1 16
1 19
1 33
1 29
12 26
2 22
4 14
10 2
1 25
1 26
---
7 32
5 34
1 4
1 28
2 46
1 4
6 8
1 34
2 38
1 42
---
1 60
2 6
1 59
1 41
1 57
1 18
1 34
5 8
---
2 80
1 118
2 64
6 4
2 112
1 80
1 70
1 92
2 110
1 112
---
7 22
7 52
1 62
1 52
9 30
---
4 76
2 40
2 68
1 50
4 20
3 2
2 74
2 78
13 2
8 8
---
4 40
4 34
9 30
6 10
4 35
3 66
---
1 68
---
1 25
5 11
3 16
---
2 52
2 26
1 46
2 66
---
7 4
---
3 120
2 100
2 100
1 48
2 16
2 76
2 128
---
2 13
10 8
4 24
2 15
10 25
---
2 64
---
8 22
8 16
1 44
6 20
5 39
---
6 50
---
3 60
3 76
3 68
4 48
2 56
3 94
---
2 24
1 34
1 43
1 55
3 55
2 26
---
2 84
2 78
2 106
2 80
2 72
3 52
3 76
3 10
---
2 70
2 42
5 18
---
6 31
11 14
1 18
1 4
1 39
1 34
---
7 47
2 32
---
4 22
1 37
4 6
1 42
11 14
---
4 44
1 32
1 64
---
5 12
6 20
---
3 2
7 30
2 34
3 27
1 6
7 23
10 6
10 6
---
2 38
4 62
5 78
2 6
2 58
1 28
2 28
2 42
---
8 44
1 22
7 2
3 2
---
1 96
5 10
1 26
1 92
5 36
1 56
---
6 2
5 76
3 56
5 70
5 70
1 52
5 72
---
1 46
2 20
1 52
5 24
1 18
2 36
5 14
2 34
5 16
---
4 53
---
1 20
2 25
6 22
1 4
1 25
3 25
3 14
---
1 66
5 4
1 48
1 54
4 18
---
4 8
5 42
4 10
9 39
1 49
1 53
1 33
4 28
2 51
---
1 128
1 82
1 48
1 86
1 54
---
2 54
1 52
7 2
2 70
1 78
---
2 38
8 30
1 24
3 58
2 58
1 6
1 54
2 54
5 8
4 54
---
1 52
1 62
1 56
2 34
8 56
12 4
1 54
2 56
1 78
2 80
---
1 62
2 70
3 26
2 62
2 26
2 72
6 2
---
2 58
2 38
4 12
4 10
1 78
4 2
4 2
2 6
2 64
1 78
---
1 57
1 72
5 30
2 84
1 60
2 65
4 59
1 72
1 36
---
1 40
1 70
1 54
5 54
10 4
1 82
7 2
---
4 17
1 13
7 8
1 13
1 4
8 19
---
1 58
1 48
12 66
2 42
---
2 42
2 43
4 44
1 4
2 32
2 48
4 30
---
4 12
1 14
2 17
---
3 47
3 49
8 28
7 53
7 37
2 10
3 39
1 67
---
4 10
3 106
5 20
1 132
---
7 22
6 35
1 27
2 35
1 13
2 31
---
2 22
2 50
2 16
---
1 8
1 42
9 4
1 16
9 4
3 24
3 44
6 44
---
1 64
---
1 32
3 41
1 56
6 17
---
4 26
3 68
2 83
3 4
3 79
6 49
6 44
3 49
6 14
13 6
---
1 26
1 32
1 24
1 62
---
1 102
2 64
3 84
1 66
3 64
2 64
1 6
2 82
5 64
---
4 38
1 126
1 106
2 88
---
5 36
1 26
3 48
1 48
1 36
2 43
3 39
---
9 24
2 112
1 144
4 22
2 84
2 76
1 72
10 6
---
3 39
---
1 26
1 26
---
14 4
1 54
---
1 98
2 42
1 86
3 32
2 78
1 88
1 68
5 76
---
4 18
1 22
1 6
1 28
1 28
3 4
1 16
---
1 56
4 76
5 48
10 20
4 60
3 14
---
1 24
6 65
3 2
1 52
---
3 6
4 67
1 70
1 47
12 8
5 16
2 54
3 47
---
1 6
8 12
1 62
4 62
---
5 16
4 32
---
1 18
1 4
2 74
1 54
2 60
9 6
15 4
1 60
1 14
1 64
---
7 32
6 20
1 4
4 22
---
2 40
1 50
1 10
2 28
2 20
---
1 78
1 44
1 8
5 22
1 8
---
1 42
1 52
3 26
7 2
---
3 36
3 2
5 22
2 54
5 2
12 2
3 34
6 52
---
3 44
3 32
8 4
1 39
2 26
1 47
---
2 18
3 42
2 74
2 16
2 42
1 82
---
1 18
1 14
5 2
7 17
1 20
2 6
8 19
1 20
7 25
---
3 84
3 34
1 74
3 34
3 60
2 84
3 40
1 58
---
2 36
8 28
1 2
2 38
---
1 40
1 14
4 56
1 56
1 14
1 4
1 77
10 12
10 26
---
1 6
8 8
2 62
---
1 26
1 56
1 52
7 62
2 46
1 88
2 86
---
1 94
3 48
8 36
1 88
4 50
---
5 68
1 92
1 76
3 10
1 60
1 60
8 80
1 72
8 66
---
1 30
2 84
7 42
1 44
7 60
1 90
1 12
1 80
2 74
2 84
---
8 16
---
1 22
5 10
1 43
---
3 4
3 28
1 58
1 32
1 26
6 24
2 50
4 10
7 14
6 10
---
1 64
1 80
1 118
1 62
---
2 2
3 15
3 27
3 18
3 8
2 17
---
2 8
1 86
4 66
2 66
7 4
2 14
1 106
2 62
---
2 24
7 16
7 6
---
1 112
5 62
---
7 38
7 17
3 33
4 38
---
3 30
---
1 58
3 10
1 64
1 50
1 80
1 40
2 50
---
8 8
7 2
1 39
10 25
2 25
1 36
10 10
4 2
8 28
---
1 18
---
4 4
2 38
6 29
7 20
---
1 2
1 2
1 17
5 15
1 37
3 25
3 8
9 19
1 31
---
4 18
6 4
2 14
---
2 50
1 60
4 44
---
1 22
1 80
4 26
1 66
7 28
7 18
1 96
---
1 94
3 42
5 10
1 44
1 36
3 100
1 90
1 64
1 94
---
2 42
1 80
3 40
3 2
---
1 60
1 8
11 38
1 4
2 62
6 4
2 72
1 30
1 90
---
4 11
1 2
4 14
5 5
---
1 24
1 56
---
5 2
11 8
---
2 21
2 4
2 37
---
3 17
3 24
2 36
2 8
2 48
5 12
2 4
---
3 37
1 22
2 32
1 35
3 29
4 32
7 32
1 33
---
2 24
2 28
3 22
1 40
1 44
---
5 6
7 6
8 10
1 46
2 50
1 62
1 22
4 40
---
1 14
1 24
3 44
1 46
1 2
1 66
1 46
---
2 56
1 21
3 25
1 4
5 16
4 32
4 2
2 38
2 48
---
2 36
1 16
2 12
1 35
2 33
3 30
1 2
1 12
---
3 29
2 22
2 41
2 39
3 33
1 41
6 24
1 41
1 42
1 42
---
1 42
2 40
3 50
2 44
2 8
1 28
1 2
1 36
1 30
---
4 30
1 18
---
1 54
1 46
1 52
1 30
4 20
1 38
---
3 53
2 30
---
3 30
7 26
7 31
6 29
3 35
7 8
6 31
7 8
4 30
7 26
---
5 18
2 38
1 64
3 12
---
1 35
4 10
2 26
1 4
3 16
1 29
1 4
1 2
1 30
1 20
---
1 50
2 88
1 60
2 60
1 6
---
2 13
3 26
7 23
7 23
2 8
2 23
---
5 26
2 34
2 66
3 46
---
1 26
3 16
1 7
2 17
3 16
---
1 14
9 6
---
1 21
2 35
1 26
---
7 32
---
2 51
1 68
1 54
1 68
1 78
---
4 29
3 40
4 41
---
2 30
2 36
2 16
5 62
1 62
---
1 96
5 30
2 104
11 14
1 72
1 68
---
12 8
4 4
1 12
1 50
7 28
1 41
7 55
7 47
1 54
1 48
---
4 10
---
14 4
2 98
---
2 18
4 16
5 2
4 6
7 11
5 4
---
1 93
3 48
1 2
1 73
---
2 98
1 116
---
9 6
1 84
1 72
1 8
2 96
2 80
---
1 96
2 18
1 42
2 12
1 98
1 60
2 92
---
2 54
2 37
2 40
1 64
2 60
2 71
1 67
2 66
---
1 22
4 6
1 10
4 23
3 24
3 21
1 12
3 2
4 18
3 21
---
1 24
5 28
7 22
5 28
5 28
2 24
1 18
1 36
4 29
7 2
---
6 24
3 10
1 50
---
7 48
5 58
---
1 8
6 21
4 40
3 2
3 73
2 73
2 34
7 49
2 46
---
5 38
---
2 45
3 68
5 34
10 12
6 12
---
1 20
10 2
4 18
3 23
1 10
6 20
1 18
6 15
---
4 23
8 8
4 6
1 16
---
2 66
7 30
6 50
4 52
3 6
6 2
7 30
2 66
---
3 34
---
6 24
5 36
4 18
1 2
5 14
---
1 26
7 50
2 76
1 30
2 38
1 62
1 2
1 74
7 56
---
4 2
9 19
2 4
4 14
7 27
4 31
---
1 124
---
4 24
1 12
7 40
---
1 34
2 8
3 2
1 16
1 29
3 2
---
2 28
5 4
2 2
1 14
5 27
1 24
1 30
1 22
1 18
1 22
---
2 32
2 28
2 14
2 21
2 20
2 34
5 22
2 8
---
3 26
6 12
1 46
3 6
1 10
1 10
7 26
6 12
---
1 52
2 36
5 52
1 28
2 44
1 18
2 4
1 22
---
7 4
1 64
1 82
1 92
1 96
---
8 2
---
2 78
1 88
2 52
3 68
1 78
4 58
2 94
4 32
1 74
3 84
---
1 64
2 114
1 104
7 2
3 2
1 64
6 26
8 86
1 108
1 106
---
1 31
3 36
1 2
1 47
1 29
1 37
9 2
---
1 74
6 20
---
1 78
1 64
5 28
5 8
---
4 8
16 24
1 60
3 32
9 18
3 60
3 22
10 10
3 66
---
3 35
9 19
1 2
5 15
3 24
9 10
1 19
5 14
---
2 28
1 41
---
1 14
1 14
2 66
1 70
1 4
4 8
2 64
2 72
4 4
1 34
---
1 4
1 38
1 64
---
1 28
7 14
---
2 2
2 55
2 26
4 31
4 30
1 65
---
2 52
---
1 44
1 62
1 54
2 10
1 54
1 78
1 26
---
1 34
8 2
1 31
3 6
3 46
3 16
1 2
1 47
2 25
---
1 20
5 14
4 12
9 34
1 12
2 44
2 32
9 32
---
1 36
2 38
---
2 98
10 74
2 14
1 58
1 74
3 60
1 70
2 66
---
7 29
5 17
7 4
3 26
3 16
8 21
---
1 46
8 30
1 32
3 18
1 29
1 32
2 24
1 32
4 6
2 16
---
4 41
1 34
5 10
---
2 40
---
2 52
2 84
---
1 44
1 16
---
9 50
3 50
---
1 30
7 58
7 16
1 30
1 22
1 20
1 38
1 34
1 4
---
6 6
6 6
---
2 64
1 102
3 40
2 84
2 54
3 12
1 18
1 48
1 82
2 82
---
7 6
1 4
3 45
1 42
3 30
6 25
---
6 4
3 24
1 24
2 42
6 30
2 48
2 76
1 86
---
4 58
---
1 6
---
1 34
1 19
7 6
5 29
5 19
5 30
1 6
1 6
6 24
---
3 12
3 38
5 32
---
5 50
1 98
1 24
1 52
1 42
1 84
1 52
4 20
1 32
---
5 8
3 16
7 8
1 14
1 12
5 10
2 16
3 10
3 16
7 2
---
2 6
1 59
10 20
2 23
1 57
---
3 88
3 34
2 48
2 92
3 80
5 10
---
7 60
1 86
1 38
---
2 14
6 17
8 19
1 10
1 6
4 21
1 14
1 17
---
2 28
7 4
2 22
2 31
6 36
---
1 46
6 12
5 74
1 74
2 56
1 66
1 100
1 80
---
2 24
2 4
4 16
4 17
2 14
2 9
2 17
3 17
4 4
---
6 27
---
4 2
1 2
1 118
3 2
1 76
1 78
1 44
---
5 2
1 34
1 53
2 34
1 28
2 36
1 8
1 35
---
1 90
1 82
2 96
---
2 12
1 54
3 58
1 60
---
7 6
7 27
2 24
2 20
2 22
2 32
2 4
5 16
---
1 32
---
1 58
1 102
1 68
3 82
3 52
1 88
3 12
10 34
---
1 38
2 86
4 40
4 32
6 12
---
1 42
4 42
1 39
7 44
9 32
3 36
6 28
3 25
---
9 2
4 46
---
2 50
2 70
2 78
4 72
2 62
7 12
3 26
---
4 32
2 24
2 30
2 44
2 47
3 47
2 54
4 33
2 42
4 6
---
7 10
1 24
1 37
1 50
1 21
1 50
1 8
3 38
3 24
---
10 46
2 66
2 75
2 69
---
1 22
1 44
---
1 66
6 18
1 86
1 78
4 30
---
1 46
1 50
---
1 6
4 26
8 2
4 49
1 27
---
1 20
1 50
4 14
3 74
1 52
1 74
1 72
---
1 10
6 16
---
1 56
4 10
3 67
1 65
1 78
6 10
1 72
2 62
5 46
---
7 8
7 27
4 40
11 2
6 33
6 2
4 33
---
4 18
1 38
4 14
5 35
4 21
4 32
4 14
4 22
---
5 24
---
4 14
1 80
4 90
---
3 76
1 76
3 14
1 38
8 24
2 64
---
2 44
2 6
---
5 72
1 94
1 98
5 12
2 4
1 14
3 14
1 96
1 60
1 98
---
2 40
1 58
---
1 54
3 16
---
3 63
1 65
7 14
1 41
---
2 20
---
1 22
1 23
1 20
7 6
4 19
4 17
4 17
1 20
1 2
1 20
---
2 64
2 68
1 4
3 44
2 102
2 36
---
4 82
8 32
1 28
---
5 14
---
5 52
4 90
---
1 55
9 45
1 100
16 6
1 36
1 91
2 73
2 44
15 4
3 32
---
7 56
1 62
---
1 68
3 32
1 78
1 64
1 74
6 12
3 8
---
1 22
2 36
1 20
1 30
---
1 2
2 94
1 42
3 10
1 108
1 108
7 2
---
6 24
8 27
6 33
8 45
8 45
6 26
2 34
2 20
---
1 66
1 74
3 18
4 46
---
1 30
1 92
1 98
1 40
2 88
6 10
13 14
---
4 22
2 18
4 28
6 4
6 4
4 12
4 14
8 8
3 14
---
1 119
2 2
4 32
2 122
1 4
---
3 54
9 34
1 106
7 2
2 66
1 154
1 64
1 98
3 88
5 12
---
2 42
1 53
1 56
2 39
10 18
15 24
---
4 44
2 24
4 16
1 30
4 20
4 20
2 18
5 20
1 40
2 22
---
7 2
1 50
---
1 2
5 10
6 24
---
1 12
1 44
1 98
---
1 4
---
8 14
1 78
1 52
1 110
3 30
5 14
1 98
---
4 27
2 6
2 40
2 18
---
3 61
7 18
1 10
1 44
2 67
---
3 27
7 4
1 19
5 19
9 8
3 4
---
1 70
6 60
2 6
1 62
5 60
2 70
3 16
---
1 46
2 23
1 54
1 62
---
2 58
---
5 10
1 82
2 94
2 118
4 46
1 52
1 96
---
1 14
4 12
3 12
1 12
4 18
1 37
---
1 64
1 84
---
5 24
1 38
---
4 32
4 44
---
5 6
5 28
---
1 74
4 48
7 60
2 82
4 20
1 108
7 14
1 74
2 76
1 46
---
1 24
2 38
2 48
1 38
---
1 22
1 32
4 24
1 29
4 23
1 17
11 23
---
1 38
2 42
2 42
1 70
---
7 4
---
3 72
3 54
9 4
2 60
2 22
8 18
2 80
---
1 36
1 18
1 60
1 46
1 64
1 76
1 48
2 42
1 12
1 44
---
1 72
1 72
7 8
1 82
3 60
1 100
2 2
2 92
2 24
1 74
---
1 40
3 18
1 19
3 4
9 31
3 20
3 16
4 23
2 22
---
3 16
3 16
---
6 20
2 4
2 36
2 44
6 4
2 42
2 82
6 18
3 48
---
4 38
4 29
---
2 100
1 94
1 14
4 6
1 84
1 98
2 50
12 16
10 10
1 132
---
2 70
4 60
2 18
7 66
2 38
2 62
4 4
---
3 6
6 29
1 27
3 4
1 24
7 4
7 27
1 14
7 15
---
1 48
5 30
---
4 8
2 40
3 49
3 43
9 30
3 38
---
4 27
2 30
4 35
4 4
4 26
4 23
4 34
3 23
1 2
---
1 80
1 4
1 32
2 74
1 56
---
3 60
1 72
2 46
3 24
3 58
---
2 21
2 64
4 53
4 16
8 12
1 61
4 53
1 81
---
15 6
2 51
2 54
4 28
1 18
13 6
1 34
---
13 24
3 29
9 8
2 47
3 28
1 22
9 18
---
2 36
3 34
---
5 47
4 29
4 37
1 51
2 49
---
6 2
---
1 54
2 62
1 62
5 16
7 10
2 58
3 10
5 4
---
4 62
5 16
1 49
4 8
2 81
---
1 66
---
3 4
2 15
---
1 25
2 2
1 18
3 4
---
8 14
1 12
7 20
8 14
---
2 11
2 15
2 10
2 15
4 2
---
2 76
8 68
---
3 9
9 14
---
1 29
1 14
---
1 64
---
1 34
3 64
2 72
2 16
---
1 26
1 2
6 12
1 10
6 16
---
2 31
---
12 2
2 20
5 10
1 26
1 29
1 30
2 23
4 14
---
3 44
3 44
6 35
5 35
4 28
3 43
1 56
4 4
---
1 58
1 78
1 86
---
4 4
3 20
1 8
3 12
6 2
4 18
---
1 42
1 52
1 104
2 58
1 78
2 66
1 78
2 74
1 82
---
1 30
---
2 67
3 54
2 22
3 6
2 75
---
3 38
3 26
8 8
1 10
5 40
2 70
2 34
5 66
3 80
2 24
---
1 28
1 21
3 15
1 18
5 28
4 22
6 4
2 22
---
1 102
5 72
4 12
1 64
4 4
---
12 22
1 6
2 68
13 4
1 84
1 76
4 44
2 108
---
2 6
5 42
6 50
2 80
4 44
4 54
2 52
4 24
2 18
4 58
---
5 16
1 5
5 17
---
1 67
---
5 10
3 12
10 16
4 11
1 24
10 22
1 41
10 26
3 8
3 11
---
1 74
1 58
1 46
1 94
3 28
1 94
2 64
---
2 34
5 6
2 8
1 52
1 84
1 10
---
2 78
4 30
4 82
1 100
3 70
8 48
1 78
2 68
---
7 20
2 78
2 60
2 96
2 96
1 58
6 40
9 2
---
1 108
4 24
2 106
3 30
1 94
1 120
1 26
1 104
---
5 4
3 63
4 63
4 32
3 43
3 59
7 59
3 28
8 16
1 4
---
2 78
1 40
2 64
---
1 94
1 72
3 22
---
1 60
1 86
3 28
1 50
1 32
---
7 7
5 4
1 21
1 24
---
5 10
8 18
5 16
2 106
1 64
2 34
2 14
---
2 14
2 26
---
1 90
1 92
6 44
1 40
11 6
1 50
1 6
6 34
---
10 6
2 20
1 24
1 16
1 8
6 16
1 22
7 18
7 10
---
6 17
1 25
---
2 18
5 2
---
1 59
9 28
2 67
3 41
2 24
1 39
1 63
5 18
---
2 66
3 8
1 58
1 46
---
1 84
9 10
1 78
1 100
6 54
2 100
1 110
---
1 56
1 52
11 22
1 86
1 18
1 20
1 52
---
6 45
1 2
1 62
6 22
2 35
6 26
6 57
2 8
1 32
---
6 10
1 33
2 33
3 13
1 24
---
1 45
3 10
2 27
1 18
---
7 80
1 26
2 86
2 90
2 80
1 72
3 66
---
3 54
1 48
5 2
3 66
1 36
1 72
3 52
1 52
8 58
---
1 49
1 37
8 12
1 18
1 24
2 45
6 29
2 18
8 2
---
2 32
5 32
---
1 92
1 78
1 62
1 42
1 68
2 64
1 80
1 80
---
1 37
2 46
1 38
3 38
1 18
2 49
1 34
---
1 50
5 28
1 62
6 46
5 50
3 40
5 86
---
1 32
1 46
7 16
---
3 16
---
16 4
15 14
2 94
---
1 46
7 2
---
5 64
2 98
1 102
1 104
12 18
5 44
1 114
---
3 26
2 27
2 17
4 14
3 27
7 22
3 27
3 9
7 13
---
6 33
2 48
6 2
2 38
5 40
---
1 79
10 45
1 76
4 32
1 77
1 66
4 54
5 86
5 67
2 44
---
2 2
2 20
3 20
4 32
1 28
---
2 12
2 32
1 42
1 50
4 34
1 92
2 46
5 34
10 30
---
4 62
---
1 52
3 42
1 80
1 26
1 84
1 52
1 92
1 68
1 70
1 32
---
2 12
4 8
3 4
6 16
4 12
2 12
2 8
---
2 34
2 14
---
10 4
1 24
8 4
1 2
1 34
2 53
7 19
1 43
---
3 61
1 74
9 6
6 6
3 12
---
1 42
1 37
8 2
10 16
1 34
1 24
1 34
3 26
3 4
---
6 31
3 2
3 17
---
1 62
1 36
---
2 4
---
1 46
1 16
1 41
1 32
9 24
---
1 62
6 44
2 48
2 50
---
3 12
2 23
---
1 56
1 8
1 47
1 76
1 22
1 58
1 70
8 40
1 12
---
4 34
2 26
9 23
2 21
5 26
1 21
3 20
3 31
---
3 28
---
6 72
---
1 55
2 74
1 46
1 40
1 50
1 35
1 50
1 68
11 2
1 43
---
2 75
7 71
2 93
9 4
---
3 48
1 34
---
5 25
1 8
---
1 12
8 10
2 12
---
5 24
1 78
---
1 38
1 48
2 98
10 2
1 90
5 50
1 40
1 50
---
13 18
1 65
1 54
2 68
---
2 86
12 6
6 8
1 88
---
4 6
4 84
1 94
2 58
7 16
4 38
---
1 68
1 50
1 60
3 2
11 12
3 2
1 70
1 56
1 54
4 40
---
1 26
1 25
1 21
1 6
4 21
---
1 34
4 40
1 22
1 50
6 14
1 32
1 46
1 57
---
2 26
---
2 52
---
4 6
5 12
2 18
4 2
4 15
2 8
5 30
1 20
---
1 78
1 56
1 34
10 58
1 68
1 44
2 68
1 66
---
1 104
1 80
1 126
---
1 42
1 4
1 88
4 82
1 82
1 8
---
1 38
2 106
1 84
1 32
12 24
1 136
1 106
---
2 20
1 30
1 2
12 34
1 54
3 66
---
1 4
3 4
1 22
1 21
3 8
3 25
---
1 96
2 38
1 88
5 60
1 74
9 8
10 2
---
1 16
---
2 35
3 44
2 32
6 6
11 6
10 2
1 22
2 24
5 26
---
3 68
2 44
4 4
2 62
2 68
1 136
1 46
2 56
---
2 38
8 4
1 28
2 24
---
7 48
4 36
---
2 36
1 18
2 4
2 31
3 13
1 2
3 23
---
1 18
6 30
6 33
4 20
---
3 4
6 52
6 14
3 18
4 54
---
7 26
7 10
9 8
4 2
1 21
---
2 25
4 42
---
4 24
2 38
---
3 84
3 2
1 58
---
5 40
1 24
12 14
1 57
4 4
6 18
---
1 73
8 34
1 94
3 79
3 70
2 26
1 68
---
1 58
3 94
2 36
1 92
2 48
2 52
5 8
3 80
10 2
---
1 33
2 64
7 58
3 51
---
8 43
2 55
2 36
2 43
2 12
5 28
10 21
---
3 6
1 48
1 38
1 48
4 16
1 12
3 10
1 50
---
7 20
1 42
2 28
2 4
2 24
2 18
1 41
2 6
---
9 34
---
2 27
4 25
1 25
7 30
3 27
1 27
1 16
1 21
1 18
1 27
---
10 18
4 24
1 116
2 66
1 74
9 4
1 62
1 104
2 80
1 62
---
6 2
12 6
1 102
1 78
1 50
9 8
1 100
---
3 16
1 18
---
5 40
3 70
5 58
3 16
---
2 16
2 20
2 26
5 4
2 21
8 32
2 6
5 12
5 36
2 31
---
3 2
2 12
3 40
6 4
---
5 12
1 48
1 22
1 18
1 24
1 12
---
1 80
1 86
4 10
2 74
1 96
1 78
1 88
4 94
1 80
7 12
---
1 24
2 14
2 44
1 30
1 42
1 34
2 28
---
2 28
1 38
5 2
2 46
2 26
5 42
1 54
3 10
---
4 30
4 58
6 34
---
1 26
1 38
2 28
4 32
2 2
1 26
---
7 38
4 23
2 32
5 33
4 27
4 31
1 28
---
4 34
6 4
1 40
1 68
4 12
---
7 17
3 15
3 17
4 21
7 14
4 27
1 2
7 12
---
2 28
4 36
2 74
5 36
3 72
1 46
2 28
4 76
1 74
3 92
---
1 6
1 24
3 20
1 6
4 6
7 20
3 22
3 2
3 21
1 14
---
1 20
7 34
2 28
7 28
2 20
2 14
1 20
4 34
---
2 47
5 21
2 37
2 34
3 48
3 12
---
2 110
3 66
1 92
5 38
---
1 64
---
1 88
2 52
2 56
1 40
1 6
6 46
12 16
1 38
---
4 38
3 38
1 53
---
6 40
6 4
4 24
1 36
1 72
4 16
---
4 38
2 20
7 2
1 46
2 64
2 20
2 42
---
2 40
9 6
2 20
1 31
2 2
---
1 42
1 23
9 20
2 40
2 32
---
2 2
1 28
3 34
---
1 82
7 60
2 60
3 32
1 68
5 62
---
4 10
3 26
8 4
8 4
2 21
1 32
2 32
3 13
1 28
3 27
---
12 24
1 40
1 8
5 48
---
1 25
1 25
1 16
3 4
---
10 2
---
2 80
1 70
5 10
11 22
1 54
1 16
5 78
1 60
7 10
---
6 4
7 50
1 34
4 70
1 62
1 66
9 10
---
2 78
2 71
4 20
2 26
2 8
3 50
2 10
2 38
3 26
4 16
---
16 4
4 34
---
8 8
2 22
2 20
3 52
2 44
4 46
1 6
2 38
2 50
3 52
---
9 22
2 16
1 82
---
2 8
1 20
4 30
1 29
1 30
3 30
4 35
---
2 4
3 40
---
1 56
4 6
1 72
5 28
1 54
4 6
---
8 2
1 76
5 16
1 40
1 64
1 72
1 66
1 48
---
2 50
3 24
1 41
10 20
7 37
1 40
7 6
---
1 42
1 8
---
2 42
2 46
---
3 114
3 40
3 90
4 84
4 62
3 18
3 34
3 2
---
2 8
---
14 4
1 42
14 4
2 37
7 8
1 52
1 40
---
9 16
1 20
6 6
2 41
1 30
---
2 36
1 16
5 10
2 41
2 34
1 46
1 38
5 10
7 31
---
9 10
3 58
1 114
1 94
2 88
1 72
1 90
5 2
1 76
---
8 12
4 28
2 20
2 21
---
6 18
4 49
---
2 30
3 22
5 16
6 2
6 10
---
2 54
2 62
2 6
---
5 26
6 2
1 12
1 35
---
3 14
1 62
1 42
1 88
2 30
1 56
2 20
2 46
1 44
2 40
---
7 34
---
5 4
3 6
5 4
2 4
2 10
2 49
12 26
---
1 68
3 56
1 36
1 30
---
1 38
6 25
2 56
---
1 31
4 10
7 16
7 8
4 24
6 8
---
2 40
1 46
1 40
1 28
3 22
1 14
1 46
---
2 82
1 84
1 64
1 108
2 98
---
1 29
3 28
1 4
3 26
1 30
3 22
4 25
4 13
1 28
5 14
---
5 25
4 2
1 25
3 22
1 21
7 14
2 9
3 4
2 25
---
1 14
9 10
6 18
1 10
9 29
2 29
---
3 81
---
1 20
1 8
1 25
1 36
8 4
1 17
8 23
4 41
8 13
4 2
---
3 30
4 30
2 19
3 11
5 30
2 11
3 20
4 2
2 30
---
2 18
2 84
3 78
3 72
1 66
1 110
---
13 12
---
5 29
6 25
3 12
10 16
10 16
---
3 16
5 8
5 28
10 10
6 17
1 8
7 6
5 21
4 20
4 28
---
1 118
1 56
1 12
12 2
1 46
5 4
1 62
2 4
2 72
1 48
---
4 21
5 21
3 27
3 14
3 25
---
6 22
6 6
---
2 12
---
1 14
6 20
---
7 10
13 2
1 74
2 62
1 52
---
1 16
3 4
2 15
2 20
---
5 38
6 16
11 50
2 14
2 44
---
3 12
2 28
8 24
7 28
---
1 23
2 29
1 14
2 23
5 12
7 4
3 4
8 6
---
1 32
2 24
1 64
5 32
1 45
7 22
1 20
2 14
---
4 22
2 29
1 28
---
1 8
6 53
3 36
---
3 36
---
5 82
---
4 52
5 6
1 76
12 20
14 26
7 74
1 60
---
4 22
3 19
2 18
1 29
1 22
5 24
---
7 16
4 32
1 64
1 60
4 6
4 12
5 4
5 64
2 64
---
6 29
---
2 85
---
3 46
3 33
5 51
1 29
7 31
7 34
12 26
1 33
12 29
---
1 80
1 62
9 4
7 30
2 66
---
9 10
---
1 8
2 28
1 37
2 16
14 4
2 42
---
2 58
5 34
2 83
2 37
5 36
2 45
13 2
3 2
---
5 16
---
4 34
5 14
2 27
2 33
1 34
1 22
1 10
2 2
1 4
1 31
---
5 80
6 70
2 98
1 74
3 108
1 123
---
3 62
---
1 14
1 6
3 16
1 38
---
1 22
3 35
8 8
1 10
1 24
1 10
4 27
2 22
1 18
1 33
---
1 18
6 7
1 19
1 28
---
2 78
1 58
2 64
11 4
2 60
1 58
---
6 62
1 20
7 8
1 10
---
5 16
5 50
1 78
1 106
1 76
---
1 74
3 54
2 42
3 2
2 40
1 32
1 34
1 42
1 26
---
1 78
1 14
2 80
1 54
7 34
1 92
2 74
---
3 30
11 6
2 16
1 49
1 35
1 28
1 48
---
3 21
3 28
3 23
1 22
---
2 80
1 84
2 38
5 38
2 78
8 14
6 20
3 92
2 78
2 14
---
10 30
2 54
1 62
1 24
2 56
---
5 52
7 34
2 38
---
2 44
1 70
3 32
2 64
1 70
1 44
1 70
2 54
1 64
1 60
---
1 54
1 68
1 66
8 14
---
2 27
1 18
2 27
2 23
2 18
6 6
3 23
6 27
---
2 34
4 20
3 32
3 18
3 32
4 2
2 16
---
5 4
4 4
4 42
2 26
1 36
4 22
8 10
2 44
---
2 66
---
3 52
4 12
2 56
1 24
1 78
5 20
---
1 45
2 25
2 39
2 12
12 28
6 32
---
5 36
1 54
1 26
2 64
---
10 18
2 52
3 18
3 86
5 50
3 66
---
2 96
1 84
2 41
---
3 19
3 20
4 20
6 24
6 27
3 20
1 24
---
2 96
1 32
1 100
1 82
4 14
---
2 78
4 72
4 72
13 2
5 46
4 46
2 120
4 80
---
1 32
---
3 28
---
2 30
4 37
2 38
2 34
1 27
3 41
---
1 31
5 14
1 4
3 26
---
2 90
2 12
1 34
---
3 36
3 26
3 4
10 12
2 41
5 22
---
2 30
1 90
2 34
2 84
1 80
2 20
---
1 132
1 12
1 56
2 118
5 92
1 42
1 54
2 102
3 48
---
2 29
4 28
---
12 14
1 38
3 58
---
5 8
2 2
1 4
---
2 49
---
2 46
1 110
2 96
2 86
---
4 16
3 33
---
2 30
2 23
2 45
4 16
2 38
1 26
1 39
2 24
3 10
1 47
---
2 42
2 52
1 41
3 60
2 6
1 42
5 10
9 16
---
1 58
---
1 78
12 8
2 62
2 40
1 10
2 100
2 10
2 40
1 46
3 18
---
1 24
1 40
13 2
1 2
3 34
1 44
---
1 30
2 30
13 2
6 16
5 2
2 42
4 10
14 10
7 20
2 37
---
7 17
3 8
---
13 8
1 47
1 2
13 8
---
1 128
1 50
13 12
1 94
---
7 2
3 2
7 16
3 17
---
1 36
7 53
3 37
2 48
---
5 24
5 4
2 16
7 2
2 24
3 25
7 26
2 22
2 28
---
1 29
1 29
10 2
---
6 27
4 18
1 26
5 21
1 37
6 33
5 16
5 35
1 36
9 4
---
1 4
6 21
---
1 27
1 39
1 22
10 18
1 36
12 24
3 34
1 46
---
5 10
6 38
6 2
1 52
1 53
2 51
4 40
7 37
---
1 56
1 58
3 16
3 16
1 78
1 118
11 52
---
1 26
5 8
1 20
1 16
1 12
1 26
1 12
---
6 64
1 56
---
1 70
2 16
4 62
2 60
3 72
9 30
1 44
1 84
---
4 35
4 34
4 37
4 38
---
1 42
---
1 38
---
1 38
1 55
---
1 26
7 12
4 6
7 12
4 12
3 14
3 12
3 34
3 12
8 6
---
1 66
1 74
1 84
1 40
1 62
1 114
1 46
3 8
1 32
---
1 56
1 44
4 64
5 70
3 6
---
11 6
2 46
---
3 38
2 64
---
5 8
2 54
2 34
2 26
6 2
4 26
---
7 18
2 19
7 4
2 19
7 25
2 29
3 17
2 24
2 8
2 12
---
5 13
1 18
5 28
3 19
2 4
5 31
3 32
1 30
1 31
---
3 122
1 52
2 54
4 78
1 94
9 86
---
4 2
7 12
4 6
1 43
2 55
12 12
2 30
4 42
---
2 94
1 16
1 56
1 42
1 88
1 6
1 86
1 58
8 2
1 96
---
2 70
3 38
4 74
5 34
6 86
3 70
5 38
3 86
7 70
3 66
---
3 46
1 34
1 44
4 10
6 16
1 20
---
3 27
4 27
1 31
2 6
1 35
9 20
1 28
1 22
9 22
7 18
---
2 29
2 32
8 16
2 12
2 28
6 4
---
6 76
5 68
3 40
1 8
4 74
3 14
6 20
3 76
5 2
---
2 23
4 18
2 25
---
1 46
2 14
1 116
1 60
2 18
---
3 96
---
2 41
5 12
2 44
3 28
7 2
1 28
1 54
2 38
6 4
---
3 8
2 10
2 15
2 4
2 16
3 2
7 21
4 15
2 6
---
4 74
2 98
3 28
---
2 34
3 32
1 76
2 36
11 36
1 36
1 73
1 45
2 74
---
1 60
2 76
5 2
1 34
1 58
5 2
5 56
---
1 56
2 62
6 42
2 26
1 56
---
1 34
1 12
1 66
1 40
1 40
1 26
1 48
---
2 38
1 40
1 44
4 32
1 46
2 14
8 8
---
2 100
---
4 12
10 4
1 74
---
1 66
1 76
1 130
2 114
1 80
---
4 84
7 2
3 56
3 96
13 6
---
2 16
3 23
9 20
1 20
4 12
4 19
1 14
2 14
1 18
4 20
---
5 43
2 34
5 42
---
3 32
5 36
---
