4
0.0 5.0 3.0 0
7.0 9.0 2.0 30
10.0 100.0 4.0 60
110.0 200.0 2.0 0
3
0.0 20.0 2.0 0
500.0 600.0 1.0 270
3000.0 3100.0 1.0 0
7
0.0 5.3 2.1 0
19.8 35.6 2.7 346
42.0 78.4 2.3 15
1181.4 1192.1 1.7 117
2107.0 2193.6 2.1 295
2196.3 2201.2 2.0 298
2704.3 2709.2 1.5 208
2
0.0 40.0 5.0 0
45.0 100.0 5.0 90
2
0.0 40.0 5.0 0
45.0 100.0 5.0 270
3
0.0 40.0 5.0 0
45.0 85.0 5.0 180
100.0 145.0 5.0 90
3
0.0 40.0 5.0 0
45.0 85.0 5.0 180
100.0 145.0 5.0 270
3
0.0 20.0 5.0 0
45.0 85.0 5.0 90
100.0 145.0 5.0 0
3
0.0 20.0 5.0 0
45.0 85.0 5.0 90
100.0 145.0 5.0 180
3
0.0 20.0 5.0 0
45.0 85.0 5.0 270
100.0 145.0 5.0 0
3
0.0 20.0 5.0 0
45.0 85.0 5.0 270
100.0 145.0 5.0 180
0
