3349 3280 6254 8294 7051
9750 7761 9939 1398 8832
6479 9499 4829 4201 6524
8430 8779 1047 9684 5474
6286 1002 8928 7912 6861
4153 595 7804 620 3082
9684 5864 6367 3025 7376
2171 9447 8384 6744 6217
448 8312 146 7452 600
8990 2833 4675 5529 5836
7911 8413 9997 3473 8106
970 9667 6859 8552 8476
7439 757 3149 4531 3745
2312 153 1512 992 1903
9764 7570 2536 7954 4352
4387 1441 3501 6074 5001
9131 1387 1447 9815 9804
7619 3527 4988 7584 3808
4465 2777 2330 5485 6909
9231 8562 8666 3280 5352
4908 8467 6476 1997 3736
4306 6999 8003 5477 6114
1850 3967 4 2338 1084
3156 9464 6394 1107 8431
4105 3447 8343 1679 3579
8580 4822 6222 403 1545
4104 8678 6954 436 7092
5376 9458 9267 340 8142
4869 6389 9871 5065 2578
1147 4781 9496 557 6447
766 4102 8586 8478 8989
7356 6172 8189 7454 3707
3171 4836 3440 9522 3891
721 6537 6890 2471 1894
9403 2462 6762 4283 3525
8631 7946 5529 3431 7183
1867 1936 533 7204 6983
2662 6077 322 1417 2867
9291 6079 5517 2449 8685
2626 3512 8195 8197 4117
8481 2957 8063 9004 9179
5429 448 9963 6380 7769
6167 1269 4959 7997 4685
9073 7722 6809 476 3976
5076 9059 7283 2916 8160
1272 2995 8535 7295 7741
1678 6986 8862 1494 4027
3180 7032 4676 152 9741
9452 9955 7157 5135 7646
9830 2713 6922 5270 1396
3269 6270 4299 1289 6600
4130 1029 1119 8386 1751
6627 3513 9700 8946 4356
4109 5608 2049 3480 6707
1512 1216 1659 1871 6601
4694 359 8633 955 1610
3943 4695 9372 8792 8789
6691 3401 6221 4259 4504
8057 5911 9097 960 1295
2917 4822 4377 4295 5169
2204 7380 7997 2576 1934
5633 556 4513 859 9881
9420 2482 4877 2648 3233
4425 7230 8018 4696 5530
9709 6373 7792 6454 5148
631 6034 3001 3896 3935
7865 5450 1256 5766 4624
3024 7149 5832 5923 925
9050 6941 2904 465 4901
3613 3624 6057 7724 4099
4538 1344 8818 5999 6729
1744 4321 3461 1455 3202
5153 7977 5552 1034 4112
4532 6271 1173 876 6936
3873 4038 8269 840 9650
703 3846 2444 6339 8602
3958 5817 3146 3819 6469
1343 8841 6723 9561 8709
8604 9049 6807 6578 2655
8426 5038 7120 8597 459
3860 487 3421 3474 3775
1670 6969 146 7450 8899
5386 7268 4191 2181 8414
5992 4211 8614 3920 6475
4246 8223 5139 8710 107
7885 5685 7461 2063 3477
6632 5504 9801 7402 2081
6427 6500 7667 1686 558
6521 3395 1553 764 1063
1716 4690 3598 7111 1147
6044 3191 4646 2346 6509
9563 3598 6865 1531 9656
1489 4836 9623 5612 6172
2815 8044 1477 8469 9519
4494 1624 1302 8242 7214
4509 9457 8458 7582 5469
8305 6257 5923 8493 1184
841 6511 3182 4618 7755
1047 1826 4914 7827 4101
440 867 7587 5489 42
0 0 0 0 0
