39.78 5779.39
78.75 7031.62
66.29 14016.42
30.48 90477.99
7.87 5623.62
35.46 405.06
55.89 8204.71
76.00 7219.64
56.20 41106.00
18.40 11204.98
68.06 7354.44
84.22 12007.05
4.81 10741.54
7.23 1529.04
22.99 33265.59
15.13 7884.58
8.63 62644.45
13.09 11893.12
38.08 13352.40
56.55 6337.78
72.78 5113.71
61.14 6105.27
44.83 1524798.78
87.49 12491.00
60.81 1693.82
65.10 1320.04
88.33 8853.95
88.64 8312.15
33.74 3004.35
88.81 3246.60
80.01 4360.63
22.65 7255.30
31.93 10342.34
81.81 1815.47
12.16 6092.51
62.58 11629.76
45.15 35778.60
77.78 55361.52
66.69 10420.61
33.89 3164.21
19.57 10051.25
5.74 3494.07
6.87 10017.05
81.99 4553.52
78.68 10351.34
68.19 2925.87
84.91 3187.10
89.60 14649.36
57.48 12613.37
4.18 7503.95
84.19 9675.73
2.98 30992.86
14.47 6312.19
69.18 19638.48
70.59 5130.04
7.35 523.56
49.97 5750.51
28.26 5200.62
44.70 1196.23
63.31 6373.43
68.31 1920.80
48.63 1622.18
17.83 5372.78
62.54 5619.78
27.64 9077.40
84.09 7954.25
29.06 41306.74
20.26 3273.82
82.95 11803.43
28.03 5219.44
18.38 3253.16
79.61 4064.32
80.77 5985.48
84.78 37234.83
85.23 4728.78
82.33 13658.79
68.12 12890.20
80.53 11610.83
23.00 9032.65
1.83 10179.10
7.81 3956.47
78.66 433238.29
79.13 14858.26
49.26 4177.89
1.36 7198.51
50.55 3431.10
13.13 5143.21
18.51 1490.39
35.92 3961.25
23.79 3706.40
55.68 5412.96
67.15 5491.81
74.36 3220.98
72.71 54296.76
17.55 29837.32
56.54 7330.11
6.00 11974.06
85.60 15915.13
42.42 2259.06
0.86 318.36
