100
2
19 60 22 90
66 11 91 63
1
12 41 61 69
3
94 18 99 66
55 39 75 67
72 33 94 90
5
7 15 13 79
50 10 89 56
47 10 76 52
8 41 32 69
68 0 82 84
1
22 42 35 75
3
16 27 66 58
1 25 89 67
23 29 40 39
5
22 82 78 84
16 11 42 19
1 0 31 53
28 5 31 18
12 22 73 39
1
31 20 65 93
3
5 11 87 86
20 9 60 90
9 62 45 62
1
57 14 62 15
1
2 40 27 95
5
9 6 75 79
24 36 78 74
23 70 31 89
2 84 90 92
30 53 54 92
4
68 6 87 36
4 15 31 58
7 38 34 53
62 89 63 92
2
12 20 99 75
59 14 90 33
5
41 38 65 85
16 33 44 56
21 0 23 5
58 30 58 92
68 20 85 31
2
8 20 82 83
10 21 87 24
5
47 63 98 63
48 16 48 44
44 70 72 95
27 3 77 85
57 32 95 45
5
19 1 64 40
13 52 77 74
47 10 50 87
11 2 86 65
65 55 74 87
3
21 14 55 98
44 2 99 57
35 25 76 27
5
15 6 29 92
44 46 45 62
11 32 25 36
43 61 86 77
64 79 82 95
3
5 29 33 30
54 63 87 92
19 64 44 95
1
3 0 24 8
1
18 32 49 37
5
32 12 95 81
28 66 43 83
88 28 99 73
34 76 61 80
21 15 51 29
2
16 76 76 76
61 1 83 65
1
32 49 88 64
2
16 82 56 99
39 29 82 62
3
19 23 71 49
30 22 38 44
20 66 90 96
5
7 57 51 62
50 0 89 5
13 19 88 21
50 10 70 70
81 33 84 45
2
4 64 60 95
13 80 38 80
2
63 14 86 87
2 52 66 75
2
21 23 31 52
54 4 94 43
3
13 15 99 37
75 29 94 41
19 7 54 99
5
17 83 70 86
1 93 40 97
16 51 30 84
88 43 94 62
18 22 94 56
3
62 2 68 37
43 49 45 87
67 24 86 81
4
0 56 2 65
10 31 40 78
41 29 82 29
3 59 24 70
1
69 32 90 58
3
12 45 19 62
81 0 83 59
3 35 24 55
2
32 38 86 65
6 2 21 13
5
17 5 59 33
54 5 95 44
2 67 66 85
37 62 81 85
96 73 97 92
3
86 59 89 73
24 59 38 82
0 66 61 79
1
34 13 85 39
4
52 58 72 89
26 9 39 53
3 18 5 78
18 44 90 56
3
7 49 66 67
1 46 28 86
11 63 76 86
3
36 15 81 53
5 27 62 83
54 19 81 84
4
72 80 88 80
47 54 49 56
55 27 94 56
25 22 94 36
1
24 17 53 60
3
36 39 58 41
47 8 72 55
53 19 88 93
2
37 0 98 93
39 64 55 77
3
62 10 90 47
0 46 34 59
81 10 86 17
5
51 67 58 73
7 23 78 72
24 25 74 45
38 31 54 78
92 6 95 57
3
7 92 39 92
39 40 54 77
58 58 87 83
3
6 14 37 61
59 9 85 63
41 49 88 95
5
71 52 88 94
39 10 51 63
7 30 51 61
7 46 72 61
5 5 44 34
2
19 30 86 43
31 75 52 93
1
63 82 74 86
4
67 49 77 88
8 22 91 49
56 52 94 55
48 5 60 80
4
31 48 89 61
1 16 44 46
38 7 80 12
42 9 94 95
4
30 56 78 73
77 72 78 86
4 25 93 53
36 7 82 31
2
13 84 49 94
1 11 30 51
2
47 72 58 95
51 40 52 82
1
42 21 81 53
5
19 53 20 57
16 12 84 56
6 0 77 68
51 62 53 81
86 7 97 53
1
3 73 38 99
5
58 37 84 94
8 29 46 80
37 62 82 67
26 4 87 95
85 0 95 38
3
34 5 38 41
5 8 92 29
2 56 92 96
5
81 56 95 79
37 26 41 77
21 20 44 84
22 61 24 68
68 74 95 75
1
88 31 94 80
1
84 44 96 88
5
18 53 49 97
90 16 91 26
23 7 89 11
29 48 35 57
25 51 95 56
3
35 15 68 35
27 11 55 17
29 9 61 14
4
27 18 36 56
24 13 81 59
66 48 70 68
16 11 56 48
2
78 46 86 99
13 13 16 68
1
6 29 29 44
5
75 52 85 55
29 35 36 42
53 4 65 53
10 35 72 65
16 3 81 40
5
46 66 55 68
45 37 95 52
81 34 89 85
14 45 62 97
2 9 33 90
2
56 18 91 62
58 31 98 59
3
50 30 83 57
94 28 96 44
30 22 80 27
1
79 41 92 67
3
40 18 42 44
9 57 52 70
7 38 80 69
4
66 40 82 68
17 47 86 61
79 1 91 14
20 10 31 84
1
21 3 73 67
2
73 24 83 95
31 4 76 22
5
58 42 58 50
37 5 59 20
64 3 84 86
6 48 34 96
25 31 51 99
5
73 8 75 24
12 48 20 59
6 3 33 75
35 9 61 66
3 7 46 49
2
71 35 89 47
31 83 79 97
4
30 8 72 57
16 80 16 92
40 1 83 99
8 12 77 97
4
6 7 18 19
42 59 91 62
7 38 11 73
8 16 20 59
5
28 46 77 84
47 0 64 21
20 24 97 80
86 12 88 60
3 90 31 93
1
60 29 65 49
3
21 37 59 40
22 5 24 89
26 34 35 38
4
87 11 98 78
16 0 51 11
14 61 83 73
48 32 75 60
2
14 74 53 81
19 30 63 93
1
50 83 61 84
5
11 47 61 89
57 10 99 13
77 22 96 70
18 9 97 78
22 11 60 75
3
0 5 31 76
40 2 59 53
39 33 64 86
3
5 37 60 62
32 57 48 77
31 2 86 80
2
8 35 93 43
41 33 81 76
3
11 35 81 36
51 13 75 97
44 4 51 57
5
4 13 51 28
44 6 66 76
20 26 39 32
8 1 61 2
36 12 86 22
