132
532
337
267
0
120
308
347
201
312
406
0
451
248
198
271
714
338
53
201
0
0
333
359
542
142
89
403
274
101
442
289
507
290
204
66
446
127
240
64
171
39
265
206
252
228
65
318
144
67
640
272
0
122
927
91
151
736
257
194
170
84
379
258
124
0
82
341
290
284
156
257
146
385
565
407
648
122
21
322
373
142
0
43
327
291
73
212
397
110
343
382
143
252
123
353
688
49
0
125
241
210
34
70
495
74
149
57
234
196
451
164
134
0
63
590
561
105
231
262
518
308
222
142
247
384
397
80
203
85
488
22
110
193
202
174
248
287
217
334
47
297
93
610
154
261
211
48
712
154
327
28
596
581
69
371
581
1067
162
795
217
2
132
202
364
400
554
470
0
333
36
223
50
381
87
366
193
92
117
659
428
227
154
73
225
101
382
288
130
205
199
75
132
167
0
84
177
64
198
227
277
213
83
65
164
247
160
433
217
380
527
92
407
83
260
417
400
96
370
207
226
87
280
119
158
406
149
471
150
141
313
154
234
351
354
4
236
44
252
95
567
20
131
195
278
232
323
0
2
28
272
319
405
448
381
336
191
165
692
156
25
0
255
417
395
470
385
100
109
334
475
103
119
102
303
160
210
461
149
654
195
396
160
116
8
56
106
419
205
287
584
248
206
79
185
104
156
283
231
472
731
279
245
386
115
327
73
123
425
386
437
518
185
198
238
386
997
263
343
353
0
47
319
112
471
190
0
351
182
218
334
159
457
304
264
435
509
121
39
221
85
278
121
509
437
206
586
284
248
449
257
349
294
243
452
99
136
186
215
183
144
319
68
188
520
426
145
159
204
120
148
580
234
242
249
319
232
560
192
343
270
219
519
136
78
45
237
291
310
140
101
104
337
398
225
284
348
277
389
703
278
39
324
119
102
262
116
184
333
344
272
162
571
197
86
472
524
57
221
372
178
507
180
50
37
120
342
0
236
136
235
551
220
339
213
87
240
61
185
251
420
59
27
162
324
494
234
300
144
75
401
118
290
113
16
101
0
491
406
345
478
244
400
437
81
207
179
124
336
214
17
102
219
213
195
643
235
184
300
294
197
188
43
231
328
48
564
164
222
620
218
311
85
34
143
137
101
166
107
263
55
261
87
427
271
365
412
148
458
117
94
166
189
195
16
17
106
135
35
246
263
280
172
246
26
241
4
59
286
299
174
76
0
216
448
150
226
216
677
20
232
348
351
358
89
72
181
6
475
1
309
161
242
119
26
117
426
644
104
85
276
41
511
97
88
251
425
468
558
19
339
515
575
308
456
32
520
141
111
273
0
459
150
690
447
38
19
146
654
0
241
98
76
261
224
167
166
164
19
404
217
203
958
6
164
532
99
85
293
12
125
0
129
165
148
151
613
445
703
464
189
373
74
383
380
21
601
73
232
167
828
136
37
319
0
359
157
9
0
349
96
114
123
64
315
82
312
42
636
474
88
317
320
93
371
131
0
43
77
149
62
246
27
45
81
439
