160
228
1112
1161
1261
1262
1317
1439
1511
1848
2173
2628
2651
2892
3245
4057
4065
4125
4297
4385
4576
4594
4647
4672
5032
5485
5503
5633
5670
5891
6290
6471
6702
6810
7035
7082
7419
7466
7686
7770
7898
8369
8663
8694
9260
9373
9811
9813
9895
9980
744148
1494365
5423716
5518807
7415031
12322901
13941764
17057082
19008701
24502335
24927576
29063703
31141983
32826615
35470477
36698507
40139332
42528421
43733848
44107657
45642247
46225923
47354468
54197470
55836900
61130408
61144376
61300019
63017097
64696111
64892722
68636655
70917312
71191146
71712679
74123183
74317190
75661645
77842796
79871287
81465434
81498856
85839112
86105475
87762002
88673813
89344995
91819449
97123957
99602228
