1 1327 16 5
2 2618 3 10 16 3
4 5933 8 1 12 9 7 1 11 5
2 1816 6 12 2 10
8 6452 15 6 11 11 15 11 16 16 6 2 10 5 4 5 6 12
10 1319 4 12 1 14 16 9 13 6 4 14 15 16 8 13 5 3 8 3 13 7
2 8178 8 11 6 11
8 6337 6 5 11 10 16 11 7 16 3 3 5 7 16 3 6 8
7 4163 10 6 12 6 12 13 7 3 8 12 14 7 6 3
1 4052 12 10
10 7398 9 13 5 13 3 5 15 8 12 14 1 5 3 12 10 15 8 16 1 15
9 2031 5 16 1 15 15 12 9 8 14 1 4 3 14 6 7 12 13 2
3 7198 6 12 8 15 10 16
2 1316 14 8 8 3
1 2667 1 5
9 7771 12 1 10 16 3 7 5 9 2 2 10 11 14 15 6 6 13 15
3 5534 8 2 1 15 4 7
2 1087 11 9 13 6
5 1566 5 11 12 10 3 14 11 12 8 8
8 2561 13 6 11 1 15 2 3 15 1 6 5 6 10 15 14 7
2 6912 12 9 16 8
2 3862 5 12 13 12
1 2886 8 16
5 6649 16 9 3 2 7 3 8 11 9 1
3 4803 7 13 12 3 5 11
8 3738 13 14 1 9 9 3 15 16 2 9 1 2 2 3 3 8
4 4027 3 14 11 11 3 1 7 14
3 6302 9 12 16 5 9 16
1 2502 3 11
6 8182 4 16 5 5 3 8 12 8 1 14 5 11
9 124 12 15 5 14 10 13 10 9 1 2 9 13 3 11 8 2 14 11
2 6242 15 4 10 10
9 5208 8 15 5 16 5 16 14 9 13 7 5 6 16 5 8 8 2 10
8 7701 11 15 3 12 1 1 15 10 10 9 4 1 7 8 16 12
1 1417 4 3
4 868 9 3 13 16 10 14 9 11
8 3975 10 8 15 10 8 13 4 2 6 7 2 12 14 2 7 4
9 5413 6 2 3 14 5 15 13 14 13 5 9 2 8 2 10 6 11 1
2 2157 2 7 4 4
1 6159 5 9
10 3994 3 10 4 5 7 8 4 4 6 16 8 14 1 15 15 10 4 9 11 6
3 8177 12 10 15 14 11 3
3 747 5 9 7 9 14 14
4 4233 1 5 16 8 2 16 7 16
6 2109 9 4 15 15 15 11 8 14 8 2 16 14
10 3767 7 6 13 4 3 12 4 3 1 3 11 2 2 1 2 11 10 10 14 9
2 2138 3 15 10 10
7 627 8 16 13 14 5 9 1 8 5 4 10 5 6 4
8 2729 4 7 2 14 16 15 6 7 11 8 6 4 1 6 13 8
7 7842 5 9 2 5 16 6 8 10 10 13 13 15 4 1
4 1810 14 5 3 3 12 14 10 1
1 7039 6 13
4 6381 6 6 2 7 11 2 12 2
3 1644 15 7 3 2 7 8
10 7519 13 8 6 8 5 15 8 6 9 13 2 10 6 7 15 7 13 9 8 8
7 3029 12 9 9 15 10 15 6 15 3 2 6 8 9 11
1 876 16 15
6 6993 8 1 8 6 8 4 15 15 12 9 1 7
1 459 5 10
9 1464 8 9 12 13 1 5 7 7 4 6 5 16 7 12 16 14 1 7
1 1895 6 12
9 6077 3 7 14 7 16 4 1 7 13 13 4 13 1 10 3 4 16 7
9 2586 2 3 3 2 9 3 1 14 15 7 3 1 14 16 7 13 4 8
8 4660 4 7 12 4 16 14 7 15 4 10 4 5 12 6 6 4
9 748 2 7 13 4 7 10 4 13 6 7 4 9 6 7 15 1 10 15
6 6232 13 1 10 1 5 5 6 10 8 14 16 9
2 4206 13 10 5 16
7 6427 6 10 3 11 1 1 11 10 15 8 10 12 8 3
8 7638 7 1 5 15 15 4 7 2 15 3 12 3 2 2 13 7
3 5092 1 11 15 11 5 14
4 7057 9 9 1 4 4 7 4 9
3 3215 12 12 4 11 14 15
7 7528 16 9 6 10 7 7 5 6 1 9 3 3 6 11
5 7314 14 15 13 1 7 1 3 2 12 6
2 3083 4 9 9 3
5 7542 12 8 4 16 13 5 8 15 7 14
9 7440 3 6 15 15 6 5 16 8 7 11 13 2 4 16 10 12 2 11
2 1456 2 13 13 14
9 4053 12 7 2 4 8 4 9 6 3 14 11 2 6 1 12 2 2 16
2 7871 11 3 6 4
6 7471 1 13 4 1 1 15 8 2 2 15 5 10
6 5938 7 14 8 12 14 4 14 16 3 15 11 13
1 6919 1 1
6 2129 13 9 1 13 7 8 14 8 6 2 1 10
7 4367 7 16 3 5 3 16 4 5 14 14 2 14 13 2
2 8085 2 10 10 2
4 990 10 3 7 15 5 7 8 13
3 4418 12 15 3 15 14 6
9 6122 3 4 9 15 5 6 16 6 16 9 8 5 8 1 8 14 15 12
8 1739 8 16 5 3 15 7 1 12 12 4 7 14 7 15 12 12
4 279 1 3 3 8 8 10 8 15
5 6901 10 10 13 1 9 1 3 7 7 4
3 1422 7 9 15 13 7 10
8 6298 4 9 13 6 16 4 15 8 2 5 14 11 14 10 11 6
8 5757 13 16 16 15 1 6 7 15 3 13 8 10 6 11 2 2
10 38 5 14 9 6 2 6 16 15 15 10 4 8 7 16 7 6 14 7 12 4
5 6779 16 12 7 6 6 9 7 5 10 12
8 7261 1 3 7 1 1 5 10 4 12 16 4 2 6 1 8 1
7 3072 14 4 7 4 9 12 12 16 16 5 11 1 6 11
3 3320 11 3 16 5 6 11
0
