9
52.3790777315 0.9137932778 57.2377418870 -1.0000000000 -1.0000000000 1.1820993541
-1.00000000 -1.00000000 81.04284300 -1.00000000 83.34672734 0.05282544
10.00000000 0.50000000 20.00000000 -1.00000000 -1.00000000 -1.00000000
47.9337906847 0.6543010109 78.4455517579 1.4813893731 66.5243757656 1.0059022695
62.72048064 2.26853639 -1.00000000 0.56794657 -1.00000000 -1.00000000
15.69326944 0.24714213 -1.00000000 1.80433105 66.04067877 -1.00000000
72.83685175 1.04409241 -1.00000000 -1.00000000 -1.00000000 -1.00000000
3.00000000 0.52359877 5.00000000 -1.00000000 -1.00000000 -1.00000000
23.00000000 3.04789214 5.00000000 -1.00000000 -1.00000000 -1.00000000
