0.3927
1.5708
3.5343
6.2832
9.8175
14.1372
19.2423
25.1327
31.8086
39.2699
47.5166
56.5487
66.3661
76.9690
88.3573
100.5310
113.4900
127.2345
141.7644
157.0796
173.1803
190.0664
207.7378
226.1947
245.4369
265.4646
286.2776
307.8761
330.2599
353.4292
377.3838
402.1239
427.6493
453.9601
481.0564
508.9380
537.6050
567.0575
597.2953
628.3185
660.1272
692.7212
726.1006
760.2654
795.2156
830.9513
867.4723
904.7787
942.8705
981.7477
1021.4103
1061.8583
1103.0917
1145.1105
1187.9147
1231.5043
1275.8793
1321.0397
1366.9855
1413.7167
1461.2333
1509.5353
1558.6227
1608.4954
1659.1536
1710.5972
1762.8262
1815.8406
1869.6403
1924.2255
1979.5961
2035.7520
2092.6934
2150.4202
2208.9323
2268.2299
2328.3129
2389.1812
2450.8350
2513.2741
2576.4987
2640.5086
2705.3040
2770.8847
2837.2509
2904.4024
2972.3393
3041.0617
3110.5694
3180.8626
3251.9411
3323.8050
3396.4544
3469.8891
3544.1092
3619.1147
3694.9057
3771.4820
3848.8437
6.2832
12.5664
18.8496
25.1327
31.4159
37.6991
43.9823
50.2655
56.5487
62.8319
69.1150
75.3982
81.6814
87.9646
94.2478
100.5310
106.8142
113.0973
119.3805
125.6637
131.9469
138.2301
144.5133
150.7964
157.0796
163.3628
169.6460
175.9292
182.2124
188.4956
194.7787
201.0619
207.3451
213.6283
219.9115
226.1947
232.4779
238.7610
245.0442
251.3274
257.6106
263.8938
270.1770
276.4602
282.7433
289.0265
295.3097
301.5929
307.8761
314.1593
320.4425
326.7256
333.0088
339.2920
345.5752
351.8584
358.1416
364.4247
370.7079
376.9911
383.2743
389.5575
395.8407
402.1239
408.4070
414.6902
420.9734
427.2566
433.5398
439.8230
446.1062
452.3893
458.6725
464.9557
471.2389
477.5221
483.8053
490.0885
496.3716
502.6548
508.9380
515.2212
521.5044
527.7876
534.0708
540.3539
546.6371
552.9203
559.2035
565.4867
571.7699
578.0530
584.3362
590.6194
596.9026
603.1858
609.4690
615.7522
622.0353
25.1327
37.6991
50.2655
62.8319
75.3982
87.9646
100.5310
113.0973
125.6637
138.2301
150.7964
163.3628
175.9292
188.4956
201.0619
213.6283
226.1947
238.7610
251.3274
263.8938
276.4602
289.0265
301.5929
314.1593
326.7256
339.2920
351.8584
364.4247
376.9911
389.5575
402.1239
414.6902
427.2566
439.8230
452.3893
464.9557
477.5221
490.0885
502.6548
515.2212
527.7876
540.3539
552.9203
565.4867
578.0530
590.6194
603.1858
615.7522
628.3185
640.8849
653.4513
666.0176
678.5840
691.1504
703.7168
716.2831
728.8495
741.4159
753.9822
766.5486
779.1150
791.6813
804.2477
816.8141
829.3805
841.9468
854.5132
867.0796
879.6459
892.2123
904.7787
917.3451
929.9114
942.4778
955.0442
967.6105
980.1769
992.7433
1005.3096
1017.8760
1030.4424
1043.0088
1055.5751
1068.1415
1080.7079
1093.2742
1105.8406
1118.4070
1130.9734
1143.5397
1156.1061
1168.6725
1181.2388
1193.8052
1206.3716
1218.9379
1231.5043
1244.0707
56.5487
75.3982
94.2478
113.0973
131.9469
150.7964
169.6460
188.4956
207.3451
226.1947
245.0442
263.8938
282.7433
301.5929
320.4425
339.2920
358.1416
376.9911
395.8407
414.6902
433.5398
452.3893
471.2389
490.0885
508.9380
527.7876
546.6371
565.4867
584.3362
603.1858
622.0353
640.8849
659.7345
678.5840
697.4336
716.2831
735.1327
753.9822
772.8318
791.6813
810.5309
829.3805
848.2300
867.0796
885.9291
904.7787
923.6282
942.4778
961.3274
980.1769
999.0265
1017.8760
1036.7256
1055.5751
1074.4247
1093.2742
1112.1238
1130.9734
1149.8229
1168.6725
1187.5220
1206.3716
1225.2211
1244.0707
1262.9202
1281.7698
1300.6194
1319.4689
1338.3185
1357.1680
1376.0176
1394.8671
1413.7167
1432.5663
1451.4158
1470.2654
1489.1149
1507.9645
1526.8140
1545.6636
1564.5131
1583.3627
1602.2123
1621.0618
1639.9114
1658.7609
1677.6105
1696.4600
1715.3096
1734.1591
1753.0087
1771.8583
1790.7078
1809.5574
1828.4069
1847.2565
1866.1060
100.5310
125.6637
150.7964
175.9292
201.0619
226.1947
251.3274
276.4602
301.5929
326.7256
351.8584
376.9911
402.1239
427.2566
452.3893
477.5221
502.6548
527.7876
552.9203
578.0530
603.1858
628.3185
653.4513
678.5840
703.7168
728.8495
753.9822
779.1150
804.2477
829.3805
854.5132
879.6459
904.7787
929.9114
955.0442
980.1769
1005.3096
1030.4424
1055.5751
1080.7079
1105.8406
1130.9734
1156.1061
1181.2388
1206.3716
1231.5043
1256.6371
1281.7698
1306.9025
1332.0353
1357.1680
1382.3008
1407.4335
1432.5663
1457.6990
1482.8317
1507.9645
1533.0972
1558.2300
1583.3627
1608.4954
1633.6282
1658.7609
1683.8937
1709.0264
1734.1591
1759.2919
1784.4246
1809.5574
1834.6901
1859.8229
1884.9556
1910.0883
1935.2211
1960.3538
1985.4866
2010.6193
2035.7520
2060.8848
2086.0175
2111.1503
2136.2830
2161.4157
2186.5485
2211.6812
2236.8140
2261.9467
2287.0795
2312.2122
2337.3449
2362.4777
2387.6104
2412.7432
2437.8759
2463.0086
2488.1414
157.0796
188.4956
219.9115
251.3274
282.7433
314.1593
345.5752
376.9911
408.4070
439.8230
471.2389
502.6548
534.0708
565.4867
596.9026
628.3185
659.7345
691.1504
722.5663
753.9822
785.3982
816.8141
848.2300
879.6459
911.0619
942.4778
973.8937
1005.3096
1036.7256
1068.1415
1099.5574
1130.9734
1162.3893
1193.8052
1225.2211
1256.6371
1288.0530
1319.4689
1350.8848
1382.3008
1413.7167
1445.1326
1476.5485
1507.9645
1539.3804
1570.7963
1602.2123
1633.6282
1665.0441
1696.4600
1727.8760
1759.2919
1790.7078
1822.1237
1853.5397
1884.9556
1916.3715
1947.7874
1979.2034
2010.6193
2042.0352
2073.4512
2104.8671
2136.2830
2167.6989
2199.1149
2230.5308
2261.9467
2293.3626
2324.7786
2356.1945
2387.6104
2419.0263
2450.4423
2481.8582
2513.2741
2544.6900
2576.1060
2607.5219
2638.9378
2670.3538
2701.7697
2733.1856
2764.6015
2796.0175
2827.4334
2858.8493
2890.2652
2921.6812
2953.0971
2984.5130
3015.9289
3047.3449
3078.7608
3110.1767
226.1947
263.8938
301.5929
339.2920
376.9911
414.6902
452.3893
490.0885
527.7876
565.4867
603.1858
640.8849
678.5840
716.2831
753.9822
791.6813
829.3805
867.0796
904.7787
942.4778
980.1769
1017.8760
1055.5751
1093.2742
1130.9734
1168.6725
1206.3716
1244.0707
1281.7698
1319.4689
1357.1680
1394.8671
1432.5663
1470.2654
1507.9645
1545.6636
1583.3627
1621.0618
1658.7609
1696.4600
1734.1591
1771.8583
1809.5574
1847.2565
1884.9556
1922.6547
1960.3538
1998.0529
2035.7520
2073.4512
2111.1503
2148.8494
2186.5485
2224.2476
2261.9467
2299.6458
2337.3449
2375.0440
2412.7432
2450.4423
2488.1414
2525.8405
2563.5396
2601.2387
2638.9378
2676.6369
2714.3361
2752.0352
2789.7343
2827.4334
2865.1325
2902.8316
2940.5307
2978.2298
3015.9289
3053.6281
3091.3272
3129.0263
3166.7254
3204.4245
3242.1236
3279.8227
3317.5218
3355.2210
3392.9201
3430.6192
3468.3183
3506.0174
3543.7165
3581.4156
3619.1147
3656.8138
3694.5130
3732.2121
307.8761
351.8584
395.8407
439.8230
483.8053
527.7876
571.7699
615.7522
659.7345
703.7168
747.6991
791.6813
835.6636
879.6459
923.6282
967.6105
1011.5928
1055.5751
1099.5574
1143.5397
1187.5220
1231.5043
1275.4866
1319.4689
1363.4512
1407.4335
1451.4158
1495.3981
1539.3804
1583.3627
1627.3450
1671.3273
1715.3096
1759.2919
1803.2742
1847.2565
1891.2388
1935.2211
1979.2034
2023.1857
2067.1680
2111.1503
2155.1326
2199.1149
2243.0972
2287.0795
2331.0617
2375.0440
2419.0263
2463.0086
2506.9909
2550.9732
2594.9555
2638.9378
2682.9201
2726.9024
2770.8847
2814.8670
2858.8493
2902.8316
2946.8139
2990.7962
3034.7785
3078.7608
3122.7431
3166.7254
3210.7077
3254.6900
3298.6723
3342.6546
3386.6369
3430.6192
3474.6015
3518.5838
3562.5661
3606.5484
3650.5307
3694.5130
3738.4953
3782.4776
3826.4599
3870.4421
3914.4244
3958.4067
4002.3890
4046.3713
4090.3536
4134.3359
4178.3182
4222.3005
4266.2828
4310.2651
4354.2474
402.1239
452.3893
502.6548
552.9203
603.1858
653.4513
703.7168
753.9822
804.2477
854.5132
904.7787
955.0442
1005.3096
1055.5751
1105.8406
1156.1061
1206.3716
1256.6371
1306.9025
1357.1680
1407.4335
1457.6990
1507.9645
1558.2300
1608.4954
1658.7609
1709.0264
1759.2919
1809.5574
1859.8229
1910.0883
1960.3538
2010.6193
2060.8848
2111.1503
2161.4157
2211.6812
2261.9467
2312.2122
2362.4777
2412.7432
2463.0086
2513.2741
2563.5396
2613.8051
2664.0706
2714.3361
2764.6015
2814.8670
2865.1325
2915.3980
2965.6635
3015.9289
3066.1944
3116.4599
3166.7254
3216.9909
3267.2564
3317.5218
3367.7873
3418.0528
3468.3183
3518.5838
3568.8493
3619.1147
3669.3802
3719.6457
3769.9112
3820.1767
3870.4421
3920.7076
3970.9731
4021.2386
4071.5041
4121.7696
4172.0350
4222.3005
4272.5660
4322.8315
4373.0970
4423.3625
4473.6279
4523.8934
4574.1589
4624.4244
4674.6899
4724.9554
4775.2208
4825.4863
4875.7518
4926.0173
4976.2828
508.9380
565.4867
622.0353
678.5840
735.1327
791.6813
848.2300
904.7787
961.3274
1017.8760
1074.4247
1130.9734
1187.5220
1244.0707
1300.6194
1357.1680
1413.7167
1470.2654
1526.8140
1583.3627
1639.9114
1696.4600
1753.0087
1809.5574
1866.1060
1922.6547
1979.2034
2035.7520
2092.3007
2148.8494
2205.3980
2261.9467
2318.4954
2375.0440
2431.5927
2488.1414
2544.6900
2601.2387
2657.7874
2714.3361
2770.8847
2827.4334
2883.9821
2940.5307
2997.0794
3053.6281
3110.1767
3166.7254
3223.2741
3279.8227
3336.3714
3392.9201
3449.4687
3506.0174
3562.5661
3619.1147
3675.6634
3732.2121
3788.7607
3845.3094
3901.8581
3958.4067
4014.9554
4071.5041
4128.0527
4184.6014
4241.1501
4297.6988
4354.2474
4410.7961
4467.3448
4523.8934
4580.4421
4636.9908
4693.5394
4750.0881
4806.6368
4863.1854
4919.7341
4976.2828
5032.8314
5089.3801
5145.9288
5202.4774
5259.0261
5315.5748
5372.1234
5428.6721
5485.2208
5541.7694
5598.3181
628.3185
691.1504
753.9822
816.8141
879.6459
942.4778
1005.3096
1068.1415
1130.9734
1193.8052
1256.6371
1319.4689
1382.3008
1445.1326
1507.9645
1570.7963
1633.6282
1696.4600
1759.2919
1822.1237
1884.9556
1947.7874
2010.6193
2073.4512
2136.2830
2199.1149
2261.9467
2324.7786
2387.6104
2450.4423
2513.2741
2576.1060
2638.9378
2701.7697
2764.6015
2827.4334
2890.2652
2953.0971
3015.9289
3078.7608
3141.5927
3204.4245
3267.2564
3330.0882
3392.9201
3455.7519
3518.5838
3581.4156
3644.2475
3707.0793
3769.9112
3832.7430
3895.5749
3958.4067
4021.2386
4084.0704
4146.9023
4209.7342
4272.5660
4335.3979
4398.2297
4461.0616
4523.8934
4586.7253
4649.5571
4712.3890
4775.2208
4838.0527
4900.8845
4963.7164
5026.5482
5089.3801
5152.2120
5215.0438
5277.8757
5340.7075
5403.5394
5466.3712
5529.2031
5592.0349
5654.8668
5717.6986
5780.5305
5843.3623
5906.1942
5969.0260
6031.8579
6094.6897
6157.5216
6220.3535
760.2654
829.3805
898.4955
967.6105
1036.7256
1105.8406
1174.9557
1244.0707
1313.1857
1382.3008
1451.4158
1520.5308
1589.6459
1658.7609
1727.8760
1796.9910
1866.1060
1935.2211
2004.3361
2073.4512
2142.5662
2211.6812
2280.7963
2349.9113
2419.0263
2488.1414
2557.2564
2626.3715
2695.4865
2764.6015
2833.7166
2902.8316
2971.9467
3041.0617
3110.1767
3179.2918
3248.4068
3317.5218
3386.6369
3455.7519
3524.8670
3593.9820
3663.0970
3732.2121
3801.3271
3870.4421
3939.5572
4008.6722
4077.7873
4146.9023
4216.0173
4285.1324
4354.2474
4423.3625
4492.4775
4561.5925
4630.7076
4699.8226
4768.9376
4838.0527
4907.1677
4976.2828
5045.3978
5114.5128
5183.6279
5252.7429
5321.8580
5390.9730
5460.0880
5529.2031
5598.3181
5667.4331
5736.5482
5805.6632
5874.7783
5943.8933
6013.0083
6082.1234
6151.2384
6220.3535
6289.4685
6358.5835
6427.6986
6496.8136
6565.9286
6635.0437
6704.1587
6773.2738
6842.3888
904.7787
980.1769
1055.5751
1130.9734
1206.3716
1281.7698
1357.1680
1432.5663
1507.9645
1583.3627
1658.7609
1734.1591
1809.5574
1884.9556
1960.3538
2035.7520
2111.1503
2186.5485
2261.9467
2337.3449
2412.7432
2488.1414
2563.5396
2638.9378
2714.3361
2789.7343
2865.1325
2940.5307
3015.9289
3091.3272
3166.7254
3242.1236
3317.5218
3392.9201
3468.3183
3543.7165
3619.1147
3694.5130
3769.9112
3845.3094
3920.7076
3996.1059
4071.5041
4146.9023
4222.3005
4297.6988
4373.0970
4448.4952
4523.8934
4599.2916
4674.6899
4750.0881
4825.4863
4900.8845
4976.2828
5051.6810
5127.0792
5202.4774
5277.8757
5353.2739
5428.6721
5504.0703
5579.4686
5654.8668
5730.2650
5805.6632
5881.0614
5956.4597
6031.8579
6107.2561
6182.6543
6258.0526
6333.4508
6408.8490
6484.2472
6559.6455
6635.0437
6710.4419
6785.8401
6861.2384
6936.6366
7012.0348
7087.4330
7162.8313
7238.2295
7313.6277
7389.0259
7464.4241
1061.8583
1143.5397
1225.2211
1306.9025
1388.5840
1470.2654
1551.9468
1633.6282
1715.3096
1796.9910
1878.6724
1960.3538
2042.0352
2123.7166
2205.3980
2287.0795
2368.7609
2450.4423
2532.1237
2613.8051
2695.4865
2777.1679
2858.8493
2940.5307
3022.2121
3103.8935
3185.5750
3267.2564
3348.9378
3430.6192
3512.3006
3593.9820
3675.6634
3757.3448
3839.0262
3920.7076
4002.3890
4084.0704
4165.7519
4247.4333
4329.1147
4410.7961
4492.4775
4574.1589
4655.8403
4737.5217
4819.2031
4900.8845
4982.5659
5064.2474
5145.9288
5227.6102
5309.2916
5390.9730
5472.6544
5554.3358
5636.0172
5717.6986
5799.3800
5881.0614
5962.7429
6044.4243
6126.1057
6207.7871
6289.4685
6371.1499
6452.8313
6534.5127
6616.1941
6697.8755
6779.5569
6861.2384
6942.9198
7024.6012
7106.2826
7187.9640
7269.6454
7351.3268
7433.0082
7514.6896
7596.3710
7678.0524
7759.7339
7841.4153
7923.0967
8004.7781
8086.4595
1231.5043
1319.4689
1407.4335
1495.3981
1583.3627
1671.3273
1759.2919
1847.2565
1935.2211
2023.1857
2111.1503
2199.1149
2287.0795
2375.0440
2463.0086
2550.9732
2638.9378
2726.9024
2814.8670
2902.8316
2990.7962
3078.7608
3166.7254
3254.6900
3342.6546
3430.6192
3518.5838
3606.5484
3694.5130
3782.4776
3870.4421
3958.4067
4046.3713
4134.3359
4222.3005
4310.2651
4398.2297
4486.1943
4574.1589
4662.1235
4750.0881
4838.0527
4926.0173
5013.9819
5101.9465
5189.9111
5277.8757
5365.8403
5453.8048
5541.7694
5629.7340
5717.6986
5805.6632
5893.6278
5981.5924
6069.5570
6157.5216
6245.4862
6333.4508
6421.4154
6509.3800
6597.3446
6685.3092
6773.2738
6861.2384
6949.2029
7037.1675
7125.1321
7213.0967
7301.0613
7389.0259
7476.9905
7564.9551
7652.9197
7740.8843
7828.8489
7916.8135
8004.7781
8092.7427
8180.7073
8268.6719
8356.6365
8444.6011
8532.5656
8620.5302
8708.4948
1413.7167
1507.9645
1602.2123
1696.4600
1790.7078
1884.9556
1979.2034
2073.4512
2167.6989
2261.9467
2356.1945
2450.4423
2544.6900
2638.9378
2733.1856
2827.4334
2921.6812
3015.9289
3110.1767
3204.4245
3298.6723
3392.9201
3487.1678
3581.4156
3675.6634
3769.9112
3864.1590
3958.4067
4052.6545
4146.9023
4241.1501
4335.3979
4429.6456
4523.8934
4618.1412
4712.3890
4806.6368
4900.8845
4995.1323
5089.3801
5183.6279
5277.8757
5372.1234
5466.3712
5560.6190
5654.8668
5749.1146
5843.3623
5937.6101
6031.8579
6126.1057
6220.3535
6314.6012
6408.8490
6503.0968
6597.3446
6691.5924
6785.8401
6880.0879
6974.3357
7068.5835
7162.8313
7257.0790
7351.3268
7445.5746
7539.8224
7634.0701
7728.3179
7822.5657
7916.8135
8011.0613
8105.3090
8199.5568
8293.8046
8388.0524
8482.3002
8576.5479
8670.7957
8765.0435
8859.2913
8953.5391
9047.7868
9142.0346
9236.2824
9330.5302
1608.4954
1709.0264
1809.5574
1910.0883
2010.6193
2111.1503
2211.6812
2312.2122
2412.7432
2513.2741
2613.8051
2714.3361
2814.8670
2915.3980
3015.9289
3116.4599
3216.9909
3317.5218
3418.0528
3518.5838
3619.1147
3719.6457
3820.1767
3920.7076
4021.2386
4121.7696
4222.3005
4322.8315
4423.3625
4523.8934
4624.4244
4724.9554
4825.4863
4926.0173
5026.5482
5127.0792
5227.6102
5328.1411
5428.6721
5529.2031
5629.7340
5730.2650
5830.7960
5931.3269
6031.8579
6132.3889
6232.9198
6333.4508
6433.9818
6534.5127
6635.0437
6735.5746
6836.1056
6936.6366
7037.1675
7137.6985
7238.2295
7338.7604
7439.2914
7539.8224
7640.3533
7740.8843
7841.4153
7941.9462
8042.4772
8143.0082
8243.5391
8344.0701
8444.6011
8545.1320
8645.6630
8746.1939
8846.7249
8947.2559
9047.7868
9148.3178
9248.8488
9349.3797
9449.9107
9550.4417
9650.9726
9751.5036
9852.0346
9952.5655
1815.8406
1922.6547
2029.4689
2136.2830
2243.0972
2349.9113
2456.7255
2563.5396
2670.3538
2777.1679
2883.9821
2990.7962
3097.6104
3204.4245
3311.2387
3418.0528
3524.8670
3631.6811
3738.4953
3845.3094
3952.1236
4058.9377
4165.7519
4272.5660
4379.3802
4486.1943
4593.0085
4699.8226
4806.6368
4913.4509
5020.2651
5127.0792
5233.8934
5340.7075
5447.5217
5554.3358
5661.1500
5767.9641
5874.7783
5981.5924
6088.4066
6195.2207
6302.0349
6408.8490
6515.6632
6622.4773
6729.2915
6836.1056
6942.9198
7049.7339
7156.5481
7263.3622
7370.1764
7476.9905
7583.8047
7690.6188
7797.4330
7904.2471
8011.0613
8117.8754
8224.6896
8331.5037
8438.3179
8545.1320
8651.9462
8758.7603
8865.5745
8972.3886
9079.2028
9186.0169
9292.8311
9399.6452
9506.4594
9613.2735
9720.0877
9826.9018
9933.7160
10040.5301
10147.3443
10254.1584
10360.9726
10467.7867
10574.6009
2035.7520
2148.8494
2261.9467
2375.0440
2488.1414
2601.2387
2714.3361
2827.4334
2940.5307
3053.6281
3166.7254
3279.8227
3392.9201
3506.0174
3619.1147
3732.2121
3845.3094
3958.4067
4071.5041
4184.6014
4297.6988
4410.7961
4523.8934
4636.9908
4750.0881
4863.1854
4976.2828
5089.3801
5202.4774
5315.5748
5428.6721
5541.7694
5654.8668
5767.9641
5881.0614
5994.1588
6107.2561
6220.3535
6333.4508
6446.5481
6559.6455
6672.7428
6785.8401
6898.9375
7012.0348
7125.1321
7238.2295
7351.3268
7464.4241
7577.5215
7690.6188
7803.7162
7916.8135
8029.9108
8143.0082
8256.1055
8369.2028
8482.3002
8595.3975
8708.4948
8821.5922
8934.6895
9047.7868
9160.8842
9273.9815
9387.0788
9500.1762
9613.2735
9726.3709
9839.4682
9952.5655
10065.6629
10178.7602
10291.8575
10404.9549
10518.0522
10631.1495
10744.2469
10857.3442
10970.4415
11083.5389
11196.6362
2268.2299
2387.6104
2506.9909
2626.3715
2745.7520
2865.1325
2984.5130
3103.8935
3223.2741
3342.6546
3462.0351
3581.4156
3700.7961
3820.1767
3939.5572
4058.9377
4178.3182
4297.6988
4417.0793
4536.4598
4655.8403
4775.2208
4894.6014
5013.9819
5133.3624
5252.7429
5372.1234
5491.5040
5610.8845
5730.2650
5849.6455
5969.0260
6088.4066
6207.7871
6327.1676
6446.5481
6565.9286
6685.3092
6804.6897
6924.0702
7043.4507
7162.8313
7282.2118
7401.5923
7520.9728
7640.3533
7759.7339
7879.1144
7998.4949
8117.8754
8237.2559
8356.6365
8476.0170
8595.3975
8714.7780
8834.1585
8953.5391
9072.9196
9192.3001
9311.6806
9431.0611
9550.4417
9669.8222
9789.2027
9908.5832
10027.9638
10147.3443
10266.7248
10386.1053
10505.4858
10624.8664
10744.2469
10863.6274
10983.0079
11102.3884
11221.7690
11341.1495
11460.5300
11579.9105
11699.2910
11818.6716
2513.2741
2638.9378
2764.6015
2890.2652
3015.9289
3141.5927
3267.2564
3392.9201
3518.5838
3644.2475
3769.9112
3895.5749
4021.2386
4146.9023
4272.5660
4398.2297
4523.8934
4649.5571
4775.2208
4900.8845
5026.5482
5152.2120
5277.8757
5403.5394
5529.2031
5654.8668
5780.5305
5906.1942
6031.8579
6157.5216
6283.1853
6408.8490
6534.5127
6660.1764
6785.8401
6911.5038
7037.1675
7162.8313
7288.4950
7414.1587
7539.8224
7665.4861
7791.1498
7916.8135
8042.4772
8168.1409
8293.8046
8419.4683
8545.1320
8670.7957
8796.4594
8922.1231
9047.7868
9173.4505
9299.1143
9424.7780
9550.4417
9676.1054
9801.7691
9927.4328
10053.0965
10178.7602
10304.4239
10430.0876
10555.7513
10681.4150
10807.0787
10932.7424
11058.4061
11184.0698
11309.7336
11435.3973
11561.0610
11686.7247
11812.3884
11938.0521
12063.7158
12189.3795
12315.0432
12440.7069
2770.8847
2902.8316
3034.7785
3166.7254
3298.6723
3430.6192
3562.5661
3694.5130
3826.4599
3958.4067
4090.3536
4222.3005
4354.2474
4486.1943
4618.1412
4750.0881
4882.0350
5013.9819
5145.9288
5277.8757
5409.8225
5541.7694
5673.7163
5805.6632
5937.6101
6069.5570
6201.5039
6333.4508
6465.3977
6597.3446
6729.2915
6861.2384
6993.1852
7125.1321
7257.0790
7389.0259
7520.9728
7652.9197
7784.8666
7916.8135
8048.7604
8180.7073
8312.6542
8444.6011
8576.5479
8708.4948
8840.4417
8972.3886
9104.3355
9236.2824
9368.2293
9500.1762
9632.1231
9764.0700
9896.0169
10027.9638
10159.9106
10291.8575
10423.8044
10555.7513
10687.6982
10819.6451
10951.5920
11083.5389
11215.4858
11347.4327
11479.3796
11611.3264
11743.2733
11875.2202
12007.1671
12139.1140
12271.0609
12403.0078
12534.9547
12666.9016
12798.8485
12930.7954
13062.7423
3041.0617
3179.2918
3317.5218
3455.7519
3593.9820
3732.2121
3870.4421
4008.6722
4146.9023
4285.1324
4423.3625
4561.5925
4699.8226
4838.0527
4976.2828
5114.5128
5252.7429
5390.9730
5529.2031
5667.4331
5805.6632
5943.8933
6082.1234
6220.3535
6358.5835
6496.8136
6635.0437
6773.2738
6911.5038
7049.7339
7187.9640
7326.1941
7464.4241
7602.6542
7740.8843
7879.1144
8017.3445
8155.5745
8293.8046
8432.0347
8570.2648
8708.4948
8846.7249
8984.9550
9123.1851
9261.4151
9399.6452
9537.8753
9676.1054
9814.3354
9952.5655
10090.7956
10229.0257
10367.2558
10505.4858
10643.7159
10781.9460
10920.1761
11058.4061
11196.6362
11334.8663
11473.0964
11611.3264
11749.5565
11887.7866
12026.0167
12164.2468
12302.4768
12440.7069
12578.9370
12717.1671
12855.3971
12993.6272
13131.8573
13270.0874
13408.3174
13546.5475
13684.7776
3323.8050
3468.3183
3612.8316
3757.3448
3901.8581
4046.3713
4190.8846
4335.3979
4479.9111
4624.4244
4768.9376
4913.4509
5057.9642
5202.4774
5346.9907
5491.5040
5636.0172
5780.5305
5925.0437
6069.5570
6214.0703
6358.5835
6503.0968
6647.6101
6792.1233
6936.6366
7081.1498
7225.6631
7370.1764
7514.6896
7659.2029
7803.7162
7948.2294
8092.7427
8237.2559
8381.7692
8526.2825
8670.7957
8815.3090
8959.8222
9104.3355
9248.8488
9393.3620
9537.8753
9682.3886
9826.9018
9971.4151
10115.9283
10260.4416
10404.9549
10549.4681
10693.9814
10838.4947
10983.0079
11127.5212
11272.0344
11416.5477
11561.0610
11705.5742
11850.0875
11994.6008
12139.1140
12283.6273
12428.1405
12572.6538
12717.1671
12861.6803
13006.1936
13150.7068
13295.2201
13439.7334
13584.2466
13728.7599
13873.2732
14017.7864
14162.2997
14306.8129
3619.1147
3769.9112
3920.7076
4071.5041
4222.3005
4373.0970
4523.8934
4674.6899
4825.4863
4976.2828
5127.0792
5277.8757
5428.6721
5579.4686
5730.2650
5881.0614
6031.8579
6182.6543
6333.4508
6484.2472
6635.0437
6785.8401
6936.6366
7087.4330
7238.2295
7389.0259
7539.8224
7690.6188
7841.4153
7992.2117
8143.0082
8293.8046
8444.6011
8595.3975
8746.1939
8896.9904
9047.7868
9198.5833
9349.3797
9500.1762
9650.9726
9801.7691
9952.5655
10103.3620
10254.1584
10404.9549
10555.7513
10706.5478
10857.3442
11008.1407
11158.9371
11309.7336
11460.5300
11611.3264
11762.1229
11912.9193
12063.7158
12214.5122
12365.3087
12516.1051
12666.9016
12817.6980
12968.4945
13119.2909
13270.0874
13420.8838
13571.6803
13722.4767
13873.2732
14024.0696
14174.8661
14325.6625
14476.4589
14627.2554
14778.0518
14928.8483
3926.9908
4084.0704
4241.1501
4398.2297
4555.3093
4712.3890
4869.4686
5026.5482
5183.6279
5340.7075
5497.7871
5654.8668
5811.9464
5969.0260
6126.1057
6283.1853
6440.2649
6597.3446
6754.4242
6911.5038
7068.5835
7225.6631
7382.7427
7539.8224
7696.9020
7853.9816
8011.0613
8168.1409
8325.2205
8482.3002
8639.3798
8796.4594
8953.5391
9110.6187
9267.6983
9424.7780
9581.8576
9738.9372
9896.0169
10053.0965
10210.1761
10367.2558
10524.3354
10681.4150
10838.4947
10995.5743
11152.6539
11309.7336
11466.8132
11623.8928
11780.9725
11938.0521
12095.1317
12252.2113
12409.2910
12566.3706
12723.4502
12880.5299
13037.6095
13194.6891
13351.7688
13508.8484
13665.9280
13823.0077
13980.0873
14137.1669
14294.2466
14451.3262
14608.4058
14765.4855
14922.5651
15079.6447
15236.7244
15393.8040
15550.8836
4247.4333
4410.7961
4574.1589
4737.5217
4900.8845
5064.2474
5227.6102
5390.9730
5554.3358
5717.6986
5881.0614
6044.4243
6207.7871
6371.1499
6534.5127
6697.8755
6861.2384
7024.6012
7187.9640
7351.3268
7514.6896
7678.0524
7841.4153
8004.7781
8168.1409
8331.5037
8494.8665
8658.2294
8821.5922
8984.9550
9148.3178
9311.6806
9475.0434
9638.4063
9801.7691
9965.1319
10128.4947
10291.8575
10455.2204
10618.5832
10781.9460
10945.3088
11108.6716
11272.0344
11435.3973
11598.7601
11762.1229
11925.4857
12088.8485
12252.2113
12415.5742
12578.9370
12742.2998
12905.6626
13069.0254
13232.3883
13395.7511
13559.1139
13722.4767
13885.8395
14049.2023
14212.5652
14375.9280
14539.2908
14702.6536
14866.0164
15029.3793
15192.7421
15356.1049
15519.4677
15682.8305
15846.1933
16009.5562
16172.9190
4580.4421
4750.0881
4919.7341
5089.3801
5259.0261
5428.6721
5598.3181
5767.9641
5937.6101
6107.2561
6276.9021
6446.5481
6616.1941
6785.8401
6955.4861
7125.1321
7294.7781
7464.4241
7634.0701
7803.7162
7973.3622
8143.0082
8312.6542
8482.3002
8651.9462
8821.5922
8991.2382
9160.8842
9330.5302
9500.1762
9669.8222
9839.4682
10009.1142
10178.7602
10348.4062
10518.0522
10687.6982
10857.3442
11026.9902
11196.6362
11366.2822
11535.9282
11705.5742
11875.2202
12044.8662
12214.5122
12384.1582
12553.8042
12723.4502
12893.0963
13062.7423
13232.3883
13402.0343
13571.6803
13741.3263
13910.9723
14080.6183
14250.2643
14419.9103
14589.5563
14759.2023
14928.8483
15098.4943
15268.1403
15437.7863
15607.4323
15777.0783
15946.7243
16116.3703
16286.0163
16455.6623
16625.3083
16794.9543
4926.0173
5101.9465
5277.8757
5453.8048
5629.7340
5805.6632
5981.5924
6157.5216
6333.4508
6509.3800
6685.3092
6861.2384
7037.1675
7213.0967
7389.0259
7564.9551
7740.8843
7916.8135
8092.7427
8268.6719
8444.6011
8620.5302
8796.4594
8972.3886
9148.3178
9324.2470
9500.1762
9676.1054
9852.0346
10027.9638
10203.8929
10379.8221
10555.7513
10731.6805
10907.6097
11083.5389
11259.4681
11435.3973
11611.3264
11787.2556
11963.1848
12139.1140
12315.0432
12490.9724
12666.9016
12842.8308
13018.7600
13194.6891
13370.6183
13546.5475
13722.4767
13898.4059
14074.3351
14250.2643
14426.1935
14602.1227
14778.0518
14953.9810
15129.9102
15305.8394
15481.7686
15657.6978
15833.6270
16009.5562
16185.4854
16361.4145
16537.3437
16713.2729
16889.2021
17065.1313
17241.0605
17416.9897
5284.1588
5466.3712
5648.5836
5830.7960
6013.0083
6195.2207
6377.4331
6559.6455
6741.8578
6924.0702
7106.2826
7288.4950
7470.7073
7652.9197
7835.1321
8017.3445
8199.5568
8381.7692
8563.9816
8746.1939
8928.4063
9110.6187
9292.8311
9475.0434
9657.2558
9839.4682
10021.6806
10203.8929
10386.1053
10568.3177
10750.5301
10932.7424
11114.9548
11297.1672
11479.3796
11661.5919
11843.8043
12026.0167
12208.2291
12390.4414
12572.6538
12754.8662
12937.0785
13119.2909
13301.5033
13483.7157
13665.9280
13848.1404
14030.3528
14212.5652
14394.7775
14576.9899
14759.2023
14941.4147
15123.6270
15305.8394
15488.0518
15670.2642
15852.4765
16034.6889
16216.9013
16399.1137
16581.3260
16763.5384
16945.7508
17127.9631
17310.1755
17492.3879
17674.6003
17856.8126
18039.0250
5654.8668
5843.3623
6031.8579
6220.3535
6408.8490
6597.3446
6785.8401
6974.3357
7162.8313
7351.3268
7539.8224
7728.3179
7916.8135
8105.3090
8293.8046
8482.3002
8670.7957
8859.2913
9047.7868
9236.2824
9424.7780
9613.2735
9801.7691
9990.2646
10178.7602
10367.2558
10555.7513
10744.2469
10932.7424
11121.2380
11309.7336
11498.2291
11686.7247
11875.2202
12063.7158
12252.2113
12440.7069
12629.2025
12817.6980
13006.1936
13194.6891
13383.1847
13571.6803
13760.1758
13948.6714
14137.1669
14325.6625
14514.1581
14702.6536
14891.1492
15079.6447
15268.1403
15456.6359
15645.1314
15833.6270
16022.1225
16210.6181
16399.1137
16587.6092
16776.1048
16964.6003
17153.0959
17341.5914
17530.0870
17718.5826
17907.0781
18095.5737
18284.0692
18472.5648
18661.0604
6038.1411
6232.9198
6427.6986
6622.4773
6817.2561
7012.0348
7206.8135
7401.5923
7596.3710
7791.1498
7985.9285
8180.7073
8375.4860
8570.2648
8765.0435
8959.8222
9154.6010
9349.3797
9544.1585
9738.9372
9933.7160
10128.4947
10323.2735
10518.0522
10712.8309
10907.6097
11102.3884
11297.1672
11491.9459
11686.7247
11881.5034
12076.2822
12271.0609
12465.8396
12660.6184
12855.3971
13050.1759
13244.9546
13439.7334
13634.5121
13829.2909
14024.0696
14218.8484
14413.6271
14608.4058
14803.1846
14997.9633
15192.7421
15387.5208
15582.2996
15777.0783
15971.8571
16166.6358
16361.4145
16556.1933
16750.9720
16945.7508
17140.5295
17335.3083
17530.0870
17724.8658
17919.6445
18114.4232
18309.2020
18503.9807
18698.7595
18893.5382
19088.3170
19283.0957
6433.9818
6635.0437
6836.1056
7037.1675
7238.2295
7439.2914
7640.3533
7841.4153
8042.4772
8243.5391
8444.6011
8645.6630
8846.7249
9047.7868
9248.8488
9449.9107
9650.9726
9852.0346
10053.0965
10254.1584
10455.2204
10656.2823
10857.3442
11058.4061
11259.4681
11460.5300
11661.5919
11862.6539
12063.7158
12264.7777
12465.8396
12666.9016
12867.9635
13069.0254
13270.0874
13471.1493
13672.2112
13873.2732
14074.3351
14275.3970
14476.4589
14677.5209
14878.5828
15079.6447
15280.7067
15481.7686
15682.8305
15883.8925
16084.9544
16286.0163
16487.0782
16688.1402
16889.2021
17090.2640
17291.3260
17492.3879
17693.4498
17894.5118
18095.5737
18296.6356
18497.6975
18698.7595
18899.8214
19100.8833
19301.9453
19503.0072
19704.0691
19905.1311
6842.3888
7049.7339
7257.0790
7464.4241
7671.7693
7879.1144
8086.4595
8293.8046
8501.1497
8708.4948
8915.8400
9123.1851
9330.5302
9537.8753
9745.2204
9952.5655
10159.9106
10367.2558
10574.6009
10781.9460
10989.2911
11196.6362
11403.9813
11611.3264
11818.6716
12026.0167
12233.3618
12440.7069
12648.0520
12855.3971
13062.7423
13270.0874
13477.4325
13684.7776
13892.1227
14099.4678
14306.8129
14514.1581
14721.5032
14928.8483
15136.1934
15343.5385
15550.8836
15758.2288
15965.5739
16172.9190
16380.2641
16587.6092
16794.9543
17002.2994
17209.6446
17416.9897
17624.3348
17831.6799
18039.0250
18246.3701
18453.7152
18661.0604
18868.4055
19075.7506
19283.0957
19490.4408
19697.7859
19905.1311
20112.4762
20319.8213
20527.1664
7263.3622
7476.9905
7690.6188
7904.2471
8117.8754
8331.5037
8545.1320
8758.7603
8972.3886
9186.0169
9399.6452
9613.2735
9826.9018
10040.5301
10254.1584
10467.7867
10681.4150
10895.0433
11108.6716
11322.2999
11535.9282
11749.5565
11963.1848
12176.8131
12390.4414
12604.0697
12817.6980
13031.3263
13244.9546
13458.5829
13672.2112
13885.8395
14099.4678
14313.0961
14526.7244
14740.3527
14953.9810
15167.6093
15381.2376
15594.8659
15808.4942
16022.1225
16235.7508
16449.3791
16663.0074
16876.6357
17090.2640
17303.8923
17517.5206
17731.1489
17944.7772
18158.4055
18372.0338
18585.6621
18799.2904
19012.9187
19226.5470
19440.1753
19653.8036
19867.4319
20081.0602
20294.6885
20508.3168
20721.9451
20935.5734
21149.2017
7696.9020
7916.8135
8136.7250
8356.6365
8576.5479
8796.4594
9016.3709
9236.2824
9456.1939
9676.1054
9896.0169
10115.9283
10335.8398
10555.7513
10775.6628
10995.5743
11215.4858
11435.3973
11655.3087
11875.2202
12095.1317
12315.0432
12534.9547
12754.8662
12974.7777
13194.6891
13414.6006
13634.5121
13854.4236
14074.3351
14294.2466
14514.1581
14734.0695
14953.9810
15173.8925
15393.8040
15613.7155
15833.6270
16053.5385
16273.4499
16493.3614
16713.2729
16933.1844
17153.0959
17373.0074
17592.9189
17812.8303
18032.7418
18252.6533
18472.5648
18692.4763
18912.3878
19132.2993
19352.2107
19572.1222
19792.0337
20011.9452
20231.8567
20451.7682
20671.6797
20891.5911
21111.5026
21331.4141
21551.3256
21771.2371
8143.0082
8369.2028
8595.3975
8821.5922
9047.7868
9273.9815
9500.1762
9726.3709
9952.5655
10178.7602
10404.9549
10631.1495
10857.3442
11083.5389
11309.7336
11535.9282
11762.1229
11988.3176
12214.5122
12440.7069
12666.9016
12893.0963
13119.2909
13345.4856
13571.6803
13797.8749
14024.0696
14250.2643
14476.4589
14702.6536
14928.8483
15155.0430
15381.2376
15607.4323
15833.6270
16059.8216
16286.0163
16512.2110
16738.4057
16964.6003
17190.7950
17416.9897
17643.1843
17869.3790
18095.5737
18321.7684
18547.9630
18774.1577
19000.3524
19226.5470
19452.7417
19678.9364
19905.1311
20131.3257
20357.5204
20583.7151
20809.9097
21036.1044
21262.2991
21488.4938
21714.6884
21940.8831
22167.0778
22393.2724
8601.6807
8834.1585
9066.6364
9299.1143
9531.5921
9764.0700
9996.5478
10229.0257
10461.5035
10693.9814
10926.4592
11158.9371
11391.4150
11623.8928
11856.3707
12088.8485
12321.3264
12553.8042
12786.2821
13018.7600
13251.2378
13483.7157
13716.1935
13948.6714
14181.1492
14413.6271
14646.1050
14878.5828
15111.0607
15343.5385
15576.0164
15808.4942
16040.9721
16273.4499
16505.9278
16738.4057
16970.8835
17203.3614
17435.8392
17668.3171
17900.7949
18133.2728
18365.7507
18598.2285
18830.7064
19063.1842
19295.6621
19528.1399
19760.6178
19993.0956
20225.5735
20458.0514
20690.5292
20923.0071
21155.4849
21387.9628
21620.4406
21852.9185
22085.3964
22317.8742
22550.3521
22782.8299
23015.3078
9072.9196
9311.6806
9550.4417
9789.2027
10027.9638
10266.7248
10505.4858
10744.2469
10983.0079
11221.7690
11460.5300
11699.2910
11938.0521
12176.8131
12415.5742
12654.3352
12893.0963
13131.8573
13370.6183
13609.3794
13848.1404
14086.9015
14325.6625
14564.4235
14803.1846
15041.9456
15280.7067
15519.4677
15758.2288
15996.9898
16235.7508
16474.5119
16713.2729
16952.0340
17190.7950
17429.5560
17668.3171
17907.0781
18145.8392
18384.6002
18623.3613
18862.1223
19100.8833
19339.6444
19578.4054
19817.1665
20055.9275
20294.6885
20533.4496
20772.2106
21010.9717
21249.7327
21488.4938
21727.2548
21966.0158
22204.7769
22443.5379
22682.2990
22921.0600
23159.8210
23398.5821
23637.3431
9556.7249
9801.7691
10046.8133
10291.8575
10536.9018
10781.9460
11026.9902
11272.0344
11517.0787
11762.1229
12007.1671
12252.2113
12497.2556
12742.2998
12987.3440
13232.3883
13477.4325
13722.4767
13967.5209
14212.5652
14457.6094
14702.6536
14947.6978
15192.7421
15437.7863
15682.8305
15927.8748
16172.9190
16417.9632
16663.0074
16908.0517
17153.0959
17398.1401
17643.1843
17888.2286
18133.2728
18378.3170
18623.3613
18868.4055
19113.4497
19358.4939
19603.5382
19848.5824
20093.6266
20338.6708
20583.7151
20828.7593
21073.8035
21318.8477
21563.8920
21808.9362
22053.9804
22299.0247
22544.0689
22789.1131
23034.1573
23279.2016
23524.2458
23769.2900
24014.3342
24259.3785
10053.0965
10304.4239
10555.7513
10807.0787
11058.4061
11309.7336
11561.0610
11812.3884
12063.7158
12315.0432
12566.3706
12817.6980
13069.0254
13320.3529
13571.6803
13823.0077
14074.3351
14325.6625
14576.9899
14828.3173
15079.6447
15330.9721
15582.2996
15833.6270
16084.9544
16336.2818
16587.6092
16838.9366
17090.2640
17341.5914
17592.9189
17844.2463
18095.5737
18346.9011
18598.2285
18849.5559
19100.8833
19352.2107
19603.5382
19854.8656
20106.1930
20357.5204
20608.8478
20860.1752
21111.5026
21362.8300
21614.1575
21865.4849
22116.8123
22368.1397
22619.4671
22870.7945
23122.1219
23373.4493
23624.7768
23876.1042
24127.4316
24378.7590
24630.0864
24881.4138
10562.0345
10819.6451
11077.2557
11334.8663
11592.4769
11850.0875
12107.6981
12365.3087
12622.9193
12880.5299
13138.1405
13395.7511
13653.3617
13910.9723
14168.5829
14426.1935
14683.8041
14941.4147
15199.0253
15456.6359
15714.2465
15971.8571
16229.4676
16487.0782
16744.6888
17002.2994
17259.9100
17517.5206
17775.1312
18032.7418
18290.3524
18547.9630
18805.5736
19063.1842
19320.7948
19578.4054
19836.0160
20093.6266
20351.2372
20608.8478
20866.4584
21124.0690
21381.6796
21639.2902
21896.9008
22154.5114
22412.1220
22669.7326
22927.3432
23184.9538
23442.5644
23700.1750
23957.7856
24215.3962
24473.0068
24730.6174
24988.2280
25245.8386
25503.4492
11083.5389
11347.4327
11611.3264
11875.2202
12139.1140
12403.0078
12666.9016
12930.7954
13194.6891
13458.5829
13722.4767
13986.3705
14250.2643
14514.1581
14778.0518
15041.9456
15305.8394
15569.7332
15833.6270
16097.5208
16361.4145
16625.3083
16889.2021
17153.0959
17416.9897
17680.8835
17944.7772
18208.6710
18472.5648
18736.4586
19000.3524
19264.2462
19528.1399
19792.0337
20055.9275
20319.8213
20583.7151
20847.6088
21111.5026
21375.3964
21639.2902
21903.1840
22167.0778
22430.9715
22694.8653
22958.7591
23222.6529
23486.5467
23750.4405
24014.3342
24278.2280
24542.1218
24806.0156
25069.9094
25333.8032
25597.6969
25861.5907
26125.4845
11617.6096
11887.7866
12157.9636
12428.1405
12698.3175
12968.4945
13238.6714
13508.8484
13779.0254
14049.2023
14319.3793
14589.5563
14859.7333
15129.9102
15400.0872
15670.2642
15940.4411
16210.6181
16480.7951
16750.9720
17021.1490
17291.3260
17561.5029
17831.6799
18101.8569
18372.0338
18642.2108
18912.3878
19182.5647
19452.7417
19722.9187
19993.0956
20263.2726
20533.4496
20803.6266
21073.8035
21343.9805
21614.1575
21884.3344
22154.5114
22424.6884
22694.8653
22965.0423
23235.2193
23505.3962
23775.5732
24045.7502
24315.9271
24586.1041
24856.2811
25126.4580
25396.6350
25666.8120
25936.9889
26207.1659
26477.3429
26747.5199
12164.2468
12440.7069
12717.1671
12993.6272
13270.0874
13546.5475
13823.0077
14099.4678
14375.9280
14652.3881
14928.8483
15205.3084
15481.7686
15758.2288
16034.6889
16311.1491
16587.6092
16864.0694
17140.5295
17416.9897
17693.4498
17969.9100
18246.3701
18522.8303
18799.2904
19075.7506
19352.2107
19628.6709
19905.1311
20181.5912
20458.0514
20734.5115
21010.9717
21287.4318
21563.8920
21840.3521
22116.8123
22393.2724
22669.7326
22946.1927
23222.6529
23499.1130
23775.5732
24052.0334
24328.4935
24604.9537
24881.4138
25157.8740
25434.3341
25710.7943
25987.2544
26263.7146
26540.1747
26816.6349
27093.0950
27369.5552
12723.4502
13006.1936
13288.9369
13571.6803
13854.4236
14137.1669
14419.9103
14702.6536
14985.3970
15268.1403
15550.8836
15833.6270
16116.3703
16399.1137
16681.8570
16964.6003
17247.3437
17530.0870
17812.8303
18095.5737
18378.3170
18661.0604
18943.8037
19226.5470
19509.2904
19792.0337
20074.7771
20357.5204
20640.2637
20923.0071
21205.7504
21488.4938
21771.2371
22053.9804
22336.7238
22619.4671
22902.2104
23184.9538
23467.6971
23750.4405
24033.1838
24315.9271
24598.6705
24881.4138
25164.1572
25446.9005
25729.6438
26012.3872
26295.1305
26577.8738
26860.6172
27143.3605
27426.1039
27708.8472
27991.5905
13295.2201
13584.2466
13873.2732
14162.2997
14451.3262
14740.3527
15029.3793
15318.4058
15607.4323
15896.4588
16185.4854
16474.5119
16763.5384
17052.5649
17341.5914
17630.6180
17919.6445
18208.6710
18497.6975
18786.7241
19075.7506
19364.7771
19653.8036
19942.8302
20231.8567
20520.8832
20809.9097
21098.9363
21387.9628
21676.9893
21966.0158
22255.0424
22544.0689
22833.0954
23122.1219
23411.1485
23700.1750
23989.2015
24278.2280
24567.2546
24856.2811
25145.3076
25434.3341
25723.3606
26012.3872
26301.4137
26590.4402
26879.4667
27168.4933
27457.5198
27746.5463
28035.5728
28324.5994
28613.6259
13879.5563
14174.8661
14470.1758
14765.4855
15060.7952
15356.1049
15651.4146
15946.7243
16242.0340
16537.3437
16832.6534
17127.9631
17423.2729
17718.5826
18013.8923
18309.2020
18604.5117
18899.8214
19195.1311
19490.4408
19785.7505
20081.0602
20376.3700
20671.6797
20966.9894
21262.2991
21557.6088
21852.9185
22148.2282
22443.5379
22738.8476
23034.1573
23329.4670
23624.7768
23920.0865
24215.3962
24510.7059
24806.0156
25101.3253
25396.6350
25691.9447
25987.2544
26282.5641
26577.8738
26873.1836
27168.4933
27463.8030
27759.1127
28054.4224
28349.7321
28645.0418
28940.3515
29235.6612
14476.4589
14778.0518
15079.6447
15381.2376
15682.8305
15984.4234
16286.0163
16587.6092
16889.2021
17190.7950
17492.3879
17793.9808
18095.5737
18397.1666
18698.7595
19000.3524
19301.9453
19603.5382
19905.1311
20206.7239
20508.3168
20809.9097
21111.5026
21413.0955
21714.6884
22016.2813
22317.8742
22619.4671
22921.0600
23222.6529
23524.2458
23825.8387
24127.4316
24429.0245
24730.6174
25032.2103
25333.8032
25635.3961
25936.9889
26238.5818
26540.1747
26841.7676
27143.3605
27444.9534
27746.5463
28048.1392
28349.7321
28651.3250
28952.9179
29254.5108
29556.1037
29857.6966
15085.9279
15393.8040
15701.6801
16009.5562
16317.4322
16625.3083
16933.1844
17241.0605
17548.9366
17856.8126
18164.6887
18472.5648
18780.4409
19088.3170
19396.1930
19704.0691
20011.9452
20319.8213
20627.6974
20935.5734
21243.4495
21551.3256
21859.2017
22167.0778
22474.9538
22782.8299
23090.7060
23398.5821
23706.4582
24014.3342
24322.2103
24630.0864
24937.9625
25245.8386
25553.7146
25861.5907
26169.4668
26477.3429
26785.2190
27093.0950
27400.9711
27708.8472
28016.7233
28324.5994
28632.4754
28940.3515
29248.2276
29556.1037
29863.9798
30171.8558
30479.7319
15707.9633
16022.1225
16336.2818
16650.4411
16964.6003
17278.7596
17592.9189
17907.0781
18221.2374
18535.3967
18849.5559
19163.7152
19477.8745
19792.0337
20106.1930
20420.3522
20734.5115
21048.6708
21362.8300
21676.9893
21991.1486
22305.3078
22619.4671
22933.6264
23247.7856
23561.9449
23876.1042
24190.2634
24504.4227
24818.5820
25132.7412
25446.9005
25761.0598
26075.2190
26389.3783
26703.5376
27017.6968
27331.8561
27646.0154
27960.1746
28274.3339
28588.4931
28902.6524
29216.8117
29530.9709
29845.1302
30159.2895
30473.4487
30787.6080
31101.7673
16342.5650
16663.0074
16983.4499
17303.8923
17624.3348
17944.7772
18265.2197
18585.6621
18906.1046
19226.5470
19546.9895
19867.4319
20187.8744
20508.3168
20828.7593
21149.2017
21469.6442
21790.0866
22110.5291
22430.9715
22751.4140
23071.8564
23392.2989
23712.7413
24033.1838
24353.6263
24674.0687
24994.5112
25314.9536
25635.3961
25955.8385
26276.2810
26596.7234
26917.1659
27237.6083
27558.0508
27878.4932
28198.9357
28519.3781
28839.8206
29160.2630
29480.7055
29801.1479
30121.5904
30442.0328
30762.4753
31082.9177
31403.3602
31723.8026
16989.7331
17316.4587
17643.1843
17969.9100
18296.6356
18623.3613
18950.0869
19276.8125
19603.5382
19930.2638
20256.9894
20583.7151
20910.4407
21237.1663
21563.8920
21890.6176
22217.3432
22544.0689
22870.7945
23197.5202
23524.2458
23850.9714
24177.6971
24504.4227
24831.1483
25157.8740
25484.5996
25811.3252
26138.0509
26464.7765
26791.5021
27118.2278
27444.9534
27771.6791
28098.4047
28425.1303
28751.8560
29078.5816
29405.3072
29732.0329
30058.7585
30385.4841
30712.2098
31038.9354
31365.6611
31692.3867
32019.1123
32345.8380
17649.4675
17982.4763
18315.4852
18648.4940
18981.5028
19314.5116
19647.5205
19980.5293
20313.5381
20646.5469
20979.5557
21312.5646
21645.5734
21978.5822
22311.5910
22644.5998
22977.6087
23310.6175
23643.6263
23976.6351
24309.6440
24642.6528
24975.6616
25308.6704
25641.6792
25974.6881
26307.6969
26640.7057
26973.7145
27306.7233
27639.7322
27972.7410
28305.7498
28638.7586
28971.7675
29304.7763
29637.7851
29970.7939
30303.8027
30636.8116
30969.8204
31302.8292
31635.8380
31968.8468
32301.8557
32634.8645
32967.8733
18321.7684
18661.0604
19000.3524
19339.6444
19678.9364
20018.2284
20357.5204
20696.8124
21036.1044
21375.3964
21714.6884
22053.9804
22393.2724
22732.5644
23071.8564
23411.1485
23750.4405
24089.7325
24429.0245
24768.3165
25107.6085
25446.9005
25786.1925
26125.4845
26464.7765
26804.0685
27143.3605
27482.6525
27821.9445
28161.2365
28500.5286
28839.8206
29179.1126
29518.4046
29857.6966
30196.9886
30536.2806
30875.5726
31214.8646
31554.1566
31893.4486
32232.7406
32572.0326
32911.3246
33250.6166
33589.9087
19006.6356
19352.2107
19697.7859
20043.3611
20388.9363
20734.5115
21080.0867
21425.6619
21771.2371
22116.8123
22462.3875
22807.9627
23153.5379
23499.1130
23844.6882
24190.2634
24535.8386
24881.4138
25226.9890
25572.5642
25918.1394
26263.7146
26609.2898
26954.8650
27300.4402
27646.0154
27991.5905
28337.1657
28682.7409
29028.3161
29373.8913
29719.4665
30065.0417
30410.6169
30756.1921
31101.7673
31447.3425
31792.9177
32138.4928
32484.0680
32829.6432
33175.2184
33520.7936
33866.3688
34211.9440
19704.0691
20055.9275
20407.7859
20759.6443
21111.5026
21463.3610
21815.2194
22167.0778
22518.9361
22870.7945
23222.6529
23574.5113
23926.3696
24278.2280
24630.0864
24981.9448
25333.8032
25685.6615
26037.5199
26389.3783
26741.2367
27093.0950
27444.9534
27796.8118
28148.6702
28500.5286
28852.3869
29204.2453
29556.1037
29907.9621
30259.8204
30611.6788
30963.5372
31315.3956
31667.2539
32019.1123
32370.9707
32722.8291
33074.6875
33426.5458
33778.4042
34130.2626
34482.1210
34833.9793
20414.0691
20772.2106
21130.3522
21488.4938
21846.6353
22204.7769
22562.9184
22921.0600
23279.2016
23637.3431
23995.4847
24353.6263
24711.7678
25069.9094
25428.0509
25786.1925
26144.3341
26502.4756
26860.6172
27218.7588
27576.9003
27935.0419
28293.1834
28651.3250
29009.4666
29367.6081
29725.7497
30083.8913
30442.0328
30800.1744
31158.3159
31516.4575
31874.5991
32232.7406
32590.8822
32949.0238
33307.1653
33665.3069
34023.4484
34381.5900
34739.7316
35097.8731
35456.0147
21136.6354
21501.0601
21865.4849
22229.9096
22594.3344
22958.7591
23323.1839
23687.6086
24052.0334
24416.4581
24780.8829
25145.3076
25509.7323
25874.1571
26238.5818
26603.0066
26967.4313
27331.8561
27696.2808
28060.7056
28425.1303
28789.5551
29153.9798
29518.4046
29882.8293
30247.2541
30611.6788
30976.1036
31340.5283
31704.9531
32069.3778
32433.8026
32798.2273
33162.6521
33527.0768
33891.5015
34255.9263
34620.3510
34984.7758
35349.2005
35713.6253
36078.0500
21871.7681
22242.4760
22613.1839
22983.8919
23354.5998
23725.3077
24096.0157
24466.7236
24837.4315
25208.1395
25578.8474
25949.5553
26320.2633
26690.9712
27061.6791
27432.3871
27803.0950
28173.8029
28544.5109
28915.2188
29285.9267
29656.6346
30027.3426
30398.0505
30768.7584
31139.4664
31510.1743
31880.8822
32251.5902
32622.2981
32993.0060
33363.7140
33734.4219
34105.1298
34475.8378
34846.5457
35217.2536
35587.9616
35958.6695
36329.3774
36700.0854
22619.4671
22996.4582
23373.4493
23750.4405
24127.4316
24504.4227
24881.4138
25258.4049
25635.3961
26012.3872
26389.3783
26766.3694
27143.3605
27520.3516
27897.3428
28274.3339
28651.3250
29028.3161
29405.3072
29782.2984
30159.2895
30536.2806
30913.2717
31290.2628
31667.2539
32044.2451
32421.2362
32798.2273
33175.2184
33552.2095
33929.2007
34306.1918
34683.1829
35060.1740
35437.1651
35814.1563
36191.1474
36568.1385
36945.1296
37322.1207
23379.7325
23763.0068
24146.2811
24529.5554
24912.8297
25296.1040
25679.3784
26062.6527
26445.9270
26829.2013
27212.4756
27595.7499
27979.0242
28362.2985
28745.5728
29128.8471
29512.1214
29895.3957
30278.6700
30661.9443
31045.2186
31428.4929
31811.7672
32195.0415
32578.3158
32961.5901
33344.8644
33728.1387
34111.4130
34494.6873
34877.9616
35261.2359
35644.5102
36027.7846
36411.0589
36794.3332
37177.6075
37560.8818
37944.1561
24152.5643
24542.1218
24931.6793
25321.2368
25710.7943
26100.3518
26489.9093
26879.4667
27269.0242
27658.5817
28048.1392
28437.6967
28827.2542
29216.8117
29606.3692
29995.9267
30385.4841
30775.0416
31164.5991
31554.1566
31943.7141
32333.2716
32722.8291
33112.3866
33501.9441
33891.5015
34281.0590
34670.6165
35060.1740
35449.7315
35839.2890
36228.8465
36618.4040
37007.9615
37397.5189
37787.0764
38176.6339
38566.1914
24937.9625
25333.8032
25729.6438
26125.4845
26521.3252
26917.1659
27313.0065
27708.8472
28104.6879
28500.5286
28896.3692
29292.2099
29688.0506
30083.8913
30479.7319
30875.5726
31271.4133
31667.2539
32063.0946
32458.9353
32854.7760
33250.6166
33646.4573
34042.2980
34438.1387
34833.9793
35229.8200
35625.6607
36021.5014
36417.3420
36813.1827
37209.0234
37604.8641
38000.7047
38396.5454
38792.3861
39188.2268
25735.9270
26138.0509
26540.1747
26942.2986
27344.4225
27746.5463
28148.6702
28550.7940
28952.9179
29355.0418
29757.1656
30159.2895
30561.4133
30963.5372
31365.6611
31767.7849
32169.9088
32572.0326
32974.1565
33376.2804
33778.4042
34180.5281
34582.6519
34984.7758
35386.8997
35789.0235
36191.1474
36593.2712
36995.3951
37397.5189
37799.6428
38201.7667
38603.8905
39006.0144
39408.1382
39810.2621
26546.4579
26954.8650
27363.2720
27771.6791
28180.0861
28588.4931
28996.9002
29405.3072
29813.7143
30222.1213
30630.5284
31038.9354
31447.3425
31855.7495
32264.1566
32672.5636
33080.9706
33489.3777
33897.7847
34306.1918
34714.5988
35123.0059
35531.4129
35939.8200
36348.2270
36756.6340
37165.0411
37573.4481
37981.8552
38390.2622
38798.6693
39207.0763
39615.4834
40023.8904
40432.2975
27369.5552
27784.2454
28198.9357
28613.6259
29028.3161
29443.0063
29857.6966
30272.3868
30687.0770
31101.7673
31516.4575
31931.1477
32345.8380
32760.5282
33175.2184
33589.9087
34004.5989
34419.2891
34833.9793
35248.6696
35663.3598
36078.0500
36492.7403
36907.4305
37322.1207
37736.8110
38151.5012
38566.1914
38980.8816
39395.5719
39810.2621
40224.9523
40639.6426
41054.3328
28205.2188
28626.1923
29047.1657
29468.1391
29889.1125
30310.0859
30731.0593
31152.0328
31573.0062
31993.9796
32414.9530
32835.9264
33256.8998
33677.8732
34098.8467
34519.8201
34940.7935
35361.7669
35782.7403
36203.7137
36624.6872
37045.6606
37466.6340
37887.6074
38308.5808
38729.5542
39150.5276
39571.5011
39992.4745
40413.4479
40834.4213
41255.3947
41676.3681
29053.4489
29480.7055
29907.9621
30335.2187
30762.4753
31189.7319
31616.9885
32044.2451
32471.5017
32898.7583
33326.0149
33753.2715
34180.5281
34607.7847
35035.0413
35462.2979
35889.5545
36316.8111
36744.0677
37171.3243
37598.5809
38025.8375
38453.0941
38880.3507
39307.6073
39734.8639
40162.1205
40589.3771
41016.6337
41443.8903
41871.1469
42298.4035
29914.2452
30347.7850
30781.3248
31214.8646
31648.4044
32081.9442
32515.4840
32949.0238
33382.5635
33816.1033
34249.6431
34683.1829
35116.7227
35550.2625
35983.8023
36417.3420
36850.8818
37284.4216
37717.9614
38151.5012
38585.0410
39018.5808
39452.1205
39885.6603
40319.2001
40752.7399
41186.2797
41619.8195
42053.3593
42486.8990
42920.4388
30787.6080
31227.4310
31667.2539
32107.0769
32546.8999
32986.7229
33426.5458
33866.3688
34306.1918
34746.0147
35185.8377
35625.6607
36065.4837
36505.3066
36945.1296
37384.9526
37824.7755
38264.5985
38704.4215
39144.2445
39584.0674
40023.8904
40463.7134
40903.5363
41343.3593
41783.1823
42223.0053
42662.8282
43102.6512
43542.4742
31673.5371
32119.6433
32565.7494
33011.8556
33457.9618
33904.0679
34350.1741
34796.2802
35242.3864
35688.4925
36134.5987
36580.7049
37026.8110
37472.9172
37919.0233
38365.1295
38811.2356
39257.3418
39703.4480
40149.5541
40595.6603
41041.7664
41487.8726
41933.9787
42380.0849
42826.1911
43272.2972
43718.4034
44164.5095
32572.0326
33024.4220
33476.8113
33929.2007
34381.5900
34833.9793
35286.3687
35738.7580
36191.1474
36643.5367
37095.9261
37548.3154
38000.7047
38453.0941
38905.4834
39357.8728
39810.2621
40262.6514
40715.0408
41167.4301
41619.8195
42072.2088
42524.5982
42976.9875
43429.3768
43881.7662
44334.1555
44786.5449
33483.0945
33941.7670
34400.4396
34859.1121
35317.7846
35776.4571
36235.1297
36693.8022
37152.4747
37611.1472
38069.8198
38528.4923
38987.1648
39445.8374
39904.5099
40363.1824
40821.8549
41280.5275
41739.2000
42197.8725
42656.5451
43115.2176
43573.8901
44032.5626
44491.2352
44949.9077
45408.5802
34406.7227
34871.6785
35336.6342
35801.5899
36266.5456
36731.5013
37196.4570
37661.4127
38126.3684
38591.3242
39056.2799
39521.2356
39986.1913
40451.1470
40916.1027
41381.0584
41846.0141
42310.9699
42775.9256
43240.8813
43705.8370
44170.7927
44635.7484
45100.7041
45565.6598
46030.6156
35342.9174
35814.1563
36285.3951
36756.6340
37227.8729
37699.1118
38170.3507
38641.5896
39112.8285
39584.0674
40055.3063
40526.5452
40997.7841
41469.0230
41940.2619
42411.5008
42882.7397
43353.9786
43825.2175
44296.4564
44767.6953
45238.9342
45710.1731
46181.4120
46652.6509
36291.6783
36769.2004
37246.7225
37724.2446
38201.7667
38679.2888
39156.8108
39634.3329
40111.8550
40589.3771
41066.8992
41544.4213
42021.9433
42499.4654
42976.9875
43454.5096
43932.0317
44409.5538
44887.0758
45364.5979
45842.1200
46319.6421
46797.1642
47274.6863
37253.0057
37736.8110
38220.6162
38704.4215
39188.2268
39672.0320
40155.8373
40639.6426
41123.4478
41607.2531
42091.0584
42574.8636
43058.6689
43542.4742
44026.2794
44510.0847
44993.8900
45477.6953
45961.5005
46445.3058
46929.1111
47412.9163
47896.7216
38226.8994
38716.9879
39207.0763
39697.1648
40187.2532
40677.3417
41167.4301
41657.5186
42147.6070
42637.6955
43127.7839
43617.8724
44107.9609
44598.0493
45088.1378
45578.2262
46068.3147
46558.4031
47048.4916
47538.5800
48028.6685
48518.7569
39213.3595
39709.7311
40206.1028
40702.4744
41198.8461
41695.2177
42191.5893
42687.9610
43184.3326
43680.7043
44177.0759
44673.4475
45169.8192
45666.1908
46162.5625
46658.9341
47155.3057
47651.6774
48148.0490
48644.4206
49140.7923
40212.3860
40715.0408
41217.6956
41720.3504
42223.0053
42725.6601
43228.3149
43730.9697
44233.6246
44736.2794
45238.9342
45741.5890
46244.2439
46746.8987
47249.5535
47752.2083
48254.8632
48757.5180
49260.1728
49762.8276
41223.9788
41732.9168
42241.8548
42750.7928
43259.7308
43768.6688
44277.6069
44786.5449
45295.4829
45804.4209
46313.3589
46822.2969
47331.2349
47840.1729
48349.1109
48858.0489
49366.9870
49875.9250
50384.8630
42248.1380
42763.3592
43278.5804
43793.8016
44309.0228
44824.2440
45339.4652
45854.6864
46369.9076
46885.1288
47400.3500
47915.5712
48430.7923
48946.0135
49461.2347
49976.4559
50491.6771
51006.8983
43284.8636
43806.3680
44327.8723
44849.3767
45370.8811
45892.3855
46413.8899
46935.3942
47456.8986
47978.4030
48499.9074
49021.4118
49542.9161
50064.4205
50585.9249
51107.4293
51628.9337
44334.1555
44861.9431
45389.7307
45917.5182
46445.3058
46973.0934
47500.8809
48028.6685
48556.4561
49084.2436
49612.0312
50139.8188
50667.6063
51195.3939
51723.1814
52250.9690
45396.0138
45930.0846
46464.1553
46998.2261
47532.2968
48066.3676
48600.4384
49134.5091
49668.5799
50202.6506
50736.7214
51270.7921
51804.8629
52338.9336
52873.0044
46470.4385
47010.7925
47551.1464
48091.5003
48631.8543
49172.2082
49712.5622
50252.9161
50793.2700
51333.6240
51873.9779
52414.3318
52954.6858
53495.0397
47557.4296
48104.0667
48650.7038
49197.3410
49743.9781
50290.6152
50837.2523
51383.8894
51930.5266
52477.1637
53023.8008
53570.4379
54117.0751
48656.9870
49209.9073
49762.8276
50315.7479
50868.6682
51421.5886
51974.5089
52527.4292
53080.3495
53633.2698
54186.1901
54739.1104
49769.1108
50328.3143
50887.5178
51446.7213
52005.9248
52565.1283
53124.3318
53683.5353
54242.7388
54801.9422
55361.1457
50893.8010
51459.2877
52024.7743
52590.2610
53155.7477
53721.2344
54286.7211
54852.2077
55417.6944
55983.1811
52031.0575
52602.8274
53174.5973
53746.3671
54318.1370
54889.9068
55461.6767
56033.4466
56605.2164
53180.8804
53758.9335
54336.9865
54915.0396
55493.0926
56071.1457
56649.1987
57227.2518
54343.2697
54927.6060
55511.9422
56096.2784
56680.6147
57264.9509
57849.2871
55518.2254
56108.8448
56699.4642
57290.0836
57880.7030
58471.3225
56705.7474
57302.6500
57899.5526
58496.4552
59093.3578
57905.8358
58509.0216
59112.2074
59715.3932
59118.4906
59727.9595
60337.4285
60343.7117
60959.4639
61581.4992
