450
93
73
21
83
32
60
87
42
16
88
47
70
42
44
79
35
3
64
7
91
95
88
64
45
88
19
56
81
46
96
13
13
67
100
70
27
17
44
55
44
60
76
41
16
94
91
45
63
38
1
8119
4638
6776
1510
9090
4486
8334
4693
2566
4467
8902
978
2650
280
6832
1501
8588
8140
8775
8767
1062
8783
9304
360
6754
9372
1461
1728
1884
8946
1545
517
3913
7032
5871
8774
1116
2162
7154
1794
1409
3873
1212
756
2013
2834
785
6430
6981
5671
102236
534826
637316
210762
767599
909436
848905
565779
534969
21342
574798
312293
241561
199942
923836
629840
410953
830708
429678
591968
393125
267878
445016
191733
250135
125200
541023
415396
969205
219784
797819
125329
390492
969982
860948
411389
431338
657227
535982
82104
999796
354726
640477
394778
928155
829254
278105
880986
802116
943589
42927850
6002589
23968272
4043679
16863440
33766190
80303860
3074657
60492544
66879136
75238310
15336115
38911066
83721982
85299870
64344406
53522094
47519628
84246818
24531829
85319412
88081747
99582576
73177863
24922629
17557072
22888478
97093549
32989911
24129906
76712947
51826406
4100329
94503814
36615257
1214269
32310772
71398929
84617122
64287710
14090372
46870600
19626708
65895444
86409022
20702959
5079711
59767134
51557047
66712866
8357999285
2552473808
4956233514
6107493007
7156894055
8035525082
1179165569
4228565037
6338545289
1905300195
4054326338
3739410192
2950184022
4926725402
2749693453
636948648
3078639751
6670865600
8715177999
432388613
2055570815
5304379104
4985771241
6881439696
8547569714
1647360410
1593411985
4772958947
1416929692
5725711132
2623685558
1091534529
2169405303
9566790278
2379366293
7200309643
5546875507
9373867726
4035959778
4190945310
6791530261
1487171890
3214907238
4078833866
6520106499
488899476
570418968
5554484175
6083458550
8961494437
689609093115
131056142363
805916285789
319302042220
699479757426
195411258854
322757987091
950521157902
224724321626
177287306685
686940302574
368718373485
961176486495
836524119650
56827750724
655355807831
734398707244
878237502360
489474881066
158852985670
38068133316
418870573006
578403796153
559621540353
812604769464
838053461727
452828968911
392732485672
621414432076
495918982668
545718340840
49791633528
244684276162
658405263489
396664384586
220785224512
319349076136
148612802088
106342343933
213455436594
79078555439
532584537030
418753556246
53870292206
810559223780
454570547829
76734448668
757782823120
439722597815
748032556166
41648914634138
93217497810637
70179230798900
85698347531345
13556204370067
34989172337269
35532283559974
50216195269758
20239813119654
10312190679904
10365428018112
10510038655763
14319455801946
26791749076131
14754035106801
98834399692406
15269835445145
74287925573851
39192845287112
57275648391131
93976872871062
3271368687016
82369139315705
57189246966586
92122964115125
41759973516006
73385900114363
13197076113261
72474947360725
43090007041762
17223291323678
37186055838255
15880922838076
30538271988729
33712224904137
13101871865662
82811548211441
19760287293635
57409522871985
1326324003855
94586567457700
25967287669995
17000865454269
26591560955774
95308772204566
22747250584979
83798931594997
45566864206177
59524334337817
5673626847381
1944138614117956
7372762673430753
449025142414392
3106748548025112
1850597542535089
745469785443826
2438018511184958
2715224502218511
3211483642869536
8990123141876965
6610177055771461
2281502792063554
2215620668178819
3429404399884867
7441093164480414
7594286073720586
6358377091203620
1274315530528508
5258990775032011
4087719788718919
4335949412233885
9670522292253483
6951023629108637
183427949716327
1893483964851837
8141940541069782
463521453014943
1564761673137144
7207198251331881
4156091697203885
4189162715590214
337230851755448
6142070894650000
8758347479545775
6337005160121543
7117095711159929
4868702237770597
7459513516626522
1588670426069793
2849555834354320
5484207053278812
6232166404821369
9052681563796198
299169642498635
5556112224067746
481776527153530
4921633136851066
458846231446480
3921071621507599
8732560644992306
182512305646035546
69795006970381922
20859185287786200
123116184938853335
69694731902362569
19428473497642468
17873138398418523
19232856043543248
125818425993158550
71031925868019853
42692947335762922
246044298370417685
243304854995264889
143116505056582936
91253014667060769
85270330017323249
11350514940188412
23374002200454449
15810388132096105
48205914186512965
425674642422652901
12843776659601624
182013888453621904
13035536864232369
14499433406520180
24511305814447133
338559534119229896
141248274062562441
18873233356902124
27023441023339484
145339765880679631
10495497978637544
265317075598703092
62703986857270045
28227683922871112
11218249211613360
25554281183420315
83127280851129224
25037612675329304
81510462402337132
10860219042536963
11777357214993005
16563512178601637
33367420750802820
10027198282912804
39977276283903063
15258897963682990
64164247862717863
76013650050797077
197960779894763994
