5
3
3
4
1
4
5
3
1
3
5
3
3
3
5
3
2
1
3
5
6
3
1
4
3
3
3
3
4
2
3
3
3
3
3
4
2
3
5
3
4
3
3
1
5
5
4
6
3
1
11
6
7
7
5
5
5
6
4
7
6
6
6
3
6
8
5
9
6
8
4
7
5
4
6
6
7
4
7
7
4
3
7
8
10
5
5
5
9
4
4
6
6
6
9
5
4
7
7
7
10
7
9
10
14
11
9
7
9
9
9
10
12
7
10
8
8
11
11
5
14
8
9
12
10
7
9
9
13
8
11
9
12
14
8
12
10
9
10
6
10
10
12
7
11
10
10
11
9
12
13
15
12
16
7
12
14
12
10
16
13
11
13
21
13
15
14
13
8
15
16
9
14
13
11
11
11
15
17
11
14
15
12
10
13
11
14
10
12
18
8
10
14
15
17
18
12
18
14
16
19
12
17
16
17
20
11
15
17
14
13
18
18
18
18
14
13
15
15
14
18
15
16
17
18
14
17
18
14
17
15
15
19
15
18
14
18
21
19
16
16
13
22
15
13
11
18
18
19
15
26
16
23
18
19
25
16
24
17
21
24
22
23
17
17
14
23
19
25
17
17
20
19
11
18
26
26
17
22
19
21
16
17
12
17
19
15
14
22
23
23
16
21
21
21
19
19
15
20
21
20
24
25
27
23
23
13
29
23
23
23
23
16
24
21
24
22
20
26
26
25
23
24
18
24
21
22
19
26
19
21
21
21
29
23
25
20
23
25
19
22
29
26
26
22
20
28
20
25
20
25
23
22
21
26
20
25
32
27
29
34
22
24
26
30
32
25
29
25
28
31
27
28
26
29
29
33
32
26
23
25
23
24
35
26
30
23
23
23
27
30
26
30
21
25
25
25
22
25
30
28
28
26
30
32
29
30
24
35
24
28
29
33
34
23
27
28
25
30
24
37
27
27
28
27
25
32
26
21
24
31
25
38
31
22
25
35
26
28
27
27
28
30
29
30
34
25
28
24
31
