500
815 1073 764 817 18
540 857 366 1058 71
575 616 1079 1080 16
382 515 1007 1029 13
951 988 991 1006 53
391 615 455 1019 34
516 915 452 469 7
559 1038 1042 1066 54
714 932 386 563 71
543 734 646 671 61
568 982 504 785 33
556 864 505 694 67
770 890 1052 1056 33
1058 1071 876 929 61
622 1003 713 1071 71
835 839 408 834 56
648 771 538 935 25
802 953 961 1071 86
1027 1051 367 781 24
991 1055 868 904 32
800 890 700 1046 40
500 581 832 894 12
437 549 943 960 77
929 971 410 624 41
818 1001 692 982 25
626 717 783 971 46
957 992 1005 1058 4
1006 1046 963 1048 21
576 781 872 969 27
550 652 558 707 87
740 831 499 753 46
433 784 923 1065 57
879 1063 526 741 65
709 1029 796 837 64
366 922 374 745 4
850 973 1026 1029 26
1023 1058 775 1025 33
963 991 703 953 88
631 779 617 672 36
951 1019 780 960 45
445 592 725 1020 89
870 942 541 963 32
978 998 881 1007 46
374 803 484 634 28
624 957 864 882 1
1042 1073 390 1013 85
434 1050 862 958 80
462 952 540 644 32
842 904 805 896 60
1030 1060 667 1002 1
1054 1070 1003 1072 65
373 970 380 844 28
824 830 546 839 31
857 969 633 964 17
807 898 790 853 18
1029 1048 869 1057 32
419 618 976 991 57
732 997 871 941 54
718 1022 853 912 39
1025 1080 581 982 25
957 993 696 780 43
1035 1074 936 969 40
750 877 592 903 71
790 1070 1070 1072 25
854 970 573 632 58
701 845 573 984 10
597 1039 689 1030 42
551 939 852 1021 18
981 995 773 932 57
896 1052 767 774 79
971 987 619 935 42
638 985 628 861 34
547 998 577 1028 20
940 1041 832 865 51
849 1053 450 686 3
919 977 669 1003 38
477 515 930 939 78
521 847 537 737 82
442 998 1004 1024 31
1075 1078 970 978 77
751 812 742 872 75
616 681 987 1080 42
664 852 553 583 85
540 729 971 1006 2
1014 1015 954 1063 34
984 999 875 918 66
412 635 406 805 14
442 517 708 902 49
891 1051 604 709 51
560 977 740 832 16
382 842 829 975 78
593 754 1025 1066 61
371 948 1070 1080 41
505 608 1053 1077 2
613 637 655 685 53
848 850 1060 1069 83
498 811 789 980 82
417 1025 564 627 36
496 646 669 740 86
800 944 779 966 22
780 831 917 951 23
842 905 861 967 17
546 869 779 931 1
462 891 584 859 60
1069 1078 536 660 43
943 1017 815 943 87
1068 1076 946 1067 84
878 953 1031 1072 13
687 930 627 940 88
987 1072 774 796 89
1065 1074 852 958 75
444 522 415 738 52
463 553 986 994 9
709 1020 638 709 7
433 1012 866 997 39
735 990 631 863 33
809 1047 1067 1079 51
383 948 937 1069 13
860 994 503 707 38
473 1031 1079 1080 30
635 1058 1069 1074 48
747 966 1028 1035 19
430 933 664 691 47
496 962 636 894 47
379 611 781 815 54
548 1060 449 859 52
530 995 388 688 88
937 1041 808 934 50
466 497 721 959 1
819 1059 455 542 15
823 879 1010 1046 84
1063 1080 912 1002 16
476 720 979 1005 6
399 823 1054 1062 2
435 736 971 1005 80
521 773 678 970 27
835 978 923 957 90
608 934 495 802 79
780 918 553 778 34
700 711 1039 1065 88
591 971 694 899 32
594 985 851 1054 16
788 1056 389 523 8
1019 1024 950 977 76
1028 1035 774 1040 70
859 904 1020 1060 53
889 964 906 1055 55
757 820 480 642 7
637 1024 366 582 73
695 894 516 606 27
733 929 534 920 1
835 855 496 1072 89
781 911 380 988 76
936 1022 595 755 19
421 1009 667 677 88
431 441 527 1000 6
463 658 1072 1078 54
855 1076 492 612 13
542 1067 521 936 55
506 969 481 709 50
911 1078 858 983 89
1035 1079 505 794 54
472 555 759 764 17
1044 1049 641 688 38
705 1021 564 940 45
760 934 514 608 8
1014 1053 606 979 17
604 984 419 604 61
1065 1080 969 1058 82
497 559 1055 1056 9
1054 1070 698 745 63
922 985 588 909 86
647 678 451 586 55
557 791 854 982 12
516 547 797 1046 63
428 707 822 876 37
882 1060 492 573 83
786 1007 494 825 83
490 506 605 627 49
711 1021 788 970 61
851 856 766 879 72
1008 1013 486 1021 64
574 763 904 931 25
716 738 1010 1062 54
732 926 649 690 85
1019 1022 645 900 29
1065 1076 632 1008 39
704 832 726 811 42
661 723 1005 1034 56
489 934 932 992 88
535 925 850 977 74
717 763 426 857 28
545 988 758 1032 6
848 930 467 849 26
1048 1069 492 823 37
419 865 893 902 60
762 1057 363 472 78
1028 1039 803 901 17
1062 1065 928 989 80
716 794 843 878 29
1010 1024 696 1015 70
875 934 917 933 47
488 1075 687 705 70
854 1010 433 700 57
502 698 398 985 3
928 995 833 952 52
861 878 625 780 69
566 1069 1013 1017 89
790 874 563 656 47
362 680 1078 1079 43
1044 1063 795 1016 43
399 576 531 889 69
364 686 1011 1075 28
951 1018 635 781 84
364 1004 539 823 55
585 847 779 806 30
423 781 479 680 26
1024 1043 610 776 23
408 736 600 692 44
499 650 713 745 31
976 1035 587 647 48
603 1038 939 940 37
840 958 816 985 16
623 920 425 811 82
628 954 882 1065 68
887 973 832 929 86
824 882 608 1036 57
385 507 409 754 81
678 958 729 773 80
384 503 893 910 88
576 951 393 437 33
550 959 513 1003 1
598 659 611 1016 84
360 617 1031 1044 13
803 890 481 1071 77
1062 1069 588 664 79
1035 1054 540 889 45
1022 1059 424 920 7
874 957 966 1005 25
959 1053 460 1063 20
1065 1076 439 962 58
477 529 586 672 79
536 773 592 854 34
958 1064 1035 1068 88
772 1021 705 711 29
549 978 396 559 23
956 984 850 948 88
367 1031 910 956 72
539 562 565 674 24
470 714 914 951 66
1053 1071 535 1059 33
654 1071 802 993 55
427 981 793 903 48
790 967 673 1013 55
834 907 928 1065 18
591 835 860 1066 23
707 843 1054 1055 50
727 785 841 867 82
535 701 481 772 8
851 1023 406 495 55
820 1080 996 997 84
743 1049 1029 1067 79
782 1049 747 1025 5
849 942 513 800 20
556 783 729 1054 7
1059 1062 737 878 46
1061 1063 836 906 88
971 985 460 981 46
808 895 1057 1066 44
522 874 550 668 60
1019 1035 665 945 85
852 1061 637 929 58
682 1056 774 1031 43
463 737 1005 1074 42
472 580 768 971 62
451 841 628 954 4
380 614 670 936 5
986 1042 794 980 82
851 1080 946 1060 58
718 877 400 1036 18
674 847 990 993 51
782 970 586 1005 67
641 660 571 844 61
845 1033 981 1044 14
844 1011 570 921 42
770 932 883 960 17
862 1063 644 986 61
746 792 835 935 10
362 918 644 838 59
704 748 518 904 65
1071 1073 589 860 53
360 716 453 886 49
470 899 826 983 14
617 852 938 1055 20
640 887 567 1033 63
1075 1076 775 959 36
569 968 547 673 53
780 972 677 780 40
507 688 989 1070 5
733 824 799 1034 74
368 824 410 626 48
382 934 647 955 19
825 924 485 680 20
1039 1062 652 1013 33
511 905 617 1003 11
531 785 701 842 88
864 996 432 931 39
532 653 1021 1039 90
410 507 788 996 62
769 934 929 1078 13
691 760 938 1046 65
1000 1025 730 852 88
419 929 398 880 75
976 1072 897 1007 58
806 1043 943 988 78
696 988 893 980 19
1047 1068 652 1079 41
717 885 995 1030 23
414 551 750 993 32
966 977 477 955 73
984 1039 1002 1074 49
809 941 716 815 35
1004 1011 783 1037 33
786 903 370 444 56
842 1066 495 880 52
436 616 1043 1051 27
486 780 588 925 60
637 1028 537 550 55
571 961 838 1055 17
510 685 604 686 28
801 865 924 997 53
435 1006 555 625 51
761 978 920 1023 86
529 910 815 989 25
472 886 505 983 88
432 990 532 773 69
829 859 417 619 37
829 971 651 822 83
522 739 697 823 53
783 789 883 992 44
599 995 794 1015 28
881 960 602 812 68
992 1020 787 968 52
425 605 994 1012 38
447 1047 577 692 48
449 852 412 573 83
545 684 996 1076 29
753 767 1076 1080 49
745 1073 685 770 68
466 919 468 613 42
595 970 754 782 7
763 989 507 756 90
1001 1018 542 1019 14
802 1048 935 952 58
945 1057 926 1033 84
723 1042 923 970 62
926 986 992 1001 5
420 824 958 971 71
1009 1022 402 663 20
557 561 1023 1038 18
1042 1067 946 1059 71
759 1077 509 528 28
442 613 478 483 73
534 1038 947 1054 8
477 863 960 992 71
672 821 497 908 25
386 962 894 937 78
875 1042 893 899 8
433 738 597 727 87
541 1041 643 720 36
522 1028 841 885 69
552 684 528 666 85
553 988 803 1066 31
572 963 643 910 83
921 1058 804 971 87
441 1051 376 629 53
411 425 450 624 7
390 658 645 777 27
871 903 793 1072 16
785 861 642 1076 89
596 887 1011 1039 13
918 959 736 1007 61
661 721 653 788 4
839 994 420 577 5
498 980 860 884 84
748 1038 956 963 49
1044 1067 792 849 72
1036 1071 757 938 15
780 995 782 962 88
837 843 830 848 82
1067 1073 1049 1064 40
734 766 780 971 82
790 1038 732 923 36
495 1044 413 765 34
1057 1075 449 644 47
626 994 931 988 28
473 971 754 1059 18
1025 1026 367 1011 54
808 1060 770 941 38
497 1047 548 975 50
851 1050 514 778 42
740 820 701 935 31
420 518 588 743 44
696 857 475 536 8
798 1048 1073 1076 7
442 686 512 879 20
433 770 599 1050 8
910 950 726 862 44
487 492 1032 1052 19
1075 1079 470 762 59
387 926 954 955 63
870 996 791 965 28
991 1020 391 598 77
758 831 825 908 25
561 772 487 534 54
917 970 1067 1077 5
997 1021 657 710 48
1079 1080 794 898 78
784 1007 954 960 5
812 1031 576 791 66
472 872 791 1036 27
934 992 549 983 78
425 532 824 868 15
563 732 548 863 88
535 843 391 995 40
627 927 907 915 85
702 757 947 1028 3
396 1025 762 928 72
531 677 924 984 77
939 1010 992 1000 89
810 995 482 594 17
432 1054 623 705 78
939 1000 957 1006 78
690 926 1027 1056 3
521 659 975 981 23
653 840 912 975 16
821 822 830 1044 20
718 1016 422 724 30
679 869 773 839 81
812 1012 795 963 66
527 863 570 656 41
412 1009 407 1037 75
654 956 602 975 44
764 1004 712 779 87
1011 1022 889 1077 8
969 1042 638 949 42
793 825 886 996 82
476 756 759 852 16
1066 1077 645 649 67
598 919 881 1015 34
930 1055 421 669 71
1020 1042 791 1065 30
884 1032 805 961 11
976 1040 861 886 85
1056 1067 916 942 75
443 751 399 473 25
522 831 740 896 77
630 718 487 992 50
696 835 624 727 80
686 753 540 1008 51
766 870 976 1068 90
383 591 692 995 45
678 1075 641 951 64
627 872 922 1067 66
791 1059 585 606 11
574 860 1063 1071 11
933 1043 467 629 17
556 930 754 772 30
708 976 755 1080 31
690 829 923 940 7
770 954 1021 1053 1
581 708 983 1076 89
543 741 453 496 55
649 682 869 889 3
448 1041 863 912 18
585 738 838 887 10
1024 1063 844 978 49
574 944 500 770 18
640 805 809 986 27
953 1028 797 843 64
709 921 659 1008 30
496 503 766 919 82
647 845 753 848 9
891 894 399 439 37
919 1001 402 715 43
609 754 397 787 19
512 605 863 1069 14
712 837 783 1073 47
826 841 1017 1057 85
1078 1080 363 537 60
362 513 447 891 38
669 969 431 522 81
719 815 808 1063 65
1001 1077 794 1051 9
893 992 708 1051 66
574 651 750 759 71
861 1040 1078 1079 85
987 1001 918 1023 51
1050 1051 871 1020 83
845 962 1079 1080 68
