5

6 15 3
1 5
1 4
0 3
1 2
4 0
4 5
2 3
0 5
3 1
4 3
5 2
2 4
1 0
0 2
5 3

13 71 2
11 9
9 8
8 5
9 12
3 10
3 6
1 10
8 10
12 8
6 4
4 1
2 6
0 5
3 5
0 3
9 5
1 5
2 0
7 8
3 7
10 9
2 3
2 4
7 2
7 12
4 10
12 11
0 1
10 2
6 12
11 10
1 7
7 10
8 2
6 1
12 5
9 3
8 3
7 11
11 2
4 9
7 6
8 1
4 3
9 2
5 6
5 2
3 1
3 12
9 0
0 11
0 12
11 6
1 11
4 7
4 11
0 6
4 0
12 4
11 3
8 0
11 8
9 1
5 7
4 8
2 12
6 8
7 0
1 12
10 12
4 5

14 64 0
13 2
6 11
0 10
11 5
7 11
2 4
5 13
13 7
3 4
10 9
13 1
8 6
12 8
1 3
13 11
3 9
0 8
6 2
13 9
2 10
0 3
1 10
10 4
5 8
10 6
9 1
3 12
5 1
10 11
12 0
3 11
6 13
6 7
4 1
6 5
12 10
8 1
8 2
11 0
5 4
12 4
13 4
7 1
3 6
4 9
8 9
13 3
12 5
7 5
9 6
11 8
0 4
3 10
2 1
3 2
5 0
0 6
0 9
3 5
9 7
10 5
8 3
9 11
13 8

10 5 5
5 0
0 1
1 2
2 0
5 9

10 5 5
5 0
0 6
6 7
7 0
5 9
