8
  98  65 376   2
  61  69 251  17
  62  20 513  75
  90  52 372  53
  66  77  83  73
  26   2 168 118
   1   3  81  14
  27  23 126  59
6
  78  40 599 109
  85  20 592  92
  77  45 414 114
  51  69 487  72
  22  48 496  26
  74   7 277  18
3
  31  18 131  57
  30  72  59  65
  75  77 627  51
15
  60  10 199  67
  94  48 460 106
   0  82 652  17
  94  26 378  52
  74  54 178  58
  55  26 460  14
  64  77 609  18
  99  91 455  70
  78  59 472 121
   2  24  70 107
  11   2 199 113
  83  57 453  95
  12  57 256  44
  10  19 380  10
  76  26 475  72
6
  70   4 473  18
  47  20 305   4
  69  71 571  32
   4   3 520  85
   4  91 210   5
  32   5 652  89
8
  94  22 194  80
  32  11 525   1
  13  71  97 120
  77  72 507  35
  77   5 521  87
  36  21 499  30
   9  85 640  30
  98  35 184  55
4
  32   0 257 123
  89  11 631  44
  26  44 586  69
  43  20 506 102
4
  71  40 266 106
  14  96 225  86
  90  31 242  40
  73   0 217 126
10
  96  65 377  74
  14  21 660  47
  20  39 580  88
   7  69 428  67
  56  37 119  63
  20  63 574  90
  15  49 434  16
  91  95 217  39
  24  87 385  19
  33  38 158  38
4
  47  50 112  90
  15   9 191  71
   2   4 342 108
  85  37 271  73
13
   0  99 206  49
  22  60 308 127
  68  83 659  67
  32  50 332  36
  31   6 284  54
  23  30 324  39
   1   3  34 110
  27  26 321  91
  66  79 352  25
  61  88  10  60
  16  81 284  34
  64   0 198  67
  38  95 258  77
10
  11  58 506  11
   5  33  78 105
  15  37  69  15
  35  98 502  48
  19  72  76  41
  24  62  22   6
  48  57 113 102
  99  29 632  98
  25  62 230 118
  36  82 545   3
4
  27   4 297  88
  14  23 478  91
   4  59 527  64
  82  46 224  25
12
  75  40 513  71
  70  14 382 124
  61  18 378   3
  57  32 347  10
  25  60 376 123
  29  89 337  63
  72  37 400 118
  86  65 281  52
  87  61 118  17
  32   9 185  27
  42  45 128  34
  44   0 353  15
3
  90  28 269  73
  56  27 216  36
  18  48 490 127
4
  47  73 121  79
  47  75 188  27
   9  27 239   5
  63  39  72 116
15
  61   7  72  62
  48  22  89  38
  79  99 435   8
  89  65 133  92
  21  79  49  50
  60  85 168  81
  47  23 501  23
  19  32 289  23
  86  32  53  82
  41  34 469  83
  13  20 531  63
  43  55 472  95
  94  64 633   7
  23  54 600 102
  86  22 531  85
14
  95  86 206 128
  43  57 309  66
  93  65 626  60
   9  47 658  76
  72  63  61 127
   8  90 344  76
  45   8  80 116
  43  14 301  61
  92  38 417  12
  31  35 540  21
  22  76 154 123
  22  83   6  77
  25  46 663  59
  22  85 145  36
4
  92  38 541 123
  82  96 322 119
  70   6 533  60
  77  21 591  17
12
  78  42 378  96
  81  28 477 120
  22  18 260 126
  77  16 217  38
  43  11 122 119
  45  14 332  42
  42  21 649  49
  52  60 323 126
  98  82 657 104
  51  32 221  47
   7  74 373  38
  84  84 433  63
11
  93  12  92  21
  81  45 197   6
  30  39 378 108
   6  93 300 109
  36  73  51 111
  30  34 291  17
  45   4 424  59
  25   0  35 106
  64  19  64 100
  54  97 523 128
  56  36 593   5
2
  26   6 193  31
  12   6 471 100
4
  92  21 611  77
  64  32 258  32
  95  77 182 117
  16  12 393  44
10
  76  95 596 121
  43  90 262  50
  61  37 395  84
   8  97 309  63
  38  20  26  48
  28  15 117  86
  65  99 521 110
  94  23 264 115
  61  22 347 117
   2   4 408  44
13
  12  89 254  75
  53  51 572  37
   5  78 273  58
  19  70  11  94
  25  94 448  74
  29   1 365  56
  32  77  56  12
  13  27 582 100
   7  77 249  48
  87  61 384  46
  76  92 612 120
  55  95 500  99
  13  32 406  63
4
  49  49 484  51
  51  68 234  85
  28  46 411  29
  40  45 445 128
13
  29   6 634  29
  35  44 647 128
  44  76 367 113
  55  30 309 109
  44  27 540  36
  86  56 275 101
  31  97 393  46
  66  98 341  23
  89  95  19  42
  73  24 102 118
  98  69 625  91
  26  53 433 104
  83  71 175  12
10
  64  87 200  32
   9  98 147   4
  77  10 663  57
   3  38 654 117
  80  89 168  44
  84  95 194  77
  72  20  50  57
  24  83 194 105
  96  88 641  98
  65   5 639  78
12
  71  66 119  16
  95  98 459  77
  51  80 349 100
  51  43 463  86
  92  95  13  65
  25  69   2  28
  97  22 464 112
  89   0 581  19
  67  12 181  63
   0  14 642   1
  71   3   1  82
  51  22 101 128
4
  89  17 646 126
  29  48 118 113
  57  51 555  18
  16  92 440  87
7
  25  68  86  44
  12  24 325  10
   7  58 128  98
  86  76 444 123
  37  50 124  19
  64  55 567  55
  28  14 547  96
10
  39  67  75  19
  20  48 108 111
   8  57 313  26
  48  98 165  36
  10  90 485   6
  19  28 399   4
  51   6 515  68
  41   8 356  35
  31  80 162  74
  41   4 342 113
5
  78  16  42 106
  36  23 437  45
  87  75 630  68
   6  26  37 123
  40  65  86 102
15
  38  17 358   7
   4  71 338  41
  80  66  74 120
  46  80 419  46
   4   5 214  92
  91  66 657  61
  51  44 238  47
  48  41 631  51
   1  38 527  14
  30   6 431 112
  60  11 217  32
  91  58 406  21
  57  95 616  89
  29   0  13  68
  81  81 421  60
10
  84  85 122  19
  81  83  97  80
  20  60 315  53
  20  92 150  38
  47  85 322  68
  49   6 515  16
  90  88  83 115
  95  74 278 122
  73  31 514  55
  98   7 665 118
12
  92  57 153  88
  50  76  65   8
   9  85 370  76
  21  55 559  82
  95  42 162  11
  34  49 560  84
  35  35 398  97
  49  67 392 119
  19  42  44   1
  74  21 145  84
  30  35 564  34
  68   4 477  90
11
  88  62 344 103
  88   8 371  82
  69  70 366  68
  40  25 168  28
  35  99 387  22
  24  32 370  50
  98  18 536   5
  17  37   3  36
  70  57 496  98
  82  10 423  68
  80   3 367  70
12
  76  17 553 113
  44  94 240 108
   4   4   7  90
  78  23 241   1
  94  84 486  32
  20  93  37  43
  97  38 643  82
  12   1 199 108
  14  88 266  72
  13  11 225   1
  97  18 166 106
  13  28 578  43
6
  18  41 495  17
  29  35   8  90
  70  13 606  72
   5  13 166  79
   0  81  32  90
  54  57 154  55
11
  82   6 395  19
  49  46 554  82
  99   3  86  83
  85  51 403  77
  74  72  48  90
  61  40 544  35
   6   0  53  40
  55  19 553 110
  71  90 170  11
  60  73 439  15
  54  60 515  66
2
  84  58  96   8
  45  18 453  56
12
  31  16 337  32
  85  89 226   7
  63  62 498  86
  68  99 552  44
   9  44  98  86
   2  20 193  80
  99  18 507  83
   6  23 126 111
  37  89  93 124
  82  22 360  86
  97  45 157 103
  23  65  20  78
2
  18  13 583  90
  61  32  14 118
5
  59  52 149 124
  35  51 108  47
  86  66 145  33
  92  23 140  20
  36  41  75  15
9
   8   4 592 108
  52  28 144  56
  10  87 516  75
  93   4 513 111
  62  58 559  98
  31   9 309  47
  16   2  52  44
  42  87   9  28
  59   3   6 100
12
  96  75 542 112
  97  14 586  23
  86  98 123  75
  14  96 147  99
  27  34  91 110
  24  22 497 119
  85  63 237 114
  50  89 661  60
  36  47 301  50
  96  85 622  75
  43  82 382  62
  69  58 209   5
4
  98  92 297  17
  87  39 377   3
   6   6 451  77
  30  44 402  91
12
  69  21 469  29
  14   4 538  81
  48  93 505  15
  70  44 496  51
  16  93  63  73
  58  48  25  87
  99  24 502  91
  35   7 584  28
  24  56 150 104
  14  38  61 105
  87  15 306 126
  87  57 106  92
2
  34  84 380 111
  11  25 137  33
13
  84  26 525  41
  57  13 212  58
  84  17 438   2
  18  67 651  72
  27  30 371  34
  49  29 277  74
  62  53 287  33
  17  81 389  86
  83   1 356  79
  74  92  19   2
  59  10 246  40
  13  29 503  41
  34  92 350 117
3
  90  59 290  23
   4  31 555 105
  15  86 433  72
14
  13  16  61  10
  85  26 665   3
  12  15 257  16
  28  24 196 113
  20   2 278   6
  53  60 325  72
  76  60 451  24
  75  78 624  39
  98  40 153 128
  53  83 594   7
  73  66 609  30
  91  54   9  34
  40  11 509  86
  80  93 407  86
10
  81  95 117  87
  85  57 195  39
  30  55 430  20
  40  67 294  95
  69  93 194  76
  55  30 473  44
  72   8 212  49
  70  64 274 117
  36   4 288  26
  45  73 184  27
12
  37  10  90  97
  39  16 351  95
  80  38 326  60
  39  80 289   5
  95  55 465  83
  28  45 365  81
  95  62 136   3
  86  15 286  91
  80  76 230  79
  22  20  55  80
  98  54  67  27
  59  37 411  93
4
  74   7   5  89
  36   8  60  48
  56  94 124 122
  99  42 304 119
13
  94   1  11  11
   7  53 614  62
  18  94  70 102
  27  15 355  85
  78  82 468 100
   5  79 402 119
  98  28 504  58
  52  55 372  90
  11  46 512  55
  70  18 108  21
  33  88 489  30
  88  60 448  82
  95  19 474  90
6
  86  31 427  19
  12  67 467  25
  46  70  26  22
  21  87 272 123
  16  34 240  60
  53  13 639  18
6
  72  75  43 110
   1  23  92  90
   3  34 186  86
   0  40 369  29
   1  18 364  89
  35  52 644  59
4
  81  46 589  65
  39  87 219 110
  47  88 622  67
  95  20 363  35
6
  68  22 161  76
  46   7 621  93
  43  37 358   8
  52  64 428  85
  92  42 558  86
  96  98 538   1
6
  18  60 115  78
   6  93 431 119
  48  82 504   7
  53  91 183  53
  33  21 561  22
  48  98 267 119
2
  88   1 121  63
  15  86 662  13
7
  97  71  36 125
  85  11 426  12
  20  65 388  78
  58  59 507 110
  66  84 186 116
  94   8 605  34
  29  26 480  87
3
  38  39 444 106
  66  41 201  13
  35  47 195  12
13
  79  78 493 125
  67  40 300  39
  24  71 659 108
  74  73 242 125
  72  68 615  80
  91   8 307  40
  78  43 227  69
  94  74 383  51
  32  25 665   7
  65  99 130  38
  15  41 314  56
   7  42 579  89
  77  31 611   7
6
  18  72 615  61
  93  92 294 104
  29  95 461  22
  81  30 107  92
   2  48 156  76
  54   3 251 101
12
  94  24 583  39
  78  86 617  18
  72  93 385 122
  39  49 296  46
  62   3 155  79
   8  42 407  37
  52  96 335 105
  62  14 226  88
  93  56 597  36
  56  23 227 104
  99  80 337  35
  38  39 548  44
7
  30  71  67  51
  43  66 240  19
  83  42 210  37
  76  66 603  94
   6  15 460  17
  51  57 388   7
  84   6   1  32
15
  49  41 374 117
  50  95 538  79
   9  30 509  67
  89  46 538  22
  43  54 115  32
  60  29 185  70
  26  63 559 102
  35  73 216  44
  13  36  56 103
  76  63  51  31
   7  85 370  47
  41  49 373  23
  96  84  94  15
  33  56 381  84
  85  11 619  35
3
  99  66  92  57
  93  38 654  98
  39  68 291 111
14
  76  84 604  48
  75  79 601  55
  95  41 648  59
  91  19 198  85
  50  75 575  42
  39  59 408  21
  31  33 536  90
   0  83 447  34
  64  77 594  22
  48  39 625   7
  83  95 115 124
  48  74 439  40
  17  98 183 102
  94   9 575  82
5
  19  88 650  95
  80  92 129  98
  26  42   5  30
  79  29 142 104
   5  51 196 115
13
  50  93 345  44
  92  60 241  20
  46  87 288  21
   7  59  69  56
  55  25 428  35
  25  54  64  23
  49  15 653  81
  88  41 585 110
  22  38 587  31
  81  66 597  10
  44  27 420  30
  10  52 331  60
  12  17 630 107
6
  57  16 116  52
  29  94  47  45
  97  67 280  48
  24  10 306 118
  13   1 149 125
  10  25 503  64
4
  56  79 303  56
  41  79 224   5
  97  45 596  76
  18  60 265  56
14
  20  35 141 115
  69  12 318   9
  34  19  33  42
  34  21 562  23
  63  86  84  69
  97  95 154   5
  51  81  19  13
  15  45 458 102
  11  87 207  60
  37  33 281 117
  78  23  11  89
  26  12  87 123
  33  42 521  30
  53  83 100  38
3
  15  90 479 109
  34  59 246  86
  45  14  17  38
11
  26   8 352  80
  23  22 387  72
   2  25 194  17
  15  91  23   5
  12  31 406  76
  77  13 654  80
  80  74 202  55
  68  36 624  14
  63  94 447  85
  42  38 161  55
   0  45 110 116
5
  17  24 278 109
  50  37 417  68
  53  60 121  43
  11  19 541  45
  76  15 516  53
4
  68   2 557  23
  98  83 553  22
  89  38 113  55
  13  92 101  29
15
   2  59 646  47
  39  95 220  89
  29  79 658   7
  62  59 442 105
  85  15 116  96
  14   7 666 119
  60  42 382  13
  84  53 512  82
  47  38 447 103
  81  38 634  68
  17  10 456  94
  98  31 620  27
  14  35 204 121
  64  80  46  61
  37  24 243  29
2
  45  56 326  42
  49  12  26  97
8
  55  11 225  26
  63  76 151  16
  79  10 145  37
  22  26 461  43
  63  97 379  88
  85  93 502  49
  87  49 569 104
  48  81 566  88
7
  86  97  27  97
   9  30 131  25
  96   3 183  35
  63  35 165  17
   2  75 594 116
  86  85 503  81
  13  41 141  31
11
  46  98 263  31
  91  78 453   4
  29  17 224  84
  21  69 581  96
   4  96 277  46
  20   0 299  36
  12  82 366  20
  22  69 224  89
   5  68  50  42
  75  48 104 117
  85  56 617  83
8
  10  85 519  82
   4  69 551  47
  81  44 292  35
  18  14 125  60
  49  44 211 102
   8  57 222   6
  67  98 351 126
  17  51 343 117
8
  31  49  22  90
  38  25  22  78
  57  10 160 118
  61  87 455  62
  25  70 233  89
  29  27 647 106
  65  21 341  34
  87  59 545  87
6
  66  19  47  49
  54  67 516  32
  48  79 614  32
  52  24 236  25
  94  97 545  44
  27  75 287  42
9
   3  37 202  65
  86  64 466 117
  36  34 439  91
  78  55 391  90
  13  42  40  21
  34  76  79  97
  73  15 523  24
  93  72 387  50
  40  97 255  21
3
  47  48  56  66
   1  48 449  62
  99  73 532 128
9
  15  20 420  83
  32  37  68 118
  61  78  50  18
  33  23 313  17
  70  46 502  64
  81  83 364  66
  25  72  83  83
  96  50 128  31
  19  63 467  39
14
  92  27 234  62
  84  76 567  19
  61  27 161  85
   6   6 476  81
  73  52 444 105
  35  83 222  56
   2  89 130 100
  48  40 598 116
  98  92 200  81
  75  35 425  72
  91  36 281  55
   0  97 465  77
  45  73 390  86
  13  80 385  51
6
  82  39   8 114
  74  99  88  56
  51  86 290  80
  51  34 122  49
  92  67 648  75
  27  78 562  35
3
  55  53 478  84
  90  28 616 111
  75  97 194  93
4
  10  63 473   5
  96  71 209  55
  22  25 594 128
  44  41 258  55
6
  40  39 364  63
  54  37 566  79
  53  17 403  48
  60  29 362  46
  47  22 162  84
  36  50 431 127
3
  65  46 461  29
  17  52 311 119
  80  43 455 120
11
  15   7 121  82
  70  46 416  62
  95  61 542  94
  42  65 610 125
  17  14 643  84
  82  15 585  15
  28  49 171  33
  77  61 300  28
   6  92 654  82
  55  28 363  79
  24  50 146   9
11
  75  32 270  16
  65  81 297 118
   2  49 100  34
  93  81 290  93
  12  59  91  56
  93  94  14 115
  87  77 506  59
  14  56 556  24
  58  89 520 105
  60  23 371  20
  53  62  32 118
10
  54  45 611  37
  27   9 380  30
  52  73  93  28
  36   3 285  44
  10  61 282   2
  32  53 126  63
  19  21 646 115
  24  74 131  93
  86  30 124  78
  32  13 586  34
13
   3  76  58  27
  58  72 166   5
  45  68 491  51
  52  39 638 120
  53  80 150  63
  56  30 255  38
  26  85  15  40
  20  72 571  91
  47  23 625  48
  91  57 484  66
  20  36 115  18
  57  73 367 120
  72  10 188 116
12
   9  97 419 125
  36  91  78  51
  96  95 660  40
  86  61 259 108
  82  72  90 125
  69  65 199  10
  23   8 335 102
  77  85 243   2
  27  38 273  10
   5  15 180  34
  84   1 551  58
   8  22 125  49
11
  39  13 165  83
  30   8 491 104
  75  15 366  92
  50  36 185  37
  16  60 372 100
  40  61 156  91
  84  45 344  51
  18   4 578 109
  55   9 454   9
  46  85 179  36
  70  74 141 110
5
  26  84 367  39
  49  56 517  41
  63  67  66 103
  51  35 551  63
  77  99 385  21
7
  92  85 285 112
   5  45 220  28
  33  15 399  30
  30  18 270 119
  99  44 516  31
  39  45 525  96
  53  99 607  24
6
   8   3  48  49
  97  91 366  67
  86  10 663 121
  57  16 157  97
  81  59 356 103
  55  68  93 100
5
   6  52 148  72
  29  34 147 105
  98  88 546  32
  35  91 512  99
  92  99 274   9
6
  68  97 235 125
   8  78  13   8
   3  15 451  21
  38  11 345  39
   7  41 510  33
  66  94 460  34
14
  80  60 303 114
  16  36 579  35
  99  56 571  92
  69  51 165  96
  57   7 157  12
  59  18  80 115
  77  40 556  71
  52  60 385  56
  83  84 277 106
  89  52 294  63
  64  40 585  50
   7  33 339 117
  16  17 175  91
  75  27 436  70
6
  78  36   6 116
  89   3 533 126
  98  71 519  34
   2  27 159 123
  92  78 663  17
  70  43 335 126
13
  91  42 174 100
  40  10 507  64
  35   5 133  67
  30  12 473 124
  77  72 631  38
  33  77 594 102
  43  11 611  34
  28  98 540  66
  75  19 179  21
  45  15 447  76
  62  80 543 123
  83  44 485  39
  96  12 343   3
11
  64  97 514  23
  73  81 237  81
  35  66 284  20
  15  86 152  62
  81  85 283  22
   9   0 658   5
  12  15 336  40
  90   3 656  81
  85   6 195 106
  88  11  50  78
  33  75 218  77
2
  94  79 277 123
  37  58  80 123
7
  35  48 128  32
  48  46 449 114
  96  53 168  79
  88  35 139 114
  65  65 159   3
  22  27 326 114
  80   8 478  56
6
  78   3 402  86
  42  23 329  86
  28  32 575  46
  79   5  24  82
   0  69 528  29
  98  22 341  63
14
   4  87 116  45
  42   1  14  26
  65  35 605  24
  83   2 630 104
  39  12 640 119
  82   3 432  93
  95  44 141  29
  74   9  75  15
  60  30 521  48
  47  54 222  25
  75  12 275  28
  29  58 272  52
  86  20 394  79
  75  20 513  67
12
  59  62 225   6
  31  23 345  24
   1  51  84  43
  80  69 225 127
  30  99 553  32
  25  28 486 119
  77  92 465  70
  52  61 330  24
  24  63 454  46
  29   7  55  52
  64  31 178 123
  72  96 581  62
4
  28  98 197  60
  49  82 217 119
  87  88 270  73
  96  80 241 102
13
  63  46 323 109
  20  74 301  22
  84  20 589  25
  11  31 419  65
  95  93 375  16
  57  63 211  27
  26  30 341  59
  42  34  28 111
  28   5 529  92
  92   1 643  21
  72  76 264  73
  57  83 348  67
  17  52   2  12
13
  21  58 298  32
  88  55 645 126
  54  79 568  31
  86  10 429 107
  34   2 391  66
  90  24 168  87
  87  13 500  43
  52  63 328  62
  67  25 522 127
  84  56 429  98
  36  90 616  66
  56  22 400   4
  38  91 438  12
4
   1  10 185  52
  76  86 555  74
  90  86 528  14
  49  51 337 121
10
  78  97 469 128
  93  31 614 123
  92  70 193  94
  56  12 509  57
  86  50 394  17
  42  51 265  36
  71  11 626  34
  84  33 177  70
  65  14 597  47
  25  58 434  48
10
   2  12 544  37
  46  86 594  50
   1  50   4  12
  22  18 379  45
  19  19 244  76
   5  14 108 107
  19  80 122  83
  69   7 230  34
  12  23 515  68
  16  59 194  86
2
  53  63 370  14
  81  61 222  13
6
  46  63 107 125
  97  77 162  98
  12  55 561  38
  62  84 267  64
  57  24 588   7
  15  18 531  98
13
  37  62 208   9
  48  69 511   9
  19  65 297  35
  16  24 438   6
   4   7 344  43
   3   2  63  54
  60  48 101   7
   6  86 660  59
  63  43 159  51
  57  63 124  80
  30  76 336  30
  62  46 558  73
  67  66 455  71
10
  80  78 521 113
  86  63 507  76
  77  61 648  49
  30   0 335  66
  68  63 664 124
  90  12 416  66
  50  84  25  21
  13  30 131  81
  49  93 167 115
  27  88 629 127
14
  25  43 253  70
  65  16 298 121
  81   2 630  53
  24  25 444  50
  85  68 312 122
  65  64 588  38
  83  64 232  80
  54  61 304  18
   7  31 259  60
  17  72 413  38
  34  51 229  14
   1  10 613  20
  57  38 234 105
  39  75 517  29
4
  34  73 496  80
  93  33 605  21
  11  74 451  56
  90  96 459  53
11
  45  23 257  16
   5  76 368  52
  60   8 648   2
   3   3  35  97
  33  40  30  54
  62  45 548 119
   3  78 553  76
  40  50 601  70
  49  85 149 111
  86  55 571 114
  31  98 304  68
9
  90  48 572  34
  64  12 321   8
  87  23 507  48
  25  44  32 109
   3   7 485  54
  88   5 212  51
  31  91 316  97
  95  26 233  59
  40  86 131 114
10
  25  39 401  79
  59  29 158 117
  12  88 197 116
  75  38 417  75
  40  91 495  70
  43  82 621  38
  78  57 213  13
  14  39 576  13
  86  39  79  71
  85  45 630 114
15
  77  41 110  94
  13  74 531 120
  33  82 488  64
  79  85 306  54
  84  43 331   7
  37  90 363 104
  70  47 463 110
  10  98 319 110
  24  88  28  58
  71  89 567  73
  31  57 622  42
  35  10 325  17
  17  71 261  39
  17  55 102  73
  66  88 297  82
14
  29  75 113  43
  79  41 326  81
  11  60 338  49
  64  11 556  15
  12  75 551 107
  34  80  53 114
  53  75 432  92
  75  43   4  22
  86   5 481  95
   9  17 557  82
  81  72 467  60
  79  98  53 114
   8  43  48  95
  65  94 642  10
5
  15  10 369  47
  84  85  11  15
  41   6 599  68
  71   5 600  26
  76  97 633  69
12
  72   9 393 117
  17  95 582 115
  62  39 387  33
  69  76 491  16
  16  64 644  29
  34   9 472  76
   1  26 150  11
  58  37 377   7
  91  82 444   2
  70  60 523  51
  81  84 620  59
  98  50  12 111
14
  24  93 133 111
  12  86 170 124
  60  42 634  83
  28  29 454  30
  65   6 580  88
  33  16 247  34
  25  91 126 101
  18  99  86 101
  86  42 451   4
  34  99 134 105
  49  46  38  21
  86  29 373  63
  34   3 112  66
  76  19 112  36
7
  51  73 174 123
  49  10 180  18
  67  25  52 127
  93  87 274  49
  86  44 448  79
  54  87  97  71
   9  17 228  22
5
  99  55 587 126
  98  52 172  32
  70  36 364  82
  90  22  64  60
  32  48   7  36
14
  73  94  39  87
  74  95  22  61
  22  19 415  53
  54  29 441  20
  76  28 631  63
  20   7 349 125
  89  63 510  82
  84  53   8  23
   2  58 132   2
  23  76  76  39
  92  45 572  82
  92  99 342  15
  71  20 636  52
  50  43 192 114
11
  53  27 246 115
  43  51 220  25
  26  26 236  66
  80  23 120  58
  21  50 109  67
  46  28 132 116
  95  23 169  80
  54  24 191 116
  62  59 136 118
  40  57 295   3
  48  18 630  68
4
  62  83 434  19
  74  81  41  60
  37  90 468   2
  76  32 394  39
13
  98  16 365  79
  13  60 509  61
  93  49 229 115
   5  39  16 121
  73  85 300  69
  61  58 206   7
  38  63 138  54
  70  51 105  96
  90  68 242 107
  28   3 263  67
  33  73 379  33
   6  38 463 119
  47  31  12  62
7
  88  36 555  62
  64  20 222  37
  46  98 153 111
  38   0  41  47
  48  95  97  28
  66  38 339  35
  94  32 591 115
14
  92  17 600  84
  44  16 481 102
  68  75 567 107
  22  26 604  67
   5  17  91  34
  39  59 240  32
   0  10   5  52
  93  76 195  31
   2  85 634  74
  81  99  74  56
  67   1 417 118
  24  89 446  84
   7  29 566  85
  28  99 396 125
5
  13  29 301  62
  53  50 125  77
  13   9  93  77
  29  99 293  80
  23  80 513  85
2
  86  15  48  13
  78  75   2  68
7
  75  51 274  59
  54  97 106  93
  74  58  28  74
  22  16  49  44
  76  88 377  44
   7  32 329   5
   7  86  61  88
11
   7  91  93 121
  89  11 299 127
  73  54 188  77
  42  96 167 109
   9  89 463  70
   7  97  30  36
  72  23 606  19
  60  18 209  60
  38  67 396  85
  44  80 592   9
  28  69 295  21
9
  84  16 283  91
  81  43 618  81
  80  83 376  68
   4  23 107  95
  87  64 436 107
  86  67 368  36
  73  38   4  24
  99  92 166  26
   5  83 419  74
14
  30  65 290  80
  30   4  64  79
   8   8 421  41
  31  63 343  45
  79  18 454  88
  58  12 605 124
  97   0 510  25
  25  35 568  11
  19   7  95   1
  69   1 292 126
   0  77 549 112
  73  31 339  43
  85  52 109  78
  30  43 207  55
5
  53  26 580 120
  66  49 310  43
  26  63 395  36
  84  50  78  91
   7  42 129 107
5
  20  35 639  28
  33  36 418  74
  39  80 419  37
  49   6 550 119
  55  12 617  24
4
  41  73 558  48
   7  43 396 126
  51  75 235  67
  45  92 334   5
7
  58  51 624  18
  55  91  40 114
  59  27 177 128
  15  50 302  35
  80  81 616  85
  15  78 427  35
  62  79  96 120
8
  34  99 353 101
  47  83 342  54
  31  46 245 110
  33  65 266  50
  99  73  28 117
   2  86 302  91
  65  18 606  65
  60  39 591  37
4
   0  80 543  40
  19  53  34  62
  82  37 574  74
  35  90 139   3
15
  80   1 450   3
  22  33 110  41
  90  54 198 107
  76  81  40  90
  44   5 138  78
  72  69 434  24
  84  26 590 115
  88  31 647  43
  67  68 121  88
  72  41 100  78
  51  62 105  63
  46  27 152  26
  67  42 390  97
  24  39 650 127
  60  60  61  39
8
  76  43 587  32
  73  97 568  61
  52  95 326  21
  30  33 420 116
  11  11 630  91
  36  73 565 114
  36   3 540  83
  53  68 586  58
8
  26  36 274  92
  48  83 527 127
  56  83 146  66
   4  83 631  26
   3  30 351  82
  69  73  27   9
  41  31 556  14
  45   9 573 106
5
   7  43 276  42
  94  65 106  63
  41  67 580  24
  55  18 538  33
  24  27 268  86
3
  27   8  14  41
  99  63 133  79
  10  97 393 120
8
  21  67  26 117
  34  95 285  16
  57  57  70   4
  85  79 504  83
  88  82 221  12
  28  31 138  35
  57  67 307  86
  84  81 275  92
9
  47  18 162  14
   4  87 625  73
  76  62 537 122
  53  15 637  96
  95  92 237  63
  17  72 299  76
  70  97 627 125
  64  21 270  68
  39  64 460 107
9
  47   4 488  52
   5  23  74  86
  52  39  67  41
  93  39  52  17
  93  85  84  56
  87  57 202  99
  19  25 266  17
  40  62 515  14
  65  88  91  60
9
  91   0 525  88
  49  64  57  11
   5  60 144  45
  49  11 309  27
  36  29  59  24
  92  26 497  80
  80  51 135 119
  69  32 575  15
   5  13 611  44
14
  86  84 221  14
  72  80  38  63
   2  87 640  41
  10  30 339  47
  68  24 463  71
  94  27 439  54
  72  37 385 109
  38  13 647  94
  66  76  32 113
  39  91 447  52
  51  42 495 106
   8  61 517  75
  71  77 282  11
  82  17 639   7
10
  96  66 270  79
  17  96 291  13
  89   4 360  26
  36  31 315   7
  62  43  63  43
  33   8 456 121
  36  27 104  97
  55  41  17  38
  89   4 528  74
  96   6 367  12
9
  59  73 665 116
  51  97  71 114
  56  47 418 110
   2  37  42 128
  70   3 292  37
  73  39 368   3
  67  37 241  32
  50  35 622 104
  40  61 355  16
10
  21  23 125 115
  72  92 121  64
  42  33  21  14
  13   9  86   7
  23  80 383 104
  57  10 180  68
  91  28 119  27
  83  61 560  22
  52   4 568  50
  34  25 521 110
3
  13  45  53  15
  20  56 543  66
  37  43 147 119
12
  81  55  17  49
  76  50 131 112
  20  13 622 101
  44  69 611 108
  41  54 639  61
  71  78 485  78
   8  61 601  41
  46  51 343  63
  37  27 305  55
   2  66 560 103
  12  75 138  49
  74  56 209  15
8
  31  73 628  92
  44   7 259  63
  55  90 505  30
  77  78 626  28
  46  15 326  33
  13  90 375  98
  93  23 593  10
  74   5 552  24
3
  74  59 236  91
  32  79 248 121
  87  51 621  55
4
  96  32 274  17
  40  66 444  98
  53  94 422  27
  13   3 210  33
9
  31  36 176   5
  48  86  78   2
  85  34 373  62
  27  65 176 124
  48  28 438  84
  42  79 419  72
  72  50 557  92
   7   4 212  12
  27  90  67  47
9
  65  75 264  86
  61  89 239  35
  91  44 527  18
  69  70 461  81
  56  36 160  88
  79  95 367  84
   5  89  18   9
  74  46 498  30
   6  40 520   9
13
  49  67 356  58
   4  97 405  80
  45  27 337  45
  15  61 450  15
  34  79  29  64
  98  31 577 126
  56  43 539  28
  27  94  98  75
  32  28 196  82
  55  88 276 100
  98  53   9  41
  30  13  43  60
  91  16 108  63
5
  54  12 533  93
  86  52 106  90
  80   7 388  28
  36  55 411  64
  44  80 309 117
11
  96  33 587  52
  95  41 258  59
  25  43  94  56
  56  62 440  44
  84  23 493  90
  48  95 560  85
  73  76 312 119
  47  40  46   5
  47  95 425  22
  52  42 240  66
  47  29 154  13
4
  92  39 331  76
  35   0 320  68
   6  45  85  27
  49  70 295  57
11
  64  89  63  94
  60  53 461 115
  40  98 600  64
  21  84 185  46
   3   0 503  65
  76  26 440  69
   3  52  21  70
  75  66 411  11
  42  39 582  21
  25   3 102   7
  27  17 480  75
9
  29  13 331 122
  36   5 140 118
  79  69 438   8
  40  85 528   7
  51  64  85 104
  48  65 626  72
  15  11 281 115
  13  52 227 108
  88  42 415  52
13
  33  34 623  13
  23  71 484  71
  10  66 416  43
  39  13 244  57
  76   1 273  47
  63  88 391  82
  38  54 370  33
  47  77 433   8
  69  33 118  32
  26  92 187  97
  52  88 287  33
  14  91 361  53
  41  43 497  73
2
  36  32  31  16
   5  83 584  44
12
  68  12 379  28
  89  24 297  58
  55   0 583  88
  91  57  15  73
  89  35 354  91
  23  72 312  39
   3  34 593  45
  27   3 326 117
  13  47 312  37
  75   3 330   5
  20  82 418  45
  33  12 633  44
15
  47  84 536  44
  56  27 214  80
  84  52 567  70
  57  52   4  26
   1  65 245  43
  28  73  19   6
  66  15   5 115
  57  84 161 103
  23  56  35  76
  20  31 238 120
   7  56 132  58
  44  64 492  71
   0  45   2  32
  47  28 254  42
  27  14   6 110
15
  18  23   5  39
  28  97  53  14
  12  98 304 102
  34  78 618 118
   2  13 363  42
  42  75 408 120
  88  59 151  30
  90  84 359 125
  68  60  86   4
  86  48 184   6
   4  98 149  35
  76  90 543  64
  73  30 101  43
  11  16 636 118
  72  99 168  61
12
  94  41 418 116
  85  99 176 112
   8  15  10   6
  15  63 342  48
  66  69 661  63
  80  83 310 115
  38  12 169   4
  29   4 309 107
  31  24  20  24
  16  68 442  35
   0  76 520  18
  65  68 140  44
7
  32   6 608  90
  61  43  43  67
  86   7  79  15
  84  90  19 103
  88  42 426  77
  24  53 185  94
  78  27 480  63
3
  27  11 656 117
   5  94 148  56
  21  55 330 100
4
  84  50 450  27
  38  57 666   4
   8  48 263  76
   2  13 282  35
11
  98  26 605   4
  20  93 553 115
   7  27 281  92
  17  53 204  34
  54  64 444  68
  96   9 187  39
  90  18 634  88
  70  55 525 108
  97  68 172  92
  31  17 542   8
   3  38 281  87
7
  80  76 527  84
  43  78 136  46
  62  98 253  17
  69  45 565  45
  29  40 412 124
  48   8 456  56
   2  98 126  95
11
  26  72 516  75
  50  15  83  32
   8  95 418   3
  98   5  56  86
  69  45  49  99
  55   4 573 119
  26  13  23  28
   9  56 154   8
  21  87 547  83
  19  72 192  78
  23  80 484  55
10
  63  82 302  70
  45  29 356  20
  63  32 641   4
  16  18 440  86
  99  22 590  24
  70  84 442  60
  38  36 489  72
  25  66 346  45
  56  88 217   2
  62  53 102 124
5
  49  58 645  43
  28  16  13 117
  43  95 138 105
  60  63  34  13
  64  48  22  82
4
  13  20 252  98
  15  34 479  22
  68  53 350  59
  27  17 175  34
12
  40  37 596 106
  81  57  40  75
  49  35 273 126
  80  74 268  39
  51  41 126 112
  68  90 395  70
  63  21 323  54
  72  85 165  60
  94  64 362  72
  66  27 290  41
  14  15 329  72
  93  46 315  86
9
  96  59 349  84
  97  57 256  87
  49  24 264 102
  81  25 482  39
  39  98 468  90
  65  26 165  39
  25  82 485 120
  78  59 174  71
  62  74 121  89
3
  56  98  30  64
  37  15 621  69
  48   2 313  86
2
  20  10  17  38
  98  12 217 104
13
  33  78 142  96
  68  59 457  74
  48  27 191  99
  66  48 566 112
  55  14 278 105
  76  48  70 118
  69  91 623  60
  88  89 166  58
  24  21 140 116
  18  92 137 121
  25  66 257 103
  92  91 194  32
  70  99 445 109
3
  20  94 181  84
  79   5 613 106
  76  50  68  94
2
  19  98 589  27
  33  91 137  99
12
  22  89 229 119
  14  21 206 121
  65  12 442  75
  46  81  65  98
  83  39 333  34
  15   9 240  43
  27  29 249  28
  50  25 457  64
   7  72 474  67
  85  73 611  71
   8   2 525  60
  21  54  58  25
7
   2  43 197 126
  46  57 451  82
   2  17 617  69
  81  17 302  87
  90  47 275 101
  87   9  89  14
  73  27  20   7
7
   8  20 165  65
   4  26 331  11
  19  44 581  24
  13  81 512 126
  44   9 511  53
  46  97 278  83
  29  85  20  49
2
  61  17 323  35
  98   7  66  29
5
  56  27  30 116
  82  55 406  85
  95  96 148  99
  68  98 547  72
  94   5 631 126
13
  39  91 441  91
  24  64 616  54
  94  88 663  26
  68  94 503  32
  26  54 207  60
  87  97 650  58
   9  96 142  96
  93  96 573  72
  64  32 396  60
  67  41 367  23
  64  61  34   9
  28  32  75  26
  13   6 142  53
14
  20  92 194  72
  88  43 112  26
  89  35 155 103
  69  44 120  57
  73  37 568  93
  33  98 130 110
  77  69 549   7
  39  17 490  57
  33  60 440  29
  65  73 516  84
  64  54 263  93
  56  33 435  13
  39  30 554  23
  14  72 491  89
13
  24  95 182  34
  74  60 602  46
   2  37 623 112
  32  46 295  80
  59  96 382  26
  19  73 185  93
  15  48 257  95
  78  26 415 101
  71  54  64 123
  55  45 628  13
  32  10 204  94
  50  16 227   2
  64  62 123  68
3
  52  51  24  88
  50  88 317  80
  66   8 141  69
7
  76  88 133  84
  92  63 430  79
   2   0  62  10
  69  14   7  12
  19  57 306   1
   1  55 256   8
  68  46 382 126
11
  38  48 420  97
  34  20 437  90
  45  71 641  53
  85   0  86 102
  71  21 441 101
  92   6 315 124
   4  93 275  44
  18  21 136  55
  87  56 112  83
  86  73 222   3
  62  31 600  18
14
   5  10 488  12
  13  36 597   1
   0  12  11  97
  35   6 356  15
  60  42 189  39
  14   6 508  18
  52  11 651 104
   6  22 571 120
  98  12 390  30
  11  63 159 116
  51  12 304 106
  87  38 551  33
  80  47 341  76
  21  46 320  95
11
  83  72 630  34
  80  61  89  76
  95  99 396  31
   1  24 538 111
  45  98 220  60
  98  92 562 102
  37  12   7 109
  80  86  70  27
   5  63 507  47
  39  86 223 117
  61  34  36  32
4
  89  27 376  11
  98  54 322  98
  42  82  83  34
   1  64  46  49
15
  60  71 558  93
   3  36  90  58
  88  92  97  11
  52  50  16  42
  97  17 254   9
  50  15 154 119
  72  19 530  34
  70  81 595 106
  49  30 139  13
  70   4 197  93
  32  11 175 123
  18  36 134  86
  47  15 411  90
  23  97 301  58
  65  95 577  12
15
  81  73 534 106
  35   1 631  30
  78  78 491  79
  48  24 455  28
   4  49 365  79
  40  26  35  42
  66  83 238  87
  25   7 481  17
  52  59 107  40
  88  88 437 107
  71  19 541   1
  30  20 502  81
  46  35 570  38
  68  38 352  27
  10  34 367  75
14
  26  58 347  39
  11  85 337  28
  68  48 326  75
  39   0 486  49
  17  76 442  24
  79  87 280   3
  87  93 136  90
  87  10 338  26
  94  66 571  60
  33   6 258 123
  21  53 237 105
  73  12  79  22
   3  42 366   6
  81  82 626  53
14
  30  81 304  88
  51  26  72  68
  90  33 223 104
  84  66 429  51
  78  14 220  57
  93  63 606  21
  62   9 101  70
  75   2 549  37
  90  57 334   4
  95  93 466  57
  34  85 396   5
  69  19 489  26
  95  47 396 116
   9  88 195 113
14
  88  80 270  14
  60  99 578  18
  52  69 579  38
  14   8 281  60
  54  12  90  71
  51  97  62 107
  95  27 412 110
  79  28 649  22
  84  19 331  72
  37  96 537   9
   0  89 468  89
  32  66  37 107
  59  86 599 118
  97  10  58  65
10
  25  62 293  62
  85  36 204  57
  34   5 377  49
  86  47 659  81
  85  16 664  16
  44  30 301  42
  73  60 544  23
  40  54 584  28
  30  17 469  22
  25  67 640 114
9
  18  98 490   1
  57  53 149   7
  52  23 540  73
  11  42 446 114
  88  14 142  92
  89  93 358  82
  30   2 362  93
  66  59 102 107
  97  84 474  40
11
  29  97 416  15
  49  50 524  75
  11  80 138 116
  35  32 365  21
  89  11 359   2
  56  31 544 121
  62  95 459  66
  72   8 143  19
  33   1 574 116
   6  34 619  80
  97  17 467   6
14
  28  48 591  75
  89   4 298 117
  18  94 167  49
  56  53 488  52
  26  59 584  50
  35  89 386  60
  46  52 401 120
  67  80 383  22
  82  95 481 119
  38  72 535   6
  24   8 559 117
  44  80 540 120
  22  23 244 104
  16  57 365  13
8
  11  74 487  38
  23  98 236 123
  45  92 297  54
  71   9 591  77
   4  46 162  68
   9  95 574  90
  30  45 500  35
  36  91 660  83
9
  62  22 190 118
  26   3 286 118
  72  30 445  50
  47  15 596 123
  95  65 278  69
  84  13 407 108
  85  59  12  60
  55  64 114   3
  40  18 155  35
15
  74  77 595 122
  50  84 372  25
  35   2 570  17
  22  50 644  85
  57  94 486   7
  93  96   4  99
  34  87  26 120
  95  69 626 126
  98  69 569  54
  63   0 416  16
  85  51 257  85
  13  59 190   4
  86  70  48  85
  84  31 607  13
  91  70 112  55
14
  90  52  61  84
  12  89 455  76
  56   1 316  51
   9  59 315  65
  51  50 157  70
  61  39 293  35
  43  31 108  45
  37  45 411 102
  68  27 426  14
   5  33 107  28
  29  61  29  10
  69  39 189  93
  39  72  58  85
  49   0 111  14
11
   5  85  55  32
  87  18 429  87
  69  39 190 114
  58  43 657  81
  30  82 379  95
   0  27 330   4
  88  30 607   5
  53  79 282  59
  62  10 215 125
  91  49 560 127
  92  13 251  81
5
  80  95  73   5
  35  92 580  57
  74  11 209   5
   6  96 280 119
  47  78 624 108
14
  41  93  73 113
  94  82 230  38
  59   2 506  22
  95  95 286  55
  71   4 161  28
  97  98 261  55
  76  80 377  68
  26  40  85  87
   3  19 280  39
  55  50 156 123
  42  66 321  57
  14  90 266 128
  90  86 455  77
  51  39 473 125
10
   4  78 109   9
  54  26  97  69
  81  52 568  44
  36  57 451  16
  88  23 163  55
  84  84 135  95
  64   8 209 105
  89  56 551  66
  12  45 115  65
  69  66 372  67
11
  31  36 601  20
  60  57  67 105
  38   2 616   1
  59  66  23  50
  58  77 413  11
  24  50 227  15
  39  18 254 113
  52  44 528 122
   2  35 122  43
  53  14 340  94
  76  91 165  83
14
  39  52 304  34
  35  77 402  13
  28  51 300  86
  11  10 621  24
  68   5 283  20
  95  73 208 123
  41  37 220  50
  80  47 406  75
  69  19 428  10
  32   4 646  55
  74  60 492   3
  89  37 275 119
  39  57  43  14
  26  34 231  90
3
  37  84 636 112
  69  42 587  75
  84  36 426  64
2
  80  27 644  21
   2  55 178  54
6
  31  27 173  53
  75  17 111  70
  59  94 233 100
  71  23  57  14
  17  83 400 118
  82  37 182  24
8
  73  12 242  51
  45  17 499  42
  20  94   3   7
   9  43   8  22
  27  39 632   4
  41   9 393  59
  48  37 237  30
  34  31 654  45
13
  25  20  44  12
  28  35 479  69
  86  97 478   5
   6  53 459  44
   8  84 316  82
  16  53 317 119
  86  80 507 108
  32  57 617 114
   1   9 485  82
  60  81 596  25
   3  98 323  33
  34   9  27  54
  23  42 343  86
12
  54  39 114  85
  90  91 594  25
  13  16 534  32
  81  61 584 113
  81  82 592  60
  24  70 388  13
  93   9 502 100
  51  17 599  88
  99   5 327   4
  68  42 577  62
  60  33 539  68
  30  41 649 108
14
  13  92 567  96
  43  60  75  87
  13  95 504  66
  78  40  37  11
  52  11 233 125
  44  28  77  87
  64  71  45   6
   9  84 427  70
   4  74 591  95
  77   0 313  37
  61  42 300  20
  97  39 551  62
  12   2 215  67
   4  56 451 123
14
  34   3 385  85
  32   4 285 121
  24  80 259  19
   7  15 356 101
  37   1  93  16
  70  16 117  12
  82  56 487  85
  17   4 101 102
  32   3  97 121
  15  64 580  65
  80  91 119  84
   8  39 286  70
   3  98 485  76
  95  25 659  28
10
  94  79 349  38
  46  26 165  23
  10  23  90  52
  24  30  59  28
  88  81 319  94
  94  24   3  58
  54  37 658  89
  37  48 465  33
  49  31 629  67
  80  47 265 113
15
  60  48 439  15
  86  94 227  69
  96  40 269 103
  37  88 451 127
   7  93 155  40
  74  22 548  75
  24   3 626  19
  93  45 132  47
   2  53 413 110
  72  40 268  11
  44  20 151  75
  41  34  33  23
  97  49 244   3
  73  71 144 103
  68  97 105  27
7
  89  43 544   8
  18  55 360  32
  18  52 295  70
  61  36 608  29
  58  63 567  44
   2  17  97  48
  14  52 615  17
11
  86  82 175  17
  72   5  98  84
  11   9 662  64
  73  11 326 101
  46  56 457  73
  52  25  41  53
  25  88 170  24
  55  65 416  96
  58  41 470  76
  54  30 375   8
  98  65 546  99
9
  53  39 408 121
  93  93 534  68
  93  77 508  67
  93  76 443  27
  19  28 552  84
  71  42 539  46
  59  41 307 117
  93  82 330  22
  41  98 498  63
4
  41  24 228  76
  18  79 486 101
  29  38 261  90
  90  54  64  13
3
  19  99 247  22
  52  10 229  94
  56  77 154  86
10
  64  53 104  33
  71  34  10  97
  74  95 366  33
  14  83 120 101
  95  40 403 106
  97  17 364  46
  94  54 374 118
  38  61  19 115
   2   3 317 103
  72  26 192  97
10
  69  29  77  26
  67   6 420  38
  46  52 533   8
  92  68 200  56
  18  42 647  12
  94  80 386 120
  73  78 441  17
  82  93 659  89
  85  51 369  89
   5   4 328  43
5
  57  86 297 105
  34  12  87  69
   6  62 195  18
  97  42 115  23
  40   9 400 127
12
  94  35 351  76
  33  56 510  82
  14  41 578 111
  88  86 369  83
  45  61 378  51
  43  59  20  64
  76  29 207  78
  61  89  48  23
  42   8 267  14
  95  27 465  50
  93  62  51  80
  32  82 303  31
5
  63  60 178 116
  49  24 546  50
   5  19 472  89
  70  70 202  83
   5   3 335  86
5
  60  11 611  23
  20  61 418  67
  47  15 355  87
  50  88 429  32
   8  87 643  28
15
  63  42 581  37
  75  27  74  37
  33  73 202 121
  68  71 313 111
  33  34 566  60
  37  80 294  87
  64  92 252  19
  14  73 315 107
  26  29 577  31
  92  53 324 100
  14  77  39  25
  63  82  37  37
  45  97 175 112
  76  82 344  91
  82  92 501  81
10
  85  80  56  82
  35  89  11  27
  42  15 162  16
  58   6 575  67
  33  97 451  69
  48  87 613 128
  55  61 560  38
  76  82 126  56
  71  14 109  77
  88  58 252  46
12
   8  46 323  87
  59  24 581  30
  47  78 328  42
  63  76 365  81
  35  70 381 128
  32  79 468  87
  68  57 183 118
  39  56 339  74
  17  99 123  21
  11  28 150  15
  81  10 259  18
  24  45 328 102
7
  18  89 138  88
  41  83 374  56
  81  54 444  44
  61   9 130 120
  20  19 404  21
  66   5 441  28
  84  51 559  74
5
  39   3 236  20
  17  30 362 105
   8   0 578 102
  75  68 226  87
  22  20 498  32
9
  97  83 478 121
  50  35 515  48
  19  30 146  61
  99  67 284  27
  74  56 356  32
  71   4 282   6
  66  14 197  74
  44  67 401   1
  17  93   2 122
9
  51  48 506  37
  70  29 378 122
  24  21 100  84
  54  13 103  98
  36  91 631  89
  90  40 203  19
  80  60 307  18
  10  64  74  74
  50  61 173  81
7
  72  22 369 128
  94   9  25  55
  48  98  25  33
  17  99 530  32
  64  95 540   4
  34  93 498  66
  55  35 378  92
15
   9  60  64  38
  60   3 139  82
  61  72 470  38
  35  21  73  89
  13  14 297  88
  61  18 599 122
  79   4 538  57
  25  48  29  33
  12  34 457  80
  38  24 401   9
  39  99 387  44
  92  74 317  70
  96  57 260  40
  47   9 523 104
  21  79 313  22
8
  40  25  53  28
  74  32 544  21
  14  66 443  67
  94  35 374  67
  73  57 407  49
  17  96 227  34
  29  98 665  96
   6   3 646 104
11
  22   2 339  97
   5  88 597  28
   0  79 163 107
  22  32 383  11
  89  63 524  56
   1   5 534 102
   3  80 113  48
  22  72 610  35
  20  96  89  30
   1  26 579 112
  85   1 474  60
3
  94  19  10  50
  55   0 543  19
   4  39  82  14
14
  66  73 607  87
  69  45 129  33
   9   5  81 124
   7  66 309  42
  44  44 641 114
  33  67 262 122
  92  51 379  84
   7  78 164   6
  77  26 358  22
  45  46 570  79
  76  54 193   4
  90  35 425  37
  95  34 557  79
  10  29 322   8
2
  91  93 263  49
  36  96 546  22
13
  72   2 389 114
  49  76 430  56
  41  70  47 114
  57  21 111  43
  21  10 431  53
  56  53 221  99
  89  89 327  13
  17  72 359 125
  72  41 277  53
   8  21 170  96
  24  49 236 107
  28  81 201   5
  16   1 453  79
6
   2  70 244  59
  92  46 398 103
   9  21 548  72
  26  64 532  74
  62  28 284  71
  97   2 116  87
2
  83  30 474  27
  53  89 226  29
3
  37  51 134 112
  85  52  15 113
  60  82 364   9
2
  62  16 480 101
  61  64 306  49
14
  29  38 335  63
   9  18 568  85
  46  81 386 124
  51  32 338  67
  64  12 173  55
  78  64 291  82
  90  42 152   6
  42  98 166  32
  32  23 536  97
  39  94 475  61
   6  37  30  36
   2   9 501  65
  95  66 436  27
  91  26 379  91
7
  72  57  48 113
  73   0 188  41
  72  17 327  83
  53  80 222  19
  68  25 201  95
  68  23 232  20
  28  90 367 110
8
  67  65 222  90
  49  51 568  11
  25  76 465  14
  54  56 111  42
  66  53 518  45
  14  13 596 104
  15  60 243  81
  58  11 235 125
15
  17  28 358  81
  56  10 462  37
   6   1 205  62
   5  34 451 121
  34  92 536  46
  48  31 178  11
  59  25 637  28
  42  40 440  94
  44  11 187  73
  55  52 471  31
  54  13 572  51
  22  59 201  94
  19  57 597  14
  30  20 509  24
  51  41 112  75
8
  54  44  12  14
  79   4 295 106
  45  89  58 101
  25   7 318  74
  54  78 514  39
  30  65 514  79
  66  72 216 118
  70  46 301  25
5
  82  26 471   3
  43  74 654  81
  37  20 661  79
  60  40 170  88
  77  51 223  64
8
  54  59 193   6
  63  30 647  42
  98   6 450  47
  35  78 593 115
  35  30 292  68
  43  14 322  83
  58  19 483  72
  59  22 583  74
4
  33  63 256  30
  98  55 568  12
  25  76  84  10
   9  40 279  88
6
  41  13 282  60
  69  16 544 123
   9  17 124  48
  69  42 493  81
   6  16 351  64
  89  91  86 116
5
  57   7  77  30
  36  85 504  10
  44  87 489  76
  40  79 277  95
  90  44   5 115
10
  30  62 132  47
  19  97  25   9
  11  36 636  84
  54  45  41  61
  61  21 350 100
  77   8 288 105
  36  51 435 109
  58  22 302 121
  38  41 410   7
  74  58 521  32
7
  44  32 412  43
  16  79 491  19
  76  36 430  92
  49  24 110  34
   9  41 603 113
  71  72 507  43
  83   6 207 102
8
  18  67 160 105
  37  48 498  28
  84  48 589  40
  18  85 257  10
  12  35 399  49
  31  98 627  76
  79  24 573  25
   9  99 153  37
3
  82  26 344  55
  44  77 472 108
  91  97 440  80
4
   2  84 146  40
   5  99 544  48
  19  75 550  64
  50  79 391  87
3
  32  92 157 119
  31  47  24  71
  64  92 439 124
11
  26  96 431   7
  37  90 300  99
  36  57  58 126
  88  40 258  73
  78  94 512  26
  21  32  58  70
  89  88 263 107
  51  94 242 101
  23  29 618  38
   7  13 542  99
  65  44 433 117
15
  42  35 222  25
  74  43 176  36
  61  53 569 122
  10  70  17  90
  31  47 496  85
  22  30 497 111
   5  30 152 100
  18  83 362  18
  48  12 145  57
  28  74 148 104
  29  90 212  81
  10  39 483  78
  87  93 177  62
  48   9 662  73
  46   5  21   6
3
  58  88 207  37
  84  41 621 113
  90  60 263  99
10
  80  76 408 102
  19  18  86 110
  10  94 163   9
  84   2  10  31
  22  24 448 111
  17  51 136  82
  50  80 222  77
  88  14 339  72
  59  68 515  26
   4  78 253  92
8
  84  99 163  41
   9  90 528  53
  46  39  19  12
   2  75 487  60
  10  49 192  85
  34  96 338  49
  95  90 508  14
   9  64 373  26
14
  50  80 426  12
  48  61 106  48
  89  63 109  41
  60  29 233 108
  57  52   9  92
  43  14 194  97
  23  80  69  38
  41  87 234  43
  70  91  68  64
  93  70 143   9
  47  34 195   5
  71  60 542  17
  43  28 221   4
  28  38 440  52
3
  60  31 248  67
  61  95 589  23
  71  22  32  44
14
  53  74 571  72
  95  68 563 108
  30   8 467 102
  10  25 604 108
  95  80 375  61
  85  86 433  86
  57  52 376 116
  40  45 626  98
  99  93 606  36
  50  94  35 110
   9  80 413  91
  58  19 572  59
   0  53 561  28
  84  37 394  97
13
  17  12 122  38
   9  80 452  63
  60  58 644 127
  32  50 465  39
  50  98 109  42
  83  38 427  40
  53  28  51  75
  21  44 121 109
  43  38 322 126
  64  52 154   7
  28  77 601  79
  63  61 590 123
  19  66 324 112
2
  46  82 537  21
  46  26  96  31
12
  38  93 196   9
  50   9 574  31
   0  12 165 112
   1  80 316 121
  16  13  24  51
  41  72 212  75
  54  75 496   4
  45  38  21  86
  24  36 402  94
  70  26 484  39
   2  70 580 126
  80  55 441  43
12
   5   8 652 113
  92  72 494 114
  99  90 412  38
  53  76 458 118
  73  47 351  72
  22  34 208 128
  42   0 163  73
  64  12 299  21
  51  70 492  62
  99  95 455 103
  43  98 236  82
   0  96   4  42
11
  65  10 536  80
   0   5 399 113
  17  44  62 125
  37  46 656  37
  25  59 184  24
  82  99 188  10
  88   7  53  22
  37  20  43  91
  49   2 401 122
  51  50 154  52
  23  68 419  88
3
  64  86 111  40
  34  61 307  84
  57  96  97 128
15
  56  63  86  17
  91  87 438 101
  52   2 321 107
  74  99  16  74
  48  89 427   9
   9  72 656  94
  63  72 219  40
  91  66 130  99
  20  47 321  93
  37  63 197  88
  46  42 119  97
  16  72  74  80
  92  64 514  60
  37   1 315 107
   1  52 288  52
14
  53  90  29 112
  30  40  74 105
  92  71 260  99
  64  72 360  24
   6  12 225 122
  93  24 511  33
  35  40 363  63
  37  94 372  19
  34  42  79  23
  74  64 243 128
  87  18 508  65
   1  52 621 117
  83   7 611  71
  34  28 409  25
4
  65  16 583  37
   4  55 331  65
  35   4 436  17
  45  51 189 115
14
  42  39 235  11
  63  10 248  16
  32  47 254 121
  95  52 392  22
  71  63 179  54
  67  72 579  66
   6  73 108  85
  48   6  15  55
  80  91 544  73
  71  95 226  76
  14  56 427  25
  56   9 425 112
  56  28 278  43
  69  23 277  98
13
  18  17 108 109
  31  43 482  66
  62  50 614  97
  16  54 448 127
  90   7 263 114
   3  68 398 115
  47  96  47  56
  47   6 284  44
  29  66 406  81
   1  60 444  62
   6  15 173  57
  65  22 349  93
  68  55 528  43
4
  52  96 362  61
  36   4 470  76
  77  32 106 127
  78  70  35  98
14
  39  37 519 105
  46   9 364  85
  98  79 117  51
  92  26 521  49
  19  11 319  89
  86  73 115 115
  46  55  52  97
  97  73 203  10
  25  37 575  17
  77  23 427  48
  71  75 328  47
  59  15 338   8
  18  30 255  53
  15  56  53  91
7
  50  32 192  93
  48   2 649   7
  69  35 510  48
  58  72 188  52
  94  93 194 101
  88  78 299 107
  90  19 209  75
11
  47  21 192  19
  64  86 500  31
   5  35 143 122
  35   8 167  47
  71  27  53  13
  15  81 472  28
   0   1 655  52
  75  57 279  34
  75  22 331  62
  26  91 137  46
  17  31  53  24
3
  57  11 293  84
  53  20 452  72
  90  56 572  21
7
  17  81 326   9
  81  95 385  51
  45  89  97 103
   6  24  51  52
   5  98 450   2
  57  89 638  91
  15  78  87  49
14
  52  59 339  21
  12  58 629  34
  72  66  32   9
  17  99  80  42
  94  71 607  16
  15  17 225  73
  11  95 639  90
  77  62 162  57
  53  29 178 128
  25  65 134  78
  12  98 274  44
  82  29 136  79
  15  28 589  16
  50  31 484  94
10
  41  32  67  23
  49   9 516 121
  78  98  95  47
  10  57 133  48
  23  56  10  43
   3  83 421  15
  16  36 315  32
  60  92 557  98
  76  53 230 113
  73  25 385 123
2
  52   3 666 113
  29  78 194   1
12
  36  12  88  54
  22  35 268  19
  92   9 141  53
  34  17 160  61
  63  96 457  59
  76  91  56  50
  94  36 436  89
  27  68 106  58
  35  63 289 105
  16   9 573 105
  99   8  91  56
  66  33 449  77
14
  55   3  48  91
  68  31 428 118
  36  42 230  36
  30  36 422  90
  83  46 564  13
   3   2 299  38
  48  83 276 115
  69  78 584  20
   8  24 134  56
  83  76 102  69
  82  71 321   6
  72  64  61  12
  20  55 569  44
  99  76  72  33
2
  61   1 106  92
  11  96  57  31
4
  32  54 627  49
  87   3 274  28
  90  99 385   2
  69  52 457  99
13
  80  35  87  30
  46  31 549  62
  55  17 372  96
  53  11 182  78
  60  68 205 102
  41  38 560   4
  93  56 195  19
  65  52 430  89
  53  45 210 113
  93  99 350  26
  63   0 399  67
   1  68 175 121
  59  14  42  53
6
  84  51 509 113
  86  68 511  53
  87  94 599  97
  60  72 310  64
  67  99 484 111
  82  99 331  87
7
  18  20 329 117
   5  22 175  50
  63  14 571  48
  61  63 215  60
  97  92 143  23
  44  95 434   8
  70  14 245  33
7
  90  66 594  29
  42  95  85  82
  69  61 626  80
  71  96 524 104
  43  69  62   9
  59  18 387  11
  28  15  51  86
13
  39  77 524 122
  96  16 161  84
  20   7 405 104
  97  39  19  13
  34  37  47  46
  49  88  13  64
  65  15  64  35
  48  94 402  83
  96  39 580   9
  11  44 384  80
  38  31  76  47
  56  35 440 104
  17  43 481  98
5
  31   7 233 100
  28  45 405  34
  94  65 454  59
  44  37  26  85
  60  10 181  26
14
  35   3 316   9
  43  59 585 113
  24  26  11 118
  48  57 122 121
   0  19 179   4
  16  37 422  88
  51  25  80 107
  91  31 580  56
  28  78  27  37
  28  23  56  47
  78  52  13 119
  62  78 474  36
  54  15 274 108
  13  22 119 115
13
  84  28  29  84
  81  13 196  32
  86   3 124  58
  67  92 574  18
  45  26 283  28
  50  96 532 114
  60  61 426  61
  73  45 457 102
  85  57 634  59
  45  66 461  53
  33  83  96 109
  88   0 343  70
   3  85 323 127
13
  85  75  51  63
  41  10  26  72
  57  31 640  57
  67  53 543  26
   7  83 179  47
  58  12 361  75
  47  60 610 109
  24  66 475 103
  37   9 665  99
  66  78 135  34
   4  23 274  24
  15  24 342  82
   9  74 226  44
4
  92  96 652  20
  96  82 352  25
   8  66 362 103
  92  41 534  53
13
  83  94 361  56
  32  12   2  81
  16  40 270  27
  68  55 617  62
  64   0 502  65
  93  78  49 123
  17  13 395  47
  39  50 129 124
  18  74 349  67
  13  51 607  76
  26  30 398  82
  79  47 334  48
  23  95 624  46
2
  63  10 301  78
  39  43 133  38
14
   8  27 282  27
  19  46  99  29
  46  14 116  45
  49  35 114 115
   4  48 477 109
  15  29 517  32
  87  49 648  44
  22  17 519 121
  58  82 345  35
  63  29 155  28
   5   9 114  16
  28  54 495 105
  68  84  12  94
   6  36 161  20
13
  73  95 226 122
  11  63 576  40
  83  58 338   8
  45  86  84  15
  79  17 403 119
   5   0 641  75
  48  57 449  99
  89  55 190  93
  76  15 581  38
  74  87 479  96
  54  57 223  13
  54  52 467  60
  90  85 512  33
15
   5  54 175  70
  20  10 161  10
  12  81 322  91
  97  84 614  19
  95   1 531  26
  64  66 656  45
  33  56 383 104
  94   4 627 114
   3   0 385   3
  75  24 209  90
  80  87 526  50
  12  29 272  68
   2  59 589  63
  49  18 132 126
   7  82 521 107
6
  97  71 597  75
  12  62 241  67
   8  25 496  39
  52  75 276 109
  68  86 194  47
  23  58  53  11
12
  89  32 654  60
  83  75 593  86
  54  85 139  40
  75   4 622  99
  36   4 297 107
  78  74 331 124
  82  76 242  43
  60  92 465   6
   6   1 253  70
  12  41 531  97
  91  18 465  46
   6  19 145  28
5
  31  26 391  28
  63  25 372   5
  85  68 122 126
  27  63 523  32
  62  59 656  54
9
  41  41 198 112
  77  16 440 119
  69   0 336 120
  38  37  98 110
  19  24  52 121
  54  22 108  22
  94  87  56   5
  84   9 332  10
  75  78   3 101
11
   1  46 239  31
  40  82 454  34
  10   1 374 102
  58  83 257  70
  44  83 616  16
  26   5 556  42
  88  95 211  71
  18  12  89   5
  79  19  33  23
  83  20 362 103
  75  93 546  35
13
  66  36 203 101
  50  43 404  98
  32  88 288  31
  86   4  17  37
  51  61 259  29
  95  81 321  22
  33  73 457  17
  37  79 214   6
  56  55 402  76
  39  58 443   1
  88  23 231  65
  71  75 227  23
  96  74 233  59
4
  19  93 302  40
  17  80   5  49
  25   4 182  34
  75  25 603  66
8
  40  68 138  93
  11  20 606  13
  44  99 217  35
  61  99 138  27
   3  78  65 109
  71  12 174   7
  16  96  88  57
  79  87 361  68
15
   6   7 616  44
  14  76 163 124
  53  84 293 118
  89  77 547  28
  23  91 385  37
  82  75 622  70
  35  97 275 108
  90  59 106  76
  92  97  15  25
  10  58 250 102
  17  63 627  39
  16  59 432  37
  70  92 395  22
  81   5 208  90
  94  68 169 104
11
  94  84  98 120
  59  83  65  59
  80  57 264 103
   2  21 394 118
  40  79 158  47
   1  58 507  14
  61  64 472  36
  87  45 124 124
  82  81  46  65
  43  41 263  58
  22  75 470 110
14
  38  16  83   5
  10  71 445  21
   5  17 125   7
   0  65 627   2
   4  48 639  64
  53  61 153 106
  74  66 409  84
  80   4 314   5
  25  18 601 102
  95  35 441  42
   7  53 133  87
  10  59  67  76
   7  15 590  91
  65  12 553  26
7
  19  65 170 123
  68  37 350  17
  10  97 271   9
   6  28 156  91
  68  41 617  27
  55  90 445  96
  47  96 568 104
7
  53  91 171  46
  47  49 132  74
  14  15 380  53
  12  16 288  80
  41  10 414  26
  68  37 645  93
  73  39 537 121
6
  19  54 151  56
  40  69 188 106
  25  92 347  73
   8  92 480  92
  50  13 567  92
  44  67 418  35
4
  27  88 643 124
  27  66 259  78
  41  57 194  71
  22  49 630 103
2
  67  53 478  28
  27  72 621  58
3
  35   2 269  99
  18   3 358  23
  86  50 406 125
14
  78  81 461  30
  53  28 116  75
  30  58  90  50
  46  62 543  31
  37  37 378  20
  93  15 155 108
  72  13 462 112
  20  45  63  60
  54  51 443 125
  86  59 624  70
  60  68 213  67
  93  59 560  35
  28  30 301  45
  95  73 250 117
12
  38  69 645   7
  43  14 449 102
  24   5 104  30
  98  10 596 117
  43  40 243  73
  77  71 580 126
  64  45 564 128
  63  98 586 113
  26   1 553 114
   3  69 219  51
  69  79 253  18
  82  20 492  39
11
  98  45 480  13
  52  17   3  81
  65  76 557 117
   0  26 268  97
  61  62 609 110
  52  50 464  86
  85  22 282  57
  56   1 385 108
  33   6  19  46
  44  85 430  17
  90  61 425   6
5
  43  98 643   8
  22  69 468  50
  37  19 190  94
  51  80 363  52
  55  36 163  66
2
  55  18 483  66
  38  69 352 101
11
  77  60 572  35
  42  88  54  82
  10  63 243 116
  71  67 337  84
  49  60 297  70
  60  18 399 117
  52  36 436 109
  73  21 131 119
  77  50 592  37
  42  19 399  99
  83  52 239 117
10
  44  57 180 100
  21  76  67  92
   2  98 197 117
   3  48  79   9
  57   7 472  80
  62  59 565  76
  89  54 108  64
  25  33  53 119
  12  21 495  82
  76  33 122  21
13
  85  66 283  92
  52   9 666  92
  64  76 467  65
  31  19  43  46
  86  37  35  21
  87  31 177  66
  37  87 300  85
  12  27  48  26
  77  50 418  63
  42  81 598  63
   6   6  68  86
  96  37 238  56
  78  82  59  78
13
   9  77 136  59
  19  90  23 121
  86  17 262  22
  16   0 643  10
  89  45 465   9
  73  89 562  49
  19  58 246  78
  37  60 157  60
  57  99 370  26
  49  77 418 121
   1  36 477  45
  73  69 611 102
  79  14 229   8
6
  92  63 646  96
  52  64  43  16
  84   5 128 104
  42  40 160  45
  90  38   3 109
  14  35 597 103
7
  75  28 120  13
  30  30  63  70
  43  93 470  74
  44  90 310  52
  18  97 296  12
   9  62 112  36
  73  87 185  74
14
  51   0 110  63
  61  76 130 120
  85  22  15   7
   1  76 436  37
  35   4  15  57
   8  54 593  38
  93  90 483 105
  57  33 406 104
  13   9 224  87
  71  26  44  42
   0  56 589  21
  78   1 637  55
  74  13 143 113
  73  34  48 101
11
  40  87 661  89
  36  90 235  36
  47  97 175  54
  83  95  67  35
   8  53 102  65
  10  65 658  97
  15  95 660  73
   2  51 569  54
  41  42 293  35
  48  77 485 107
  23  95 366  57
7
  89  24 377  35
  94  89 535   8
  40  42 229 102
  67  66 648  72
   2  57 597  69
  46  41 537 107
   6  87 288  80
8
  20  78 653   3
  66  83 348 111
   8  68  12  25
  32   7 437 116
  98  45 147 115
  85  12 484  68
  29  65 206  53
   8  65  56  63
13
  62  63 317 100
  92  23 421 120
  62  15  26  43
  17  93 276 112
  92  53 368  21
  15  32 549  57
  79  13 375  96
  27  60 538  72
  16  41 601 102
   8   8 653 119
  91  22 228  77
  67  60 432 103
  15  59  64  96
12
  57  11 649  24
  68  41 363 116
  27  21   5 104
  78  33 194 126
  20  78 566  90
  31  42 610 116
  47  42 314  26
  16   3 468 113
  86  25 141  32
  60  54 393  18
  48  39 388 127
  61  78 653 121
9
  77  80 104  37
  37  58 160 120
  14   9 598 122
  27  57  54  25
  21  36 460 100
  76  60  47  54
  11  40 595 100
  46  28   2  43
  62  23 577 103
4
  91  33 360  26
  90   3 601  65
   1  97 343  26
  18   2 309  39
10
  23  90 238  96
  48  77  11  37
   1  61 298  23
  76  87 490  62
  70  89 637  75
  16  28 506  94
  98  86 344  29
  66  29 538  92
  87  90  30  95
  82  87 368  61
10
  37  56 295 113
   1  60 645 104
   4  86 537  62
  43  32 209  47
  50  79 330  26
  83  16 204 109
  54  39 516  44
  91  37 119  28
  81  81 454 127
  99  82  50  54
15
  23  34 594  45
  19  16   6  25
  54  83  59  93
  86  41 147 107
  80  29 377  23
  78  38 377  82
  46  55 666   6
  73  70 219   2
   2  48  49 127
  90  73 535  70
  13  96  77  79
  32  51  82  91
  74  64 117  58
  10  52 119   5
  78   8 605  94
2
  34  32 177 123
  69  68 171 105
9
   6  15 342 127
  15  95 285  21
  87  99 572  71
  64  41 377  16
  26  76 280  59
  53   5 333 110
  65  58  28  56
  21  25 292  88
  91  79 239  75
2
  12   5  63  12
  14  71  21   7
15
  63   4 429  88
  67  10 333  91
  65  59 494  36
  35  92 613  71
  71  76 514 105
  20  98 655  31
  11  30 317  80
  21  97 525  99
  91  37  66  37
  67  58   4  96
  50  32  24   1
  32  86 196  13
  62  55 593  61
  92  34 337  89
   2   3 134  17
5
   6  42 503 109
  12  65 376 114
  13   4  45 104
  46  53  27  14
  54  46 602  53
14
  42  98 432  33
  26   7 520 128
  45  79 482  78
  48  10 464 116
  87  43 203   3
  33  56 263  91
  46  25 335  82
   8  91  27 101
  86  50 598 100
  78  64 257  85
  98  75 592   4
  35  98 123  53
  39  74  18  41
  59  72 393 123
8
  29  88 551 106
  90  44 661  46
  60  99 385  79
  42  43 622  16
  90  75 564  57
  33  51  25  20
  70  31 397 109
  63  58 333  71
4
  94  97 104   3
  72  44 515 126
  68  19 580  60
  94  24 232  61
8
  70   2 334  80
   1  60 235 123
  70  92 143  89
  34  68 477  22
  82  24 579  19
  16  73 555  12
  32  68 304  56
  84  21 599 118
4
  66  22 369 112
  44  26 107  27
  12  34 328  45
  32  54 659 114
14
   9  44 596   9
  79   2 424  28
  69  46 245 113
  63  44 291  53
  48  81 429  85
  38  68 641  14
  80   7 660  97
  24  77 236 124
  45  85   2  27
  33  77 227  98
  68   2 442   5
  45  83  61 102
  46  94 622  78
   3  84   9 124
3
  83  83 496  56
  38  17 134  69
  84  75 456  45
6
  10  15 295  41
   0   8 151 126
  79  17 296  62
  99  94 359 116
  51  91 584 108
  31  15 279  93
5
  28  10 213  50
   9  88 351  93
   9  26 523 106
  76  95 563  40
  56  40 105  25
2
  82  62 365 120
  38  60 419  12
8
  18  98 371  93
  13  73 105   1
  97  63  27   4
  99  28 135  61
  91  77 289 116
   4  82 425 101
  50  27 662 109
  85  20 353 114
14
  81  34 247  87
  23  52 510  78
  85  79 645 128
  58  36 161   3
  58  90 398  61
  79  22  82 107
  40   8 237  31
  15   2 491  46
  31  48 522  35
  99  54 354  97
  89  37 299  88
  24  99 652  33
  15  82 524   2
  63  46 135  85
5
   0  26 624  83
  99  50 158   7
  95  35 558  39
  26   2 256  41
  49  42 326  69
8
   1  83  15   8
  15  10 163 102
  90  22  66 104
  58   0 327 106
  58  52 582  90
  74  98 404  16
  44  50 491  14
  86  38 200  84
2
  94  23 630  99
  40  81 564  18
7
  72  35 522 128
  68  71 437  81
  69  68  87  68
  34  46 512  85
  56  86  10  75
  42  30 253  56
   2  92 323  52
5
  42  29 138  37
  15  10 116  28
  35  38 231  77
  20  71 563  27
  71  38 573  23
2
  77  32  85  95
  12  53  24  41
14
  40  17 616  20
  49  93 149 128
  78  31 138 121
  28  90 199   9
  92  86 413  79
  45  38 499  56
   9  14 438 111
  32  11 155  94
  14  72 560  32
  45  15  86  50
  43  76 136  11
  31  23 653   2
  34  75 414  64
  53  32 404  76
13
  24  54 533  99
   7   0  25  67
  27  12 493  11
  29  65 189 115
   4  58 513  11
  44  19 106  88
  33  83 449 109
  36  66 179  19
  77  60 651  12
  68  36 651  47
   9  95 317  64
  96  38 252   3
   9   1 205  34
11
  26  57 130  85
  25  16 379  38
  29  76 521  98
  25  88 282  46
  90  52 173  34
  69   0 414  21
  99  94 208  88
  70  40 252   7
  46  49 424  50
   1  23 120  49
  83  82 171  31
11
  79  99 551  83
  26  35 350  30
  90  30 319 118
  54  40 438  83
  71  63   2  63
  29  63 432  53
  36  51 415  17
  69  94 659 124
  60   0 312 124
  79  38  20  95
  94  70 635 108
12
  25  24 635  47
  24  41 218  36
  79   8  92  28
   9  78 656  71
  84  56 549  36
  40  70 463  85
  27  83 194  47
  86  29 522 100
  92  63 186  62
  63  68 354  49
   2  43 416  37
  65  63 186 115
13
  39  74 374  64
  72  98 415  92
  27  96 218  58
  59  56 113 115
   2  59 296   2
  98  30  78  98
  39  72   2  27
  20  13 496  33
  13  59 354 107
   2  38 448  66
  40  29 285  71
  17  99 421  33
  60  72 580  52
14
  87  56 528  59
  25  88 580  60
  99  15  11  53
  25   4 304  36
  57  11 454  20
  26  77 105  57
  66  69  97  64
  73   4 503  91
  28  12 581 102
  72  53 493  33
  76  24 648  65
  25  53 107  19
  24  82 463 124
  72   2 456  61
15
  54  76 629  69
  55  99  32  20
  14  67 478  70
  54  22 551 126
  92  60 139   5
  72  28 266  60
  30  92 113  92
  78  87 293 115
   2  84  50  84
  30   9 148  29
  96  44 664  80
  33   2 579   2
  76  77 657  78
  18   0 458  92
  68  48 382  82
13
  55  68 659  40
  18  71 411 108
   9  33 620  77
  16  78  60 122
  45  89 418  36
  46  44 556 109
  63  59 151  71
   2  76 408 103
  13  57 350  63
  51  31 109  40
  31  60  82 111
  78  99 599   3
  94  75 569 126
10
  34  76 589  13
  31  97 132  24
  64   9 262  60
  36  84 485  61
  22  70 402 102
  90  69 631 101
  94  96 154 114
  46  52 181  39
  37  81 245  91
  90  68 485  76
13
  99  85 546 102
  78   5 268  88
  50  78  30  73
  47  55 190  53
  59  74 596  94
  81  45 639  90
  79  52 229  94
  32  60 106  56
  93  84 434   7
  19  23 190  40
  69  21 507  49
  96  68 287  84
  79   7 225  79
5
  38  16  90  73
  12  93 643  38
   6  62 369  61
   3  29 578  75
  37  75 201  88
5
  65  97 381  49
  19  59  76  41
  20  71 231  16
  43  37 258 116
  81   3 633  92
4
  42  24 234  90
  73  42 184  71
  12  70 370  13
  88  72 126  66
8
  14  77 156  36
   9  75 543  72
  22  11 329  76
  58  84  82  16
  10   8 297 112
  36   6 199  82
  43  49 209  85
  85  93 155  19
5
  94  57 564 107
  61  61  43 108
   4  25 447  98
  98   8 108 105
  26  19 291 101
15
  57  43 351  49
  22  47 305  38
  75  93 138  24
  12   6 258  71
  37  41  20  90
  80  57  60  93
  24  24 570 118
  35   1 239 104
  13  44  31 101
  10  35  99  23
  75  85 207  50
  73  39  26  57
  55  10 519  43
  83  35 368 102
   1  59 234 107
5
  56  97 517  61
  25  91 285 106
  30   6 378  50
  81  50 108  19
   4  43 436 121
3
  33  52 160  59
  23  92  33  89
  68  35 278  69
10
  35  16 590  93
  36  88   3  75
  98  21 395  17
   2  73 642  52
  31  53 543  30
  40  47  49  11
  36  72 436  16
   2  91 602  15
  77  37  20   3
  73  65 184  38
13
  84  14  42  12
  54  86 598  69
   8  68 562  75
  91  39 530  61
  78   2 547  14
  30  77  27  88
  19   8  51  39
  10  23 158  72
  49  47 642 106
  32  56 562   7
  70  41 345  91
  71  14   5  18
  83   1 481  53
14
  84  14 355  23
  55  56  57  47
  98  60 601  10
   2  57 627  94
  94  56 518  19
  67  32  98 123
   9  79 410  86
  35  29 316  33
   7  19 235 126
  87  14 526  71
  15  85 588  59
  59  18 191  66
  18  53  25  97
  46  37  42  46
10
  84  49 154 118
  33  17 553  50
  83  63 495   8
  69  81 389  67
  34  58 161  84
  41  22 618  31
  12  46 403  36
  99   5 612  63
  41  35 461  89
  93  26 625 119
8
  43  74  71  98
   6  83 531  70
  72  72 352  95
  83  47 410  32
  61  65 212   5
  22  65 361 125
  55  12 288  92
  27  39 145  22
2
  58  44 527  63
  26  12 459  74
4
  35  92 446  45
  70  47 633   2
  34  87 118 106
  98  41 403  87
8
   6  85 365 124
  39  80 322 128
  22  93  87  38
  86  58 190  69
  19  43  25 124
  56  88 140  38
  43  42 600  85
  95  41 496 117
15
  30  44   8 119
  24  39 510  75
  48  40 286  61
  66  11 533 109
  87  59 310  46
  46  91 286  96
  55  63 581  39
  10  56 543  12
   2  40 336  53
  69  26 114 101
  69  69 615  58
  66  87 601 114
  87   5 585  56
  23  85 664  22
  67  30 495  96
7
  92  79 420  36
  52  32 232  22
  25  49 322 104
  55  22 257  67
  55  22 480  70
  47  69 354   3
  47  35  33  28
7
  83  14 549  39
  22   4 193  46
  44  81  43  43
  28  18 162 115
  70  38  36  54
   9  69 182  97
  59  56 291  59
9
  66  57 159  21
   6  56 253  89
  53  48 459  97
  19  11 459  29
  88   0  42  20
  23  88 318 122
   8  37 197  69
  14  12 325  91
  82  81 522  71
2
  19   6 451  66
  33  31 344  54
6
   3  14 647  55
  25  26 126  54
   8  75 375  75
  90  56 289  83
  29  60 148  29
  18  70 209 106
8
  73  88   6 123
  41  76  89  97
  72  78 456  29
  27  42 350  90
  65   5  39  52
   2  13 167  60
  82  79 438  89
   7  10 160 122
2
  13   1 280   7
  92  41 427  14
4
   8  79 120  86
  85  10 443  93
  41  33 254 108
   3  36 386 100
11
  61  38  43  62
  10  42 371  98
  47   4  38  46
  96  12 327   4
  70  76  93  84
  52  97  56  28
  92  28 259  12
  80  20 270 119
  44  41  97 112
  56   6 206  63
  33  55 387  31
2
  40  50  66  48
  74  71 565 118
3
   3  60 554  60
  86  86 445 111
  11  96 425  11
10
  54  25 229 111
  21  61 164   9
  32  54 508  35
  44   4  32  86
  63  71 268  91
  24  29 326  26
  35  94 106  50
  62  54 567  20
  45  68 406  85
  48  66  57  23
11
  88  84 589  14
  10  78 117 109
  26  95  77  72
  91  92 162  88
  76   6 432  43
  16  32 181  58
  71  35 156  46
  21  34 460  77
  52   9 285  17
  49  62 319  95
  57  28 281 107
5
  51  99 301  61
  27  37 522  76
  89  16 512  57
  76  37  80  25
  91  92 471  94
8
  11  60 322  85
  19  73 391  76
  52  91 243 116
  33  59 635  39
  33  45 189  40
  42  73 380  32
  87  16  60 117
  42  59 350   2
7
  65  88 174 100
  32  16 432  39
  92  90  93   7
  18  24 549  52
   8  73 258  90
  84  37 388  63
  91  77 443 100
7
  24  54 609  64
  87   2 462  53
  60  89 252  44
  53  39 558 122
  14  75 466  98
  50  49 590  11
  48  33 174 125
14
  64  34 314 125
   8  44 169  70
   0  48 382  78
   6  29 253  29
   9  63 520  16
  45  43 159  47
  12  70 250   8
   3  74 117  36
  39  68 141 115
  84  48 393 100
  20  84 405 105
  55  26 102 109
  58  16  29 121
  99   4 495  69
15
  92  32 648   7
  98  94 627 114
  20  69 333  21
  82  68 206  11
  54  38 586  14
  57   3 472  28
  74  77 656  19
  91  27 499  78
  29  36 157  28
   8  27 159 113
   2  80 185  49
  42  84 196  50
  57  48 397  27
  34  15 324  73
  30   8 423  90
5
  51  60 267  84
  44   3 666  15
  68  65 120 121
  93  21 272  53
  30  83 116  57
8
   7  67 369 113
  96   0 463 125
  89  36 528  68
  27   3  60  78
  54  47 290  12
  84  46 637  37
  57  88 310  98
  67  73 285  11
3
  73   9 557  81
  99  88 651  23
  33  37 318  11
6
  63  31 383  13
  29  31 449  48
  20  21 598  97
   3  90 294 103
  89  95 218  51
  83  15 625  34
6
  56  85 378 128
  87  72 204  59
  45  18 412  94
  92  77 106 116
  16  74 434  41
  51  30  76  40
6
  39  93 211  60
  88  58 156  92
   4  98 445  40
  73   5 162  31
  55  92  81  52
  28  75 327  28
8
  26  91 489  56
  47  97 501  44
  62  58 193  50
  12   1 545 123
  34  50  27 109
  66  41 375 104
   5  97 453   5
  19  67 431  61
2
  27  65 358  56
  35  88 589  68
12
  56  68 223  43
  97  14 443  63
  92  73 484 103
  93  40 548 108
  18  71 223  23
  33  29 426  49
  46  28 121  15
  50  68 371  37
  96   6 159  51
   3  93 373 117
  97  47 403   7
  62  90  48  61
6
  78  44 633  74
  69  60 658  70
  74  65 457   3
  14  24 317  11
  99  19 491 103
  84   1 655 103
3
  41  60 599  67
  91  54 195 120
  90  53 596 113
13
  40  52 291  55
  98  60 585  59
  64  70 123 114
  90  38 331  18
  21  89 282  74
  88  32 247  36
  69   0 225 121
   3  15 175 122
  64  43 444  39
  98  14 168  66
  79  14 448 123
  98  70 409  30
  35  20 634 104
5
  28  81 172  57
  18  57 594  92
  41   8 584  27
  12  42 282  65
  76   6 662   8
5
  59  60 307 122
  20  22 588  73
  37  25 450  59
  56  13 192 110
  24  26 350  88
9
  61  68 513   8
   2  54 611 121
  90  92 635   5
  97  43 106  59
  93  60 272  67
  94  94 468  33
  45  57 653 107
  47  89 616  81
  14  61 542  90
13
  77   6 447 108
  64  51 351  25
   7  90 274 128
  62  47 346  38
  32  25 472   3
  83  13 211  55
  69   1 263  16
  89  38 222  30
  96  18 209 112
  88  60 559  86
  36  95 591 128
  67  98 506  38
  91  52  76  49
10
  77  57  65  26
  94  51 555  88
  13  30  67  14
  32  58 609  31
  92  55 202 111
  41  29 218  91
  69  82  64  35
  18  67 224  62
  27  47 228 112
  72  73  17  12
8
  33  53 603  84
  95  23 408  17
  36  42 236  38
  98  30 552  94
  90  51 381  34
  96  42 612  16
  19   4 614  29
  98  61 415  43
4
   0  11 290 111
  74  93 447  32
  88  71 584 121
  16  57 436   9
8
  90  93  64  69
  88  11 657 117
  46  16   4  66
  39  61 472  80
   4  46 598 115
  87  57  23  71
  65  51 348  97
  54  38 286 103
3
  97  91 623 108
  65  30 216  36
  30  20 450 104
8
  57   3  15 108
  90  82 388  10
  52  87 449 101
  33  71  18 116
  44  17 621  25
   0   4 443  98
  26   0 534  14
  53  16 593 114
9
  32  92 199  16
  22  32 415 101
  14  66 629  42
  38  14 284   5
  87   8  70  85
  84  36 103 124
  95  25 279  13
   1  54 369 119
  37  85 137   6
4
   6  53  87  66
  81  66 472  19
  45   2 553  91
  77  60 222  33
7
  69  91 582  65
  90  48  80  25
  59  88  56 119
  90  28 277  63
  45  68 469  82
  61  79 181 121
  45  25 451  69
12
  44  80 425  47
  86  80 142   6
  42  60 626 118
  32  73  18  28
  86  57 190 124
  86  90  97  33
   9  90 378 126
  35  97 400  62
  22  31  72  30
  84  60 295 112
  46  27 125  40
  42  30 525  24
3
  42   3 551  69
  26  76   8  96
  66   7 660 108
3
  74  68 446   8
   9  38  98  62
  15  81 140 117
10
  67   2 148 113
  90  99  37  95
  13  79 451  46
   8   2 108  62
   5   3 508  18
   9   6  11 103
  42  45 317 121
  74  14  53  26
  66  93 457 104
  48  56 287  64
9
  98  20   2 112
   5  28  69 112
  14  15 532  97
  59  82 191  44
  86  61 585 123
  11  66 116 111
  76  74 247  29
  27  47 439 125
   2  78 502  24
8
  43  36 652   3
   3  34 585  87
  61  77 177  81
  46   3  46  96
  13  78  43  86
  62   5  97  69
  25  49 168  71
  21  29 227  96
9
  19  38  31  90
  96  56 546  19
  33  55 140  83
  39  15 594  21
  90  27 463  68
  71  48  27  31
  95  86 488  64
  72  59 528 124
  21  92 172 116
8
  17  12 467  77
  27  41 598  62
  45  10 349   1
   2  83 343 105
  26  97 421 109
  99  81 262  53
   5  70  78  25
  45  99 188  34
13
  60  35 623  44
  88  25 193 101
  77  48  37  93
  63  77 403 110
  45  55 652 109
  90   1 315  73
  19  87 313  97
  68  81 124  50
  55  80 125 112
   6  96 134  23
  88  35 431  76
  51  51 426 100
  57  96 331  29
2
   7  92 142  26
  19  12 427  11
11
  64  61 568 101
  22  22 662  31
  37  19  58  62
  45  54 219 119
  17  56 547 106
  30  66 539  56
  77  65 622  14
  21  22 419  74
  82  85 256  16
  79   4 296  71
   7  68 646  58
3
  97  14 205 119
  81  80 286  69
  74  46 350 110
12
  97  64 198  72
  22  80 457  37
  58  29 421  75
  58  34 221  82
   6  80 516  18
  25  66 324 111
  73  75  64  83
  72   1 132  94
  49  69 540   6
  43  71 106  34
   1  54 568   8
  53  11 523 100
5
  73  61 312 116
  25  83 280 126
  67  22 439  27
  78  32 608  66
  18  20  35  77
5
  69  62 612  84
  93  61 299 103
  26  85 322   8
  33   3  25  71
  53  99 569  34
5
  51  50 339  68
  12  37 411 113
  18  28 140  25
  23   0 134  34
  92  90  75  80
13
  72  41 549  89
  71  52 535  21
  53  90 504  56
  28  45 137  26
  78  16 605  40
  39  40 337  87
  81  50 506 120
  74  12 651  43
   5  98 462  50
  82  28  82 116
  72  35 478 115
  48   0 465  74
  32  79 301   7
15
  86  38  35  72
  21  44 244  51
  88  54 642  44
  72  31   4  90
  62  83 432  60
  32  79 488 121
  75  27 139  48
  34  30 108 104
  10  20 137  24
  74  83 152  36
   9  14 570  41
  43  82 598 101
  10  58 540  79
  31  43 412  93
  32  58 419  10
13
   9  17 473  74
  56   1 632   4
  51  96 260  43
  39   3 486  75
   4  50 447 108
  94  28 303  13
  25  15  66  92
  11  59 205 111
   5  20 305  83
  21  13 656  84
  95  72 458 122
   6  34 366 128
  78  63 533  58
3
   3  52 153 104
  39  25 431  68
  69   6 629  86
2
  29  82 641  32
  73  90 206 106
2
  16  64 395  74
  55  79 612  86
4
  77   2 380  87
  10   2  73  96
  42  68 369 110
  81  22 513 124
3
  48   3 549  92
  58  48 642  55
  60  59 147  70
5
  12  61 373  54
  14  96 457   1
  63   5 605 103
  87  47 277   5
   5  62 239  66
15
  59  76 448  92
  21  37  92  82
  52  82 424  22
  64  64 199  65
  13  10 341   8
  43  29  86 108
  32  32 599   5
  42  96 398  84
   2   1  97  25
   3  75 196  83
  42   7  24  55
  47  58 562  41
  41  12 395  75
  66  37  80  59
  41  51 358  63
3
  23  51 200  92
  27   9 304 109
  90  89 554  53
12
  41  96 257  64
  57  62 583  62
  28  50 395  52
  77  50 471 123
  40  76 218 126
  70  29 503   5
  78   2 335  70
  81  51 167   7
  35  75 166  47
  92  92 600  10
  23  73 352  10
  65  53 466 120
10
  33   4  86  98
  43  47 269  91
  21  41 502 118
  79  12 625 113
  38  28 202  46
  87  87 624  13
  73  46 502  23
  97  13 164  13
  55  83 308  54
  21  50 379 121
9
  18  40 473  68
   6  19 458  71
  73  98 577  81
   8  23   8  82
  99  76 297  40
  78  20 597  10
  91  22 130  74
  21  50  18  23
  48  39 509  47
4
  69  62  37  84
  89  66 620 109
  58  25  90  19
  29  19 631  48
12
  72  23  95  98
  32  67 110  90
  14  74 150  24
  12  25  25 111
  37  17 113 107
  44  47  11 126
  11  99 120 120
  26  59 314  21
  49  98 402  68
  63  81 422 109
  85  30 380  92
  94  49  62 125
10
  77  19 193 103
  89  64 182  36
  43  17 633  75
  74  63 442 128
  59  63 153  62
   0  34 449  10
  16  96 572  57
  87  70 482 101
   6  16 258  20
  18  47  57  41
10
  60  96 317   6
  89   2 305  62
  16  34 648 102
  18  24 665   4
  26  38 341  80
   3   1  60  67
  74  59 362 114
  24  82  49  68
  69  84 255 105
  90  10 159  26
5
  82  98 251 113
  27  17 205  64
  84  90  24  92
  56  78 222 125
  35  63 385  82
2
  75  65 618 120
  58  14 543  17
4
  16  71 269  50
   6  84 465  85
  27  49 222 106
  54  73 343 121
14
  17  17 291  71
  57  96 419  29
  97  79 203  48
  60  63 627  91
  73  48 482  76
   7  58 347  20
   2  35 183  93
  93   4 602  64
  91  10 204 128
  64   1 241  62
   8  62 175  71
  39  68 586  81
  75  12   5  89
  27  82 422  92
7
  10  24 576  90
  10  61 480 114
  37  91 422  92
  38  91 452 115
  98  63 438 122
  87   6 435  68
  90  10 571 112
10
  70  38 136  10
  44   7 217  64
  67  75 184  91
  16  25 125  81
  58  37 636  40
  33  29 391  83
  76  52 545  75
  20  45 335 120
  72  91 428  62
  97  68 647 112
10
  59  28 521 112
   5  66 495  50
  70  83 495  75
  21  64 413  50
  14  52 442  93
  73  11   8  35
  18   8 432  29
  50  86  49 100
  12   9 572  59
  45  17  70  88
13
  21  56 440  81
  73  93 515  81
  59  63 351  55
   7  27 585 116
   2  10 193 113
  99  25 642  45
  50  11 430  11
  10  53 627   3
   4  83 275 101
  26  29 178  77
   8  86 491  46
  76  15  66  37
  96  79  81 112
15
  93  65 254  29
  67  51 154  35
  83  91 656  42
  74  75 544  38
  20  63  40 101
  57  52  52  96
  17  20 435 124
  15  60 177 120
  26  60 554  69
  14  93 324  82
  74  49 569  38
  11   0 279 124
  21  83 326  54
  77  78 124  63
  27  94 279  73
5
  32  87 480  91
  71  25 384  80
  95  48 568 100
  64  79 517  33
  41  93 467 111
10
  44  13  36  71
   3  47 382  90
  56  10 507 102
  18  63 185 114
  10  77 275 124
  60  50 218  27
  98  38 275  65
  78  76 516 100
  68  74  29  48
  84  71 604   4
7
  75  44 117  66
  94  94 540  41
  17  81 275  81
  72  73 216  99
  11  36 299 113
  90  22 405 113
  14  14 303  45
4
  43  95 110  59
  65  99 264  39
  22  57 456  98
  68  80 290 107
8
  41  72 593   6
  38   7 270  28
  29  28 160  28
  19  80 471 114
  61  21 568  31
  19  78 221   7
  70  46 381  72
  38  71 515  74
6
  20  33 396  60
  89  36  80 107
  46  55 432   9
  24  36 237  58
  33  50 462  12
  32  28 111  73
6
  22  38 514 100
  86  69 321  56
  65  76 159 114
  99  69 581  43
  47  49 610  74
   1  94 394  13
12
  59   2 396  68
  31  10 643 115
  20  87 413  69
  48  13 442  87
  16  78 609   3
  67  89 250 100
   4  71 461  55
  61  84 585  23
  72  20 413  67
  72   3 584  53
  73  44 455 124
  66  21 570  57
2
  29  43 113  52
  11   7 585  76
11
  47  58 642  20
  78  85  51  55
  91  61 202  73
  13  34 234  30
  76  23 265  51
   2  27 210 109
  73  77 581  67
  79   6 273  53
  43  79 591  58
  24  21 463   5
  31  16 266  79
14
  52  22 342  31
  87  72 303  97
  86  97  33  31
  95  54 613  28
  49  80 307  34
  81  34 618  90
  31  43 505  81
  28  99 226   7
  44  32 163  53
   2  83 315  21
  85  89 583  55
  36  80 518  96
  46  85  47  86
  80  28 404  24
12
  50  56 378 128
  85  22 198  48
  26   9 231  42
  34   8  41  26
  48  41 573  90
  87  30 506  43
  34  22 477 103
  28  16 325  65
  33  78 163 115
  31  70 322  94
  77   9 376 108
  96  63 454  40
13
  33  90 352  81
  51  47  88 112
   6   8 166  92
  22  76  77  50
  23  83 110 123
  10  47 619 108
  45  54 519  32
  43   8 549  80
  22  76 277  72
  79  26  34   4
  58  37 571 106
  92  80  22 119
   5  16 259  95
2
  39  10 438  36
  76  30 368  22
11
  53  14 468 102
  24  28 496  79
  57  58  50  69
  28  22 129 125
  92  44 109  97
  21   7 506  22
  48  94 353  18
   5  63 125  21
  92  58 256 111
  91  16 588 116
  20  49 475 125
4
  20  38  48  72
  76  73 424   6
  41  69 657  23
  11  21 558  34
7
  85  10  36 116
  17  24 512  34
  74  43 506  46
  22  97 552  38
  27  20 584  81
  37  17 523  12
  87  78 641  63
14
  47  63 105  63
  12  49 495 128
  74  37 239  62
  15  47 654  67
  30  11 209 118
  94  73 471  51
  18  64  76  13
  35   2 539  78
   3  35  16  21
  91  68  77  31
  12  17 206  27
  82  80 211  82
  84  64 278 115
  38  79 433  35
5
  95  98  57   8
  28  20 417  96
  57  94 442  14
   1   7 518  80
  23  22   9  47
6
  72  95 484  17
  77  62 382  27
  24  72 494 104
   4  87 415   3
  15  77 408 109
  99  11  39  11
11
  86  65 321 125
  42  94 188  38
  94  40 277 118
   0  62 236  46
  14  70  11  95
  92  54  69  78
  37  54 350  44
  96  83 419  57
  93  34 153 105
  87  87 319   3
  80  33  15  84
5
  85  43 283  60
  29  62 206  60
  37  85  80  24
  67  69 661 102
  58  83  85  98
10
  16  81 527  33
   0  96 595 128
  92  48 320  89
   2  95 414  70
   3  18 270  41
  36  16 120  15
  94  94 591  69
  48  47 649  96
  99  64 361  61
  72  99 427  17
7
  85  50 353  64
  89  33 404  13
  78  51 279  68
  40   6 256  33
  85  12 170 126
  80  17 631 121
  36  92  51  21
12
  80  67 264  41
   1  44 173  41
  25  76 144  42
  76  30 537  73
  13  57 101   5
  46  13 468   3
  29  70 334  53
   1  97 233  50
   0  82 527  21
  58  53 219  18
   0  84 538  53
  99  76 399  48
2
  81  27 366  43
  72  93 606  63
14
  71   2 426   3
  93  40 155  60
  59  71 334  75
  55  88 606  96
  12  21 146 121
  40  98 507  84
  14  18 254  62
  99  58  71  78
  11  23 356  33
  26  56 484  20
  95  85  42 113
   3  51  19 120
  28  15 527 110
  79  20  87  91
13
  81  22 513  32
  17  33 401  21
  12  89 317  46
  84  88  30  13
  78  99 440 105
  59  32 599  75
  87  97   3 106
  72  37 428 118
  79   5 152  76
  34  97  38  18
  40  98 103  72
   5  24 503  50
  56  84 460  87
9
  28  50 212 117
  46  13   1  26
  38  69 454  68
  34  76 509  84
  35  21 261 126
  95  40 608 102
  64  17  33  58
  98  45 229  63
  58  78 627 106
10
  29  17  29  89
  74  72  28   2
  94  23 365 112
  93   3 634  89
  97  31  31 124
  94  79 610  97
  93  35 404  98
  52  31 457 101
  76  33 641  35
  39   2 453 112
6
  88  96 516  46
  90  40 279   1
  20  10  60  78
  50  65 239  98
  38  10 341   5
  41  40 137 114
10
  70   6 170  17
  21  96 509  49
  13   9 397  76
  18  86 612  13
  66  39 487  27
  34  10 644 121
  66  76 467   1
   9  66 356  22
   2  80 659  63
  22  23 189  32
2
  36  93 390  73
  83  98 584  10
8
  79  91 346 113
  70  79 506  99
  28  39  73  59
  66   5 389  51
  84  46 519   9
  65  68 535 107
  18  90 289 112
  71  20 492 127
13
   7  31 571  37
   6  69 124  54
  98  40  61  73
  11   7 451   4
  18  41 182  97
  68  74 635 124
  77  74 469 113
  77  62 544  58
  29  84  26  16
  39  35 649  79
  63  37 486  65
  41  26 611   2
   3  59 162 116
3
  30  29 534  78
  43  47 573  54
  66  42  95  54
2
  58  18 210  92
  41  37  65 125
9
  67  67 341  95
  32  79 497  78
  48  55 465 112
  93  55 600 111
  90  69  59  77
  59  14 419  27
  79  63 415  81
  88  20 506 127
  76  56 359  76
10
  51  46  42 124
  69  98 421 101
  29  17 102 110
  47  76 121  66
  98  99 386  23
   8  12   1   8
  39   7 242  52
  96  17 596  46
  13  47 260  49
  59  34  46   7
15
  64  58 554  53
  52  90 504 114
  39   3 233 109
   6  90 650  14
   6  67 560  63
  66   2  36 107
  12  76 598  67
   6   5 278  31
  45  22 114  49
  80  50 191  21
   5  19  90  89
  39  11 126  30
  45  45 277  23
   8  11 529  66
  17  20 618  32
2
  40   3 198  58
   9  12 555 110
8
  64   8 507   1
  31  25 596  44
  14  13 275   1
  76  62 338 106
  39  15 338  68
  74  16 150  20
  97  72 303   5
  16  99 290  21
3
  84  15 589  60
  30  53 329  71
  70  47 654  28
9
  90  10 478  84
  96  79 318  13
   8  56 105  25
  72  41 473 106
  29  80  80 114
   2  39 623  89
  88  13 204  26
  91  21 189 113
  54  81 139  10
7
  89  29 635  22
  39  62 184  20
  24  36 539  60
  83  28 477  15
  27   4 223 114
  31  95 572   4
  50  57  38  79
14
  65  85 487  16
  19  24 111 114
  71  54 243  93
  70  37 415  61
  40  28 303  99
  22  87 490  74
  41  88 166 123
  43  14 580  65
  16  60 602  28
  62  35 388  75
   5  85 296 114
  77  76 606  60
  24  69 123  68
  65  46 178 100
10
  78  12  96  16
  76  17 478  78
   4  54 338  72
  62  57 562  98
  81  82 106 127
  99  29 568  44
  90  62 560   2
  39  22 368  81
  15  69 609 103
  56  44 637  74
11
  67  44  48  39
  85  74 394  59
  56  28 484  30
  38  37 432  97
  21  90  72  98
  83  11 470  82
  36  24 330  63
  21  59 152  20
  68  89 227  67
  12   6  24  56
  55  68 427  83
10
  85   7 398  47
  68  87 313  24
  19  18 187 109
  32  42 535  56
  25  30 122  42
  67  92 353 105
  43  38 349 125
  83   9  22  66
  77  20 639  59
  37  97 198  10
14
  21  29  93  48
  61  90 570 119
  45  66 567  16
  17   2 166  13
  68  42  52 100
  22  10 154  55
   5  19 632  18
  51  87 237  13
  62  24 559  21
  76  76 398  18
  91  73 333   8
  51   8 390 128
  82  71 609  53
  29   5 159 108
9
  85  58  59  73
  41  49 122  54
   1  74 179  15
  82  32 123  85
  55  61  64  48
  38  79 519 113
  70  70 629  97
  95  91 136  52
  10  80 158  98
15
  46  49 568 115
  31  86 463  50
  57  58 455 111
  46  93 530  74
   7  82 217  74
   5  26 481  23
  49  42 602  12
  88  12 293   3
  88  86 444 112
  45  71 493  72
  73  54 586  93
  40  71 329  52
  38  47 612 109
   5  95 208  86
  56  54   4  19
7
  79  52  85  35
   6  90 105 127
  44  50 444   8
  93  39 375  38
   1  77 408  88
  55  10 408  55
  99   6 264  19
15
  11  91 341  91
  40  45 309   1
  99   3 519   1
  30  93 403  83
  23  78 443   4
  31   1 174  17
  61  94 424  30
  77  34  96   8
  38  40 455  39
  13  79 123  53
  92  64 147  83
  78  23  16  91
  12   1 430  33
  77  95 431  89
  78  38 376   4
13
   3  29 603  26
  34   3 538  49
  33  24 599  67
  90  67 656  30
  45  38 434  17
  53  29 295  95
  43  68 561  35
  74  82 262  10
  55  77 636  28
  81  42  49  76
  30  14 249  98
  31  72 561  24
  30  76 520 116
15
  16  15 142  18
   2  65 484  24
  57   9 102  82
  48  40 208   1
  77  49 506  80
  74  65 524  89
  67  57 249  41
  34  84 510  74
  30   2 399  91
  56  84 534  80
  26  13  37   7
  74  27 526  72
  19  51 153  72
  64  45 485  13
  94  83 643  58
12
  19  68 321  68
   2  82  63  96
  81  61 616  68
  10  96 406  13
  91  41 409  19
  94  51 261 106
  11  11  92  34
  17  53 100  75
  72  37 607  98
  63  75  76  89
  63  96 437  63
  38  73 625  12
2
  26  88 188   7
  99  83  65  81
11
   0   2  48 127
   3  26 512  59
  39  75 513  53
  14  75 104 119
  21  59 145  33
  73  35  62  29
  95   5 628  34
  43  92 321  89
  72  95 517 110
   2  27 212  63
  93  93 515 104
10
  70  84 499 109
  44  63 217  88
   7  58 145  74
  50  55 544 115
  44  56 289  63
  66  82 191  86
  10  94 379  52
   1  98 562  50
  70  72 449 116
  86  15  42 101
11
  82  65 444  94
  51  80 541  61
   4  96 214 105
  48  63 134 112
  48  29 308  10
   6  48 378  40
  42  98 247 128
  62  13 349 114
  82  45  42  10
  75  33 372  16
  66  31  62 123
14
  68  57 223  11
  78  91 623 108
  76  33 510  71
  84  14  80  13
  24  14  25  34
  99  75 207  38
  62   5 629 106
  27  11 304  22
  37  47 261 110
  84  15 452  15
  40  13 186   9
  73  25 344  13
  77  97 464  36
  20  28 557  84
6
  57  59 381  50
  18  46 340  74
  25  48 560 115
   4  18 366  16
  77  84 155  35
  78  80 441 128
13
  37  84  44  62
  76  71 533  70
   9  25 317  19
  10  95 416  55
  29  61 216  89
   1  79 628  64
  59  89  91 126
  98  19 458  89
  26  35 308  30
  87  54 135 106
  13  48 527 127
  71  23  47 104
  60  52 367  38
7
  87  54  48  68
  70  28 487  31
  40   7 139  94
  20  57  58  42
  24  58 390  41
  89  51 330 102
  82  58 304  95
3
  84  11 370  95
  60  86 603 111
   4  97 117  63
13
  46   1  19  14
   0  43 136 107
  72  72 222  22
  37  47 433  31
  88   7 548  10
  40  82 110   7
  86  71 653  87
  80  54 116 128
  87  79 310  86
  73  88 553  17
  90  45 393 116
  83  79 136  91
  10  24  91  41
6
   1  12 403  11
   1  92 361 118
  11  46 646  93
  78  15 267  21
  86  42 489 119
  79  16 503  39
13
  28   1 404  61
  15  86  66  54
  46  89 336  92
   9   2 265   9
  26  65 123  13
  22   0 458  70
  21  56 503  90
   7  36 150  60
  99  87 125  91
  21  66 624 106
  49  19 460  66
  90  10 180  62
  73  16 236 104
10
  55  12 478  30
  38  10 596 112
  64  76 636  51
  34  89 654  37
   1  99 469  98
  55  50  63 118
  89  94 337  71
  78  63 378 118
  65  85 296  11
  39   3 389  42
13
   6  78 216  88
  55   0 327 101
  11  36  64  32
  96  73 410  12
  57  57 339  55
  53  72 528  86
  20  18 564  97
  76  90 280   6
  56  35 287   9
  91  63 576  13
  91  54 627  93
  85  39 230 124
  14  95 501  90
11
   8  56 626  72
  98   5 437  10
  86  10 293 115
   4  18 124  82
  34  92 610  43
  42  82  68 104
  23  83 384   8
  85  59 597 119
  11  94  80 118
  14   9 214  20
  50   0 471  86
9
  80  73 491  16
  38  48 533  43
  61  65  41 123
  28  76   1  19
  14  49 478  44
  59  10 467 124
  42  44 117  91
  47  85 478  85
   4  80 423  22
12
  70  12 169  85
  99  48 481  76
  63  99 497  71
  90  23 256  47
  51  64 617 116
  73  28 301   3
   2  27  86   8
  35  72 406  36
  84  58 150 118
  61  83 235  84
  69  76 117  16
  75  59 240 101
3
  82  60 252  93
  82  78  28  52
  47  90 559  29
4
  35  89 263  10
  96  46  65   5
  38  30 574  86
  65  89   5  75
6
  83  85 628  40
  54  68 605  13
  68  34 494  63
  57  46 499   9
  32  69 506  61
  64  46 610 128
12
  25  78 195  49
  77  48 609   1
  17  53 206  46
  37  96 472  69
  84  69 661  18
  96  64  79 103
  65  27 169  37
  30  65 107 103
  98  56 481  75
  10  76  11  69
  40  79 420   1
  82  29 190  14
6
  29   6 199  71
  31  81 175  35
  26  25 167 111
  60  40 355  37
  20  44 316  93
   0   8 283  72
6
  29  61 230 121
  90  32 286  85
  14  73  62   1
  40  48  17  87
  37  56   9  86
  10   1 559   4
15
  82  67 498  31
  23  35  58 106
  20  47   9 100
  61  32 190   5
  18  55 534  67
  26   0 237  64
  73  45  20  65
  65  86 544  68
  21  99  24  85
  78  44 467 116
   3  50 126   4
  47  65 244  26
  85  66 557  43
  77  63 525  33
  98  50   7 120
5
  45  55 644  49
   1  56 572  80
  17  56 279  26
  72   2 599  78
  49  58 250 126
15
  59  37 267  64
   1  19 528  24
  59  41 520 128
  19  26  47   3
  29  93 422  64
  96  66 251   9
  69  73 181  69
  44  41 309  65
  47   3 157  41
  71  48 351 100
   4  30 210  26
  71  75  17 101
  23   0 327  32
   2  71 242 119
   6  72  57  62
13
  43  67  89  46
  27  19 646  62
  57  41 549  72
  32  37 318  17
  93  19 293 101
  79  79 270 101
  15  89 395  71
  19  86 612  39
   2  62 238 114
  40  81 642  65
  51  49 201  96
  92  83 525 120
  58  37 288  79
12
  98  68 647   5
  74  52 260  96
  27  23 594  50
  23  51 486 103
  29  51 328 115
  30  48 619  77
  41  76 421 107
  46  43 422  42
  56  44  58  54
  68  82 370  92
  62  95 382  57
  88  86 504  27
6
  39  35  28 102
  10  77  34  71
  81  40 631  95
  77  58 493  98
  83  24 121  79
  53   8 485  89
6
   8  39  28  23
  93  45 260  40
  34  11 278  17
  33  28 176   7
  51  98 240 122
  33  86 406  60
5
  29  96 498  90
  73  52 323   7
  60  48 463  40
  95  29 616  31
  26   9 394  57
3
  93  52 432  27
  29  68 284  84
  41  50 447  29
4
  36   4 262  25
  52  48  74  73
  24  46 341  52
  63  39 255  66
8
  38  20 108 123
  71  61 200 115
  42  91 520 125
  89  26 446  91
  46  93  95  68
  69  41 237  44
  46  23  95  73
  44  27 185  18
9
  10  46 411  96
  65  54 298  89
  19  76 147  97
  37  34 624   8
  61  48 183  56
  43  57 377  62
  79   5 118   2
  81  74  66 107
  31  43  87   4
5
  98  53 136  34
  90  73 523  90
  90   5 445   7
  81  16 353  68
  83  74 614 104
4
  31  69 130  98
  94  56 274 100
  33  44 428  37
  79  58 305  32
15
   6  29  99  50
  96  25 115 109
  99  60 159  66
   5   4 467  84
   3  56 213   3
  93  39 477  85
  88  48  30  39
  36  55 577 108
  50  95 542  27
   3  47  67 126
  12  54 602  45
  85  69  14   4
  95  40 538   8
  26  88  35  40
  44  66 176  66
7
  59  39 558  15
   0  88 558  21
  47  24 318  81
   9  87 537  91
  34   8  95  54
  97  14  78 114
  84  58 629 100
4
  35  80 274  31
  86  15 632 117
  75  74 176  89
  32  25 533  97
9
  46  85 193 115
  90   1  21  81
   9  30 322   4
  39  12 368 106
  65  35 406  46
  30  97 440 120
  22  74 473  93
  88  35 168  23
  73  35 599 118
7
  33  26 419  81
  87  67 159   3
  99  61 225   5
  15  14 101  70
  99  63  68 108
  78   1 552 116
  92  79 281  53
11
  21  65 470  70
  82  19 434  75
  76  82 634 111
  94  69  76  29
  45  69 475  53
  36  16 433 108
  16   8 402  27
  31  93  98  55
  18  52 341  57
  31  52 179  94
  99   7 313  28
10
  13  68 386  90
  86  13 288  87
  28  60 352  82
  63   7  43  47
  84  35 453  22
  15  45 429  44
  45  98 238  15
  65  65  46  57
  12  31 638 119
  79  50 555  83
15
  91   7 223  92
   5  65 305 108
  64  48   8  91
  75  74 280  59
  14  12 188  18
  21   8 498   5
  56  71 237  53
  86  54 202 128
  82  29 256  84
  94  39 597  33
  94  10 191  60
  21  69 117  24
  92  35 548  37
  75  66  39   4
  95  84 276  69
2
   3   7 192  55
   9  91 376 128
13
  47  21 132 102
  20  32 527  48
  37   6 327 110
  50  85 220  57
  32  92 362  25
  86  22 201  34
  85  49 489  77
  59  18   6  26
  67   6  68 117
  69  87  39  77
  15  58 318   7
  15  17 348  11
   6  47  22  62
10
  52  42 645  51
   5  73 342  91
  37  73 225  63
  33  57 149   4
  25  16 206 120
  81  91 474  18
  62  34 625  17
  28  60  59  31
  30  80 651  41
  31  35 646 110
14
   0  81 640  33
  57  32 371   3
  13  95  52  31
  59  14 327  17
   6  65 293 127
  90  42 348  73
  82  23 292 126
  73  72  46  77
  10  73 540  93
  50  20 500  13
  67  64 638  99
  13  78 613  92
  46  71  90  55
  69  88 374  29
14
  70   3 540  16
  29   2  63   9
  59  49   2  62
  56  25 221  98
  94   3 391  53
  17   4 271  99
   4   9 147   4
   1  95 535  47
  58  24 369  39
  79  87 139 127
  32  38  96  68
  53  88 253  82
  83  99 642  37
  50   0 404 120
13
  40  43  10   7
   4  74 125 119
  51  82 137  17
   9  46 380 101
  68  98  52  33
  63  28 622  24
  57  26  98  15
  26  14 560  25
  42  66 462 117
  78  98 448 126
  97  29 251  94
  49  58 358 114
  26  17 663  23
3
  57  17 410  31
  96  21 495   4
  49  84 202  57
4
  24  59  56  67
  62  56 587 106
  44  89 469 123
  21   5 259 104
14
  38  63  38 109
  98  16 555  73
  63  45 334 112
  65  90 498  67
  59  98 335  43
  29  45 185  12
  50  32 600  67
  19  24  60  11
  49  57 218  65
  48  99 476 122
  93  64 425   7
  34  10 353  73
  99  45 600  97
  79  28 407  10
14
  66  34 496  22
  44  39  14  50
  88  14 163  75
  87  22 123  60
  36  99 342  51
  39   9 469  35
  22  64 347  68
  50  58 503   6
  83  68 297  46
  60  27  66 127
  42   0 260  68
  38  30 178  29
  72  75 424  99
  47  63 345  28
6
  76  85  32  45
  75  53 580  32
  15  73 345   5
   9  67 611  29
  61  17  58  67
  73  56 385 104
9
  44  19 139  81
   8  24 382  16
  40  39 155 106
  42  48 170  94
  78  58  19  17
  44  17  52 120
  97  36 261  30
  19  32 330  23
  41  63 310  90
4
  39  75  64  92
  60  44 147  82
  80  52 203  29
  20  15 288 105
12
  96  82 178   1
  90   9 360  15
  55  93 215 117
   5  94 662 128
  59  98 186  72
  72  75 615 110
  45  72 145 103
  83  97 381 100
  59  31 213  46
  97   1 227  98
   6  52 463  76
  53  11  93  67
5
  71  68 291  54
  47  86 251  84
  57  71  66  26
  65  11  41 102
  26  70  39  35
2
  71  70 574 112
  51  21 119 109
15
  76   1 244 117
  22  17 176  41
  11   6 253 101
  54  66 436  36
  26  77  17  37
  64  93 628  79
   8  52 353  40
  93  97 358  98
   5  69 464  25
  32  27 367 105
  16  96 362  61
  28  22 629  49
   0   6 292  71
  80  16 322  49
  52  40 469 112
4
  40  44 226  62
  57  84 392  32
  62  82 382  90
  27  87 451  82
12
  74  76 278  36
  66  25 575 122
  52  38 626  69
  95  42 195  54
   8  14 343 120
  36  85 116  56
  59   1 577  18
   6  84 471  88
  78  32 619 102
  53  96  55 117
  48  57 242  12
   8  95 556  90
8
  85   1 438  22
   6  42 602  75
  74  45 287  91
  46   3 469 119
  98  38 226  85
  17   1 246 123
   0  18 445  46
   7  34 200  98
2
  76   2 461  80
  40  18  16   3
14
  47  62  69 125
  15  81 332  33
  51  58 326 122
  50  53 486   9
  98  29 309  33
   5  86  28  30
  93  92 243  65
  77  51 325  66
  87  25 643  36
  66   2 517  78
   5  69 426  38
  88   7 189   1
  86  87 372  50
  46  92 198 111
5
  20  72  34 117
   9  83 479 112
  37  26 390  20
  38  10 213  50
  88  15 666  23
10
  42  11 330 104
  96  15 573  33
  68  32 346  81
  29  63 121   4
  59  56 295  65
  94  36 556  83
  22   8 388  32
  97  97 568  91
  18  40 481  43
  15  14 596  39
10
   3  42  88  63
  22  91 488  31
  73  72 633  85
  13  81 119  15
  28   7 430  20
  13  94  54  49
   4   3 202  14
  26  19 289 108
  55  29 632 102
  64  29 103  21
14
  24  60 475  34
  26   3 305  92
  90  79 352  38
  90  39 275  18
  70  70 387 124
  80  27 277  68
  49  64 566  26
  22  23 506  33
  46  46 400   4
  99  72 398 126
  61  41 598  73
  99   4 294  36
  44  21  15  78
  99  24 141  51
7
  21  56 149  13
  10  96  63 104
  73  24  97 121
  70  57 484  56
  97  70 563  97
  48  26 278  51
  94  70 467 107
12
  21  35 617  90
  68  48 239  91
  99  92 610   2
  10  66  88  80
  96  26 470  95
  32  23 335 112
  73  26 244   3
  67  19 307  99
  48  41 619  67
  24  16 110 112
  35  23  65  37
   3  45 381  14
11
  52  90 199  41
  98  54 243  40
  24  44 220  41
   5  31  41 108
  94  72 538  74
   8  95 295  25
  62  86  11   9
   4  93 250  13
  68  56  60 126
  61  19 145  30
  41  85 228   7
5
   0  32 169  25
  15   0 244  20
  56  87 127  47
  88  36 470  79
  29  33 253 103
14
  73  11 201  63
  89  88 400  20
  92   9 395  87
  79  11 218  73
  70  53 146  18
  68  68 531  19
  91  14 357 111
  96  91 565   3
  90  21 585 123
  53  31 402  40
  78  98 399  98
  63  57 660  99
  59  85 542  81
  23  79 449  22
2
  41  56 191 114
  12  80 313  51
3
  53  83 415  39
  23  45 609  26
  48  37 260   7
7
  88   0 548  26
  59  19 497  17
  77  26  96  42
  86  82 239   3
  20  56 244   9
  55  46 274  59
   6  45 542  84
14
  56  88  16  74
  32  92 661  75
  13   5 225   9
  66  19 644  75
  76  14 603   2
  76  19 378  75
   6  35 443  74
  65  17  52  48
  93  21 178  44
  85  77 205  42
   0  50 410 123
  39  66 199 127
  42  15 457  25
  52  70 339  20
12
  51  80 224 118
  37  70 624  89
  32  74 578  51
  75   2 493 125
  32  45  79 103
  53  12 553  37
  38  24 102 113
  35  99 202 114
  20  86 308 121
  42  57  53 105
  11  27 392   4
  10  39 270  28
10
  21   4 567 101
  62  25  58   4
  63  39 630  51
  45   3  65  39
  20  21 662  77
  15  43 539  85
  24  63 314 124
  30   8 180  75
  26   3 244  60
   8  88 189 111
10
   6  10 660  21
  49  71 503  55
  93  81 634  58
  94  88  24  88
  89  92 154  13
  38   8 517  34
  58  13 150  43
  55  54 502 124
  19  14 430  30
  50  69  60  66
14
   3  19 537  67
   1  67 374  33
  32  75 397  86
  52  62 322 118
  48  27 579  87
  92  93 326  68
  86  65 177  58
  88  18 484  22
  52  43 581  88
  65  53 660 120
  84  49 629 100
  72  36 576 119
  10  72 547  72
   0  54 272  32
14
  39  67 345 100
  98   6  36  85
  62  58 369  56
  44  81 290  61
  87  90 141 125
  22  22 192   7
  53  73 318 124
  11  35 300  20
  24   2 337 124
  65  74 419  35
  83  27 279  96
  83  79  43  24
  37  22 157  15
  20  11 532  14
6
  62  69  48 106
  67  30  97  73
  95  29 427  91
  65  14 185   5
  85  24 408  30
  98  16 531 125
6
  16  79  42  98
  81  53 656 117
  63  94 535 116
   4  50  20  43
  40  36 246   3
   8  13 104  36
12
  66  90 261 111
  22  23 431 120
  65  30 503  73
  65  48 407  38
  23  15 643 115
  59  17 154  95
  13  70 132  41
  72  43 379   3
  57  91 344 123
  14  32 317  91
  56  31 487  51
  88  21 399 107
10
  12  10  74  54
  89  72 654  85
  73  63 593 104
  67  43  31 122
  97  77 640  68
  47  56  18  10
   6  78  37 103
  26  54 293   6
  62  39 219  19
  32   4  76  46
13
  55  35 640  52
  54  86 575  34
  22  39 137 124
   4  48 533  85
  83  41 666  49
  78  65  91 106
  22  67 214  12
   3  76 511  48
  58  58 664  22
  44  12 602  94
  25  18 644  86
  58  81 651 127
  87  41 405  38
4
  38   1 574  23
  36  73 127  41
  15  94 563  57
  84  80 119 124
0
