500
751 561 433 433
659 168 261 719
287 14 265 81
1474 761 65 748
1377 564 798 85
2014 889 906 388
1653 790 129 800
973 397 488 152
659 313 553 332
884 566 898 733
1494 970 258 676
1232 378 594 567
1545 916 298 637
1078 421 725 223
1704 956 1234 864
391 80 1050 811
34 33 115 115
1567 257 589 779
72 21 97 99
1128 544 481 1039
1551 675 313 1172
701 629 321 331
639 213 234 318
1361 363 42 1025
749 740 572 578
438 10 498 244
1069 561 660 673
1187 403 877 1345
1834 926 844 1252
670 570 36 98
775 552 953 877
1388 991 327 103
987 248 501 673
1187 664 498 67
714 322 116 293
982 536 343 714
1480 177 977 345
528 400 160 138
931 116 963 749
1357 898 807 955
1775 361 539 993
635 198 1112 994
746 591 833 821
1840 965 919 642
467 368 417 365
520 331 959 782
1214 920 163 228
978 115 346 888
735 705 168 148
768 180 534 73
1606 783 426 750
965 371 299 611
1226 811 417 13
1331 520 15 812
417 55 520 340
1145 28 719 857
826 571 406 631
605 218 255 579
1029 330 451 359
1264 656 730 437
423 184 45 212
1299 488 1223 717
1122 410 68 720
1131 591 1111 921
801 632 1060 969
1640 800 784 63
1751 877 1064 235
477 18 693 1113
1622 778 793 824
973 937 737 733
1033 50 292 715
612 207 1164 797
1153 981 637 586
1568 485 595 605
993 338 428 439
1146 311 836 3
1316 999 645 870
943 246 737 185
981 156 659 418
1433 627 59 812
1082 339 986 274
574 285 283 307
1071 112 986 471
1315 338 221 1101
1255 81 509 760
603 498 66 53
1881 942 136 957
1953 870 494 855
277 184 963 879
1530 527 105 903
920 837 148 79
1357 359 1303 603
1218 980 857 760
1276 640 475 870
729 50 217 554
624 428 980 911
1004 748 217 436
1400 446 201 1125
1022 392 18 633
1169 452 743 1424
1372 260 620 983
385 45 8 339
874 89 858 138
492 486 119 115
1324 356 842 312
1834 879 916 332
1475 565 976 1407
1680 839 967 416
1888 858 984 726
1573 766 1184 514
1033 389 566 337
297 189 878 850
942 144 744 125
1509 441 754 796
632 608 208 221
679 260 248 614
1066 938 947 928
1722 999 314 512
1040 229 860 84
1238 853 394 587
918 188 656 1333
1513 892 761 348
1537 988 713 953
674 645 89 98
1213 653 985 1079
1084 825 702 608
721 466 134 223
925 154 725 73
189 38 9 155
1168 319 1062 762
724 446 994 1246
1333 543 851 260
204 73 840 745
1433 580 839 47
1034 383 1038 1000
1176 244 31 920
1466 448 435 798
2065 919 807 533
701 385 1258 975
774 214 498 77
1595 681 784 438
901 166 720 185
1315 633 1000 441
1088 747 377 449
1144 231 846 387
982 74 150 1049
690 329 651 707
550 172 763 405
921 560 361 1
518 418 236 314
850 163 165 562
1352 320 551 997
1312 799 811 347
420 33 505 695
778 195 835 1160
1125 743 672 395
1819 851 269 751
546 304 243 42
2225 498 865 873
1384 458 1003 80
1003 919 405 345
1255 460 324 1033
1424 181 526 957
953 303 758 445
804 599 778 685
948 182 539 469
730 374 569 265
1729 912 795 276
890 50 861 55
900 664 1004 797
697 74 602 176
1256 696 1307 778
276 112 229 118
1953 352 944 709
322 186 3 137
313 304 390 395
1760 666 942 771
747 160 422 1003
742 454 770 791
512 170 149 338
85 66 302 296
310 301 954 954
1180 387 851 392
982 551 282 560
847 160 673 33
936 82 614 1415
418 289 84 188
1247 485 104 835
1609 640 701 1509
356 2 759 661
989 559 461 558
832 13 425 588
839 604 497 706
851 184 173 695
1223 402 1084 769
835 111 754 115
1038 778 222 80
1429 897 532 807
873 737 872 770
738 371 777 577
1126 587 815 311
1049 452 808 713
1555 580 822 1253
2087 626 794 918
1253 640 426 688
1365 792 104 503
833 762 641 664
1413 838 1107 818
725 366 980 637
1461 718 580 926
1636 870 941 1661
1551 760 931 667
895 293 94 579
370 31 192 489
1269 745 229 362
872 422 121 367
1004 736 816 860
1090 634 303 525
1507 907 772 776
1782 910 891 22
823 488 9 336
1534 639 905 43
1963 993 1371 594
651 146 383 488
1265 613 316 556
621 221 1022 872
793 351 1026 748
748 253 323 477
1187 400 734 1238
1204 710 151 579
1283 788 38 517
1097 578 1012 570
733 71 799 384
1966 930 82 975
1590 811 1071 681
1695 981 698 418
1341 325 782 583
1167 471 796 215
1116 120 459 893
1478 700 111 817
1455 696 779 68
1259 724 78 471
1094 298 736 243
1521 696 863 62
1463 433 366 873
922 461 565 177
142 18 785 823
1402 689 986 936
1284 750 109 532
1338 370 860 205
1005 243 833 134
1516 559 231 807
174 12 315 229
798 88 980 1417
1979 985 975 1368
672 59 50 584
1058 196 857 8
1050 848 1033 836
221 149 479 455
1092 547 161 534
1260 848 650 468
539 42 245 336
622 164 307 256
1210 816 1083 870
1029 325 229 564
772 433 1124 821
1317 585 704 50
1195 690 952 801
373 106 177 436
718 437 296 26
1788 911 831 498
1534 920 874 627
1294 498 1007 388
1371 753 518 775
575 68 769 1196
1018 364 1043 510
658 503 350 489
1357 619 737 81
763 357 195 414
1073 328 777 1282
986 333 670 121
1346 893 943 906
1147 1000 833 912
1005 81 216 832
896 93 283 1016
1650 936 402 524
39 10 58 38
1332 481 435 803
444 410 769 791
864 816 454 412
1080 549 273 269
1636 734 811 311
1811 928 900 118
1681 822 985 1673
821 86 358 820
1480 454 509 906
1404 952 971 1039
1124 362 483 522
1049 322 146 712
460 146 780 582
1664 549 775 418
316 69 1050 928
350 102 44 206
1442 862 591 986
1551 738 716 117
1513 820 545 404
1139 350 788 36
1712 616 589 950
1858 824 353 785
1660 950 498 756
455 120 892 976
795 366 678 252
1069 403 494 358
1293 367 866 120
1218 219 454 782
1316 623 518 1011
779 349 457 42
854 645 148 253
833 425 500 807
1228 229 886 316
377 26 93 335
676 457 443 652
1253 921 824 599
1733 992 860 1599
616 533 498 575
1003 175 1076 750
774 311 924 934
746 613 562 694
520 78 136 394
1199 839 205 276
889 116 916 330
778 33 371 693
1434 941 787 605
897 674 840 952
919 789 706 609
591 462 400 402
993 298 283 976
1191 521 718 1102
1110 543 1100 578
1494 367 834 735
1574 366 419 983
1360 961 999 1395
836 261 1000 1319
279 32 360 138
1101 598 158 397
594 311 166 169
754 704 675 627
601 448 180 54
1530 856 469 734
1219 650 860 1190
1104 562 297 512
1253 435 820 219
1861 313 994 681
839 362 494 22
1456 485 214 1005
1786 712 726 694
756 323 497 128
1232 343 1189 391
859 369 1418 984
1261 471 592 234
1272 405 1083 289
1031 35 117 1040
2146 999 185 995
648 383 385 268
441 4 108 335
654 189 604 328
1806 665 496 914
975 366 34 606
511 359 857 891
1460 896 461 176
1619 951 216 673
1447 525 796 300
562 59 336 767
1918 883 293 787
1688 481 534 876
2350 839 735 883
1665 677 941 66
517 455 61 7
1316 288 979 900
1073 265 890 991
1797 864 582 1139
917 569 231 239
365 97 846 724
739 367 725 439
1806 935 708 1504
981 771 926 803
1061 668 429 223
1163 767 1071 903
1432 135 975 731
1686 791 415 1061
987 362 601 150
1395 625 870 484
1878 860 597 472
1734 940 1255 922
1243 266 985 63
1512 578 659 1329
841 744 627 614
501 170 64 300
1014 445 889 1031
1925 929 186 908
538 416 271 233
766 583 247 263
734 185 795 938
1156 430 527 565
201 114 69 105
1807 474 979 458
1082 616 767 672
1296 252 992 385
1028 294 858 735
1384 93 942 351
1179 559 553 936
974 516 142 380
1202 293 468 904
1935 787 918 333
1128 586 795 1307
1468 916 478 983
991 922 366 351
1001 45 1242 358
297 137 165 224
456 144 329 197
794 123 671 2
913 246 617 96
1087 989 882 821
1490 571 99 975
1311 851 628 283
1652 831 913 1111
1430 867 78 553
2120 951 672 781
874 405 563 229
1720 828 495 841
1057 839 455 515
1321 687 453 295
615 37 945 796
1298 813 279 445
1457 530 914 871
1387 500 649 370
706 694 558 551
1651 1000 815 296
814 559 211 85
1186 970 658 757
576 159 620 627
1017 800 377 417
955 269 471 241
759 394 969 1310
1306 641 369 529
1703 905 1231 996
738 163 641 288
1616 618 572 475
938 541 103 297
1955 870 321 862
1662 693 469 1406
622 485 867 755
291 73 1012 881
1390 920 460 11
682 214 1115 729
1384 815 550 37
1621 704 938 89
973 169 904 109
1295 642 541 797
1828 985 1285 721
1818 933 915 700
291 272 609 623
836 174 1304 650
1149 231 1173 810
568 65 797 1059
1508 777 787 398
676 553 531 619
815 497 195 230
757 153 651 288
1034 739 949 811
647 73 764 1303
2032 593 937 971
1451 892 1056 698
709 86 621 4
1054 418 1312 846
744 186 1313 809
1009 13 1518 869
514 302 258 154
928 730 723 850
474 258 163 135
776 771 75 77
954 511 835 544
1155 588 912 406
699 28 639 148
905 665 227 346
1284 630 627 379
642 176 69 525
1387 596 915 512
934 122 794 23
1551 596 462 863
582 89 376 696
1260 842 955 1302
880 177 242 840
792 309 483 13
955 404 651 825
880 184 157 822
1142 146 1144 210
1044 845 430 308
975 324 244 870
1405 443 371 1135
