87176008950973
1871456990
60548349141697
23870545847545
28881020775279
19427782754984
48472669546831
67379245480204
86545366081002
64672453186915
20659119450787
30288548881
18282989423854
75901842249202
3477744687082
88675557607025
13101187127927
85699873934019
95864079278134
58589868444355
2900458006174
19369189970538
19839765293602
81506901099088
90014595382
21915587137338
84559902450805
40587490443481
60735788982946
66721957964995
19800358678055
65401262374658
44339050365868
97201766675476
43743561007169
89007683986789
53551326309913
4318762439610
36945436115800
6229200995337
32091513392690
25097647645252
99015256942297
26122943887627
50351147594939
30730382912932
60428927487215
30434161143019
77782027339645
9704188776972
52907080961622
62427327594310
13297701786961
12774755223847
62589912895986
90521085249907
17550299331412
57540303178959
27860574007763
8689564460368
33443539524121
5323463907785
90578342707571
92435719124319
27328799324746
55363393974493
77145943134763
21341196464485
85356980791491
28394127345275
95067343815945
51309548353405
20737302407082
23067935601359
44362860908553
76444993103006
39428245510457
71035309250543
50039930803422
29568006461368
67078312563505
15615575988148
6540073375562
60397088293018
3723046866451
66130045838362
96975795604814
79098789248707
27570548434527
5906125148421
2513989075555
11344855072816
83140637994955
33091218814781
33940716346259
65383954401269
53208381342779
94625690511824
62301349922434
79165732536184
29503459538122
96246958751474
99839572961403
48564235799269
39510187797896
89617520301328
98062486479334
15550910425507
28020453747990
35700900007717
13988430830034
37770785591535
2307032985997
27698955537106
47390013209382
82485445840640
77120414066157
7242547546672
47317644893575
372521448496
43684622728259
74786987202011
57777153097159
81874903162807
50149287617368
19380508839616
1474820454031
77985529741448
64632065070486
80977522690714
98268219710050
96004807473475
21249085135156
74794816234513
82536693813974
30471153842621
2019836866120
86576264011524
23469631562886
83464709727056
33147864011332
55309240878581
1145843581322
81807660910870
70861752019798
79295258123536
28018924820189
71492225951566
54111477724989
37938160178353
96175734446570
9219580011332
83242014334756
10196166685002
21930841822834
87645622377520
536602934344
61192795071746
5643184005650
7100739156391
51179579024260
45891536164253
81043818168765
53840756545022
72993580112859
68306878514524
47301014502934
77514117073142
54167839466368
95642966411602
95346441070561
52577493498109
24916184825032
57168820083922
373825625681
75031592746375
95412845967786
598732103420
13165872748935
14755545752572
81371786191138
64755511134455
65382747823702
74481717295774
45243121485323
19413231042932
80365967535910
16869460569812
89037357050071
15455570579719
61015525649073
30081873392750
72717792590866
71233547544202
11929067469642
42007665732154
86628906927700
90152413487882
67238948677622
17837759202712
73788407271751
31276607940565
47754956052147
63260771025133
32731417021074
5505877555696
50402316551230
44012257297300
5163593535077
47741252862950
67232956431256
51033582657762
61267325290097
71459587790079
6367167041837
27541155053125
5544739367674
40661800396998
24471367683153
17601476815351
58373364912234
36918377577839
18092278763436
37792515831775
84519830229505
44808453745044
68498464105670
99372578267530
94637463434399
38329431398391
32536639323395
84546735914813
14879320741993
49821765888298
16369098382132
76008147090688
30822021768481
22481593818193
92399754667407
6630781116334
51223803263233
47607853269813
10523883112623
15017464327533
6607769608897
80900972141064
67313903874187
14972543092704
97345355917118
98744593773223
44147572541906
72931231553308
28932855523126
2468263239703
48028656420350
70940728880887
40464451291009
98867093352627
40243632061523
77754338883824
97051551990679
46522399791676
6177504665336
59527265349186
68585849826409
40517642626143
17446790318360
10027054272876
91178240645930
51516894555928
51893066994984
19408169558248
25641182919167
94293002305266
14877935123545
94200491183426
41708689119824
43857518364307
78872404606146
26750806056551
32586517955628
24772541437050
86403354268093
51450432988048
23247506039707
88210079641378
38313285833470
68068650619555
34797129513862
23900339478515
74001873569692
51160868156819
64046076441597
91160571299020
2907292807552
75726576783023
18639914964760
74717968711904
42053094483742
24920827433983
62169285295158
83245357395432
34465191347484
41834027142645
57470538259423
25030509967056
17152332716850
23982967776228
67409788877319
25317204240572
89481064909408
86156613881647
96753503982469
85997207142968
52456631728920
94360368530386
14103257602198
52083243594016
74941655932783
64907059255651
11212985823766
46958161754631
19397031252489
84662638280422
60193267670994
72632577783725
6234862003105
91076209814945
73331352466519
21065867324320
70063265462686
16187752770732
16929711688166
80248046227959
22574886581040
9406736723150
36643524119601
44240028183096
4453116256596
26702495734639
34523262664740
84749855393503
8220950089847
9608499909085
24696149367043
87972727792555
84998304065373
92585761355816
87004805389922
52066945368505
52472453162711
71622127162279
4591484952512
67310478051594
5889684490505
68924010478141
2837315422342
56940806565820
7916633487161
60726718030439
28067637129429
32287315612129
71069929540827
96294529751693
29209353264532
72509951141782
91447162342768
94253252769037
52758724532137
90394407782447
52620633430252
34935654593530
64903818445513
8242810119637
12278456067367
43811701054535
88971270364952
35517163657911
63246134532399
73042014165517
70562821733597
23081532443234
67872616644799
45782539215924
19215250328990
82895660074500
29680181475121
26277966325291
93498588553256
70556364557668
99460647970653
36720613889457
50815808533774
95471164066664
64649591242138
23188982805948
59642451849107
16893670957084
88959874489717
67267609460810
5216456681954
56410554795724
51990687971632
83812503022392
94418654675889
48284701037620
10692977084263
3985988367197
40116638960115
52278781851352
3483334610548
79065568299406
76231969624366
36485803472185
13433602830275
63051279816398
85894836662926
64936885423166
56588689917010
90596834540290
87907484309409
13574859221458
63228255765999
62907233444491
99624621102052
4052095222315
83655070866586
57280170463195
15701473278431
93853671945873
7428792325881
59967526951837
2932310555483
65435862557611
6886333558612
43117494435220
5322044721023
38459762824020
83728666602344
52965373245030
57557297155693
97097137996954
83603738145306
14830819501488
4555200732413
7503857824997
58711554169384
13676952462169
16451863000993
9723926196586
11253559433207
67176204667072
13283276730022
57405146399125
65255859931373
51427869007873
80170775852527
71176361781205
33957329591966
39516746907562
45454113367412
35862265305348
79596968582314
94420555750669
87176008950973
46146972343638
79141271125110
29282249798683
71646703771798
84041404309954
51233900126941
68134902351590
24821551515013
18388220471952
37959159771575
87375583137004
15433441106632
73311334056874
17330409215200
52793034578817
86618511269064
4112943349945
3247949574645
5501334405154
4898310480319
3556849530940
28272285347637
84447840890896
44501441534755
1035919053217
59452093590651
97438828885570
28354903328669
3495717109459
18538808444600
27704596315357
54642986482067
8563751169042
74829420001316
583454339401
17135400994647
9967620192324
84175036959071
16615377227779
37177934608096
62759182109784
69333692048354
6026438075680
22207334103235
28674678850123
89223374842046
71732161191930
96739309623937
80605438062029
35918835873172
4802160090018
65068161876871
9330210577789
91204418369282
19573748941690
84626082351713
69319080216874
68322269631367
11396359245448
75874540374131
73674788315865
78317796553021
67295111644762
16704157057777
29544512379010
58050218896609
68307455356727
78395288319907
54440094404444
61974830078478
30092534810504
24172122504439
43001697272311
6568536493927
16114493882671
6499824430573
50507344805797
73921524806418
26409970213467
75292475186804
48800794883170
26965051911118
98856009781261
13202819030587
39132348756970
11194910113905
79525033261192
42311864686180
32447611402549
77196448361701
7877298642515
39131506456732
66192667836300
19810308134970
80055670269582
1516391975929
55296939655200
38995963158277
55382121364696
49847847473560
36557394352906
55854469775187
62661634745158
1819443627487
28181385658617
22501259147851
38044533853837
27930055536673
12313717349410
77900300649694
70083731009467
68874408383662
53981439497065
60498628971058
86306310580645
46503141749980
19056133424994
21429881654889
53951029981936
30931360563746
42699892164121
35700548889089
18361541369601
50395417291546
83577897697045
30333439612201
43732234803055
55506241261976
86696247171010
66665470841832
92139102979324
79106756652118
99617070571723
43830804253989
69631353630470
56196876288686
97696759260840
75362331283115
99607549122541
94016365903449
22148093764045
70500647594901
23898665464675
92807485729233
41793920323354
53428442458452
57509243705683
50628905483653
90938745891490
98673494625026
55441621362718
17169134553715
78115223525357
85111129456487
71983229963764
69381177589802
98108272091512
89944683289018
43558435268835
37078352960887
92999335675279
27921208318930
40282196714200
56403091130194
93597872784100
76076887899694
14614114654094
37339086324099
17670128893680
74694478894849
33956326225330
72477669441145
16281487078749
38269256060344
29561824972539
27858335547167
78830794568998
52752117011914
41645354221169
97637219227565
8868570009949
97144876260949
67722564775753
95864531049693
79315167162811
37745776455520
91808078746528
82438874374606
50902208018164
63115399798264
40838702414723
39750776334613
66390928398891
52876491585586
54157350137318
23239077097045
62809978231472
21644960555128
64918421567821
93018500959636
70745014335657
97319241420821
61382149721221
50235406230021
14353121982188
49931615453259
8560614240125
27573648233058
50218315377915
62658404796142
92429951775702
43496094157708
77285655395339
12801604751874
78269123778788
18232752862294
98493165523524
52332402505869
3531874394722
99869944882687
73711645952943
83920473477847
1597784848606
35867753916589
50027783751100
2342626013074
27360962853082
89205646169570
51175723732678
73425901308865
83667821504356
82588794502152
73215954471905
66533900367796
92077211507976
92569378316763
87538553725772
3926319759513
9203563364111
3398934660254
58758966676990
55672467854398
20078663192049
14514145057237
58116728126043
64713396288850
98120834824933
99265449676864
55291339570776
12726477332057
2834415600412
53674427202712
13339344232923
68212955366062
56593301822490
72716204245803
66888784714164
64813302252876
86466643620588
52719029470450
95136909261805
33936436239949
2665557084007
62431754925781
48314507373391
15842003676666
62878376470715
17702980830897
84999553659090
82126386937299
82239278629327
86118249324178
30051410424895
87677427259345
96770461507985
48573675619214
10330480652403
76706033918595
81119992910960
93005563690181
76866790473402
9645173190268
60881815453918
19788924580207
73155801445797
11308971030833
54096225682159
37072412573359
60543694272364
32101109153389
41091511591852
14271741366570
82917749351773
84228295249682
13704160214209
22529387852563
72752796275362
37568833590502
82406568919105
94609549130855
11639794999879
51214859644880
94379900738999
42011955964125
207546733153
40232083183116
16292406439471
64940607011014
34857885782314
40977255754838
56124445459334
84388232053283
40419474088423
70641435872017
90051090816793
1962486733777
86433898542114
61878116035057
16525735308504
74205556607948
95853558545384
77597976089917
27258595410077
52444746531428
85473657424099
99871215554089
45114161139543
63957532778098
88535369721393
52388967392324
98338540366417
30779845250905
81694796059324
20083020699748
34194155070778
6093160363179
12448144007086
0
