53222408254259194977503272347649028428465366944945534440067926464992317116505708420932212413136952029049131915845133206505931679690495830953044581287595504541866817945362284707134339238516346324870756179854504639822154945469889877037036140491947844200189890850020161110462893206142506931410261
76370410449266563211783423823132902641924637792455073411843865872829504014274411091587424708865675667811625357917332586865058295352195671201186736110838878988034331487944565606044803363943943403320106688617987326602481476284633556307623432283931454123
7611987694431786032310858503730640727374648661
412646679761793424966374741
58074857287840164431082599668355108088491
768614336404564651
99134460565185537519870833209993370675417346777292963937051457287729377144026958236344554299743756705986581586012864870030305683036327047186055372073492975052198056029830658262845760655619849124682613052156762480404516580458525339210473262689910538867469673696942927521584356587645611
19092602612316640802945855955783225660481159448113768352960966468207376003568602772896856177216418916952906339479333146716264573838048917800296684027709719747008582871986141401511200840985985850830026672154496831650620369071158389076905858070982863531
13377217360301649747825596829427410546748707587746108651474713396882965480288393204024420512587454353909767071676071720665027446111510731666889991176991477584724995094625967911254027704580491936419914885803
287572764449606824476448160928209393852129540507099439798438509324971
20127799599048220545288291098604100751556913175554348951339766934643328866091460544459342534280846760221164666830740506132109784692932227373660982674307712232796775077205
100743818301219097892181
19550825075012240182216556498722023076332707274868498793432029663444353027654249239446380725469612970959776091626837142237454923610162091827503804444374753020936788860913808795147469661169649511249947312286204755610235257928866190414751598664686452255403
4711592172742358212222126668647782708873290391668317221657616536780319403
2751534016331589824751769713106857325618996489771466261083128692847259909149608643095923207748214520284762473923214211869178893539076487173179890512827810296397847312494818146712143321231387713817834546396933272938270980691414384056449983847744981648383013442175718741
3897337699549074448543159553910088052415820114603
1
60569893691300574212443650657333711196136780057276505023457516598386607342783160277182587559480297130063543467188848161127883469051221
997718451084563058827048845800982541418449949338283
37290239477180939068253624913639112618127264547097203814376887633217531256969927290814172221125818197173645194295572552180204245777439292578704460991620546380876138421847932424826564142550753614902395844051751624317617908342106228665831754044888405
721298133177228283019727919672684006767066215814651251545375688057752101624115008135737693371947947205528773964127066356234031867907666653526069218594733502338917285886641608251708098800880900851062419330677675901130107962370132294094024565783260469233716675785711613728085
74981896575719939713508975128099697647828285305031943885012592876863959677858131171984011435064847619165348510558681585386804434258238328150141919681086064252245
10496269288374289797789648868968419363475786170087685627300753375424422871206698009856884795182092744006204505627495620228496145397478054707259714175521126924125088930110237681244443211484480719825113473499043552163204119458825622773933349028568197816402486580565
88049088522610874392056630819419434419807887672686920354660118171112317092787476579069542647942864649112399165542854779813724593250447589541756496410489929484731113999834180694788586279404406842170705484701864734024671382125260289806399483127839412748256430149622999723
249429612771140764706762211450245635354612487334571
149963793151439879427017950256199395295656570610063887770025185753727919355716262343968022870129695238330697021117363170773608868516476656300283839362172128504491
12297829382473034411
1040582850105330743793865743264388768582866047554990383619718986541790579606588540040102034354497323719942310373802207631815991893096095102096725
19550825075012240182216556498722023076332707274868498793432029663444353027654249239446380725469612970959776091626837142237454923610162091827503804444374753020936788860913808795147469661169649511249947312286204755610235257928866190414751598664686452255403
364541787463835320728750371186270227558861571815535406070961767734992166533229320537252196170508971
242279574765202296849774602629334844784547120229106020093830066393546429371132641108730350237921188520254173868755392644511533876204885
291329995915476086470731444637805567329119254274196904799819434634511962945077556959485720477545454665419103080434160563907845670136244473271128601497035518600594831420686972068957532363677762616424967531654309564981389908922704911451810578475691
71508308959693851197728133323764512679889951043159431347858994366516074827058917209609996256890151614346836576994592271220020708330381706380979461365781845
5532687425174657278016543818254881534683261642989915866660876439587537081883877528532942731929471725717597182148401052243193534767215700410515833112151951582748242404535346031580501
308778904632843187796189293356501087608719959108374837438553557354435012373163
24917009026374015487405651862597857689016885287586801967536496737753908113182323433504291833541271004657758533351256923126107912718338392054457201020776252420106893581572860314052603588589452088661
12757508621503495929551693753650103136776645267244442607378686329730000953949349597954197418773130754384772369075843544640567251311789256731882086922637441239094729513765304480794933037357799469394603
8570336236047948136223797825819533880118415966841561788274005
1221926567188265011388534781170126442270794204679281174589501853965272064228390577465398795341850810684986005726677321389840932725635130739218987777773422063808549303807113049696716853823103094453121707017887797225639703620554136900921974916542903265963
876689316924728917873498313813354777591723300470528976583046817178122025716180137018944422712931408537830494809363036285503238708363967310521302461775313474992537278521407433031943959647387119545215541955963563
135661100929359014365231359674504756615087042690346438810145219152100366980339194163440596534658900771950885225289576018186214226361477967943590414476131796185204215078003225880189581012203247573424581220212536661411351481882252223534421
126344245792700922456785440141805220968171062590877002859623375490401281956899160671458203843477089676960264542409755306491827803069239452428734316002700288021195880210030102990744245249967321356222574804176144917878649646306645
264963087752654324932092499364267102763841880254582888301064881156446029258474988600469915106755665570216572705643703160519949660862261656139825028273694914424226982574225050547245275414459467916844885195727610666819045863051273874091
6812468256545176957120418860499075638843566968953028408328694587519016590912730677879323188881529859718288885228177050432759255000383466361989706404812224581358952697006372442513195422530092329583456791021376593897235833020145904260740625982969324057624306028802580622139250330386240887220513451
892923839321889434123687540883334842134504009754611339536458656975292542604113435410998649013079881772995560764627622354322621071410261702998714797891547900327880647902019248785089550421864261823162848512753872915298495105616563963263795328839755242880933039807211847305035819304385365569767139005781
174763
7433581732843541047178572757549453835326805
6115996309306857364295522387472231842124173304448749663300236905031794336235959488186716141627001830812331
291329995915476086470731444637805567329119254274196904799819434634511962945077556959485720477545454665419103080434160563907845670136244473271128601497035518600594831420686972068957532363677762616424967531654309564981389908922704911451810578475691
408240275888111869745654200116803300376852648551822163436117962551360030526379187134534317400740184140312715810426993428498152041977256215420226781524398119651031344440489743385437857195449583020627285
1785847678643778868247375081766669684269008019509222679072917313950585085208226870821997298026159763545991121529255244708645242142820523405997429595783095800655761295804038497570179100843728523646325697025507745830596990211233127926527590657679510485761866079614423694610071638608770731139534278011563
