Case 1:
1887
501
501
501
501
726
1279
1054
501
726
1334
501
501
501
726
1887
1662
1054
501

Case 2:
0

Case 3:
0
0
598
598
598
629
0
0
0
31

Case 4:
578

Case 5:
581
1021
0
581
581
0
0
440
0
0
440
0
0
0
0
440
440
0
0

Case 6:
467
415
415
415
1190
1190
415
415
1123
1123
1190
467
1190
415
415
415
415
482
415
415

Case 7:
0
0
0

Case 8:
0
0
0
0
0
0
0
0
0
0
0
0

Case 9:
0

Case 10:
412
104
443
135
104
104
412
104
443
412
104
104
927
443
104
104
412
619
135
135
104

Case 11:
982
1378
1661
1263
584
1263
982
584
1776
1263
1263
584
584
1776
1378
1263

Case 12:
0
771
0
864
93
0
0
0
0
0
771
93
0
771
771
0
0
771
0
0
0
93
0
93
0
0
0
93
0
0

Case 13:
0
0
40
0
0
0
0
0
0
0
0
0
356
0
0
0
356
0
0
0
0
0
0
0
0
0
0

Case 14:
195
905
0
1191
905
905
905
0
1386
286
0
211
905
0
497
286
0
905
0
905
195
0
286
286
905
195
1191

Case 15:
0
0
0
0
0
0
0
0
0
0

Case 16:
110
1914
1914
923
110
960
1101
110
1951
110
960
2764
923
923
1951

Case 17:
0
0
0
0

Case 18:
0
0
0
0
0
0
0
0
0
0
0
0
0
0

Case 19:
0
0
0
0
0
0

Case 20:

Case 21:
0
458
458
0

Case 22:
0
0
0
623
0
0
0
0
0
0
0
637
0
418
0
0
0
418
0
0
0
418
623
0
0

Case 23:
0
0
0
0
0
0
0
0
0
0
0
0
0
0
0

Case 24:
0
0

Case 25:
0
0
0
0
0
0
0
0
0
0
0
0
0
0
0
0

Case 26:
0
0
0
0
0
0
0
0
0
0
0
0
0
0
0
0
0
0
0
0
0
0
0
0
0
0
0
0
0
0

Case 27:
460
1245
460
1204
460
1543
758
460
460
460
1245
460
1245
758
1691
1543

Case 28:
0
0
1084
0
1084
0
0
0
855
0
0
229
0
855
0
789
0
0
855
0
0
560
0
0
1644
0
855
1415
229
0

Case 29:
0
0
999
0
0
0
0
0
0
0
0
0
0
0
0
0
0
0
0
0
0
0
0
0
0

Case 30:
917
1328
917
1255
1776
917
1255
1365
1255
1776
917
917
1255
1027
917
1365
1027
917
917
1328
1255
1255
1365
1776
1027
917
917

Case 31:
764
2294
948
1530
0
0
0
0
764
764
764
764
0
1530
1712
764
948
0
948
948
764

Case 32:
354
762
526
1214
526

Case 33:
541
50
716
50
716
50
541
50
50
541
541
716
716
716
541
50
50
50
50
541
1207
716
50
716
541
50
50
50
50
716

Case 34:
0
0
0
0
0
0
0
0
0
0
0
0
0
0
0
0
0
0
0
0
0
0
0
0

Case 35:
0
0
0
0
0
0
0
0
0
0
0
0
0
0
0
0
0
0
0
0
0
0
0
0
0
0
0
0

Case 36:
1103
675
675
675
1259
675
675
675
1687

Case 37:
0
0
0
71
0
0
284
0
0
0
0
71
0
0
71
996

Case 38:
0
0
0
0
0
0
0
0
0
0
0
0
0
0
0
0
0
0
0
0
0
0
0
0

Case 39:
0
0
0
0
0
0
0
0

Case 40:
362
1307
935
935
362
935
1641
1269
362
1641
1880
1307
1641
696
362
1307
935
1641
935

Case 41:
0
0
0
604
0
0
0
0
0
0
0
0
0
0
0
0
0
0
0
0
0
0
0
0

Case 42:
0
0
0
0
0
0
0
0
0
0
0
0
0
0
0
0
0
0
0
0
0
0
0
0

Case 43:
0
0
0
0
0
0
0
0
0
0
0
0
0
0

Case 44:
0
2090
0
0
596

Case 45:
1025
2178
0
969
0
1209
1994
0
2513
1659

Case 46:
0

Case 47:
144
1097
743
994
395
498
144
144
395
498
144
498
144
743
994
395
144
743
395
395
144
498
144
144
498
498

Case 48:
654

Case 49:

Case 50:
591
591
2234
1153
2234
1197
1197
591
1759
591
591
1628
591
2234
1759
591
1197
591
591
1066
1153
1153
591
1672
591
1672
591
1197

Case 51:
0
0
0
0
0
0
0
0
0

Case 52:
0
719
123
0
0
0
719
0
0
123
719
0
123
0
719

Case 53:
0
0
0

Case 54:
1035
1128
630
603
630
603
1035
1008
630
723
1008
1035
1008
603
1035
630
1035
1035
1155
603
1008
630
603
603
603
603

Case 55:
0
0
0
0
0
0
0
575
0
0
0
0
575

Case 56:
0
0
0
0
0
0
0
0
0
0
0
0
0
0
0
0

Case 57:
0
0
0
0
0
0
0
0
0
0
0
0
0
0
0
0

Case 58:

Case 59:
0
0
0
0
0
0
0
0
0
0
0
0
0
0
0
0
0

Case 60:
745
1671
1222
2148
1335
2261
745
745
1222
745
745
1671
2148
745
1335
745
1335
745

Case 61:
0
0
0
0
0
0
0
0
0
0
0
0
0
0
0
0
0
0
0
0
0
0
0

Case 62:
768

Case 63:
0
0
0
1381
424
0
424
326
0
0

Case 64:
0
0
0
0
0
0
0
0
0

Case 65:
282
0
0
0
0
0
0
0
282
0
0
0
0

Case 66:
0
0
0
0
1135
0
0
0
0
0
0
0
0
0
0
0
0
0
0
0
0
0
0
0
0
0
0
0
0

Case 67:
0
0
765
0
244
0
619
0
146
0
244
619
146
0
146
1170
244
244
146
0

Case 68:
0
0
0
0
0
0
0
0
0
0
0
0

Case 69:
0
0
0
0
0

Case 70:
0
0

Case 71:
0
0
0
0
481
735
0
481
0
0

Case 72:
21
21
21
235
92
21
21
21
21
306
1086
21
92
235
21

Case 73:
0
830
0

Case 74:
1206
1298
804
1806
804
896
804

Case 75:
0
0
0
0
0
0
0
742
398
0
0
0
0
0
0
0
0
0
0
0
0

Case 76:
0
0
0
0
0
0
0
0
0
0
0
0
0
0

Case 77:
947
0
1365
629
0
736
736
736
0
0
0
736
0
736
0
736
1365
0

Case 78:
0
0
0
0
0
0
0
0
0
0
0

Case 79:
0
0
0
0
0

Case 80:
0
0
0
0
0
0
0
0
0
0
0
0
0
0
0
0
0
0

Case 81:
0
0

Case 82:
2159

Case 83:
0
228
0
142
142
0
0
0
0
0
0
0
0
0
142

Case 84:
174
0

Case 85:
0
0
0
0
0
0
0
0
0
0
0
0
0
0
0
0
0
0
0
0
0
0
0
0
0
0
0

Case 86:
0
0
651

Case 87:
86
790
321
321
891
86
187
86
790
924
321
86
86
891
86

Case 88:
0
582
0
295
0
0
0
0
0

Case 89:
0
0
0
0
0
0
0
0
0
0
0
0
0
0
0

Case 90:
0
0
0
0
0

Case 91:
0
0
0
0
0
0
0
0
0
0
0
0

Case 92:
949
161
0
0
949
1110
0
0
1013
161
0
0
949
0
0
949
949
0
161
0
0

Case 93:
0
0
0
0
0

Case 94:
0
0
0
0
0
0
0
0
0
0
0
0
0
0
0
0
0
0
0
0
0
0
0
0

Case 95:
975
0
975
356
0
0
975

Case 96:
0
0
694
752
1109
357
58
1030
715
752
0
694
357
0
694
0
336
357

Case 97:
0
0
0
0
0
403
0
0
0
0
0
0
0
0
403
0
0
0
0
403
855
0
0
403

Case 98:
697
697
697
697
1356
1680
1680
697

Case 99:
1184
1616
1616
1523
1616
1616
2021
686
2114
2021
1184
2114
686

Case 100:
1551
753
1337
1846
1846
753
1551
753
