10
901 12062 3578
1097
4798
35671
64127
80441
111088
127301
132334
158785
176155
179071
191955
209883
221611
227882
232566
254973
258911
271930
272507
294468
296632
317459
340463
358102
369249
377445
388291
417267
438655
442416
467636
472620
474355
488699
515752
519770
522637
536121
566391
566841
570932
582888
591918
595130
599284
618065
620463
628480
649731
662270
686546
696077
707506
733928
759280
780582
806483
814533
820954
823004
849672
865943
871499
900817
909451
932190
957884
987172
998622
1010178
1028531
1054861
1068781
1074024
1096829
1121332
1136421
1158586
1177945
1203751
1236465
1256157
1278227
1296529
1324853
1349658
1351950
1364881
1378727
1393650
1398208
1425871
1447210
1460006
1473438
1505722
1532688
1556466
1587573
1602166
1604425
1621614
1644343
1661819
1681803
1687850
1713204
1725924
1756512
1757425
1769416
1787503
1810477
1833665
1836912
1865513
1887266
1906420
1924445
1929170
1941281
1965206
1993319
2005989
2036873
2060265
2092671
2098529
2121989
2149154
2171526
2202414
2202421
2232396
2252441
2271809
2296916
2311006
2336715
2351211
2368462
2399109
2422867
2449366
2455742
2476698
2491683
2497079
2503780
2509255
2536437
2546345
2568328
2574946
2581704
2594112
2622668
2628079
2630086
2638661
2665968
2685021
2701477
2704168
2714117
2723688
2732142
2745115
2774157
2779695
2784949
2813283
2833810
2849795
2871118
2899289
2926247
2946387
2957661
2987029
2998492
3003870
3009771
3019732
3028642
3037955
3044312
3045629
3046554
3053895
3068234
3069926
3101785
3129361
3132042
3135044
3152929
3159696
3167308
3180360
3208828
3240141
3256169
3260780
3261651
3279865
3305489
3306744
3334130
3338463
3355227
3357224
3369335
3369869
3387225
3407381
3408186
3430187
3462544
3466556
3479962
3484929
3504099
3517123
3544520
3569072
3577325
3601251
3624178
3656598
3682508
3685129
3702122
3722600
3739489
3748903
3779258
3805175
3818738
3841968
3854756
3886633
3915086
3921096
3951894
3982877
3998033
4022053
4044560
4055684
4085476
4115226
4128881
4161320
4181859
4187735
4188863
4212642
4245375
4254814
4259546
4284228
4311938
4343193
4361115
4370732
4375311
4403247
4433771
4454283
4470600
4479360
4497346
4503840
4519534
4530006
4534689
4565981
4573162
4579268
4609516
4627389
4641737
4648627
4676804
4695242
4706466
4716577
4719301
4734808
4750072
4769300
4791103
4803945
4835587
4854069
4872787
4884548
4898279
4928288
4930057
4939071
4960101
4964707
4973905
4978864
4997358
4999213
5014523
5041690
5064505
5082030
5091986
5119106
5125940
5138213
5169464
5185013
5190516
5214366
5227616
5259582
5290766
5322852
5337736
5356754
5369061
5384988
5388761
5405153
5423714
5426586
5449916
5473955
5477536
5503320
5518424
5533383
5549830
5566636
5593099
5597474
5612115
5624225
5634249
5634434
5634843
5643917
5654386
5658036
5664429
5677898
5688595
5704897
5734772
5746216
5749784
5775180
5806525
5817227
5837170
5859375
5890547
5907256
5931175
5956674
5983566
6006364
6034906
6035538
6062569
6073646
6088885
6095937
6118222
6128474
6138709
6144617
6170740
6181386
6213658
6234649
6240295
6252198
6254951
6274129
6305508
6309187
6329945
6336935
6344995
6368705
6381414
6385758
6389012
6417054
6428151
6459825
6471370
6484080
6490594
6491459
6498770
6522135
6526948
6533578
6542147
6542747
6562817
6586858
6608696
6623677
6636248
6636594
6653111
6673456
6700259
6702429
6730515
6737553
6751919
6781873
6796205
6807549
6830331
6843036
6865721
6876517
6882252
6903160
6933861
6947472
6948723
6979717
6997492
7008962
7040636
7040778
7064136
7069730
7082898
7093682
7122525
7127235
7138897
7170062
7178294
7186536
7205390
7206996
7224505
7228915
7240068
7262267
7274739
7304062
7326329
7334426
7353052
7374898
7384148
7414062
7429246
7441089
7470235
7487501
7513228
7529363
7543912
7554130
7561078
7577007
7602640
7632497
7660507
7673148
7677998
7709885
7714170
7725773
7735919
7766180
7768459
7797318
7815740
7818512
7837577
7840897
7853860
7879938
7903599
7907997
7911597
7934295
7949920
7977462
7982676
8008895
8012486
8042463
8059013
8078568
8098010
8121336
8146297
8169421
8174752
8198208
8211726
8223814
8240723
8242646
8271493
8283318
8306236
8338788
8362809
8379132
8385795
8409666
8436032
8449153
8459111
8476483
8493310
8514947
8520805
8537138
8542377
8544909
8572123
8602375
8618172
8621854
8633232
8653760
8662105
8669306
8686760
8693232
8700058
8707002
8721306
8738565
8740315
8750589
8777349
8795182
8824293
8826320
8828410
8847105
8872469
8895687
8916027
8922052
8946799
8955971
8969956
8970356
8973985
9005159
9018884
9030506
9034229
9063490
9083820
9085124
9087796
9095717
9123559
9137515
9137529
9149224
9168166
9199320
9215734
9216228
9248026
9252482
9267876
9290840
9311746
9326586
9329128
9350402
9354850
9386175
9402661
9428770
9452849
9455799
9460288
9470007
9486451
9505381
9523220
9547937
9555012
9580993
9612751
9640313
9645393
9662667
9684302
9698715
9707977
9726154
9752410
9784536
9812912
9842490
9853147
9857121
9858991
9866602
9879549
9893724
9909071
9916878
9944132
9951918
9960866
9976314
9985164
9993964
10022239
10038357
10049022
10058633
10078062
10102902
10120946
10133032
10154208
10159410
10174658
10203428
10221405
10240861
10255247
10255433
10267391
10284089
10307314
10333883
10337434
10363538
10373789
10391816
10404730
10435986
10443253
10456694
10485134
10515516
10530189
10540150
10554624
10571931
10585501
10614603
10643010
10670499
10682468
10697439
10719625
10736318
10739580
10768082
10769082
10780688
10807070
10812584
10828479
10833501
10842705
10843958
10851676
10853810
10864401
10889781
10917469
10935724
10954079
10983691
10983757
10992251
11009095
11013058
11024010
11045266
11050963
11073840
11100371
11132162
11160295
11160906
11185728
11195531
11216927
11229872
11231153
11236189
11242633
11269728
11282853
11301251
11304796
11332767
11350407
11382789
11409819
11415055
11444843
11445944
11450536
11453434
11480118
11489977
11497158
11520706
11546680
11558046
11570316
11592078
11619901
11623767
11636296
11644445
11662592
11688123
11708501
11715536
11733276
11744453
11771223
11791582
11806052
11838599
11860343
11863232
11888560
11906504
11910528
11911874
11939095
11968592
11990257
11994059
11997335
12027370
12034566
12046940
12054328
12075540
12081829
12098473
12100749
12109913
12116293
12136701
12165815
12189797
12219581
12248121
12253388
12263106
12288524
12304016
12307123
12314952
12342026
12353642
12365167
12389946
12403976
12405117
12405465
12412181
12419684
12449810
12459981
12460052
12462611
12484226
12490692
12494167
12501002
12525013
12531935
12547785
12562855
12592285
12616545
12631980
12658947
12681472
12687260
12701398
12704306
12723430
12723530
12743845
12772731
12774251
12785497
12807064
12835190
12836461
12836646
12853924
12865573
12872538
12890666
12906544
12915184
12928545
12942609
12969155
12982686
13003101
13025094
13050981
13059125
13062827
13070833
13098412
13101002
13126190
13143390
13149564
13171786
13186123
13217755
13250169
13267245
13278351
13293827
13304608
13318931
13326530
13343862
13375900
13407323
13423410
13442823
13453376
13458343
13482793
13508950
13521336
13527882
13535890
13552346
13561834
13579442
13598674
13621341
13628546
13654711
13654738
13680873
13682227
13694429
13720623
13751328
13775269
13802890
13809062
13812997
13841682
13844772
13847209
13861950
13868443
13880365
13881385
13909177
13925696
13926458
13929094
13940169
13971604
13983731
13998273
14011826
14015258
14022123
14052295
14069665
14086483
14103160
14104832
14112793
14129022
14158710
14182148
14183121
14208010
904 10615 10888
14262
36091
46172
72191
84041
93897
123093
136096
137785
139964
143154
150954
158654
162952
190785
216043
228792
230568
263226
275124
280381
285106
297159
322245
325084
355226
372025
388774
405895
437220
446705
472180
478005
507336
538611
562970
568624
598339
628146
659966
660500
672797
697861
725530
739200
742363
770892
790408
801136
826271
858313
889469
893777
895230
901159
931508
944062
975556
1001776
1028169
1060847
1092772
1104566
1131779
1141720
1155805
1166248
1187089
1215481
1239244
1262426
1293878
1309661
1340786
1351676
1373277
1381445
1390816
1413694
1432237
1436685
1467810
1477934
1484798
1515190
1546508
1562935
1593798
1626025
1641856
1657181
1673333
1696037
1700260
1720741
1736768
1738203
1765244
1797542
1829207
1836096
1859207
1881686
1895064
1913484
1936314
1947134
1958308
1958503
1962616
1972576
1973098
1975111
1978737
2002194
2009128
2028167
2029182
2033155
2055632
2072605
2100311
2122801
2132965
2154251
2172238
2203279
2216901
2238592
2256369
2283295
2295910
2312358
2319005
2319928
2320512
2333732
2347776
2366462
2389544
2405702
2420364
2434820
2465499
2478052
2499803
2506538
2512631
2534120
2561280
2581406
2603946
2625176
2635469
2665240
2670155
2684539
2709765
2741567
2772005
2786817
2817918
2849854
2872752
2891463
2923570
2946445
2951233
2957216
2985543
2990311
3013918
3015488
3031552
3052660
3084560
3098009
3128476
3130651
3147610
3155695
3166000
3176974
3181349
3183507
3185510
3213950
3215964
3221332
3245358
3249282
3249396
3273626
3284069
3312686
3341226
3366717
3373417
3387870
3414317
3417852
3438484
3452582
3469497
3487151
3516600
3524094
3538208
3554088
3558527
3586969
3611467
3643583
3671738
3685479
3713820
3730066
3735467
3754453
3762642
3777653
3803443
3823146
3832014
3860881
3888119
3895590
3896273
3896751
3911536
3937219
3959204
3972926
3981300
3983920
3996214
4008186
4031907
4041463
4050216
4082260
4095821
4110931
4129730
4130168
4138053
4163768
4176229
4198931
4218916
4230027
4232547
4248511
4270970
4284165
4284743
4293407
4312178
4313166
4327062
4350134
4373096
4374211
4376309
4388957
4394855
4395885
4420039
4435064
4448926
4472230
4475447
4485076
4511431
4543476
4571314
4572468
4593524
4597772
4625108
4639633
4649043
4672779
4674753
4705802
4725093
4734685
4740850
4750978
4768541
4786643
4803437
4829677
4840821
4850028
4881781
4891991
4916465
4932938
4939423
4948614
4976784
4981593
4988002
5016422
5024691
5051944
5071118
5079822
5101289
5131885
5133115
5151623
5184187
5203648
5232289
5234483
5236568
5263486
5276003
5291251
5311546
5322977
5351628
5377523
5382845
5395787
5396602
5413929
5420697
5453236
5469941
5496963
5506911
5508189
5524159
5529544
5549525
5573021
5604046
5618984
5627982
5642990
5657973
5687671
5701863
5704734
5716157
5735965
5738686
5749180
5777206
5784249
5804824
5813166
5821487
5844076
5856108
5857011
5874272
5887448
5910892
5920162
5939206
5959379
5973496
5993481
6011757
6034112
6054909
6074890
6083311
6112420
6142029
6166431
6173529
6184929
6191966
6212498
6227915
6255782
6256638
6286180
6303231
6305550
6314487
6327137
6345223
6346736
6365090
6385134
6399095
6409820
6420840
6435064
6450687
6473932
6484536
6512801
6534008
6565123
6597607
6622739
6655326
6667674
6679175
6699402
6702523
6728768
6756771
6786697
6799232
6819754
6841979
6857026
6888020
6906928
6912543
6917164
6944203
6975006
6999687
7011531
7022358
7046323
7047573
7073448
7087129
7109839
7125256
7144310
7165689
7182929
7191132
7214952
7240979
7249703
7276960
7299260
7316590
7323408
7348795
7379311
7391887
7401221
7408793
7430691
7442376
7452507
7480275
7486777
7496176
7528340
7540288
7549207
7565716
7568093
7590907
7622817
7648397
7670844
7695953
7706841
7710985
7711084
7740197
7750332
7765001
7779185
7810886
7821385
7841359
7859158
7869106
7900087
7930549
7953819
7963077
7995354
8016119
8044755
8068704
8085693
8095730
8105974
8113146
8117095
8145484
8173020
8176034
8205266
8208528
8219504
8236278
8251413
8260538
8260622
8270084
8290232
8319792
8329102
8354840
8377914
8380719
8407306
8429448
8445899
8466594
8476997
8504415
8525617
8535922
8565712
8570885
8582111
8595519
8615385
8633297
8648511
8681100
8699303
8729227
8753190
8755286
8782280
8795870
8799097
8831012
8836854
8861120
8861963
8870529
8895391
8918974
8944542
8956388
8957994
8959044
8973081
8981517
8983265
8993229
9015284
9034703
9037457
9049609
9055950
9065040
9067231
9099503
9120561
9124524
9149758
9174461
9205899
9222933
9251234
9270511
9275475
9299549
9306594
9320992
9327717
9353458
9364163
9384159
9393283
9409606
9420216
9433966
9461265
9485230
9498192
9514617
9542903
9553320
9556567
9573557
9602235
9626780
9640870
9659770
9685196
9689603
9691806
9695550
9706223
9721603
9744475
9762573
9772783
9796985
9824143
9840104
9843312
9872502
9904917
9927967
9951223
9958185
9982253
10008202
10011679
10016056
10027629
10048965
10075139
10107792
10130270
10151758
10167252
10194073
10225613
10250906
10275998
10295017
10297034
10310168
10338372
10340698
10344022
10351651
10353313
10380179
10405312
10434532
10464993
10469898
10479033
10500392
10512395
10541159
10554638
10554914
10585013
10607975
10623259
10635804
10663403
10689312
10709223
10733596
10745159
10766015
10781172
10795126
10804791
10826420
10839486
10869839
10898550
10919501
10931950
10963476
10983858
10999230
11025711
11044308
11051104
11060637
11069127
11085981
11096522
11113683
11130580
11157945
11165246
11192300
11218739
11242720
11247225
11264234
11285803
11307104
11312446
11329151
11337651
11363886
11391008
11398583
11423350
11453159
11484785
11505937
11518078
11533764
11535728
11563022
11587993
11598975
11622557
11629097
11646304
11671076
11685186
11712578
11720444
11751379
11759654
11761532
11793556
11798134
11818106
11839621
11861354
11866211
11893483
11923026
11930027
11948524
11968489
11994952
12022511
12038118
12038179
12061660
12076135
12106523
12112425
12135834
12151228
12181419
12198980
12229024
12235679
12243810
12254592
12259723
12286214
12316152
12333277
12336591
12340251
12355142
12386750
12397703
12413409
12443497
12462200
12476331
12499833
12525780
12547616
12565950
12578857
12600403
12605051
12625893
12642054
12670206
12689196
12707961
12734296
12765726
12765957
12786939
12818085
12826879
12841108
12856964
12872560
12880047
12907218
12934044
12962730
12993207
13015828
13026953
13059537
13077436
13105945
13134598
13157310
13188879
13215316
13225583
13231649
13244468
13271400
13282659
13313979
13321558
13342408
13359554
13381420
13413793
13438863
13462577
13493904
13510306
13541261
13556741
13574073
13583230
13591412
13598873
13614109
13621551
13623370
13627167
13631352
13648544
13665016
13670357
13689879
13721539
13741845
13759925
13760474
13777554
13802457
13833100
13859043
13872391
13889099
13900170
13932788
13947640
13971344
13993527
14024317
14025454
14052982
14067169
14076508
14088425
14093101
14109562
14129488
14142993
14146603
14171613
14198800
14207065
14224195
14236813
14250270
14253329
14268907
14282462
14306122
14332269
14363575
14385298
14401497
14406644
14411263
14425828
14450540
14473701
14476208
14481663
14486663
14498696
14527580
14538477
14541528
14563957
14568812
14600692
14619169
14650563
14673029
14674264
14676950
14678059
14686757
14712483
14733939
14735393
14752614
14775363
14780785
14809549
14832115
14862766
14865661
14887173
14895411
14925800
14956627
14956849
14966690
14967170
14979535
14992665
15012689
15038723
15049645
15061164
15067297
15071424
15075441
15099823
15112747
15124269
15153680
15156325
15167700
15192723
15205048
15235358
15258392
15286078
955 17089 10601
10395
14643
30631
41918
59186
78317
95271
100248
106811
137207
151754
163300
166521
180185
192660
207804
227606
247455
249275
269929
295278
305783
322503
344314
373072
378120
386217
409868
441762
470631
490427
500160
517507
540620
561587
584672
605645
629999
640133
662072
690200
711446
718394
725277
731168
756950
779693
794659
801443
829825
848966
867592
868525
882503
893845
906946
934477
937727
968169
970704
998341
999598
1002707
1007276
1021990
1036209
1052824
1065840
1076311
1093021
1104790
1110453
1119636
1149646
1176723
1179023
1199699
1229734
1233667
1264332
1293479
1302910
1316925
1322331
1338629
1349184
1366168
1366493
1383554
1411517
1421187
1422705
1451387
1474469
1476999
1491883
1495477
1510715
1539897
1548729
1557730
1557937
1575964
1584569
1614496
1635385
1662072
1681731
1704675
1714884
1727768
1758752
1783761
1809518
1812482
1817646
1824778
1829536
1857812
1865591
1896549
1915871
1918366
1940862
1945628
1975113
1999326
2029742
2052711
2068424
2101115
2132232
2160772
2173418
2195423
2222324
2234165
2242424
2246032
2254154
2263721
2280366
2285427
2312078
2315225
2341680
2357499
2359629
2388560
2390691
2394704
2398143
2407787
2408195
2421599
2449029
2461694
2483867
2489568
2506916
2525556
2548153
2562631
2590382
2594646
2621961
2635686
2636053
2648651
2672554
2674309
2682293
2713981
2716390
2747549
2752390
2762615
2773413
2803602
2809740
2837362
2846604
2877588
2907621
2937357
2949066
2976495
2980373
3012728
3016600
3029139
3045755
3052817
3080298
3088258
3093241
3117166
3135691
3148600
3157707
3187159
3205869
3218682
3238287
3269171
3289064
3296794
3324278
3356768
3385002
3389227
3409078
3412484
3413397
3442468
3450902
3460032
3472847
3482994
3513531
3546079
3557181
3566075
3578911
3588724
3595322
3622418
3649845
3650016
3677165
3680602
3691971
3723982
3750493
3759509
3762917
3765920
3790129
3802224
3804107
3832651
3847197
3854892
3860889
3871644
3890175
3903560
3936128
3938041
3951538
3957519
3972614
3976073
3991946
4013344
4045952
4066771
4085894
4086749
4108209
4139202
4168748
4200400
4207786
4235559
4235802
4244477
4255432
4286365
4290624
4310820
4319219
4346860
4368090
4393466
4411905
4439246
4445444
4474178
4483150
4484909
4493070
4500202
4522115
4544461
4568443
4576518
4589962
4596324
4606893
4609480
4614075
4620587
4623688
4633442
4640046
4669398
4677951
4688598
4709699
4732157
4747667
4752574
4758108
4789498
4808386
4830973
4836544
4856116
4863463
4882014
4899253
4906711
4915335
4934445
4944322
4968449
4977936
5000118
5000494
5003870
5013261
5033915
5053857
5056049
5080574
5091285
5118973
5140691
5147117
5174216
5179750
5184919
5201063
5202627
5229172
5242923
5271216
5281944
5288864
5296991
5297888
5319387
5334490
5357413
5368754
5396727
5425740
5456503
5469507
5485105
5499989
5521138
5549824
5573784
5578927
5595624
5603339
5609455
5609670
5637395
5669184
5687159
5714237
5742401
5773306
5782968
5798568
5817908
5840004
5854515
5876594
5879017
5911345
5918979
5921265
5945683
5975859
5976180
6000051
6020232
6030869
6033537
6055666
6064221
6064875
6092362
6114102
6118761
6150191
6180215
6207031
6216844
6225751
6247818
6258135
6289104
6309131
6334756
6359143
6391499
6414618
6421043
6431745
6432357
6449431
6458908
6479398
6505493
6536360
6550728
6580869
6605452
6617733
6645163
6674416
6692304
6698278
6725043
6750850
6758599
6770215
6785330
6808060
6809140
6819664
6845608
6849348
6856733
6867032
6877069
6892576
6901929
6907987
6913024
6936606
6958956
6961617
6985324
7007657
7022114
7051438
7082010
7092816
7124951
7153807
7186357
7206207
7214469
7226132
7256765
7288548
7312157
7341235
7363305
7374024
7380996
7409483
7438968
7454865
7460348
7489888
7508603
7534913
7545218
7573772
7583231
7589270
7599763
7604636
7615800
7618213
7632111
7658210
7680910
7700896
7720638
7727409
7750565
7770059
7779502
7781646
7810122
7824294
7830139
7831949
7842140
7864898
7870189
7876706
7889821
7905226
7934531
7942814
7948912
7953974
7955979
7957794
7989910
8017207
8044912
8052663
8080584
8110668
8131828
8138213
8148814
8155142
8173722
8198252
8199554
8229765
8253317
8265335
8288324
8294170
8322044
8334712
8335961
8337695
8349418
8353463
8356799
8386047
8392136
8401299
8423157
8430702
8452603
8470899
8471338
8489679
8516760
8545887
8574560
8594633
8599973
8605523
8632957
8642575
8658368
8688956
8720466
8750937
8775997
8803754
8833934
8866442
8887217
8901676
8915613
8946438
8960747
8993123
9000321
9012028
9027681
9057979
9072271
9072728
9086984
9111006
9130019
9131308
9147298
9169618
9200198
9227594
9233784
9244617
9265984
9295687
9315716
9322910
9334297
9342261
9368590
9389062
9402896
9417288
9419958
9446510
9477623
9483437
9489645
9511562
9523855
9532051
9560294
9565590
9592517
9617762
9644522
9659714
9668838
9692701
9716005
9723215
9738177
9756158
9759203
9786085
9805501
9831996
9860667
9863822
9895900
9921029
9933098
9944549
9961130
9989531
10002712
10006515
10039075
10067384
10085854
10104643
10124166
10148363
10151206
10183836
10185751
10187251
10201166
10206581
10210259
10238568
10239663
10244366
10269970
10302478
10315609
10325828
10354970
10373244
10401084
10403852
10421666
10444215
10449096
10455719
10484551
10497751
10512884
10513279
10541038
10553564
10575289
10596273
10606611
10631864
10650111
10665299
10674707
10696579
10697461
10723167
10739290
10754535
10775777
10779733
10784646
10807215
10833237
10833542
10839422
10855575
10880735
10904855
10925682
10941244
10973729
11003053
11024589
11055944
11081566
11087566
11110683
11123652
11148146
11159279
11171545
11174052
11184961
11205682
11223865
11248249
11266190
11292376
11300057
11310943
11324234
11352158
11375456
11389964
11393611
11414858
11431441
11455515
11472506
11493294
11518036
11546755
11576172
11598165
11609892
11617087
11634799
11646114
11668084
11695907
11703556
11725600
11726209
11731682
11736009
11755711
11782422
11804234
11806421
11813572
11831998
11833510
11860102
11862379
11879400
11890517
11901875
11918126
11928568
11934614
11955811
11968719
11978829
12009081
12009950
12019965
12049713
12071433
12090172
12098232
12122814
12154532
12177250
12182881
12212402
12223360
12234091
12250485
12280878
12284258
12311168
12330240
12333677
12365447
12366377
12383928
12401508
12425913
12447236
12458705
12474202
12491415
12503024
12524663
12544610
12574987
12597675
12601088
12622039
12639730
12651736
12673482
12701628
12710131
12738176
12767691
12770316
12791686
12822776
12838862
12860418
12860714
12867390
12898915
12928326
12936396
12965061
12966528
12987159
12997217
13008046
13025740
13033304
13040552
13056885
13060515
13089176
13104934
13116937
13146557
13156094
13185096
13187418
13200792
13227573
13244351
13264212
13279103
13279801
13311750
13334089
13359179
13381403
13401619
13426633
13458129
13470644
13496903
13523955
13537796
13556553
13587838
13615659
13646017
13654557
13671514
13690953
13705809
13713398
13728441
13750575
13752979
13753228
13770075
13786074
13796578
13808113
13834169
13866456
13897885
13917408
13948175
13976631
13994604
14013185
14027662
14034394
14057768
14071069
14082246
14082635
14099843
14101313
14130752
14157812
14187344
14208208
14222654
14249158
14263172
14286470
14287031
14300248
14317028
14328171
14328955
14331504
14340455
14343608
14358671
14364930
14367299
14369959
14401455
14418070
14421165
14447673
14456838
14469668
14498630
14505959
14517527
14524769
14532666
14553412
14574034
14575225
14587922
14615442
14641627
14673466
14699825
14708037
14727427
14743471
14764804
14772856
14798831
14830123
14835678
14854984
14859497
14878402
14910602
14915887
14923759
14932024
14954633
14980677
14987494
14998617
15020547
15036787
15040259
15069639
15085666
15112852
15143008
15156529
15184037
15208842
15214786
15233280
15245916
15268672
15298195
15299185
15314007
15316894
15349000
15378211
15409160
15418218
15442551
15463952
15477394
15507745
15532512
15546102
15567489
15594415
15613600
15620917
15647043
15656492
15677790
15682329
15689536
15690621
15717661
15719062
15727020
15749345
994 148 23787
25977
56914
66002
79418
100290
117525
127857
146342
163048
178410
181220
201082
229667
238480
269990
280850
283898
285600
297834
315105
317558
344306
367337
380941
398912
421169
426775
430525
440760
449959
458198
475422
482042
482096
503050
520972
523212
528229
538410
539252
557189
583151
606004
617568
647131
657678
674590
678075
701615
718933
727984
749245
773303
780430
780493
783368
802596
805837
812334
828795
853559
856253
875663
903343
919234
940054
962378
976167
1007773
1019713
1039968
1051693
1069828
1085232
1100531
1132129
1142767
1150566
1162292
1175034
1198420
1205551
1224383
1240246
1258328
1266436
1269856
1279092
1287797
1319972
1342294
1374601
1391755
1394268
1422328
1451451
1455075
1477628
1481682
1485554
1495844
1510400
1531185
1551510
1571122
1588834
1606171
1615517
1643526
1647528
1661374
1681740
1681772
1701528
1703752
1732774
1739963
1742620
1766707
1769097
1789042
1805661
1816574
1838717
1856209
1881096
1907549
1927735
1942617
1951944
1979599
1988035
2004799
2019816
2033325
2062952
2084561
2095151
2100897
2123569
2143686
2171875
2181780
2190897
2204289
2219009
2242310
2250095
2277448
2299560
2308574
2327175
2345060
2349481
2350239
2357241
2360884
2374228
2402584
2403108
2429230
2456427
2485116
2517501
2529242
2537549
2559214
2570084
2590377
2604103
2632060
2635069
2639317
2643236
2651275
2679591
2701592
2727897
2748078
2762991
2792551
2817654
2842615
2872238
2902162
2922039
2947503
2972826
3005144
3007692
3011198
3014784
3025511
3025874
3039244
3071738
3073750
3088760
3113222
3115077
3123838
3147094
3152543
3182811
3193815
3205238
3210357
3240360
3254452
3286922
3288563
3320832
3331706
3360338
3389460
3397689
3412543
3443506
3468962
3470845
3480546
3500542
3509221
3540297
3544842
3570922
3596725
3612441
3620123
3635897
3658509
3667147
3676951
3688715
3717378
3722540
3741300
3766763
3786286
3786295
3793887
3814278
3828623
3854981
3869418
3879180
3879371
3905897
3932596
3947467
3959281
3969218
3988346
4008824
4032675
4052860
4060445
4074659
4091566
4097976
4127373
4144220
4149783
4155313
4165687
4192273
4221592
4231243
4250448
4264078
4289671
4313166
4330523
4349751
4361523
4375383
4406554
4410478
4414383
4440951
4459059
4482604
4483342
4492420
4518596
4535751
4553485
4560918
4577700
4592616
4600876
4614453
4630036
4647346
4664381
4665017
4692136
4718106
4727899
4739929
4757267
4759150
4778328
4801132
4823535
4825356
4843416
4872278
4904817
4911433
4940633
4957604
4961796
4981638
4995186
5004259
5013991
5030010
5043321
5073686
5099686
5121704
5148260
5179116
5205396
5214469
5238416
5241499
5249579
5259728
5270076
5300848
5332319
5341335
5358965
5378574
5410017
5425779
5455474
5480030
5483348
5489513
5510493
5517869
5547629
5556229
5567376
5571707
5599239
5615134
5637437
5666682
5692713
5698513
5703822
5707582
5711348
5720997
5735721
5758745
5788041
5809378
5820212
5823664
5851357
5865241
5892278
5896116
5913464
5933019
5948537
5952849
5959980
5976479
5987668
5996115
6001589
6005465
6030562
6037230
6056783
6065220
6077619
6088515
6093111
6104406
6118627
6144907
6146846
6176229
6208292
6214390
6247053
6259716
6288701
6304828
6322998
6343941
6353395
6385373
6400828
6414516
6429541
6451212
6473822
6485432
6505938
6537809
6540577
6569520
6596060
6608599
6613217
6624120
6629676
6645611
6657489
6684702
6714514
6727723
6750194
6756107
6765196
6795238
6817780
6829788
6851910
6860331
6888716
6916197
6930175
6960644
6985903
6993768
7001064
7017580
7026511
7050369
7075950
7100775
7125241
7143224
7167733
7170774
7185637
7186248
7198721
7219186
7248639
7267354
7268310
7296129
7310937
7311722
7343231
7353007
7353227
7376925
7395146
7398047
7429638
7453256
7466162
7491242
7501658
7522665
7531963
7543632
7547751
7560650
7585214
7586258
7591040
7603742
7604129
7613574
7643775
7657026
7689607
7691222
7694280
7719993
7732708
7752425
7759673
7762511
7772433
7797516
7826965
7855476
7873086
7879861
7894219
7919294
7919329
7929164
7958978
7974690
7985043
7999637
8026378
8055903
8060247
8068304
8074238
8105489
8111705
8126601
8137688
8149494
8170773
8173846
8180274
8212074
8236277
8257733
8266364
8292875
8300378
8326077
8333147
8349585
8375321
8387213
8396546
8404180
8427620
8440169
8448367
8477701
8482600
8499996
8510370
8529427
8535507
8564386
8585915
8588608
8589458
8609403
8638996
8656624
8677632
8681646
8693569
8723351
8755769
8773228
8781567
8795109
8805738
8833660
8857118
8876572
8896972
8924480
8954188
8959636
8981260
9010555
9041634
9051769
9077034
9106621
9106829
9124778
9151680
9166463
9175799
9204949
9218752
9228537
9235801
9247933
9278109
9295515
9317115
9338800
9345513
9355072
9364142
9393712
9420892
9437193
9439270
9452487
9469777
9484527
9488211
9500945
9521075
9545476
9562533
9576434
9587029
9599579
9621560
9644282
9664186
9680555
9702909
9728258
9742427
9762211
9772237
9774573
9777732
9802207
9803881
9822628
9842491
9859487
9886318
9888313
9909317
9918500
9945660
9961026
9965472
9983163
9987007
10003545
10004016
10032769
10045502
10052828
10056284
10066898
10083335
10106064
10131287
10151011
10163218
10176756
10185688
10190101
10208919
10229774
10243914
10251380
10264973
10273631
10292325
10303206
10328613
10343502
10353722
10379655
10395680
10415669
10423465
10455740
10473520
10503029
10534228
10542958
10571824
10603684
10622454
10642432
10645598
10645750
10651945
10663906
10689658
10714839
10725037
10726126
10754011
10781612
10809349
10824539
10841969
10863058
10883742
10896244
10910905
10924989
10926674
10948084
10962079
10992469
11018088
11024405
11038034
11062394
11068156
11098190
11105798
11112892
11123931
11145414
11160488
11188801
11201997
11215980
11224447
11227101
11229522
11261389
11273410
11281496
11311564
11343504
11346456
11375848
11391514
11419302
11437071
11440851
11464611
11481639
11512186
11538507
11567056
11570401
11576007
11608177
11611129
11639451
11658562
11684238
11689662
11703038
11703111
11712634
11732435
11747386
11748453
11777074
11785021
11790161
11815026
11821217
11849975
11860246
11882637
11898772
11930132
11944671
11950354
11964131
11992134
11994594
12001149
12030667
12055771
12061763
12083002
12094316
12119076
12124885
12157037
12182666
12214871
12226185
12243874
12246639
12267731
12272779
12281200
12312322
12333792
12344339
12346636
12372494
12392661
12394722
12421326
12427195
12429497
12442995
12471199
12472371
12492617
12493786
12504676
12510073
12538998
12553296
12556361
12567667
12596814
12628086
12640520
12660251
12688728
12704321
12714013
12741102
12741985
12750236
12782567
12795516
12805554
12829619
12854201
12885297
12907456
12934902
12963811
12996175
13028163
13045445
13062816
13077011
13104838
13109713
13120761
13147656
13173660
13186602
13191837
13200790
13229135
13239805
13260699
13290672
13292666
13303814
13333279
13362117
13392148
13408939
13414927
13433806
13445163
13451473
13472928
13484442
13493007
13502291
13509080
13516611
13549036
13552182
13569022
13597397
13598677
13605001
13609223
13621545
13628997
13633010
13662687
13669350
13692672
13707500
13724591
13746619
13777781
13778104
13790737
13803461
13807749
13831674
13855026
13859624
13862338
13863179
13864680
13879766
13887256
13889780
13889965
13906304
13925350
13956641
13974685
13986758
13997709
14029758
14047057
14067336
14069607
14076613
14102708
14135152
14138934
14156223
14179272
14182822
14185724
14188596
14195031
14204090
14208840
14232773
14244245
14244792
14276844
14279934
14299316
14316401
14319407
14349783
14362986
14384884
14397287
14412772
14438498
14463281
14480895
14492204
14500764
14521043
14532854
14558912
14581954
14590786
14604486
14629876
14654828
14679008
14684870
14708054
14713941
14722160
14725104
14737222
14762617
14776232
14797596
14823494
14835498
14853882
14854571
14873339
14887445
14916750
14922150
14940125
14965299
14985830
14989380
14994834
15026349
15050165
15059942
15077118
15106731
15121766
15142020
15156743
15162656
15174358
15177096
15194622
15213939
15240119
15264790
15282367
15301160
15328296
15357130
15358339
15386226
15398912
15426531
15452255
15453109
15473213
15502042
15522156
15537145
15548852
15554162
15565486
15571020
15589856
15597617
15616930
15619611
15644400
15656522
15683961
15695468
15696888
15723769
15748873
15751703
15757917
15776848
15781741
15789544
15790440
15809902
15819348
15849905
15869199
15870507
15882494
15883598
15901422
997 7082 20661
3537
18953
45737
56490
58987
81461
104754
115487
120149
152406
160817
179519
184606
203067
207297
231442
246939
268703
273914
279402
281599
310502
327872
357496
375074
399685
404546
411217
433656
454493
457509
484186
511030
526152
544106
570036
583981
594195
598774
603271
615629
629672
631510
632905
643806
664874
693803
694258
709992
735170
753100
774940
784197
816596
825745
840984
853489
878770
911445
917744
928119
939184
939941
953948
960928
968117
985630
1012385
1015620
1046319
1067899
1081448
1081558
1092229
1112406
1141119
1157399
1175278
1202071
1228173
1255168
1265084
1275791
1306803
1316310
1326618
1345744
1369379
1371254
1389364
1415841
1434270
1434308
1443793
1475891
1496810
1522778
1538659
1565057
1583668
1611611
1629309
1648348
1663590
1674874
1706177
1717548
1720420
1748274
1778232
1786589
1798725
1828142
1839138
1856896
1860979
1893342
1906989
1907738
1913789
1922876
1929502
1946144
1971804
1990858
1997811
1999402
2013671
2041265
2062695
2076495
2080306
2104095
2112498
2137143
2137382
2153928
2162225
2184918
2204543
2233248
2251200
2252766
2266755
2295492
2314892
2323678
2331043
2349196
2349444
2372623
2397966
2415573
2431433
2433236
2440756
2446713
2478925
2506730
2513723
2527732
2553303
2568775
2583137
2584381
2596739
2614696
2619980
2632138
2658728
2662863
2670674
2681802
2694969
2713972
2716071
2739592
2754441
2774497
2780291
2795016
2826382
2835526
2862133
2865863
2892677
2907060
2913062
2919867
2940691
2958031
2983371
2996336
3015114
3017768
3031432
3044198
3055656
3084368
3099266
3119252
3148033
3153049
3177319
3186721
3205978
3231103
3256859
3262030
3293365
3316684
3343455
3357062
3366601
3396452
3397472
3399593
3408815
3431110
3458367
3469700
3481471
3506746
3517311
3529589
3542614
3555759
3583340
3605062
3630551
3636301
3663213
3685169
3696913
3707058
3731525
3733014
3745245
3747040
3763528
3786981
3813030
3837150
3866237
3881780
3888041
3898118
3916723
3924229
3944090
3971332
3980161
3998654
4015044
4040838
4056379
4081744
4090769
4111002
4124372
4125069
4138886
4152508
4172210
4197808
4224430
4229783
4256112
4263444
4269429
4283251
4300688
4323353
4333810
4362836
4364067
4394560
4427173
4450250
4481877
4489323
4495262
4527215
4543478
4547163
4565532
4576023
4584169
4609873
4638867
4669866
4693384
4723177
4729644
4732861
4750586
4781857
4796847
4807112
4819056
4842379
4861913
4874263
4893788
4899258
4916783
4929645
4956567
4968664
4975155
5003599
5009260
5024361
5026064
5033476
5047201
5064262
5070777
5091909
5094252
5106628
5124975
5145754
5154892
5156615
5162429
5170795
5196775
5228941
5234406
5247166
5273030
5295332
5306812
5338278
5365261
5365393
5368815
5385826
5408794
5430309
5445059
5448237
5466136
5469832
5499971
5523901
5551751
5571436
5578961
5597550
5622951
5633013
5642555
5674023
5690595
5705618
5724974
5739748
5769759
5784068
5799467
5801210
5812476
5831569
5842646
5867008
5891596
5919343
5930699
5949045
5950454
5981274
5999570
6006792
6034565
6039386
6044047
6065819
6082478
6097083
6117531
6131442
6151044
6154548
6178317
6186000
6209558
6223164
6250103
6275655
6304329
6326420
6344531
6377208
6383765
6388733
6408667
6435843
6446270
6450209
6457943
6485474
6489456
6510754
6526673
6546297
6554325
6564458
6588488
6596249
6596891
6610976
6627658
6630443
6636516
6639563
6644984
6671119
6675879
6692013
6705546
6733999
6735369
6762569
6770996
6801975
6816281
6829465
6841476
6869389
6898057
6899061
6912299
6935784
6939598
6955821
6967353
6971427
6981682
6985803
6997705
7020219
7050201
7057038
7062553
7093629
7112883
7124751
7143449
7144170
7174242
7191963
7193955
7222591
7228937
7255861
7258534
7279927
7281166
7301841
7333765
7365757
7371476
7390010
7394524
7413445
7417174
7432487
7446654
7453855
7454909
7484549
7496290
7505656
7526375
7549932
7551289
7582273
7590867
7616841
7635072
7645273
7647753
7670446
7690738
7706640
7723499
7734883
7740797
7770483
7799801
7813395
7844499
7873966
7886339
7902524
7915007
7942581
7946061
7973567
7978775
8006287
8032161
8056234
8079212
8090194
8107088
8112942
8136677
8154329
8156717
8158153
8171079
8174365
8192869
8204697
8207924
8238151
8257626
8286692
8298642
8315757
8342116
8362193
8393834
8421636
8423297
8435278
8459311
8490748
8523262
8528678
8532605
8547986
8560387
8576329
8577344
8582857
8609563
8612417
8644177
8667810
8677286
8695518
8695939
8723956
8731706
8739591
8761370
8792060
8806137
8829124
8832441
8843936
8859345
8871286
8899259
8918361
8923825
8940603
8955391
8968916
8987819
8997000
8998947
9003075
9035785
9062383
9083441
9088345
9110860
9118227
9140660
9141242
9160484
9178581
9211210
9213595
9241423
9251494
9272476
9299024
9312878
9340177
9357000
9365899
9382343
9385327
9404988
9417867
9421303
9422800
9437443
9460858
9479577
9489425
9518206
9529920
9538262
9542951
9558931
9581054
9587432
9608847
9639489
9655357
9656972
9658107
9677233
9686479
9688680
9715492
9732014
9743710
9756254
9759705
9772180
9778602
9792202
9808426
9819811
9823095
9844411
9872603
9882066
9895469
9914896
9935345
9956102
9964072
9969299
9992065
9997758
10003383
10013429
10036901
10067759
10090954
10096324
10122142
10144206
10145616
10160718
10170929
10200137
10230344
10247538
10251563
10256117
10258302
10279011
10297367
10310311
10312189
10344802
10365482
10372098
10374442
10379861
10410325
10427952
10440858
10445158
10460301
10491913
10495108
10524539
10525763
10528438
10554880
10581940
10594318
10621112
10652123
10668741
10688633
10708064
10720552
10735948
10744851
10773695
10801795
10817559
10835618
10842110
10846970
10871123
10897805
10900011
10910130
10933679
10939500
10970994
11002161
11034739
11042006
11067593
11098465
11123071
11140184
11169291
11183420
11194432
11199383
11206789
11226926
11246227
11272618
11290859
11295519
11303574
11327137
11338698
11357496
11363949
11364412
11376479
11402318
11431157
11452370
11466211
11491074
11510373
11530341
11544389
11563664
11595748
11613167
11619671
11627088
11645194
11656916
11658599
11683552
11696722
11704459
11729485
11752458
11785090
11794550
11823586
11828301
11837687
11851238
11882734
11890973
11921131
11946578
11968640
11998934
12026285
12031173
12046270
12049239
12049851
12074348
12094747
12111441
12135131
12159072
12173828
12190282
12219677
12220064
12233723
12250437
12254923
12272691
12303906
12333097
12363346
12386949
12414518
12442570
12456719
12459496
12484603
12516012
12538901
12569936
12571157
12572271
12585952
12589877
12590930
12591086
12596214
12609198
12621674
12636434
12645246
12676024
12689959
12701517
12710847
12718507
12750846
12781001
12782994
12807902
12839707
12869193
12884683
12886151
12913631
12922806
12953222
12961209
12977097
13003106
13018991
13048994
13066705
13070836
13098738
13103341
13124403
13132036
13133916
13154905
13177768
13199984
13202163
13204101
13226005
13238870
13242867
13244640
13274787
13299912
13303178
13315031
13336394
13351973
13373360
13389351
13404112
13435181
13449217
13455205
13471277
13500351
13504898
13516473
13530223
13554503
13579597
13598399
13613307
13630938
13653301
13681053
13704781
13737227
13769057
13794391
13806888
13815656
13839303
13865013
13882407
13894054
13913248
13932916
13948879
13961860
13974223
13992476
14005768
14036054
14068527
14100483
14127110
14140232
14154202
14161161
14163369
14194506
14200921
14219386
14228801
14252209
14281675
14303405
14328531
14352006
14360051
14377919
14391735
14413186
14423103
14423702
14433215
14450369
14458808
14475519
14495930
14511391
14526697
14528013
14547317
14573639
14576300
14591895
14596384
14613617
14614259
14638070
14639148
14650835
14669942
14671080
14691223
14710464
14726235
14726828
14736294
14759797
14778054
14798403
14808337
14816922
14849371
14869995
14897051
14918001
14926516
14956228
14984480
15002290
15023554
15023784
15025166
15048477
15067167
15077680
15104081
15120057
15136340
15149807
15150511
15153601
15179018
15201750
15220369
15220805
15224365
15228364
15258177
15270778
15302915
15303797
15310224
15337395
15364133
15389478
15419637
15439383
15444093
15456786
15478552
15494397
15512611
15539100
15570634
15580666
15604785
15635167
15661940
15679651
15690889
15692904
15722222
15749368
15750274
15751193
15781838
15810695
15822736
15838018
15851294
15872312
15904981
15923687
15954062
15958222
15981734
16010809
16027655
16055317
16083707
16094523
16099259
16105664
16129491
16131994
948 8588 25435
16170
43221
75042
106124
130884
152851
177609
210357
220401
225620
229171
253751
280747
303909
334782
350932
378520
410577
441946
459606
482178
505206
515898
541831
571135
573587
593711
613646
637380
662784
690361
698179
730928
735580
738759
758774
786690
803815
823589
848414
867391
878540
899739
921214
929353
958943
967870
992825
999723
1015750
1020780
1021777
1027590
1051792
1069561
1092123
1092799
1121735
1144854
1162921
1193945
1221610
1246299
1251603
1258354
1282385
1291137
1308607
1341060
1366674
1387357
1412758
1434949
1442626
1458291
1471009
1473474
1481273
1486156
1502624
1529763
1538102
1557108
1584911
1605670
1606654
1623590
1647636
1661762
1683175
1698479
1725156
1732352
1756368
1766011
1796634
1818115
1825425
1853654
1880692
1883709
1914320
1934933
1965448
1972438
1980752
2000892
2006119
2036292
2039978
2060296
2087218
2107793
2131579
2135924
2154139
2174419
2179065
2205472
2222168
2242773
2246920
2277303
2295687
2305512
2319274
2344763
2373120
2395121
2424304
2433857
2450328
2462106
2482518
2512617
2529368
2548415
2563722
2567026
2569878
2592253
2594984
2603664
2611219
2621825
2622185
2646378
2666746
2698748
2724792
2741062
2741198
2770631
2793537
2798316
2826581
2833982
2835306
2836914
2858854
2870599
2892610
2925375
2941361
2950407
2971607
2983156
2989929
3021257
3040898
3041296
3047664
3065367
3093669
3100029
3121255
3134718
3163346
3174989
3188779
3216007
3244392
3251182
3271252
3281246
3295135
3302148
3324942
3335337
3364354
3380221
3395569
3415312
3420506
3435595
3455553
3475440
3506953
3517270
3521060
3530695
3531731
3546649
3560129
3591366
3601949
3603571
3616599
3622044
3646099
3677989
3685695
3704940
3717707
3720578
3725021
3747829
3748167
3756492
3787398
3793125
3806325
3838789
3864656
3866981
3886617
3892461
3912152
3925196
3947433
3971058
3995379
4006281
4032533
4051148
4069967
4091704
4107653
4107793
4114700
4135913
4157827
4177903
4186170
4216729
4234901
4261725
4287307
4310230
4337225
4350971
4363901
4386202
4392626
4392865
4411428
4418381
4447822
4470428
4473846
4505859
4508008
4508577
4541239
4560602
4580314
4597348
4611293
4634008
4651601
4676593
4683943
4706671
4720114
4730787
4749340
4776693
4799862
4819927
4825215
4848970
4878007
4907339
4931763
4964464
4965290
4981803
4986383
4994772
5014988
5033429
5055263
5086464
5104377
5110335
5116756
5128837
5154487
5171229
5191343
5202706
5229301
5247663
5279820
5310138
5321525
5327935
5333739
5351534
5362980
5369936
5379680
5411232
5439912
5469308
5488883
5507611
5534041
5566215
5574587
5581579
5613422
5626392
5650651
5657653
5680661
5704365
5706420
5730907
5742403
5767735
5790478
5797335
5823722
5829101
5843238
5867613
5884838
5895877
5928370
5947639
5952217
5981479
6001621
6014248
6018355
6040397
6055425
6059589
6079665
6095182
6097355
6126077
6153477
6180321
6202798
6233357
6242161
6264519
6288315
6307626
6339349
6358001
6362176
6366997
6372518
6401096
6431577
6442469
6463644
6492979
6519926
6545533
6574795
6589885
6620871
6645297
6665841
6682238
6706599
6728609
6750636
6768419
6772713
6799547
6823786
6839983
6865184
6883577
6888132
6908780
6932430
6950078
6981313
6987654
6996872
7006968
7030172
7047004
7054858
7076317
7078504
7080066
7092793
7099882
7118893
7127147
7144472
7163399
7164276
7186890
7212199
7228378
7240511
7249826
7263418
7276372
7304822
7308547
7313849
7341159
7353029
7374972
7407447
7408105
7417312
7449143
7463216
7467184
7479878
7494603
7511905
7526871
7553125
7553207
7563527
7572274
7583033
7587475
7587761
7594233
7614804
7633905
7659209
7664542
7672670
7683304
7692770
7717075
7719163
7732312
7763197
7788228
7792937
7807188
7836090
7843959
7863048
7871555
7896190
7905900
7916569
7935281
7947396
7956063
7973095
8005835
8010209
8029502
8043296
8060047
8074356
8097363
8110117
8128174
8156881
8174234
8174335
8201235
8218631
8244038
8271054
8274731
8277871
8299131
8326819
8329807
8334683
8340788
8345547
8360164
8371124
8398167
8424329
8434219
8458648
8471300
8489285
8499392
8508625
8512513
8522271
8532420
8541263
8573033
8603395
8636101
8640138
8663938
8679966
8695110
8705748
8712129
8722124
8723200
8739997
8742146
8774384
8785360
8816547
8837105
8867011
8898139
8903708
8935842
8943630
8963160
8964546
8994385
9022929
9030542
9033944
9036386
9054564
9087111
9099294
9120897
9137659
9149420
9164466
9169915
9193384
9208726
9217255
9232968
9243329
9275467
9307907
9336510
9344191
9357105
9385207
9388924
9404806
9412071
9417212
9427578
9435167
9465944
9467692
9490906
9495017
9498427
9526275
9557592
9588525
9606719
9607120
9614065
9616428
9619690
9643801
9661628
9689499
9708842
9719790
9748978
9759628
9786005
9793584
9800484
9814475
9815379
9842877
9874849
9878696
9903044
9906328
9928205
9945392
9956806
9988856
10002984
10022876
10032319
10054482
10072265
10084521
10101570
10129987
10157822
10164131
10187635
10210938
10238314
10245349
10248984
10280072
10295494
10310395
10323026
10350754
10367132
10385093
10402320
10411353
10422061
10445757
10446637
10469940
10474886
10475446
10487616
10501453
10518218
10526978
10532890
10554062
10583464
10613267
10644212
10644836
10663679
10667391
10691663
10693285
10703036
10712453
10740102
10770017
10771417
10787309
10808073
10819560
10834075
10858346
10881612
10912822
10914804
10943331
10963560
10983453
10988826
11013932
11016809
11029845
11035218
11058612
11065420
11089278
11101154
11126431
11140017
11171351
11177023
11200979
11224888
11235420
11250780
11273837
11278223
11292702
11299638
11327539
11343668
11349122
11349899
11359851
11390432
11392437
11420349
11446055
11449003
11459217
11471854
11504127
11507669
11518252
11530820
11537728
11564876
11591009
11609440
11620480
11622099
11640892
11647750
11667375
11676391
11676513
11682036
11690383
11718477
11723617
11735529
11756706
11787343
11807734
11824345
11847039
11849645
11856192
11861340
11872678
11874363
11882717
11908153
11909552
11928366
11929092
11960122
11982342
11999777
12020615
12033817
12038387
12054719
12060354
12061355
12091697
12124449
12140160
12156472
12185574
12199394
12202194
12224000
12244240
12275930
12307148
12321524
12338523
12357006
12369209
12376217
12379247
12383822
12409152
12428065
12443307
12448519
12472313
12485816
12508500
12536002
12566510
12568818
12597286
12628172
12643207
12668276
12687208
12705438
12706682
12734161
12757349
12782441
12804118
12806282
12811859
12832336
12842117
12863303
12881331
12892255
12924676
12926018
12933146
12933925
12937474
12947671
12978283
12980484
12982838
12986705
13002627
13012527
13021598
13022685
13034835
13037916
13055861
13066420
13068911
13089569
13118233
13146225
13178116
13189891
13213653
13223318
13235268
13267252
13290414
13298246
13321539
13349893
13378319
13392684
13411394
13424642
13438062
13463692
13473127
13474243
13477602
13483668
13514730
13531240
13536927
13538249
13559473
13565901
13597299
13610168
13629787
13660518
13663521
13679556
13682872
13689549
13706677
13734961
13765046
13768961
13773257
13793115
13795772
13801304
13808824
13841180
13862774
13863197
13887171
13889640
13906704
13917406
13926173
13943049
13963483
13965415
13966324
13970337
13998451
13999227
14019428
14034124
14066240
14073642
14096471
14128247
14150006
14177251
14200409
14202472
14209151
14215220
14229340
14243060
14272470
14298170
14321260
14322921
14344019
14364091
14365262
14383520
14409186
14433528
14447381
14473287
14496692
14516785
14521769
14541145
14551508
14580424
14608435
14632771
14656056
14665006
14684805
14711101
14723896
14733928
14744940
14776653
14784889
14795856
14808048
14828674
14846792
14872455
14883212
14908507
14919785
14952467
14958670
14987356
14999887
15019949
15047147
15062741
15065283
15092925
15118014
15119321
15135493
15155470
15168960
15179110
15209813
15238957
15259757
15285182
15290608
15297909
15326608
15340778
15365238
15390159
15410698
15426162
15445704
15470879
15488642
15491140
15498836
15531369
15563024
15594447
15620048
15646107
15651271
15678021
15685475
15700493
15733052
922 18799 557
14152
45784
60930
90937
107817
139261
140263
163452
169918
172960
173982
196480
221822
236929
260955
289583
295938
317888
332535
347465
348967
349557
369194
391601
407327
434803
445752
452206
480632
502082
524040
546133
561418
571458
595888
603244
632028
655110
661106
674809
693754
705755
709158
721216
730931
743804
770838
795892
813522
814845
840007
848976
849464
867292
887347
893933
903033
914511
921850
949055
959705
973238
986101
997312
1012799
1036099
1065670
1089237
1097884
1118933
1150933
1168729
1191737
1206520
1226803
1229790
1249023
1260322
1289471
1310362
1318052
1333013
1354023
1366024
1378006
1388157
1412780
1439031
1453381
1484207
1496646
1501894
1508782
1519782
1528965
1546648
1573320
1584422
1607510
1618477
1622314
1644821
1675010
1701302
1722910
1733634
1762712
1768402
1799266
1821403
1824712
1831934
1843424
1875160
1880623
1903026
1919305
1931402
1934862
1950257
1958574
1990696
2021498
2022152
2031107
2044935
2064118
2089024
2097551
2101820
2120826
2122038
2147921
2148984
2171381
2186035
2217043
2241804
2270512
2302114
2320619
2321439
2347311
2372612
2384367
2397720
2401016
2407823
2431194
2433075
2463187
2486909
2500830
2521163
2544112
2553097
2558692
2589899
2613378
2614301
2646658
2673115
2693201
2720185
2737889
2742965
2745771
2754294
2769542
2778666
2785495
2813135
2831650
2841948
2856427
2859148
2863675
2876325
2904348
2935520
2942931
2975402
2994803
3014842
3016698
3042725
3046394
3073216
3088465
3104476
3112283
3141767
3160704
3189322
3207143
3230823
3248275
3274863
3278352
3296530
3313747
3320929
3326297
3333584
3364998
3389435
3412397
3427950
3459875
3469639
3485993
3517403
3522416
3524626
3546970
3570300
3591968
3599036
3608297
3627304
3647820
3676450
3705009
3720150
3720809
3740880
3766094
3792125
3819565
3820883
3849753
3855525
3883103
3905471
3927693
3945506
3967389
3993705
4005673
4031878
4050187
4060619
4085429
4095423
4112379
4127647
4157188
4161640
4166780
4179236
4211224
4228164
4229088
4236690
4252864
4263791
4287019
4289989
4301221
4305472
4319610
4324884
4347841
4364241
4381780
4399956
4411211
4420421
4437486
4445716
4458519
4473014
4505438
4518658
4519001
4522189
4530362
4551550
4555493
4572698
4601139
4619626
4639707
4659983
4691217
4722967
4727485
4749231
4763817
4768884
4800766
4828650
4835135
4860511
4860924
4875187
4879576
4896048
4909419
4940218
4948482
4952943
4982064
4992477
5017730
5027260
5036973
5052484
5058550
5070048
5081976
5083700
5100910
5127967
5136780
5166476
5185769
5211043
5243616
5247989
5262285
5276461
5277298
5280957
5311299
5336291
5350083
5363820
5382547
5414497
5439939
5441791
5458272
5484008
5488171
5516762
5543390
5559751
5569863
5589603
5591797
5611507
5638193
5652051
5660754
5660880
5683072
5697208
5698157
5718050
5731422
5762718
5772409
5783355
5800468
5803636
5813835
5823309
5845769
5859606
5865767
5872371
5872678
5879182
5906056
5932519
5949880
5952646
5966804
5977580
5990583
6013025
6030839
6053856
6080386
6108944
6129664
6153222
6160648
6169739
6178717
6202494
6231401
6259974
6261395
6263020
6267642
6268364
6299675
6325833
6349507
6380494
6404410
6410739
6421354
6452966
6474500
6477534
6499728
6514881
6526411
6554620
6573207
6604417
6609989
6617814
6645474
6650891
6669729
6681938
6713469
6731782
6739331
6760872
6763321
6768522
6771967
6790028
6797112
6801537
6813559
6814084
6833893
6834610
6846065
6870382
6889828
6922115
6934357
6960950
6970982
6972520
6995496
7026883
7042683
7064575
7077925
7080452
7099079
7118818
7133530
7138370
7157556
7171367
7194660
7201677
7227908
7248267
7258534
7277933
7302119
7325526
7356971
7388080
7406443
7413475
7433333
7447157
7458541
7488743
7496455
7510115
7520244
7533658
7534162
7542800
7557882
7562009
7582429
7594392
7620265
7620660
7621202
7621475
7636356
7637741
7651976
7667997
7668995
7688552
7718256
7741405
7752990
7755271
7757050
7786105
7818055
7838334
7853548
7872789
7898074
7913359
7926942
7947985
7972079
7993462
8001201
8007859
8023468
8044815
8047795
8065217
8080637
8105374
8119983
8142917
8161987
8182613
8183475
8211525
8240745
8271996
8289343
8296232
8308209
8325971
8354732
8367760
8380532
8408740
8418429
8430687
8453891
8465146
8497569
8514031
8539918
8553371
8576683
8608890
8614182
8633888
8666352
8675758
8699707
8723394
8733594
8758135
8779081
8792928
8793518
8825332
8847213
8850215
8857851
8864412
8888438
8904950
8923395
8934301
8950752
8953963
8982728
9005659
9027130
9037218
9068179
9077800
9105156
9132964
9139364
9158705
9185021
9196934
9210326
9230731
9258455
9269561
9289012
9304196
9335400
9358087
9385850
9411092
9437251
9468101
9483657
9501832
9504196
9515951
9520840
9547859
9553286
9553911
9566841
9575451
9600599
9605384
9611004
9630445
9643145
9664879
9692673
9718693
9729990
9741697
9752747
9779332
9787461
9805730
9828005
9858554
9875064
9899339
9927457
9942935
9971748
10003382
10007248
10037817
10059247
10076987
10096063
10105436
10118234
10145892
10160179
10177963
10205999
10228137
10243426
10251946
10255955
10258653
10266411
10271143
10283802
10284879
10306999
10320331
10337535
10365852
10377747
10378601
10409167
10438698
10448552
10467435
10489157
10494296
10508470
10533887
10547217
10564188
10587571
10601069
10612312
10622933
10655649
10681886
10694556
10718982
10736460
10750672
10779161
10807499
10818439
10850308
10856334
10884912
10892354
10900367
10914171
10923208
10950823
10963809
10981318
10998948
11009815
11038078
11039965
11041289
11044386
11054376
11084350
11110093
11119974
11125807
11137136
11161443
11177316
11179901
11195761
11203483
11235648
11253195
11273360
11283223
11300220
11313036
11334330
11347042
11370128
11384572
11412014
11423169
11446917
11462510
11471025
11472566
11473012
11485888
11490084
11512106
11518204
11535364
11549071
11577680
11578018
11605588
11634333
11664176
11687207
11693788
11724168
11726058
11736776
11745551
11762036
11768996
11787892
11797519
11809077
11813156
11836906
11849794
11877008
11881511
11882195
11897886
11921382
11949405
11959747
11976475
11979595
12000531
12006948
12014043
12040723
12051867
12065318
12096131
12114894
12120660
12149129
12174400
12179376
12184425
12216928
12237054
12264302
12295491
12318408
12330064
12347019
12368555
12395148
12420743
12440847
12449937
12454835
12467963
12473527
12487315
12491014
12518523
12529544
12531491
12532097
12563196
12584675
12610160
12642235
12651885
12659195
12672750
12692529
12698298
12706496
12722839
12732817
12760331
12762171
12775387
12791272
12792357
12793178
12812605
12825541
12844033
12862248
12891812
12922447
12923031
12940669
12948315
12954441
12963795
12976404
12995515
13026813
13029049
13034007
13060495
13063721
13063874
13089310
13090337
13120971
13140060
13171858
13175031
13191397
13207463
13233298
13265481
13296184
13314652
13328184
13346839
13373401
13405660
13411665
13434109
13454030
13483137
13496208
13522867
13530257
13531408
13561893
13574712
13598076
13621086
13626564
13629364
13631284
13646126
13657129
13688838
13698551
13729328
13752826
13785093
13808609
13821503
13847593
13868395
13883678
13915329
13943992
13952373
13962252
13980740
13986556
14013751
14040146
14051651
14083906
14107285
14134240
14152476
14179309
14185717
14199010
14223927
14231294
14240923
14242721
14252638
14257938
14280637
14297949
14329925
14347981
14355517
14355720
14377277
14377394
14404892
14434046
14435362
14443890
14455446
14455973
14459497
14471842
14474227
14492932
14510190
14516204
14533123
14548800
14568424
14570149
14578002
14596117
14626706
14643163
14648067
14654262
14670592
14692559
14699361
14728097
14734758
14740960
14771485
14781920
14803985
14820068
14839866
14853949
14865995
14868472
14887861
14888168
14911093
14936501
14958793
14970373
14980747
948 19645 27415
6317
32206
41977
44617
67340
94656
107769
123145
131858
146086
147554
180154
210100
210266
217459
234304
237945
254151
269559
293013
303198
319029
343141
351087
374251
391424
406191
406482
419712
428232
438722
455060
476358
487690
509875
520399
530012
553259
580258
606789
610471
616434
625219
656051
661985
662902
671267
683026
713288
726644
743313
768972
769417
779295
798275
817375
842840
873303
896671
922862
931126
937562
958658
971591
990055
996310
1003302
1003731
1028887
1037946
1045509
1046523
1073593
1099764
1115244
1121148
1149317
1180243
1187828
1205031
1216309
1241835
1252402
1254805
1267943
1268120
1299162
1325516
1353017
1367936
1378696
1391566
1395084
1423418
1440325
1453858
1480319
1511529
1520561
1530430
1560975
1572039
1587171
1615348
1630967
1641636
1667326
1686463
1705650
1708749
1720937
1740298
1769396
1779688
1781182
1795419
1801291
1825085
1847918
1867137
1870527
1894133
1916683
1944989
1977619
1991874
2014026
2033196
2050814
2064379
2089395
2113527
2126097
2137639
2150394
2180852
2194447
2225912
2254103
2268193
2293621
2309303
2339837
2341181
2352687
2381341
2392591
2396545
2423936
2432159
2455608
2472511
2474517
2490919
2514370
2537084
2560854
2584900
2614222
2642026
2648273
2665153
2668681
2677729
2694122
2708399
2738439
2763970
2772910
2774757
2803923
2817095
2837723
2862311
2868783
2877511
2904085
2919744
2933249
2959210
2980177
2980946
3011190
3013965
3029864
3053707
3082057
3107216
3136224
3144213
3176140
3177696
3193573
3205103
3213969
3223268
3237737
3249525
3281607
3309603
3341187
3345250
3364689
3384023
3388146
3395379
3411325
3429806
3450325
3460106
3492216
3509122
3530130
3534834
3543658
3566324
3580395
3596446
3600454
3612934
3640648
3644050
3668553
3699098
3712812
3718592
3743019
3760360
3765213
3783314
3801084
3817695
3840061
3867237
3874481
3890553
3891403
3919476
3924327
3928827
3943134
3964976
3974991
4000044
4022030
4034066
4058191
4079223
4086728
4087760
4087888
4095485
4120340
4123914
4126525
4131736
4140687
4153701
4171955
4178127
4189330
4192536
4212319
4244921
4274566
4307170
4325388
4325582
4354157
4363384
4381796
4384940
4390296
4392547
4398432
4412107
4423313
4426821
4437857
4442651
4459051
4483734
4502021
4515996
4534227
4557524
4585895
4595426
4615423
4634391
4642952
4670594
4687832
4711968
4718258
4734074
4746769
4766418
4796294
4810883
4843246
4868639
4873211
4888144
4888440
4893280
4923535
4948426
4949996
4964134
4967906
4978473
4983111
4990059
5001992
5017613
5048855
5049418
5050504
5076608
5085547
5100045
5131017
5146855
5179133
5207487
5219505
5220839
5226378
5251881
5256248
5273400
5289047
5297976
5308580
5313128
5328105
5351129
5363894
5379723
5411306
5413446
5418253
5424612
5435462
5439425
5456882
5466737
5481321
5507261
5524954
5526644
5539260
5567607
5575055
5591520
5617227
5634825
5642009
5663172
5681821
5708765
5728323
5740182
5747639
5759643
5778911
5810811
5819737
5842310
5873847
5896313
5897823
5910594
5928228
5950871
5968219
5979667
6002790
6010099
6020188
6035079
6047390
6058440
6069990
6098835
6107264
6130266
6155543
6170649
6199212
6205147
6211324
6217191
6224070
6240069
6269728
6279714
6294061
6316818
6333240
6340381
6358638
6387191
6388245
6402731
6416738
6438019
6453679
6483921
6485758
6517686
6537339
6540028
6558417
6585983
6614227
6636433
6659891
6669364
6688168
6688256
6703908
6718190
6747985
6762808
6776282
6803685
6835096
6867610
6881028
6911915
6927342
6945615
6965940
6997094
7011540
7041555
7073793
7100396
7106926
7107696
7117140
7139803
7145039
7158381
7163243
7184796
7213678
7233445
7260164
7288914
7308618
7314640
7321915
7325376
7354695
7367876
7373468
7397915
7418158
7450588
7452900
7461583
7487467
7491796
7496042
7503920
7522672
7527956
7541315
7568412
7601098
7633514
7654413
7684496
7704430
7731256
7738483
7764267
7785899
7791115
7800921
7816867
7818325
7840681
7851192
7877151
7896468
7927433
7959858
7991446
8020728
8037572
8038226
8041994
8053411
8070503
8089970
8105150
8121785
8127816
8158313
8166491
8181492
8191800
8220360
8240122
8251493
8263346
8292582
8297011
8320889
8321017
8335501
8353289
8381969
8409245
8409942
8410063
8433637
8438652
8468152
8489208
8508160
8522533
8551624
8579551
8589953
8605117
8606891
8631415
8635005
8656195
8682927
8700653
8715286
8736588
8746015
8749373
8767681
8791855
8801983
8818870
8848322
8879522
8881150
8909930
8937677
8958145
8977873
8982931
8992483
9000845
9016135
9027301
9035346
9044947
9055939
9080274
9085169
9112968
9115628
9136314
9137029
9165462
9177167
9179412
9183067
9209368
9232813
9238652
9245451
9255425
9276665
9297848
9306482
9338427
9353479
9377450
9393622
9416748
9428969
9447475
9466943
9487799
9513473
9514244
9522429
9531045
9532865
9564265
9583201
9607039
9632534
9634289
9656226
9683164
9712012
9715484
9744376
9768475
9785369
9818085
9819355
9821833
9825692
9830727
9837183
9843712
9861388
9885876
9890173
9902581
9924700
9939829
9946280
9973743
9989380
9991421
10015249
10021490
10046786
10065708
10085954
10095963
10121482
10133380
10141860
10146475
10170787
10198089
10213399
10232005
10251002
10255511
10274486
10298129
10329499
10348129
10359759
10389535
10412132
10444135
10472203
10491949
10520804
10552860
10584007
10602279
10625386
10633073
10652567
10671372
10679232
10698398
10716925
10747853
10756000
10766292
10791764
10795414
10806224
10817247
10845414
10864269
10875120
10894010
10898478
10917110
10931450
10942223
10964307
10982099
11009650
11038383
11056338
11088880
11101764
11106802
11139152
11160411
11165526
11189260
11207331
11225936
11233983
11262538
11295238
11300496
11329468
11331660
11364230
11386423
11388500
11408424
11419285
11425515
11449242
11472245
11498448
11518092
11546294
11571800
11583995
11606867
11621780
11631985
11660321
11687252
11708476
11739071
11762673
11766657
11768294
11772274
11774785
11806992
11826874
11834548
11859913
11880538
11910460
11916626
11931654
11946019
11958893
11976809
11991123
11991125
11999127
12009200
12023598
12038444
12056784
12062276
12093365
12097492
12114728
12132755
12140869
12141421
12145029
12150596
12178261
12182923
12187445
12201288
12215422
12224801
12230445
12242782
12243889
12249820
12252920
12274246
12290717
12312042
12338258
12369633
12369990
12394554
12424317
12443721
12466893
12480804
12510269
12531664
12537704
12561798
12580741
12589557
12619654
12624972
12634074
12654405
12665383
12666477
12689503
12690482
12712038
12731737
12758679
12788433
12794925
12821198
12844752
12872081
12879900
12887335
12913479
12931549
12937122
12948247
12956914
12962220
12963393
12978640
12987649
12997385
13001991
13021348
13043215
13061250
13090102
13106443
13128701
13159820
13174553
13183521
13201797
13226456
13245450
13268623
13283958
13295251
13327021
13347816
13367718
13384860
13403221
13427314
13457804
13488803
13499031
13526114
13538964
13539905
13560858
13566856
13570589
13572855
13578116
13608039
13620518
13649442
13679527
13709764
13738415
13762272
13786073
13802397
13803974
13830369
13856631
13857945
13859657
13863209
13874077
13906141
13909842
13939655
13944334
13957466
13982807
14004596
14008397
14022283
14051834
14071846
14088670
14116250
14144903
14172568
14201027
14203645
14231073
14236340
14255903
14288260
14303142
14317313
14349585
14365907
14367547
14394094
14417336
14440010
14457995
14475288
14493289
14502755
14506677
14526076
14540571
14543995
14574572
14579097
14596853
14613261
14643912
14667912
14682146
14693986
14695490
14708728
14714298
14734754
14757220
14779685
14788339
14817898
14819241
14833853
14844534
14851775
14883593
14909613
14925025
14938494
14970047
14997482
15003013
15008820
15010222
15029025
15051848
15064425
15065993
15088986
15116223
15135326
15140763
15161226
15192689
15203124
15208011
15222298
15230547
15238281
15241801
15247190
15248748
15266181
15275630
15277523
15281839
15307090
15331657
15337917
15339003
15358726
15369567
15375394
15375963
15389443
15416603
15425308
981 25775 14167
19600
36204
47753
73895
104171
118258
149247
173369
190880
209944
234884
261579
284875
312951
326027
354899
370087
372233
385567
413621
441187
445362
456021
479621
499169
505844
535841
567155
583021
613337
616610
644459
676446
688647
709855
728420
750504
782090
786416
799200
805731
835530
842140
843802
871482
884016
906335
923876
948944
951297
969196
978748
1011219
1019873
1029647
1037182
1038716
1042573
1067794
1081954
1096775
1105982
1135230
1166994
1196178
1212999
1228128
1252347
1262964
1278164
1292010
1315787
1343224
1351910
1375382
1394724
1410844
1414009
1420973
1453685
1485479
1497817
1522755
1542031
1551624
1575725
1605026
1637471
1650192
1664299
1671205
1697376
1723562
1735166
1767042
1796794
1806715
1816417
1847432
1851151
1875065
1895139
1895751
1908477
1933417
1964894
1985195
2009417
2041686
2049952
2065801
2067393
2099953
2115902
2141464
2168011
2194406
2214561
2219230
2224545
2237215
2240312
2261002
2265157
2283510
2292960
2298173
2313243
2315865
2327934
2341322
2341948
2346971
2375617
2401114
2402929
2409146
2428446
2440976
2451943
2453968
2482931
2503947
2520201
2541686
2547937
2563942
2582034
2614616
2639440
2663329
2694089
2717493
2728744
2747774
2748405
2754200
2754489
2784844
2799610
2832248
2853843
2864033
2874405
2883014
2899204
2906241
2920492
2928630
2929433
2950144
2974561
3002996
3029445
3045452
3051406
3073791
3092081
3122466
3153282
3177219
3203399
3236031
3253844
3284952
3307625
3332663
3352655
3368950
3376215
3389508
3413651
3437596
3449994
3458944
3471972
3476315
3492659
3509003
3517734
3549472
3563322
3568302
3596817
3628068
3648353
3664224
3696267
3719504
3750300
3759939
3780665
3790221
3795348
3826189
3833791
3852684
3883367
3884777
3903278
3928692
3942278
3954874
3961636
3990155
3990739
3993055
3999130
4007107
4029921
4044883
4055393
4064831
4072049
4100946
4105559
4114633
4137495
4161886
4187711
4196655
4228366
4259261
4286036
4297883
4298820
4306017
4315527
4347862
4352912
4367177
4369776
4391799
4419859
4429891
4455401
4485130
4496601
4517425
4521825
4537633
4559767
4578474
4591575
4593239
4597672
4627741
4644750
4651333
4657968
4659289
4677222
4704096
4722293
4734853
4741872
4742867
4755813
4760465
4761643
4777277
4800337
4804110
4833012
4841318
4860878
4869751
4882979
4890848
4904909
4906734
4914266
4918941
4945383
4977513
4988553
4988784
4994256
5011017
5027349
5043583
5046013
5072232
5079487
5102507
5131903
5141139
5143596
5169627
5170182
5192308
5219113
5227336
5234715
5248239
5255832
5288359
5303683
5304810
5306893
5312595
5331932
5350797
5383204
5413470
5421407
5437159
5469813
5496464
5515992
5518349
5521742
5532769
5533903
5537445
5563915
5569752
5585118
5600223
5606185
5624413
5638711
5653217
5653761
5667454
5688411
5715106
5745210
5770401
5773058
5773363
5798631
5828776
5843506
5863040
5878104
5908613
5938568
5955701
5964693
5965754
5997993
6003354
6032527
6042570
6061805
6084895
6095874
6109351
6110265
6139737
6167550
6188022
6220030
6243752
6245162
6277726
6282618
6314200
6322869
6351286
6378518
6387175
6405870
6425382
6455040
6477121
6484376
6506557
6524149
6531182
6534379
6538743
6544438
6561067
6592062
6604967
6605484
6637811
6666088
6681572
6701636
6725629
6755792
6779221
6803571
6818471
6829611
6859128
6866926
6888526
6892523
6924624
6953871
6971036
6988639
6995985
7000433
7017539
7030144
7032746
7052594
7063077
7076978
7093066
7102569
7134705
7163826
7196376
7209044
7209264
7225077
7236176
7253928
7262140
7287479
7318554
7338908
7346349
7358843
7390538
7412511
7440566
7469241
7475925
7483197
7488747
7514235
7538355
7558071
7558399
7577777
7592947
7605966
7614451
7622445
7635134
7659316
7679528
7707983
7737672
7755576
7771123
7781485
7810742
7824408
7853968
7864278
7892206
7901324
7910805
7932828
7963230
7979390
8001223
8015611
8017064
8035305
8043109
8057213
8088910
8090364
8095721
8096198
8114493
8146262
8149803
8168725
8169045
8175747
8195586
8214129
8225243
8229284
8254030
8270987
8301274
8305216
8314735
8346955
8358777
8364114
8382005
8406540
8420410
8421497
8433208
8441747
8455219
8468839
8482725
8504485
8526122
8542064
8547447
8559198
8575662
8580952
8600612
8616233
8631062
8652612
8662198
8668532
8698229
8715492
8744022
8752908
8757120
8783820
8789579
8814127
8840796
8857334
8875615
8881479
8881507
8910972
8922557
8932955
8953305
8956544
8959038
8981297
8996493
9004097
9015584
9043735
9071212
9090658
9094708
9095528
9118982
9130340
9136249
9152440
9172991
9204041
9220388
9246384
9249904
9280876
9296413
9300131
9331518
9341833
9359594
9377993
9381724
9413876
9421578
9425455
9438461
9460993
9467587
9490778
9521337
9549721
9556822
9566092
9583003
9604865
9628592
9639631
9662764
9689042
9719425
9743768
9774171
9785885
9817801
9828657
9840748
9848522
9856982
9860546
9891524
9904151
9916331
9933586
9937582
9952337
9976537
9999602
10028042
10029500
10044623
10045027
10062328
10070699
10084243
10114655
10143844
10162372
10165742
10184027
10191756
10219130
10230532
10254965
10275955
10292659
10302050
10307411
10318145
10341020
10365814
10375601
10386586
10396084
10414974
10439076
10448610
10473476
10498273
10519427
10538088
10564737
10570490
10599565
10619796
10637735
10662225
10682673
10706416
10714685
10734921
10763279
10764082
10781776
10795324
10822831
10822957
10853719
10856449
10876113
10886065
10906250
10917867
10943369
10946402
10958954
10970164
10999032
11025017
11046007
11057109
11058620
11073143
11086872
11097299
11118863
11134410
11140019
11145980
11169942
11176028
11191538
11200783
11216099
11238940
11248442
11256664
11285917
11307626
11339092
11360954
11393126
11410303
11428672
11448107
11453798
11473087
11499332
11516066
11538572
11561721
11565334
11587945
11605626
11633055
11635281
11652340
11674666
11683813
11711235
11738641
11743284
11771093
11795830
11820955
11840727
11866452
11890730
11895442
11905442
11927317
11949307
11981990
12004308
12008310
12020850
12026416
12047466
12067163
12082260
12101280
12131040
12131563
12146771
12152407
12161950
12178502
12203002
12205297
12216603
12220458
12238018
12270339
12279462
12302206
12315478
12328514
12346347
12370146
12397329
12414754
12415006
12430612
12461724
12484316
12487642
12492124
12499149
12529903
12558515
12568796
12570792
12593925
12604786
12624852
12634011
12643923
12676613
12696531
12703970
12733794
12736033
12768222
12785951
12788041
12791178
12794750
12811552
12816729
12836122
12864456
12889815
12890170
12905322
12936522
12951425
12951920
12974131
12990964
13006331
13036124
13038941
13049319
13051981
13074854
13100224
13109818
13123421
13148182
13177232
13200558
13202393
13223391
13233277
13258572
13271884
13293405
13296003
13325055
13356133
13378619
13381223
13395985
13398385
13409301
13431018
13442978
13463548
13493114
13521823
13525255
13552815
13560945
13561993
13581860
13607507
13608283
13611081
13636005
13636359
13648212
13671706
13697594
13716139
13733116
13750378
13759926
13791602
13808303
13816361
13823777
13835695
13844792
13856971
13877950
13894598
13907939
13912309
13925116
13947735
13978381
13984731
14006617
14016660
14025760
14058321
14077493
14084293
14110711
14115465
14135960
14151942
14155459
14180993
14188254
14216741
14231629
14240037
14248290
14259393
14276536
14281244
14305293
14311566
14340521
14368839
14385113
14389706
14399456
14429936
14433604
14454757
14466372
14471591
14500018
14504025
14519649
14545367
14547397
14553268
14580306
14608639
14621850
14639815
14644248
14673572
14699520
14727702
14728298
14729454
14738327
14768487
14793198
14821114
14834920
14856079
14859747
14891991
14924389
14934630
14942012
14962994
14963545
14972653
14974510
14985405
14994389
15021483
15037225
15061814
15070070
15079979
15096896
15103016
15119921
15125690
15150090
15163743
15186436
15193419
15207657
15222018
15250586
15263377
15276998
15309153
15332312
15355968
15363387
15369593
15402088
15423370
15441969
15454494
15454502
15459522
15479013
15488989
15500936
15508791
15511404
15536522
15561965
15593528
15625367
15628162
15637730
15658571
15671375
15678867
15695956
15708564
15727711
15730079
15745970
15769198
15797943
15820016
15833604
15840048
15844874
15876653
15886058
15887909
15916020
15942417
15954321
15974578
15980417
16003271
16020374
16035504
16042791
16050681
16072406
975 18525 30788
31656
47196
69647
94093
103364
123439
123605
142453
157077
160924
182694
202419
227841
248412
263187
290911
309344
332947
358698
361687
388333
414584
436611
442021
443182
471853
472247
475911
487231
498626
525646
547380
569630
586610
599576
629574
642261
672260
701434
721628
754342
758886
773927
805735
819731
831344
843467
855595
869102
872674
879145
910319
925506
945540
965156
978008
981307
985985
1009208
1037049
1058804
1083370
1105896
1120535
1136196
1164916
1179545
1186579
1207909
1210968
1213914
1243271
1252765
1271660
1274914
1291803
1305298
1321580
1347578
1351682
1362699
1394544
1397655
1418278
1445604
1469842
1474280
1477387
1504239
1511111
1534989
1549914
1578249
1579745
1587780
1588260
1598621
1629389
1659460
1680846
1690581
1714422
1718025
1722803
1735105
1752029
1771022
1787503
1793380
1824735
1833462
1857250
1881535
1892653
1913516
1943005
1970876
1992436
1996264
1996927
2003475
2013358
2034477
2049608
2069283
2086579
2115126
2131415
2133165
2145513
2147023
2172246
2203532
2209452
2213149
2217373
2224470
2235110
2236768
2260736
2279920
2293590
2326038
2352841
2383631
2400774
2405276
2407535
2435245
2455539
2456631
2487665
2492781
2523109
2529167
2559715
2590186
2599026
2618520
2620336
2635261
2639929
2647281
2668170
2689778
2709322
2739374
2760326
2782629
2803894
2830734
2848107
2877339
2888543
2915502
2918068
2923009
2926825
2929054
2960956
2979232
3000802
3001838
3024287
3040962
3069465
3077159
3092294
3102722
3106857
3110205
3139117
3145490
3160874
3160928
3189063
3217002
3246491
3279183
3295657
3313394
3327098
3338511
3363408
3388555
3420553
3429654
3436706
3453082
3485635
3487463
3519649
3523961
3543307
3573280
3575751
3608025
3614714
3642094
3647891
3668755
3692776
3716860
3723467
3751282
3779882
3782610
3801196
3813726
3839857
3855769
3874630
3890308
3917922
3926361
3952972
3962343
3973729
3990947
4022673
4023266
4033413
4062384
4094974
4098848
4099264
4103911
4136361
4143480
4152628
4158680
4182758
4188100
4204734
4220846
4229644
4259237
4264106
4274944
4288985
4305459
4330905
4336419
4360861
4363427
4376988
4387555
4407550
4437974
4446584
4459438
4462977
4484065
4500509
4516655
4531121
4546684
4556622
4583768
4594690
4619110
4642936
4663774
4674399
4693434
4714680
4715558
4727658
4752175
4764436
4789403
4810344
4838989
4842463
4858495
4889063
4916369
4946004
4961568
4981507
5000571
5010776
5022600
5036908
5044120
5053557
5085589
5094932
5113454
5133824
5158277
5159565
5160037
5175151
5198065
5219863
5251992
5256418
5277753
5304674
5326997
5356758
5374811
5405177
5423635
5451026
5468997
5471845
5476502
5488569
5514889
5540858
5558527
5586833
5605515
5631316
5647633
5669504
5688862
5689483
5694690
5724457
5735050
5737486
5749826
5771981
5773324
5773618
5801737
5825613
5836479
5868406
5898080
5910882
5911800
5929835
5931244
5957377
5960715
5966932
5977079
5981687
5999760
6022013
6038404
6040751
6067465
6068274
6072653
6102821
6127097
6148973
6163127
6192143
6213237
6227514
6230457
6258232
6274079
6278600
6282413
6314242
6336907
6343711
6361105
6385439
6407714
6417558
6423865
6443638
6462053
6470385
6488314
6515774
6519726
6530094
6548786
6577217
6595162
6596614
6619221
6639191
6671713
6697499
6729175
6731014
6745698
6750678
6761111
6785124
6785316
6797306
6799406
6805523
6805877
6836445
6855216
6860671
6865555
6881886
6891621
6912834
6945514
6956155
6988005
6999739
7001944
7011242
7019824
7051478
7080149
7105488
7126320
7145219
7147403
7162613
7187242
7210333
7214696
7223968
7228323
7240448
7264787
7282409
7296052
7311761
7319128
7338548
7369801
7374581
7382277
7414946
7416536
7419959
7424309
7439924
7459842
7488672
7492104
7514770
7530918
7559166
7577553
7583119
7594469
7625498
7653039
7663449
7669396
7698784
7723419
7753557
7770273
7772856
7805151
7806128
7815778
7839877
7870211
7891866
7908315
7922919
7952168
7958077
7975923
8006428
8017877
8044628
8057233
8085525
8088878
8094846
8114101
8141378
8142241
8149565
8152950
8157061
8168448
8184738
8186618
8202332
8202767
8208817
8219733
8234808
8240766
8265324
8272734
8293119
8304974
8326032
8357231
8360904
8368565
8400141
8409630
8437955
8460388
8476188
8480732
8482380
8485187
8515601
8524678
8555315
8566684
8597978
8601068
8627252
8652724
8675120
8694339
8696992
8706268
8713843
8726662
8739631
8770277
8774714
8779468
8798730
8813070
8815507
8846472
8861954
8879199
8905200
8911550
8925431
8952692
8973767
8993829
9009007
9016762
9037539
9060412
9060700
9069078
9082722
9096266
9126932
9142529
9145438
9157970
9161592
9180694
9188695
9201145
9202762
9202954
9208121
9220947
9249204
9272599
9289758
9290667
9295106
9301467
9322689
9341495
9371270
9375901
9392276
9407156
9420462
9449739
9467287
9480191
9502285
9506919
9529556
9531544
9557268
9588254
9603213
9618449
9643316
9662677
9677086
9706614
9734969
9745125
9755529
9778844
9793808
9807174
9826487
9847909
9880381
9907173
9908324
9913332
9926466
9946743
9956036
9963216
9978424
9996461
10009546
10019830
10030742
10032358
10061615
10092508
10121250
10148928
10150938
10159460
10192161
10213165
10215300
10230466
10249129
10279275
10300486
10308938
10314280
10327147
10356693
10362678
10369563
10373935
10406580
10408536
10433526
10463894
10472338
10484415
10500924
10529047
10546203
10572871
10578371
10600681
10606194
10634781
10635565
10667936
10691174
10710837
10729873
10753594
10766668
10782374
10787915
10790037
10813330
10832647
10850830
10857313
10861308
10890153
10898191
10899314
10902674
10929869
10950772
10963348
10986817
10995657
11017704
11038142
11062312
11083800
11088483
11101381
11124122
11142752
11153186
11164529
11188683
11212388
11213773
11229707
11254318
11263204
11294410
11298645
11318406
11340404
11372747
11373048
11403940
11434046
11461249
11479903
11494870
11508146
11522946
11554559
11586823
11593262
11606373
11632917
11646092
11646349
11646467
11653072
11675300
11696811
11701232
11702763
11703209
11712219
11735077
11742649
11757802
11759940
11775956
11797410
11828546
11857210
11876720
11898635
11901519
11913855
11945955
11976880
11999587
12003954
12017397
12027251
12040999
12051768
12064742
12082325
12095719
12110285
12119344
12144735
12156558
12178435
12182658
12194881
12225628
12235646
12256743
12286810
12316479
12349067
12369688
12380787
12410596
12442622
12452362
12474477
12484728
12492528
12524961
12541977
12573972
12599152
12615576
12637828
12651230
12675884
12697238
12699826
12705750
12736765
12745593
12760009
12760407
12761712
12769481
12794539
12809028
12817971
12842848
12848131
12863978
12867200
12883779
12884925
12890506
12895847
12921768
12927734
12940961
12953882
12968237
12994899
12995019
13010455
13026620
13028043
13040236
13055315
13069736
13098215
13120251
13149768
13152112
13157991
13188606
13192439
13214642
13241440
13273791
13275106
13298143
13305802
13326504
13337064
13354500
13379191
13410387
13411099
13429336
13429372
13435205
13456256
13462256
13478673
13478755
13505225
13535916
13568475
13593357
13604848
13615174
13631397
13643504
13646799
13664925
13685643
13700736
13705631
13736749
13746070
13764652
13793393
13823412
13825480
13852219
13869195
13882378
13904023
13904220
13922239
13950247
13969876
13985764
14008235
14020189
14033676
14057660
14082286
14087608
14113356
14115072
14122570
14126238
14149219
14158675
14183096
14195088
14198155
14229465
14239084
14266404
14268800
14291941
14307011
14327337
14334992
14352477
14367021
14370048
14372625
14392770
14397688
14421539
14424787
14431480
14435868
14449115
14466548
14482350
14504679
14513962
14524847
14549887
14576291
14607324
14620054
14652098
14666537
14697430
14714301
14741000
14761059
14773894
14782037
14797130
14825663
14852493
14884790
14895051
14920082
14948244
14964187
14983586
15004268
15037016
15046223
15054338
15070812
15070941
15071108
15073566
15086112
15092436
15099040
15113422
15136328
15143476
15163576
15180511
15187021
15203330
15219835
15235086
15237519
15269188
15270221
15283898
15303500
15313199
15320276
15343686
15345284
15353207
15370222
15379486
15386308
15395288
15414304
15432576
15439602
15444432
15448688
15476965
15478523
15497089
15517360
15538725
15552888
15572685
15591992
15608896
15623233
15624089
15634708
