95
157 576 246
201 367 710
178 776 258
649 512 528
316 607 713
494 910 581
994 580 34
466 845 901
92 980 351
24 112 87
770 621 15
16 823 735
78 1 511
689 3 376
217 319 335
930 165 245
863 159 177
898 625 22
799 717 354
502 94 466
942 216 88
957 585 911
44 663 264
556 352 267
284 921 939
619 204 104
216 67 616
393 317 241
768 468 311
122 971 405
941 913 973
29 222 558
292 267 574
908 175 278
176 811 552
467 430 756
923 646 175
539 391 493
781 511 961
444 634 284
849 575 197
822 956 772
733 600 391
307 508 566
937 36 377
489 503 159
245 427 157
773 966 900
266 99 412
579 543 398
864 744 325
413 919 281
537 4 233
928 663 741
846 600 778
575 90 633
734 687 60
891 460 379
144 78 830
556 658 726
954 874 822
279 287 741
912 825 97
145 105 760
238 952 361
16 527 803
2 262 842
414 505 303
793 649 381
976 205 391
54 511 265
876 142 905
970 54 82
67 551 187
828 790 139
189 158 19
344 160 633
186 575 138
841 720 140
575 48 697
966 102 209
584 979 703
841 949 758
923 16 661
462 196 803
954 737 962
973 81 474
606 620 401
96 461 122
236 36 522
934 355 625
495 939 956
198 132 905
308 55 273
322 869 470
6
6 1-1
207 439
148 641
914 754
261 315
851 722
789 439
4 1-2
312 725
466 937
572 757
245 771
2 1-3
150 431
944 775
2 1-4
165 597
231 989
6 1-5
670 137
446 584
244 707
252 447
781 41
886 892
2 1-6
964 358
994 536
16
239 659 4
389 91 300
517 196 466
114 427 807
271 98 944
717 34 540
776 286 987
558 680 226
802 385 190
161 380 726
628 971 738
633 713 829
285 230 377
103 344 805
910 616 255
207 685 289
20
5 2-1
928 87
724 608
313 526
345 855
39 77
4 2-2
668 49
671 653
762 852
938 992
3 2-3
394 688
35 656
656 642
6 2-4
694 931
315 508
859 402
232 819
67 110
517 274
5 2-5
594 207
818 643
231 471
757 83
761 749
6 2-6
507 790
700 164
798 342
379 492
626 694
352 837
3 2-7
936 657
867 47
174 141
2 2-8
120 701
367 764
3 2-9
190 521
367 303
623 33
4 2-10
765 733
975 563
428 706
408 54
4 2-11
760 243
553 697
900 421
96 426
5 2-12
293 547
967 12
663 251
202 536
619 505
2 2-13
652 316
628 737
6 2-14
544 517
702 952
923 455
64 167
360 113
419 133
4 2-15
846 48
854 745
367 866
408 619
1 2-16
296 590
1 2-17
808 594
1 2-18
436 683
5 2-19
980 201
292 284
124 99
349 643
459 814
4 2-20
593 24
909 993
230 654
360 97
15
331 517 710
921 795 870
867 390 659
551 980 991
104 624 276
580 75 977
224 534 791
287 479 167
196 824 398
202 537 847
968 868 364
30 142 160
901 361 902
912 912 234
903 16 858
12
2 3-1
933 508
173 819
1 3-2
460 651
4 3-3
656 475
569 210
12 416
178 233
6 3-4
208 727
293 461
88 547
373 1
781 629
369 991
3 3-5
318 276
669 491
95 673
2 3-6
98 844
959 574
5 3-7
521 938
182 51
523 315
260 250
960 73
6 3-8
507 799
692 640
428 61
631 588
732 259
609 575
2 3-9
282 879
805 127
5 3-10
731 893
712 22
75 115
545 391
727 148
2 3-11
801 487
211 600
6 3-12
203 380
592 835
968 676
446 578
252 153
860 483
60
339 673 42
584 737 64
660 853 962
403 580 110
106 733 949
669 685 128
873 65 72
60 34 749
506 964 353
660 176 836
971 516 861
365 100 951
430 112 156
744 515 88
206 974 822
155 643 507
283 516 925
707 576 959
808 83 923
161 95 99
349 66 967
563 431 420
514 213 884
670 309 752
758 515 726
932 670 369
792 305 238
717 13 814
676 821 249
951 335 344
402 36 762
722 599 546
142 465 111
378 135 421
130 246 936
856 178 607
578 970 264
168 39 629
334 715 451
584 18 138
280 421 174
395 495 126
941 989 591
52 367 79
825 498 325
762 706 855
721 636 178
337 804 217
967 491 285
770 427 303
908 707 76
434 454 571
560 747 912
504 152 280
583 977 130
908 91 188
115 164 825
293 502 981
863 469 472
148 239 899
4
4 4-1
959 880
933 765
803 846
513 716
1 4-2
665 348
4 4-3
642 478
193 734
666 308
250 843
5 4-4
752 825
817 221
649 317
812 901
120 311
13
352 597 977
508 795 842
576 497 507
924 782 502
754 975 588
772 635 838
616 589 591
793 758 164
442 427 977
695 900 640
907 604 237
237 112 384
79 40 881
20
5 5-1
663 441
70 990
29 843
626 867
459 567
1 5-2
252 678
4 5-3
46 105
952 742
357 592
1 962
3 5-4
590 426
566 22
467 800
4 5-5
783 463
402 206
454 783
49 432
5 5-6
860 999
461 464
677 436
510 135
740 604
5 5-7
684 958
806 866
548 585
785 570
404 585
4 5-8
187 400
285 745
206 68
146 638
6 5-9
6 638
884 470
667 672
333 154
412 289
999 96
6 5-10
157 315
148 742
100 70
146 37
954 686
789 591
4 5-11
996 12
930 634
83 936
624 967
6 5-12
644 639
444 150
403 733
501 499
333 659
166 833
6 5-13
618 903
252 655
209 290
445 801
73 793
165 3
4 5-14
248 292
404 567
403 400
558 847
5 5-15
961 932
52 812
617 63
979 450
168 597
1 5-16
772 605
2 5-17
62 402
420 488
6 5-18
585 843
974 833
135 730
752 890
130 310
89 33
2 5-19
374 85
436 991
5 5-20
415 794
668 364
500 441
321 767
855 75
0
