1 0 1 1
2 14 2 2
3 77 3 3
4 57145 2 4
5 29262805 1 3
6 40568311741 1 4
7 444972713982727 7 6
8 10270148807532891950 6 2
9 805681113233920777424934 9 8
10 78020419486068228812328654164 2 5
11 656921010823109286199289305344307270 2 5
12 21966083896533547534626140918063580417500972 7 4
13 150198948529681673338548856234570071417163736022146 10 10
14 1320686741330485520361837779182946223494719129267628164551 10 14
15 25292168147763020973171355208571678030438374271938663630025188098346 3 9
16 25136651769588663236051008046103381724970767589265156651050513312500605977393 10 5
16 86074654621213590677955288511489111724753162538931087876320368160985686820459 7 10
16 22346389506081326234679811035923604142494613327834861131813987806862945842386 8 4
16 47342243420826223022633472641522186615099723102309396364717622954671377947315 9 13
16 9382014603855793252619443751356050686087081661311265847229960513400386470347 7 7
16 54173135269814699556441490369802831982317379752425033226376220568479708632633 14 4
16 21442210120123513366976359769398493012704438549497528866447663503883224155774 11 8
16 19896216876162964214862756929762447329507570493528396759711068262108480407474 2 2
16 9259290390231890732470213558704117265327813162609390375149755031789793385290 7 15
16 46634936144071033675355189162176654498845927928826342545951959467284666562535 15 1
16 100901064106089445964353983769991082995326676613203530248927582822354014472818 13 7
16 93166249309168917511169492184927363883103920921163888473945255566874090401070 5 16
16 17228261671989169308032136647981277556952062126578216601210390014614699933669 14 3
16 722892231961167120563939696160931011305775723242239492370013035665633412046 7 15
16 106120600289654743308379279442054313617951586005504996920438919181178538084655 9 10
16 84891159419478815418620724409688046548772812577391078021483360709733237411555 1 3
16 3564105809142115685042568433121454355918858900776225786265244281543968166200 9 8
16 76192106951130857375303372706128190329215340494155166378760523092132833973982 8 16
16 59840318480704830498528680154041096243306324294438055658918285004941935096055 15 13
16 66350381573721129184558885767159283257935296795694156400492347513868698146100 12 2
16 52664208814884720571539365081731246555122741849354071691608945325428340521226 5 14
16 15525207042655146404359682380756225374122620908472506897614144166579562294988 15 1
16 79764270990688570938035992752514823056512484508424297958437963597485676228709 11 6
16 72791472529212788932967263055587302258796425763823072678205038147483744619976 9 2
16 65858186239515261636934650441018936552069637377383454471938708010468728001679 5 1
16 71083234874110971073728255815092953496973570700354645176750726649108034459637 13 1
16 105417801025750030608488170561965404169268156844554714447502587711110729810227 8 5
16 74134376220479852405684577424571756540647025478715959138961940473144240007909 10 13
16 43389215920149137439038430389142917502526808622473331651113694055200869657485 6 15
16 61096481038892303490474132052935318427014757604276773664276133232514058552498 7 7
16 111439100870211291169186337138691377746240218213484834219448667522669640670000 3 3
16 26910711155592605697451150868391672925235721593218706498684800318638442034845 10 14
16 77763969343375465848820850399401541665240001861343731411237803279451831425983 16 8
16 15789539847923401228902375474435394613985812462833547635155247780523996538559 7 6
16 34056547763034243581479923649839888364735732219931552053003245246192097754479 9 14
16 93405471012017608395415170844138473238880253648430982646122746725166051908227 4 14
16 83781705617817558420174486247047597848373989373362131214086902782832298709557 6 13
16 81158056061221821571625209644172904490968598750980738959026087645255309872030 6 3
16 19210138347177312344271613372610251518081051320914915610489340129020003441259 13 4
16 76392912974625362391116561051301657367685371621000230615583918315614404131894 8 14
16 9561364471531129507027587923148149039797321774624126836230026686621469910595 3 16
16 64801811612922003353400170614981728180313576950936730059120176360628187183070 14 14
16 114494402243526869569478640872952038004309381352776332377150724628133235162889 3 2
16 23782315804816704715204315449684124254458371763147276917511841759649640543028 4 6
16 80529017642510014947570042285539664365365938540552911201223255809340829972948 4 5
16 82503400485868943317289170232143788554604243529858613241357864866414466367702 12 10
16 1961060651920837421869290437689118512227440614982451008558179459391265393829 8 10
16 98374191204385026843597196151580122071835134644812421828027095409592500562550 10 2
16 35657848330306125273769371339138408359473084833978918271528919206564747621918 5 3
16 110726812784845352943779648519038297820951678959195939777311145900298697068369 12 9
16 27157664782799614243122852952296660198630169183637025801015474448650755318943 16 8
16 70425032838403574111979174197215659585957088216078452950997095750904711181658 4 3
16 12492733014710639689856503869010157443530828295368321715656958717680898172918 15 7
16 108429441313853449491755973871022889500747371402674380090146175252267071772645 15 4
16 69198208433488104644554851087436253377187112264533345442293697996743468416767 4 4
16 47123900133316067090386253217084710359991924631356542113936844418013336996501 1 7
16 96569810414183492112369690117004702046884154956071910934930271929920965517276 15 11
16 31597257490827015163283785790954934106726966891015344293463331367757833126310 6 10
16 36940051075815536670004070287122145661864777072121627970482049054098897712080 12 15
16 103901385867181213499542122616487815891252411209797415599971388911092299741248 4 16
16 81271106360668408909635813438869289694104345595078283031959393332440671386459 1 1
16 6600846419358760158655057029265208552278025633111775333276259695474076810982 13 16
16 110807944402663709195365078746981223630669896161042616095795009463800357533508 4 7
16 99548896148116924236681088595417116669474960855385446216631307151254333495690 1 8
16 48378344147656874102719752965089542765625591574947788371070531090747595789771 6 14
16 113912282194222818508073794189510033239474982730482008437142040748925341711021 6 8
16 52527669158323933601373505867381814069546485510007670004787227636466746739860 13 15
16 34601264368457692752068757264270267547618983935315834654025790746264797591447 5 3
16 28406042000077953578571449320571200361418569020928831156870091245371157721418 13 2
16 103239267377150594796529184871577686300248875286241407029086504151313112400708 5 8
16 109368929727587662928348547553891716313662545850728975575600409647678765122850 3 9
16 75677597210686603444783075371329222386045987082770923923213151995661403184573 11 15
16 20937286315968256827260575140891589143702268333238865237800539148137669973768 2 14
16 83322377581266220335374410320180863314997919639601827032329815492445917402090 11 1
16 83377908870401756435715648605312878125542316681200267379517588786291645388435 1 15
16 29217368859590720149535132853619093334712737534501210916579630747964587708461 1 12
16 44874934703845779690224082172761591731779464324362083027185345421384049454243 3 11
16 59105436001140036479080747284933581160060253016051632735659455757015831710085 1 10
16 88438765777245434040693348150417997918848652518196738558723057744290979946347 11 14
16 54201998683835723658592399710786839024098842816988474587139464276284331464447 12 6
16 89670606536856882677697920397692563848681158540401273071303611872304186672606 6 8
16 107341475034277515123177600312461201462214018972327049398003033033525238653964 2 4
16 89282240160315447553994273864167613647854712974550050606589081097125117843199 4 12
16 75023075469407897608559818451488870814830670966248563794212359294761812150493 3 7
16 86407775393209190457850449459432176050200807012980064402386407932016227591441 11 13
0 0 0 0
