7
3 572
51 301
212 79
921 196
974 711
793 948
174 928
0
14
17 833
30 296
67 15
877 2
912 12
946 40
969 96
998 172
999 932
985 962
943 983
776 987
366 994
17 993
16
2 681
57 365
71 303
84 249
170 72
315 8
883 1
935 12
967 29
975 238
951 674
796 994
568 998
300 992
56 963
10 929
10
9 748
12 263
147 138
363 57
738 29
995 191
984 947
922 954
360 993
153 974
14
6 161
10 11
351 1
946 0
971 47
996 124
999 791
986 886
888 943
632 985
481 987
174 987
70 970
20 947
13
13 554
27 274
89 24
413 11
762 26
978 67
994 195
995 364
973 811
956 968
772 996
24 986
16 910
11
7 69
375 9
782 16
909 23
994 425
997 673
962 947
902 999
324 997
64 928
23 875
15
5 313
18 206
285 29
598 14
968 31
985 357
986 389
961 877
937 972
828 975
522 979
199 960
125 947
69 923
27 826
12
6 178
93 84
249 38
419 7
891 41
995 171
969 974
759 998
495 999
108 994
98 983
35 894
8
26 2
602 24
988 67
986 581
950 771
889 853
755 933
37 947
14
20 257
372 44
538 5
676 5
913 98
970 146
959 398
933 746
918 864
849 949
831 965
281 987
226 964
90 861
12
26 995
33 421
56 276
112 67
479 47
910 25
964 81
982 176
981 757
956 865
893 883
454 981
8
63 74
197 17
985 45
939 828
923 892
768 919
107 831
84 805
16
0 911
13 634
31 370
90 186
201 0
889 2
954 8
972 150
999 369
994 877
989 972
769 982
441 995
216 999
152 998
50 986
12
53 571
54 39
700 15
905 33
936 52
947 135
999 559
993 867
934 883
430 998
77 849
65 827
14
19 899
34 501
61 28
356 0
502 0
906 2
941 7
974 798
975 830
925 930
723 997
377 994
141 987
20 968
9
65 111
154 65
668 14
906 50
995 252
999 297
997 984
477 995
134 901
14
3 781
19 174
59 18
70 16
429 5
696 2
946 83
992 187
983 911
976 959
885 998
419 998
59 988
5 867
9
4 29
229 8
699 9
946 35
996 116
995 524
982 910
893 968
15 998
12
7 224
250 20
832 22
894 71
964 374
995 732
980 927
915 963
573 990
201 957
61 895
20 805
11
16 160
380 7
634 29
965 65
975 468
970 664
554 985
382 989
160 982
45 962
30 873
6
34 979
36 186
101 67
946 29
970 40
792 973
9
11 793
21 258
99 34
167 15
720 10
920 10
992 593
920 982
67 991
16
2 20
460 3
563 13
624 30
988 153
996 179
999 281
998 611
994 715
957 926
758 973
376 978
289 966
131 933
23 757
2 583
14
5 68
481 3
645 0
837 1
864 9
971 117
988 518
959 737
922 897
740 986
369 994
49 909
10 894
6 654
13
11 385
50 191
89 18
849 1
986 68
993 91
996 263
998 397
991 634
971 997
301 996
18 955
13 665
16
1 869
28 299
58 103
69 60
143 10
368 2
703 1
894 6
958 78
997 158
995 698
981 864
932 966
354 999
62 994
8 945
10
2 664
9 199
77 107
151 14
965 65
990 331
950 951
784 999
58 976
21 816
12
0 15
411 2
549 12
914 60
978 71
967 940
876 992
115 986
103 985
48 959
27 803
20 720
10
3 238
33 111
52 38
304 8
872 2
984 42
989 922
977 980
677 978
14 945
14
1 72
95 47
437 31
763 17
917 22
997 32
993 495
985 948
850 972
205 975
75 954
54 946
10 773
2 619
13
6 680
8 164
35 42
474 40
917 50
995 186
985 865
982 933
908 965
803 988
546 992
126 998
10 986
15
0 361
18 67
140 32
244 30
449 31
948 54
957 82
996 208
991 866
955 939
919 962
520 997
72 988
21 950
7 794
6
81 802
149 275
350 116
639 237
686 486
225 881
15
6 823
13 411
48 64
170 3
868 6
904 20
967 77
982 453
973 838
944 994
737 998
214 993
155 992
47 933
17 857
11
12 250
20 128
137 28
385 2
974 8
986 180
993 764
709 951
323 983
52 987
39 873
7
55 723
56 289
73 21
990 105
978 828
964 989
352 998
11
0 417
7 145
20 40
675 6
893 31
965 50
988 186
994 981
528 993
82 971
51 909
13
2 671
8 267
49 124
256 22
661 2
904 36
943 403
981 953
975 973
883 974
721 975
231 912
74 812
16
8 753
17 153
50 116
157 30
192 6
685 28
859 54
949 70
955 79
971 111
981 265
995 692
931 890
662 986
564 978
23 896
8
2 940
4 404
15 11
620 17
920 68
976 937
626 999
483 987
14
2 716
5 606
22 203
68 1
523 36
883 65
930 107
990 267
974 950
925 985
339 986
185 981
118 965
50 857
17
9 333
45 244
162 146
302 68
372 38
474 23
863 15
972 73
989 286
991 319
992 876
990 901
941 946
792 996
657 997
94 989
12 725
14
5 506
46 221
110 52
233 10
459 5
890 60
979 102
997 422
975 995
541 977
94 952
64 934
42 906
25 818
17
1 123
77 23
263 6
644 2
822 7
929 21
950 110
972 270
994 520
999 955
985 962
943 976
679 998
335 954
133 834
17 749
4 475
9
39 533
159 23
590 24
839 46
944 237
882 848
721 980
416 995
259 965
15
0 705
3 448
17 208
24 95
199 61
692 4
757 9
863 27
950 187
995 543
993 913
959 966
515 988
247 978
35 957
8
22 42
916 65
986 364
972 574
811 904
326 973
166 725
105 513
12
19 901
29 396
68 52
163 1
227 0
859 38
953 90
996 890
999 966
939 985
286 987
196 965
14
7 275
48 104
84 1
426 0
973 26
999 169
996 399
989 782
922 865
809 976
294 974
77 969
51 924
25 792
12
2 888
7 608
18 89
697 12
942 4
968 7
987 101
993 364
963 984
211 986
49 953
8 924
15
2 103
8 82
260 1
751 13
947 19
979 190
990 501
980 722
967 840
960 903
937 942
657 983
398 990
5 912
3 376
15
4 820
5 138
22 56
54 12
740 1
899 1
940 44
985 94
990 403
995 780
964 924
713 976
521 987
31 970
9 916
9
57 38
885 4
949 467
892 625
735 940
676 965
365 970
129 729
58 321
14
5 452
23 74
157 3
396 2
771 10
864 18
999 40
990 727
840 995
250 995
218 989
105 967
48 911
20 785
12
4 968
8 500
14 302
28 98
82 0
852 13
959 39
976 132
984 975
936 998
304 996
10 983
13
7 623
69 205
290 15
670 16
915 235
954 295
961 563
888 967
725 970
386 963
357 962
245 913
38 759
14
9 501
18 221
43 43
209 7
320 9
926 24
986 160
998 628
998 643
992 891
868 948
707 995
212 990
22 865
13
14 202
129 75
318 8
716 25
996 54
998 309
999 671
992 756
956 999
169 993
43 985
30 671
25 539
13
2 340
3 198
145 20
917 16
991 56
992 602
971 911
946 972
742 983
336 997
73 990
8 977
5 852
12
5 921
16 760
41 608
60 497
76 451
191 280
446 123
887 40
990 380
966 894
947 931
346 998
12
0 995
2 248
30 178
93 24
169 7
568 8
957 18
985 321
999 546
998 786
997 999
203 999
11
4 896
16 153
166 24
515 4
901 62
946 77
992 233
970 754
963 888
915 961
65 968
10
2 343
24 78
104 2
772 4
835 16
983 91
991 682
894 984
24 977
6 971
12
0 564
46 162
129 0
822 5
870 19
932 40
958 73
940 496
875 822
829 865
648 904
43 963
12
9 199
43 136
240 75
607 27
785 9
996 103
998 170
940 850
844 972
326 975
144 968
60 759
15
29 220
52 32
464 14
755 33
919 132
938 150
979 333
999 491
994 927
957 954
670 997
439 998
175 988
46 809
29 362
12
26 354
76 29
334 15
716 29
917 55
992 366
964 733
905 986
767 999
161 962
113 927
33 834
9
11 365
60 227
193 122
305 46
385 16
599 45
996 190
947 996
41 977
7
8 281
10 88
598 18
994 117
941 843
840 972
312 943
11
10 713
16 80
217 20
376 2
863 86
884 153
994 656
895 951
645 961
214 943
124 857
17
1 681
17 514
62 243
148 50
235 19
336 11
801 6
931 85
978 122
999 333
984 863
950 947
650 994
524 996
224 967
21 867
1 830
11
47 470
56 16
155 6
426 0
793 61
978 169
993 461
948 835
919 983
152 985
66 968
11
1 974
22 0
278 0
779 3
924 62
993 157
997 873
907 923
630 987
465 994
307 993
14
8 962
12 144
83 100
294 18
547 15
955 13
977 72
988 129
991 495
972 695
907 812
814 933
762 999
121 988
14
7 546
51 31
348 0
813 1
959 163
992 362
998 462
963 722
907 832
777 977
595 984
189 993
99 953
59 800
12
10 688
14 86
130 31
525 17
829 55
960 148
981 858
900 964
837 996
474 970
209 946
27 913
10
4 17
25 15
850 4
989 73
992 223
998 897
997 942
966 998
17 994
6 506
15
46 626
82 278
110 151
133 65
178 54
361 10
789 10
882 26
959 76
995 101
986 726
963 972
839 991
522 993
86 992
12
3 399
143 12
374 1
557 1
973 20
987 591
992 871
990 979
907 993
739 998
493 996
14 956
6
84 708
130 311
191 75
524 92
979 246
985 770
11
2 736
3 645
73 353
137 137
269 20
868 44
953 545
999 879
771 988
314 976
186 888
13
17 201
37 126
75 50
567 0
710 2
799 28
945 84
976 108
978 383
973 948
625 996
75 988
17 893
9
1 947
32 157
677 1
827 21
938 388
983 703
977 852
846 970
106 990
13
8 284
75 3
744 0
962 20
994 115
996 361
998 629
991 851
961 915
898 956
262 978
50 906
11 674
10
21 287
42 238
617 29
767 151
795 177
962 547
988 647
448 982
258 836
206 761
8
5 406
75 145
116 64
449 38
602 71
620 760
460 898
78 799
13
0 335
15 135
27 117
230 32
309 5
986 4
998 933
872 994
824 999
397 991
82 901
55 885
31 866
11
1 87
79 2
679 4
967 151
985 268
970 741
926 852
745 986
667 989
104 943
12 884
11
8 114
178 16
701 4
842 44
975 158
976 201
981 546
925 874
742 989
101 988
24 970
12
0 81
32 28
512 3
816 2
875 70
963 345
999 624
995 945
815 988
450 998
191 973
42 866
11
20 333
81 50
349 25
951 56
968 526
927 913
805 941
570 979
98 984
39 779
33 644
10
8 994
10 115
336 47
700 24
959 13
992 104
976 326
928 876
833 954
628 993
11
0 332
8 212
71 0
620 31
804 46
997 451
963 964
909 974
733 996
27 996
5 949
10
23 219
205 131
361 64
799 73
891 233
990 509
968 864
860 988
539 992
43 939
14
6 741
70 50
235 39
946 19
959 27
985 47
986 82
993 361
985 743
963 942
921 995
518 994
162 874
90 842
11
7 220
74 78
127 57
336 6
739 0
982 2
996 181
979 821
956 964
899 984
20 982
11
15 491
51 229
108 26
955 9
998 449
997 681
976 933
968 996
127 994
59 967
25 730
9
5 254
128 81
544 53
847 33
937 267
839 886
696 954
213 917
97 691
9
6 566
21 79
477 7
749 12
963 257
994 904
984 967
901 998
13 988
0
