100
855 185
652 597
584 895
478 721
603 54
698 513
292 495
389 402
984 267
97 688
586 597
958 463
239 146
609 273
0 0
586 569
873 78
868 384
266 927
96 4
298 12
645 546
676 1000
351 975
771 842
971 815
319 996
90 330
913 653
152 826
949 694
923 849
89 684
921 192
698 28
902 241
785 174
598 336
571 721
908 897
497 790
572 316
950 251
76 818
315 744
163 232
624 124
805 287
126 406
122 178
759 819
631 221
659 45
639 355
991 755
858 253
943 908
290 574
302 573
775 500
264 987
853 103
259 167
631 447
353 656
760 917
603 787
933 849
671 459
447 219
486 15
3 282
39 865
755 771
874 611
860 262
358 751
927 256
317 393
154 618
651 517
725 425
627 753
67 637
197 668
988 989
703 304
368 604
281 356
368 420
576 672
370 36
558 261
217 563
305 193
704 645
530 5
1000 1000
395 128
682 194
