542176
781278
1095045
719879
216757
734565
310371
313626
784111
308603
700923
1011290
74545
390013
1
668177
453550
785247
712488
5147
48504
710482
1406003
880153
1302463
1596763
865590
88501
1227875
478884
1351496
1571802
299241
620863
264600
654699
461106
437244
835850
1630824
829326
395289
722752
400142
561586
78374
280751
597584
141905
45273
1246591
364010
248820
495155
1526123
618575
1714970
373971
383553
814226
783391
458300
91211
582213
509899
1407764
967349
1589587
639687
222559
126238
40759
409100
1165857
1104230
630864
615854
701264
252723
298533
683348
662551
953518
248228
374743
1956242
508232
473247
203485
311235
779953
82992
336349
304808
124557
911280
143911
2002001
137422
384809
