20
93 5
84 15
100 54
59 15
73 10
13 30
7 45
68 19
46 27
36 85
22 77
13 49
93 13
50 12
49 84
91 98
99 95
68 80
14 15
9 80
50
38953 324
433241 803
327506 310
302761 842
326779 509
229426 413
638719 503
1273368 970
408940 861
114623 980
207887 359
739466 615
195919 827
13387 966
288075 213
97869 441
344561 516
60274 76
2322 347
770244 650
478333 580
982052 814
257347 838
195558 280
651695 993
251993 439
578956 515
95159 93
214815 533
524544 376
107044 119
38934 33
255894 918
53499 145
216092 782
79999 116
17419 90
263845 301
102700 295
41166 72
22988 583
176069 812
150761 113
503831 491
191202 237
374753 969
2305 396
70159 194
57688 862
247926 217
