-1
11
25
-1
-1
-1
9
12
-1
-1
4
-1
-1
-1
-1
-1
-1
-1
-1
1
-1
-1
4
-1
20
-1
-1
-1
-1
-1
-1
-1
-1
-1
-1
-1
7
-1
-1
-1
-1
-1
-1
-1
-1
5
-1
-1
8
-1
-1
23
14
-1
-1
-1
-1
-1
-1
10
-1
16
-1
16
-1
-1
-1
-1
-1
-1
-1
-1
-1
-1
-1
-1
-1
-1
-1
11
-1
-1
-1
-1
-1
-1
-1
-1
19
-1
-1
11
-1
-1
5
-1
-1
-1
-1
-1
-1
-1
25
-1
-1
5
-1
-1
-1
-1
-1
-1
-1
-1
21
-1
-1
-1
5
-1
-1
-1
12
11
-1
-1
-1
-1
-1
-1
25
-1
-1
-1
6
-1
-1
-1
-1
2
11
-1
-1
1
-1
-1
-1
-1
-1
-1
-1
11
-1
-1
-1
-1
1
-1
-1
-1
-1
-1
23
-1
-1
-1
-1
-1
20
-1
-1
-1
-1
-1
-1
-1
-1
-1
6
-1
-1
-1
-1
-1
-1
-1
-1
8
-1
11
15
-1
-1
6
-1
20
-1
30
-1
-1
-1
-1
-1
2
-1
-1
-1
17
3
-1
-1
-1
-1
-1
-1
-1
-1
-1
-1
-1
-1
-1
24
-1
-1
8
-1
-1
-1
-1
-1
-1
-1
3
29
-1
-1
4
-1
-1
28
-1
-1
-1
-1
-1
-1
-1
-1
-1
-1
-1
-1
-1
-1
-1
-1
-1
-1
-1
-1
-1
-1
14
-1
-1
19
-1
-1
-1
-1
30
-1
-1
-1
-1
-1
-1
-1
-1
-1
-1
-1
-1
-1
-1
6
12
-1
-1
-1
-1
-1
16
-1
-1
-1
-1
-1
-1
-1
-1
-1
-1
-1
-1
-1
-1
-1
-1
-1
-1
25
-1
17
-1
20
-1
27
7
-1
-1
-1
-1
-1
-1
19
-1
6
17
-1
-1
-1
-1
-1
-1
12
-1
-1
-1
-1
-1
-1
-1
-1
-1
-1
-1
16
-1
-1
23
9
-1
-1
12
-1
-1
-1
-1
-1
-1
-1
-1
-1
-1
-1
-1
-1
-1
19
-1
-1
15
-1
-1
4
-1
-1
-1
9
-1
-1
-1
-1
7
-1
28
10
-1
2
-1
-1
25
-1
-1
-1
13
18
7
-1
-1
-1
-1
-1
-1
-1
-1
-1
-1
8
-1
10
9
2
-1
20
-1
-1
-1
-1
-1
-1
-1
-1
-1
22
-1
25
-1
-1
-1
-1
-1
5
-1
-1
-1
-1
4
-1
-1
-1
-1
-1
2
-1
-1
-1
-1
-1
-1
-1
-1
-1
-1
27
-1
24
9
24
-1
-1
-1
-1
-1
16
-1
-1
-1
-1
-1
-1
-1
-1
12
-1
8
1
5
-1
10
-1
-1
-1
-1
-1
13
-1
-1
-1
-1
18
-1
-1
-1
-1
16
-1
18
-1
19
10
-1
25
-1
-1
15
-1
32
-1
11
-1
-1
-1
-1
-1
-1
-1
-1
-1
-1
-1
-1
-1
-1
-1
-1
-1
-1
-1
-1
-1
17
-1
-1
-1
-1
22
-1
-1
-1
14
-1
-1
-1
-1
-1
-1
-1
-1
-1
-1
-1
-1
-1
-1
30
-1
-1
-1
-1
-1
-1
-1
-1
-1
-1
6
-1
-1
-1
-1
9
5
-1
-1
-1
9
29
-1
9
-1
-1
3
-1
-1
-1
-1
-1
-1
-1
-1
-1
-1
-1
6
-1
3
-1
-1
-1
-1
-1
-1
-1
-1
10
5
-1
-1
-1
-1
-1
-1
14
-1
-1
-1
-1
15
-1
-1
-1
-1
9
-1
-1
18
-1
-1
-1
-1
-1
-1
-1
-1
-1
-1
7
-1
-1
-1
-1
-1
-1
-1
3
8
3
-1
-1
-1
-1
-1
-1
-1
-1
-1
-1
10
-1
5
-1
-1
11
