0 2
43 17
12 8
59 37
13 27
44 42
6 5
24 29
17 23
93 7
41 60
66 14
66 20
37 69
20 88
27 26
2 2
50 58
70 42
18 22
86 27
38 38
12 28
17 32
60 39
3 3
26 5
66 25
2 4
65 25
66 49
64 43
29 54
44 5
43 9
33 21
21 38
23 17
56 37
23 13
29 26
36 25
9 9
34 32
10 0
61 59
60 62
8 6
1 7
67 24
54 62
7 15
17 30
23 12
64 40
10 30
58 15
48 31
65 24
18 8
16 15
4 12
71 48
40 16
6 2
56 52
45 49
14 21
0 2
42 53
20 82
11 49
25 49
52 63
27 21
34 9
51 31
51 64
84 12
58 61
27 37
28 22
46 70
9 17
16 31
3 11
41 35
4 12
45 21
32 39
34 46
1 115
31 88
61 36
8 2
6 4
34 24
0 0
46 59
0 0
