1 1
1 

2 3
1 3 
2 

3 7
1 3 6 
2 7 
4 5 

4 11
1 3 6 10 
2 7 9 
4 5 11 
8 

5 17
1 3 6 10 15 
2 7 9 16 
4 5 11 14 
8 17 
12 13 

6 23
1 3 6 10 15 21 
2 7 9 16 20 
4 5 11 14 22 
8 17 19 
12 13 23 
18 

7 31
1 3 6 10 15 21 28 
2 7 9 16 20 29 
4 5 11 14 22 27 
8 17 19 30 
12 13 23 26 
18 31 
24 25 

8 39
1 3 6 10 15 21 28 36 
2 7 9 16 20 29 35 
4 5 11 14 22 27 37 
8 17 19 30 34 
12 13 23 26 38 
18 31 33 
24 25 39 
32 

9 49
1 3 6 10 15 21 28 36 45 
2 7 9 16 20 29 35 46 
4 5 11 14 22 27 37 44 
8 17 19 30 34 47 
12 13 23 26 38 43 
18 31 33 48 
24 25 39 42 
32 49 
40 41 

10 59
1 3 6 10 15 21 28 36 45 55 
2 7 9 16 20 29 35 46 54 
4 5 11 14 22 27 37 44 56 
8 17 19 30 34 47 53 
12 13 23 26 38 43 57 
18 31 33 48 52 
24 25 39 42 58 
32 49 51 
40 41 59 
50 

11 71
1 3 6 10 15 21 28 36 45 55 66 
2 7 9 16 20 29 35 46 54 67 
4 5 11 14 22 27 37 44 56 65 
8 17 19 30 34 47 53 68 
12 13 23 26 38 43 57 64 
18 31 33 48 52 69 
24 25 39 42 58 63 
32 49 51 70 
40 41 59 62 
50 71 
60 61 

12 83
1 3 6 10 15 21 28 36 45 55 66 78 
2 7 9 16 20 29 35 46 54 67 77 
4 5 11 14 22 27 37 44 56 65 79 
8 17 19 30 34 47 53 68 76 
12 13 23 26 38 43 57 64 80 
18 31 33 48 52 69 75 
24 25 39 42 58 63 81 
32 49 51 70 74 
40 41 59 62 82 
50 71 73 
60 61 83 
72 

13 97
1 3 6 10 15 21 28 36 45 55 66 78 91 
2 7 9 16 20 29 35 46 54 67 77 92 
4 5 11 14 22 27 37 44 56 65 79 90 
8 17 19 30 34 47 53 68 76 93 
12 13 23 26 38 43 57 64 80 89 
18 31 33 48 52 69 75 94 
24 25 39 42 58 63 81 88 
32 49 51 70 74 95 
40 41 59 62 82 87 
50 71 73 96 
60 61 83 86 
72 97 
84 85 

14 111
1 3 6 10 15 21 28 36 45 55 66 78 91 105 
2 7 9 16 20 29 35 46 54 67 77 92 104 
4 5 11 14 22 27 37 44 56 65 79 90 106 
8 17 19 30 34 47 53 68 76 93 103 
12 13 23 26 38 43 57 64 80 89 107 
18 31 33 48 52 69 75 94 102 
24 25 39 42 58 63 81 88 108 
32 49 51 70 74 95 101 
40 41 59 62 82 87 109 
50 71 73 96 100 
60 61 83 86 110 
72 97 99 
84 85 111 
98 

15 127
1 3 6 10 15 21 28 36 45 55 66 78 91 105 120 
2 7 9 16 20 29 35 46 54 67 77 92 104 121 
4 5 11 14 22 27 37 44 56 65 79 90 106 119 
8 17 19 30 34 47 53 68 76 93 103 122 
12 13 23 26 38 43 57 64 80 89 107 118 
18 31 33 48 52 69 75 94 102 123 
24 25 39 42 58 63 81 88 108 117 
32 49 51 70 74 95 101 124 
40 41 59 62 82 87 109 116 
50 71 73 96 100 125 
60 61 83 86 110 115 
72 97 99 126 
84 85 111 114 
98 127 
112 113 

16 143
1 3 6 10 15 21 28 36 45 55 66 78 91 105 120 136 
2 7 9 16 20 29 35 46 54 67 77 92 104 121 135 
4 5 11 14 22 27 37 44 56 65 79 90 106 119 137 
8 17 19 30 34 47 53 68 76 93 103 122 134 
12 13 23 26 38 43 57 64 80 89 107 118 138 
18 31 33 48 52 69 75 94 102 123 133 
24 25 39 42 58 63 81 88 108 117 139 
32 49 51 70 74 95 101 124 132 
40 41 59 62 82 87 109 116 140 
50 71 73 96 100 125 131 
60 61 83 86 110 115 141 
72 97 99 126 130 
84 85 111 114 142 
98 127 129 
112 113 143 
128 

17 161
1 3 6 10 15 21 28 36 45 55 66 78 91 105 120 136 153 
2 7 9 16 20 29 35 46 54 67 77 92 104 121 135 154 
4 5 11 14 22 27 37 44 56 65 79 90 106 119 137 152 
8 17 19 30 34 47 53 68 76 93 103 122 134 155 
12 13 23 26 38 43 57 64 80 89 107 118 138 151 
18 31 33 48 52 69 75 94 102 123 133 156 
24 25 39 42 58 63 81 88 108 117 139 150 
32 49 51 70 74 95 101 124 132 157 
40 41 59 62 82 87 109 116 140 149 
50 71 73 96 100 125 131 158 
60 61 83 86 110 115 141 148 
72 97 99 126 130 159 
84 85 111 114 142 147 
98 127 129 160 
112 113 143 146 
128 161 
144 145 

18 179
1 3 6 10 15 21 28 36 45 55 66 78 91 105 120 136 153 171 
2 7 9 16 20 29 35 46 54 67 77 92 104 121 135 154 170 
4 5 11 14 22 27 37 44 56 65 79 90 106 119 137 152 172 
8 17 19 30 34 47 53 68 76 93 103 122 134 155 169 
12 13 23 26 38 43 57 64 80 89 107 118 138 151 173 
18 31 33 48 52 69 75 94 102 123 133 156 168 
24 25 39 42 58 63 81 88 108 117 139 150 174 
32 49 51 70 74 95 101 124 132 157 167 
40 41 59 62 82 87 109 116 140 149 175 
50 71 73 96 100 125 131 158 166 
60 61 83 86 110 115 141 148 176 
72 97 99 126 130 159 165 
84 85 111 114 142 147 177 
98 127 129 160 164 
112 113 143 146 178 
128 161 163 
144 145 179 
162 

19 199
1 3 6 10 15 21 28 36 45 55 66 78 91 105 120 136 153 171 190 
2 7 9 16 20 29 35 46 54 67 77 92 104 121 135 154 170 191 
4 5 11 14 22 27 37 44 56 65 79 90 106 119 137 152 172 189 
8 17 19 30 34 47 53 68 76 93 103 122 134 155 169 192 
12 13 23 26 38 43 57 64 80 89 107 118 138 151 173 188 
18 31 33 48 52 69 75 94 102 123 133 156 168 193 
24 25 39 42 58 63 81 88 108 117 139 150 174 187 
32 49 51 70 74 95 101 124 132 157 167 194 
40 41 59 62 82 87 109 116 140 149 175 186 
50 71 73 96 100 125 131 158 166 195 
60 61 83 86 110 115 141 148 176 185 
72 97 99 126 130 159 165 196 
84 85 111 114 142 147 177 184 
98 127 129 160 164 197 
112 113 143 146 178 183 
128 161 163 198 
144 145 179 182 
162 199 
180 181 

20 219
1 3 6 10 15 21 28 36 45 55 66 78 91 105 120 136 153 171 190 210 
2 7 9 16 20 29 35 46 54 67 77 92 104 121 135 154 170 191 209 
4 5 11 14 22 27 37 44 56 65 79 90 106 119 137 152 172 189 211 
8 17 19 30 34 47 53 68 76 93 103 122 134 155 169 192 208 
12 13 23 26 38 43 57 64 80 89 107 118 138 151 173 188 212 
18 31 33 48 52 69 75 94 102 123 133 156 168 193 207 
24 25 39 42 58 63 81 88 108 117 139 150 174 187 213 
32 49 51 70 74 95 101 124 132 157 167 194 206 
40 41 59 62 82 87 109 116 140 149 175 186 214 
50 71 73 96 100 125 131 158 166 195 205 
60 61 83 86 110 115 141 148 176 185 215 
72 97 99 126 130 159 165 196 204 
84 85 111 114 142 147 177 184 216 
98 127 129 160 164 197 203 
112 113 143 146 178 183 217 
128 161 163 198 202 
144 145 179 182 218 
162 199 201 
180 181 219 
200 

21 241
1 3 6 10 15 21 28 36 45 55 66 78 91 105 120 136 153 171 190 210 231 
2 7 9 16 20 29 35 46 54 67 77 92 104 121 135 154 170 191 209 232 
4 5 11 14 22 27 37 44 56 65 79 90 106 119 137 152 172 189 211 230 
8 17 19 30 34 47 53 68 76 93 103 122 134 155 169 192 208 233 
12 13 23 26 38 43 57 64 80 89 107 118 138 151 173 188 212 229 
18 31 33 48 52 69 75 94 102 123 133 156 168 193 207 234 
24 25 39 42 58 63 81 88 108 117 139 150 174 187 213 228 
32 49 51 70 74 95 101 124 132 157 167 194 206 235 
40 41 59 62 82 87 109 116 140 149 175 186 214 227 
50 71 73 96 100 125 131 158 166 195 205 236 
60 61 83 86 110 115 141 148 176 185 215 226 
72 97 99 126 130 159 165 196 204 237 
84 85 111 114 142 147 177 184 216 225 
98 127 129 160 164 197 203 238 
112 113 143 146 178 183 217 224 
128 161 163 198 202 239 
144 145 179 182 218 223 
162 199 201 240 
180 181 219 222 
200 241 
220 221 

22 263
1 3 6 10 15 21 28 36 45 55 66 78 91 105 120 136 153 171 190 210 231 253 
2 7 9 16 20 29 35 46 54 67 77 92 104 121 135 154 170 191 209 232 252 
4 5 11 14 22 27 37 44 56 65 79 90 106 119 137 152 172 189 211 230 254 
8 17 19 30 34 47 53 68 76 93 103 122 134 155 169 192 208 233 251 
12 13 23 26 38 43 57 64 80 89 107 118 138 151 173 188 212 229 255 
18 31 33 48 52 69 75 94 102 123 133 156 168 193 207 234 250 
24 25 39 42 58 63 81 88 108 117 139 150 174 187 213 228 256 
32 49 51 70 74 95 101 124 132 157 167 194 206 235 249 
40 41 59 62 82 87 109 116 140 149 175 186 214 227 257 
50 71 73 96 100 125 131 158 166 195 205 236 248 
60 61 83 86 110 115 141 148 176 185 215 226 258 
72 97 99 126 130 159 165 196 204 237 247 
84 85 111 114 142 147 177 184 216 225 259 
98 127 129 160 164 197 203 238 246 
112 113 143 146 178 183 217 224 260 
128 161 163 198 202 239 245 
144 145 179 182 218 223 261 
162 199 201 240 244 
180 181 219 222 262 
200 241 243 
220 221 263 
242 

23 287
1 3 6 10 15 21 28 36 45 55 66 78 91 105 120 136 153 171 190 210 231 253 276 
2 7 9 16 20 29 35 46 54 67 77 92 104 121 135 154 170 191 209 232 252 277 
4 5 11 14 22 27 37 44 56 65 79 90 106 119 137 152 172 189 211 230 254 275 
8 17 19 30 34 47 53 68 76 93 103 122 134 155 169 192 208 233 251 278 
12 13 23 26 38 43 57 64 80 89 107 118 138 151 173 188 212 229 255 274 
18 31 33 48 52 69 75 94 102 123 133 156 168 193 207 234 250 279 
24 25 39 42 58 63 81 88 108 117 139 150 174 187 213 228 256 273 
32 49 51 70 74 95 101 124 132 157 167 194 206 235 249 280 
40 41 59 62 82 87 109 116 140 149 175 186 214 227 257 272 
50 71 73 96 100 125 131 158 166 195 205 236 248 281 
60 61 83 86 110 115 141 148 176 185 215 226 258 271 
72 97 99 126 130 159 165 196 204 237 247 282 
84 85 111 114 142 147 177 184 216 225 259 270 
98 127 129 160 164 197 203 238 246 283 
112 113 143 146 178 183 217 224 260 269 
128 161 163 198 202 239 245 284 
144 145 179 182 218 223 261 268 
162 199 201 240 244 285 
180 181 219 222 262 267 
200 241 243 286 
220 221 263 266 
242 287 
264 265 

24 311
1 3 6 10 15 21 28 36 45 55 66 78 91 105 120 136 153 171 190 210 231 253 276 300 
2 7 9 16 20 29 35 46 54 67 77 92 104 121 135 154 170 191 209 232 252 277 299 
4 5 11 14 22 27 37 44 56 65 79 90 106 119 137 152 172 189 211 230 254 275 301 
8 17 19 30 34 47 53 68 76 93 103 122 134 155 169 192 208 233 251 278 298 
12 13 23 26 38 43 57 64 80 89 107 118 138 151 173 188 212 229 255 274 302 
18 31 33 48 52 69 75 94 102 123 133 156 168 193 207 234 250 279 297 
24 25 39 42 58 63 81 88 108 117 139 150 174 187 213 228 256 273 303 
32 49 51 70 74 95 101 124 132 157 167 194 206 235 249 280 296 
40 41 59 62 82 87 109 116 140 149 175 186 214 227 257 272 304 
50 71 73 96 100 125 131 158 166 195 205 236 248 281 295 
60 61 83 86 110 115 141 148 176 185 215 226 258 271 305 
72 97 99 126 130 159 165 196 204 237 247 282 294 
84 85 111 114 142 147 177 184 216 225 259 270 306 
98 127 129 160 164 197 203 238 246 283 293 
112 113 143 146 178 183 217 224 260 269 307 
128 161 163 198 202 239 245 284 292 
144 145 179 182 218 223 261 268 308 
162 199 201 240 244 285 291 
180 181 219 222 262 267 309 
200 241 243 286 290 
220 221 263 266 310 
242 287 289 
264 265 311 
288 

25 337
1 3 6 10 15 21 28 36 45 55 66 78 91 105 120 136 153 171 190 210 231 253 276 300 325 
2 7 9 16 20 29 35 46 54 67 77 92 104 121 135 154 170 191 209 232 252 277 299 326 
4 5 11 14 22 27 37 44 56 65 79 90 106 119 137 152 172 189 211 230 254 275 301 324 
8 17 19 30 34 47 53 68 76 93 103 122 134 155 169 192 208 233 251 278 298 327 
12 13 23 26 38 43 57 64 80 89 107 118 138 151 173 188 212 229 255 274 302 323 
18 31 33 48 52 69 75 94 102 123 133 156 168 193 207 234 250 279 297 328 
24 25 39 42 58 63 81 88 108 117 139 150 174 187 213 228 256 273 303 322 
32 49 51 70 74 95 101 124 132 157 167 194 206 235 249 280 296 329 
40 41 59 62 82 87 109 116 140 149 175 186 214 227 257 272 304 321 
50 71 73 96 100 125 131 158 166 195 205 236 248 281 295 330 
60 61 83 86 110 115 141 148 176 185 215 226 258 271 305 320 
72 97 99 126 130 159 165 196 204 237 247 282 294 331 
84 85 111 114 142 147 177 184 216 225 259 270 306 319 
98 127 129 160 164 197 203 238 246 283 293 332 
112 113 143 146 178 183 217 224 260 269 307 318 
128 161 163 198 202 239 245 284 292 333 
144 145 179 182 218 223 261 268 308 317 
162 199 201 240 244 285 291 334 
180 181 219 222 262 267 309 316 
200 241 243 286 290 335 
220 221 263 266 310 315 
242 287 289 336 
264 265 311 314 
288 337 
312 313 

26 363
1 3 6 10 15 21 28 36 45 55 66 78 91 105 120 136 153 171 190 210 231 253 276 300 325 351 
2 7 9 16 20 29 35 46 54 67 77 92 104 121 135 154 170 191 209 232 252 277 299 326 350 
4 5 11 14 22 27 37 44 56 65 79 90 106 119 137 152 172 189 211 230 254 275 301 324 352 
8 17 19 30 34 47 53 68 76 93 103 122 134 155 169 192 208 233 251 278 298 327 349 
12 13 23 26 38 43 57 64 80 89 107 118 138 151 173 188 212 229 255 274 302 323 353 
18 31 33 48 52 69 75 94 102 123 133 156 168 193 207 234 250 279 297 328 348 
24 25 39 42 58 63 81 88 108 117 139 150 174 187 213 228 256 273 303 322 354 
32 49 51 70 74 95 101 124 132 157 167 194 206 235 249 280 296 329 347 
40 41 59 62 82 87 109 116 140 149 175 186 214 227 257 272 304 321 355 
50 71 73 96 100 125 131 158 166 195 205 236 248 281 295 330 346 
60 61 83 86 110 115 141 148 176 185 215 226 258 271 305 320 356 
72 97 99 126 130 159 165 196 204 237 247 282 294 331 345 
84 85 111 114 142 147 177 184 216 225 259 270 306 319 357 
98 127 129 160 164 197 203 238 246 283 293 332 344 
112 113 143 146 178 183 217 224 260 269 307 318 358 
128 161 163 198 202 239 245 284 292 333 343 
144 145 179 182 218 223 261 268 308 317 359 
162 199 201 240 244 285 291 334 342 
180 181 219 222 262 267 309 316 360 
200 241 243 286 290 335 341 
220 221 263 266 310 315 361 
242 287 289 336 340 
264 265 311 314 362 
288 337 339 
312 313 363 
338 

27 391
1 3 6 10 15 21 28 36 45 55 66 78 91 105 120 136 153 171 190 210 231 253 276 300 325 351 378 
2 7 9 16 20 29 35 46 54 67 77 92 104 121 135 154 170 191 209 232 252 277 299 326 350 379 
4 5 11 14 22 27 37 44 56 65 79 90 106 119 137 152 172 189 211 230 254 275 301 324 352 377 
8 17 19 30 34 47 53 68 76 93 103 122 134 155 169 192 208 233 251 278 298 327 349 380 
12 13 23 26 38 43 57 64 80 89 107 118 138 151 173 188 212 229 255 274 302 323 353 376 
18 31 33 48 52 69 75 94 102 123 133 156 168 193 207 234 250 279 297 328 348 381 
24 25 39 42 58 63 81 88 108 117 139 150 174 187 213 228 256 273 303 322 354 375 
32 49 51 70 74 95 101 124 132 157 167 194 206 235 249 280 296 329 347 382 
40 41 59 62 82 87 109 116 140 149 175 186 214 227 257 272 304 321 355 374 
50 71 73 96 100 125 131 158 166 195 205 236 248 281 295 330 346 383 
60 61 83 86 110 115 141 148 176 185 215 226 258 271 305 320 356 373 
72 97 99 126 130 159 165 196 204 237 247 282 294 331 345 384 
84 85 111 114 142 147 177 184 216 225 259 270 306 319 357 372 
98 127 129 160 164 197 203 238 246 283 293 332 344 385 
112 113 143 146 178 183 217 224 260 269 307 318 358 371 
128 161 163 198 202 239 245 284 292 333 343 386 
144 145 179 182 218 223 261 268 308 317 359 370 
162 199 201 240 244 285 291 334 342 387 
180 181 219 222 262 267 309 316 360 369 
200 241 243 286 290 335 341 388 
220 221 263 266 310 315 361 368 
242 287 289 336 340 389 
264 265 311 314 362 367 
288 337 339 390 
312 313 363 366 
338 391 
364 365 

28 419
1 3 6 10 15 21 28 36 45 55 66 78 91 105 120 136 153 171 190 210 231 253 276 300 325 351 378 406 
2 7 9 16 20 29 35 46 54 67 77 92 104 121 135 154 170 191 209 232 252 277 299 326 350 379 405 
4 5 11 14 22 27 37 44 56 65 79 90 106 119 137 152 172 189 211 230 254 275 301 324 352 377 407 
8 17 19 30 34 47 53 68 76 93 103 122 134 155 169 192 208 233 251 278 298 327 349 380 404 
12 13 23 26 38 43 57 64 80 89 107 118 138 151 173 188 212 229 255 274 302 323 353 376 408 
18 31 33 48 52 69 75 94 102 123 133 156 168 193 207 234 250 279 297 328 348 381 403 
24 25 39 42 58 63 81 88 108 117 139 150 174 187 213 228 256 273 303 322 354 375 409 
32 49 51 70 74 95 101 124 132 157 167 194 206 235 249 280 296 329 347 382 402 
40 41 59 62 82 87 109 116 140 149 175 186 214 227 257 272 304 321 355 374 410 
50 71 73 96 100 125 131 158 166 195 205 236 248 281 295 330 346 383 401 
60 61 83 86 110 115 141 148 176 185 215 226 258 271 305 320 356 373 411 
72 97 99 126 130 159 165 196 204 237 247 282 294 331 345 384 400 
84 85 111 114 142 147 177 184 216 225 259 270 306 319 357 372 412 
98 127 129 160 164 197 203 238 246 283 293 332 344 385 399 
112 113 143 146 178 183 217 224 260 269 307 318 358 371 413 
128 161 163 198 202 239 245 284 292 333 343 386 398 
144 145 179 182 218 223 261 268 308 317 359 370 414 
162 199 201 240 244 285 291 334 342 387 397 
180 181 219 222 262 267 309 316 360 369 415 
200 241 243 286 290 335 341 388 396 
220 221 263 266 310 315 361 368 416 
242 287 289 336 340 389 395 
264 265 311 314 362 367 417 
288 337 339 390 394 
312 313 363 366 418 
338 391 393 
364 365 419 
392 

29 449
1 3 6 10 15 21 28 36 45 55 66 78 91 105 120 136 153 171 190 210 231 253 276 300 325 351 378 406 435 
2 7 9 16 20 29 35 46 54 67 77 92 104 121 135 154 170 191 209 232 252 277 299 326 350 379 405 436 
4 5 11 14 22 27 37 44 56 65 79 90 106 119 137 152 172 189 211 230 254 275 301 324 352 377 407 434 
8 17 19 30 34 47 53 68 76 93 103 122 134 155 169 192 208 233 251 278 298 327 349 380 404 437 
12 13 23 26 38 43 57 64 80 89 107 118 138 151 173 188 212 229 255 274 302 323 353 376 408 433 
18 31 33 48 52 69 75 94 102 123 133 156 168 193 207 234 250 279 297 328 348 381 403 438 
24 25 39 42 58 63 81 88 108 117 139 150 174 187 213 228 256 273 303 322 354 375 409 432 
32 49 51 70 74 95 101 124 132 157 167 194 206 235 249 280 296 329 347 382 402 439 
40 41 59 62 82 87 109 116 140 149 175 186 214 227 257 272 304 321 355 374 410 431 
50 71 73 96 100 125 131 158 166 195 205 236 248 281 295 330 346 383 401 440 
60 61 83 86 110 115 141 148 176 185 215 226 258 271 305 320 356 373 411 430 
72 97 99 126 130 159 165 196 204 237 247 282 294 331 345 384 400 441 
84 85 111 114 142 147 177 184 216 225 259 270 306 319 357 372 412 429 
98 127 129 160 164 197 203 238 246 283 293 332 344 385 399 442 
112 113 143 146 178 183 217 224 260 269 307 318 358 371 413 428 
128 161 163 198 202 239 245 284 292 333 343 386 398 443 
144 145 179 182 218 223 261 268 308 317 359 370 414 427 
162 199 201 240 244 285 291 334 342 387 397 444 
180 181 219 222 262 267 309 316 360 369 415 426 
200 241 243 286 290 335 341 388 396 445 
220 221 263 266 310 315 361 368 416 425 
242 287 289 336 340 389 395 446 
264 265 311 314 362 367 417 424 
288 337 339 390 394 447 
312 313 363 366 418 423 
338 391 393 448 
364 365 419 422 
392 449 
420 421 

30 479
1 3 6 10 15 21 28 36 45 55 66 78 91 105 120 136 153 171 190 210 231 253 276 300 325 351 378 406 435 465 
2 7 9 16 20 29 35 46 54 67 77 92 104 121 135 154 170 191 209 232 252 277 299 326 350 379 405 436 464 
4 5 11 14 22 27 37 44 56 65 79 90 106 119 137 152 172 189 211 230 254 275 301 324 352 377 407 434 466 
8 17 19 30 34 47 53 68 76 93 103 122 134 155 169 192 208 233 251 278 298 327 349 380 404 437 463 
12 13 23 26 38 43 57 64 80 89 107 118 138 151 173 188 212 229 255 274 302 323 353 376 408 433 467 
18 31 33 48 52 69 75 94 102 123 133 156 168 193 207 234 250 279 297 328 348 381 403 438 462 
24 25 39 42 58 63 81 88 108 117 139 150 174 187 213 228 256 273 303 322 354 375 409 432 468 
32 49 51 70 74 95 101 124 132 157 167 194 206 235 249 280 296 329 347 382 402 439 461 
40 41 59 62 82 87 109 116 140 149 175 186 214 227 257 272 304 321 355 374 410 431 469 
50 71 73 96 100 125 131 158 166 195 205 236 248 281 295 330 346 383 401 440 460 
60 61 83 86 110 115 141 148 176 185 215 226 258 271 305 320 356 373 411 430 470 
72 97 99 126 130 159 165 196 204 237 247 282 294 331 345 384 400 441 459 
84 85 111 114 142 147 177 184 216 225 259 270 306 319 357 372 412 429 471 
98 127 129 160 164 197 203 238 246 283 293 332 344 385 399 442 458 
112 113 143 146 178 183 217 224 260 269 307 318 358 371 413 428 472 
128 161 163 198 202 239 245 284 292 333 343 386 398 443 457 
144 145 179 182 218 223 261 268 308 317 359 370 414 427 473 
162 199 201 240 244 285 291 334 342 387 397 444 456 
180 181 219 222 262 267 309 316 360 369 415 426 474 
200 241 243 286 290 335 341 388 396 445 455 
220 221 263 266 310 315 361 368 416 425 475 
242 287 289 336 340 389 395 446 454 
264 265 311 314 362 367 417 424 476 
288 337 339 390 394 447 453 
312 313 363 366 418 423 477 
338 391 393 448 452 
364 365 419 422 478 
392 449 451 
420 421 479 
450 

31 511
1 3 6 10 15 21 28 36 45 55 66 78 91 105 120 136 153 171 190 210 231 253 276 300 325 351 378 406 435 465 496 
2 7 9 16 20 29 35 46 54 67 77 92 104 121 135 154 170 191 209 232 252 277 299 326 350 379 405 436 464 497 
4 5 11 14 22 27 37 44 56 65 79 90 106 119 137 152 172 189 211 230 254 275 301 324 352 377 407 434 466 495 
8 17 19 30 34 47 53 68 76 93 103 122 134 155 169 192 208 233 251 278 298 327 349 380 404 437 463 498 
12 13 23 26 38 43 57 64 80 89 107 118 138 151 173 188 212 229 255 274 302 323 353 376 408 433 467 494 
18 31 33 48 52 69 75 94 102 123 133 156 168 193 207 234 250 279 297 328 348 381 403 438 462 499 
24 25 39 42 58 63 81 88 108 117 139 150 174 187 213 228 256 273 303 322 354 375 409 432 468 493 
32 49 51 70 74 95 101 124 132 157 167 194 206 235 249 280 296 329 347 382 402 439 461 500 
40 41 59 62 82 87 109 116 140 149 175 186 214 227 257 272 304 321 355 374 410 431 469 492 
50 71 73 96 100 125 131 158 166 195 205 236 248 281 295 330 346 383 401 440 460 501 
60 61 83 86 110 115 141 148 176 185 215 226 258 271 305 320 356 373 411 430 470 491 
72 97 99 126 130 159 165 196 204 237 247 282 294 331 345 384 400 441 459 502 
84 85 111 114 142 147 177 184 216 225 259 270 306 319 357 372 412 429 471 490 
98 127 129 160 164 197 203 238 246 283 293 332 344 385 399 442 458 503 
112 113 143 146 178 183 217 224 260 269 307 318 358 371 413 428 472 489 
128 161 163 198 202 239 245 284 292 333 343 386 398 443 457 504 
144 145 179 182 218 223 261 268 308 317 359 370 414 427 473 488 
162 199 201 240 244 285 291 334 342 387 397 444 456 505 
180 181 219 222 262 267 309 316 360 369 415 426 474 487 
200 241 243 286 290 335 341 388 396 445 455 506 
220 221 263 266 310 315 361 368 416 425 475 486 
242 287 289 336 340 389 395 446 454 507 
264 265 311 314 362 367 417 424 476 485 
288 337 339 390 394 447 453 508 
312 313 363 366 418 423 477 484 
338 391 393 448 452 509 
364 365 419 422 478 483 
392 449 451 510 
420 421 479 482 
450 511 
480 481 

32 543
1 3 6 10 15 21 28 36 45 55 66 78 91 105 120 136 153 171 190 210 231 253 276 300 325 351 378 406 435 465 496 528 
2 7 9 16 20 29 35 46 54 67 77 92 104 121 135 154 170 191 209 232 252 277 299 326 350 379 405 436 464 497 527 
4 5 11 14 22 27 37 44 56 65 79 90 106 119 137 152 172 189 211 230 254 275 301 324 352 377 407 434 466 495 529 
8 17 19 30 34 47 53 68 76 93 103 122 134 155 169 192 208 233 251 278 298 327 349 380 404 437 463 498 526 
12 13 23 26 38 43 57 64 80 89 107 118 138 151 173 188 212 229 255 274 302 323 353 376 408 433 467 494 530 
18 31 33 48 52 69 75 94 102 123 133 156 168 193 207 234 250 279 297 328 348 381 403 438 462 499 525 
24 25 39 42 58 63 81 88 108 117 139 150 174 187 213 228 256 273 303 322 354 375 409 432 468 493 531 
32 49 51 70 74 95 101 124 132 157 167 194 206 235 249 280 296 329 347 382 402 439 461 500 524 
40 41 59 62 82 87 109 116 140 149 175 186 214 227 257 272 304 321 355 374 410 431 469 492 532 
50 71 73 96 100 125 131 158 166 195 205 236 248 281 295 330 346 383 401 440 460 501 523 
60 61 83 86 110 115 141 148 176 185 215 226 258 271 305 320 356 373 411 430 470 491 533 
72 97 99 126 130 159 165 196 204 237 247 282 294 331 345 384 400 441 459 502 522 
84 85 111 114 142 147 177 184 216 225 259 270 306 319 357 372 412 429 471 490 534 
98 127 129 160 164 197 203 238 246 283 293 332 344 385 399 442 458 503 521 
112 113 143 146 178 183 217 224 260 269 307 318 358 371 413 428 472 489 535 
128 161 163 198 202 239 245 284 292 333 343 386 398 443 457 504 520 
144 145 179 182 218 223 261 268 308 317 359 370 414 427 473 488 536 
162 199 201 240 244 285 291 334 342 387 397 444 456 505 519 
180 181 219 222 262 267 309 316 360 369 415 426 474 487 537 
200 241 243 286 290 335 341 388 396 445 455 506 518 
220 221 263 266 310 315 361 368 416 425 475 486 538 
242 287 289 336 340 389 395 446 454 507 517 
264 265 311 314 362 367 417 424 476 485 539 
288 337 339 390 394 447 453 508 516 
312 313 363 366 418 423 477 484 540 
338 391 393 448 452 509 515 
364 365 419 422 478 483 541 
392 449 451 510 514 
420 421 479 482 542 
450 511 513 
480 481 543 
512 

33 577
1 3 6 10 15 21 28 36 45 55 66 78 91 105 120 136 153 171 190 210 231 253 276 300 325 351 378 406 435 465 496 528 561 
2 7 9 16 20 29 35 46 54 67 77 92 104 121 135 154 170 191 209 232 252 277 299 326 350 379 405 436 464 497 527 562 
4 5 11 14 22 27 37 44 56 65 79 90 106 119 137 152 172 189 211 230 254 275 301 324 352 377 407 434 466 495 529 560 
8 17 19 30 34 47 53 68 76 93 103 122 134 155 169 192 208 233 251 278 298 327 349 380 404 437 463 498 526 563 
12 13 23 26 38 43 57 64 80 89 107 118 138 151 173 188 212 229 255 274 302 323 353 376 408 433 467 494 530 559 
18 31 33 48 52 69 75 94 102 123 133 156 168 193 207 234 250 279 297 328 348 381 403 438 462 499 525 564 
24 25 39 42 58 63 81 88 108 117 139 150 174 187 213 228 256 273 303 322 354 375 409 432 468 493 531 558 
32 49 51 70 74 95 101 124 132 157 167 194 206 235 249 280 296 329 347 382 402 439 461 500 524 565 
40 41 59 62 82 87 109 116 140 149 175 186 214 227 257 272 304 321 355 374 410 431 469 492 532 557 
50 71 73 96 100 125 131 158 166 195 205 236 248 281 295 330 346 383 401 440 460 501 523 566 
60 61 83 86 110 115 141 148 176 185 215 226 258 271 305 320 356 373 411 430 470 491 533 556 
72 97 99 126 130 159 165 196 204 237 247 282 294 331 345 384 400 441 459 502 522 567 
84 85 111 114 142 147 177 184 216 225 259 270 306 319 357 372 412 429 471 490 534 555 
98 127 129 160 164 197 203 238 246 283 293 332 344 385 399 442 458 503 521 568 
112 113 143 146 178 183 217 224 260 269 307 318 358 371 413 428 472 489 535 554 
128 161 163 198 202 239 245 284 292 333 343 386 398 443 457 504 520 569 
144 145 179 182 218 223 261 268 308 317 359 370 414 427 473 488 536 553 
162 199 201 240 244 285 291 334 342 387 397 444 456 505 519 570 
180 181 219 222 262 267 309 316 360 369 415 426 474 487 537 552 
200 241 243 286 290 335 341 388 396 445 455 506 518 571 
220 221 263 266 310 315 361 368 416 425 475 486 538 551 
242 287 289 336 340 389 395 446 454 507 517 572 
264 265 311 314 362 367 417 424 476 485 539 550 
288 337 339 390 394 447 453 508 516 573 
312 313 363 366 418 423 477 484 540 549 
338 391 393 448 452 509 515 574 
364 365 419 422 478 483 541 548 
392 449 451 510 514 575 
420 421 479 482 542 547 
450 511 513 576 
480 481 543 546 
512 577 
544 545 

34 611
1 3 6 10 15 21 28 36 45 55 66 78 91 105 120 136 153 171 190 210 231 253 276 300 325 351 378 406 435 465 496 528 561 595 
2 7 9 16 20 29 35 46 54 67 77 92 104 121 135 154 170 191 209 232 252 277 299 326 350 379 405 436 464 497 527 562 594 
4 5 11 14 22 27 37 44 56 65 79 90 106 119 137 152 172 189 211 230 254 275 301 324 352 377 407 434 466 495 529 560 596 
8 17 19 30 34 47 53 68 76 93 103 122 134 155 169 192 208 233 251 278 298 327 349 380 404 437 463 498 526 563 593 
12 13 23 26 38 43 57 64 80 89 107 118 138 151 173 188 212 229 255 274 302 323 353 376 408 433 467 494 530 559 597 
18 31 33 48 52 69 75 94 102 123 133 156 168 193 207 234 250 279 297 328 348 381 403 438 462 499 525 564 592 
24 25 39 42 58 63 81 88 108 117 139 150 174 187 213 228 256 273 303 322 354 375 409 432 468 493 531 558 598 
32 49 51 70 74 95 101 124 132 157 167 194 206 235 249 280 296 329 347 382 402 439 461 500 524 565 591 
40 41 59 62 82 87 109 116 140 149 175 186 214 227 257 272 304 321 355 374 410 431 469 492 532 557 599 
50 71 73 96 100 125 131 158 166 195 205 236 248 281 295 330 346 383 401 440 460 501 523 566 590 
60 61 83 86 110 115 141 148 176 185 215 226 258 271 305 320 356 373 411 430 470 491 533 556 600 
72 97 99 126 130 159 165 196 204 237 247 282 294 331 345 384 400 441 459 502 522 567 589 
84 85 111 114 142 147 177 184 216 225 259 270 306 319 357 372 412 429 471 490 534 555 601 
98 127 129 160 164 197 203 238 246 283 293 332 344 385 399 442 458 503 521 568 588 
112 113 143 146 178 183 217 224 260 269 307 318 358 371 413 428 472 489 535 554 602 
128 161 163 198 202 239 245 284 292 333 343 386 398 443 457 504 520 569 587 
144 145 179 182 218 223 261 268 308 317 359 370 414 427 473 488 536 553 603 
162 199 201 240 244 285 291 334 342 387 397 444 456 505 519 570 586 
180 181 219 222 262 267 309 316 360 369 415 426 474 487 537 552 604 
200 241 243 286 290 335 341 388 396 445 455 506 518 571 585 
220 221 263 266 310 315 361 368 416 425 475 486 538 551 605 
242 287 289 336 340 389 395 446 454 507 517 572 584 
264 265 311 314 362 367 417 424 476 485 539 550 606 
288 337 339 390 394 447 453 508 516 573 583 
312 313 363 366 418 423 477 484 540 549 607 
338 391 393 448 452 509 515 574 582 
364 365 419 422 478 483 541 548 608 
392 449 451 510 514 575 581 
420 421 479 482 542 547 609 
450 511 513 576 580 
480 481 543 546 610 
512 577 579 
544 545 611 
578 

35 647
1 3 6 10 15 21 28 36 45 55 66 78 91 105 120 136 153 171 190 210 231 253 276 300 325 351 378 406 435 465 496 528 561 595 630 
2 7 9 16 20 29 35 46 54 67 77 92 104 121 135 154 170 191 209 232 252 277 299 326 350 379 405 436 464 497 527 562 594 631 
4 5 11 14 22 27 37 44 56 65 79 90 106 119 137 152 172 189 211 230 254 275 301 324 352 377 407 434 466 495 529 560 596 629 
8 17 19 30 34 47 53 68 76 93 103 122 134 155 169 192 208 233 251 278 298 327 349 380 404 437 463 498 526 563 593 632 
12 13 23 26 38 43 57 64 80 89 107 118 138 151 173 188 212 229 255 274 302 323 353 376 408 433 467 494 530 559 597 628 
18 31 33 48 52 69 75 94 102 123 133 156 168 193 207 234 250 279 297 328 348 381 403 438 462 499 525 564 592 633 
24 25 39 42 58 63 81 88 108 117 139 150 174 187 213 228 256 273 303 322 354 375 409 432 468 493 531 558 598 627 
32 49 51 70 74 95 101 124 132 157 167 194 206 235 249 280 296 329 347 382 402 439 461 500 524 565 591 634 
40 41 59 62 82 87 109 116 140 149 175 186 214 227 257 272 304 321 355 374 410 431 469 492 532 557 599 626 
50 71 73 96 100 125 131 158 166 195 205 236 248 281 295 330 346 383 401 440 460 501 523 566 590 635 
60 61 83 86 110 115 141 148 176 185 215 226 258 271 305 320 356 373 411 430 470 491 533 556 600 625 
72 97 99 126 130 159 165 196 204 237 247 282 294 331 345 384 400 441 459 502 522 567 589 636 
84 85 111 114 142 147 177 184 216 225 259 270 306 319 357 372 412 429 471 490 534 555 601 624 
98 127 129 160 164 197 203 238 246 283 293 332 344 385 399 442 458 503 521 568 588 637 
112 113 143 146 178 183 217 224 260 269 307 318 358 371 413 428 472 489 535 554 602 623 
128 161 163 198 202 239 245 284 292 333 343 386 398 443 457 504 520 569 587 638 
144 145 179 182 218 223 261 268 308 317 359 370 414 427 473 488 536 553 603 622 
162 199 201 240 244 285 291 334 342 387 397 444 456 505 519 570 586 639 
180 181 219 222 262 267 309 316 360 369 415 426 474 487 537 552 604 621 
200 241 243 286 290 335 341 388 396 445 455 506 518 571 585 640 
220 221 263 266 310 315 361 368 416 425 475 486 538 551 605 620 
242 287 289 336 340 389 395 446 454 507 517 572 584 641 
264 265 311 314 362 367 417 424 476 485 539 550 606 619 
288 337 339 390 394 447 453 508 516 573 583 642 
312 313 363 366 418 423 477 484 540 549 607 618 
338 391 393 448 452 509 515 574 582 643 
364 365 419 422 478 483 541 548 608 617 
392 449 451 510 514 575 581 644 
420 421 479 482 542 547 609 616 
450 511 513 576 580 645 
480 481 543 546 610 615 
512 577 579 646 
544 545 611 614 
578 647 
612 613 

36 683
1 3 6 10 15 21 28 36 45 55 66 78 91 105 120 136 153 171 190 210 231 253 276 300 325 351 378 406 435 465 496 528 561 595 630 666 
2 7 9 16 20 29 35 46 54 67 77 92 104 121 135 154 170 191 209 232 252 277 299 326 350 379 405 436 464 497 527 562 594 631 665 
4 5 11 14 22 27 37 44 56 65 79 90 106 119 137 152 172 189 211 230 254 275 301 324 352 377 407 434 466 495 529 560 596 629 667 
8 17 19 30 34 47 53 68 76 93 103 122 134 155 169 192 208 233 251 278 298 327 349 380 404 437 463 498 526 563 593 632 664 
12 13 23 26 38 43 57 64 80 89 107 118 138 151 173 188 212 229 255 274 302 323 353 376 408 433 467 494 530 559 597 628 668 
18 31 33 48 52 69 75 94 102 123 133 156 168 193 207 234 250 279 297 328 348 381 403 438 462 499 525 564 592 633 663 
24 25 39 42 58 63 81 88 108 117 139 150 174 187 213 228 256 273 303 322 354 375 409 432 468 493 531 558 598 627 669 
32 49 51 70 74 95 101 124 132 157 167 194 206 235 249 280 296 329 347 382 402 439 461 500 524 565 591 634 662 
40 41 59 62 82 87 109 116 140 149 175 186 214 227 257 272 304 321 355 374 410 431 469 492 532 557 599 626 670 
50 71 73 96 100 125 131 158 166 195 205 236 248 281 295 330 346 383 401 440 460 501 523 566 590 635 661 
60 61 83 86 110 115 141 148 176 185 215 226 258 271 305 320 356 373 411 430 470 491 533 556 600 625 671 
72 97 99 126 130 159 165 196 204 237 247 282 294 331 345 384 400 441 459 502 522 567 589 636 660 
84 85 111 114 142 147 177 184 216 225 259 270 306 319 357 372 412 429 471 490 534 555 601 624 672 
98 127 129 160 164 197 203 238 246 283 293 332 344 385 399 442 458 503 521 568 588 637 659 
112 113 143 146 178 183 217 224 260 269 307 318 358 371 413 428 472 489 535 554 602 623 673 
128 161 163 198 202 239 245 284 292 333 343 386 398 443 457 504 520 569 587 638 658 
144 145 179 182 218 223 261 268 308 317 359 370 414 427 473 488 536 553 603 622 674 
162 199 201 240 244 285 291 334 342 387 397 444 456 505 519 570 586 639 657 
180 181 219 222 262 267 309 316 360 369 415 426 474 487 537 552 604 621 675 
200 241 243 286 290 335 341 388 396 445 455 506 518 571 585 640 656 
220 221 263 266 310 315 361 368 416 425 475 486 538 551 605 620 676 
242 287 289 336 340 389 395 446 454 507 517 572 584 641 655 
264 265 311 314 362 367 417 424 476 485 539 550 606 619 677 
288 337 339 390 394 447 453 508 516 573 583 642 654 
312 313 363 366 418 423 477 484 540 549 607 618 678 
338 391 393 448 452 509 515 574 582 643 653 
364 365 419 422 478 483 541 548 608 617 679 
392 449 451 510 514 575 581 644 652 
420 421 479 482 542 547 609 616 680 
450 511 513 576 580 645 651 
480 481 543 546 610 615 681 
512 577 579 646 650 
544 545 611 614 682 
578 647 649 
612 613 683 
648 

37 721
1 3 6 10 15 21 28 36 45 55 66 78 91 105 120 136 153 171 190 210 231 253 276 300 325 351 378 406 435 465 496 528 561 595 630 666 703 
2 7 9 16 20 29 35 46 54 67 77 92 104 121 135 154 170 191 209 232 252 277 299 326 350 379 405 436 464 497 527 562 594 631 665 704 
4 5 11 14 22 27 37 44 56 65 79 90 106 119 137 152 172 189 211 230 254 275 301 324 352 377 407 434 466 495 529 560 596 629 667 702 
8 17 19 30 34 47 53 68 76 93 103 122 134 155 169 192 208 233 251 278 298 327 349 380 404 437 463 498 526 563 593 632 664 705 
12 13 23 26 38 43 57 64 80 89 107 118 138 151 173 188 212 229 255 274 302 323 353 376 408 433 467 494 530 559 597 628 668 701 
18 31 33 48 52 69 75 94 102 123 133 156 168 193 207 234 250 279 297 328 348 381 403 438 462 499 525 564 592 633 663 706 
24 25 39 42 58 63 81 88 108 117 139 150 174 187 213 228 256 273 303 322 354 375 409 432 468 493 531 558 598 627 669 700 
32 49 51 70 74 95 101 124 132 157 167 194 206 235 249 280 296 329 347 382 402 439 461 500 524 565 591 634 662 707 
40 41 59 62 82 87 109 116 140 149 175 186 214 227 257 272 304 321 355 374 410 431 469 492 532 557 599 626 670 699 
50 71 73 96 100 125 131 158 166 195 205 236 248 281 295 330 346 383 401 440 460 501 523 566 590 635 661 708 
60 61 83 86 110 115 141 148 176 185 215 226 258 271 305 320 356 373 411 430 470 491 533 556 600 625 671 698 
72 97 99 126 130 159 165 196 204 237 247 282 294 331 345 384 400 441 459 502 522 567 589 636 660 709 
84 85 111 114 142 147 177 184 216 225 259 270 306 319 357 372 412 429 471 490 534 555 601 624 672 697 
98 127 129 160 164 197 203 238 246 283 293 332 344 385 399 442 458 503 521 568 588 637 659 710 
112 113 143 146 178 183 217 224 260 269 307 318 358 371 413 428 472 489 535 554 602 623 673 696 
128 161 163 198 202 239 245 284 292 333 343 386 398 443 457 504 520 569 587 638 658 711 
144 145 179 182 218 223 261 268 308 317 359 370 414 427 473 488 536 553 603 622 674 695 
162 199 201 240 244 285 291 334 342 387 397 444 456 505 519 570 586 639 657 712 
180 181 219 222 262 267 309 316 360 369 415 426 474 487 537 552 604 621 675 694 
200 241 243 286 290 335 341 388 396 445 455 506 518 571 585 640 656 713 
220 221 263 266 310 315 361 368 416 425 475 486 538 551 605 620 676 693 
242 287 289 336 340 389 395 446 454 507 517 572 584 641 655 714 
264 265 311 314 362 367 417 424 476 485 539 550 606 619 677 692 
288 337 339 390 394 447 453 508 516 573 583 642 654 715 
312 313 363 366 418 423 477 484 540 549 607 618 678 691 
338 391 393 448 452 509 515 574 582 643 653 716 
364 365 419 422 478 483 541 548 608 617 679 690 
392 449 451 510 514 575 581 644 652 717 
420 421 479 482 542 547 609 616 680 689 
450 511 513 576 580 645 651 718 
480 481 543 546 610 615 681 688 
512 577 579 646 650 719 
544 545 611 614 682 687 
578 647 649 720 
612 613 683 686 
648 721 
684 685 

38 759
1 3 6 10 15 21 28 36 45 55 66 78 91 105 120 136 153 171 190 210 231 253 276 300 325 351 378 406 435 465 496 528 561 595 630 666 703 741 
2 7 9 16 20 29 35 46 54 67 77 92 104 121 135 154 170 191 209 232 252 277 299 326 350 379 405 436 464 497 527 562 594 631 665 704 740 
4 5 11 14 22 27 37 44 56 65 79 90 106 119 137 152 172 189 211 230 254 275 301 324 352 377 407 434 466 495 529 560 596 629 667 702 742 
8 17 19 30 34 47 53 68 76 93 103 122 134 155 169 192 208 233 251 278 298 327 349 380 404 437 463 498 526 563 593 632 664 705 739 
12 13 23 26 38 43 57 64 80 89 107 118 138 151 173 188 212 229 255 274 302 323 353 376 408 433 467 494 530 559 597 628 668 701 743 
18 31 33 48 52 69 75 94 102 123 133 156 168 193 207 234 250 279 297 328 348 381 403 438 462 499 525 564 592 633 663 706 738 
24 25 39 42 58 63 81 88 108 117 139 150 174 187 213 228 256 273 303 322 354 375 409 432 468 493 531 558 598 627 669 700 744 
32 49 51 70 74 95 101 124 132 157 167 194 206 235 249 280 296 329 347 382 402 439 461 500 524 565 591 634 662 707 737 
40 41 59 62 82 87 109 116 140 149 175 186 214 227 257 272 304 321 355 374 410 431 469 492 532 557 599 626 670 699 745 
50 71 73 96 100 125 131 158 166 195 205 236 248 281 295 330 346 383 401 440 460 501 523 566 590 635 661 708 736 
60 61 83 86 110 115 141 148 176 185 215 226 258 271 305 320 356 373 411 430 470 491 533 556 600 625 671 698 746 
72 97 99 126 130 159 165 196 204 237 247 282 294 331 345 384 400 441 459 502 522 567 589 636 660 709 735 
84 85 111 114 142 147 177 184 216 225 259 270 306 319 357 372 412 429 471 490 534 555 601 624 672 697 747 
98 127 129 160 164 197 203 238 246 283 293 332 344 385 399 442 458 503 521 568 588 637 659 710 734 
112 113 143 146 178 183 217 224 260 269 307 318 358 371 413 428 472 489 535 554 602 623 673 696 748 
128 161 163 198 202 239 245 284 292 333 343 386 398 443 457 504 520 569 587 638 658 711 733 
144 145 179 182 218 223 261 268 308 317 359 370 414 427 473 488 536 553 603 622 674 695 749 
162 199 201 240 244 285 291 334 342 387 397 444 456 505 519 570 586 639 657 712 732 
180 181 219 222 262 267 309 316 360 369 415 426 474 487 537 552 604 621 675 694 750 
200 241 243 286 290 335 341 388 396 445 455 506 518 571 585 640 656 713 731 
220 221 263 266 310 315 361 368 416 425 475 486 538 551 605 620 676 693 751 
242 287 289 336 340 389 395 446 454 507 517 572 584 641 655 714 730 
264 265 311 314 362 367 417 424 476 485 539 550 606 619 677 692 752 
288 337 339 390 394 447 453 508 516 573 583 642 654 715 729 
312 313 363 366 418 423 477 484 540 549 607 618 678 691 753 
338 391 393 448 452 509 515 574 582 643 653 716 728 
364 365 419 422 478 483 541 548 608 617 679 690 754 
392 449 451 510 514 575 581 644 652 717 727 
420 421 479 482 542 547 609 616 680 689 755 
450 511 513 576 580 645 651 718 726 
480 481 543 546 610 615 681 688 756 
512 577 579 646 650 719 725 
544 545 611 614 682 687 757 
578 647 649 720 724 
612 613 683 686 758 
648 721 723 
684 685 759 
722 

39 799
1 3 6 10 15 21 28 36 45 55 66 78 91 105 120 136 153 171 190 210 231 253 276 300 325 351 378 406 435 465 496 528 561 595 630 666 703 741 780 
2 7 9 16 20 29 35 46 54 67 77 92 104 121 135 154 170 191 209 232 252 277 299 326 350 379 405 436 464 497 527 562 594 631 665 704 740 781 
4 5 11 14 22 27 37 44 56 65 79 90 106 119 137 152 172 189 211 230 254 275 301 324 352 377 407 434 466 495 529 560 596 629 667 702 742 779 
8 17 19 30 34 47 53 68 76 93 103 122 134 155 169 192 208 233 251 278 298 327 349 380 404 437 463 498 526 563 593 632 664 705 739 782 
12 13 23 26 38 43 57 64 80 89 107 118 138 151 173 188 212 229 255 274 302 323 353 376 408 433 467 494 530 559 597 628 668 701 743 778 
18 31 33 48 52 69 75 94 102 123 133 156 168 193 207 234 250 279 297 328 348 381 403 438 462 499 525 564 592 633 663 706 738 783 
24 25 39 42 58 63 81 88 108 117 139 150 174 187 213 228 256 273 303 322 354 375 409 432 468 493 531 558 598 627 669 700 744 777 
32 49 51 70 74 95 101 124 132 157 167 194 206 235 249 280 296 329 347 382 402 439 461 500 524 565 591 634 662 707 737 784 
40 41 59 62 82 87 109 116 140 149 175 186 214 227 257 272 304 321 355 374 410 431 469 492 532 557 599 626 670 699 745 776 
50 71 73 96 100 125 131 158 166 195 205 236 248 281 295 330 346 383 401 440 460 501 523 566 590 635 661 708 736 785 
60 61 83 86 110 115 141 148 176 185 215 226 258 271 305 320 356 373 411 430 470 491 533 556 600 625 671 698 746 775 
72 97 99 126 130 159 165 196 204 237 247 282 294 331 345 384 400 441 459 502 522 567 589 636 660 709 735 786 
84 85 111 114 142 147 177 184 216 225 259 270 306 319 357 372 412 429 471 490 534 555 601 624 672 697 747 774 
98 127 129 160 164 197 203 238 246 283 293 332 344 385 399 442 458 503 521 568 588 637 659 710 734 787 
112 113 143 146 178 183 217 224 260 269 307 318 358 371 413 428 472 489 535 554 602 623 673 696 748 773 
128 161 163 198 202 239 245 284 292 333 343 386 398 443 457 504 520 569 587 638 658 711 733 788 
144 145 179 182 218 223 261 268 308 317 359 370 414 427 473 488 536 553 603 622 674 695 749 772 
162 199 201 240 244 285 291 334 342 387 397 444 456 505 519 570 586 639 657 712 732 789 
180 181 219 222 262 267 309 316 360 369 415 426 474 487 537 552 604 621 675 694 750 771 
200 241 243 286 290 335 341 388 396 445 455 506 518 571 585 640 656 713 731 790 
220 221 263 266 310 315 361 368 416 425 475 486 538 551 605 620 676 693 751 770 
242 287 289 336 340 389 395 446 454 507 517 572 584 641 655 714 730 791 
264 265 311 314 362 367 417 424 476 485 539 550 606 619 677 692 752 769 
288 337 339 390 394 447 453 508 516 573 583 642 654 715 729 792 
312 313 363 366 418 423 477 484 540 549 607 618 678 691 753 768 
338 391 393 448 452 509 515 574 582 643 653 716 728 793 
364 365 419 422 478 483 541 548 608 617 679 690 754 767 
392 449 451 510 514 575 581 644 652 717 727 794 
420 421 479 482 542 547 609 616 680 689 755 766 
450 511 513 576 580 645 651 718 726 795 
480 481 543 546 610 615 681 688 756 765 
512 577 579 646 650 719 725 796 
544 545 611 614 682 687 757 764 
578 647 649 720 724 797 
612 613 683 686 758 763 
648 721 723 798 
684 685 759 762 
722 799 
760 761 

40 839
1 3 6 10 15 21 28 36 45 55 66 78 91 105 120 136 153 171 190 210 231 253 276 300 325 351 378 406 435 465 496 528 561 595 630 666 703 741 780 820 
2 7 9 16 20 29 35 46 54 67 77 92 104 121 135 154 170 191 209 232 252 277 299 326 350 379 405 436 464 497 527 562 594 631 665 704 740 781 819 
4 5 11 14 22 27 37 44 56 65 79 90 106 119 137 152 172 189 211 230 254 275 301 324 352 377 407 434 466 495 529 560 596 629 667 702 742 779 821 
8 17 19 30 34 47 53 68 76 93 103 122 134 155 169 192 208 233 251 278 298 327 349 380 404 437 463 498 526 563 593 632 664 705 739 782 818 
12 13 23 26 38 43 57 64 80 89 107 118 138 151 173 188 212 229 255 274 302 323 353 376 408 433 467 494 530 559 597 628 668 701 743 778 822 
18 31 33 48 52 69 75 94 102 123 133 156 168 193 207 234 250 279 297 328 348 381 403 438 462 499 525 564 592 633 663 706 738 783 817 
24 25 39 42 58 63 81 88 108 117 139 150 174 187 213 228 256 273 303 322 354 375 409 432 468 493 531 558 598 627 669 700 744 777 823 
32 49 51 70 74 95 101 124 132 157 167 194 206 235 249 280 296 329 347 382 402 439 461 500 524 565 591 634 662 707 737 784 816 
40 41 59 62 82 87 109 116 140 149 175 186 214 227 257 272 304 321 355 374 410 431 469 492 532 557 599 626 670 699 745 776 824 
50 71 73 96 100 125 131 158 166 195 205 236 248 281 295 330 346 383 401 440 460 501 523 566 590 635 661 708 736 785 815 
60 61 83 86 110 115 141 148 176 185 215 226 258 271 305 320 356 373 411 430 470 491 533 556 600 625 671 698 746 775 825 
72 97 99 126 130 159 165 196 204 237 247 282 294 331 345 384 400 441 459 502 522 567 589 636 660 709 735 786 814 
84 85 111 114 142 147 177 184 216 225 259 270 306 319 357 372 412 429 471 490 534 555 601 624 672 697 747 774 826 
98 127 129 160 164 197 203 238 246 283 293 332 344 385 399 442 458 503 521 568 588 637 659 710 734 787 813 
112 113 143 146 178 183 217 224 260 269 307 318 358 371 413 428 472 489 535 554 602 623 673 696 748 773 827 
128 161 163 198 202 239 245 284 292 333 343 386 398 443 457 504 520 569 587 638 658 711 733 788 812 
144 145 179 182 218 223 261 268 308 317 359 370 414 427 473 488 536 553 603 622 674 695 749 772 828 
162 199 201 240 244 285 291 334 342 387 397 444 456 505 519 570 586 639 657 712 732 789 811 
180 181 219 222 262 267 309 316 360 369 415 426 474 487 537 552 604 621 675 694 750 771 829 
200 241 243 286 290 335 341 388 396 445 455 506 518 571 585 640 656 713 731 790 810 
220 221 263 266 310 315 361 368 416 425 475 486 538 551 605 620 676 693 751 770 830 
242 287 289 336 340 389 395 446 454 507 517 572 584 641 655 714 730 791 809 
264 265 311 314 362 367 417 424 476 485 539 550 606 619 677 692 752 769 831 
288 337 339 390 394 447 453 508 516 573 583 642 654 715 729 792 808 
312 313 363 366 418 423 477 484 540 549 607 618 678 691 753 768 832 
338 391 393 448 452 509 515 574 582 643 653 716 728 793 807 
364 365 419 422 478 483 541 548 608 617 679 690 754 767 833 
392 449 451 510 514 575 581 644 652 717 727 794 806 
420 421 479 482 542 547 609 616 680 689 755 766 834 
450 511 513 576 580 645 651 718 726 795 805 
480 481 543 546 610 615 681 688 756 765 835 
512 577 579 646 650 719 725 796 804 
544 545 611 614 682 687 757 764 836 
578 647 649 720 724 797 803 
612 613 683 686 758 763 837 
648 721 723 798 802 
684 685 759 762 838 
722 799 801 
760 761 839 
800 

41 881
1 3 6 10 15 21 28 36 45 55 66 78 91 105 120 136 153 171 190 210 231 253 276 300 325 351 378 406 435 465 496 528 561 595 630 666 703 741 780 820 861 
2 7 9 16 20 29 35 46 54 67 77 92 104 121 135 154 170 191 209 232 252 277 299 326 350 379 405 436 464 497 527 562 594 631 665 704 740 781 819 862 
4 5 11 14 22 27 37 44 56 65 79 90 106 119 137 152 172 189 211 230 254 275 301 324 352 377 407 434 466 495 529 560 596 629 667 702 742 779 821 860 
8 17 19 30 34 47 53 68 76 93 103 122 134 155 169 192 208 233 251 278 298 327 349 380 404 437 463 498 526 563 593 632 664 705 739 782 818 863 
12 13 23 26 38 43 57 64 80 89 107 118 138 151 173 188 212 229 255 274 302 323 353 376 408 433 467 494 530 559 597 628 668 701 743 778 822 859 
18 31 33 48 52 69 75 94 102 123 133 156 168 193 207 234 250 279 297 328 348 381 403 438 462 499 525 564 592 633 663 706 738 783 817 864 
24 25 39 42 58 63 81 88 108 117 139 150 174 187 213 228 256 273 303 322 354 375 409 432 468 493 531 558 598 627 669 700 744 777 823 858 
32 49 51 70 74 95 101 124 132 157 167 194 206 235 249 280 296 329 347 382 402 439 461 500 524 565 591 634 662 707 737 784 816 865 
40 41 59 62 82 87 109 116 140 149 175 186 214 227 257 272 304 321 355 374 410 431 469 492 532 557 599 626 670 699 745 776 824 857 
50 71 73 96 100 125 131 158 166 195 205 236 248 281 295 330 346 383 401 440 460 501 523 566 590 635 661 708 736 785 815 866 
60 61 83 86 110 115 141 148 176 185 215 226 258 271 305 320 356 373 411 430 470 491 533 556 600 625 671 698 746 775 825 856 
72 97 99 126 130 159 165 196 204 237 247 282 294 331 345 384 400 441 459 502 522 567 589 636 660 709 735 786 814 867 
84 85 111 114 142 147 177 184 216 225 259 270 306 319 357 372 412 429 471 490 534 555 601 624 672 697 747 774 826 855 
98 127 129 160 164 197 203 238 246 283 293 332 344 385 399 442 458 503 521 568 588 637 659 710 734 787 813 868 
112 113 143 146 178 183 217 224 260 269 307 318 358 371 413 428 472 489 535 554 602 623 673 696 748 773 827 854 
128 161 163 198 202 239 245 284 292 333 343 386 398 443 457 504 520 569 587 638 658 711 733 788 812 869 
144 145 179 182 218 223 261 268 308 317 359 370 414 427 473 488 536 553 603 622 674 695 749 772 828 853 
162 199 201 240 244 285 291 334 342 387 397 444 456 505 519 570 586 639 657 712 732 789 811 870 
180 181 219 222 262 267 309 316 360 369 415 426 474 487 537 552 604 621 675 694 750 771 829 852 
200 241 243 286 290 335 341 388 396 445 455 506 518 571 585 640 656 713 731 790 810 871 
220 221 263 266 310 315 361 368 416 425 475 486 538 551 605 620 676 693 751 770 830 851 
242 287 289 336 340 389 395 446 454 507 517 572 584 641 655 714 730 791 809 872 
264 265 311 314 362 367 417 424 476 485 539 550 606 619 677 692 752 769 831 850 
288 337 339 390 394 447 453 508 516 573 583 642 654 715 729 792 808 873 
312 313 363 366 418 423 477 484 540 549 607 618 678 691 753 768 832 849 
338 391 393 448 452 509 515 574 582 643 653 716 728 793 807 874 
364 365 419 422 478 483 541 548 608 617 679 690 754 767 833 848 
392 449 451 510 514 575 581 644 652 717 727 794 806 875 
420 421 479 482 542 547 609 616 680 689 755 766 834 847 
450 511 513 576 580 645 651 718 726 795 805 876 
480 481 543 546 610 615 681 688 756 765 835 846 
512 577 579 646 650 719 725 796 804 877 
544 545 611 614 682 687 757 764 836 845 
578 647 649 720 724 797 803 878 
612 613 683 686 758 763 837 844 
648 721 723 798 802 879 
684 685 759 762 838 843 
722 799 801 880 
760 761 839 842 
800 881 
840 841 

42 923
1 3 6 10 15 21 28 36 45 55 66 78 91 105 120 136 153 171 190 210 231 253 276 300 325 351 378 406 435 465 496 528 561 595 630 666 703 741 780 820 861 903 
2 7 9 16 20 29 35 46 54 67 77 92 104 121 135 154 170 191 209 232 252 277 299 326 350 379 405 436 464 497 527 562 594 631 665 704 740 781 819 862 902 
4 5 11 14 22 27 37 44 56 65 79 90 106 119 137 152 172 189 211 230 254 275 301 324 352 377 407 434 466 495 529 560 596 629 667 702 742 779 821 860 904 
8 17 19 30 34 47 53 68 76 93 103 122 134 155 169 192 208 233 251 278 298 327 349 380 404 437 463 498 526 563 593 632 664 705 739 782 818 863 901 
12 13 23 26 38 43 57 64 80 89 107 118 138 151 173 188 212 229 255 274 302 323 353 376 408 433 467 494 530 559 597 628 668 701 743 778 822 859 905 
18 31 33 48 52 69 75 94 102 123 133 156 168 193 207 234 250 279 297 328 348 381 403 438 462 499 525 564 592 633 663 706 738 783 817 864 900 
24 25 39 42 58 63 81 88 108 117 139 150 174 187 213 228 256 273 303 322 354 375 409 432 468 493 531 558 598 627 669 700 744 777 823 858 906 
32 49 51 70 74 95 101 124 132 157 167 194 206 235 249 280 296 329 347 382 402 439 461 500 524 565 591 634 662 707 737 784 816 865 899 
40 41 59 62 82 87 109 116 140 149 175 186 214 227 257 272 304 321 355 374 410 431 469 492 532 557 599 626 670 699 745 776 824 857 907 
50 71 73 96 100 125 131 158 166 195 205 236 248 281 295 330 346 383 401 440 460 501 523 566 590 635 661 708 736 785 815 866 898 
60 61 83 86 110 115 141 148 176 185 215 226 258 271 305 320 356 373 411 430 470 491 533 556 600 625 671 698 746 775 825 856 908 
72 97 99 126 130 159 165 196 204 237 247 282 294 331 345 384 400 441 459 502 522 567 589 636 660 709 735 786 814 867 897 
84 85 111 114 142 147 177 184 216 225 259 270 306 319 357 372 412 429 471 490 534 555 601 624 672 697 747 774 826 855 909 
98 127 129 160 164 197 203 238 246 283 293 332 344 385 399 442 458 503 521 568 588 637 659 710 734 787 813 868 896 
112 113 143 146 178 183 217 224 260 269 307 318 358 371 413 428 472 489 535 554 602 623 673 696 748 773 827 854 910 
128 161 163 198 202 239 245 284 292 333 343 386 398 443 457 504 520 569 587 638 658 711 733 788 812 869 895 
144 145 179 182 218 223 261 268 308 317 359 370 414 427 473 488 536 553 603 622 674 695 749 772 828 853 911 
162 199 201 240 244 285 291 334 342 387 397 444 456 505 519 570 586 639 657 712 732 789 811 870 894 
180 181 219 222 262 267 309 316 360 369 415 426 474 487 537 552 604 621 675 694 750 771 829 852 912 
200 241 243 286 290 335 341 388 396 445 455 506 518 571 585 640 656 713 731 790 810 871 893 
220 221 263 266 310 315 361 368 416 425 475 486 538 551 605 620 676 693 751 770 830 851 913 
242 287 289 336 340 389 395 446 454 507 517 572 584 641 655 714 730 791 809 872 892 
264 265 311 314 362 367 417 424 476 485 539 550 606 619 677 692 752 769 831 850 914 
288 337 339 390 394 447 453 508 516 573 583 642 654 715 729 792 808 873 891 
312 313 363 366 418 423 477 484 540 549 607 618 678 691 753 768 832 849 915 
338 391 393 448 452 509 515 574 582 643 653 716 728 793 807 874 890 
364 365 419 422 478 483 541 548 608 617 679 690 754 767 833 848 916 
392 449 451 510 514 575 581 644 652 717 727 794 806 875 889 
420 421 479 482 542 547 609 616 680 689 755 766 834 847 917 
450 511 513 576 580 645 651 718 726 795 805 876 888 
480 481 543 546 610 615 681 688 756 765 835 846 918 
512 577 579 646 650 719 725 796 804 877 887 
544 545 611 614 682 687 757 764 836 845 919 
578 647 649 720 724 797 803 878 886 
612 613 683 686 758 763 837 844 920 
648 721 723 798 802 879 885 
684 685 759 762 838 843 921 
722 799 801 880 884 
760 761 839 842 922 
800 881 883 
840 841 923 
882 

43 967
1 3 6 10 15 21 28 36 45 55 66 78 91 105 120 136 153 171 190 210 231 253 276 300 325 351 378 406 435 465 496 528 561 595 630 666 703 741 780 820 861 903 946 
2 7 9 16 20 29 35 46 54 67 77 92 104 121 135 154 170 191 209 232 252 277 299 326 350 379 405 436 464 497 527 562 594 631 665 704 740 781 819 862 902 947 
4 5 11 14 22 27 37 44 56 65 79 90 106 119 137 152 172 189 211 230 254 275 301 324 352 377 407 434 466 495 529 560 596 629 667 702 742 779 821 860 904 945 
8 17 19 30 34 47 53 68 76 93 103 122 134 155 169 192 208 233 251 278 298 327 349 380 404 437 463 498 526 563 593 632 664 705 739 782 818 863 901 948 
12 13 23 26 38 43 57 64 80 89 107 118 138 151 173 188 212 229 255 274 302 323 353 376 408 433 467 494 530 559 597 628 668 701 743 778 822 859 905 944 
18 31 33 48 52 69 75 94 102 123 133 156 168 193 207 234 250 279 297 328 348 381 403 438 462 499 525 564 592 633 663 706 738 783 817 864 900 949 
24 25 39 42 58 63 81 88 108 117 139 150 174 187 213 228 256 273 303 322 354 375 409 432 468 493 531 558 598 627 669 700 744 777 823 858 906 943 
32 49 51 70 74 95 101 124 132 157 167 194 206 235 249 280 296 329 347 382 402 439 461 500 524 565 591 634 662 707 737 784 816 865 899 950 
40 41 59 62 82 87 109 116 140 149 175 186 214 227 257 272 304 321 355 374 410 431 469 492 532 557 599 626 670 699 745 776 824 857 907 942 
50 71 73 96 100 125 131 158 166 195 205 236 248 281 295 330 346 383 401 440 460 501 523 566 590 635 661 708 736 785 815 866 898 951 
60 61 83 86 110 115 141 148 176 185 215 226 258 271 305 320 356 373 411 430 470 491 533 556 600 625 671 698 746 775 825 856 908 941 
72 97 99 126 130 159 165 196 204 237 247 282 294 331 345 384 400 441 459 502 522 567 589 636 660 709 735 786 814 867 897 952 
84 85 111 114 142 147 177 184 216 225 259 270 306 319 357 372 412 429 471 490 534 555 601 624 672 697 747 774 826 855 909 940 
98 127 129 160 164 197 203 238 246 283 293 332 344 385 399 442 458 503 521 568 588 637 659 710 734 787 813 868 896 953 
112 113 143 146 178 183 217 224 260 269 307 318 358 371 413 428 472 489 535 554 602 623 673 696 748 773 827 854 910 939 
128 161 163 198 202 239 245 284 292 333 343 386 398 443 457 504 520 569 587 638 658 711 733 788 812 869 895 954 
144 145 179 182 218 223 261 268 308 317 359 370 414 427 473 488 536 553 603 622 674 695 749 772 828 853 911 938 
162 199 201 240 244 285 291 334 342 387 397 444 456 505 519 570 586 639 657 712 732 789 811 870 894 955 
180 181 219 222 262 267 309 316 360 369 415 426 474 487 537 552 604 621 675 694 750 771 829 852 912 937 
200 241 243 286 290 335 341 388 396 445 455 506 518 571 585 640 656 713 731 790 810 871 893 956 
220 221 263 266 310 315 361 368 416 425 475 486 538 551 605 620 676 693 751 770 830 851 913 936 
242 287 289 336 340 389 395 446 454 507 517 572 584 641 655 714 730 791 809 872 892 957 
264 265 311 314 362 367 417 424 476 485 539 550 606 619 677 692 752 769 831 850 914 935 
288 337 339 390 394 447 453 508 516 573 583 642 654 715 729 792 808 873 891 958 
312 313 363 366 418 423 477 484 540 549 607 618 678 691 753 768 832 849 915 934 
338 391 393 448 452 509 515 574 582 643 653 716 728 793 807 874 890 959 
364 365 419 422 478 483 541 548 608 617 679 690 754 767 833 848 916 933 
392 449 451 510 514 575 581 644 652 717 727 794 806 875 889 960 
420 421 479 482 542 547 609 616 680 689 755 766 834 847 917 932 
450 511 513 576 580 645 651 718 726 795 805 876 888 961 
480 481 543 546 610 615 681 688 756 765 835 846 918 931 
512 577 579 646 650 719 725 796 804 877 887 962 
544 545 611 614 682 687 757 764 836 845 919 930 
578 647 649 720 724 797 803 878 886 963 
612 613 683 686 758 763 837 844 920 929 
648 721 723 798 802 879 885 964 
684 685 759 762 838 843 921 928 
722 799 801 880 884 965 
760 761 839 842 922 927 
800 881 883 966 
840 841 923 926 
882 967 
924 925 

44 1011
1 3 6 10 15 21 28 36 45 55 66 78 91 105 120 136 153 171 190 210 231 253 276 300 325 351 378 406 435 465 496 528 561 595 630 666 703 741 780 820 861 903 946 990 
2 7 9 16 20 29 35 46 54 67 77 92 104 121 135 154 170 191 209 232 252 277 299 326 350 379 405 436 464 497 527 562 594 631 665 704 740 781 819 862 902 947 989 
4 5 11 14 22 27 37 44 56 65 79 90 106 119 137 152 172 189 211 230 254 275 301 324 352 377 407 434 466 495 529 560 596 629 667 702 742 779 821 860 904 945 991 
8 17 19 30 34 47 53 68 76 93 103 122 134 155 169 192 208 233 251 278 298 327 349 380 404 437 463 498 526 563 593 632 664 705 739 782 818 863 901 948 988 
12 13 23 26 38 43 57 64 80 89 107 118 138 151 173 188 212 229 255 274 302 323 353 376 408 433 467 494 530 559 597 628 668 701 743 778 822 859 905 944 992 
18 31 33 48 52 69 75 94 102 123 133 156 168 193 207 234 250 279 297 328 348 381 403 438 462 499 525 564 592 633 663 706 738 783 817 864 900 949 987 
24 25 39 42 58 63 81 88 108 117 139 150 174 187 213 228 256 273 303 322 354 375 409 432 468 493 531 558 598 627 669 700 744 777 823 858 906 943 993 
32 49 51 70 74 95 101 124 132 157 167 194 206 235 249 280 296 329 347 382 402 439 461 500 524 565 591 634 662 707 737 784 816 865 899 950 986 
40 41 59 62 82 87 109 116 140 149 175 186 214 227 257 272 304 321 355 374 410 431 469 492 532 557 599 626 670 699 745 776 824 857 907 942 994 
50 71 73 96 100 125 131 158 166 195 205 236 248 281 295 330 346 383 401 440 460 501 523 566 590 635 661 708 736 785 815 866 898 951 985 
60 61 83 86 110 115 141 148 176 185 215 226 258 271 305 320 356 373 411 430 470 491 533 556 600 625 671 698 746 775 825 856 908 941 995 
72 97 99 126 130 159 165 196 204 237 247 282 294 331 345 384 400 441 459 502 522 567 589 636 660 709 735 786 814 867 897 952 984 
84 85 111 114 142 147 177 184 216 225 259 270 306 319 357 372 412 429 471 490 534 555 601 624 672 697 747 774 826 855 909 940 996 
98 127 129 160 164 197 203 238 246 283 293 332 344 385 399 442 458 503 521 568 588 637 659 710 734 787 813 868 896 953 983 
112 113 143 146 178 183 217 224 260 269 307 318 358 371 413 428 472 489 535 554 602 623 673 696 748 773 827 854 910 939 997 
128 161 163 198 202 239 245 284 292 333 343 386 398 443 457 504 520 569 587 638 658 711 733 788 812 869 895 954 982 
144 145 179 182 218 223 261 268 308 317 359 370 414 427 473 488 536 553 603 622 674 695 749 772 828 853 911 938 998 
162 199 201 240 244 285 291 334 342 387 397 444 456 505 519 570 586 639 657 712 732 789 811 870 894 955 981 
180 181 219 222 262 267 309 316 360 369 415 426 474 487 537 552 604 621 675 694 750 771 829 852 912 937 999 
200 241 243 286 290 335 341 388 396 445 455 506 518 571 585 640 656 713 731 790 810 871 893 956 980 
220 221 263 266 310 315 361 368 416 425 475 486 538 551 605 620 676 693 751 770 830 851 913 936 1000 
242 287 289 336 340 389 395 446 454 507 517 572 584 641 655 714 730 791 809 872 892 957 979 
264 265 311 314 362 367 417 424 476 485 539 550 606 619 677 692 752 769 831 850 914 935 1001 
288 337 339 390 394 447 453 508 516 573 583 642 654 715 729 792 808 873 891 958 978 
312 313 363 366 418 423 477 484 540 549 607 618 678 691 753 768 832 849 915 934 1002 
338 391 393 448 452 509 515 574 582 643 653 716 728 793 807 874 890 959 977 
364 365 419 422 478 483 541 548 608 617 679 690 754 767 833 848 916 933 1003 
392 449 451 510 514 575 581 644 652 717 727 794 806 875 889 960 976 
420 421 479 482 542 547 609 616 680 689 755 766 834 847 917 932 1004 
450 511 513 576 580 645 651 718 726 795 805 876 888 961 975 
480 481 543 546 610 615 681 688 756 765 835 846 918 931 1005 
512 577 579 646 650 719 725 796 804 877 887 962 974 
544 545 611 614 682 687 757 764 836 845 919 930 1006 
578 647 649 720 724 797 803 878 886 963 973 
612 613 683 686 758 763 837 844 920 929 1007 
648 721 723 798 802 879 885 964 972 
684 685 759 762 838 843 921 928 1008 
722 799 801 880 884 965 971 
760 761 839 842 922 927 1009 
800 881 883 966 970 
840 841 923 926 1010 
882 967 969 
924 925 1011 
968 

45 1057
1 3 6 10 15 21 28 36 45 55 66 78 91 105 120 136 153 171 190 210 231 253 276 300 325 351 378 406 435 465 496 528 561 595 630 666 703 741 780 820 861 903 946 990 1035 
2 7 9 16 20 29 35 46 54 67 77 92 104 121 135 154 170 191 209 232 252 277 299 326 350 379 405 436 464 497 527 562 594 631 665 704 740 781 819 862 902 947 989 1036 
4 5 11 14 22 27 37 44 56 65 79 90 106 119 137 152 172 189 211 230 254 275 301 324 352 377 407 434 466 495 529 560 596 629 667 702 742 779 821 860 904 945 991 1034 
8 17 19 30 34 47 53 68 76 93 103 122 134 155 169 192 208 233 251 278 298 327 349 380 404 437 463 498 526 563 593 632 664 705 739 782 818 863 901 948 988 1037 
12 13 23 26 38 43 57 64 80 89 107 118 138 151 173 188 212 229 255 274 302 323 353 376 408 433 467 494 530 559 597 628 668 701 743 778 822 859 905 944 992 1033 
18 31 33 48 52 69 75 94 102 123 133 156 168 193 207 234 250 279 297 328 348 381 403 438 462 499 525 564 592 633 663 706 738 783 817 864 900 949 987 1038 
24 25 39 42 58 63 81 88 108 117 139 150 174 187 213 228 256 273 303 322 354 375 409 432 468 493 531 558 598 627 669 700 744 777 823 858 906 943 993 1032 
32 49 51 70 74 95 101 124 132 157 167 194 206 235 249 280 296 329 347 382 402 439 461 500 524 565 591 634 662 707 737 784 816 865 899 950 986 1039 
40 41 59 62 82 87 109 116 140 149 175 186 214 227 257 272 304 321 355 374 410 431 469 492 532 557 599 626 670 699 745 776 824 857 907 942 994 1031 
50 71 73 96 100 125 131 158 166 195 205 236 248 281 295 330 346 383 401 440 460 501 523 566 590 635 661 708 736 785 815 866 898 951 985 1040 
60 61 83 86 110 115 141 148 176 185 215 226 258 271 305 320 356 373 411 430 470 491 533 556 600 625 671 698 746 775 825 856 908 941 995 1030 
72 97 99 126 130 159 165 196 204 237 247 282 294 331 345 384 400 441 459 502 522 567 589 636 660 709 735 786 814 867 897 952 984 1041 
84 85 111 114 142 147 177 184 216 225 259 270 306 319 357 372 412 429 471 490 534 555 601 624 672 697 747 774 826 855 909 940 996 1029 
98 127 129 160 164 197 203 238 246 283 293 332 344 385 399 442 458 503 521 568 588 637 659 710 734 787 813 868 896 953 983 1042 
112 113 143 146 178 183 217 224 260 269 307 318 358 371 413 428 472 489 535 554 602 623 673 696 748 773 827 854 910 939 997 1028 
128 161 163 198 202 239 245 284 292 333 343 386 398 443 457 504 520 569 587 638 658 711 733 788 812 869 895 954 982 1043 
144 145 179 182 218 223 261 268 308 317 359 370 414 427 473 488 536 553 603 622 674 695 749 772 828 853 911 938 998 1027 
162 199 201 240 244 285 291 334 342 387 397 444 456 505 519 570 586 639 657 712 732 789 811 870 894 955 981 1044 
180 181 219 222 262 267 309 316 360 369 415 426 474 487 537 552 604 621 675 694 750 771 829 852 912 937 999 1026 
200 241 243 286 290 335 341 388 396 445 455 506 518 571 585 640 656 713 731 790 810 871 893 956 980 1045 
220 221 263 266 310 315 361 368 416 425 475 486 538 551 605 620 676 693 751 770 830 851 913 936 1000 1025 
242 287 289 336 340 389 395 446 454 507 517 572 584 641 655 714 730 791 809 872 892 957 979 1046 
264 265 311 314 362 367 417 424 476 485 539 550 606 619 677 692 752 769 831 850 914 935 1001 1024 
288 337 339 390 394 447 453 508 516 573 583 642 654 715 729 792 808 873 891 958 978 1047 
312 313 363 366 418 423 477 484 540 549 607 618 678 691 753 768 832 849 915 934 1002 1023 
338 391 393 448 452 509 515 574 582 643 653 716 728 793 807 874 890 959 977 1048 
364 365 419 422 478 483 541 548 608 617 679 690 754 767 833 848 916 933 1003 1022 
392 449 451 510 514 575 581 644 652 717 727 794 806 875 889 960 976 1049 
420 421 479 482 542 547 609 616 680 689 755 766 834 847 917 932 1004 1021 
450 511 513 576 580 645 651 718 726 795 805 876 888 961 975 1050 
480 481 543 546 610 615 681 688 756 765 835 846 918 931 1005 1020 
512 577 579 646 650 719 725 796 804 877 887 962 974 1051 
544 545 611 614 682 687 757 764 836 845 919 930 1006 1019 
578 647 649 720 724 797 803 878 886 963 973 1052 
612 613 683 686 758 763 837 844 920 929 1007 1018 
648 721 723 798 802 879 885 964 972 1053 
684 685 759 762 838 843 921 928 1008 1017 
722 799 801 880 884 965 971 1054 
760 761 839 842 922 927 1009 1016 
800 881 883 966 970 1055 
840 841 923 926 1010 1015 
882 967 969 1056 
924 925 1011 1014 
968 1057 
1012 1013 

46 1103
1 3 6 10 15 21 28 36 45 55 66 78 91 105 120 136 153 171 190 210 231 253 276 300 325 351 378 406 435 465 496 528 561 595 630 666 703 741 780 820 861 903 946 990 1035 1081 
2 7 9 16 20 29 35 46 54 67 77 92 104 121 135 154 170 191 209 232 252 277 299 326 350 379 405 436 464 497 527 562 594 631 665 704 740 781 819 862 902 947 989 1036 1080 
4 5 11 14 22 27 37 44 56 65 79 90 106 119 137 152 172 189 211 230 254 275 301 324 352 377 407 434 466 495 529 560 596 629 667 702 742 779 821 860 904 945 991 1034 1082 
8 17 19 30 34 47 53 68 76 93 103 122 134 155 169 192 208 233 251 278 298 327 349 380 404 437 463 498 526 563 593 632 664 705 739 782 818 863 901 948 988 1037 1079 
12 13 23 26 38 43 57 64 80 89 107 118 138 151 173 188 212 229 255 274 302 323 353 376 408 433 467 494 530 559 597 628 668 701 743 778 822 859 905 944 992 1033 1083 
18 31 33 48 52 69 75 94 102 123 133 156 168 193 207 234 250 279 297 328 348 381 403 438 462 499 525 564 592 633 663 706 738 783 817 864 900 949 987 1038 1078 
24 25 39 42 58 63 81 88 108 117 139 150 174 187 213 228 256 273 303 322 354 375 409 432 468 493 531 558 598 627 669 700 744 777 823 858 906 943 993 1032 1084 
32 49 51 70 74 95 101 124 132 157 167 194 206 235 249 280 296 329 347 382 402 439 461 500 524 565 591 634 662 707 737 784 816 865 899 950 986 1039 1077 
40 41 59 62 82 87 109 116 140 149 175 186 214 227 257 272 304 321 355 374 410 431 469 492 532 557 599 626 670 699 745 776 824 857 907 942 994 1031 1085 
50 71 73 96 100 125 131 158 166 195 205 236 248 281 295 330 346 383 401 440 460 501 523 566 590 635 661 708 736 785 815 866 898 951 985 1040 1076 
60 61 83 86 110 115 141 148 176 185 215 226 258 271 305 320 356 373 411 430 470 491 533 556 600 625 671 698 746 775 825 856 908 941 995 1030 1086 
72 97 99 126 130 159 165 196 204 237 247 282 294 331 345 384 400 441 459 502 522 567 589 636 660 709 735 786 814 867 897 952 984 1041 1075 
84 85 111 114 142 147 177 184 216 225 259 270 306 319 357 372 412 429 471 490 534 555 601 624 672 697 747 774 826 855 909 940 996 1029 1087 
98 127 129 160 164 197 203 238 246 283 293 332 344 385 399 442 458 503 521 568 588 637 659 710 734 787 813 868 896 953 983 1042 1074 
112 113 143 146 178 183 217 224 260 269 307 318 358 371 413 428 472 489 535 554 602 623 673 696 748 773 827 854 910 939 997 1028 1088 
128 161 163 198 202 239 245 284 292 333 343 386 398 443 457 504 520 569 587 638 658 711 733 788 812 869 895 954 982 1043 1073 
144 145 179 182 218 223 261 268 308 317 359 370 414 427 473 488 536 553 603 622 674 695 749 772 828 853 911 938 998 1027 1089 
162 199 201 240 244 285 291 334 342 387 397 444 456 505 519 570 586 639 657 712 732 789 811 870 894 955 981 1044 1072 
180 181 219 222 262 267 309 316 360 369 415 426 474 487 537 552 604 621 675 694 750 771 829 852 912 937 999 1026 1090 
200 241 243 286 290 335 341 388 396 445 455 506 518 571 585 640 656 713 731 790 810 871 893 956 980 1045 1071 
220 221 263 266 310 315 361 368 416 425 475 486 538 551 605 620 676 693 751 770 830 851 913 936 1000 1025 1091 
242 287 289 336 340 389 395 446 454 507 517 572 584 641 655 714 730 791 809 872 892 957 979 1046 1070 
264 265 311 314 362 367 417 424 476 485 539 550 606 619 677 692 752 769 831 850 914 935 1001 1024 1092 
288 337 339 390 394 447 453 508 516 573 583 642 654 715 729 792 808 873 891 958 978 1047 1069 
312 313 363 366 418 423 477 484 540 549 607 618 678 691 753 768 832 849 915 934 1002 1023 1093 
338 391 393 448 452 509 515 574 582 643 653 716 728 793 807 874 890 959 977 1048 1068 
364 365 419 422 478 483 541 548 608 617 679 690 754 767 833 848 916 933 1003 1022 1094 
392 449 451 510 514 575 581 644 652 717 727 794 806 875 889 960 976 1049 1067 
420 421 479 482 542 547 609 616 680 689 755 766 834 847 917 932 1004 1021 1095 
450 511 513 576 580 645 651 718 726 795 805 876 888 961 975 1050 1066 
480 481 543 546 610 615 681 688 756 765 835 846 918 931 1005 1020 1096 
512 577 579 646 650 719 725 796 804 877 887 962 974 1051 1065 
544 545 611 614 682 687 757 764 836 845 919 930 1006 1019 1097 
578 647 649 720 724 797 803 878 886 963 973 1052 1064 
612 613 683 686 758 763 837 844 920 929 1007 1018 1098 
648 721 723 798 802 879 885 964 972 1053 1063 
684 685 759 762 838 843 921 928 1008 1017 1099 
722 799 801 880 884 965 971 1054 1062 
760 761 839 842 922 927 1009 1016 1100 
800 881 883 966 970 1055 1061 
840 841 923 926 1010 1015 1101 
882 967 969 1056 1060 
924 925 1011 1014 1102 
968 1057 1059 
1012 1013 1103 
1058 

47 1151
1 3 6 10 15 21 28 36 45 55 66 78 91 105 120 136 153 171 190 210 231 253 276 300 325 351 378 406 435 465 496 528 561 595 630 666 703 741 780 820 861 903 946 990 1035 1081 1128 
2 7 9 16 20 29 35 46 54 67 77 92 104 121 135 154 170 191 209 232 252 277 299 326 350 379 405 436 464 497 527 562 594 631 665 704 740 781 819 862 902 947 989 1036 1080 1129 
4 5 11 14 22 27 37 44 56 65 79 90 106 119 137 152 172 189 211 230 254 275 301 324 352 377 407 434 466 495 529 560 596 629 667 702 742 779 821 860 904 945 991 1034 1082 1127 
8 17 19 30 34 47 53 68 76 93 103 122 134 155 169 192 208 233 251 278 298 327 349 380 404 437 463 498 526 563 593 632 664 705 739 782 818 863 901 948 988 1037 1079 1130 
12 13 23 26 38 43 57 64 80 89 107 118 138 151 173 188 212 229 255 274 302 323 353 376 408 433 467 494 530 559 597 628 668 701 743 778 822 859 905 944 992 1033 1083 1126 
18 31 33 48 52 69 75 94 102 123 133 156 168 193 207 234 250 279 297 328 348 381 403 438 462 499 525 564 592 633 663 706 738 783 817 864 900 949 987 1038 1078 1131 
24 25 39 42 58 63 81 88 108 117 139 150 174 187 213 228 256 273 303 322 354 375 409 432 468 493 531 558 598 627 669 700 744 777 823 858 906 943 993 1032 1084 1125 
32 49 51 70 74 95 101 124 132 157 167 194 206 235 249 280 296 329 347 382 402 439 461 500 524 565 591 634 662 707 737 784 816 865 899 950 986 1039 1077 1132 
40 41 59 62 82 87 109 116 140 149 175 186 214 227 257 272 304 321 355 374 410 431 469 492 532 557 599 626 670 699 745 776 824 857 907 942 994 1031 1085 1124 
50 71 73 96 100 125 131 158 166 195 205 236 248 281 295 330 346 383 401 440 460 501 523 566 590 635 661 708 736 785 815 866 898 951 985 1040 1076 1133 
60 61 83 86 110 115 141 148 176 185 215 226 258 271 305 320 356 373 411 430 470 491 533 556 600 625 671 698 746 775 825 856 908 941 995 1030 1086 1123 
72 97 99 126 130 159 165 196 204 237 247 282 294 331 345 384 400 441 459 502 522 567 589 636 660 709 735 786 814 867 897 952 984 1041 1075 1134 
84 85 111 114 142 147 177 184 216 225 259 270 306 319 357 372 412 429 471 490 534 555 601 624 672 697 747 774 826 855 909 940 996 1029 1087 1122 
98 127 129 160 164 197 203 238 246 283 293 332 344 385 399 442 458 503 521 568 588 637 659 710 734 787 813 868 896 953 983 1042 1074 1135 
112 113 143 146 178 183 217 224 260 269 307 318 358 371 413 428 472 489 535 554 602 623 673 696 748 773 827 854 910 939 997 1028 1088 1121 
128 161 163 198 202 239 245 284 292 333 343 386 398 443 457 504 520 569 587 638 658 711 733 788 812 869 895 954 982 1043 1073 1136 
144 145 179 182 218 223 261 268 308 317 359 370 414 427 473 488 536 553 603 622 674 695 749 772 828 853 911 938 998 1027 1089 1120 
162 199 201 240 244 285 291 334 342 387 397 444 456 505 519 570 586 639 657 712 732 789 811 870 894 955 981 1044 1072 1137 
180 181 219 222 262 267 309 316 360 369 415 426 474 487 537 552 604 621 675 694 750 771 829 852 912 937 999 1026 1090 1119 
200 241 243 286 290 335 341 388 396 445 455 506 518 571 585 640 656 713 731 790 810 871 893 956 980 1045 1071 1138 
220 221 263 266 310 315 361 368 416 425 475 486 538 551 605 620 676 693 751 770 830 851 913 936 1000 1025 1091 1118 
242 287 289 336 340 389 395 446 454 507 517 572 584 641 655 714 730 791 809 872 892 957 979 1046 1070 1139 
264 265 311 314 362 367 417 424 476 485 539 550 606 619 677 692 752 769 831 850 914 935 1001 1024 1092 1117 
288 337 339 390 394 447 453 508 516 573 583 642 654 715 729 792 808 873 891 958 978 1047 1069 1140 
312 313 363 366 418 423 477 484 540 549 607 618 678 691 753 768 832 849 915 934 1002 1023 1093 1116 
338 391 393 448 452 509 515 574 582 643 653 716 728 793 807 874 890 959 977 1048 1068 1141 
364 365 419 422 478 483 541 548 608 617 679 690 754 767 833 848 916 933 1003 1022 1094 1115 
392 449 451 510 514 575 581 644 652 717 727 794 806 875 889 960 976 1049 1067 1142 
420 421 479 482 542 547 609 616 680 689 755 766 834 847 917 932 1004 1021 1095 1114 
450 511 513 576 580 645 651 718 726 795 805 876 888 961 975 1050 1066 1143 
480 481 543 546 610 615 681 688 756 765 835 846 918 931 1005 1020 1096 1113 
512 577 579 646 650 719 725 796 804 877 887 962 974 1051 1065 1144 
544 545 611 614 682 687 757 764 836 845 919 930 1006 1019 1097 1112 
578 647 649 720 724 797 803 878 886 963 973 1052 1064 1145 
612 613 683 686 758 763 837 844 920 929 1007 1018 1098 1111 
648 721 723 798 802 879 885 964 972 1053 1063 1146 
684 685 759 762 838 843 921 928 1008 1017 1099 1110 
722 799 801 880 884 965 971 1054 1062 1147 
760 761 839 842 922 927 1009 1016 1100 1109 
800 881 883 966 970 1055 1061 1148 
840 841 923 926 1010 1015 1101 1108 
882 967 969 1056 1060 1149 
924 925 1011 1014 1102 1107 
968 1057 1059 1150 
1012 1013 1103 1106 
1058 1151 
1104 1105 

48 1199
1 3 6 10 15 21 28 36 45 55 66 78 91 105 120 136 153 171 190 210 231 253 276 300 325 351 378 406 435 465 496 528 561 595 630 666 703 741 780 820 861 903 946 990 1035 1081 1128 1176 
2 7 9 16 20 29 35 46 54 67 77 92 104 121 135 154 170 191 209 232 252 277 299 326 350 379 405 436 464 497 527 562 594 631 665 704 740 781 819 862 902 947 989 1036 1080 1129 1175 
4 5 11 14 22 27 37 44 56 65 79 90 106 119 137 152 172 189 211 230 254 275 301 324 352 377 407 434 466 495 529 560 596 629 667 702 742 779 821 860 904 945 991 1034 1082 1127 1177 
8 17 19 30 34 47 53 68 76 93 103 122 134 155 169 192 208 233 251 278 298 327 349 380 404 437 463 498 526 563 593 632 664 705 739 782 818 863 901 948 988 1037 1079 1130 1174 
12 13 23 26 38 43 57 64 80 89 107 118 138 151 173 188 212 229 255 274 302 323 353 376 408 433 467 494 530 559 597 628 668 701 743 778 822 859 905 944 992 1033 1083 1126 1178 
18 31 33 48 52 69 75 94 102 123 133 156 168 193 207 234 250 279 297 328 348 381 403 438 462 499 525 564 592 633 663 706 738 783 817 864 900 949 987 1038 1078 1131 1173 
24 25 39 42 58 63 81 88 108 117 139 150 174 187 213 228 256 273 303 322 354 375 409 432 468 493 531 558 598 627 669 700 744 777 823 858 906 943 993 1032 1084 1125 1179 
32 49 51 70 74 95 101 124 132 157 167 194 206 235 249 280 296 329 347 382 402 439 461 500 524 565 591 634 662 707 737 784 816 865 899 950 986 1039 1077 1132 1172 
40 41 59 62 82 87 109 116 140 149 175 186 214 227 257 272 304 321 355 374 410 431 469 492 532 557 599 626 670 699 745 776 824 857 907 942 994 1031 1085 1124 1180 
50 71 73 96 100 125 131 158 166 195 205 236 248 281 295 330 346 383 401 440 460 501 523 566 590 635 661 708 736 785 815 866 898 951 985 1040 1076 1133 1171 
60 61 83 86 110 115 141 148 176 185 215 226 258 271 305 320 356 373 411 430 470 491 533 556 600 625 671 698 746 775 825 856 908 941 995 1030 1086 1123 1181 
72 97 99 126 130 159 165 196 204 237 247 282 294 331 345 384 400 441 459 502 522 567 589 636 660 709 735 786 814 867 897 952 984 1041 1075 1134 1170 
84 85 111 114 142 147 177 184 216 225 259 270 306 319 357 372 412 429 471 490 534 555 601 624 672 697 747 774 826 855 909 940 996 1029 1087 1122 1182 
98 127 129 160 164 197 203 238 246 283 293 332 344 385 399 442 458 503 521 568 588 637 659 710 734 787 813 868 896 953 983 1042 1074 1135 1169 
112 113 143 146 178 183 217 224 260 269 307 318 358 371 413 428 472 489 535 554 602 623 673 696 748 773 827 854 910 939 997 1028 1088 1121 1183 
128 161 163 198 202 239 245 284 292 333 343 386 398 443 457 504 520 569 587 638 658 711 733 788 812 869 895 954 982 1043 1073 1136 1168 
144 145 179 182 218 223 261 268 308 317 359 370 414 427 473 488 536 553 603 622 674 695 749 772 828 853 911 938 998 1027 1089 1120 1184 
162 199 201 240 244 285 291 334 342 387 397 444 456 505 519 570 586 639 657 712 732 789 811 870 894 955 981 1044 1072 1137 1167 
180 181 219 222 262 267 309 316 360 369 415 426 474 487 537 552 604 621 675 694 750 771 829 852 912 937 999 1026 1090 1119 1185 
200 241 243 286 290 335 341 388 396 445 455 506 518 571 585 640 656 713 731 790 810 871 893 956 980 1045 1071 1138 1166 
220 221 263 266 310 315 361 368 416 425 475 486 538 551 605 620 676 693 751 770 830 851 913 936 1000 1025 1091 1118 1186 
242 287 289 336 340 389 395 446 454 507 517 572 584 641 655 714 730 791 809 872 892 957 979 1046 1070 1139 1165 
264 265 311 314 362 367 417 424 476 485 539 550 606 619 677 692 752 769 831 850 914 935 1001 1024 1092 1117 1187 
288 337 339 390 394 447 453 508 516 573 583 642 654 715 729 792 808 873 891 958 978 1047 1069 1140 1164 
312 313 363 366 418 423 477 484 540 549 607 618 678 691 753 768 832 849 915 934 1002 1023 1093 1116 1188 
338 391 393 448 452 509 515 574 582 643 653 716 728 793 807 874 890 959 977 1048 1068 1141 1163 
364 365 419 422 478 483 541 548 608 617 679 690 754 767 833 848 916 933 1003 1022 1094 1115 1189 
392 449 451 510 514 575 581 644 652 717 727 794 806 875 889 960 976 1049 1067 1142 1162 
420 421 479 482 542 547 609 616 680 689 755 766 834 847 917 932 1004 1021 1095 1114 1190 
450 511 513 576 580 645 651 718 726 795 805 876 888 961 975 1050 1066 1143 1161 
480 481 543 546 610 615 681 688 756 765 835 846 918 931 1005 1020 1096 1113 1191 
512 577 579 646 650 719 725 796 804 877 887 962 974 1051 1065 1144 1160 
544 545 611 614 682 687 757 764 836 845 919 930 1006 1019 1097 1112 1192 
578 647 649 720 724 797 803 878 886 963 973 1052 1064 1145 1159 
612 613 683 686 758 763 837 844 920 929 1007 1018 1098 1111 1193 
648 721 723 798 802 879 885 964 972 1053 1063 1146 1158 
684 685 759 762 838 843 921 928 1008 1017 1099 1110 1194 
722 799 801 880 884 965 971 1054 1062 1147 1157 
760 761 839 842 922 927 1009 1016 1100 1109 1195 
800 881 883 966 970 1055 1061 1148 1156 
840 841 923 926 1010 1015 1101 1108 1196 
882 967 969 1056 1060 1149 1155 
924 925 1011 1014 1102 1107 1197 
968 1057 1059 1150 1154 
1012 1013 1103 1106 1198 
1058 1151 1153 
1104 1105 1199 
1152 

49 1249
1 3 6 10 15 21 28 36 45 55 66 78 91 105 120 136 153 171 190 210 231 253 276 300 325 351 378 406 435 465 496 528 561 595 630 666 703 741 780 820 861 903 946 990 1035 1081 1128 1176 1225 
2 7 9 16 20 29 35 46 54 67 77 92 104 121 135 154 170 191 209 232 252 277 299 326 350 379 405 436 464 497 527 562 594 631 665 704 740 781 819 862 902 947 989 1036 1080 1129 1175 1226 
4 5 11 14 22 27 37 44 56 65 79 90 106 119 137 152 172 189 211 230 254 275 301 324 352 377 407 434 466 495 529 560 596 629 667 702 742 779 821 860 904 945 991 1034 1082 1127 1177 1224 
8 17 19 30 34 47 53 68 76 93 103 122 134 155 169 192 208 233 251 278 298 327 349 380 404 437 463 498 526 563 593 632 664 705 739 782 818 863 901 948 988 1037 1079 1130 1174 1227 
12 13 23 26 38 43 57 64 80 89 107 118 138 151 173 188 212 229 255 274 302 323 353 376 408 433 467 494 530 559 597 628 668 701 743 778 822 859 905 944 992 1033 1083 1126 1178 1223 
18 31 33 48 52 69 75 94 102 123 133 156 168 193 207 234 250 279 297 328 348 381 403 438 462 499 525 564 592 633 663 706 738 783 817 864 900 949 987 1038 1078 1131 1173 1228 
24 25 39 42 58 63 81 88 108 117 139 150 174 187 213 228 256 273 303 322 354 375 409 432 468 493 531 558 598 627 669 700 744 777 823 858 906 943 993 1032 1084 1125 1179 1222 
32 49 51 70 74 95 101 124 132 157 167 194 206 235 249 280 296 329 347 382 402 439 461 500 524 565 591 634 662 707 737 784 816 865 899 950 986 1039 1077 1132 1172 1229 
40 41 59 62 82 87 109 116 140 149 175 186 214 227 257 272 304 321 355 374 410 431 469 492 532 557 599 626 670 699 745 776 824 857 907 942 994 1031 1085 1124 1180 1221 
50 71 73 96 100 125 131 158 166 195 205 236 248 281 295 330 346 383 401 440 460 501 523 566 590 635 661 708 736 785 815 866 898 951 985 1040 1076 1133 1171 1230 
60 61 83 86 110 115 141 148 176 185 215 226 258 271 305 320 356 373 411 430 470 491 533 556 600 625 671 698 746 775 825 856 908 941 995 1030 1086 1123 1181 1220 
72 97 99 126 130 159 165 196 204 237 247 282 294 331 345 384 400 441 459 502 522 567 589 636 660 709 735 786 814 867 897 952 984 1041 1075 1134 1170 1231 
84 85 111 114 142 147 177 184 216 225 259 270 306 319 357 372 412 429 471 490 534 555 601 624 672 697 747 774 826 855 909 940 996 1029 1087 1122 1182 1219 
98 127 129 160 164 197 203 238 246 283 293 332 344 385 399 442 458 503 521 568 588 637 659 710 734 787 813 868 896 953 983 1042 1074 1135 1169 1232 
112 113 143 146 178 183 217 224 260 269 307 318 358 371 413 428 472 489 535 554 602 623 673 696 748 773 827 854 910 939 997 1028 1088 1121 1183 1218 
128 161 163 198 202 239 245 284 292 333 343 386 398 443 457 504 520 569 587 638 658 711 733 788 812 869 895 954 982 1043 1073 1136 1168 1233 
144 145 179 182 218 223 261 268 308 317 359 370 414 427 473 488 536 553 603 622 674 695 749 772 828 853 911 938 998 1027 1089 1120 1184 1217 
162 199 201 240 244 285 291 334 342 387 397 444 456 505 519 570 586 639 657 712 732 789 811 870 894 955 981 1044 1072 1137 1167 1234 
180 181 219 222 262 267 309 316 360 369 415 426 474 487 537 552 604 621 675 694 750 771 829 852 912 937 999 1026 1090 1119 1185 1216 
200 241 243 286 290 335 341 388 396 445 455 506 518 571 585 640 656 713 731 790 810 871 893 956 980 1045 1071 1138 1166 1235 
220 221 263 266 310 315 361 368 416 425 475 486 538 551 605 620 676 693 751 770 830 851 913 936 1000 1025 1091 1118 1186 1215 
242 287 289 336 340 389 395 446 454 507 517 572 584 641 655 714 730 791 809 872 892 957 979 1046 1070 1139 1165 1236 
264 265 311 314 362 367 417 424 476 485 539 550 606 619 677 692 752 769 831 850 914 935 1001 1024 1092 1117 1187 1214 
288 337 339 390 394 447 453 508 516 573 583 642 654 715 729 792 808 873 891 958 978 1047 1069 1140 1164 1237 
312 313 363 366 418 423 477 484 540 549 607 618 678 691 753 768 832 849 915 934 1002 1023 1093 1116 1188 1213 
338 391 393 448 452 509 515 574 582 643 653 716 728 793 807 874 890 959 977 1048 1068 1141 1163 1238 
364 365 419 422 478 483 541 548 608 617 679 690 754 767 833 848 916 933 1003 1022 1094 1115 1189 1212 
392 449 451 510 514 575 581 644 652 717 727 794 806 875 889 960 976 1049 1067 1142 1162 1239 
420 421 479 482 542 547 609 616 680 689 755 766 834 847 917 932 1004 1021 1095 1114 1190 1211 
450 511 513 576 580 645 651 718 726 795 805 876 888 961 975 1050 1066 1143 1161 1240 
480 481 543 546 610 615 681 688 756 765 835 846 918 931 1005 1020 1096 1113 1191 1210 
512 577 579 646 650 719 725 796 804 877 887 962 974 1051 1065 1144 1160 1241 
544 545 611 614 682 687 757 764 836 845 919 930 1006 1019 1097 1112 1192 1209 
578 647 649 720 724 797 803 878 886 963 973 1052 1064 1145 1159 1242 
612 613 683 686 758 763 837 844 920 929 1007 1018 1098 1111 1193 1208 
648 721 723 798 802 879 885 964 972 1053 1063 1146 1158 1243 
684 685 759 762 838 843 921 928 1008 1017 1099 1110 1194 1207 
722 799 801 880 884 965 971 1054 1062 1147 1157 1244 
760 761 839 842 922 927 1009 1016 1100 1109 1195 1206 
800 881 883 966 970 1055 1061 1148 1156 1245 
840 841 923 926 1010 1015 1101 1108 1196 1205 
882 967 969 1056 1060 1149 1155 1246 
924 925 1011 1014 1102 1107 1197 1204 
968 1057 1059 1150 1154 1247 
1012 1013 1103 1106 1198 1203 
1058 1151 1153 1248 
1104 1105 1199 1202 
1152 1249 
1200 1201 

50 1299
1 3 6 10 15 21 28 36 45 55 66 78 91 105 120 136 153 171 190 210 231 253 276 300 325 351 378 406 435 465 496 528 561 595 630 666 703 741 780 820 861 903 946 990 1035 1081 1128 1176 1225 1275 
2 7 9 16 20 29 35 46 54 67 77 92 104 121 135 154 170 191 209 232 252 277 299 326 350 379 405 436 464 497 527 562 594 631 665 704 740 781 819 862 902 947 989 1036 1080 1129 1175 1226 1274 
4 5 11 14 22 27 37 44 56 65 79 90 106 119 137 152 172 189 211 230 254 275 301 324 352 377 407 434 466 495 529 560 596 629 667 702 742 779 821 860 904 945 991 1034 1082 1127 1177 1224 1276 
8 17 19 30 34 47 53 68 76 93 103 122 134 155 169 192 208 233 251 278 298 327 349 380 404 437 463 498 526 563 593 632 664 705 739 782 818 863 901 948 988 1037 1079 1130 1174 1227 1273 
12 13 23 26 38 43 57 64 80 89 107 118 138 151 173 188 212 229 255 274 302 323 353 376 408 433 467 494 530 559 597 628 668 701 743 778 822 859 905 944 992 1033 1083 1126 1178 1223 1277 
18 31 33 48 52 69 75 94 102 123 133 156 168 193 207 234 250 279 297 328 348 381 403 438 462 499 525 564 592 633 663 706 738 783 817 864 900 949 987 1038 1078 1131 1173 1228 1272 
24 25 39 42 58 63 81 88 108 117 139 150 174 187 213 228 256 273 303 322 354 375 409 432 468 493 531 558 598 627 669 700 744 777 823 858 906 943 993 1032 1084 1125 1179 1222 1278 
32 49 51 70 74 95 101 124 132 157 167 194 206 235 249 280 296 329 347 382 402 439 461 500 524 565 591 634 662 707 737 784 816 865 899 950 986 1039 1077 1132 1172 1229 1271 
40 41 59 62 82 87 109 116 140 149 175 186 214 227 257 272 304 321 355 374 410 431 469 492 532 557 599 626 670 699 745 776 824 857 907 942 994 1031 1085 1124 1180 1221 1279 
50 71 73 96 100 125 131 158 166 195 205 236 248 281 295 330 346 383 401 440 460 501 523 566 590 635 661 708 736 785 815 866 898 951 985 1040 1076 1133 1171 1230 1270 
60 61 83 86 110 115 141 148 176 185 215 226 258 271 305 320 356 373 411 430 470 491 533 556 600 625 671 698 746 775 825 856 908 941 995 1030 1086 1123 1181 1220 1280 
72 97 99 126 130 159 165 196 204 237 247 282 294 331 345 384 400 441 459 502 522 567 589 636 660 709 735 786 814 867 897 952 984 1041 1075 1134 1170 1231 1269 
84 85 111 114 142 147 177 184 216 225 259 270 306 319 357 372 412 429 471 490 534 555 601 624 672 697 747 774 826 855 909 940 996 1029 1087 1122 1182 1219 1281 
98 127 129 160 164 197 203 238 246 283 293 332 344 385 399 442 458 503 521 568 588 637 659 710 734 787 813 868 896 953 983 1042 1074 1135 1169 1232 1268 
112 113 143 146 178 183 217 224 260 269 307 318 358 371 413 428 472 489 535 554 602 623 673 696 748 773 827 854 910 939 997 1028 1088 1121 1183 1218 1282 
128 161 163 198 202 239 245 284 292 333 343 386 398 443 457 504 520 569 587 638 658 711 733 788 812 869 895 954 982 1043 1073 1136 1168 1233 1267 
144 145 179 182 218 223 261 268 308 317 359 370 414 427 473 488 536 553 603 622 674 695 749 772 828 853 911 938 998 1027 1089 1120 1184 1217 1283 
162 199 201 240 244 285 291 334 342 387 397 444 456 505 519 570 586 639 657 712 732 789 811 870 894 955 981 1044 1072 1137 1167 1234 1266 
180 181 219 222 262 267 309 316 360 369 415 426 474 487 537 552 604 621 675 694 750 771 829 852 912 937 999 1026 1090 1119 1185 1216 1284 
200 241 243 286 290 335 341 388 396 445 455 506 518 571 585 640 656 713 731 790 810 871 893 956 980 1045 1071 1138 1166 1235 1265 
220 221 263 266 310 315 361 368 416 425 475 486 538 551 605 620 676 693 751 770 830 851 913 936 1000 1025 1091 1118 1186 1215 1285 
242 287 289 336 340 389 395 446 454 507 517 572 584 641 655 714 730 791 809 872 892 957 979 1046 1070 1139 1165 1236 1264 
264 265 311 314 362 367 417 424 476 485 539 550 606 619 677 692 752 769 831 850 914 935 1001 1024 1092 1117 1187 1214 1286 
288 337 339 390 394 447 453 508 516 573 583 642 654 715 729 792 808 873 891 958 978 1047 1069 1140 1164 1237 1263 
312 313 363 366 418 423 477 484 540 549 607 618 678 691 753 768 832 849 915 934 1002 1023 1093 1116 1188 1213 1287 
338 391 393 448 452 509 515 574 582 643 653 716 728 793 807 874 890 959 977 1048 1068 1141 1163 1238 1262 
364 365 419 422 478 483 541 548 608 617 679 690 754 767 833 848 916 933 1003 1022 1094 1115 1189 1212 1288 
392 449 451 510 514 575 581 644 652 717 727 794 806 875 889 960 976 1049 1067 1142 1162 1239 1261 
420 421 479 482 542 547 609 616 680 689 755 766 834 847 917 932 1004 1021 1095 1114 1190 1211 1289 
450 511 513 576 580 645 651 718 726 795 805 876 888 961 975 1050 1066 1143 1161 1240 1260 
480 481 543 546 610 615 681 688 756 765 835 846 918 931 1005 1020 1096 1113 1191 1210 1290 
512 577 579 646 650 719 725 796 804 877 887 962 974 1051 1065 1144 1160 1241 1259 
544 545 611 614 682 687 757 764 836 845 919 930 1006 1019 1097 1112 1192 1209 1291 
578 647 649 720 724 797 803 878 886 963 973 1052 1064 1145 1159 1242 1258 
612 613 683 686 758 763 837 844 920 929 1007 1018 1098 1111 1193 1208 1292 
648 721 723 798 802 879 885 964 972 1053 1063 1146 1158 1243 1257 
684 685 759 762 838 843 921 928 1008 1017 1099 1110 1194 1207 1293 
722 799 801 880 884 965 971 1054 1062 1147 1157 1244 1256 
760 761 839 842 922 927 1009 1016 1100 1109 1195 1206 1294 
800 881 883 966 970 1055 1061 1148 1156 1245 1255 
840 841 923 926 1010 1015 1101 1108 1196 1205 1295 
882 967 969 1056 1060 1149 1155 1246 1254 
924 925 1011 1014 1102 1107 1197 1204 1296 
968 1057 1059 1150 1154 1247 1253 
1012 1013 1103 1106 1198 1203 1297 
1058 1151 1153 1248 1252 
1104 1105 1199 1202 1298 
1152 1249 1251 
1200 1201 1299 
1250 

