147 0.372 0.022
187 0.001 0.367
701 0.178 0.059
754 0.011 0.003
580 0.334 0.019
471 0.233 0.115
303 0.071 0.334
258 0.024 0.077
402 0.009 0.221
652 0.257 0.038
68 0.251 0.042
821 0.35 0.129
854 0.006 0.025
319 0.098 0.039
128 0.022 0.046
979 0.287 0.103
732 0.099 0.094
233 0.401 0.049
444 0.114 0.089
203 0.12 0.086
987 0.068 0.206
517 0.013 0.433
913 0.149 0.002
546 0.401 0.068
543 0.188 0.261
393 0.165 0.262
942 0.02 0.138
895 0.121 0.121
449 0.008 0.029
231 0.042 0.198
660 0.003 0.075
880 0.412 0.034
79 0.255 0.104
13 0.179 0.077
434 0.121 0.029
923 0.025 0.018
653 0.218 0.118
575 0.199 0.032
298 0.036 0.143
575 0.36 0.049
409 0.013 0.055
517 0.074 0.374
421 0.258 0.12
976 0.125 0.117
852 0.113 0.063
175 0.413 0.037
925 0.034 0.068
183 0.16 0.016
535 0.156 0.169
72 0.178 0.073
51 0.069 0.09
108 0.001 0.026
463 0.279 0.169
675 0.179 0.096
347 0.047 0.079
316 0.114 0.187
679 0.106 0.119
729 0.084 0.175
658 0.114 0.18
616 0.003 0.214
835 0.168 0.099
622 0.159 0.068
855 0.015 0.026
670 0.061 0.006
727 0.232 0.181
458 0.186 0.042
491 0.01 0.248
124 0.431 0.056
933 0.006 0.49
917 0.11 0.001
4 0.232 0.214
601 0.002 0.065
224 0.169 0.104
999 0.048 0.247
196 0.007 0.014
370 0.287 0.191
345 0.182 0.138
747 0.272 0.172
56 0.079 0.149
510 0.374 0.122
532 0.02 0.479
821 0.107 0.344
187 0.011 0.016
94 0.022 0.003
919 0.031 0.041
304 0.016 0.277
269 0.055 0.434
492 0.095 0.141
52 0.216 0.075
256 0.105 0.048
422 0.12 0.064
385 0.123 0.233
766 0.032 0.011
771 0.433 0.055
71 0.078 0.328
390 0.042 0.019
539 0.025 0.305
360 0.172 0.001
623 0.134 0.09
614 0.001 0.33
0
