100
1
0.48
4
0.64
13
0.55
16
0.25
11
0.58
5
0.48
10
0.09
16
0.40
24
0.27
25
0.56
12
0.21
1
0.31
18
0.72
10
0.46
14
0.48
9
0.01
3
0.41
3
0.01
22
0.98
15
0.93
13
1.00
5
0.37
20
0.36
1
0.38
12
0.05
13
0.90
9
0.46
25
0.57
7
0.01
15
0.64
4
0.44
12
0.35
14
0.62
18
0.78
22
0.92
6
0.14
16
0.62
12
0.85
24
0.94
24
0.64
1
0.28
16
0.43
15
0.38
18
0.50
1
0.89
3
0.87
9
0.70
14
0.68
21
0.36
14
0.14
18
0.83
17
0.84
24
0.50
9
0.72
22
0.52
7
0.19
16
0.46
21
0.50
15
0.97
12
0.47
17
0.20
13
0.34
7
0.88
13
0.47
23
0.26
13
0.55
7
0.79
13
0.08
24
0.06
12
0.64
16
0.51
4
0.29
5
0.38
15
0.70
12
0.26
7
0.42
4
0.49
25
0.44
10
0.61
19
0.49
22
0.00
23
0.88
4
0.71
4
0.90
16
0.46
19
0.80
8
0.57
14
0.28
2
0.87
8
0.83
21
0.51
17
0.62
9
0.18
17
0.51
2
0.55
20
0.80
9
0.98
13
0.84
13
0.23
1
0.50
