0.48
0.78
0.69
0.00
0.77
0.45
0.00
0.13
0.00
0.80
0.00
0.31
1.00
0.36
0.42
0.00
0.33
0.00
1.00
1.00
1.00
0.21
0.04
0.38
0.00
1.00
0.37
0.84
0.00
0.94
0.37
0.07
0.90
1.00
1.00
0.00
0.91
1.00
1.00
0.98
0.28
0.21
0.09
0.50
0.89
0.98
0.96
0.97
0.03
0.00
1.00
1.00
0.50
0.97
0.60
0.01
0.33
0.50
1.00
0.39
0.00
0.05
1.00
0.38
0.00
0.69
0.99
0.00
0.00
0.92
0.54
0.11
0.23
0.99
0.01
0.28
0.48
0.20
0.84
0.45
0.00
1.00
0.89
1.00
0.33
1.00
0.71
0.01
0.95
1.00
0.55
0.92
0.00
0.55
0.57
1.00
1.00
1.00
0.00
0.50
