1 1
1 100000000
388 86297763
635 65600679
13 7650066
7 46050375
760 85496050
378 14841756
186 9927785
189 63108175
869 39076054
137 69791011
399 39502061
704 73171177
989 83586697
567 64745002
607 21728090
480 49707669
647 39343025
542 95823095
488 33132346
962 13316304
617 90863260
445 20447951
299 14773703
608 56095269
135 55941053
976 74126329
255 92753811
914 22015862
248 21770685
737 4694327
219 35569543
158 78723330
267 59259334
959 1201646
937 34639760
533 15903294
495 74729704
194 4783762
641 72294413
475 24620895
883 80535758
674 61252880
695 71323720
326 32242
826 52510086
8 74877024
811 24763705
582 36624797
822 86466006
779 38757053
459 57344843
92 61727131
620 4918578
206 94025166
701 11357339
195 3830645
236 48851020
843 98964917
914 92236794
835 95073758
353 31871238
793 54818329
358 3877244
79 73173414
400 806580
432 76986539
456 2296772
498 23525086
341 90987348
184 25713929
972 24625983
617 50290353
923 48149561
298 10389131
450 7896144
315 16416232
550 14430980
282 69720938
73 70197003
695 29161336
774 35787396
993 67906219
206 23933346
80 82511987
414 43839123
307 10147985
742 10446272
379 33552542
718 57840859
132 37445264
842 56209330
998 76924837
33 75139374
846 99033220
991 82438750
770 59224437
465 86148077
311 10775721
