52 100 73 33 84 56 76 42 0
128 37 32 85 0
31 22 24 59 64 53 61 87 20 96 36 33 43 100 35 53 82 38 4 6 22 0
161 198 129 64 77 165 96 162 62 178 83 185 0
98 89 96 84 8 44 20 93 86 71 79 0
152 168 193 109 141 179 69 90 59 84 167 175 179 128 36 0
10 72 43 8 13 91 43 72 0
14 164 123 184 94 12 87 61 156 195 2 0
63 91 45 47 57 19 77 84 7 0
146 30 179 5 42 121 47 114 106 61 0
28 96 23 91 0
135 146 77 136 32 92 179 128 0
35 98 18 71 56 2 68 86 33 72 79 53 70 44 11 0
173 90 78 47 81 160 181 0
88 17 61 0
95 88 172 81 86 190 0
41 43 22 0
75 93 57 0
15 100 90 96 24 0
73 170 111 184 151 41 0
19 1 54 65 41 26 97 78 15 52 70 57 73 100 84 18 56 15 32 7 56 27 0
86 100 152 197 83 54 0
6 72 41 12 88 33 37 85 10 3 36 32 59 60 0
194 177 138 108 8 44 0
87 26 49 86 30 97 20 83 37 78 7 77 89 0
162 25 78 171 127 65 54 37 125 84 183 53 21 42 61 17 157 47 42 0
84 23 5 55 6 41 32 0
69 20 5 30 196 35 153 74 99 6 63 175 0
45 28 62 38 40 78 94 86 72 50 21 94 6 75 51 0
59 162 67 78 119 48 26 153 200 51 3 158 113 130 47 109 109 60 99 148 138 0
85 61 94 5 54 99 31 5 97 89 18 63 19 88 62 96 40 0
46 95 19 111 176 17 19 84 76 117 31 165 0
67 77 54 71 31 4 53 87 52 42 56 0
160 44 128 155 135 189 152 181 159 62 156 127 81 191 2 149 0
19 61 39 95 66 61 77 70 14 15 21 55 23 87 66 66 14 72 52 54 75 33 64 0
140 90 69 131 43 169 103 161 30 194 108 195 0
36 64 67 51 0
73 73 75 190 190 140 61 41 145 36 25 108 0
65 97 92 47 91 60 1 52 89 94 11 36 48 46 51 66 96 87 39 20 13 28 9 52 0
2 48 128 26 155 151 190 103 194 188 94 5 89 197 46 134 0
81 33 4 31 99 52 18 0
171 82 16 132 186 156 133 33 35 158 188 185 0
90 30 39 35 35 27 31 80 13 89 60 45 93 42 43 44 11 31 66 93 47 97 78 2 29 0
37 139 49 173 38 139 103 76 25 189 0
56 68 19 96 79 0
88 72 6 131 83 188 97 175 34 145 4 36 126 0
24 64 62 48 53 52 50 80 76 90 34 83 9 0
179 39 0
18 11 24 1 93 11 49 19 45 93 22 32 18 86 7 81 47 0
85 150 56 165 0
45 98 60 0
102 90 192 20 0
54 43 8 46 5 8 16 49 0
37 32 170 23 138 2 121 192 87 71 47 51 48 91 200 159 196 101 49 140 72 108 193 14 67 0
19 74 6 19 25 95 51 94 69 88 48 89 31 34 59 77 0
58 120 183 169 67 36 17 6 107 0
51 0
94 141 43 19 198 161 143 92 63 189 160 103 36 149 133 169 159 162 104 169 33 86 137 0
73 5 5 32 32 55 4 25 47 46 43 44 58 37 88 73 25 47 27 12 47 59 32 58 0
135 78 104 173 14 3 197 70 59 128 1 65 131 25 11 128 19 154 38 155 141 162 0
40 88 43 38 98 75 95 0
61 72 25 185 37 27 182 106 37 109 106 101 192 82 111 119 100 17 108 7 0
69 38 100 56 80 38 54 6 32 0
119 156 99 103 144 78 36 50 114 145 107 167 136 141 29 6 40 197 114 46 106 182 35 157 190 0
94 95 72 78 69 42 85 19 97 28 96 32 77 62 76 36 28 0
76 108 21 115 105 134 113 10 67 99 118 8 65 0
2 89 89 22 30 25 41 26 52 88 10 29 0
137 16 128 200 91 36 172 157 92 105 21 53 123 120 170 83 184 181 184 72 121 6 54 145 0
31 97 85 40 77 86 77 92 13 28 34 100 99 90 91 55 11 95 29 30 65 11 13 0
47 37 118 52 90 14 49 120 162 85 112 38 170 88 81 135 167 14 134 17 0
77 23 66 71 0
195 0
14 59 32 60 95 1 63 36 14 63 8 76 0
19 165 117 58 198 51 24 11 136 192 66 64 114 31 87 16 177 173 29 88 56 40 0
56 54 70 22 16 77 49 15 47 0
83 4 110 133 179 73 20 170 90 36 35 73 74 0
1 46 31 88 54 22 22 61 76 91 82 91 19 30 57 65 95 39 20 56 23 98 80 43 19 0
130 153 94 3 154 94 200 136 182 53 158 55 114 33 197 147 175 115 129 132 131 175 0
2 30 45 99 62 39 17 83 68 21 28 70 74 21 21 62 54 74 19 8 39 3 0
85 29 70 165 0
52 39 34 53 21 78 3 82 16 71 16 35 0
43 56 17 63 76 178 169 101 48 128 39 102 84 76 130 105 0
94 57 79 27 61 99 56 64 32 23 86 47 57 77 89 0
145 3 139 74 171 40 121 51 78 22 134 105 103 38 0
96 94 23 74 7 73 81 22 56 3 7 2 11 35 42 74 31 96 65 4 0
56 176 69 85 149 2 190 52 39 134 99 85 8 173 143 32 5 164 87 0
22 40 70 57 33 96 39 28 0
143 46 167 70 114 51 19 67 40 22 106 125 0
42 32 44 84 63 49 47 1 8 68 92 77 76 24 24 67 52 35 61 49 0
130 15 4 0
81 95 69 38 20 41 79 3 84 62 18 32 60 18 39 80 10 68 7 85 43 73 36 0
33 37 82 0
51 85 62 31 32 83 69 3 23 47 5 6 61 0
38 20 92 28 99 153 95 106 89 38 78 177 167 63 13 48 25 63 85 86 145 68 20 165 0
42 64 74 48 24 48 37 95 91 64 46 95 11 51 83 100 80 59 18 42 0
117 118 37 1 156 182 68 175 146 189 17 161 15 116 84 62 52 131 104 167 76 50 129 0
84 80 9 0
197 3 117 114 120 154 66 27 87 86 2 184 74 170 145 88 37 180 101 40 0
56 6 37 5 87 14 41 66 23 35 0
125 51 28 196 156 45 23 42 130 176 26 156 97 0
95 33 1 48 72 63 3 29 99 60 15 13 100 33 87 34 47 63 36 74 58 44 0
32 85 152 7 62 107 55 135 53 187 36 100 110 150 103 39 48 14 5 112 0
37 98 98 83 60 85 8 70 28 78 1 65 29 0
78 87 166 13 139 153 200 39 14 149 0
52 48 58 9 60 22 45 9 71 80 21 55 39 90 35 16 42 51 0
53 80 182 19 92 121 123 43 111 136 143 155 140 91 12 100 102 33 196 10 55 0
30 9 66 71 95 81 13 45 77 17 25 10 87 68 30 9 63 92 97 5 98 88 47 9 39 0
93 34 158 147 61 187 8 126 158 54 58 22 199 134 90 175 96 177 194 177 137 56 169 0
13 66 72 59 27 62 7 71 96 64 0
8 102 77 133 11 130 142 32 80 76 122 6 123 50 200 99 186 7 67 171 0
85 94 78 11 56 84 33 3 99 2 10 100 30 94 11 12 35 42 43 0
15 149 184 16 148 83 2 106 101 124 125 185 0
2 47 24 37 32 78 35 33 87 34 15 32 96 26 67 38 68 0
104 16 16 120 115 0
73 73 50 96 97 35 64 50 33 40 86 64 17 72 49 56 57 63 87 53 88 5 42 0
185 97 175 200 16 41 49 0
13 98 35 9 84 51 10 69 90 47 32 6 18 32 61 0
194 100 0
33 4 20 92 0
16 66 91 184 106 91 175 71 89 10 179 124 160 41 192 0
87 76 6 57 7 67 83 53 66 61 37 21 32 28 61 99 45 3 34 3 94 9 73 34 0
3 157 29 43 149 29 30 176 34 186 134 52 20 38 169 180 75 90 0
2 2 61 99 56 95 1 49 3 73 82 72 75 0
52 170 39 32 151 166 17 88 99 69 107 137 189 38 0
30 100 16 83 60 14 39 6 14 87 60 38 21 0
165 11 34 134 1 65 0
66 82 23 16 2 29 4 90 66 66 20 0
182 2 176 195 192 134 61 179 93 98 51 76 14 61 109 147 61 0
82 26 55 56 93 56 36 97 97 1 14 68 69 95 22 97 42 13 30 54 43 22 3 93 0
117 5 158 15 65 131 149 42 137 4 35 44 40 83 40 92 196 108 161 43 81 157 0
93 38 89 36 11 91 80 60 7 0
17 74 1 147 22 43 83 177 29 78 0
11 17 60 6 76 72 48 56 80 83 1 17 71 88 79 14 0
138 120 3 154 145 4 100 166 46 134 143 74 163 110 136 32 121 0
7 92 41 15 71 75 15 39 98 2 18 11 20 55 82 23 61 27 0
12 0
23 98 86 48 60 48 83 91 68 75 50 12 67 64 34 94 30 73 91 0
42 53 102 48 34 124 0
12 1 20 56 23 17 93 22 0
92 104 19 0
31 68 71 97 83 4 90 12 28 32 0
121 184 195 169 170 71 128 33 171 99 188 46 167 33 167 95 124 23 65 0
53 32 57 1 66 13 43 77 92 26 0
113 62 16 33 31 86 160 63 9 59 3 6 25 35 124 71 110 146 135 45 0
18 53 3 83 65 45 11 57 22 32 69 83 48 53 13 85 12 28 45 22 30 50 99 16 74 0
77 171 56 121 73 25 26 75 160 90 71 22 98 192 154 18 175 53 170 0
89 82 66 34 55 47 83 53 14 8 74 91 79 81 0
103 5 88 177 116 130 199 138 27 190 91 45 116 0
14 55 83 47 72 16 2 71 51 54 36 58 79 26 88 59 41 90 16 28 0
31 109 16 168 136 158 10 180 73 104 145 79 187 192 3 154 193 25 0
98 60 14 77 0
53 87 178 143 2 157 112 33 66 128 152 0
37 0
132 109 65 28 140 3 19 94 157 163 118 112 0
77 77 41 14 30 27 91 24 81 48 35 65 13 0
16 65 150 177 148 11 42 175 150 44 146 43 152 60 0
16 72 88 92 64 2 73 91 92 96 23 39 0
187 103 44 2 167 194 0
66 56 72 41 0
167 138 99 119 197 0
86 21 49 77 84 50 50 26 94 97 48 84 0
186 87 0
40 5 68 18 71 23 41 11 79 7 100 29 77 96 90 62 68 90 91 52 92 92 77 0
88 77 20 67 62 106 89 153 111 8 0
81 30 62 43 60 21 42 40 49 89 29 11 57 70 53 8 61 44 36 97 83 64 0
49 78 122 89 30 184 96 52 116 177 113 158 188 85 151 27 134 0
7 96 96 77 48 55 37 43 42 86 25 6 2 26 83 0
14 112 59 62 163 174 38 28 84 26 112 34 52 197 173 59 92 120 87 139 74 123 81 16 60 0
73 61 83 55 36 96 18 46 0
33 119 147 12 154 124 75 0
75 72 12 85 63 84 23 54 9 98 34 76 57 0
148 18 125 154 105 173 72 50 81 56 120 27 67 74 150 141 13 77 0
24 13 27 7 36 80 68 33 65 43 89 8 0
106 32 144 10 156 15 11 37 70 131 63 88 4 165 29 16 0
92 91 53 18 50 40 97 17 72 62 59 61 69 1 18 52 0
80 8 111 90 44 133 20 58 20 175 174 200 142 14 192 185 19 61 134 58 0
2 82 71 12 94 91 65 11 94 61 0
53 71 32 48 155 51 106 127 178 79 126 119 45 69 103 15 82 0
24 91 41 57 13 5 50 55 69 13 48 29 54 0
151 0
100 6 88 57 32 65 88 9 35 32 0
138 98 11 77 121 0
18 0
13 22 179 0
42 91 66 70 45 18 72 81 18 77 68 26 60 84 13 69 19 0
98 108 193 60 184 66 60 53 95 24 26 73 42 167 16 7 188 160 77 160 192 0
88 60 71 48 95 84 68 13 79 17 72 24 76 56 89 87 60 83 10 86 7 0
52 122 109 0
33 37 3 25 82 90 36 5 89 30 88 8 95 18 76 18 41 0
25 29 41 0
63 50 70 22 52 73 95 13 16 28 0
18 0
35 60 91 39 0
172 78 108 118 195 35 136 36 38 160 16 78 196 31 180 165 152 183 90 146 47 157 125 200 175 0
34 86 70 72 85 0
49 144 159 195 179 94 30 168 6 198 197 1 28 128 118 179 63 0
76 61 15 53 60 41 32 93 26 0
16 63 0
16 6 53 11 36 99 40 55 4 37 4 56 16 31 25 94 45 83 0
6 198 174 65 190 5 110 16 58 77 78 200 93 35 5 103 171 103 94 177 158 83 0
