1
10 10 10 10 10 10 10 10 10 10 10
9
19 18 13 8 1 8 6 16 13 6 8 17 5 18 5 3 5 4 12 1
2 7 12
8 4 12 8 7 1 15 5 10
9 9 17 4 8 15 20 12 20 7
0
2 5 5
1 1
0
18 13 4 8 16 12 3 7 19 1 7 5 6 9 9 6 17 12 6
1
14 17 10 10 5 6 6 1 4 18 1 5 10 16 5
5
5 19 3 17 20 9
5 17 9 10 2 6
2 7 16
17 16 18 17 12 3 14 13 18 11 5 2 12 20 18 8 6 17
18 2 8 10 15 4 19 16 17 4 1 16 11 8 11 8 4 2 2
7
0
6 19 10 13 10 9 10
17 6 18 6 20 17 7 14 12 5 2 9 20 2 16 11 9 6
5 12 19 4 20 5
10 18 6 14 19 15 16 15 12 5 12
10 14 18 5 5 15 18 13 6 19 20
9 7 17 18 10 16 1 1 12 14
10
8 20 8 3 7 14 7 11 17
18 16 6 13 1 20 10 5 6 8 5 13 6 1 2 15 16 14 7
18 8 16 8 7 3 2 13 8 8 15 4 17 11 10 9 3 1 19
8 18 6 11 3 12 12 4 18
14 10 17 10 17 12 9 15 7 10 7 14 10 13 10
16 15 11 14 17 11 12 16 1 10 6 3 13 9 18 2 20
15 18 9 3 10 17 17 8 18 15 13 19 20 2 4 14
5 10 3 3 13 18
6 14 3 17 6 4 14
19 3 1 17 11 15 18 19 12 5 16 18 18 7 17 19 10 11 3 11
5
13 16 2 19 9 16 7 15 19 20 14 1 12 10
1 7
2 13 10
3 1 7 1
19 16 12 8 18 14 19 2 10 14 3 20 2 18 18 8 17 17 1 9
1
17 12 19 2 4 8 5 16 6 18 2 1 1 10 18 6 8 19
7
8 1 18 6 11 15 14 7 3
3 7 3 20
0
17 1 14 20 18 9 6 7 3 18 7 12 16 4 11 6 10 15
18 7 20 9 1 5 7 15 3 13 18 2 3 10 3 8 10 12 8
2 18 10
1 4
3
19 7 3 17 8 17 15 14 9 15 6 13 13 20 7 5 9 9 19 19
6 18 8 14 18 14 11
7 17 6 12 16 4 6 4
1
20 18 16 3 4 1 7 16 12 14 20 1 14 11 11 16 20 18 9 17 3
0
