666
10 16 2
0.03 0.09 0.15 0.20 0.11 0.21 0.55 0.27 0.20 1.00 0 4 5
0 7 10
0 8 5
1 7 5
1 8 10
2 3 1
2 4 10
2 10 2
3 5 4
3 8 8
3 10 6
4 10 5
5 7 10
5 9 1
6 7 7
6 8 4
8 6 13
0.65 0.03 0.82 0.91 0.09 0.67 0.50 0.42 0 6 2
1 3 1
1 7 3
3 7 10
3 8 3
6 7 6
7 4 11
0.96 0.92 0.39 0.04 0.24 0.90 0.46 0 1 9
2 6 8
5 6 8
5 7 3
6 6 2
1.00 0.16 0.52 0.96 0.13 0.23 0 1 7
0 3 9
0 4 6
1 4 9
4 5 2
4 6 10
7 10 6
0.64 0.56 0.90 0.49 0.53 0.06 0.30 0 1 9
0 6 4
0 7 4
1 3 1
1 5 4
2 6 6
3 4 5
3 7 1
4 6 4
5 7 6
10 3 2
0.06 0.90 0.92 0.83 0.88 0.93 0.41 0.77 0.40 0.71 1 6 3
2 5 4
3 6 9
5 5 19
0.89 0.01 0.10 0.75 0.18 0 2 9
1 3 6
1 4 5
1 5 1
4 5 1
4 7 7
0.75 0.73 0.74 0.08 0 2 2
0 3 1
0 4 7
1 2 10
1 3 8
1 4 1
3 4 2
10 4 14
0.65 0.22 0.60 0.56 0.21 0.68 0.48 0.49 0.26 0.76 0 6 4
1 10 9
3 4 7
8 10 4
7 9 16
0.46 0.52 0.27 0.75 0.30 0.57 0.90 0 1 5
0 2 6
2 4 9
2 5 10
2 7 1
3 6 1
4 5 7
4 6 1
5 6 4
9 9 11
0.25 0.40 0.89 0.56 0.46 0.34 0.61 0.30 0.33 1 4 10
3 5 10
3 6 7
3 7 10
3 9 3
4 6 10
4 7 10
6 7 7
7 9 3
10 3 3
0.25 0.58 0.72 0.50 0.27 0.72 0.31 0.18 0.79 0.86 0 10 7
2 4 7
3 4 5
2 3 4
0.06 0.75 0 1 10
0 2 10
1 2 8
10 12 5
0.68 0.07 0.39 0.08 0.33 0.40 0.04 0.52 0.20 0.74 0 5 6
1 4 8
1 6 6
1 10 3
2 9 7
2 10 10
3 7 7
3 10 9
4 6 4
5 6 7
5 9 2
7 9 8
7 3 15
0.49 0.79 0.67 0.68 0.65 0.63 0.01 1 3 10
1 7 2
6 7 9
8 14 6
0.79 0.48 0.08 0.84 0.25 0.72 0.82 0.23 0 2 6
0 3 6
0 5 4
0 6 9
0 8 3
1 2 2
1 3 1
1 6 9
2 3 4
2 8 3
3 5 6
5 6 4
6 7 2
6 8 10
2 3 15
0.78 0.84 0 1 8
0 2 1
1 2 9
7 13 8
0.74 0.03 1.00 0.62 0.16 0.62 0.23 0 2 5
0 4 2
1 2 8
1 5 7
1 7 1
2 3 2
2 5 5
2 6 6
2 7 3
3 4 5
4 6 5
4 7 6
6 7 9
4 1 17
0.53 0.06 0.97 0.67 0 2 7
1 1 18
0.00 0 1 5
8 5 15
0.56 0.10 0.21 0.25 0.94 0.60 0.06 0.49 2 3 2
3 6 3
4 5 9
4 7 7
4 8 7
8 7 19
0.22 0.78 0.86 0.15 0.37 0.93 0.30 0.00 0 6 1
0 7 9
1 3 1
1 5 7
1 7 1
2 3 2
3 5 8
4 6 14
0.16 0.09 0.43 0.13 0 1 3
0 2 4
0 3 5
0 4 2
2 3 4
2 4 2
9 1 17
0.68 0.01 0.34 0.90 0.42 0.21 0.41 0.43 0.76 6 9 5
9 10 20
0.52 0.66 0.39 0.49 0.64 0.77 0.49 0.43 0.92 0 8 5
0 9 7
1 8 3
2 4 7
2 5 5
2 8 7
2 9 2
4 7 4
7 8 3
8 9 10
8 13 20
0.64 0.92 0.86 0.07 0.34 0.66 0.41 0.73 0 2 5
0 8 8
1 2 3
1 5 10
2 6 4
2 8 3
3 8 7
4 5 3
4 6 7
5 6 6
5 8 4
6 8 2
7 8 4
6 11 2
0.29 0.28 0.15 0.85 0.42 0.77 0 1 6
0 5 3
1 2 4
1 3 3
1 5 3
1 6 2
2 3 10
2 4 4
2 5 4
3 4 10
5 6 10
3 6 9
0.41 0.13 0.15 0 1 6
0 2 1
0 3 5
1 2 7
1 3 1
2 3 2
7 5 14
0.47 0.68 0.42 0.14 0.03 0.54 0.68 0 1 8
1 4 2
2 4 7
3 7 3
5 7 2
1 1 4
0.93 0 1 3
5 10 4
0.40 0.96 0.06 0.68 0.75 0 1 4
0 2 10
0 3 2
0 4 9
1 2 6
1 4 3
2 3 3
2 4 8
3 4 2
3 5 3
8 13 12
0.98 0.53 0.07 0.46 0.10 0.62 0.29 0.08 1 2 9
1 3 3
1 7 2
1 8 1
2 5 4
3 5 8
3 6 9
3 7 3
4 6 5
4 8 8
6 7 3
6 8 9
7 8 1
2 2 13
0.15 0.21 0 2 4
1 2 9
1 1 3
0.11 0 1 1
4 9 14
0.83 0.78 0.36 0.25 0 1 8
0 2 6
0 3 1
0 4 3
1 2 2
1 3 1
1 4 6
2 3 3
2 4 8
6 9 1
0.98 0.79 0.87 0.39 0.38 0.02 0 1 7
0 2 9
1 2 7
1 4 10
1 6 7
2 4 7
2 5 8
3 4 6
4 6 5
6 6 20
0.45 0.30 0.91 0.13 0.70 0.30 0 1 10
0 4 9
0 5 6
1 4 7
2 5 1
4 5 5
6 2 15
0.70 0.86 0.48 0.87 0.76 0.27 0 6 2
3 4 9
1 1 13
0.25 0 1 6
4 2 16
0.66 0.79 0.25 0.62 0 1 8
0 4 5
8 6 19
0.36 0.36 0.71 0.01 0.14 0.97 0.63 0.05 0 7 7
1 6 9
2 6 7
5 6 3
5 8 4
6 7 6
10 6 8
0.77 0.21 0.55 0.48 0.76 0.75 0.82 0.08 0.52 0.04 0 9 9
1 10 8
2 3 6
2 6 7
2 7 7
4 6 2
5 3 15
0.07 0.58 0.49 0.00 0.79 0 4 2
1 2 2
1 5 9
1 1 3
0.01 0 1 2
8 11 7
0.71 0.54 0.76 0.58 0.49 0.32 0.26 0.74 0 1 7
0 3 4
0 6 1
1 5 8
1 7 3
1 8 10
2 3 9
2 4 7
4 8 10
6 7 7
6 8 9
7 10 5
0.61 0.05 0.91 0.82 0.51 0.27 0.25 0 6 9
1 3 5
1 4 4
1 7 9
2 4 8
2 6 6
2 7 7
3 4 8
4 5 3
4 6 7
6 8 13
0.24 0.48 0.68 0.29 0.54 0.86 0 1 2
0 4 4
0 5 9
0 6 4
1 2 7
2 5 6
2 6 1
5 6 5
10 14 8
0.71 0.26 0.12 0.33 0.36 0.63 0.19 0.84 0.23 0.65 0 5 6
0 9 2
1 2 10
1 5 6
3 9 5
4 8 7
4 9 5
5 8 2
5 9 2
6 7 9
6 8 9
6 9 1
7 9 2
8 9 1
5 6 7
0.29 0.09 0.78 0.22 0.97 0 1 1
0 2 5
0 5 8
1 4 6
2 3 6
3 5 8
10 2 7
0.53 0.58 0.78 0.72 0.45 0.79 0.41 0.22 0.45 0.68 3 9 3
7 10 9
4 9 14
0.21 0.80 0.36 0.18 0 1 1
0 2 3
0 3 7
0 4 6
1 3 8
1 4 10
2 3 9
2 4 4
3 4 10
5 8 11
0.94 0.74 0.47 0.93 0.65 0 1 7
0 4 7
0 5 5
1 2 4
1 4 3
1 5 1
2 3 3
3 4 9
7 2 20
0.41 0.26 0.81 0.31 0.12 1.00 0.66 2 5 6
3 5 2
4 7 13
0.03 0.84 0.87 0.13 0 1 4
0 2 9
0 3 10
0 4 6
1 3 3
2 4 4
3 4 9
4 6 11
0.25 0.19 0.86 0.73 0 1 4
0 3 2
0 4 4
1 3 6
2 3 7
3 4 2
4 6 14
0.17 0.89 0.66 0.81 0 1 8
0 2 6
0 3 3
1 2 9
1 3 3
2 4 8
9 12 8
0.23 0.73 0.31 0.92 0.86 0.01 0.15 0.42 0.59 0 1 8
0 3 3
0 6 3
0 9 8
1 3 10
1 8 6
1 9 10
2 9 2
3 9 9
4 5 7
4 8 1
6 7 4
1 1 16
0.67 0 1 8
10 2 3
0.33 0.17 0.57 0.30 0.33 0.28 0.76 0.70 0.72 0.98 1 3 10
1 4 4
6 10 20
0.76 0.25 0.89 0.15 0.74 0.57 0 3 7
0 4 9
0 5 10
1 2 7
1 4 6
2 3 4
2 4 2
2 5 2
4 6 10
5 6 9
10 10 12
0.53 0.59 0.74 0.38 0.90 0.14 0.39 0.12 0.88 0.46 0 2 1
0 3 4
0 4 8
0 8 6
1 3 2
1 4 3
1 5 8
1 6 7
1 10 10
6 9 9
4 6 1
0.44 0.05 0.01 0.32 0 3 4
0 4 3
1 3 7
1 4 8
2 3 5
2 4 4
6 9 16
0.51 0.05 0.36 0.37 0.99 0.50 0 1 3
0 2 3
0 3 7
0 6 2
1 3 10
1 6 4
3 4 6
3 5 8
4 6 2
7 10 12
0.46 0.13 0.48 0.15 0.32 0.68 0.86 0 3 9
0 4 5
0 6 5
1 2 4
1 4 5
2 5 6
2 7 1
3 5 3
3 6 9
4 7 2
10 12 11
0.92 0.69 0.02 0.70 0.86 0.74 0.70 0.82 0.66 0.33 0 1 2
1 3 7
1 5 4
1 8 3
2 3 4
2 4 10
2 8 4
3 9 4
3 10 1
4 5 4
5 8 7
6 10 9
10 9 20
0.85 0.14 0.69 1.00 0.73 0.95 0.44 0.12 0.78 0.59 1 6 4
3 6 7
3 8 7
5 9 7
6 8 8
6 9 10
6 10 6
7 8 2
9 10 5
2 3 18
0.35 0.22 0 1 2
0 2 8
1 2 2
6 10 15
0.14 0.70 0.61 0.89 0.54 0.22 0 5 10
1 2 3
1 4 2
1 6 7
2 4 7
2 6 9
3 6 8
4 5 7
4 6 4
5 6 1
7 1 11
0.15 0.73 0.95 0.11 0.46 0.83 0.40 1 6 1
3 1 8
0.86 0.01 0.39 0 2 1
8 2 7
0.82 0.21 0.79 0.97 0.94 0.73 0.07 0.40 1 2 4
3 5 6
10 8 1
0.59 0.97 0.62 0.50 0.04 0.98 0.79 0.43 0.11 0.60 0 10 9
1 2 5
1 8 9
2 3 3
2 6 10
3 9 2
4 7 4
8 10 2
9 7 20
0.64 0.37 0.96 0.90 0.86 0.92 0.70 0.96 0.35 2 4 5
2 7 8
3 5 1
3 6 2
4 6 10
7 9 9
8 9 7
4 5 16
0.63 0.82 0.20 0.24 0 1 5
0 4 3
1 4 1
2 3 5
3 4 5
9 14 1
0.03 0.48 0.07 0.75 0.95 0.87 0.32 1.00 0.36 0 1 1
0 2 8
0 5 9
1 4 5
1 6 6
1 7 9
1 8 9
1 9 6
2 4 3
2 7 10
3 7 1
3 9 1
4 5 1
5 7 6
7 2 3
0.59 0.53 0.97 0.51 0.99 0.38 0.29 0 7 1
6 7 9
10 1 15
0.98 0.72 0.71 0.38 0.66 0.57 0.70 0.32 0.60 0.99 1 10 8
2 2 1
0.42 0.27 0 2 10
1 2 2
10 6 17
0.20 0.36 0.25 0.15 0.55 0.67 0.42 0.98 0.10 0.67 0 6 10
1 5 9
2 4 3
3 8 8
4 5 2
6 7 2
9 5 9
0.40 0.18 0.89 0.21 0.39 0.21 0.29 0.37 0.99 0 1 6
2 5 3
3 8 5
4 6 3
5 9 10
1 1 4
0.94 0 1 2
4 8 17
0.20 0.43 0.22 0.39 0 1 10
0 3 7
0 4 2
1 2 6
1 3 10
1 4 5
2 4 2
3 4 1
10 11 13
0.13 0.00 0.66 0.41 0.04 0.75 0.15 0.14 0.16 0.82 0 1 7
0 6 3
0 9 10
1 5 5
2 5 10
3 6 9
3 7 9
3 10 3
4 9 2
6 9 2
7 10 4
4 4 8
0.54 0.20 0.05 0.35 0 2 8
1 3 6
2 4 10
3 4 8
10 3 15
0.07 0.52 0.59 0.88 0.02 0.19 0.15 0.10 0.60 0.15 0 8 3
0 9 1
1 8 3
8 10 12
0.29 0.44 0.24 0.69 0.51 0.20 0.76 0.98 0 4 1
0 7 1
1 5 5
2 7 6
2 8 6
3 5 10
3 7 10
3 8 1
4 5 8
5 8 9
1 1 8
0.82 0 1 7
2 2 9
0.05 0.14 0 2 7
1 2 1
7 11 18
0.51 0.65 0.49 0.58 0.15 0.33 0.36 0 1 7
0 2 5
1 3 1
1 6 3
2 6 4
2 7 4
3 4 7
3 5 2
3 6 2
4 6 2
6 7 6
9 4 9
0.07 0.62 0.82 0.65 0.43 0.82 0.67 0.91 0.31 0 1 1
3 7 8
3 8 8
7 8 6
1 1 11
0.97 0 1 7
5 10 3
0.71 0.25 0.03 0.08 0.86 0 1 8
0 2 5
0 3 10
0 5 2
1 3 6
1 4 10
1 5 9
2 3 1
2 5 7
3 4 1
7 12 1
0.14 0.90 0.65 0.65 0.25 0.84 0.78 0 1 2
0 2 10
0 3 3
0 5 7
0 6 3
1 7 7
2 3 2
2 5 1
2 6 6
2 7 3
4 7 8
5 6 1
6 12 13
0.42 0.57 0.77 0.30 0.87 0.76 0 5 5
0 6 2
1 2 8
1 3 4
1 6 10
2 4 10
2 5 5
2 6 9
3 4 5
3 5 6
3 6 6
5 6 10
9 11 7
0.83 0.54 0.93 0.82 0.73 0.16 0.05 0.34 0.56 0 2 9
0 5 7
0 9 5
1 4 2
1 6 9
1 7 3
2 4 5
2 8 8
4 7 6
4 8 8
6 8 4
9 13 6
0.43 0.80 0.00 0.39 0.46 0.86 0.34 0.61 0.73 0 1 5
0 9 5
1 3 1
1 6 5
1 8 3
2 9 5
3 6 10
4 6 5
4 8 7
6 7 3
6 9 2
7 9 1
8 9 3
4 5 14
0.97 0.79 0.84 0.68 0 2 8
0 3 3
1 3 4
1 4 4
2 3 4
6 3 12
0.21 0.17 0.50 0.25 0.86 0.63 3 4 1
3 5 9
5 6 2
3 5 12
0.77 0.29 0.92 0 1 8
0 2 5
1 2 1
1 3 8
2 3 7
7 10 15
0.40 0.61 0.31 0.65 0.81 0.98 0.67 0 2 1
0 7 3
1 2 8
1 6 3
1 7 10
3 4 3
3 5 7
4 7 4
5 7 2
6 7 6
8 1 19
0.94 0.00 0.38 0.47 0.55 0.45 0.31 0.74 0 7 1
4 6 6
0.48 0.64 0.33 0.56 0 1 9
0 3 1
0 4 6
1 2 8
1 4 5
2 3 8
4 0 20
0.88 0.50 0.86 0.11 4 3 5
0.97 0.21 0.94 0.78 0 2 6
0 3 1
2 3 8
2 2 1
0.48 0.96 0 1 6
1 2 8
4 7 10
0.17 0.77 0.70 1.00 0 1 3
0 2 6
1 3 9
1 4 5
2 3 5
2 4 8
3 4 2
3 3 10
0.71 0.19 0.90 0 1 6
0 3 6
1 2 4
3 4 16
0.43 0.07 0.15 0 1 1
0 2 3
0 3 3
2 3 1
10 4 8
0.28 0.72 0.98 0.56 0.87 0.84 0.50 0.33 0.90 0.37 1 2 4
1 7 5
2 7 2
3 6 2
4 8 3
0.97 0.09 0.02 0.32 0 1 5
0 4 3
1 2 1
1 3 8
1 4 6
2 3 2
2 4 6
3 4 8
10 3 15
0.43 0.21 0.68 0.71 0.97 0.80 0.63 0.25 0.48 0.53 0 1 10
0 9 6
1 3 4
8 1 5
0.89 0.30 0.26 0.54 0.68 0.15 0.45 0.07 4 5 4
2 1 10
0.68 0.83 0 1 10
1 1 12
0.64 0 1 6
6 9 15
0.20 0.05 0.35 0.07 0.51 0.13 0 5 8
0 6 4
1 2 7
1 3 9
1 6 3
3 4 9
3 5 1
3 6 8
4 6 2
4 7 13
0.67 0.68 0.01 0.23 0 1 4
0 3 4
0 4 8
1 2 7
1 4 8
2 3 8
2 4 8
10 3 12
0.70 0.88 0.48 0.28 0.79 0.00 0.45 0.53 0.77 0.02 1 10 4
2 5 4
3 8 5
3 6 9
0.66 0.51 0.73 0 1 4
0 2 2
0 3 5
1 2 5
1 3 2
2 3 5
4 5 13
0.65 0.10 0.04 0.59 0 1 7
0 3 4
1 2 5
2 3 6
3 4 10
8 2 1
0.52 0.67 0.09 0.59 0.70 0.33 0.01 0.44 3 7 2
5 7 7
3 5 13
0.75 0.93 0.60 0 2 7
0 3 10
1 2 6
1 3 10
2 3 3
8 13 17
0.58 0.92 0.24 0.21 0.81 0.54 0.85 0.38 0 2 2
0 3 7
0 4 1
0 7 6
1 3 4
1 6 10
1 7 7
2 5 5
3 5 3
3 7 6
4 6 8
6 8 10
7 8 3
10 2 2
0.75 0.50 0.96 0.73 0.07 0.30 0.77 0.21 0.22 0.93 1 2 7
3 6 7
7 4 12
0.67 0.29 0.80 0.65 0.44 0.09 0.05 0 4 8
1 5 7
1 7 5
2 4 6
6 6 2
0.67 0.87 0.83 0.11 0.54 0.83 1 2 7
1 5 5
1 6 10
2 4 7
2 5 7
3 5 3
5 7 13
0.80 0.56 0.51 0.97 0.16 0 2 4
0 4 5
1 3 10
1 5 8
2 4 7
2 5 6
3 5 10
7 6 12
0.26 0.19 0.09 0.48 0.36 0.05 0.30 0 2 4
0 4 5
0 7 4
2 3 6
2 4 8
3 7 9
2 3 4
1.00 0.49 0 1 3
0 2 10
1 2 4
10 15 1
0.19 0.25 0.48 0.98 0.17 0.29 0.02 0.48 0.68 0.28 0 4 4
0 6 10
1 3 3
1 6 10
1 9 9
2 4 6
2 8 5
3 6 9
3 8 3
4 8 9
4 9 1
6 8 9
6 10 2
7 9 2
8 10 9
3 5 8
0.76 0.97 0.96 0 1 6
0 2 5
1 2 9
1 3 7
2 3 9
7 8 9
0.94 0.66 0.82 0.62 0.09 0.26 0.73 0 1 6
0 4 5
1 2 8
1 7 5
2 3 3
2 7 3
3 4 9
5 7 10
3 4 2
0.83 0.65 0.76 0 1 7
0 2 10
0 3 4
1 2 7
1 1 20
0.60 0 1 5
9 7 20
0.99 0.40 0.75 0.24 0.30 0.59 0.16 0.21 0.42 0 9 9
1 2 8
1 7 9
2 4 8
2 5 3
5 8 3
7 8 4
9 1 17
0.10 0.09 0.56 0.63 0.21 0.52 0.95 0.46 0.21 0 7 1
5 1 18
0.35 0.48 0.96 0.94 0.64 1 3 5
10 12 5
0.28 0.86 0.93 0.63 0.86 0.69 0.57 0.16 0.95 0.52 0 1 2
0 3 4
0 6 9
1 5 5
3 8 5
3 10 7
5 8 5
5 9 10
5 10 7
6 7 7
8 9 1
8 10 9
7 2 4
0.57 0.11 0.37 0.86 0.45 0.48 0.13 1 2 5
6 7 4
2 2 18
0.62 0.62 0 2 4
1 2 7
2 3 10
0.27 0.33 0 1 1
0 2 7
1 2 1
1 1 19
0.04 0 1 1
9 5 15
0.10 0.41 0.17 0.53 0.99 0.06 0.63 0.09 0.67 2 4 6
2 5 6
2 9 8
3 9 10
5 9 3
5 9 5
0.46 0.06 0.64 0.82 0.08 0 1 1
0 3 4
0 4 8
0 5 2
1 2 3
1 5 8
2 5 6
3 4 7
3 5 2
5 6 13
0.11 0.30 0.55 0.33 0.10 0 4 2
1 2 6
1 4 10
2 4 1
3 4 4
3 5 9
3 4 7
0.39 0.58 0.17 0 2 3
0 3 3
1 2 4
2 3 8
6 5 9
0.17 0.53 0.75 0.22 0.59 0.32 0 4 8
0 5 6
1 6 10
2 6 7
4 5 7
5 1 11
0.17 0.97 0.57 0.76 0.83 3 4 9
2 3 5
0.90 0.40 0 1 3
0 2 3
1 2 6
5 8 3
0.17 0.74 0.48 0.05 0.23 0 5 2
1 2 10
1 3 10
1 5 5
2 3 7
2 4 5
3 4 9
4 5 5
6 5 8
0.73 0.21 0.96 0.12 0.35 0.67 0 6 7
1 3 8
1 5 6
3 4 9
3 5 8
9 15 16
0.21 0.87 0.56 0.11 0.48 0.17 0.82 0.30 0.35 0 4 7
0 5 1
0 7 4
0 9 8
1 2 5
1 3 1
2 8 10
2 9 7
3 6 6
4 6 1
4 7 8
4 8 8
4 9 10
5 6 2
7 9 6
8 15 7
0.66 0.91 0.18 0.04 0.90 0.35 0.52 0.71 0 1 9
0 3 1
0 4 9
0 6 8
1 2 9
1 3 9
1 4 5
1 6 7
2 4 4
2 7 10
3 6 6
4 6 4
4 8 1
5 7 3
7 8 3
8 15 19
0.72 0.88 0.87 0.70 0.38 0.41 0.53 0.63 0 2 7
0 3 3
0 7 7
0 8 2
1 2 2
1 5 5
1 8 6
2 4 4
2 5 1
3 4 2
3 6 3
4 6 9
6 7 4
6 8 10
7 8 7
1 1 20
0.79 0 1 6
7 3 6
0.81 0.97 0.35 0.57 0.02 0.91 0.88 2 7 7
4 7 1
5 6 9
4 6 6
0.93 0.87 0.85 0.91 0 1 4
0 4 10
1 2 3
1 3 1
1 4 6
2 4 5
8 4 1
0.56 0.24 0.83 0.87 0.40 0.00 0.71 0.15 1 2 10
2 4 8
6 8 1
7 8 5
2 0 7
0.74 0.26 4 7 8
0.60 0.70 0.23 0.79 0 2 2
1 2 2
1 3 2
1 4 6
2 3 10
2 4 8
3 4 9
3 6 11
0.99 0.71 0.14 0 1 10
0 2 8
0 3 6
1 2 1
1 3 1
2 3 7
4 5 19
0.29 0.03 0.91 0.34 0 4 7
1 3 10
1 4 10
2 4 9
3 4 1
9 4 18
0.26 0.87 0.18 0.09 0.00 0.77 0.93 0.79 0.06 0 1 4
1 3 5
3 9 1
4 7 3
6 11 1
0.04 0.75 0.73 0.51 0.88 0.68 0 2 3
0 3 5
0 6 5
1 2 8
1 3 6
1 5 7
2 3 2
2 6 2
3 6 9
4 5 1
5 6 9
9 8 7
0.52 0.42 0.19 0.19 0.02 0.95 0.71 0.30 0.35 0 5 7
1 3 2
2 4 5
3 5 2
3 8 2
4 5 1
5 6 7
5 7 2
1 1 9
0.48 0 1 10
5 2 10
0.12 0.21 0.61 0.98 0.23 0 2 7
2 3 4
2 2 14
0.07 0.67 0 2 8
1 2 7
4 6 3
0.53 0.95 0.34 0.00 0 1 8
0 3 1
0 4 6
2 3 8
2 4 7
3 4 6
4 3 20
0.83 0.89 0.94 0.08 0 2 10
0 4 5
3 4 3
4 5 20
0.84 0.33 0.86 0.44 0 4 10
1 2 1
2 3 10
2 4 6
3 4 4
8 14 12
0.34 0.58 0.99 0.81 0.74 0.03 0.40 0.06 0 5 3
0 6 7
0 7 3
0 8 1
1 7 6
1 8 8
2 7 9
3 4 9
3 7 5
3 8 4
4 5 4
4 6 6
4 8 9
6 8 1
8 12 8
0.56 0.91 0.72 0.95 0.77 0.19 0.19 0.40 0 1 4
0 2 7
0 3 4
0 5 7
1 4 5
1 7 10
2 8 10
3 5 4
3 6 2
3 7 8
3 8 8
6 8 1
7 11 10
0.47 0.19 0.44 0.81 0.12 0.98 0.93 0 3 2
0 4 9
0 5 5
0 6 4
0 7 3
1 6 4
1 7 2
2 4 3
3 6 4
4 7 8
5 7 6
6 9 14
0.51 0.73 0.56 0.25 0.07 0.84 0 2 5
0 3 1
0 4 9
0 6 4
1 5 5
1 6 7
2 4 8
2 6 2
4 6 8
7 11 17
0.46 0.63 0.59 0.68 0.50 0.54 0.00 0 2 6
0 5 9
1 4 7
1 6 2
1 7 10
3 4 4
3 5 8
3 6 6
4 5 8
4 7 8
5 7 4
1 1 10
0.43 0 1 8
10 8 11
0.99 0.96 0.65 0.98 0.16 0.69 0.50 0.94 0.04 0.46 0 4 3
0 9 2
1 4 9
1 6 2
2 5 5
2 6 4
4 7 6
4 8 1
1 0 18
0.75 6 9 6
0.38 0.90 0.47 0.38 0.73 0.88 0 1 4
0 5 10
1 4 7
1 5 2
2 4 1
2 6 9
3 5 3
4 5 5
5 6 10
2 3 4
0.99 0.99 0 1 4
0 2 10
1 2 6
3 5 16
0.61 0.10 0.04 0 1 1
0 2 6
0 3 7
1 3 2
2 3 4
2 3 7
0.61 0.00 0 1 5
0 2 8
1 2 4
2 2 14
1.00 0.97 0 1 7
0 2 1
4 2 16
0.03 0.56 0.02 1.00 0 2 3
3 4 2
10 10 8
0.22 0.25 0.48 0.21 0.42 0.94 0.53 0.43 0.38 0.14 2 4 9
2 6 4
3 9 4
4 5 1
4 8 2
5 10 1
6 7 1
6 8 7
6 9 6
7 9 1
2 1 9
0.99 0.51 0 1 2
8 8 3
0.62 0.00 0.48 0.55 0.65 0.13 0.46 0.72 0 2 4
0 8 5
1 8 3
2 6 6
3 6 5
3 8 4
4 7 4
7 8 4
10 12 17
0.44 0.80 0.62 0.55 0.35 0.60 0.54 0.80 0.77 0.65 0 2 10
0 4 10
0 5 2
0 10 5
1 4 7
1 9 10
1 10 3
3 4 2
3 6 1
3 7 7
5 9 9
8 10 1
5 2 5
0.41 0.35 1.00 0.85 0.90 0 5 7
2 3 6
4 4 13
0.02 0.17 0.21 0.19 0 1 2
0 4 9
1 2 6
3 4 10
3 6 14
0.16 0.09 0.53 0 1 5
0 2 5
0 3 2
1 2 5
1 3 7
2 3 8
5 4 19
0.13 0.43 0.44 0.89 0.01 0 1 5
0 3 7
1 2 8
3 5 9
6 3 19
0.59 0.95 0.31 0.30 0.13 0.11 1 2 3
1 6 7
3 6 6
5 2 11
0.15 0.17 0.11 0.87 0.18 1 4 6
3 5 9
6 5 5
0.68 0.02 1.00 0.86 0.42 0.44 0 1 8
1 5 2
1 6 2
2 3 8
4 6 2
1 0 18
0.30 2 2 18
0.64 0.43 0 1 10
1 2 8
4 1 4
0.48 0.91 0.22 0.18 1 4 10
2 3 5
0.74 1.00 0 1 7
0 2 4
1 2 3
3 2 13
0.31 0.84 0.80 0 3 7
1 2 1
1 1 14
0.48 0 1 8
2 3 15
0.60 0.09 0 1 1
0 2 6
1 2 5
5 9 4
0.24 0.71 0.73 0.81 0.67 0 1 3
0 2 1
0 4 4
0 5 7
1 2 7
1 5 4
3 4 1
3 5 3
4 5 6
3 2 7
0.92 0.78 0.18 0 2 9
2 3 1
10 9 4
0.31 0.56 0.04 0.23 0.29 0.88 0.12 0.30 0.02 0.31 0 2 6
0 3 7
0 4 7
1 5 5
2 6 4
3 4 9
5 9 7
6 7 8
7 10 9
10 2 18
0.97 0.50 0.98 0.61 0.58 0.29 0.39 0.24 0.48 0.34 1 3 8
2 5 4
4 2 2
0.74 0.22 0.64 0.54 1 2 3
2 4 2
9 8 3
0.91 0.61 0.88 0.10 0.89 0.38 0.39 0.92 0.71 0 4 2
1 2 10
2 3 2
2 4 4
2 9 9
3 5 1
3 9 5
7 9 6
2 2 9
0.90 0.69 0 1 4
1 2 6
7 5 17
0.05 0.85 0.61 0.58 0.45 0.50 0.26 1 7 3
2 6 3
3 4 6
3 6 6
4 5 1
2 3 11
0.21 0.05 0 1 3
0 2 10
1 2 4
4 5 5
0.94 0.50 0.55 0.66 0 1 2
0 2 9
0 4 3
1 2 8
2 4 7
4 7 9
0.47 0.78 0.31 0.16 0 3 7
0 4 7
1 2 4
1 3 10
1 4 5
2 3 7
3 4 8
2 3 11
0.25 0.88 0 1 2
0 2 5
1 2 5
6 8 9
0.45 0.55 0.72 0.50 0.78 0.04 0 6 6
1 2 6
2 3 9
2 6 6
3 4 7
3 5 1
4 6 5
5 6 7
3 3 4
0.68 0.39 0.31 0 1 2
0 3 8
2 3 4
7 7 9
0.99 0.89 0.65 0.26 0.83 0.72 0.28 0 3 3
0 6 3
1 5 6
2 3 2
2 4 2
3 5 5
6 7 9
3 5 3
0.67 0.18 1.00 0 1 6
0 2 5
1 2 9
1 3 10
2 3 9
9 6 10
0.22 0.85 0.32 0.06 0.51 0.16 0.73 0.36 0.98 0 5 8
0 9 8
1 7 9
2 8 3
3 6 4
3 8 2
10 7 9
0.48 0.64 0.99 0.31 0.36 0.00 0.28 0.10 0.26 0.66 1 3 5
1 10 7
2 3 8
2 5 6
2 6 2
6 7 5
6 10 2
1 1 15
0.95 0 1 6
10 1 13
0.75 0.94 0.29 0.24 0.09 0.14 0.89 0.90 0.98 0.84 4 7 8
7 8 14
0.63 0.26 0.48 0.55 0.40 0.61 0.72 0 2 9
0 6 10
0 7 6
1 2 8
2 6 8
3 6 6
4 6 8
6 7 2
2 3 1
0.22 0.02 0 1 5
0 2 8
1 2 4
5 9 6
0.50 0.92 0.19 0.53 0.26 0 2 6
0 3 4
0 4 4
1 2 4
2 3 10
2 4 10
3 4 1
3 5 1
4 5 4
2 3 6
0.90 0.77 0 1 3
0 2 3
1 2 3
8 6 4
0.40 0.55 0.80 0.95 0.03 0.87 0.26 0.09 0 1 4
0 8 2
1 4 6
3 5 4
3 7 1
4 6 6
3 4 4
0.68 0.19 0.72 0 2 1
0 3 2
1 3 10
2 3 8
1 1 5
0.10 0 1 6
6 9 3
0.31 0.42 0.68 0.91 0.08 0.41 0 4 10
0 5 6
0 6 4
1 3 3
1 4 5
1 6 1
2 5 10
3 4 6
3 5 1
4 10 10
0.12 0.14 0.69 0.28 0 1 6
0 2 4
0 3 1
0 4 10
1 2 1
1 3 5
1 4 8
2 3 5
2 4 5
3 4 8
1 1 15
0.77 0 1 8
3 5 10
0.35 0.06 0.66 0 1 9
0 2 4
0 3 7
1 2 6
2 3 6
3 2 11
0.75 0.38 0.13 0 2 7
0 3 5
2 3 4
0.10 0.54 0 1 8
0 2 2
1 2 5
7 13 4
0.65 0.69 0.70 0.16 0.79 0.10 0.29 0 1 8
0 5 1
1 5 10
1 6 5
2 6 10
3 4 8
3 5 6
3 6 9
4 5 3
4 7 9
5 6 1
5 7 4
6 7 7
10 4 8
0.37 0.16 0.65 0.02 0.85 0.00 0.18 0.30 0.11 0.13 0 3 7
8 9 9
8 10 3
9 10 9
6 1 5
0.10 0.81 0.40 0.47 0.33 0.08 4 5 2
1 1 14
0.47 0 1 5
2 3 20
0.50 0.19 0 1 9
0 2 5
1 2 7
8 1 4
0.43 0.10 0.62 0.61 0.59 0.69 0.15 0.19 3 6 10
8 5 2
0.26 0.18 0.98 0.17 0.04 0.06 0.94 0.32 1 3 7
2 8 10
3 4 8
4 7 6
5 6 6
10 1 16
0.97 0.75 0.58 0.07 0.24 0.44 0.81 0.44 0.74 0.33 2 7 5
8 17 7
0.97 0.53 0.68 0.58 0.86 0.71 0.03 0.69 0 4 10
0 7 2
0 8 6
1 2 3
1 3 6
1 5 9
2 4 3
2 5 7
2 6 4
2 7 1
3 4 4
3 6 7
4 6 8
5 7 7
6 7 2
6 8 8
7 8 8
6 9 5
0.29 0.82 0.39 0.31 0.84 0.19 0 1 8
0 4 2
0 6 3
1 2 4
1 3 3
2 6 5
3 4 4
4 5 10
5 6 5
7 10 8
0.37 0.44 0.89 0.48 0.63 0.54 0.83 0 2 6
0 4 9
0 5 5
0 6 3
0 7 5
1 6 3
1 7 2
2 3 8
3 6 9
6 7 1
9 17 14
0.14 0.14 0.06 0.83 0.04 0.60 0.71 0.43 0.28 0 2 5
0 4 2
0 9 5
1 3 10
1 7 6
2 4 4
2 8 8
2 9 10
3 4 7
3 5 9
4 5 1
4 7 1
4 8 4
5 6 6
5 8 6
6 8 7
6 9 1
4 7 14
0.20 0.44 0.85 0.15 0 1 9
0 4 2
1 3 9
1 4 8
2 3 8
2 4 10
3 4 3
6 12 8
0.40 0.64 0.98 0.36 0.10 0.46 0 2 8
0 4 9
0 5 1
0 6 10
1 3 10
1 5 9
1 6 1
2 5 5
3 4 1
3 6 6
4 5 9
5 6 2
9 14 16
0.87 0.37 0.63 0.79 0.96 0.59 0.35 0.85 0.57 0 2 7
0 3 5
0 7 6
2 4 3
2 7 3
3 4 3
3 6 3
3 8 2
4 5 2
4 9 7
5 7 2
5 9 6
7 8 4
7 9 2
10 13 4
0.71 0.34 0.84 0.90 0.47 0.24 0.04 0.51 0.00 0.71 0 3 7
0 4 3
1 2 3
2 5 10
2 6 7
3 5 9
3 9 5
4 6 4
4 8 9
5 7 4
5 9 1
6 9 6
7 9 10
8 1 11
0.12 0.81 0.21 0.33 0.70 0.55 0.02 0.27 1 3 9
2 3 5
0.40 0.06 0 1 9
0 2 1
1 2 9
1 1 12
0.46 0 1 4
7 12 10
0.99 0.06 0.76 0.85 0.05 0.15 0.70 0 6 9
1 2 4
1 3 10
1 4 10
1 6 2
1 7 4
2 3 6
2 6 5
3 4 9
3 5 5
3 7 9
4 6 5
2 3 15
0.16 0.06 0 1 9
0 2 5
1 2 7
9 13 7
0.33 0.66 0.16 0.85 0.54 0.83 1.00 0.28 0.86 0 2 9
0 3 7
0 4 4
0 6 9
1 6 10
2 4 6
2 7 10
3 5 6
3 9 7
4 9 1
5 7 6
6 8 10
7 9 7
8 9 15
0.35 0.14 0.86 0.11 0.20 0.36 0.58 0.17 0 3 4
0 7 6
1 4 7
2 7 1
3 4 10
3 6 1
5 7 3
6 7 8
7 8 1
10 9 1
0.67 0.79 0.76 0.40 0.60 0.73 0.91 0.19 0.03 0.75 0 7 8
1 4 1
1 6 4
1 10 9
2 4 3
2 5 10
3 6 7
3 9 10
9 10 3
1 1 1
0.09 0 1 2
7 7 20
0.30 0.50 0.66 0.38 0.48 0.71 0.39 0 2 4
1 6 9
1 7 1
2 7 5
3 4 5
3 6 4
5 6 1
8 12 7
0.05 0.57 0.66 0.81 0.72 0.55 0.77 0.21 0 2 7
0 5 3
1 4 8
1 7 4
1 8 6
2 3 6
2 7 5
2 8 10
3 5 7
4 8 5
5 7 1
5 8 10
7 7 10
0.34 0.25 0.72 0.06 0.13 0.39 0.38 0 6 3
1 3 1
1 7 10
2 4 8
3 6 10
4 5 8
5 7 6
3 5 12
0.80 0.69 0.71 0 1 4
0 2 4
0 3 6
1 2 4
2 3 7
4 6 3
0.23 0.45 0.75 0.77 0 2 4
1 2 4
1 3 5
1 4 7
2 3 1
3 4 9
3 4 5
0.87 0.95 0.30 0 2 2
0 3 6
1 3 7
2 3 8
7 6 4
0.08 0.04 0.10 0.04 0.33 0.27 0.67 1 2 6
1 3 6
1 5 7
1 6 1
2 3 6
4 5 3
1 1 15
0.96 0 1 6
3 5 14
0.94 0.21 0.09 0 1 1
0 2 2
0 3 8
1 3 5
2 3 6
3 4 17
0.10 1.00 0.44 0 1 5
1 2 4
1 3 2
2 3 1
1 1 5
0.73 0 1 3
4 0 15
0.37 0.56 0.74 0.70 3 6 13
0.07 0.18 0.43 0 1 7
0 2 7
0 3 8
1 2 2
1 3 6
2 3 1
1 1 19
0.76 0 1 3
10 4 19
0.51 0.61 0.68 0.43 0.36 0.48 0.09 0.67 0.69 0.36 0 1 7
1 5 7
4 10 4
6 8 4
1 1 6
0.69 0 1 8
2 1 8
0.90 0.14 1 2 6
9 4 13
0.07 0.06 0.84 0.92 0.57 0.39 0.08 0.40 0.43 0 5 4
1 5 9
2 4 4
2 9 5
6 3 1
0.59 0.11 0.80 0.40 0.46 0.99 1 5 1
3 4 3
4 6 1
7 3 18
0.78 0.17 0.02 0.71 0.83 0.82 0.79 0 6 2
1 7 7
2 7 5
6 3 13
0.02 0.10 0.31 0.33 0.52 0.53 0 1 5
2 5 10
2 6 6
6 5 16
0.99 0.50 0.73 0.18 0.56 0.91 0 2 10
1 4 5
3 4 9
3 6 1
4 5 7
2 3 3
0.60 0.11 0 1 6
0 2 1
1 2 7
1 1 15
0.13 0 1 6
5 8 13
0.62 0.88 0.84 0.66 0.30 0 2 6
0 4 3
1 2 5
1 4 10
1 5 10
2 3 7
2 4 3
4 5 10
2 3 19
0.37 0.93 0 1 6
0 2 2
1 2 4
5 0 14
0.32 0.83 0.20 0.16 0.80 10 6 20
0.21 0.46 0.76 0.67 0.16 0.11 0.01 0.96 0.99 0.77 0 3 2
0 9 9
1 7 2
1 8 6
5 9 6
9 10 9
1 1 3
0.97 0 1 7
3 4 3
0.46 0.47 0.59 0 1 2
0 2 9
1 2 10
1 3 7
6 7 18
0.37 0.94 0.67 0.45 0.66 0.19 0 2 7
0 3 10
0 5 3
0 6 3
1 3 8
2 3 7
5 6 3
9 12 3
0.23 0.42 0.68 0.03 0.27 0.55 0.43 0.79 0.20 0 1 5
0 6 1
1 2 4
1 6 5
1 9 2
2 7 5
2 8 10
4 7 10
4 9 4
5 7 4
6 7 4
7 8 6
9 14 3
0.94 0.84 0.55 0.93 0.11 0.54 0.34 0.06 0.56 0 1 1
0 6 3
1 3 2
1 7 5
2 3 3
2 4 5
2 5 7
2 7 4
3 6 10
4 5 4
4 8 7
6 9 6
7 8 9
7 9 5
8 12 15
0.81 0.81 0.96 0.17 0.98 0.49 0.66 0.69 0 3 5
0 8 4
1 8 8
2 3 10
2 5 9
3 4 7
3 5 7
3 6 1
4 8 6
5 7 5
5 8 8
7 8 1
4 8 16
0.38 0.17 0.57 0.51 0 2 3
0 3 6
0 4 3
1 2 6
1 3 9
1 4 8
2 3 6
3 4 3
1 1 16
0.59 0 1 6
2 3 8
0.39 0.41 0 1 1
0 2 1
1 2 4
9 3 1
0.43 0.09 0.16 0.10 0.75 0.21 0.48 0.39 0.08 5 8 4
5 9 8
6 7 5
3 1 10
0.53 0.12 0.68 1 2 1
9 15 15
0.39 0.26 0.37 0.83 0.22 0.73 0.05 0.43 0.49 0 4 4
0 5 4
0 7 7
0 9 9
1 5 9
1 6 1
2 6 4
3 4 9
3 5 5
4 5 2
4 6 6
4 7 5
5 6 3
6 7 3
6 8 8
4 6 5
0.67 0.35 0.38 0.46 0 2 8
0 3 4
1 4 3
2 3 10
2 4 10
3 4 7
3 4 8
0.79 0.47 0.65 0 1 1
0 2 2
0 3 2
1 3 4
9 9 20
0.75 0.38 0.34 0.24 0.05 0.19 0.95 0.03 0.77 0 1 7
0 7 4
1 5 6
1 8 8
2 7 5
3 4 6
3 8 6
3 9 1
6 7 2
9 8 14
0.81 0.43 0.60 0.39 0.75 0.68 0.82 0.22 0.81 0 5 9
1 3 5
1 7 10
1 8 2
2 6 9
2 8 1
3 5 7
7 8 3
10 19 5
0.97 0.69 0.10 0.31 0.27 0.32 0.24 0.96 0.42 0.10 0 3 4
0 5 1
0 7 9
1 6 10
1 9 4
2 5 7
2 7 7
2 10 6
3 9 5
4 7 1
4 8 6
4 9 5
5 6 10
5 8 4
6 7 6
7 8 8
7 9 8
8 9 4
9 10 4
9 9 8
0.81 0.62 0.64 0.85 0.53 0.88 0.85 0.06 0.84 0 4 2
1 3 1
1 7 5
1 9 6
2 7 5
2 9 9
6 7 5
6 8 10
6 9 5
5 2 8
0.23 0.10 0.63 0.92 0.15 1 4 7
3 5 5
4 7 15
0.71 0.09 0.83 0.48 0 3 3
0 4 5
1 2 5
1 3 2
1 4 2
2 4 6
3 4 10
2 2 7
0.94 0.70 0 1 3
0 2 10
5 10 17
0.68 0.67 0.47 0.74 0.21 0 4 4
1 3 2
1 4 4
1 5 1
2 3 2
2 4 2
2 5 3
3 4 5
3 5 4
4 5 8
8 12 15
0.69 0.61 1.00 0.70 0.13 0.70 0.76 0.22 0 1 8
0 3 8
0 6 9
0 8 2
1 3 1
2 4 1
2 6 8
2 7 3
2 8 10
3 5 8
4 6 1
6 8 3
1 1 19
0.91 0 1 6
10 6 2
0.15 0.40 0.87 0.10 0.17 0.84 0.29 0.12 0.32 0.19 0 2 2
0 4 7
0 6 8
2 5 8
2 10 10
3 7 9
10 13 17
0.67 0.48 0.31 0.10 0.84 0.75 0.17 0.40 0.44 0.31 0 4 4
0 6 9
0 8 7
0 10 6
1 5 3
2 4 8
2 5 5
2 6 6
4 7 6
4 10 8
5 6 1
8 9 5
8 10 7
2 2 9
0.66 0.39 0 1 8
0 2 1
7 11 1
0.10 0.55 0.25 0.93 0.69 0.19 0.06 0 1 9
0 2 8
0 3 7
0 4 8
1 4 8
1 5 8
2 4 8
2 7 6
3 5 4
3 6 9
5 7 9
8 4 7
0.26 0.95 0.75 0.36 0.16 0.66 0.96 0.85 1 5 6
1 6 9
4 5 10
4 6 5
9 4 14
0.80 0.89 0.85 0.62 0.54 0.46 0.12 0.04 0.13 0 5 9
1 2 5
2 6 3
5 8 4
7 12 13
0.33 0.88 0.65 0.81 0.51 0.09 0.89 0 2 2
0 3 3
0 4 3
0 7 2
1 5 5
2 4 9
2 7 10
3 5 7
3 6 1
4 5 9
5 7 2
6 7 1
8 15 16
0.01 0.26 0.41 0.74 0.64 0.27 0.96 0.36 0 2 6
0 4 8
0 5 5
0 8 10
1 5 5
1 6 5
2 3 3
2 4 10
2 7 2
3 4 3
3 7 2
4 6 6
4 8 5
6 8 8
7 8 5
5 5 12
0.68 0.52 0.96 0.99 0.79 0 2 10
1 3 6
1 4 6
2 3 7
2 4 5
10 6 14
0.76 0.49 0.72 0.20 0.05 0.72 0.03 0.56 0.48 0.38 0 7 5
1 3 6
1 6 10
2 4 9
4 8 9
4 10 2
3 5 13
0.13 0.37 0.72 0 1 1
0 3 10
1 2 6
1 3 8
2 3 6
2 3 14
0.59 0.83 0 1 2
0 2 7
1 2 5
7 9 14
0.48 0.15 0.06 0.49 0.24 0.72 0.67 0 2 7
0 7 7
1 7 8
2 5 2
3 4 9
3 7 8
4 6 5
5 6 4
5 7 8
6 9 1
0.47 0.64 0.99 0.63 0.13 0.34 0 3 8
0 4 9
1 2 4
1 3 9
1 4 9
1 6 6
3 5 9
3 6 4
5 6 5
7 6 16
0.52 0.78 0.38 0.86 0.44 0.84 0.36 0 2 6
0 4 4
1 3 6
1 7 1
4 5 3
4 7 9
9 8 4
0.16 0.44 0.43 0.01 1.00 0.32 0.40 0.22 0.68 0 3 2
1 7 7
2 3 7
2 9 3
4 5 9
4 6 3
4 9 6
5 8 3
10 10 11
0.93 0.98 0.29 0.77 0.53 0.40 0.65 0.66 0.29 0.44 1 6 6
1 7 3
2 3 10
2 5 7
2 8 5
4 6 2
4 8 6
7 9 5
7 10 8
8 10 8
8 15 18
0.38 0.67 0.71 0.87 0.90 0.56 0.01 0.45 0 1 8
0 2 9
0 3 6
0 4 10
0 5 1
1 3 8
2 5 8
3 7 5
4 5 10
4 6 2
4 8 7
5 7 5
5 8 8
6 7 6
6 8 4
9 5 20
0.46 0.44 0.07 0.92 0.52 0.97 0.15 0.65 0.26 0 2 2
0 7 3
3 4 3
3 5 1
4 7 6
10 14 8
0.44 0.79 0.50 0.29 0.55 0.21 0.37 0.46 0.02 0.73 0 3 3
0 4 5
0 9 4
1 3 5
1 7 1
1 8 5
2 3 6
2 6 2
2 7 10
3 6 10
3 8 9
4 5 6
4 6 5
8 9 10
2 2 19
0.32 0.24 0 2 1
1 2 9
6 13 19
0.26 0.65 0.75 0.20 0.28 0.75 0 1 8
0 2 6
0 4 5
0 5 1
1 3 2
1 4 7
1 6 10
2 5 3
2 6 3
3 5 4
3 6 1
4 5 7
5 6 2
4 2 17
0.69 0.18 0.72 0.85 1 4 5
2 4 4
4 10 11
0.43 0.71 0.59 0.15 0 1 10
0 2 8
0 3 3
0 4 4
1 2 5
1 3 7
1 4 9
2 3 10
2 4 1
3 4 10
8 10 7
0.60 0.44 0.90 0.11 0.38 0.48 1.00 0.15 0 2 1
0 4 9
0 5 10
0 8 1
1 4 9
1 5 8
1 6 2
3 5 7
3 8 10
7 8 9
6 3 16
0.40 0.19 0.94 0.38 0.78 0.04 0 6 3
1 3 7
1 6 10
10 2 19
0.53 0.01 0.32 0.91 0.87 0.64 0.40 0.06 0.06 0.36 1 3 3
3 9 6
8 1 11
0.62 0.38 0.87 0.52 0.75 0.74 0.08 0.29 1 4 10
2 3 11
0.85 0.53 0 1 1
0 2 3
1 2 2
6 3 9
0.68 0.77 0.65 0.95 0.13 0.85 0 4 7
1 6 6
3 4 3
2 3 6
0.63 0.81 0 1 5
0 2 10
1 2 6
8 12 3
0.67 0.33 0.63 0.87 0.52 0.02 0.57 0.75 0 2 5
0 7 4
0 8 10
1 4 10
1 7 5
1 8 4
3 5 6
3 6 10
3 8 10
4 8 2
5 8 5
6 7 5
10 10 12
0.61 0.09 0.99 0.42 0.69 0.53 0.13 0.97 0.28 0.12 0 1 7
0 2 6
1 4 4
1 9 2
3 8 8
4 5 6
4 6 9
4 7 5
6 9 2
8 9 9
4 7 9
0.28 0.72 0.40 0.29 0 1 6
0 2 4
0 3 7
0 4 4
1 3 4
2 4 4
3 4 2
5 9 18
0.88 0.42 0.31 0.79 0.46 0 3 2
0 4 9
0 5 10
1 3 2
1 4 9
2 3 2
2 5 2
3 4 7
3 5 1
7 6 17
0.51 0.00 0.25 0.98 0.53 0.19 0.15 0 2 6
1 2 10
2 7 5
3 5 5
4 5 3
5 7 7
6 8 17
0.52 0.70 0.20 0.00 0.03 0.49 0 1 2
0 6 9
1 2 7
1 6 5
2 4 6
2 5 3
3 6 9
4 5 10
10 14 2
0.71 0.87 0.24 0.84 0.59 0.01 0.37 0.43 0.59 0.20 0 10 2
1 2 9
1 3 10
1 7 5
2 4 1
2 6 6
2 9 7
2 10 8
3 7 10
4 5 10
4 8 7
7 10 7
8 9 3
8 10 7
8 11 13
0.63 0.87 0.78 0.96 0.53 0.27 0.87 0.05 0 3 9
0 4 4
0 5 3
0 8 7
1 5 9
1 6 8
3 5 2
4 5 7
5 6 1
6 7 2
6 8 6
2 3 20
0.55 0.25 0 1 10
0 2 5
1 2 3
3 1 15
0.77 0.77 0.62 2 3 3
1 1 11
0.70 0 1 4
3 6 4
0.53 0.41 0.57 0 1 8
0 2 8
0 3 3
1 2 10
1 3 8
2 3 3
9 7 20
0.95 0.72 0.13 0.51 0.80 0.06 0.47 0.74 0.44 0 3 3
1 6 5
2 5 6
4 9 9
5 6 5
5 7 4
7 9 1
2 2 3
0.61 0.35 0 1 10
0 2 1
3 6 8
0.43 0.74 0.28 0 1 2
0 2 3
0 3 5
1 2 10
1 3 1
2 3 8
1 1 6
0.59 0 1 3
7 1 11
0.26 0.58 0.06 0.69 0.08 0.76 0.22 2 4 9
4 2 3
0.73 0.10 0.28 0.15 0 3 3
1 3 7
7 5 2
0.50 0.76 0.22 0.76 0.67 0.71 0.57 1 2 4
2 3 9
2 5 2
4 6 8
6 7 4
3 4 3
0.84 0.29 0.61 0 1 7
0 2 3
1 3 5
2 3 6
9 11 4
0.27 0.48 0.66 0.00 0.74 0.16 0.60 0.63 0.22 0 1 3
1 4 1
1 6 7
2 3 7
2 7 4
2 8 1
3 6 10
4 7 10
4 9 7
5 6 2
8 9 8
4 9 16
0.10 0.08 0.62 0.52 0 1 9
0 2 8
0 3 9
0 4 1
1 2 8
1 3 8
1 4 1
2 3 2
3 4 6
6 7 4
0.20 0.17 0.46 0.73 0.03 0.26 0 1 7
0 2 1
0 4 10
1 2 6
3 4 10
4 5 7
4 6 5
8 3 1
0.63 0.21 0.29 0.19 0.60 0.11 0.53 0.69 1 7 4
2 4 5
3 6 3
8 9 11
0.58 0.98 0.14 0.96 0.28 0.39 0.80 0.92 0 6 9
0 7 6
1 3 1
1 8 6
3 5 7
3 7 3
4 6 6
5 6 7
5 7 2
5 2 20
0.47 0.12 0.30 0.27 0.18 0 4 6
3 5 5
10 7 16
0.66 0.54 0.71 0.84 0.63 0.54 0.26 0.18 0.97 0.30 0 2 2
0 3 6
0 5 3
0 10 4
1 7 9
3 9 7
4 10 10
10 5 13
0.66 0.53 0.85 0.31 0.07 0.55 0.81 0.70 0.76 0.07 0 5 6
1 10 3
2 10 7
5 6 7
7 8 1
7 11 11
0.10 0.43 0.57 0.41 0.19 0.89 0.26 0 1 2
0 4 2
1 7 2
2 4 5
3 6 9
3 7 3
4 6 10
4 7 10
5 6 6
5 7 8
6 7 4
7 2 16
0.91 0.90 0.36 0.41 0.90 0.25 0.74 1 5 6
3 5 9
6 8 19
0.75 0.90 0.10 0.42 0.16 0.13 0 1 2
0 2 3
1 3 9
2 3 6
2 6 3
3 4 8
4 6 1
5 6 4
7 1 7
0.65 0.61 0.88 0.39 0.55 0.92 0.33 1 7 8
8 14 17
0.36 0.24 0.09 0.63 0.52 0.95 0.48 0.45 0 3 3
0 4 2
0 5 2
0 7 3
1 3 9
1 5 4
1 6 7
1 7 6
2 3 8
2 8 5
3 4 10
3 5 10
4 6 10
6 7 7
1 1 2
0.36 0 1 9
6 8 6
0.97 0.11 0.36 0.49 0.99 0.53 0 2 4
1 2 3
2 6 5
3 4 3
3 5 4
3 6 4
4 6 1
5 6 5
6 2 17
0.29 0.92 0.00 0.04 0.96 0.81 3 5 9
5 6 6
1 1 17
0.55 0 1 5
3 6 16
0.53 0.43 0.16 0 1 2
0 2 8
0 3 8
1 2 3
1 3 4
2 3 10
10 16 20
0.88 0.53 0.19 0.26 0.61 0.34 0.07 0.12 0.45 0.61 0 1 10
0 2 2
0 3 5
0 4 4
0 6 2
1 6 4
2 4 3
2 5 3
2 6 7
2 8 6
4 6 10
4 8 5
5 6 2
5 10 1
6 8 9
7 10 7
8 10 13
0.54 0.03 0.62 0.70 0.55 0.91 0.98 0.08 0 4 10
0 6 3
0 7 6
1 2 10
1 4 7
1 7 2
4 5 10
4 6 5
4 7 9
5 8 8
6 7 17
0.65 0.24 0.99 0.81 0.08 0.46 0 3 8
0 4 1
1 3 1
1 4 7
2 3 2
2 5 4
4 6 2
5 5 10
0.05 0.22 0.07 0.04 0.69 0 1 6
0 4 7
1 3 6
1 4 8
4 5 10
3 6 5
0.81 0.88 0.65 0 1 10
0 2 10
0 3 5
1 2 5
1 3 1
2 3 3
9 10 12
0.91 0.87 0.77 0.26 0.85 0.98 0.76 0.80 0.52 0 3 9
0 6 10
1 2 10
1 5 8
1 8 1
2 4 9
4 6 5
6 7 9
7 9 2
8 9 2
6 7 9
0.35 0.80 0.86 0.52 0.23 0.31 0 3 1
1 6 7
2 6 7
3 5 9
3 6 8
4 5 8
5 6 5
4 1 12
0.94 0.07 0.85 0.81 1 2 8
3 3 16
0.16 0.87 0.88 0 3 1
1 2 10
1 3 2
4 6 15
0.91 0.59 0.14 0.93 0 1 9
0 2 7
0 3 9
1 4 5
2 3 4
2 4 10
4 7 12
0.31 0.86 0.01 0.61 0 2 3
0 3 10
0 4 8
1 2 7
1 4 1
2 3 10
3 4 9
4 8 18
0.91 0.04 0.01 0.82 0 1 10
0 2 3
0 4 7
1 2 8
1 4 7
2 3 7
2 4 1
3 4 6
2 2 17
0.41 0.99 0 2 9
1 2 1
8 6 9
0.63 0.29 0.96 0.62 0.22 0.67 0.38 0.84 0 7 8
1 6 9
3 6 1
5 7 6
5 8 2
6 8 5
1 1 6
0.38 0 1 1
7 11 12
0.38 0.88 0.67 0.12 0.95 0.51 0.96 1 2 2
1 3 1
1 6 1
1 7 2
2 3 6
2 5 2
2 6 9
2 7 2
3 4 1
3 5 4
6 7 5
6 8 17
0.13 0.46 0.62 0.71 0.24 0.94 0 1 1
0 2 10
0 3 8
0 5 8
2 6 9
3 6 5
4 5 5
5 6 8
3 3 17
0.97 0.10 0.27 0 1 4
0 2 10
1 2 10
7 1 4
0.69 0.54 0.44 0.20 0.22 0.10 0.11 4 6 8
10 7 5
0.17 0.15 0.21 0.94 0.09 0.98 0.15 0.38 0.87 0.80 0 7 3
1 2 3
1 4 7
2 7 3
3 5 2
5 10 7
8 9 2
6 8 15
0.71 0.85 0.80 0.03 0.41 0.76 0 4 3
1 4 4
2 3 10
2 4 4
2 5 8
3 5 9
4 5 1
5 6 6
8 8 12
0.33 0.80 0.93 0.01 0.19 0.57 0.72 0.20 0 7 4
0 8 7
1 2 6
1 4 1
2 6 10
3 6 5
3 7 8
4 5 5
10 1 6
0.83 0.24 0.11 0.12 0.95 0.59 0.52 0.75 0.10 0.85 7 8 6
7 7 16
0.08 0.59 0.69 0.08 0.26 0.49 0.28 0 1 4
0 3 9
0 4 10
1 7 4
2 6 10
3 6 10
4 7 2
1 1 8
0.42 0 1 8
6 2 10
0.29 0.44 0.23 0.32 0.31 0.13 1 2 9
2 5 6
8 12 5
1.00 0.42 0.05 0.14 0.27 0.00 0.25 0.93 0 6 3
0 8 6
1 5 5
3 6 8
3 7 6
3 8 8
4 5 10
4 6 6
4 7 8
5 7 7
5 8 2
7 8 6
6 3 17
0.18 0.54 0.71 0.99 0.13 0.74 0 5 10
1 2 5
2 5 1
6 3 13
0.42 0.66 0.39 0.53 0.02 0.30 2 4 7
4 6 1
5 6 4
10 12 12
0.80 0.60 0.52 0.40 0.47 0.82 0.70 0.30 0.20 0.87 0 1 5
0 2 4
0 6 2
0 9 1
1 3 3
1 5 9
2 6 9
3 5 10
3 7 2
3 9 5
4 5 10
7 9 4
2 1 10
0.78 0.98 0 1 6
1 1 18
0.56 0 1 10
10 3 3
0.34 0.50 0.08 0.75 0.65 0.84 0.76 0.50 0.22 0.66 0 5 8
1 5 8
2 9 9
9 2 19
0.57 0.82 0.58 0.38 0.11 0.88 0.03 0.85 0.52 4 9 8
5 8 1
4 9 15
0.35 0.98 0.33 0.38 0 1 10
0 2 3
0 3 4
0 4 10
1 3 7
1 4 10
2 3 1
2 4 8
3 4 5
5 7 9
0.24 0.97 0.22 0.53 0.32 0 3 5
0 4 7
0 5 10
1 5 4
2 5 10
3 5 10
4 5 10
10 9 17
0.55 0.05 0.92 0.15 0.92 0.07 0.77 0.99 0.70 0.87 1 9 6
2 5 2
2 10 6
3 10 2
4 5 4
5 7 7
5 9 10
6 9 7
8 9 4
7 12 9
0.00 0.63 0.46 0.26 1.00 0.16 0.93 0 2 4
0 3 3
0 5 8
1 4 2
1 7 9
2 3 7
2 4 4
2 5 1
3 5 9
3 7 5
4 5 9
4 6 1
6 9 16
0.34 0.82 0.80 0.28 0.99 0.18 1 2 6
1 4 1
2 3 6
2 5 3
2 6 5
3 4 6
3 6 8
4 5 3
4 6 8
4 9 14
0.21 0.93 0.63 0.79 0 1 1
0 2 9
0 3 1
0 4 4
1 2 1
1 3 2
2 3 5
2 4 8
3 4 7
2 3 4
0.57 0.55 0 1 6
0 2 8
1 2 2
10 7 13
0.14 0.63 0.97 0.74 0.84 0.19 0.28 0.35 0.46 0.79 0 1 6
1 7 2
1 10 6
3 6 3
3 10 10
5 8 6
7 9 7
7 7 10
0.67 0.64 0.43 0.45 0.97 0.63 0.13 0 3 5
0 4 4
0 7 7
2 3 6
2 5 1
3 4 10
3 7 9
5 10 16
0.23 0.58 0.52 0.63 0.58 0 2 10
0 3 2
0 4 1
0 5 3
1 4 2
1 5 8
2 3 9
2 4 10
2 5 6
4 5 8
5 2 18
0.90 0.79 0.72 0.34 0.17 0 3 2
2 5 4
8 9 3
0.16 0.01 1.00 0.35 0.09 0.92 0.10 0.63 0 5 1
0 7 9
1 4 2
1 5 7
1 8 10
2 6 5
2 8 7
3 7 2
4 7 2
10 7 7
0.47 0.92 0.80 0.23 0.49 0.90 0.86 0.71 0.41 0.84 0 5 10
0 7 1
1 4 5
2 10 3
3 4 3
6 8 4
9 10 10
9 8 1
0.97 0.34 0.39 0.00 0.59 0.47 0.14 0.41 0.08 0 3 2
2 3 1
2 9 6
3 5 4
4 7 4
4 8 5
4 9 3
6 8 7
10 15 9
0.44 0.65 0.36 0.54 0.69 0.31 0.72 0.47 0.10 0.36 0 1 9
0 4 3
1 4 7
1 5 7
1 9 9
2 3 1
2 5 8
3 7 2
4 7 10
4 8 9
5 7 3
6 10 9
7 9 6
8 9 8
8 10 7
4 5 17
0.45 0.52 0.95 0.61 0 3 3
1 2 7
1 4 8
2 4 2
3 4 8
3 5 13
0.75 0.93 0.55 0 1 5
0 3 2
1 2 6
1 3 10
2 3 1
5 5 14
0.39 0.15 0.64 0.36 0.78 0 2 3
1 4 5
1 5 3
2 3 9
3 5 1
6 5 15
0.75 0.39 0.36 0.51 0.79 0.67 0 3 5
0 4 6
1 4 4
2 4 7
4 5 5
7 9 13
0.25 0.28 0.10 0.67 0.41 0.19 0.43 0 5 6
0 6 5
0 7 9
1 3 5
2 5 4
2 7 7
3 7 1
5 6 6
5 7 3
9 5 6
0.90 0.09 0.39 0.01 0.18 0.78 0.26 0.47 0.54 3 5 4
4 7 3
5 7 9
5 8 1
8 9 1
5 7 15
0.06 0.88 0.61 0.79 0.56 0 1 4
0 3 8
1 2 4
1 4 1
2 3 8
2 5 5
3 5 9
4 6 8
0.36 0.16 0.34 0.87 0 4 9
1 3 3
1 4 3
2 3 8
2 4 6
3 4 5
10 12 16
0.38 0.05 0.42 0.94 0.68 0.42 0.82 0.50 0.52 1.00 0 1 1
0 9 9
1 2 3
2 4 8
2 8 9
3 10 7
4 6 3
4 9 2
4 10 9
5 6 5
6 9 1
8 10 1
1 1 15
0.31 0 1 5
5 2 19
0.49 0.14 0.38 0.69 0.08 0 2 2
0 3 10
3 5 8
0.45 0.09 0.68 0 1 8
0 3 4
1 2 7
1 3 6
2 3 2
10 5 1
0.01 0.33 0.98 0.22 0.57 0.66 0.18 0.68 0.41 0.86 1 3 7
1 4 4
2 7 3
4 5 9
5 6 5
3 6 8
0.59 0.08 0.35 0 1 6
0 2 4
0 3 1
1 2 2
1 3 8
2 3 10
3 6 4
0.20 0.22 0.15 0 1 6
0 2 5
0 3 7
1 2 4
1 3 2
2 3 3
1 1 13
0.39 0 1 7
6 8 7
0.07 0.89 0.82 0.81 0.89 0.68 0 4 9
0 6 9
1 3 5
1 4 5
1 6 2
2 5 4
2 6 9
4 6 2
5 2 19
0.89 0.03 0.18 0.45 0.10 0 2 9
0 3 4
9 7 14
0.57 0.00 0.01 0.14 0.20 0.77 0.40 0.91 0.72 0 5 4
1 4 4
2 4 9
3 4 3
4 6 3
4 8 10
5 9 10
6 8 8
0.18 0.80 0.84 0.56 0.85 0.65 0 3 9
0 5 3
1 4 5
2 3 7
2 5 3
2 6 8
3 6 10
4 5 3
6 7 11
0.11 0.70 0.14 0.42 0.05 0.50 0 2 5
0 6 8
1 2 5
2 4 8
2 5 2
4 5 7
4 6 1
8 4 12
0.81 0.57 0.14 0.64 0.85 0.95 0.94 0.96 0 3 3
2 4 7
2 5 4
6 8 6
10 14 7
0.77 0.40 0.16 0.52 0.23 0.74 0.57 0.58 0.92 0.56 0 8 1
1 4 2
1 8 10
1 10 9
2 3 2
2 6 4
2 10 4
3 6 1
3 7 10
3 8 4
4 8 5
4 9 10
4 10 1
7 8 1
9 4 6
0.05 0.86 0.24 0.23 0.76 0.64 0.46 0.33 0.56 3 9 7
4 8 8
7 8 9
8 9 1
9 11 16
0.44 0.40 0.90 0.47 0.63 0.08 0.84 0.87 0.22 0 1 10
0 3 7
0 8 4
1 9 8
2 5 6
2 7 2
3 5 8
3 8 5
4 6 10
4 7 9
6 8 5
7 12 7
0.49 0.34 0.61 0.79 0.13 0.50 0.61 0 4 6
0 5 7
0 6 9
1 4 6
1 5 10
1 6 5
2 6 5
3 4 1
3 6 8
4 6 1
4 7 9
5 6 1
1 1 7
0.62 0 1 7
3 6 1
0.17 0.14 0.00 0 1 9
0 2 6
0 3 1
1 2 3
1 3 10
2 3 9
10 16 9
0.42 0.66 0.51 0.12 0.61 0.53 0.41 0.24 0.56 0.65 0 4 4
0 5 6
0 10 7
1 4 1
1 10 7
2 3 1
2 9 6
2 10 8
3 5 6
4 10 7
5 7 4
5 8 9
5 9 1
6 8 3
7 10 10
8 9 5
9 14 10
0.46 0.45 0.60 0.89 0.59 0.98 0.53 0.69 0.94 0 2 6
0 3 10
0 4 7
0 7 6
0 8 2
1 3 10
1 7 6
1 9 4
3 6 2
3 7 7
3 9 4
5 7 2
5 8 6
5 9 8
6 5 18
0.19 0.90 0.56 0.11 0.10 0.44 0 4 7
0 5 1
1 3 10
3 6 2
4 5 4
6 11 10
0.23 0.03 0.27 0.05 0.80 0.63 0 1 3
0 3 6
0 4 5
1 4 7
1 6 6
2 5 6
2 6 10
3 4 2
3 5 8
3 6 7
4 5 2
2 3 3
0.51 0.61 0 1 10
0 2 7
1 2 1
1 0 14
0.37 2 0 6
0.32 0.42 5 9 3
0.89 0.21 0.43 0.69 0.31 0 1 3
0 3 3
0 4 2
0 5 10
1 2 2
2 3 10
3 4 5
3 5 4
4 5 3
5 9 6
0.08 1.00 0.45 0.55 1.00 0 3 1
0 5 1
1 2 1
1 3 10
1 4 7
1 5 5
2 3 8
2 4 1
2 5 4
9 13 8
0.03 0.59 0.22 0.52 0.01 0.95 0.60 0.44 0.13 0 7 6
0 9 7
1 4 3
1 6 10
2 6 5
3 6 9
3 7 8
4 5 3
5 7 5
5 8 10
6 9 4
7 9 5
8 9 7
3 6 16
0.68 0.38 0.60 0 1 1
0 2 9
0 3 5
1 2 9
1 3 10
2 3 7
9 15 8
0.06 0.69 0.16 0.62 0.20 0.97 0.69 0.31 0.05 0 1 10
0 7 4
1 4 10
1 5 6
2 5 1
2 6 7
2 7 1
2 9 3
3 5 7
3 6 2
3 8 5
3 9 1
4 6 4
5 6 5
5 9 3
1 0 7
0.10 6 1 14
0.32 0.22 0.02 0.38 0.08 0.40 2 6 10
2 3 2
0.60 0.41 0 1 1
0 2 9
1 2 1
2 2 10
0.34 0.59 0 1 3
1 2 10
7 1 9
0.57 0.80 0.24 0.16 0.87 0.74 0.57 1 3 4
9 6 7
0.11 0.54 0.26 0.34 0.33 0.16 0.17 0.19 0.90 2 5 7
2 6 7
3 4 5
3 8 7
4 5 6
8 9 4
2 3 17
0.48 0.52 0 1 8
0 2 9
1 2 4
4 5 8
0.15 0.54 0.39 0.23 0 1 8
0 3 9
0 4 5
1 3 9
2 4 2
1 1 10
0.81 0 1 5
3 5 9
0.80 0.79 0.74 0 1 8
0 2 3
0 3 6
1 2 10
1 3 2
8 9 5
0.47 0.54 0.20 0.41 0.88 0.69 0.97 0.02 0 2 7
0 4 8
1 3 6
1 7 4
2 4 7
2 5 5
2 7 2
4 6 5
5 6 3
2 2 8
0.83 0.30 0 1 5
0 2 10
9 2 14
0.28 0.32 0.84 0.61 0.57 0.95 0.08 0.62 0.50 2 3 1
4 9 5
10 13 18
0.67 0.29 0.32 0.24 0.52 0.09 0.41 0.97 0.51 0.35 0 7 2
0 8 7
1 7 4
2 3 7
2 7 8
3 4 3
4 8 10
4 9 6
5 6 5
7 8 1
7 9 2
7 10 8
8 9 8
10 8 16
0.67 0.11 0.40 0.11 0.81 0.47 0.77 0.96 0.63 0.32 0 7 5
2 5 8
3 9 7
4 6 7
5 7 5
5 9 9
5 10 10
7 8 3
10 4 3
0.30 0.15 0.26 0.04 0.93 0.54 0.71 0.70 0.94 0.82 2 9 3
4 9 8
5 6 7
5 10 2
2 3 19
0.36 0.60 0 1 5
0 2 7
1 2 6
1 1 5
0.16 0 1 1
10 11 17
0.88 0.11 0.69 0.05 0.47 0.88 0.98 0.69 0.06 0.62 0 7 1
1 2 7
1 4 2
1 6 8
3 8 6
4 8 7
4 9 9
5 7 7
5 10 9
7 9 5
8 10 9
10 11 19
0.60 0.84 0.73 0.78 0.80 0.04 0.97 0.81 0.16 0.02 0 5 1
1 2 2
1 5 5
1 8 5
1 10 5
2 6 9
2 8 5
3 5 9
3 6 10
6 9 10
8 9 6
9 14 7
0.76 0.72 0.26 0.83 0.63 0.04 0.32 0.57 0.42 0 2 2
0 5 8
1 2 1
1 3 3
2 3 10
2 4 4
2 7 9
3 4 4
3 5 6
3 6 8
3 9 6
5 9 3
6 7 5
6 9 10
1 1 8
0.65 0 1 7
7 12 9
0.02 0.32 0.05 0.25 0.17 0.67 0.91 0 1 8
0 5 2
0 6 4
1 2 9
1 3 10
1 4 8
2 3 3
3 5 10
3 6 10
4 5 2
4 7 7
5 7 3
9 5 10
0.18 0.90 0.36 0.87 0.89 0.07 0.11 0.72 0.40 0 3 4
4 7 3
5 6 9
5 7 6
8 9 6
8 5 16
0.05 0.36 0.42 0.45 0.71 0.69 0.63 0.05 0 2 3
0 7 8
1 6 8
4 7 6
4 8 6
4 2 8
0.24 0.57 0.73 0.44 2 3 5
2 4 2
6 2 17
0.46 0.78 0.17 0.55 0.39 0.12 1 2 1
2 6 6
10 0 8
0.44 0.90 0.43 0.34 0.46 0.15 0.44 0.28 0.16 0.93 1 1 15
0.96 0 1 10
9 7 9
0.45 0.56 0.21 0.96 0.48 0.12 0.58 0.05 0.41 2 3 8
2 4 7
3 8 3
4 7 3
4 8 7
6 7 5
7 8 9
6 11 16
0.94 0.47 0.86 0.67 0.84 0.36 0 1 6
0 2 1
0 3 10
0 5 10
1 2 4
1 3 5
1 4 10
1 6 7
2 4 2
2 6 1
3 5 2
10 9 7
0.91 0.47 0.92 0.86 0.65 0.42 0.52 0.95 0.97 0.52 0 1 6
0 10 6
1 6 5
2 7 8
2 9 7
3 9 10
4 10 9
6 8 1
9 10 1
8 10 6
0.52 0.67 0.59 0.79 0.03 0.74 0.98 0.93 0 3 10
0 6 9
1 6 9
2 6 6
2 8 1
3 4 9
5 6 9
5 7 2
5 8 5
6 7 8
9 6 1
0.74 0.08 0.70 0.07 0.34 0.49 0.10 0.07 0.46 0 8 7
3 6 5
3 8 3
3 9 10
4 5 1
4 6 5
9 4 3
0.39 0.88 0.05 0.53 0.41 0.90 0.72 0.15 0.65 2 9 7
3 4 5
4 5 3
8 9 5
4 6 18
0.58 0.76 0.04 0.14 0 4 1
1 2 9
1 4 6
2 3 10
2 4 5
3 4 7
3 0 16
0.77 0.73 0.14 10 10 11
0.93 0.56 0.42 0.03 0.48 0.74 0.93 0.47 0.56 0.23 0 6 9
0 9 8
1 9 9
2 3 1
2 8 4
3 8 5
4 7 2
5 7 2
5 10 1
6 9 2
1 1 2
0.10 0 1 5
1 1 7
0.20 0 1 2
3 3 19
0.44 0.81 0.57 0 1 8
0 2 8
0 3 9
10 6 7
0.75 0.01 0.48 0.02 0.69 0.23 0.11 0.12 0.03 0.34 2 3 4
2 5 7
4 8 8
5 7 9
5 9 10
6 9 9
1 1 3
0.18 0 1 9
1 1 3
0.85 0 1 9
6 3 17
0.55 0.92 0.35 1.00 0.24 0.38 0 1 9
2 3 1
3 6 3
1 0 17
0.90 4 8 8
0.95 0.11 0.31 0.81 0 1 6
0 3 4
0 4 2
1 2 6
1 4 9
2 3 5
2 4 7
3 4 7
4 0 3
0.26 0.13 0.21 0.00 10 7 4
0.75 0.17 0.93 0.76 0.21 0.23 0.86 0.40 0.96 0.40 1 6 3
2 8 10
4 10 8
6 8 6
6 9 1
7 9 9
9 10 6
8 8 4
0.41 0.69 0.16 0.12 0.69 0.12 0.30 0.92 0 1 4
0 2 4
0 7 4
1 3 5
1 4 5
3 4 9
3 7 7
5 6 10
10 5 7
0.13 0.88 0.93 0.82 0.71 0.04 0.50 0.83 0.00 0.41 2 9 5
3 7 10
5 10 4
6 10 6
8 10 1
9 5 16
0.55 0.44 0.46 0.04 0.93 0.12 0.11 0.06 0.89 0 2 9
0 6 2
3 9 8
5 7 3
6 7 9
2 3 17
0.62 0.91 0 1 1
0 2 3
1 2 8
6 9 1
0.79 0.74 0.26 0.48 0.32 0.34 0 2 7
0 3 2
0 6 7
1 4 4
1 5 6
1 6 1
2 3 9
3 5 5
5 6 2
2 1 4
0.85 0.61 0 2 2
2 3 14
0.10 0.16 0 1 8
0 2 7
1 2 10
3 6 12
0.02 0.80 0.27 0 1 7
0 2 10
0 3 4
1 2 5
1 3 2
2 3 8
7 9 19
0.21 0.87 0.28 0.87 0.16 0.73 0.67 0 2 10
0 4 4
0 6 4
1 2 8
1 3 2
1 5 6
1 6 10
2 4 1
4 7 8
4 7 2
0.92 0.09 0.58 0.87 0 1 3
0 2 9
0 4 4
1 2 7
1 3 8
2 3 2
2 4 3
4 7 16
0.68 0.49 0.75 0.18 0 1 3
0 2 9
0 3 8
0 4 5
1 2 9
2 3 7
3 4 10
9 9 13
0.13 0.76 0.71 0.84 0.33 0.13 0.87 0.04 0.67 0 2 2
0 3 10
0 4 9
1 2 8
1 6 1
2 6 6
3 8 1
6 7 3
7 8 4
10 10 8
0.93 0.80 0.74 0.57 0.16 0.92 0.03 1.00 0.56 0.83 0 2 1
0 10 5
1 5 9
1 8 10
2 5 2
4 10 1
5 8 7
6 7 3
6 9 10
8 10 5
1 0 15
0.55 10 14 11
0.89 0.73 0.50 0.32 0.59 0.78 0.97 0.83 0.33 0.28 0 2 4
0 7 5
0 10 8
1 9 1
2 3 7
2 4 6
3 4 2
3 7 7
3 9 3
3 10 9
4 6 5
5 7 5
6 8 5
9 10 5
7 13 20
0.64 0.44 0.33 0.13 0.80 0.88 0.30 0 2 1
0 5 1
0 7 4
1 3 4
1 5 1
2 3 9
2 4 1
2 5 9
3 4 10
3 5 3
3 7 7
4 5 8
5 6 2
4 6 1
0.74 0.16 0.70 0.17 0 3 8
0 4 4
1 3 4
1 4 3
2 4 9
3 4 9
3 4 4
0.44 0.99 0.30 0 1 7
0 2 10
0 3 2
1 2 9
5 5 19
0.37 0.15 0.51 0.98 0.72 1 4 3
2 4 6
3 4 1
3 5 9
4 5 8
8 10 14
0.27 0.00 0.88 0.23 0.96 0.27 0.18 0.13 0 5 5
0 7 4
1 5 2
2 7 10
3 6 1
3 7 6
4 5 7
4 7 6
5 6 5
6 8 4
3 5 20
0.38 0.19 0.73 0 1 7
0 2 6
0 3 9
1 2 3
1 3 8
6 9 19
0.04 0.73 0.55 0.51 0.86 0.41 0 1 1
0 2 1
0 6 10
1 2 7
1 5 1
2 3 3
2 4 9
2 6 8
4 5 4
4 6 11
0.95 0.83 0.03 0.92 0 4 10
1 2 9
1 3 9
1 4 8
2 3 4
2 4 4
1 1 7
0.67 0 1 7
9 2 3
0.07 0.43 0.90 0.00 0.46 0.40 0.02 0.85 0.55 0 9 8
4 7 2
3 6 7
0.55 0.08 0.54 0 1 1
0 2 8
0 3 7
1 2 7
1 3 5
2 3 8
3 5 9
0.47 0.52 0.42 0 1 4
0 2 9
0 3 4
1 2 10
1 3 4
7 5 17
0.73 0.42 0.83 0.34 0.89 0.00 0.77 0 3 6
1 3 10
4 5 5
4 7 2
6 7 10
1 1 7
0.14 0 1 3
2 2 9
0.58 0.69 0 2 2
1 2 3
8 13 20
0.27 0.45 0.89 0.72 0.03 0.35 0.44 0.74 0 2 4
0 3 1
0 4 5
0 5 6
0 6 5
1 3 2
1 7 6
1 8 1
2 8 10
3 4 7
4 5 4
6 7 3
6 8 5
9 15 14
0.76 0.06 0.70 0.28 0.35 0.79 0.46 0.32 0.61 0 8 4
0 9 7
1 2 6
1 4 9
1 9 9
2 3 5
2 6 2
2 9 6
3 7 3
3 9 7
4 7 6
4 8 2
5 8 9
6 7 6
6 9 1
7 13 13
0.95 0.73 0.05 0.80 0.77 0.01 0.49 0 1 1
0 3 10
0 4 6
0 6 3
1 2 2
1 4 4
1 6 8
2 3 2
2 5 8
3 5 4
3 6 1
4 7 8
5 7 5
1 1 20
0.15 0 1 4
8 9 1
0.05 0.61 0.71 0.07 0.52 0.75 0.65 0.75 0 6 7
1 3 8
1 8 2
2 4 3
3 8 7
4 5 2
5 7 10
6 7 5
6 8 3
1 1 6
0.71 0 1 6
5 6 18
0.58 0.29 0.76 0.02 0.35 0 4 1
0 5 10
1 2 7
1 5 5
3 4 10
3 5 3
9 10 2
0.96 0.46 0.33 0.27 0.99 0.57 0.47 0.85 0.14 0 3 2
0 4 9
0 5 9
0 9 9
2 3 3
2 4 5
2 6 4
4 7 10
6 7 10
6 9 2
2 2 13
0.81 0.58 0 2 7
1 2 8
8 13 9
0.19 0.60 0.33 0.02 0.57 0.33 0.14 0.76 0 1 6
0 2 7
0 3 9
0 5 7
1 3 8
1 5 10
1 7 4
1 8 6
2 3 10
2 4 6
3 7 5
3 8 7
5 7 5
1 1 11
0.65 0 1 6
3 5 4
0.92 0.90 0.67 0 1 6
0 3 10
1 2 3
1 3 2
2 3 1
9 11 18
0.47 0.74 0.80 0.01 0.33 0.98 0.39 0.07 0.83 0 1 10
0 5 6
0 9 8
1 9 7
2 8 8
3 4 1
4 5 10
4 7 7
4 9 1
7 8 8
7 9 6
5 11 10
0.57 0.66 0.27 0.19 0.91 0 2 3
0 4 5
1 2 4
1 3 3
1 4 10
1 5 6
2 3 9
2 5 10
3 4 5
3 5 6
4 5 3
6 9 9
0.08 0.62 0.82 0.09 0.68 0.13 0 2 2
1 3 5
1 5 4
1 6 5
2 4 4
3 4 7
3 5 6
3 6 3
4 5 3
5 4 9
1.00 0.09 0.28 0.11 0.17 0 5 9
1 5 7
2 3 2
2 5 7
5 6 20
0.64 0.97 0.90 0.74 0.68 0 3 7
0 4 8
1 3 7
1 5 5
2 5 3
3 4 9
2 2 3
0.49 0.71 0 2 7
1 2 8
2 3 19
0.84 0.56 0 1 2
0 2 1
1 2 6
8 8 11
0.34 0.45 0.27 0.54 0.26 0.19 0.50 0.91 0 2 1
1 7 2
2 7 1
4 6 4
4 7 8
4 8 4
5 6 4
5 7 7
3 3 6
0.96 0.37 0.60 0 2 10
0 3 8
1 2 6
7 10 10
0.62 0.36 0.49 0.64 0.67 0.59 0.88 0 1 1
0 3 7
0 4 10
0 5 1
0 7 3
1 6 8
2 4 2
2 6 6
3 4 7
3 7 2
9 10 2
0.51 0.66 0.74 0.10 0.17 0.88 0.17 0.60 0.02 0 5 4
1 9 8
2 5 2
2 6 3
3 6 5
3 7 3
5 8 9
7 8 6
7 9 5
8 9 8
5 5 20
0.96 0.17 0.60 0.36 0.94 0 1 4
0 5 10
1 5 3
2 3 1
3 5 5
4 5 5
0.52 0.49 0.10 0.28 0 2 5
0 3 9
1 2 3
2 3 7
2 4 3
4 8 18
0.95 0.54 0.39 0.85 0 2 3
0 3 10
1 2 1
1 3 5
1 4 1
2 3 3
2 4 10
3 4 6
6 4 20
0.01 0.52 0.08 0.64 0.95 0.68 0 1 1
1 3 6
2 5 5
3 6 8
1 1 9
0.72 0 1 7
1 1 18
0.20 0 1 9
8 15 1
0.48 0.29 0.31 0.07 0.21 0.41 0.86 0.26 0 1 2
0 2 2
0 3 9
0 7 6
1 3 6
1 5 4
1 6 8
2 4 10
2 5 4
2 7 2
2 8 6
3 6 3
4 8 3
5 6 2
5 8 6
8 10 19
0.38 0.37 0.76 0.48 0.79 0.55 0.32 0.30 0 1 6
0 5 6
0 6 3
1 2 8
1 3 8
1 4 9
1 7 1
3 8 9
4 5 3
5 7 6
5 6 19
0.35 0.92 0.65 0.49 0.91 0 1 7
0 3 1
1 5 3
2 4 6
3 4 3
3 5 3
3 3 16
0.82 0.01 0.76 0 1 1
1 2 2
2 3 8
10 15 10
0.49 0.77 0.89 0.70 0.80 0.02 0.11 0.29 0.25 0.33 0 4 4
0 8 1
0 9 8
1 6 1
2 3 9
2 6 6
2 7 4
2 8 10
2 9 2
3 4 5
4 8 6
5 7 8
5 8 1
5 10 1
8 9 9
3 5 17
0.00 0.69 0.80 0 1 9
0 3 3
1 2 5
1 3 6
2 3 9
3 5 7
0.60 0.51 0.88 0 1 9
0 2 3
1 2 8
1 3 2
2 3 2
9 10 12
0.66 0.17 0.34 0.02 0.08 0.83 0.25 1.00 0.19 0 6 6
1 4 4
1 7 3
2 4 10
2 5 7
2 8 8
3 5 9
3 7 3
5 7 2
6 9 6
1 1 14
1.00 0 1 3
10 13 6
0.87 0.03 0.53 0.64 0.15 0.84 0.69 0.60 0.41 0.53 0 2 10
0 10 6
1 3 1
1 6 1
1 9 3
2 4 2
4 5 9
4 8 8
4 9 7
6 7 3
6 8 7
6 9 10
7 9 6
2 3 20
0.62 0.67 0 1 5
0 2 7
1 2 3
7 6 5
0.94 0.18 0.79 0.69 0.48 0.53 0.57 0 4 5
0 5 1
1 3 4
2 7 3
3 5 10
5 6 4
6 3 12
0.34 0.68 0.83 0.09 0.46 0.79 0 2 10
0 6 3
2 6 8
1 1 3
0.04 0 1 4
10 5 11
0.33 0.26 0.48 0.53 1.00 0.19 0.75 0.06 0.93 0.45 1 2 5
1 4 1
1 9 9
5 9 4
6 10 10
6 5 2
0.83 0.35 0.33 0.01 0.34 0.52 0 2 2
1 4 10
3 4 8
3 5 2
5 6 2
10 9 12
0.31 0.40 0.31 0.42 0.26 0.25 0.31 0.06 0.99 0.47 0 4 9
0 6 4
0 7 4
1 7 9
3 5 5
4 5 4
4 7 1
7 10 3
8 10 10
4 7 20
0.77 0.81 0.53 0.74 0 1 2
0 2 10
0 4 10
1 2 1
1 3 7
1 4 6
3 4 7
9 6 8
0.63 0.74 0.20 0.40 0.20 0.73 0.13 0.29 0.78 0 2 3
1 7 2
2 7 9
3 9 2
6 8 8
7 9 10
4 5 4
0.19 0.24 0.66 0.80 0 2 1
1 2 9
1 3 3
1 4 10
3 4 5
8 11 20
0.87 0.45 0.62 0.77 0.78 0.13 0.71 0.93 0 6 1
0 8 7
1 5 8
2 4 8
2 7 8
2 8 5
3 4 5
3 6 3
3 7 1
4 7 10
5 6 7
2 3 5
0.05 0.77 0 1 1
0 2 6
1 2 9
3 4 17
0.50 0.27 0.62 0 2 4
1 2 2
1 3 1
2 3 1
10 3 5
0.05 0.06 0.80 0.78 0.06 0.00 0.52 0.51 0.73 0.56 1 7 5
4 10 3
8 10 10
3 5 4
0.34 0.90 0.38 0 2 4
0 3 9
1 2 2
1 3 1
2 3 4
7 8 12
0.63 0.48 0.63 0.01 0.62 0.89 0.54 0 1 9
0 2 5
0 7 1
1 2 9
2 3 3
3 4 8
3 7 3
4 5 6
8 15 19
0.71 0.29 0.12 0.23 1.00 0.24 0.68 0.72 0 2 3
0 3 8
0 4 10
0 5 5
0 8 7
1 2 5
1 3 5
1 5 6
1 8 8
2 3 1
2 4 2
2 5 7
2 7 5
3 4 5
4 6 6
2 3 5
0.18 0.31 0 1 9
0 2 2
1 2 10
2 3 7
0.53 0.28 0 1 1
0 2 5
1 2 6
8 7 5
0.54 0.60 0.03 0.85 0.77 0.07 0.84 0.14 0 8 4
1 4 4
1 8 2
2 4 3
2 6 5
2 7 5
2 8 9
9 5 17
0.48 0.10 0.36 0.07 0.13 0.20 0.50 0.20 0.71 1 3 3
1 5 8
1 7 7
2 9 3
8 9 3
5 8 13
0.87 0.58 0.63 0.85 0.50 0 2 1
1 2 6
1 3 7
1 4 10
1 5 2
2 3 8
3 5 6
4 5 10
7 7 19
0.68 0.80 0.39 0.85 0.83 0.97 0.02 0 1 4
0 6 6
1 4 1
1 5 8
2 3 1
3 6 7
4 5 9
3 4 15
0.15 0.25 0.30 0 1 4
0 2 4
1 3 1
2 3 4
5 7 10
0.13 0.54 0.31 0.70 0.28 0 1 6
0 4 10
0 5 10
1 2 10
1 5 2
2 5 7
3 4 7
6 10 9
0.30 0.59 0.67 0.61 0.50 0.09 0 1 5
0 2 7
0 6 3
1 3 3
1 5 6
2 4 8
2 5 10
2 6 10
4 5 3
4 6 2
8 7 15
0.02 0.73 0.30 0.69 0.33 0.80 0.78 0.25 0 5 3
0 6 7
1 7 4
1 8 1
2 7 2
3 8 7
4 5 9
1 1 12
0.76 0 1 4
1 1 17
0.31 0 1 10
7 4 8
0.59 0.09 0.62 0.59 0.04 0.48 0.78 1 4 10
2 5 4
3 4 2
3 5 2
6 12 12
0.60 0.20 0.63 0.80 0.77 0.41 0 2 5
0 4 1
0 5 3
0 6 8
1 2 7
1 5 9
1 6 9
2 5 4
2 6 2
3 4 3
3 5 7
5 6 7
2 2 5
0.95 0.83 0 1 1
0 2 9
2 2 16
0.35 0.14 0 1 2
1 2 1
6 7 12
0.37 0.40 0.55 0.53 0.85 0.08 0 1 10
0 3 9
1 5 2
2 3 10
2 6 1
3 6 4
4 6 1
8 6 5
0.44 0.45 0.03 0.52 0.69 0.16 0.23 0.66 0 4 2
0 7 1
0 8 9
3 5 8
4 5 4
6 7 6
10 1 13
0.16 0.96 0.34 0.90 0.40 0.22 0.22 0.09 0.27 0.44 4 5 6
2 3 5
0.08 0.08 0 1 9
0 2 1
1 2 1
10 12 2
0.11 0.94 0.44 0.90 0.97 0.42 0.70 0.56 0.16 0.65 0 2 10
0 3 8
0 5 4
0 7 6
0 8 2
0 10 2
1 4 3
2 6 3
2 9 9
3 9 4
4 10 1
5 8 10
6 3 4
0.25 0.20 0.47 0.25 0.59 0.74 0 1 6
0 3 6
5 6 5
2 3 12
0.04 0.93 0 1 9
0 2 9
1 2 9
4 4 10
0.47 0.97 0.84 0.39 1 3 3
1 4 1
2 3 2
3 4 4
5 9 13
0.65 0.98 0.73 0.25 0.82 0 1 6
0 2 10
0 3 8
0 5 2
1 3 5
1 4 5
3 4 9
3 5 7
4 5 10
10 1 1
0.10 0.41 0.52 0.64 0.56 0.85 0.38 0.51 0.65 0.07 1 7 3
4 3 10
0.37 0.34 0.11 0.67 0 1 6
0 2 7
3 4 8
7 9 2
0.11 0.41 0.92 0.30 0.27 0.81 0.52 0 1 7
0 6 10
1 5 1
2 6 6
3 5 6
3 6 2
4 5 5
4 7 4
6 7 9
6 7 9
0.48 0.47 0.09 0.77 0.78 0.32 0 1 5
0 2 9
0 4 3
1 3 7
1 5 6
1 6 7
5 6 9
4 2 17
0.73 0.71 0.74 0.91 1 3 5
2 4 1
1 1 19
0.28 0 1 10
8 2 16
0.27 0.95 0.73 0.65 0.37 0.71 0.36 0.76 1 6 7
1 8 4
10 1 8
0.97 0.44 0.71 0.69 0.38 0.73 0.10 0.93 0.13 0.90 3 5 1
6 5 6
0.78 0.38 0.07 0.67 0.79 0.10 0 4 5
0 5 2
0 6 9
2 4 3
4 5 6
5 10 19
0.17 0.49 0.48 0.07 0.68 0 1 2
0 2 10
0 3 4
0 5 7
1 3 1
1 4 10
1 5 7
2 4 6
2 5 1
4 5 6
2 1 11
0.82 0.29 1 2 8
1 1 7
0.23 0 1 2
9 7 17
0.33 0.50 0.50 0.64 0.01 0.89 0.84 0.64 0.98 0 8 10
1 2 10
1 3 6
1 9 3
2 3 3
2 6 3
4 9 6
9 15 2
0.41 0.61 0.89 0.85 0.17 0.52 0.13 0.11 0.07 0 2 4
0 8 2
1 6 6
1 7 2
2 4 9
2 7 8
2 9 2
3 5 6
3 6 10
3 8 1
5 9 2
6 7 10
6 8 1
6 9 7
7 9 7
5 6 9
0.64 0.77 0.52 0.83 0.91 0 2 7
1 2 7
1 3 3
1 4 10
2 3 4
4 5 6
7 9 9
0.07 0.76 0.80 0.35 0.82 0.24 0.23 0 1 2
0 6 4
1 3 7
1 6 2
2 4 2
2 5 5
3 4 4
4 5 4
4 6 4
4 2 4
0.83 0.01 0.49 0.31 0 3 9
2 4 6
2 3 18
0.35 0.90 0 1 10
0 2 2
1 2 3
3 4 5
0.96 0.17 0.75 0 1 4
0 2 10
1 2 6
2 3 5
7 13 17
0.84 0.66 0.21 0.18 0.79 0.80 0.31 0 1 4
0 3 2
0 5 3
0 6 5
1 2 2
1 4 6
1 5 6
1 7 9
2 3 7
2 5 10
2 7 2
5 7 3
6 7 10
9 9 16
0.30 0.74 0.42 0.67 0.33 0.68 0.48 0.90 0.48 0 4 5
0 8 7
1 4 9
2 7 1
3 6 9
4 7 7
5 6 6
5 8 1
6 8 4
6 10 9
0.63 0.24 0.61 0.82 1.00 0.95 0 2 8
0 5 1
1 5 4
2 5 6
2 6 2
3 5 7
3 6 4
4 5 1
4 6 10
5 6 5
2 1 19
0.45 0.00 0 2 4
3 4 20
0.16 0.58 0.21 0 1 2
0 3 1
1 2 2
2 3 8
4 10 8
0.92 0.64 0.99 0.00 0 1 2
0 2 10
0 3 5
0 4 9
1 2 1
1 3 6
1 4 10
2 3 10
2 4 10
3 4 3
3 4 20
0.59 0.03 0.15 0 1 8
0 3 10
1 2 6
1 3 6
8 3 9
0.52 0.29 0.42 0.02 0.01 0.33 0.41 0.27 0 4 10
2 5 10
2 7 8
1 1 12
0.17 0 1 4
2 3 6
0.11 0.63 0 1 9
0 2 9
1 2 5
10 14 20
0.51 0.64 0.51 0.00 0.91 0.62 0.38 0.05 0.39 0.21 0 2 4
2 3 4
2 4 8
2 6 6
2 7 7
2 8 1
3 6 2
3 10 7
4 5 4
4 6 3
4 8 2
4 9 6
4 10 7
5 9 4
4 4 12
0.64 0.62 0.19 0.64 0 1 3
0 4 7
1 2 1
1 3 9
5 7 7
0.00 0.20 0.74 0.30 0.83 0 2 1
0 3 9
1 2 4
1 3 5
1 5 8
2 4 10
3 5 8
1 1 8
0.63 0 1 7
6 7 15
0.06 0.67 0.21 0.81 0.91 0.15 0 5 9
1 3 6
1 4 8
2 5 6
3 6 8
4 6 7
5 6 3
1 1 20
0.30 0 1 1
2 3 17
0.77 0.89 0 1 10
0 2 1
1 2 10
