17 102
during
though
america
science
discussion
url
common
sports
log
received
contents
small
written
beach
schools
call
close
2 1 504
3 2 290
4 2 994
5 3 423
6 5 624
7 1 77
8 2 3
9 3 606
10 8 658
11 6 359
12 6 791
13 4 98
14 13 434
15 8 467
16 8 192
17 16 841
11 17 705
4 15 527
10 11 603
15 4 361
13 8 18
5 15 505
4 12 954
8 2 760
6 1 952
3 11 999
2 10 761
16 10 297
17 10 725
3 5 154
1 10 922
16 9 48
1 12 726
10 16 837
2 10 448
3 8 899
3 7 184
12 7 307
5 11 949
17 15 446
9 16 757
8 13 272
2 13 430
8 16 302
9 10 3
16 17 685
14 9 412
11 10 183
12 17 230
9 7 155
8 16 670
11 17 496
17 7 90
7 5 391
15 5 746
5 4 430
9 3 193
2 3 376
5 3 605
13 17 112
11 15 133
13 14 629
10 11 414
5 15 905
7 10 836
11 4 265
2 7 810
11 9 185
15 2 141
2 10 604
12 15 737
15 3 365
7 13 130
12 11 386
12 11 369
15 13 145
4 9 554
4 12 378
5 2 931
5 7 900
3 8 30
5 15 509
1 8 695
12 1 81
14 11 801
11 14 946
5 6 368
2 9 872
16 3 443
6 5 236
12 10 906
10 4 359
13 4 944
11 6 101
1 2 315
2 3 201
15 8 920
6 16 657
16 3 552
12 11 561
13 12 737
13 15 95
9 8
terms
film
change
means
issues
sales
document
small
size
2 1 495
3 1 605
4 1 793
5 4 166
6 5 379
7 1 763
8 5 721
9 3 862
7 19
important
find
until
complete
meeting
limited
good
2 1 432
3 2 653
4 2 752
5 1 349
6 2 784
7 6 686
7 2 198
2 3 235
6 5 225
3 1 487
6 3 831
5 7 434
5 1 438
5 1 33
4 6 816
1 5 385
5 4 934
7 4 742
5 7 498
2 1
side
loss
2 1 343
11 47
reserved
notice
result
sort
long
y
love
her
off
india
privacy
2 1 88
3 1 45
4 2 983
5 1 703
6 2 601
7 1 852
8 6 916
9 7 608
10 8 248
11 8 929
7 3 96
7 6 738
1 4 237
1 3 676
3 9 142
6 5 845
11 2 55
2 6 900
2 9 946
7 3 276
10 9 730
10 2 388
10 11 332
4 1 853
9 3 356
2 6 560
1 7 966
4 2 543
2 8 368
8 4 461
6 10 190
4 9 577
1 8 260
2 8 112
10 8 819
11 3 378
10 7 344
11 8 238
10 2 957
2 6 260
9 8 594
6 3 49
1 7 860
8 7 350
3 9 366
5 8 398
9 3 731
14 90
writing
read
plus
three
login
beauty
select
archives
fax
reviews
deals
management
food
notice
2 1 870
3 2 201
4 2 359
5 2 296
6 3 807
7 3 981
8 4 158
9 6 221
10 1 895
11 2 551
12 11 173
13 9 990
14 2 475
1 11 140
4 8 361
8 4 982
1 6 277
9 3 403
8 13 820
11 3 714
9 13 585
11 13 926
4 1 49
2 11 188
3 2 900
10 5 882
12 8 189
6 10 591
13 7 762
10 9 476
2 5 412
13 3 690
14 1 738
1 9 277
1 11 176
10 13 409
4 7 919
11 1 834
1 11 17
10 5 72
14 12 901
1 13 491
1 2 20
8 7 468
2 3 866
14 1 742
6 7 495
4 9 35
13 3 538
3 9 749
12 6 68
8 6 364
10 3 269
14 12 996
1 6 75
1 13 826
5 14 368
14 4 535
2 3 975
8 14 745
13 8 376
2 11 928
4 3 441
14 5 652
3 14 190
1 8 582
1 3 885
12 2 767
13 2 741
4 1 838
2 6 565
10 3 687
6 5 305
2 4 918
9 6 605
3 4 117
1 4 349
10 4 115
6 5 207
9 4 396
10 9 961
10 11 452
14 11 736
3 1 671
6 2 795
7 10 999
7 11 699
13 14 79
7 5 4
14 13 928
10 44
media
stock
chat
area
november
city
none
plan
fire
help
2 1 462
3 1 948
4 1 548
5 1 755
6 2 251
7 2 492
8 5 339
9 3 859
10 9 15
5 2 729
1 2 888
4 2 749
1 4 67
4 5 343
7 5 449
9 7 410
2 10 749
10 9 871
8 4 652
2 7 732
4 8 619
9 1 368
1 6 786
5 3 800
9 7 288
8 6 27
7 5 430
8 5 340
3 5 889
9 6 550
5 8 998
5 10 365
1 5 659
2 1 476
9 2 93
7 1 119
7 9 894
8 6 890
6 8 538
7 6 565
3 5 914
7 4 279
3 1 781
5 9 82
9 11
thanks
production
such
college
database
global
going
legal
social
2 1 660
3 2 646
4 2 720
5 1 279
6 5 54
7 1 692
8 7 892
9 6 276
9 2 388
2 9 653
5 4 20
16 69
hotels
had
me
further
sales
fun
whether
reference
downloads
space
similar
link
san
kids
fax
plan
2 1 589
3 2 103
4 1 950
5 3 725
6 2 605
7 1 404
8 3 535
9 3 55
10 4 718
11 7 975
12 8 663
13 3 229
14 9 916
15 11 183
16 2 38
10 6 700
16 12 649
12 11 551
1 7 307
7 5 598
9 4 315
7 2 792
10 8 372
13 10 24
14 16 413
3 2 39
14 5 310
8 5 305
14 3 369
3 13 319
6 2 503
7 13 14
14 4 999
7 15 548
7 14 737
8 2 715
12 16 288
16 13 951
2 6 364
15 14 630
16 13 507
12 3 225
15 16 150
13 7 965
11 10 738
2 12 804
13 11 91
12 8 393
4 13 482
10 11 718
4 11 809
5 6 912
2 5 366
6 1 367
16 11 456
1 6 259
13 16 701
8 7 445
5 3 553
15 13 290
9 2 885
15 10 57
3 2 27
3 15 664
13 6 856
2 5 560
2 16 101
8 4 868
11 9 168
13 53
might
road
often
total
q
additional
pictures
status
photo
size
had
self
beauty
2 1 639
3 1 373
4 1 445
5 2 624
6 5 555
7 1 280
8 3 275
9 6 413
10 1 121
11 2 117
12 9 862
13 8 218
8 6 131
6 13 717
5 13 826
13 4 270
5 2 883
12 4 622
5 7 243
5 3 711
1 8 825
11 4 290
7 11 858
12 5 112
8 12 442
10 13 122
2 1 4
5 6 964
1 5 337
5 11 123
12 1 123
4 3 294
1 10 243
8 5 613
6 12 808
5 10 272
7 13 123
12 7 288
4 12 14
1 11 125
3 4 810
8 9 988
6 12 939
11 9 11
9 5 896
7 10 164
6 1 360
12 5 534
13 3 308
10 3 276
2 8 149
3 11 186
8 9 476
21 149
national
space
long
cheap
supplies
black
texas
land
around
step
how
near
average
shipping
games
each
town
along
image
property
social
2 1 194
3 1 497
4 2 876
5 2 389
6 5 555
7 5 223
8 7 557
9 4 431
10 2 677
11 10 696
12 7 603
13 5 709
14 12 788
15 14 13
16 15 307
17 4 728
18 9 71
19 4 601
20 15 245
21 12 31
11 17 252
17 19 682
19 13 29
11 3 218
12 9 6
7 8 325
4 10 53
4 14 628
10 1 225
6 21 376
16 15 627
10 12 308
7 1 688
7 1 670
15 18 801
1 5 944
11 1 923
3 12 325
1 9 23
19 6 752
12 2 86
21 5 595
21 11 252
1 20 540
18 17 521
20 5 961
20 18 224
9 14 161
15 11 372
20 17 550
19 6 295
2 10 415
10 2 189
8 21 891
4 2 442
6 19 495
1 14 79
12 18 245
1 21 973
15 4 135
20 4 106
8 14 216
9 4 420
6 12 111
8 19 605
3 21 758
14 20 162
11 15 443
8 16 277
9 10 335
13 19 719
3 6 868
6 11 726
15 6 194
10 7 514
8 9 854
6 17 880
18 1 814
10 18 817
17 11 612
14 21 101
19 7 578
6 21 809
11 1 983
16 6 341
1 18 974
15 10 80
16 17 737
10 9 893
20 8 520
18 15 104
3 12 398
21 10 969
21 14 589
6 7 15
21 9 907
9 19 320
2 8 118
8 17 744
15 11 826
9 1 51
18 3 489
6 1 7
17 1 683
2 12 709
9 17 598
4 21 557
11 16 167
4 5 891
15 3 895
13 18 496
13 9 794
13 1 719
2 12 338
4 2 398
10 19 995
11 16 903
21 10 70
2 12 960
6 14 395
11 5 555
13 17 852
19 7 507
21 18 196
1 19 593
8 14 939
18 6 842
15 13 263
16 3 574
8 14 779
10 1 832
6 16 31
10 9 299
4 13 349
1 17 13
13 9 233
16 4 90
6 18 124
8 11 532
20 9 954
20 10 801
12 1 606
21 4 120
12 21 931
6 17 108
14 8 157
15 7 690
11 1 280
19 8 40
18 110
window
started
some
red
college
put
limited
choose
date
categories
advertise
become
week
looking
turn
pc
four
info
2 1 63
3 1 108
4 1 315
5 3 885
6 1 406
7 4 51
8 5 121
9 4 64
10 4 928
11 10 282
12 2 785
13 2 717
14 9 533
15 2 831
16 6 697
17 8 842
18 13 768
3 4 591
3 18 996
14 7 723
2 11 786
11 9 412
8 6 938
16 12 470
12 16 671
17 5 512
2 18 813
2 1 755
5 18 750
18 4 472
1 13 609
10 3 20
15 6 920
9 13 169
12 4 13
18 8 481
12 9 323
10 11 864
9 13 278
2 12 388
5 10 94
18 1 677
3 16 550
1 4 891
10 7 255
17 13 483
6 15 522
14 2 668
8 3 562
1 6 280
10 3 606
11 2 951
6 5 568
7 18 352
11 16 440
18 3 935
5 18 808
18 1 475
7 1 389
5 7 668
13 9 273
3 9 575
8 13 142
12 10 846
4 7 637
14 7 379
1 6 187
16 4 13
3 4 401
7 8 420
1 17 692
3 7 619
8 17 760
1 8 957
3 14 593
9 1 563
12 9 895
13 11 810
16 10 224
4 16 759
2 6 377
6 7 992
2 15 103
9 5 824
2 7 710
2 4 864
9 14 119
17 6 601
8 11 704
6 1 313
11 13 892
15 5 635
12 16 382
16 17 632
2 16 378
3 15 63
16 6 67
3 6 280
12 16 65
12 5 472
4 16 624
8 7 213
4 2 208
18 17 369
13 1 652
9 4 355
14 6 38
17 15 949
12 6 896
16 18 455
2 1
heart
high
2 1 604
18 43
policies
october
post
both
november
fire
log
night
profile
heart
p
linux
computers
click
previous
shall
health
newsletter
2 1 314
3 1 727
4 1 251
5 1 553
6 2 625
7 4 929
8 6 233
9 1 865
10 5 475
11 8 589
12 9 414
13 1 147
14 5 996
15 14 883
16 11 860
17 13 364
18 5 648
6 12 367
17 4 343
13 2 812
1 8 676
16 8 731
1 10 496
17 11 252
3 1 994
13 7 357
1 13 799
6 4 517
4 7 212
16 8 23
17 14 699
12 3 781
12 11 277
5 1 285
3 18 527
7 11 340
2 4 800
3 8 509
10 5 417
15 2 98
10 12 940
11 14 65
3 5 735
3 2
next
web
tv
2 1 681
3 1 397
18 149
project
direct
girls
space
sort
listings
under
methods
holiday
provided
shoes
school
ebay
plus
jun
customers
products
compare
2 1 886
3 1 865
4 3 479
5 3 461
6 2 797
7 4 705
8 3 574
9 5 120
10 6 834
11 3 502
12 9 348
13 9 401
14 2 128
15 6 711
16 2 915
17 8 619
18 16 294
6 9 304
6 15 452
2 16 341
5 18 813
4 12 446
1 16 145
9 8 1
18 11 64
10 12 762
4 9 55
12 10 531
6 7 548
1 17 974
18 3 704
10 1 267
7 2 115
12 2 364
4 3 7
14 8 564
2 11 273
11 7 986
17 9 163
13 15 530
16 4 955
14 15 44
14 9 946
13 4 213
13 5 677
2 5 750
12 14 403
1 7 823
9 8 961
3 15 326
6 4 905
18 8 862
9 4 643
10 3 96
14 12 868
18 4 376
9 11 423
9 17 245
16 7 557
18 1 234
16 4 563
12 1 944
18 7 623
17 16 866
13 11 785
10 8 805
16 1 227
5 15 823
2 1 731
17 1 965
18 4 454
1 13 805
5 6 799
3 2 591
11 7 899
1 13 582
17 11 996
11 7 398
12 13 423
11 10 932
9 12 385
7 6 190
14 11 905
6 13 801
11 4 482
4 2 966
13 18 29
8 10 265
2 1 880
5 11 156
10 1 971
9 7 195
4 15 99
7 10 252
17 11 733
1 12 50
13 9 430
1 18 695
2 17 926
10 9 441
10 12 988
14 18 76
11 16 855
18 5 563
10 6 452
1 18 102
18 9 229
18 6 275
18 4 552
9 10 992
17 3 331
10 18 406
2 14 612
17 16 175
8 3 626
6 18 79
14 8 290
2 10 470
3 8 545
13 6 999
13 7 517
11 2 159
6 15 566
3 15 961
3 5 86
2 4 892
7 6 597
17 9 88
6 10 851
9 8 825
14 13 457
13 15 461
7 9 800
18 3 789
2 5 874
3 8 117
8 11 66
6 2 153
15 9 96
9 1 893
5 4 971
12 18 87
14 18 854
8 17 444
4 17 483
6 14 533
9 13 685
16 2 40
13 16 570
1 0
david
17 49
easy
online
days
archives
western
n
estate
wireless
issues
version
non
y
knowledge
latest
additional
none
might
2 1 772
3 1 335
4 2 149
5 2 14
6 2 38
7 6 83
8 7 166
9 5 1
10 7 241
11 5 80
12 9 444
13 8 128
14 3 213
15 1 641
16 11 497
17 13 667
1 8 7
16 6 20
6 14 58
4 12 575
12 1 200
12 2 354
3 2 482
16 9 913
10 11 410
10 13 30
10 4 36
16 17 43
10 5 964
1 8 923
4 17 474
15 9 827
8 1 660
15 17 573
15 11 334
7 14 363
13 8 707
2 7 749
17 11 747
6 12 511
3 6 677
2 11 335
14 1 62
11 6 849
2 12 663
16 1 167
2 8 873
3 5 974
5 15 390
15 103
show
james
old
team
higher
percent
west
poker
go
having
join
stay
recent
v
hot
2 1 477
3 2 487
4 3 418
5 1 605
6 5 320
7 6 728
8 6 561
9 1 753
10 9 374
11 1 300
12 11 509
13 3 630
14 9 801
15 3 248
13 4 984
7 2 470
6 7 915
4 3 586
7 14 75
2 10 179
10 6 153
8 12 233
7 1 386
6 1 316
11 4 299
2 5 120
7 4 386
2 6 971
8 5 398
9 14 576
10 11 80
6 7 92
7 1 251
14 6 8
2 14 343
13 7 156
1 4 864
14 4 496
3 2 130
1 11 851
3 13 30
9 3 153
9 6 496
7 1 184
5 9 342
11 3 14
4 6 877
9 2 108
5 4 331
9 6 213
11 2 686
2 4 686
9 11 247
9 1 388
12 7 56
2 10 721
15 13 474
9 14 933
4 9 847
1 4 496
2 8 958
11 13 615
5 8 862
5 9 601
1 7 656
2 1 729
2 13 202
2 3 135
12 11 333
12 6 180
2 13 510
12 15 500
10 11 460
15 1 731
8 1 589
1 10 968
9 3 736
5 4 853
15 7 651
9 3 988
13 7 607
13 9 488
15 3 934
15 12 980
8 4 682
2 12 464
4 2 800
14 2 269
5 11 423
14 11 109
5 1 931
13 7 920
7 1 277
3 4 536
14 5 538
2 14 31
3 7 901
11 1 951
10 7 246
15 2 354
5 9 637
9 15 908
1 15 184
11 32
submit
energy
later
good
put
years
apr
non
equipment
access
pages
2 1 539
3 2 177
4 1 259
5 3 585
6 4 987
7 1 555
8 6 42
9 7 117
10 8 386
11 6 939
5 1 709
9 4 338
5 7 780
3 6 318
9 10 748
2 8 332
3 8 477
9 5 870
2 10 773
3 8 63
3 6 546
4 1 828
10 9 465
3 11 260
1 4 232
7 8 749
9 2 225
4 7 95
4 3 954
11 5 470
1 11 41
7 3 680
22 21
figure
record
japan
english
drive
topics
countries
categories
b
canada
different
center
directory
line
usually
before
car
low
return
added
subject
m
2 1 347
3 2 52
4 2 148
5 3 449
6 1 840
7 2 512
8 6 385
9 7 512
10 8 359
11 8 867
12 6 310
13 4 309
14 7 503
15 10 795
16 4 7
17 1 893
18 16 63
19 18 130
20 8 442
21 13 216
22 12 711
1 0
tips
21 172
small
bar
director
million
related
sign
south
learn
town
also
status
auto
ask
port
run
teen
stock
green
still
linux
building
2 1 431
3 1 407
4 1 354
5 4 5
6 1 249
7 4 227
8 6 85
9 6 543
10 2 209
11 10 42
12 10 911
13 10 634
14 9 217
15 12 662
16 11 198
17 4 641
18 16 877
19 2 122
20 6 580
21 20 762
4 1 509
16 5 51
4 20 798
19 16 709
8 20 655
20 11 224
15 2 864
1 13 262
8 21 193
17 12 372
21 10 881
13 14 283
16 10 81
14 2 141
10 19 558
20 16 989
21 8 786
10 17 812
9 19 68
18 2 436
6 10 144
17 9 367
3 18 664
4 5 268
20 16 812
14 11 424
19 5 949
15 12 241
21 9 660
15 8 448
18 17 591
11 3 957
13 20 973
14 1 240
12 14 404
2 1 827
20 6 776
8 15 493
16 11 993
2 18 820
17 13 962
17 14 631
13 12 716
13 2 112
5 14 212
5 16 3
8 6 755
7 1 771
21 10 115
20 6 287
13 16 600
8 6 230
20 17 297
11 16 761
13 7 972
18 1 326
2 4 80
3 4 677
10 12 895
15 7 505
9 1 179
14 15 829
8 16 841
21 15 851
6 4 189
5 13 189
8 4 126
12 14 409
2 6 334
6 20 561
7 10 845
21 10 884
15 19 331
7 4 516
10 19 10
2 4 432
3 6 637
14 7 200
20 11 947
16 21 993
2 4 271
16 11 669
8 9 999
14 10 867
21 7 228
20 10 659
1 13 295
15 18 847
13 5 145
7 4 137
7 5 759
17 16 843
2 5 857
12 21 159
16 20 626
3 8 700
13 8 201
9 6 384
11 14 122
15 8 943
17 11 822
9 12 617
12 5 312
11 5 136
7 16 818
14 5 276
19 14 23
3 1 288
17 1 472
1 14 602
11 8 619
20 8 958
12 3 368
20 7 503
5 1 321
16 6 948
13 17 970
15 17 610
10 18 433
14 8 804
7 17 892
7 15 596
20 18 296
21 16 464
2 18 848
1 12 147
12 3 211
9 18 874
14 12 68
5 4 557
3 9 372
1 13 387
20 10 683
18 2 498
19 18 697
19 8 843
8 9 405
4 3 882
14 4 895
17 13 711
2 17 770
8 15 795
4 1 829
10 21 829
5 19 23
17 14 100
12 19 131
15 9 770
5 11 945
21 16 661
12 1 581
16 8 711
2 1
make
church
2 1 527
12 35
ad
adult
since
g
areas
player
clear
bill
enough
public
hot
real
2 1 945
3 1 890
4 1 547
5 4 705
6 2 602
7 4 195
8 5 917
9 3 559
10 1 52
11 1 100
12 7 356
9 3 219
9 11 510
8 9 333
1 10 531
9 8 236
6 11 922
10 1 191
8 10 897
6 1 348
1 5 20
9 8 239
9 6 748
5 6 755
6 2 3
5 12 935
9 7 221
10 7 411
5 8 659
2 12 6
6 5 25
2 4 263
3 9 362
11 6 468
5 7 471
9 33
students
meeting
reports
life
cheap
true
jul
language
done
2 1 516
3 2 905
4 3 1
5 3 353
6 5 990
7 4 447
8 6 420
9 7 299
9 1 981
6 8 518
5 6 806
9 6 266
4 5 781
9 4 854
6 5 559
6 9 253
5 6 607
5 4 545
6 9 597
1 5 754
8 9 19
9 2 152
8 5 5
4 7 563
7 5 168
4 1 192
8 7 798
9 1 736
8 3 191
2 8 454
8 1 669
7 9 820
3 5 825
3 2
within
sale
title
2 1 44
3 1 422
20 119
already
india
powered
license
access
tech
listings
garden
camera
past
last
required
film
even
shop
project
south
tv
street
blog
2 1 244
3 2 84
4 1 271
5 3 175
6 1 137
7 3 669
8 6 724
9 3 119
10 5 277
11 3 149
12 7 358
13 5 628
14 11 339
15 11 299
16 5 303
17 10 333
18 6 68
19 4 825
20 18 318
6 16 467
8 17 190
19 9 304
19 17 804
16 10 695
12 17 33
7 2 545
20 14 442
16 1 619
5 10 969
2 17 435
9 13 624
7 1 280
17 10 83
4 19 778
2 15 549
9 17 445
8 10 886
15 2 504
11 3 473
12 19 259
20 12 883
19 4 162
15 13 596
19 11 373
5 6 535
1 6 555
2 10 62
3 15 176
5 11 918
4 3 389
15 13 980
18 15 498
3 8 625
13 4 695
10 8 739
15 14 440
4 8 141
19 1 256
1 16 180
15 5 35
7 13 221
2 13 611
1 2 473
16 6 105
4 20 815
9 19 149
17 10 905
9 2 615
15 17 249
9 1 283
15 14 504
8 18 114
9 19 586
16 5 42
11 16 208
20 14 357
8 15 613
16 17 227
12 5 361
1 13 36
15 18 891
3 15 356
3 13 293
10 9 334
1 5 542
12 10 250
19 5 862
6 13 88
10 17 800
14 10 800
11 17 486
17 19 680
1 14 194
10 6 724
14 19 924
15 12 295
19 1 385
11 14 202
20 1 391
9 12 204
17 3 186
15 9 802
3 8 822
4 5 545
9 15 820
3 7 466
14 7 850
16 13 51
15 13 794
15 17 997
11 19 535
17 7 688
16 7 30
20 8 225
15 4 653
1 15 108
19 20 301
11 1 436
16 3 223
18 55
write
policy
location
popular
digital
microsoft
quality
must
then
bit
beach
doing
date
issues
gifts
questions
loan
japan
2 1 544
3 2 787
4 1 544
5 4 887
6 5 853
7 2 87
8 2 173
9 5 699
10 3 240
11 10 910
12 7 299
13 7 650
14 4 679
15 10 224
16 3 882
17 10 436
18 5 810
11 5 638
12 7 490
17 6 483
4 6 181
15 6 528
6 15 826
9 13 792
11 12 368
8 9 370
3 6 532
6 13 884
10 18 192
15 9 938
18 3 595
5 15 843
18 3 10
2 12 960
12 3 327
18 11 48
18 14 579
5 8 815
13 5 6
7 13 295
7 13 889
9 10 731
8 10 740
18 1 565
2 12 987
11 14 886
9 4 852
4 12 112
13 6 151
17 12 471
15 16 902
5 7 971
4 12 560
5 11 107
17 11 333
1 0
western
9 25
too
am
european
rating
students
general
map
technical
link
2 1 692
3 1 999
4 1 287
5 2 584
6 3 795
7 3 320
8 4 2
9 2 825
8 7 106
9 3 143
2 8 117
1 7 692
8 5 741
3 6 91
7 1 432
9 7 226
6 8 813
1 3 106
7 3 600
8 1 69
1 6 380
3 4 210
5 4 374
7 1 121
1 7 623
3 2
lake
two
little
2 1 334
3 1 403
8 11
tv
does
windows
method
stories
notice
could
increase
2 1 804
3 1 241
4 3 910
5 3 821
6 1 357
7 6 114
8 3 923
6 7 552
4 3 539
1 2 533
1 5 78
4 4
course
updated
college
ad
2 1 34
3 2 369
4 3 894
2 1 174
10 45
subject
id
insurance
turn
brand
response
sale
loans
among
gifts
2 1 798
3 2 226
4 2 393
5 3 817
6 3 790
7 2 860
8 4 499
9 7 232
10 3 293
5 4 601
10 6 37
9 8 413
6 4 127
5 4 669
3 1 61
9 3 867
6 2 79
6 1 699
7 4 487
10 8 555
8 9 402
10 7 288
6 5 813
4 9 563
6 3 637
5 1 148
3 9 660
3 4 756
8 10 942
7 8 433
6 2 960
2 6 900
8 3 317
9 7 403
1 9 548
4 6 264
2 5 706
7 5 199
6 10 386
6 3 763
9 8 590
4 7 23
1 8 815
1 6 569
1 5 468
7 12
black
same
finance
color
city
western
been
2 1 793
3 1 663
4 3 679
5 1 42
6 5 675
7 4 99
2 5 386
4 2 192
2 3 746
4 6 628
6 1 353
5 7 401
15 64
space
every
write
v
know
part
save
institute
next
team
t
let
images
based
gallery
2 1 846
3 2 408
4 3 486
5 3 284
6 4 309
7 5 694
8 6 737
9 1 59
10 2 688
11 5 459
12 6 165
13 12 443
14 12 20
15 1 572
13 10 528
3 10 936
15 1 332
5 9 640
11 15 858
5 3 917
10 8 582
9 14 98
8 1 601
10 7 172
5 12 361
6 4 363
14 1 202
14 12 544
13 3 579
7 3 208
7 1 229
5 12 15
5 11 242
12 3 914
8 14 626
13 10 988
11 10 541
10 14 84
14 8 662
13 10 222
4 2 802
8 5 816
4 15 58
13 2 271
12 2 633
13 12 222
7 11 215
5 7 421
13 2 231
14 1 773
1 14 966
12 5 540
12 6 193
13 15 403
7 12 611
3 1 843
14 2 59
12 6 256
5 3 715
5 14 280
10 6 712
15 9 704
12 3 45
11 8 829
4 6
server
welcome
body
practice
2 1 50
3 2 115
4 3 821
1 3 607
3 1 98
3 2 603
8 7
plus
event
river
best
item
material
again
complete
2 1 392
3 2 182
4 2 667
5 2 320
6 5 805
7 6 866
8 6 419
5 10
save
please
given
ii
materials
2 1 536
3 1 521
4 2 7
5 4 179
2 5 59
1 2 539
4 1 579
1 3 483
2 3 805
3 2 367
1 0
student
4 3
add
girl
function
color
2 1 403
3 2 214
4 2 702
13 46
enough
journal
weight
river
de
microsoft
included
analysis
trade
final
average
where
industry
2 1 526
3 2 429
4 2 768
5 3 58
6 3 226
7 6 609
8 3 184
9 8 54
10 1 388
11 7 532
12 6 932
13 6 585
9 5 8
6 3 990
2 9 50
13 1 818
10 7 128
5 8 736
4 2 720
11 7 459
5 4 655
4 8 591
4 8 19
11 13 8
2 10 58
3 11 227
12 4 354
6 12 90
9 2 161
7 8 619
1 13 230
9 3 890
1 12 908
11 13 268
12 10 677
2 7 903
2 12 256
9 12 697
5 13 209
13 9 827
1 8 804
5 2 19
5 3 636
5 1 27
1 7 739
9 8 207
10 34
level
ask
federal
status
login
photo
regional
india
mean
since
2 1 187
3 2 165
4 1 942
5 4 292
6 3 763
7 4 269
8 6 168
9 4 261
10 7 605
9 4 48
10 3 990
7 9 447
1 3 684
9 1 955
5 7 248
6 5 211
8 9 831
8 2 561
3 4 518
8 5 426
5 2 671
3 10 117
5 4 153
9 6 133
8 10 719
8 7 419
8 7 971
1 4 134
10 6 768
7 5 801
1 7 824
5 8 940
1 2 444
6 7 254
9 16
rights
business
august
personal
date
review
important
reserved
includes
2 1 61
3 2 786
4 2 394
5 2 111
6 1 78
7 4 502
8 1 281
9 1 854
9 3 514
5 3 764
1 3 252
3 1 170
9 6 365
7 3 996
1 3 919
3 7 551
1 0
shows
15 98
light
very
film
between
then
estate
already
guide
france
press
through
daily
far
bank
note
2 1 130
3 1 502
4 3 405
5 3 602
6 3 286
7 5 624
8 2 764
9 4 468
10 4 18
11 8 303
12 7 217
13 1 843
14 8 176
15 13 661
10 5 776
11 2 653
5 6 254
10 9 968
5 12 732
15 2 311
9 1 614
12 15 408
7 8 583
3 4 625
14 8 431
15 1 387
12 3 811
5 8 873
8 15 562
1 3 71
1 9 976
8 9 449
15 6 91
3 15 745
2 12 668
4 2 788
15 11 951
4 3 823
11 10 736
4 12 159
4 5 134
11 13 583
2 10 25
4 10 769
1 13 449
4 6 589
3 2 539
13 11 361
15 5 96
3 2 254
14 13 740
9 3 674
11 12 698
6 13 466
8 10 749
11 1 337
5 2 875
9 4 587
8 9 682
3 2 288
1 6 27
9 8 700
11 12 397
12 9 346
11 10 446
6 10 134
2 3 360
10 14 946
9 7 979
11 15 266
3 5 292
12 5 991
14 8 739
14 1 952
1 3 417
2 13 89
5 1 870
3 5 416
1 10 372
7 4 387
3 1 585
7 13 823
14 15 643
7 6 459
1 7 34
14 4 740
14 12 831
11 14 745
5 1 57
15 12 455
8 11 53
5 12 466
11 1 785
1 10 758
8 10 378
3 10 443
6 12 734
11 2 609
4 4
rss
means
pages
login
2 1 131
3 1 615
4 3 347
2 3 829
2 1
case
society
2 1 912
17 31
re
life
wireless
need
toys
golf
india
area
four
october
between
blue
systems
internet
conditions
bad
management
2 1 575
3 1 718
4 2 535
5 3 148
6 2 439
7 3 524
8 5 32
9 4 567
10 8 723
11 2 445
12 5 488
13 3 315
14 2 998
15 12 366
16 3 443
17 10 196
13 14 754
14 12 253
14 17 465
9 8 848
11 14 115
16 8 911
1 14 978
12 2 328
3 5 293
3 5 488
17 9 400
2 1 784
10 4 606
17 1 732
4 5 72
4 4
analysis
island
line
auto
2 1 728
3 1 628
4 1 100
4 3 346
6 15
using
forum
changes
others
along
thread
2 1 408
3 2 75
4 3 419
5 2 903
6 4 709
5 1 74
1 5 449
6 3 809
4 5 774
6 5 333
6 1 607
5 2 366
1 2 821
4 5 723
5 4 213
1 0
today
1 0
resource
15 96
red
linux
women
account
through
videos
face
far
features
possible
forums
messages
like
university
management
2 1 285
3 1 177
4 2 44
5 2 329
6 2 203
7 4 518
8 6 5
9 7 699
10 7 721
11 8 194
12 11 5
13 8 896
14 4 43
15 1 596
8 6 723
10 5 251
15 7 86
2 7 288
6 10 568
8 14 371
5 1 917
4 10 33
12 15 428
14 9 944
7 14 18
8 3 621
8 1 706
1 14 994
14 15 561
12 13 178
4 14 480
13 15 433
6 4 936
5 12 232
11 10 249
10 4 869
2 12 927
10 2 920
8 2 832
4 6 361
14 4 840
11 10 625
10 14 466
14 2 697
1 11 298
11 6 518
4 9 444
13 11 715
5 4 898
15 9 611
13 5 450
15 6 426
13 11 876
6 7 139
1 13 947
14 7 937
7 5 515
9 10 893
12 15 9
13 12 244
2 12 598
7 14 393
3 4 272
9 4 993
13 10 665
12 1 580
1 9 99
10 5 927
1 7 566
3 13 428
4 1 25
2 6 417
4 10 41
4 5 33
9 14 49
5 6 629
12 14 727
13 11 5
14 9 570
3 6 569
10 8 287
1 13 791
10 11 916
6 1 22
12 10 810
2 9 336
8 2 469
3 10 521
11 4 576
9 4 558
1 12 58
5 1 115
1 13 139
8 13 526
3 9 52
3 5 494
7 6
people
step
left
three
part
common
story
2 1 562
3 2 175
4 3 172
5 3 691
6 4 78
7 6 370
8 18
better
text
living
china
yellow
nov
id
cars
2 1 143
3 2 706
4 1 454
5 2 877
6 3 328
7 6 280
8 7 653
4 8 648
7 6 177
8 7 333
2 3 127
4 8 58
2 7 201
3 1 312
4 6 611
3 5 890
7 1 668
2 8 668
16 47
james
city
change
island
call
enough
blue
beauty
comments
fire
means
click
total
details
files
national
2 1 516
3 1 150
4 2 450
5 4 23
6 2 261
7 4 60
8 5 113
9 1 347
10 2 162
11 9 799
12 2 240
13 6 999
14 4 541
15 5 826
16 5 586
13 4 934
8 1 736
14 2 215
15 7 274
7 6 756
6 8 721
14 6 313
4 1 294
11 5 119
4 10 65
1 13 351
8 13 86
5 14 652
3 4 277
10 9 385
1 16 654
6 1 643
6 9 630
10 14 408
3 5 772
15 5 588
8 11 529
11 15 196
16 2 109
16 11 316
5 11 244
7 16 484
12 5 370
12 14 726
15 1 146
2 15 269
12 10 828
5 4
some
own
west
access
g
2 1 725
3 1 470
4 3 939
5 2 917
18 110
options
link
baby
gay
germany
drive
gold
sure
result
travel
show
music
during
sort
however
address
check
remember
2 1 664
3 1 572
4 3 94
5 4 448
6 4 500
7 2 742
8 5 73
9 7 35
10 9 761
11 6 562
12 4 668
13 7 83
14 11 898
15 10 122
16 13 817
17 16 943
18 16 174
16 1 123
3 18 974
16 12 596
3 8 630
10 16 513
13 8 181
15 1 643
14 5 530
5 13 824
1 18 690
14 18 812
16 15 138
13 9 733
13 14 714
2 10 227
12 17 759
8 15 401
12 17 516
4 10 299
2 14 607
17 7 182
14 3 607
2 6 271
15 16 683
4 9 253
18 17 278
12 13 421
3 11 937
5 3 587
6 14 193
2 18 726
13 2 684
14 5 954
9 18 636
12 7 240
10 5 518
4 16 711
14 8 435
14 12 531
7 16 262
7 18 42
6 9 528
9 6 122
8 17 36
14 1 151
17 10 690
14 7 651
1 11 579
13 18 194
7 10 980
13 8 373
16 14 252
6 18 373
2 14 342
3 9 516
12 5 854
5 16 607
11 17 794
8 11 863
14 18 842
6 5 566
4 1 818
9 18 542
4 13 302
11 7 212
15 10 163
13 17 117
9 15 649
1 14 375
16 3 142
3 12 972
1 4 101
16 1 575
8 6 461
14 13 343
3 2 69
18 1 939
14 3 307
8 14 631
10 14 3
1 7 747
2 8 91
18 10 200
6 1 537
18 13 797
18 17 141
18 15 480
2 8 716
13 6 697
6 3 230
13 17 564
18 11 562
8 5 743
21 20
average
been
along
district
whether
africa
else
events
run
road
resource
update
address
title
materials
increase
rules
sep
central
clear
high
2 1 398
3 2 910
4 3 156
5 2 83
6 3 590
7 6 390
8 6 333
9 4 243
10 6 621
11 3 583
12 10 331
13 1 637
14 6 455
15 6 73
16 5 460
17 9 18
18 12 600
19 7 504
20 4 641
21 2 521
4 3
tickets
its
taken
camera
2 1 291
3 2 617
4 2 964
7 16
dvd
full
low
speed
golf
making
player
2 1 899
3 2 268
4 1 782
5 2 401
6 3 424
7 5 87
2 6 502
1 5 683
5 3 462
1 3 912
4 6 409
6 4 907
4 3 526
2 4 683
4 5 106
5 1 952
21 189
map
risk
become
click
jan
gallery
copy
analysis
bay
services
cover
college
sound
computers
change
taken
family
paper
level
low
areas
2 1 1
3 2 111
4 3 860
5 3 16
6 1 648
7 3 230
8 1 400
9 5 112
10 1 980
11 7 475
12 11 420
13 5 38
14 9 615
15 3 778
16 13 834
17 2 362
18 7 585
19 16 299
20 6 732
21 12 930
10 5 772
10 1 235
15 10 542
21 17 313
1 6 973
16 5 103
16 7 670
7 9 255
1 17 50
16 11 332
18 2 843
17 18 13
5 15 514
19 4 723
3 17 969
7 10 255
14 1 374
2 20 315
1 13 717
14 3 48
8 2 890
3 19 254
5 11 767
3 12 489
5 8 457
10 15 711
21 13 436
19 11 467
11 15 101
11 8 356
12 4 704
8 10 370
18 16 524
8 11 870
13 17 30
6 7 591
18 19 956
6 3 888
20 10 975
4 17 535
5 14 322
14 19 156
8 3 149
18 12 249
11 3 70
15 17 547
10 17 73
12 16 3
1 12 356
6 15 413
10 6 86
2 1 593
7 3 741
1 14 342
9 14 411
2 9 309
11 2 381
20 17 383
20 6 738
12 18 585
15 4 406
15 11 980
15 6 635
7 4 465
21 11 108
6 19 658
6 10 567
20 1 131
2 20 406
16 19 911
9 2 669
21 12 1000
14 15 635
21 18 451
18 7 559
21 2 216
5 12 135
4 10 617
5 8 374
6 3 930
12 2 598
12 11 597
19 4 755
4 1 774
10 16 607
17 16 561
13 20 17
19 2 709
7 5 728
10 7 657
21 6 606
9 14 202
11 17 785
11 15 818
6 18 409
21 1 567
19 14 564
19 15 824
12 21 451
21 4 459
21 9 64
6 1 618
16 15 402
6 7 219
9 1 979
6 1 897
1 12 460
19 5 636
18 2 797
19 9 573
6 21 428
4 6 254
19 8 367
18 2 822
5 2 800
10 21 48
10 11 508
6 13 143
21 14 939
19 1 863
6 1 768
11 5 427
12 17 170
2 13 165
6 15 91
21 1 243
16 8 284
17 11 937
13 11 950
4 6 132
8 4 899
10 8 868
13 5 918
12 15 82
17 8 172
16 6 766
9 13 401
2 3 338
14 11 287
16 14 770
2 17 20
11 2 887
15 4 326
6 7 158
13 8 886
16 6 853
7 11 623
7 12 634
17 4 175
7 5 462
3 17 136
2 18 388
5 1 183
11 13 91
19 15 952
1 12 655
11 1 647
6 20 730
21 2 256
13 6 412
18 6 724
11 7 274
17 12 501
6 20 885
4 15 506
18 15 332
17 3 428
20 1 509
19 3 116
17 97
story
key
whether
camera
way
poker
where
through
required
questions
enter
html
standards
microsoft
west
stay
pay
2 1 506
3 1 974
4 1 905
5 2 369
6 2 418
7 5 57
8 3 903
9 5 13
10 2 524
11 6 317
12 9 308
13 2 868
14 3 561
15 5 980
16 12 981
17 14 504
6 3 338
13 9 443
5 15 499
2 7 994
15 16 352
2 14 11
8 1 976
7 4 307
16 3 198
15 13 635
6 10 975
9 1 417
5 16 268
11 13 554
14 9 900
7 13 910
14 13 237
4 16 543
3 10 268
17 8 186
13 4 548
16 12 89
1 7 994
17 6 62
13 12 909
16 7 402
6 4 810
15 11 761
1 4 795
6 3 898
2 7 831
4 1 594
1 2 846
6 2 492
17 7 162
15 10 332
3 1 174
8 2 286
8 6 80
4 16 329
16 5 811
12 16 755
8 16 45
11 13 395
10 12 6
7 17 370
9 8 895
7 10 181
14 6 612
1 4 941
13 17 100
3 12 204
1 17 505
13 6 297
16 9 251
6 13 888
14 8 617
6 5 377
2 14 727
13 10 706
12 6 309
15 9 893
5 14 138
1 9 595
9 6 534
13 11 905
3 6 927
15 7 633
2 7 608
3 11 771
8 6 78
17 13 986
4 14 306
4 15 378
9 11 948
2 5 78
15 13 785
5 17 962
2 17 143
12 1 290
8 5 639
16 31
king
people
products
light
la
marketing
college
internet
india
words
park
conditions
rate
down
active
posted
2 1 54
3 2 384
4 3 184
5 2 95
6 5 419
7 1 285
8 3 679
9 6 26
10 1 512
11 9 944
12 5 710
13 5 549
14 3 84
15 5 761
16 11 453
3 11 287
14 2 471
12 16 672
7 3 956
5 3 190
10 12 53
15 10 32
11 2 736
14 13 848
10 1 954
12 11 592
9 12 62
5 12 85
11 14 392
14 16 419
2 9 740
6 9
reference
agreement
getting
point
education
family
2 1 569
3 2 686
4 2 310
5 2 277
6 3 87
6 4 779
1 5 374
1 6 639
3 2 774
15 23
reports
love
living
great
club
movies
cards
small
access
thing
room
travel
hosting
end
three
2 1 896
3 2 656
4 2 534
5 3 968
6 4 396
7 5 609
8 6 901
9 3 761
10 2 862
11 3 695
12 11 435
13 9 41
14 2 10
15 12 21
12 4 814
4 6 821
4 11 461
9 5 856
14 1 892
4 6 4
7 14 514
12 4 300
7 5 820
15 75
already
offer
back
every
marketing
blog
purchase
common
talk
terms
under
turn
google
were
write
2 1 853
3 2 97
4 2 728
5 3 148
6 1 299
7 3 758
8 2 812
9 2 356
10 5 636
11 4 756
12 4 685
13 12 75
14 3 247
15 1 715
11 1 331
15 13 427
2 5 955
5 14 605
3 14 660
5 12 15
5 14 667
10 9 704
14 13 7
7 14 721
14 6 564
3 11 360
12 7 666
8 13 270
10 3 281
7 15 295
11 5 314
13 14 369
5 3 402
6 9 4
9 14 936
3 10 295
6 8 960
14 5 582
2 15 766
4 6 35
4 9 295
2 13 3
13 15 756
10 1 111
10 14 46
13 15 341
10 8 652
8 4 585
15 3 799
5 8 659
5 10 832
2 9 725
9 3 344
9 5 59
7 5 783
7 6 707
6 8 22
9 4 881
4 14 105
3 2 382
12 15 846
13 8 655
15 9 298
5 7 578
1 7 479
6 10 467
13 1 697
13 9 955
1 7 59
3 15 440
7 6 638
4 13 644
3 13 293
14 11 870
7 3 700
9 15
had
limited
author
player
death
west
seller
archives
prices
2 1 32
3 2 584
4 3 945
5 3 663
6 5 527
7 2 842
8 2 74
9 3 696
7 4 297
1 2 511
4 1 196
2 8 200
5 2 583
7 2 126
7 4 140
17 86
posts
view
jan
london
street
say
because
complete
things
know
limited
rights
man
type
areas
period
blog
2 1 184
3 2 386
4 2 773
5 1 583
6 2 544
7 3 601
8 2 878
9 8 665
10 2 257
11 6 507
12 4 290
13 9 496
14 1 789
15 7 724
16 1 438
17 13 372
3 16 142
7 3 39
14 5 991
7 5 656
11 17 912
15 3 68
5 3 915
1 4 229
16 4 18
5 17 342
11 15 869
13 9 979
9 5 988
4 17 225
3 15 30
14 5 692
16 12 639
3 12 726
14 11 907
12 4 875
13 2 744
16 10 722
7 5 61
11 4 638
4 9 667
17 14 358
8 16 669
12 9 232
7 16 729
6 1 332
4 13 887
15 12 432
17 1 309
1 2 823
10 6 588
8 13 23
6 2 691
6 10 524
12 6 538
13 5 778
8 13 762
2 4 819
11 8 936
3 14 43
16 12 167
12 6 649
13 15 183
14 16 141
10 3 133
5 4 970
17 2 178
11 3 235
9 17 580
17 5 684
6 17 851
17 13 851
4 10 33
1 17 330
2 9 976
5 13 399
7 3 935
11 13 289
7 4 578
14 8 614
3 15 464
2 11 314
13 11 699
12 10 223
16 3 790
12 6 540
4 6
network
mean
find
cart
2 1 941
3 1 451
4 2 826
4 1 618
3 2 401
2 1 988
20 53
either
energy
quality
reply
yet
messages
arts
l
society
available
experience
return
article
title
london
file
close
category
s
writing
2 1 920
3 1 321
4 3 179
5 4 821
6 2 437
7 2 311
8 7 555
9 4 507
10 8 45
11 6 519
12 3 294
13 8 274
14 13 627
15 12 524
16 5 281
17 8 414
18 4 727
19 4 704
20 2 658
6 13 807
17 15 713
16 6 972
8 10 842
1 7 457
16 20 435
16 20 540
9 6 91
6 13 146
3 18 21
20 2 828
20 9 974
3 4 591
9 5 403
20 13 578
20 7 277
11 14 623
7 14 620
4 19 714
17 20 254
5 19 982
17 18 393
19 12 98
1 12 962
18 4 909
15 3 442
9 13 976
15 6 947
10 17 660
6 16 265
3 14 246
12 3 354
4 16 52
7 5 152
16 83
never
discussion
words
health
item
side
windows
reviews
percent
policies
document
la
digital
travel
know
thought
2 1 342
3 2 677
4 2 122
5 2 128
6 1 166
7 4 72
8 6 112
9 2 13
10 2 418
11 2 341
12 9 10
13 3 31
14 10 342
15 1 269
16 1 480
5 15 864
8 11 337
7 3 214
5 16 286
12 5 374
6 10 143
2 6 834
10 8 865
8 14 813
4 10 292
2 7 112
12 15 360
15 7 734
14 13 714
3 2 158
12 15 19
1 14 220
8 15 694
5 15 861
14 3 32
5 6 73
3 14 308
9 13 90
5 2 936
6 12 562
5 1 981
2 11 437
16 6 941
15 11 265
1 7 327
7 6 67
4 6 645
16 2 101
1 11 650
12 2 575
12 11 307
6 15 284
12 4 692
6 16 746
13 16 258
2 14 872
8 16 347
9 4 394
3 1 99
5 2 174
15 8 130
14 3 631
1 14 954
16 9 440
15 2 948
13 12 213
12 11 956
16 14 836
16 15 591
3 1 39
1 8 168
14 10 150
14 8 104
13 16 543
12 2 842
8 13 406
3 7 714
2 4 549
1 3 491
1 3 701
9 1 902
2 8 851
9 14 393
4 3
item
night
government
travel
2 1 346
3 1 993
4 2 565
11 53
conference
four
did
would
san
power
loans
hosting
display
really
storage
2 1 992
3 2 815
4 3 457
5 4 582
6 2 992
7 1 316
8 5 919
9 1 774
10 9 229
11 10 146
6 7 408
2 3 486
7 9 149
3 8 493
4 2 654
1 6 657
3 2 324
5 10 357
4 3 585
8 4 158
5 7 456
3 8 618
9 2 696
9 4 892
11 3 545
9 8 554
1 9 877
5 7 586
7 10 522
8 11 898
3 7 34
9 5 655
10 9 776
11 9 390
2 10 27
9 10 620
6 9 963
10 7 974
6 1 636
3 8 799
9 1 861
2 8 716
8 6 733
5 11 381
4 11 943
11 10 752
6 8 928
3 1 901
6 11 888
9 7 686
6 7 546
6 2 262
2 7 346
13 64
login
english
china
mobile
countries
near
town
means
want
power
person
holiday
mar
2 1 706
3 2 769
4 1 158
5 3 881
6 4 322
7 1 9
8 1 487
9 4 513
10 5 501
11 6 625
12 11 124
13 5 163
4 11 197
2 1 733
13 1 355
6 9 513
8 10 739
4 11 100
11 1 371
13 1 871
3 10 608
11 10 770
11 4 351
11 4 333
11 12 21
8 9 191
7 5 594
4 1 440
6 4 124
6 11 212
4 12 924
4 1 18
9 4 790
8 13 542
5 6 393
9 4 100
11 12 984
2 12 272
12 10 478
13 9 198
13 12 909
12 1 477
8 9 735
4 5 365
10 11 834
10 6 247
1 4 100
11 7 428
13 7 615
7 6 77
4 8 308
4 10 205
1 4 244
6 11 823
3 9 795
5 11 394
5 3 845
2 11 272
3 4 238
10 12 314
13 6 973
5 4 178
5 7 421
12 4 595
20 92
log
field
fire
must
kids
yahoo
october
pages
live
price
finance
advertise
called
software
statement
posts
college
video
used
john
2 1 323
3 2 337
4 2 986
5 3 558
6 2 289
7 5 890
8 5 349
9 7 381
10 6 598
11 4 213
12 6 951
13 11 171
14 6 7
15 11 914
16 9 234
17 13 305
18 17 990
19 5 956
20 7 37
18 2 497
12 11 197
13 9 548
3 7 760
5 20 153
16 2 512
9 15 604
9 8 908
10 16 549
5 3 937
18 20 614
20 8 746
8 4 610
14 3 504
5 3 701
6 7 496
20 18 556
20 14 916
15 1 265
10 1 941
9 18 938
8 3 497
11 20 765
14 9 690
8 5 235
6 5 920
16 20 732
9 15 551
9 10 637
2 6 946
19 7 46
13 4 433
13 1 656
1 17 261
17 18 360
1 12 457
12 4 712
18 15 80
7 5 821
2 13 919
12 19 316
4 14 101
16 6 108
9 14 720
5 12 431
18 3 887
9 6 599
7 12 30
5 8 202
9 1 683
19 11 386
13 18 782
10 18 437
4 17 937
15 16 314
17 18 651
15 5 231
18 15 189
6 16 926
6 18 754
16 12 985
5 18 809
3 19 618
11 7 921
19 16 915
16 9 384
12 11 678
18 1 287
14 2 492
3 7 617
14 12 284
3 16 809
13 4 643
10 9
tv
user
work
policies
important
offer
red
property
january
though
2 1 772
3 1 338
4 1 922
5 1 389
6 2 960
7 2 535
8 5 848
9 8 907
10 9 404
4 6
week
uk
media
following
2 1 692
3 2 885
4 1 374
3 2 411
4 2 468
2 4 934
7 11
sex
z
de
f
q
called
being
2 1 981
3 1 847
4 3 213
5 1 778
6 4 735
7 6 733
5 2 213
3 6 596
4 5 831
7 1 141
1 7 202
20 173
island
press
sony
feb
bank
treatment
rock
official
analysis
mail
wireless
discussion
gold
found
policy
views
over
gallery
management
nude
2 1 226
3 2 859
4 3 98
5 3 40
6 3 873
7 1 948
8 1 576
9 1 511
10 7 886
11 1 592
12 9 963
13 7 867
14 6 63
15 13 627
16 3 289
17 10 17
18 16 852
19 9 440
20 13 159
11 7 266
8 15 194
18 1 522
7 18 465
1 19 355
15 5 417
14 12 451
8 12 467
19 18 341
8 17 500
6 15 882
20 12 709
12 5 398
10 18 424
8 2 116
4 17 31
7 5 924
18 16 583
7 2 741
20 15 926
6 1 807
5 13 868
5 9 87
1 18 428
16 17 476
18 20 941
1 6 208
3 15 589
16 14 15
15 8 940
20 9 747
17 1 966
5 1 230
14 19 622
10 7 778
1 14 315
18 6 128
12 13 522
5 14 657
5 8 344
13 8 723
5 6 679
5 3 475
4 12 288
2 6 257
7 3 997
13 9 894
5 16 98
14 10 486
9 18 977
4 10 194
2 6 376
17 3 139
4 6 524
13 19 38
1 5 867
15 9 174
4 6 3
17 15 489
15 12 669
16 20 572
2 13 506
16 20 914
13 19 609
11 14 561
7 12 862
16 18 408
1 11 51
7 14 727
19 14 953
10 14 161
3 6 254
2 3 169
12 16 961
6 4 231
9 17 9
6 18 936
8 17 228
13 7 915
18 5 205
12 10 74
9 10 68
11 3 562
18 11 693
1 3 690
17 5 238
6 13 555
14 1 815
12 20 667
9 14 657
18 10 748
19 4 568
1 3 918
3 4 415
5 17 667
9 6 236
13 16 333
5 10 367
5 4 738
18 3 526
20 19 35
3 18 73
13 5 194
7 1 960
3 17 626
3 14 213
8 1 546
12 11 264
16 6 1
6 20 879
5 10 913
19 7 986
15 3 230
15 16 949
3 7 403
9 5 86
9 17 553
11 2 296
9 5 332
8 18 349
18 8 185
16 20 103
19 17 489
6 19 884
13 7 278
17 9 946
13 6 455
7 10 277
3 6 645
12 9 865
19 17 842
11 1 989
19 15 527
17 3 705
15 18 777
16 8 425
1 13 157
11 19 575
10 8 692
1 16 556
12 4 749
2 16 90
20 10 968
9 4 672
3 14 800
18 1 224
11 5 733
13 16 307
20 3 248
7 14 801
10 2 792
17 2 665
18 11 496
1 11 944
21 157
working
key
advertise
than
friends
student
put
project
resources
life
daily
map
europe
taken
china
non
mean
t
come
list
m
2 1 51
3 2 551
4 3 639
5 2 977
6 1 680
7 3 244
8 7 921
9 2 761
10 9 830
11 10 382
12 2 999
13 5 705
14 9 339
15 13 875
16 6 255
17 2 865
18 17 432
19 9 499
20 14 563
21 15 96
16 4 361
1 18 474
12 1 800
10 8 798
1 9 310
16 5 184
10 15 955
7 13 386
1 18 192
19 21 786
13 1 147
11 18 972
21 18 771
9 2 568
9 10 877
1 13 412
9 6 366
13 17 104
10 13 911
7 3 166
5 7 112
2 9 378
17 20 440
19 7 572
5 8 478
17 21 881
21 13 738
16 12 2
7 12 172
9 12 778
13 10 583
21 15 325
19 10 192
4 2 810
9 21 327
6 7 932
17 12 625
7 4 268
18 8 434
8 20 19
15 14 455
7 15 594
14 15 701
14 9 252
13 18 460
17 13 555
7 2 947
8 10 354
14 13 879
12 19 432
2 11 236
17 18 401
8 1 952
16 21 33
13 3 567
2 15 678
3 9 952
11 21 124
2 16 845
18 5 990
8 20 337
2 6 467
2 19 408
20 2 1
2 20 406
14 5 949
20 9 267
19 17 983
11 9 717
6 13 678
13 9 14
14 13 832
13 8 240
12 9 592
11 6 997
1 10 945
20 18 563
15 11 545
2 18 613
12 9 515
20 12 775
9 11 671
17 18 422
4 2 951
9 12 782
17 1 547
13 9 488
1 16 89
16 11 187
1 14 201
12 21 982
1 18 614
17 5 288
16 4 89
7 11 893
7 6 89
15 21 446
8 12 331
1 16 718
1 8 271
10 6 604
9 21 217
11 4 775
7 19 698
7 4 403
5 11 6
13 2 448
19 7 979
17 1 49
17 7 319
5 12 922
13 9 490
16 12 346
14 16 642
17 10 831
4 7 108
4 3 182
9 10 568
4 9 616
20 15 934
1 3 207
14 11 696
6 20 394
19 14 35
13 2 865
14 8 972
17 10 505
4 18 442
12 4 778
3 5 121
3 8 950
13 14 956
11 17 35
1 9 574
1 15 859
8 19 8
16 4 268
12 11
members
just
agency
offer
level
true
pro
provide
ever
materials
low
reserved
2 1 46
3 2 102
4 1 789
5 1 372
6 4 307
7 1 990
8 6 844
9 7 747
10 5 296
11 6 825
12 2 931
10 20
face
studies
live
mark
august
doing
message
subscribe
february
countries
2 1 805
3 1 889
4 3 421
5 4 551
6 3 918
7 1 470
8 4 329
9 3 520
10 8 931
4 8 184
2 6 496
5 9 770
7 10 215
3 1 127
7 9 899
8 5 143
10 5 612
10 3 573
7 4 504
4 5 179
21 124
hours
front
get
stay
these
notes
nature
blog
called
increase
g
end
en
provide
speed
president
dec
industry
head
next
run
2 1 676
3 1 185
4 3 444
5 4 251
6 2 267
7 3 634
8 1 405
9 7 809
10 6 607
11 5 588
12 10 125
13 11 729
14 13 909
15 14 443
16 3 163
17 7 581
18 17 849
19 2 241
20 13 123
21 10 163
15 10 258
16 17 418
2 19 576
3 15 700
10 3 534
12 3 976
16 14 795
5 1 996
20 5 639
10 8 154
20 4 949
13 15 321
10 18 652
2 4 345
4 13 118
7 19 68
18 3 533
19 6 187
2 14 82
7 16 818
11 6 878
4 8 666
20 3 667
2 20 822
13 16 674
10 21 834
12 17 877
16 3 736
6 16 471
21 5 613
3 4 846
9 19 131
11 7 238
7 1 94
1 16 45
21 14 976
21 14 241
13 16 976
18 9 799
16 11 411
18 14 256
5 12 386
13 16 976
19 16 421
17 11 465
15 1 792
7 15 711
21 4 324
6 7 81
16 3 421
7 17 937
16 21 172
8 15 690
3 17 358
11 8 735
9 21 853
2 19 810
3 17 235
8 5 945
8 9 893
4 9 499
1 2 411
15 18 943
10 4 778
17 5 718
14 4 645
12 14 868
5 10 625
9 1 597
3 18 37
4 3 887
4 2 298
17 19 240
5 21 17
20 4 86
10 5 730
5 19 301
6 9 920
2 5 70
8 5 227
9 8 977
17 10 193
19 5 214
13 7 101
11 3 235
19 11 822
15 8 375
2 10 423
4 18 966
7 20 898
14 3 364
21 7 479
2 9 833
9 7 203
12 9 442
7 19 615
21 4 989
20 11 763
3 5 729
9 3 978
20 3 341
18 8 819
19 16 3
4 20 205
22 219
commission
linux
half
need
hotel
minutes
note
go
library
reading
these
credit
example
text
april
making
cost
weight
changes
political
quick
buy
2 1 713
3 2 490
4 2 153
5 2 301
6 4 298
7 5 123
8 5 564
9 6 666
10 6 224
11 5 158
12 1 328
13 3 815
14 3 875
15 12 247
16 14 730
17 3 460
18 2 680
19 8 740
20 8 34
21 3 378
22 5 656
11 7 867
19 2 443
14 18 577
2 20 392
4 20 192
3 8 273
21 17 419
8 22 511
5 4 903
12 9 28
21 15 247
17 14 689
6 9 617
7 4 360
8 1 551
11 6 176
7 22 594
12 22 104
16 3 358
2 11 268
14 8 396
5 2 980
13 14 177
15 9 298
13 8 567
19 5 271
18 2 221
17 5 718
17 3 147
3 10 542
11 5 745
10 18 207
22 1 974
6 12 714
13 3 466
17 3 460
18 10 984
21 22 356
21 2 729
6 18 277
9 12 381
4 18 991
3 5 442
12 2 703
14 13 133
8 14 610
3 1 945
21 1 652
19 2 380
3 19 657
11 6 389
12 22 379
12 4 172
1 3 874
12 13 359
14 4 117
14 4 413
13 4 65
7 5 444
9 22 452
17 5 841
5 4 571
16 5 743
15 5 968
4 17 326
7 19 23
11 9 457
12 22 273
17 18 709
14 21 714
18 13 802
20 1 566
22 7 540
2 3 739
5 19 416
10 13 439
20 22 247
9 19 519
1 12 227
14 10 940
8 22 94
3 22 659
2 5 198
2 7 685
10 19 149
17 9 587
12 8 185
20 2 703
19 13 929
8 1 869
15 20 314
17 18 972
17 22 522
18 4 206
14 1 185
21 5 457
4 21 556
6 3 426
16 3 948
14 11 865
12 7 808
7 4 588
4 18 258
5 15 134
5 14 41
7 21 881
3 21 745
3 11 326
3 18 633
14 19 843
20 7 44
22 6 80
17 22 175
1 7 304
6 20 697
10 16 929
5 13 299
22 15 302
13 18 252
15 7 418
4 2 392
21 1 305
15 17 475
15 1 131
18 19 827
6 12 755
18 22 780
8 22 129
1 13 463
5 2 991
7 16 562
7 13 564
22 9 740
22 11 239
16 19 938
4 5 355
3 4 878
1 3 248
13 1 18
13 10 375
4 10 465
16 12 599
22 9 392
8 21 114
5 3 711
9 2 642
10 5 683
12 2 779
11 5 935
20 9 51
7 15 600
16 5 269
3 21 66
1 15 466
3 6 950
2 10 992
6 20 52
19 8 540
7 10 474
2 16 877
7 6 476
22 10 97
22 7 514
22 19 331
22 2 280
22 11 272
5 6 675
10 11 285
18 4 380
11 18 49
17 18 727
2 5 409
8 19 708
4 13 572
3 15 295
12 7 704
15 20 35
4 20 48
7 12 105
22 11 936
15 12 348
20 16 557
14 20 787
18 2 645
19 15 291
8 21 347
20 18 381
1 13 428
6 2 533
5 11 820
18 20 167
1 13 261
13 4 334
9 4 330
3 18 620
8 16 966
5 9 698
6 19 126
19 79
ever
basic
edition
stop
early
watch
shopping
research
could
name
message
areas
pc
period
way
annual
friday
great
within
2 1 835
3 2 960
4 1 614
5 3 684
6 3 270
7 4 555
8 1 625
9 5 201
10 1 826
11 6 928
12 11 646
13 3 391
14 5 333
15 8 625
16 3 942
17 8 787
18 6 771
19 5 428
13 17 343
10 2 249
3 16 561
4 2 45
19 6 690
17 4 376
4 19 353
5 16 750
19 13 520
16 5 256
7 19 950
16 1 199
15 14 111
17 12 496
3 19 166
19 4 541
1 3 893
5 15 642
1 6 514
14 7 769
1 6 719
16 4 269
8 14 379
5 3 226
5 3 425
5 15 72
7 1 359
18 14 580
1 9 862
8 17 281
10 18 299
10 9 161
4 2 737
4 1 371
6 3 41
17 4 118
17 2 10
8 3 659
17 2 791
11 2 288
9 14 224
14 5 838
15 10 896
15 1 476
14 19 54
18 15 795
19 16 591
9 19 298
3 1 441
10 18 80
19 10 303
10 14 141
6 1 388
1 2 863
12 17 268
10 12 62
6 5 4
6 5 587
5 3 379
15 17 459
11 7 761
15 14
internet
welcome
away
users
future
added
k
key
pictures
men
t
level
commission
players
h
2 1 776
3 1 518
4 2 970
5 1 945
6 5 43
7 5 503
8 2 554
9 6 444
10 7 736
11 10 802
12 6 8
13 5 116
14 12 153
15 12 857
13 49
online
available
browse
overall
thing
buy
request
church
provide
countries
resources
insurance
says
2 1 626
3 2 396
4 1 979
5 2 151
6 4 120
7 2 201
8 3 38
9 2 427
10 4 764
11 7 484
12 5 508
13 10 394
4 9 541
11 9 635
13 6 192
5 3 523
1 2 476
4 9 676
6 11 919
6 10 35
12 6 893
12 8 286
9 2 360
4 5 518
11 10 301
13 10 659
4 10 520
12 7 302
11 6 473
7 2 485
12 10 628
6 2 206
10 8 790
3 7 591
13 3 118
9 11 472
7 12 86
2 1 728
7 8 977
11 9 259
7 2 808
8 6 185
5 11 489
11 8 260
2 13 483
12 3 54
12 5 143
12 1 577
6 8 385
10 22
talk
church
format
paper
recent
students
cases
later
y
f
2 1 916
3 1 568
4 1 12
5 4 120
6 2 994
7 3 337
8 2 58
9 1 407
10 9 846
6 4 211
9 7 50
3 8 712
10 1 942
5 2 689
7 1 700
6 2 815
4 7 504
1 10 47
2 6 187
7 9 397
7 5 798
2 4 510
12 19
last
me
fire
edit
risk
solutions
countries
registered
download
simple
rules
release
2 1 614
3 1 622
4 2 530
5 3 156
6 4 815
7 1 836
8 6 637
9 8 414
10 6 815
11 10 559
12 7 517
8 9 447
6 1 9
10 2 623
4 2 905
11 12 60
1 2 918
5 1 906
2 4 994
2 1
training
remember
2 1 599
18 108
face
unit
study
case
microsoft
long
going
internet
period
yahoo
parts
need
interest
power
name
personal
comment
latest
2 1 96
3 1 475
4 1 110
5 1 541
6 5 854
7 1 63
8 2 137
9 3 167
10 3 392
11 4 152
12 2 427
13 4 937
14 12 594
15 7 599
16 5 802
17 9 6
18 7 817
10 5 647
9 10 500
14 13 757
15 13 887
17 8 39
3 8 966
10 16 559
3 4 281
10 17 638
4 3 118
12 7 764
2 14 615
12 8 485
6 2 521
13 15 741
2 7 387
17 4 229
18 17 317
14 1 576
16 9 652
3 10 5
14 11 520
2 3 259
3 7 470
17 9 600
3 5 594
5 4 738
3 12 126
3 2 261
11 1 337
7 2 420
2 12 939
3 15 549
4 3 18
18 10 970
3 12 915
7 15 652
9 8 129
2 9 160
6 2 223
12 1 643
11 13 933
14 7 482
15 7 851
2 14 118
2 14 914
18 2 528
16 8 437
3 9 128
16 12 631
8 14 924
14 6 471
1 7 907
14 10 886
1 9 122
3 11 349
10 8 239
5 15 27
8 4 506
17 15 437
12 18 427
15 11 130
2 17 90
9 17 664
17 14 354
9 5 310
16 14 441
11 10 198
14 2 91
8 9 343
7 13 596
15 5 134
13 11 439
11 14 713
5 13 480
7 11 472
18 10 428
9 17 268
10 12 951
16 10 160
11 6 879
13 9 29
5 8 434
17 9 998
9 15 960
1 2 441
9 14 844
7 3 57
16 2 456
7 12 548
10 13 120
12 52
results
usually
author
listed
complete
re
systems
faq
edition
orders
estate
having
2 1 957
3 2 968
4 3 201
5 3 349
6 3 761
7 5 797
8 5 602
9 1 3
10 6 425
11 1 929
12 10 793
6 4 855
7 3 204
2 9 160
9 1 5
8 5 705
9 7 948
5 8 901
5 11 667
9 6 168
7 6 19
2 9 370
9 3 710
6 8 412
2 5 792
4 9 204
6 8 206
4 12 631
7 12 201
2 6 219
3 2 588
3 8 297
10 7 230
6 2 588
7 9 268
6 12 67
2 11 460
5 9 167
5 11 394
2 11 799
7 6 629
6 1 791
12 6 796
1 3 2
8 10 189
5 1 255
10 12 714
3 8 233
11 10 978
12 1 776
10 6 756
3 6 546
12 57
hand
government
costs
materials
council
listings
death
court
stop
type
u
cheap
2 1 955
3 1 633
4 1 240
5 4 401
6 4 241
7 6 928
8 5 150
9 3 662
10 6 157
11 8 453
12 10 386
6 11 485
10 6 190
4 11 144
8 10 866
11 9 609
3 9 888
9 8 618
11 1 126
11 12 164
11 10 946
4 12 782
3 5 967
6 12 824
12 7 921
10 3 881
8 4 719
1 12 676
3 2 25
4 9 615
4 10 238
12 7 486
7 9 937
2 7 927
10 6 513
2 7 936
9 10 7
1 2 682
12 3 139
8 3 105
3 1 694
2 11 531
7 8 566
9 2 787
2 11 605
6 1 985
11 3 926
2 12 728
8 12 554
5 11 54
10 1 9
5 2 36
3 2 601
12 3 387
1 5 991
1 9 428
4 10 579
6 15
website
different
girl
info
knowledge
power
2 1 478
3 1 582
4 2 466
5 4 600
6 4 84
2 5 161
1 2 243
1 5 670
4 3 497
1 4 325
3 5 669
6 4 41
6 3 622
2 1 169
6 3 994
5 6
girl
red
school
safety
changes
2 1 57
3 2 351
4 2 928
5 4 732
2 4 353
5 3 711
1 0
would
21 201
town
based
growth
collection
red
east
america
kingdom
players
cell
tickets
life
end
picture
tv
action
fire
systems
although
et
taken
2 1 491
3 2 568
4 1 270
5 2 686
6 4 2
7 1 952
8 6 582
9 6 524
10 9 751
11 10 196
12 2 719
13 4 681
14 11 531
15 13 941
16 12 192
17 10 458
18 10 652
19 11 508
20 4 397
21 19 746
18 14 391
16 11 266
5 7 864
14 5 935
17 12 346
21 12 286
3 8 344
13 14 348
6 10 620
2 10 718
15 13 766
2 8 620
9 2 927
11 17 304
20 18 713
10 14 754
15 19 337
8 13 954
17 20 78
3 11 746
15 17 858
20 21 644
1 18 180
15 20 662
11 13 991
3 21 49
19 5 110
13 10 280
8 7 586
10 9 85
9 21 144
4 16 898
2 17 210
12 3 366
9 10 7
11 1 474
21 7 759
6 19 208
11 4 793
19 11 231
19 11 639
11 7 637
5 4 503
7 12 189
15 10 110
15 7 669
19 21 553
17 2 68
18 8 939
14 7 817
9 17 807
17 3 444
21 4 298
7 13 486
19 1 948
12 6 616
10 3 520
3 2 587
18 9 525
4 15 493
18 8 802
18 17 759
21 2 200
13 6 977
11 16 578
14 21 244
16 8 324
17 20 504
2 18 923
14 11 119
21 14 361
15 5 116
14 12 752
19 16 843
12 6 330
9 11 570
17 7 334
15 10 859
10 13 585
20 13 452
12 15 626
16 12 563
4 8 410
5 20 37
14 2 718
2 12 639
16 19 973
9 5 831
12 18 73
17 14 688
20 5 664
13 18 107
1 20 301
4 18 689
17 19 758
16 9 397
10 4 721
17 7 551
11 3 317
4 9 887
6 8 730
21 17 839
19 12 358
13 3 339
10 14 232
17 15 424
18 11 961
3 16 962
3 20 664
9 14 483
15 4 29
10 11 89
20 10 444
20 7 471
11 5 719
4 19 183
14 5 904
6 1 588
2 10 864
15 9 510
19 9 508
6 14 873
15 17 416
19 15 85
2 4 271
19 3 732
2 14 216
2 1 443
10 11 963
18 21 444
6 19 125
17 10 735
10 9 463
3 5 668
7 19 686
7 3 750
19 9 635
19 5 652
9 6 700
6 3 496
9 1 620
4 8 706
12 14 521
14 17 540
18 14 225
2 15 975
20 21 961
17 5 964
20 10 80
1 16 417
20 15 215
5 4 797
18 9 872
13 1 295
4 16 38
18 11 202
17 9 660
19 5 597
6 1 81
21 5 748
12 14 93
15 8 65
2 5 540
21 14 160
16 13 210
12 3 764
6 9 423
3 14 372
8 14 804
5 16 903
14 8 996
8 15 60
7 19 599
7 9 111
17 19 60
19 2 319
7 21 134
18 9 696
10 4 343
4 21 405
9 21 415
21 101
rating
really
points
park
general
bit
content
o
track
along
june
sale
write
great
user
love
black
include
november
following
market
2 1 570
3 1 182
4 3 721
5 1 910
6 2 598
7 6 535
8 7 781
9 1 220
10 8 940
11 2 710
12 4 181
13 2 841
14 12 468
15 8 710
16 1 297
17 2 912
18 16 946
19 18 996
20 8 655
21 4 843
20 19 651
12 4 871
5 11 842
15 5 327
14 4 146
5 15 317
15 4 580
5 4 24
14 2 30
16 7 986
14 2 636
2 4 858
7 14 700
9 18 73
12 17 348
5 3 684
8 17 840
11 10 293
17 10 945
12 16 930
2 18 917
4 21 775
8 11 826
16 7 898
6 3 245
10 5 280
17 20 119
4 8 411
14 18 174
6 7 545
21 18 308
20 15 16
14 7 693
8 14 943
13 16 539
20 18 819
15 16 937
17 1 700
7 16 873
12 20 769
12 16 76
8 9 444
15 14 363
5 9 786
18 9 849
14 16 935
7 20 962
5 18 552
20 16 429
16 5 975
10 19 134
16 14 917
6 13 489
13 6 187
19 3 200
9 13 90
13 11 403
17 8 955
13 21 735
7 5 709
14 21 194
6 11 111
12 2 599
3 6 786
21 8 337
11 18 698
21 15 163
5 12 8
5 1 461
7 11 646
6 11 808
15 8 342
16 9 157
19 7 912
6 7 503
21 20 718
15 2 514
5 14 431
5 3 767
13 1 986
21 4 377
2 1
feedback
upon
2 1 138
17 89
share
games
included
oh
sort
based
oct
limited
many
return
license
manager
town
treatment
provides
seller
growth
2 1 385
3 1 470
4 2 827
5 3 561
6 5 995
7 3 206
8 1 203
9 4 43
10 3 788
11 10 789
12 4 161
13 5 508
14 8 899
15 2 691
16 14 855
17 15 784
5 2 801
8 7 713
7 5 528
6 4 82
4 16 53
9 2 841
12 1 330
2 9 228
11 8 427
9 3 562
10 15 166
8 14 281
12 17 391
6 1 162
12 2 976
14 2 482
5 1 148
13 4 778
4 5 99
14 7 210
2 15 262
15 8 82
15 9 780
6 7 561
8 1 332
9 16 231
17 12 465
12 11 895
16 1 847
5 10 176
10 2 824
1 3 945
17 2 250
14 4 618
14 1 131
12 10 193
10 15 498
4 8 744
2 16 590
14 9 765
7 1 940
15 3 884
5 13 133
1 7 751
14 7 881
9 17 426
14 5 70
4 3 588
10 14 926
9 15 160
11 10 777
16 3 12
3 15 145
11 4 247
8 2 479
7 9 904
3 13 325
14 7 264
6 3 189
15 9 701
15 9 685
17 9 185
6 2 733
9 10 691
1 3 405
9 17 650
13 11 941
2 1 849
12 16 610
11 5 745
3 7 450
11 3 324
3 5 688
6 11
pages
weight
box
against
january
style
2 1 333
3 1 368
4 3 884
5 2 464
6 1 950
3 1 500
2 4 149
5 1 604
5 3 636
1 2 232
3 1 598
18 111
days
child
hard
t
everything
centre
w
add
body
gold
lot
shopping
stories
problem
high
pictures
review
times
2 1 574
3 2 10
4 3 206
5 1 814
6 5 900
7 5 442
8 5 383
9 3 487
10 7 680
11 8 750
12 8 684
13 8 346
14 8 406
15 10 681
16 7 194
17 7 51
18 14 191
18 14 448
13 18 348
8 5 890
10 8 84
7 10 185
7 3 328
2 5 733
12 10 520
6 9 570
10 18 630
8 13 77
18 10 776
5 13 18
12 2 745
1 17 126
4 10 838
6 17 605
13 9 52
2 5 308
17 12 753
4 9 718
3 1 845
7 11 862
17 12 959
17 8 84
18 17 921
3 15 877
14 4 928
15 6 587
13 17 340
3 8 285
1 3 596
9 1 884
2 9 260
8 1 865
6 18 218
1 10 131
4 14 154
7 3 680
5 2 924
10 17 978
10 15 35
9 16 591
17 4 187
15 7 444
14 7 521
5 7 257
16 9 222
18 4 154
1 13 65
15 14 594
12 17 460
7 17 858
18 10 678
14 15 473
9 3 993
11 7 602
8 13 175
7 14 329
15 8 25
18 2 892
16 13 310
7 16 33
6 15 623
4 10 240
5 16 156
10 8 151
16 13 376
18 2 864
14 7 240
14 8 131
6 1 923
2 18 557
14 6 221
4 9 4
1 12 484
7 1 565
1 3 821
18 1 404
4 6 84
10 11 101
8 14 914
5 16 85
10 2 911
16 12 240
9 6 852
10 3 814
12 8 821
12 10 298
15 9 558
6 4 991
1 8 382
14 18 392
13 10 405
0 0
