129.01 258.38 260.73
153.21 300.70 289.24
114.09 183.81 199.00
67.30 140.83 141.90
124.16 211.78 213.81
67.77 116.30 108.03
145.85 259.43 241.86
118.59 219.70 211.19
39.07 57.59 64.32
141.00 265.66 244.55
30.96 57.78 54.29
167.41 306.34 316.11
136.01 221.88 214.74
141.52 241.14 236.37
65.72 134.06 127.58
38.14 49.46 58.39
135.96 234.60 216.45
141.80 251.57 299.86
30.96 69.97 58.00
65.01 143.45 119.36
2.83 2.00 0.00
15.66 17.66 15.30
64.39 114.03 113.57
4.47 8.94 6.00
156.07 284.80 284.75
15.15 28.64 26.67
62.09 107.38 99.76
163.31 305.17 316.84
133.77 253.43 238.21
139.59 240.24 275.80
115.21 189.22 195.08
68.70 112.64 113.53
92.11 181.81 183.71
102.60 171.81 175.07
50.24 103.33 96.01
28.83 56.80 58.29
30.60 64.36 59.00
26.94 40.86 44.00
143.21 244.95 254.42
72.74 112.35 111.92
32.83 41.05 35.90
30.96 77.84 59.22
198.22 336.13 341.34
79.26 161.23 135.09
97.70 185.10 185.45
39.43 97.03 94.74
66.14 108.64 119.44
72.23 104.20 107.36
46.85 86.11 93.37
68.40 129.85 125.67
50.24 82.45 82.25
20.47 38.64 35.32
28.94 46.97 56.09
140.66 266.87 239.85
32.93 47.24 41.74
130.47 248.18 232.47
145.20 256.27 253.21
30.49 59.91 64.03
162.64 301.17 299.95
156.04 274.65 281.58
80.60 149.01 153.56
149.27 256.69 270.45
62.85 111.60 115.39
176.41 265.66 288.42
80.04 143.36 125.54
125.82 228.98 205.49
4.47 4.00 6.32
65.40 120.01 109.98
141.78 262.00 240.65
74.39 113.14 134.07
87.52 148.32 146.26
145.97 302.24 262.82
167.66 304.96 308.41
86.27 147.31 140.90
118.48 193.76 201.86
69.41 137.77 132.52
35.43 53.96 54.09
110.03 181.83 182.82
123.50 254.12 255.58
134.29 230.77 249.44
152.88 317.89 301.64
41.55 77.86 68.06
51.43 90.21 83.33
120.68 212.34 201.45
134.21 231.87 237.72
176.25 305.66 307.53
85.50 167.73 132.21
46.23 83.20 82.40
92.58 180.75 173.67
20.00 47.91 28.51
90.42 187.69 183.23
132.55 201.91 207.29
10.00 16.81 17.54
89.09 163.91 177.68
154.94 242.14 241.57
75.85 139.34 142.54
198.29 322.24 331.97
95.74 201.80 189.94
217.76 375.26 381.96
92.87 178.03 190.00
147.09 255.80 253.89
