0.054
0.183
0.412
0.733
0.785
0.785
0.785
0.785
0.785
0.785
0.850
0.930
1.009
1.089
1.168
1.248
1.327
1.407
1.487
1.566
1.646
1.725
1.805
1.885
1.964
2.044
2.123
2.203
2.282
2.362
2.442
2.521
2.601
2.680
2.760
2.839
2.919
2.999
3.078
3.158
3.237
3.317
3.397
3.476
3.556
3.635
3.715
3.794
3.874
3.954
4.033
4.113
4.192
4.272
4.351
4.431
4.511
4.590
4.670
4.749
4.829
4.908
4.988
5.068
5.147
5.227
5.306
5.386
5.466
5.545
5.625
5.704
5.784
5.863
5.943
6.023
6.102
6.182
6.261
6.341
6.420
6.500
6.580
6.659
6.739
6.818
6.898
6.977
7.057
7.137
7.216
7.296
7.375
7.455
7.535
7.614
7.694
7.773
7.853
7.932
0.434
0.824
1.465
2.289
3.297
4.487
5.861
6.283
6.283
6.283
6.283
6.283
6.283
6.283
6.283
6.283
6.283
6.283
6.283
6.482
6.800
7.118
7.437
7.755
8.073
8.392
8.710
9.028
9.347
9.665
9.983
10.302
10.620
10.938
11.257
11.575
11.893
12.211
12.530
12.848
13.166
13.485
13.803
14.121
14.440
14.758
15.076
15.395
15.713
16.031
16.349
16.668
16.986
17.304
17.623
17.941
18.259
18.578
18.896
19.214
19.533
19.851
20.169
20.488
20.806
21.124
21.442
21.761
22.079
22.397
22.716
23.034
23.352
23.671
23.989
24.307
24.626
24.944
25.262
25.580
25.899
26.217
26.535
26.854
27.172
27.490
27.809
28.127
28.445
28.764
29.082
29.400
29.718
30.037
30.355
30.673
30.992
31.310
31.628
1.465
2.198
3.434
4.945
6.731
8.791
11.127
13.737
16.621
19.781
21.206
21.206
21.206
21.206
21.206
21.206
21.206
21.206
21.206
21.206
21.206
21.206
21.206
21.206
21.206
21.206
21.206
21.206
21.518
22.234
22.951
23.667
24.383
25.099
25.815
26.532
27.248
27.964
28.680
29.396
30.113
30.829
31.545
32.261
32.977
33.694
34.410
35.126
35.842
36.558
37.275
37.991
38.707
39.423
40.139
40.856
41.572
42.288
43.004
43.720
44.437
45.153
45.869
46.585
47.301
48.017
48.734
49.450
50.166
50.882
51.598
52.315
53.031
53.747
54.463
55.179
55.896
56.612
57.328
58.044
58.760
59.477
60.193
60.909
61.625
62.341
63.058
63.774
64.490
65.206
65.922
66.639
67.355
68.071
68.787
69.503
70.220
70.936
3.472
4.745
6.594
8.975
11.722
14.835
18.315
22.162
26.374
30.953
35.898
41.210
46.887
50.265
50.265
50.265
50.265
50.265
50.265
50.265
50.265
50.265
50.265
50.265
50.265
50.265
50.265
50.265
50.265
50.265
50.265
50.265
50.265
50.265
50.265
50.265
50.265
50.582
51.855
53.128
54.401
55.675
56.948
58.221
59.494
60.768
62.041
63.314
64.587
65.861
67.134
68.407
69.680
70.954
72.227
73.500
74.773
76.046
77.320
78.593
79.866
81.139
82.413
83.686
84.959
86.232
87.506
88.779
90.052
91.325
92.599
93.872
95.145
96.418
97.692
98.965
100.238
101.511
102.785
104.058
105.331
106.604
107.877
109.151
110.424
111.697
112.970
114.244
115.517
116.790
118.063
119.337
120.610
121.883
123.156
124.430
125.703
6.781
8.770
11.218
14.652
18.544
22.894
27.702
32.968
38.691
44.873
51.512
58.609
66.164
74.177
82.648
91.577
98.175
98.175
98.175
98.175
98.175
98.175
98.175
98.175
98.175
98.175
98.175
98.175
98.175
98.175
98.175
98.175
98.175
98.175
98.175
98.175
98.175
98.175
98.175
98.175
98.175
98.175
98.175
98.175
98.175
98.175
98.295
100.284
102.274
104.263
106.253
108.242
110.232
112.221
114.210
116.200
118.189
120.179
122.168
124.158
126.147
128.137
130.126
132.115
134.105
136.094
138.084
140.073
142.063
144.052
146.041
148.031
150.020
152.010
153.999
155.989
157.978
159.968
161.957
163.946
165.936
167.925
169.915
171.904
173.894
175.883
177.872
179.862
181.851
183.841
185.830
187.820
189.809
191.799
193.788
195.777
11.717
14.582
17.583
22.253
27.473
33.242
39.561
46.429
53.847
61.814
70.331
79.397
89.013
99.178
109.892
121.156
132.969
145.332
158.245
169.646
169.646
169.646
169.646
169.646
169.646
169.646
169.646
169.646
169.646
169.646
169.646
169.646
169.646
169.646
169.646
169.646
169.646
169.646
169.646
169.646
169.646
169.646
169.646
169.646
169.646
169.646
169.646
169.646
169.646
169.646
169.646
169.646
169.646
169.646
169.646
169.646
172.146
175.010
177.875
180.740
183.605
186.470
189.334
192.199
195.064
197.929
200.793
203.658
206.523
209.388
212.253
215.117
217.982
220.847
223.712
226.577
229.441
232.306
235.171
238.036
240.901
243.765
246.630
249.495
252.360
255.224
258.089
260.954
263.819
266.684
269.548
272.413
275.278
278.143
281.008
18.607
22.506
26.405
32.052
38.783
46.155
54.168
62.822
72.117
82.053
92.630
103.848
115.707
128.207
141.349
155.131
169.554
184.619
200.324
216.671
233.658
251.287
269.392
269.392
269.392
269.392
269.392
269.392
269.392
269.392
269.392
269.392
269.392
269.392
269.392
269.392
269.392
269.392
269.392
269.392
269.392
269.392
269.392
269.392
269.392
269.392
269.392
269.392
269.392
269.392
269.392
269.392
269.392
269.392
269.392
269.392
269.392
269.392
269.392
269.392
269.392
269.392
269.392
269.392
269.392
272.061
275.960
279.860
283.759
287.658
291.558
295.457
299.356
303.255
307.155
311.054
314.953
318.853
322.752
326.651
330.550
334.450
338.349
342.248
346.148
350.047
353.946
357.846
361.745
365.644
369.543
373.443
377.342
381.241
27.775
32.868
37.960
44.323
52.748
61.906
71.796
82.419
93.775
105.863
118.683
132.237
146.523
161.541
177.293
193.776
210.993
228.942
247.623
267.038
287.185
308.064
329.676
352.021
375.098
398.908
402.124
402.124
402.124
402.124
402.124
402.124
402.124
402.124
402.124
402.124
402.124
402.124
402.124
402.124
402.124
402.124
402.124
402.124
402.124
402.124
402.124
402.124
402.124
402.124
402.124
402.124
402.124
402.124
402.124
402.124
402.124
402.124
402.124
402.124
402.124
402.124
402.124
402.124
402.124
402.124
402.124
402.124
402.124
402.124
402.124
402.124
402.124
402.124
404.653
409.746
414.839
419.932
425.025
430.118
435.211
440.304
445.397
450.490
455.583
460.676
465.769
470.862
475.955
481.048
486.141
491.234
496.327
39.546
45.992
52.438
59.342
69.644
80.771
92.721
105.496
119.096
133.519
148.766
164.838
181.734
199.454
217.998
237.367
257.560
278.576
300.417
323.083
346.572
370.886
396.024
421.986
448.772
476.382
504.817
534.075
564.158
572.555
572.555
572.555
572.555
572.555
572.555
572.555
572.555
572.555
572.555
572.555
572.555
572.555
572.555
572.555
572.555
572.555
572.555
572.555
572.555
572.555
572.555
572.555
572.555
572.555
572.555
572.555
572.555
572.555
572.555
572.555
572.555
572.555
572.555
572.555
572.555
572.555
572.555
572.555
572.555
572.555
572.555
572.555
572.555
572.555
572.555
572.555
572.555
572.555
572.555
572.555
572.555
572.555
572.555
574.546
580.991
587.437
593.883
600.329
606.774
613.220
619.666
626.112
54.247
62.205
70.163
78.120
89.745
103.024
117.218
132.328
148.354
165.296
183.153
201.927
221.616
242.220
263.741
286.177
309.529
333.797
358.981
385.080
412.095
440.026
468.873
498.635
529.313
560.907
593.417
626.843
661.184
696.441
732.614
769.702
785.398
785.398
785.398
785.398
785.398
785.398
785.398
785.398
785.398
785.398
785.398
785.398
785.398
785.398
785.398
785.398
785.398
785.398
785.398
785.398
785.398
785.398
785.398
785.398
785.398
785.398
785.398
785.398
785.398
785.398
785.398
785.398
785.398
785.398
785.398
785.398
785.398
785.398
785.398
785.398
785.398
785.398
785.398
785.398
785.398
785.398
785.398
785.398
785.398
785.398
785.398
785.398
785.398
785.398
785.398
785.398
785.398
785.398
785.398
72.203
81.832
91.461
101.090
113.326
128.940
145.561
163.190
181.826
201.469
222.119
243.777
266.442
290.115
314.795
340.482
367.177
394.879
423.588
453.305
484.029
515.760
548.499
582.245
616.998
652.759
689.527
727.302
766.085
805.875
846.673
888.477
931.290
975.109
1019.936
1045.365
1045.365
1045.365
1045.365
1045.365
1045.365
1045.365
1045.365
1045.365
1045.365
1045.365
1045.365
1045.365
1045.365
1045.365
1045.365
1045.365
1045.365
1045.365
1045.365
1045.365
1045.365
1045.365
1045.365
1045.365
1045.365
1045.365
1045.365
1045.365
1045.365
1045.365
1045.365
1045.365
1045.365
1045.365
1045.365
1045.365
1045.365
1045.365
1045.365
1045.365
1045.365
1045.365
1045.365
1045.365
1045.365
1045.365
1045.365
1045.365
1045.365
1045.365
1045.365
1045.365
1045.365
1045.365
93.739
105.198
116.657
128.117
140.662
158.794
178.025
198.355
219.784
242.312
265.939
290.665
316.489
343.413
371.435
400.557
430.777
462.096
494.514
528.031
562.647
598.362
635.176
673.089
712.101
752.211
793.421
835.729
879.137
923.643
969.248
1015.952
1063.755
1112.657
1162.658
1213.758
1265.957
1319.254
1357.168
1357.168
1357.168
1357.168
1357.168
1357.168
1357.168
1357.168
1357.168
1357.168
1357.168
1357.168
1357.168
1357.168
1357.168
1357.168
1357.168
1357.168
1357.168
1357.168
1357.168
1357.168
1357.168
1357.168
1357.168
1357.168
1357.168
1357.168
1357.168
1357.168
1357.168
1357.168
1357.168
1357.168
1357.168
1357.168
1357.168
1357.168
1357.168
1357.168
1357.168
1357.168
1357.168
1357.168
1357.168
1357.168
1357.168
1357.168
1357.168
1357.168
1357.168
119.181
132.630
146.078
159.527
172.975
192.861
214.885
238.099
262.505
288.100
314.887
342.863
372.030
402.388
433.936
466.675
500.604
535.724
572.034
609.535
648.226
688.108
729.180
771.442
814.895
859.539
905.373
952.398
1000.613
1050.019
1100.615
1152.402
1205.379
1259.546
1314.904
1371.453
1429.192
1488.122
1548.242
1609.553
1672.054
1725.520
1725.520
1725.520
1725.520
1725.520
1725.520
1725.520
1725.520
1725.520
1725.520
1725.520
1725.520
1725.520
1725.520
1725.520
1725.520
1725.520
1725.520
1725.520
1725.520
1725.520
1725.520
1725.520
1725.520
1725.520
1725.520
1725.520
1725.520
1725.520
1725.520
1725.520
1725.520
1725.520
1725.520
1725.520
1725.520
1725.520
1725.520
1725.520
1725.520
1725.520
1725.520
1725.520
1725.520
1725.520
1725.520
1725.520
148.854
164.451
180.049
195.646
211.243
231.414
256.415
282.697
310.262
339.109
369.237
400.648
433.341
467.316
502.573
539.112
576.933
616.037
656.422
698.089
741.039
785.270
830.784
877.580
925.658
975.017
1025.659
1077.583
1130.789
1185.278
1241.048
1298.100
1356.434
1416.051
1476.949
1539.130
1602.593
1667.337
1733.364
1800.673
1869.264
1939.137
2010.292
2082.729
2155.133
2155.133
2155.133
2155.133
2155.133
2155.133
2155.133
2155.133
2155.133
2155.133
2155.133
2155.133
2155.133
2155.133
2155.133
2155.133
2155.133
2155.133
2155.133
2155.133
2155.133
2155.133
2155.133
2155.133
2155.133
2155.133
2155.133
2155.133
2155.133
2155.133
2155.133
2155.133
2155.133
2155.133
2155.133
2155.133
2155.133
2155.133
2155.133
2155.133
2155.133
2155.133
2155.133
183.084
200.989
218.894
236.799
254.704
274.730
302.890
332.424
363.331
395.611
429.266
464.294
500.696
538.471
577.620
618.143
660.039
703.309
747.953
793.970
841.361
890.126
940.264
991.776
1044.662
1098.921
1154.554
1211.560
1269.940
1329.694
1390.822
1453.323
1517.197
1582.446
1649.068
1717.064
1786.433
1857.176
1929.293
2002.783
2077.647
2153.885
2231.496
2310.481
2390.839
2472.572
2555.677
2640.157
2650.719
2650.719
2650.719
2650.719
2650.719
2650.719
2650.719
2650.719
2650.719
2650.719
2650.719
2650.719
2650.719
2650.719
2650.719
2650.719
2650.719
2650.719
2650.719
2650.719
2650.719
2650.719
2650.719
2650.719
2650.719
2650.719
2650.719
2650.719
2650.719
2650.719
2650.719
2650.719
2650.719
2650.719
2650.719
2650.719
2650.719
2650.719
222.196
242.568
262.940
283.312
303.684
324.056
354.585
387.553
421.986
457.884
495.247
534.075
574.369
616.128
659.352
704.042
750.197
797.816
846.902
897.452
949.467
1002.948
1057.894
1114.306
1172.182
1231.524
1292.331
1354.603
1418.340
1483.543
1550.211
1618.344
1687.942
1759.006
1831.535
1905.529
1980.988
2057.912
2136.302
2216.157
2297.477
2380.262
2464.513
2550.229
2637.410
2726.056
2816.167
2907.744
3000.786
3095.293
3191.266
3216.991
3216.991
3216.991
3216.991
3216.991
3216.991
3216.991
3216.991
3216.991
3216.991
3216.991
3216.991
3216.991
3216.991
3216.991
3216.991
3216.991
3216.991
3216.991
3216.991
3216.991
3216.991
3216.991
3216.991
3216.991
3216.991
3216.991
3216.991
3216.991
3216.991
3216.991
3216.991
3216.991
3216.991
266.516
289.514
312.512
335.510
358.508
381.506
411.775
448.360
486.501
526.200
567.455
610.267
654.636
700.562
748.044
797.084
847.680
899.833
953.543
1008.809
1065.633
1124.013
1183.950
1245.443
1308.494
1373.101
1439.266
1506.987
1576.264
1647.099
1719.490
1793.439
1868.944
1946.005
2024.624
2104.799
2186.532
2269.821
2354.667
2441.069
2529.029
2618.545
2709.618
2802.248
2896.434
2992.178
3089.478
3188.335
3288.749
3390.720
3494.247
3599.332
3705.973
3814.171
3858.661
3858.661
3858.661
3858.661
3858.661
3858.661
3858.661
3858.661
3858.661
3858.661
3858.661
3858.661
3858.661
3858.661
3858.661
3858.661
3858.661
3858.661
3858.661
3858.661
3858.661
3858.661
3858.661
3858.661
3858.661
3858.661
3858.661
3858.661
3858.661
3858.661
316.370
342.153
367.936
393.719
419.502
445.285
474.734
515.119
557.153
600.835
646.165
693.144
741.771
792.047
843.971
897.543
952.764
1009.633
1068.151
1128.317
1190.131
1253.594
1318.705
1385.464
1453.872
1523.928
1595.633
1668.986
1743.987
1820.637
1898.935
1978.881
2060.476
2143.720
2228.611
2315.151
2403.340
2493.176
2584.662
2677.795
2772.577
2869.007
2967.086
3066.813
3168.188
3271.212
3375.884
3482.205
3590.174
3699.791
3811.057
3923.971
4038.534
4154.744
4272.604
4392.111
4513.267
4580.442
4580.442
4580.442
4580.442
4580.442
4580.442
4580.442
4580.442
4580.442
4580.442
4580.442
4580.442
4580.442
4580.442
4580.442
4580.442
4580.442
4580.442
4580.442
4580.442
4580.442
4580.442
4580.442
4580.442
4580.442
4580.442
372.081
400.809
429.536
458.264
486.991
515.719
544.446
588.106
634.215
682.063
731.652
782.981
836.050
890.858
947.407
1005.696
1065.724
1127.493
1191.001
1256.250
1323.238
1391.966
1462.435
1534.643
1608.591
1684.279
1761.707
1840.875
1921.783
2004.431
2088.819
2174.947
2262.815
2352.423
2443.771
2536.858
2631.686
2728.254
2826.561
2926.609
3028.397
3131.924
3237.191
3344.199
3452.946
3563.434
3675.661
3789.628
3905.335
4022.782
4141.970
4262.897
4385.564
4509.971
4636.118
4764.004
4893.631
5024.998
5158.105
5292.952
5387.046
5387.046
5387.046
5387.046
5387.046
5387.046
5387.046
5387.046
5387.046
5387.046
5387.046
5387.046
5387.046
5387.046
5387.046
5387.046
5387.046
5387.046
5387.046
5387.046
5387.046
5387.046
433.977
465.808
497.639
529.470
561.301
593.132
624.963
667.594
717.962
770.160
824.191
880.052
937.746
997.271
1058.627
1121.815
1186.834
1253.685
1322.368
1392.882
1465.228
1539.405
1615.413
1693.254
1772.925
1854.429
1937.764
2022.930
2109.928
2198.757
2289.418
2381.911
2476.235
2572.390
2670.377
2770.196
2871.846
2975.328
3080.641
3187.786
3296.762
3407.570
3520.209
3634.680
3750.983
3869.117
3989.082
4110.879
4234.508
4359.968
4487.260
4616.383
4747.337
4880.124
5014.742
5151.191
5289.472
5429.584
5571.528
5715.303
5860.910
6008.349
6157.619
6283.185
6283.185
6283.185
6283.185
6283.185
6283.185
6283.185
6283.185
6283.185
6283.185
6283.185
6283.185
6283.185
6283.185
6283.185
6283.185
6283.185
6283.185
502.383
537.477
572.570
607.664
642.758
677.851
712.945
753.860
808.668
865.400
924.055
984.633
1047.134
1111.558
1177.906
1246.176
1316.370
1388.486
1462.526
1538.489
1616.375
1696.184
1777.916
1861.572
1947.150
2034.652
2124.076
2215.424
2308.695
2403.889
2501.006
2600.046
2701.010
2803.896
2908.706
3015.438
3124.094
3234.673
3347.175
3461.600
3577.948
3696.220
3816.414
3938.532
4062.573
4188.536
4316.423
4446.233
4577.966
4711.623
4847.202
4984.704
5124.130
5265.479
5408.750
5553.945
5701.063
5850.104
6001.069
6153.956
6308.766
6465.500
6624.157
6784.736
6947.239
7111.665
7273.572
7273.572
7273.572
7273.572
7273.572
7273.572
7273.572
7273.572
7273.572
7273.572
7273.572
7273.572
7273.572
7273.572
577.624
616.139
654.655
693.170
731.686
770.201
808.717
847.232
906.610
968.058
1031.520
1096.998
1164.490
1233.996
1305.518
1379.054
1454.605
1532.170
1611.750
1693.345
1776.955
1862.579
1950.218
2039.872
2131.540
2225.223
2320.921
2418.633
2518.360
2620.102
2723.858
2829.629
2937.415
3047.216
3159.031
3272.861
3388.705
3506.564
3626.438
3748.327
3872.230
3998.148
4126.081
4256.028
4387.990
4521.967
4657.959
4795.965
4935.986
5078.021
5222.071
5368.136
5516.216
5666.310
5818.419
5972.543
6128.681
6286.834
6447.002
6609.184
6773.381
6939.593
7107.819
7278.060
7450.316
7624.587
7800.872
7979.172
8159.486
8341.816
8362.920
8362.920
8362.920
8362.920
8362.920
8362.920
8362.920
8362.920
8362.920
660.025
702.122
744.218
786.315
828.411
870.508
912.604
954.701
1012.060
1078.408
1146.861
1217.421
1290.087
1364.860
1441.738
1520.723
1601.814
1685.012
1770.315
1857.725
1947.242
2038.864
2132.593
2228.428
2326.369
2426.417
2528.571
2632.831
2739.197
2847.670
2958.249
3070.934
3185.725
3302.623
3421.627
3542.737
3665.954
3791.276
3918.705
4048.241
4179.882
4313.630
4449.484
4587.445
4727.511
4869.684
5013.963
5160.349
5308.840
5459.438
5612.142
5766.953
5923.869
6082.892
6244.022
6407.257
6572.599
6740.047
6909.601
7081.262
7255.029
7430.902
7608.881
7788.967
7971.159
8155.457
8341.861
8530.372
8720.989
8913.712
9108.542
9305.477
9504.519
9555.939
9555.939
9555.939
9555.939
9555.939
749.913
795.750
841.586
887.423
933.259
979.096
1024.933
1070.769
1125.295
1196.725
1270.352
1346.178
1424.201
1504.422
1586.842
1671.458
1758.273
1847.286
1938.496
2031.904
2127.511
2225.314
2325.316
2427.516
2531.913
2638.509
2747.302
2858.293
2971.482
3086.868
3204.453
3324.235
3446.215
3570.393
3696.769
3825.343
3956.115
4089.084
4224.251
4361.616
4501.179
4642.940
4786.899
4933.055
5081.409
5231.962
5384.712
5539.659
5696.805
5856.148
6017.690
6181.429
6347.366
6515.501
6685.834
6858.364
7033.093
7210.019
7389.143
7570.465
7753.985
7939.702
8127.618
8317.731
8510.042
8704.551
8901.258
9100.162
9301.265
9504.565
9710.063
9917.759
10127.653
10339.745
10554.035
10770.522
10857.344
847.612
897.348
947.084
996.820
1046.556
1096.292
1146.028
1195.764
1246.588
1323.284
1402.269
1483.543
1567.107
1652.960
1741.103
1831.535
1924.256
2019.267
2116.567
2216.157
2318.036
2422.204
2528.662
2637.410
2748.446
2861.773
2977.388
3095.293
3215.488
3337.972
3462.745
3589.808
3719.160
3850.801
3984.732
4120.953
4259.462
4400.262
4543.350
4688.728
4836.396
4986.353
5138.599
5293.135
5449.960
5609.074
5770.478
5934.172
6100.155
6268.427
6438.989
6611.840
6786.980
6964.410
7144.129
7326.138
7510.436
7697.024
7885.901
8077.067
8270.523
8466.268
8664.303
8864.627
9067.241
9272.144
9479.336
9688.818
9900.589
10114.649
10330.999
10549.639
10770.568
10993.786
11219.294
11447.091
953.448
1007.243
1061.037
1114.831
1168.626
1222.420
1276.215
1330.009
1383.803
1458.359
1542.885
1629.791
1719.078
1810.747
1904.796
2001.226
2100.037
2201.230
2304.803
2410.757
2519.093
2629.809
2742.906
2858.384
2976.244
3096.484
3219.105
3344.107
3471.491
3601.255
3733.400
3867.926
4004.833
4144.122
4285.791
4429.841
4576.272
4725.084
4876.278
5029.852
5185.807
5344.143
5504.860
5667.958
5833.437
6001.298
6171.539
6344.161
6519.164
6696.548
6876.313
7058.459
7242.986
7429.895
7619.184
7810.854
8004.905
8201.337
8400.150
8601.344
8804.919
9010.875
9219.212
9429.930
9643.029
9858.509
10076.370
10296.612
10519.235
10744.239
10971.624
11201.390
11433.537
11668.065
11904.974
1067.747
1125.759
1183.771
1241.783
1299.795
1357.807
1415.819
1473.831
1531.843
1602.226
1692.475
1785.197
1880.391
1978.057
2078.196
2180.808
2285.892
2393.449
2503.479
2615.981
2730.955
2848.402
2968.322
3090.715
3215.579
3342.917
3472.727
3605.009
3739.765
3876.992
4016.693
4158.865
4303.511
4450.629
4600.219
4752.283
4906.818
5063.827
5223.308
5385.261
5549.687
5716.586
5885.957
6057.800
6232.117
6408.906
6588.167
6769.901
6954.108
7140.787
7329.939
7521.563
7715.660
7912.229
8111.271
8312.786
8516.773
8723.233
8932.165
9143.570
9357.447
9573.797
9792.620
10013.915
10237.683
10463.923
10692.636
10923.821
11157.479
11393.610
11632.213
11873.289
12116.837
12362.858
1190.834
1253.223
1315.611
1378.000
1440.389
1502.778
1565.166
1627.555
1689.944
1755.160
1851.315
1950.035
2051.319
2155.167
2261.579
2370.555
2482.096
2596.200
2712.869
2832.102
2953.899
3078.260
3205.185
3334.675
3466.729
3601.346
3738.528
3878.274
4020.585
4165.459
4312.897
4462.900
4615.467
4770.598
4928.293
5088.552
5251.376
5416.763
5584.715
5755.231
5928.311
6103.955
6282.163
6462.936
6646.272
6832.173
7020.638
7211.667
7405.260
7601.418
7800.139
8001.425
8205.275
8411.689
8620.667
8832.209
9046.315
9262.986
9482.221
9704.019
9928.382
10155.309
10384.801
10616.856
10851.476
11088.659
11328.407
11570.719
11815.596
12063.036
12313.040
12565.609
12820.742
1323.034
1389.959
1456.884
1523.808
1590.733
1657.658
1724.582
1791.507
1858.432
1925.356
2019.679
2124.580
2232.137
2342.350
2455.218
2570.742
2688.922
2809.757
2933.248
3059.395
3188.198
3319.656
3453.770
3590.540
3729.966
3872.047
4016.784
4164.177
4314.225
4466.930
4622.289
4780.305
4940.976
5104.304
5270.286
5438.925
5610.219
5784.169
5960.775
6140.036
6321.954
6506.526
6693.755
6883.639
7076.179
7271.375
7469.227
7669.734
7872.897
8078.716
8287.190
8498.320
8712.106
8928.548
9147.645
9369.398
9593.807
9820.871
10050.591
10282.967
10517.999
10755.686
10996.030
11239.028
11484.683
11732.993
11983.959
12237.581
12493.859
12752.792
13014.381
13278.625
1464.674
1536.293
1607.913
1679.533
1751.153
1822.772
1894.392
1966.012
2037.632
2109.251
2197.841
2309.107
2423.120
2539.881
2659.388
2781.643
2906.645
3034.395
3164.892
3298.136
3434.127
3572.866
3714.352
3858.585
4005.566
4155.294
4307.769
4462.992
4620.962
4781.679
4945.143
5111.355
5280.314
5452.020
5626.474
5803.675
5983.623
6166.319
6351.762
6539.952
6730.889
6924.574
7121.006
7320.186
7522.112
7726.786
7934.208
8144.376
8357.292
8572.955
8791.366
9012.524
9236.429
9463.081
9692.481
9924.628
10159.522
10397.164
10637.553
10880.689
11126.572
11375.203
11626.581
11880.707
12137.579
12397.199
12659.567
12924.681
13192.543
13463.152
13736.509
1616.078
1692.552
1769.026
1845.499
1921.973
1998.447
2074.921
2151.395
2227.869
2304.343
2386.077
2503.891
2624.543
2748.034
2874.364
3003.533
3135.541
3270.388
3408.074
3548.598
3691.962
3838.164
3987.205
4139.085
4293.804
4451.362
4611.758
4774.994
4941.068
5109.981
5281.733
5456.325
5633.754
5814.023
5997.131
6183.077
6371.863
6563.487
6757.950
6955.252
7155.393
7358.373
7564.192
7772.849
7984.346
8198.681
8415.855
8635.868
8858.720
9084.411
9312.941
9544.310
9778.517
10015.563
10255.449
10498.173
10743.736
10992.138
11243.378
11497.458
11754.376
12014.134
12276.730
12542.165
12810.439
13081.552
13355.504
13632.295
13911.924
14194.393
1777.571
1859.059
1940.546
2022.033
2103.521
2185.008
2266.495
2347.983
2429.470
2510.957
2592.445
2709.206
2836.681
2967.086
3100.422
3236.688
3375.884
3518.012
3663.069
3811.057
3961.975
4115.824
4272.604
4432.314
4594.954
4760.525
4929.026
5100.457
5274.819
5452.112
5632.335
5815.488
6001.572
6190.587
6382.532
6577.407
6775.213
6975.949
7179.615
7386.212
7595.740
7808.198
8023.586
8241.905
8463.155
8687.335
8914.445
9144.486
9377.457
9613.358
9852.191
10093.953
10338.646
10586.270
10836.823
11090.308
11346.723
11606.068
11868.344
12133.550
12401.687
12672.754
12946.751
13223.679
13503.538
13786.327
14072.046
14360.696
14652.276
1949.481
2036.141
2122.800
2209.460
2296.120
2382.780
2469.440
2556.100
2642.760
2729.420
2816.079
2925.327
3059.807
3197.310
3337.834
3481.381
3627.949
3777.540
3930.153
4085.787
4244.444
4406.123
4570.823
4738.546
4909.291
5083.058
5259.847
5439.658
5622.490
5808.345
5997.222
6189.121
6384.043
6581.986
6782.951
6986.938
7193.947
7403.978
7617.032
7833.107
8052.204
8274.324
8499.465
8727.628
8958.814
9193.021
9430.251
9670.502
9913.776
10160.071
10409.389
10661.729
10917.090
11175.474
11436.880
11701.308
11968.758
12239.229
12512.723
12789.239
13068.777
13351.337
13636.919
13925.523
14217.149
14511.797
14809.468
15110.160
2132.131
2224.123
2316.114
2408.106
2500.097
2592.089
2684.080
2776.072
2868.063
2960.055
3052.047
3152.529
3294.198
3438.981
3586.877
3737.887
3892.011
4049.248
4209.599
4373.063
4539.641
4709.333
4882.138
5058.057
5237.090
5419.236
5604.496
5792.869
5984.356
6178.956
6376.671
6577.498
6781.440
6988.495
7198.663
7411.945
7628.341
7847.851
8070.474
8296.210
8525.061
8757.024
8992.102
9230.293
9471.598
9716.016
9963.548
10214.193
10467.952
10724.825
10984.811
11247.911
11514.125
11783.452
12055.893
12331.447
12610.115
12891.897
13176.792
13464.801
13755.923
14050.159
14347.509
14647.972
14951.549
15258.239
15568.043
2325.848
2423.330
2520.812
2618.295
2715.777
2813.260
2910.742
3008.224
3105.707
3203.189
3300.672
3398.154
3540.127
3692.374
3847.825
4006.482
4168.344
4333.411
4501.683
4673.160
4847.843
5025.731
5206.824
5391.122
5578.625
5769.334
5963.247
6160.366
6360.690
6564.220
6770.954
6980.894
7194.039
7410.389
7629.944
7852.704
8078.670
8307.841
8540.217
8775.798
9014.584
9256.575
9501.772
9750.174
10001.781
10256.593
10514.611
10775.833
11040.261
11307.894
11578.732
11852.776
12130.024
12410.478
12694.137
12981.001
13271.070
13564.345
13860.824
14160.509
14463.399
14769.494
15078.795
15391.300
15707.011
16025.927
2530.956
2634.089
2737.221
2840.353
2943.486
3046.618
3149.751
3252.883
3356.015
3459.148
3562.280
3665.413
3797.870
3957.763
4120.953
4287.439
4457.222
4630.302
4806.679
4986.353
5169.323
5355.590
5545.154
5738.015
5934.172
6133.626
6336.377
6542.424
6751.769
6964.410
7180.348
7399.583
7622.114
7847.942
8077.067
8309.489
8545.207
8784.223
9026.535
9272.144
9521.049
9773.251
10028.750
10287.546
10549.639
10815.028
11083.714
11355.697
11630.977
11909.553
12191.426
12476.596
12765.063
13056.826
13351.887
13650.244
13951.897
14256.848
14565.095
14876.639
15191.480
15509.618
15831.052
16155.783
16483.811
2747.782
2856.724
2965.665
3074.607
3183.548
3292.490
3401.432
3510.373
3619.315
3728.256
3837.198
3946.139
4067.701
4235.424
4406.535
4581.034
4758.922
4940.198
5124.863
5312.915
5504.356
5699.186
5897.404
6099.010
6304.004
6512.387
6724.158
6939.318
7157.866
7379.802
7605.127
7833.839
8065.941
8301.430
8540.308
8782.574
9028.229
9277.272
9529.703
9785.523
10044.731
10307.327
10573.311
10842.684
11115.446
11391.595
11671.133
11954.060
12240.374
12530.077
12823.168
13119.648
13419.516
13722.772
14029.417
14339.450
14652.871
14969.681
15289.879
15613.466
15940.440
16270.803
16604.555
16941.694
2976.651
3091.561
3206.471
3321.381
3436.290
3551.200
3666.110
3781.020
3895.930
4010.840
4125.750
4240.660
4355.569
4525.630
4704.846
4887.541
5073.717
5263.372
5456.508
5653.123
5853.218
6056.793
6263.848
6474.383
6688.398
6905.892
7126.867
7351.322
7579.256
7810.671
8045.565
8283.939
8525.793
8771.127
9019.941
9272.235
9528.009
9787.263
10049.996
10316.210
10585.903
10859.077
11135.730
11415.863
11699.476
11986.569
12277.142
12571.195
12868.728
13169.741
13474.233
13782.206
14093.658
14408.591
14727.003
15048.895
15374.267
15703.119
16035.451
16371.263
16710.555
17053.326
17399.578
3217.888
3338.926
3459.963
3581.000
3702.038
3823.075
3944.112
4065.150
4186.187
4307.224
4428.262
4549.299
4670.336
4828.658
5016.161
5207.236
5401.882
5600.100
5801.889
6007.250
6216.182
6428.686
6644.761
6864.408
7087.627
7314.416
7544.778
7778.710
8016.215
8257.290
8501.937
8750.156
9001.946
9257.308
9516.241
9778.746
10044.822
10314.470
10587.689
10864.480
11144.842
11428.775
11716.281
12007.357
12302.005
12600.225
12902.016
13207.379
13516.313
13828.818
14144.895
14464.544
14787.764
15114.556
15444.919
15778.853
16116.359
16457.437
16802.086
17150.306
17502.098
17857.462
3471.819
3599.143
3726.467
3853.791
3981.115
4108.439
4235.763
4363.087
4490.411
4617.735
4745.059
4872.383
4999.707
5144.780
5340.755
5540.392
5743.692
5950.656
6161.282
6375.572
6593.524
6815.140
7040.419
7269.361
7501.965
7738.233
7978.164
8221.758
8469.016
8719.936
8974.519
9232.766
9494.675
9760.247
10029.483
10302.382
10578.943
10859.168
11143.056
11430.607
11721.821
12016.698
12315.238
12617.441
12923.308
13232.837
13546.029
13862.885
14183.403
14507.585
14835.430
15166.937
15502.108
15840.942
16183.439
16529.599
16879.422
17232.908
17590.058
17950.870
18315.345
3738.770
3872.539
4006.309
4140.079
4273.849
4407.618
4541.388
4675.158
4808.927
4942.697
5076.467
5210.237
5344.006
5477.776
5678.902
5887.285
6099.422
6315.314
6534.961
6758.362
6985.518
7216.429
7451.095
7689.515
7931.689
8177.618
8427.302
8680.741
8937.934
9198.882
9463.585
9732.042
10004.254
10280.220
10559.941
10843.417
11130.647
11421.632
11716.372
12014.866
12317.115
12623.119
12932.877
13246.390
13563.658
13884.680
14209.457
14537.988
14870.275
15206.315
15546.111
15889.661
16236.966
16588.025
16942.839
17301.408
17663.731
18029.809
18399.642
18773.229
4019.065
4159.439
4299.814
4440.189
4580.563
4720.938
4861.313
5001.687
5142.062
5282.437
5422.811
5563.186
5703.561
5843.935
6030.877
6248.188
6469.346
6694.350
6923.201
7155.897
7392.440
7632.829
7877.064
8125.145
8377.073
8632.846
8892.466
9155.933
9423.245
9694.404
9969.409
10248.260
10530.957
10817.501
11107.891
11402.127
11700.209
12002.137
12307.912
12617.533
12931.000
13248.313
13569.473
13894.479
14223.331
14556.029
14892.574
15232.964
15577.201
15925.284
16277.214
16632.989
16992.611
17356.079
17723.393
18094.554
18469.560
18848.413
19231.113
4313.030
4460.169
4607.308
4754.446
4901.585
5048.724
5195.863
5343.001
5490.140
5637.279
5784.418
5931.556
6078.695
6225.834
6396.955
6623.378
6853.740
7088.039
7326.275
7568.450
7814.563
8064.613
8318.601
8576.527
8838.390
9104.192
9373.931
9647.608
9925.223
10206.776
10492.266
10781.694
11075.060
11372.364
11673.606
11978.785
12287.902
12600.958
12917.950
13238.881
13563.749
13892.556
14225.300
14561.982
14902.601
15247.159
15595.654
15948.087
16304.458
16664.766
17029.013
17397.197
17769.319
18145.379
18525.376
18909.312
19297.185
19688.996
4620.991
4775.053
4929.115
5083.177
5237.239
5391.301
5545.363
5699.425
5853.487
6007.549
6161.611
6315.673
6469.735
6623.797
6777.859
7013.129
7252.877
7496.654
7744.461
7996.297
8252.162
8512.057
8775.981
9043.934
9315.917
9591.929
9871.971
10156.042
10444.142
10736.272
11032.431
11332.620
11636.838
11945.085
12257.362
12573.668
12894.003
13218.368
13546.762
13879.185
14215.638
14556.121
14900.632
15249.173
15601.744
15958.343
16318.973
16683.631
17052.319
17425.036
17801.783
18182.559
18567.364
18956.199
19349.063
19745.957
20146.880
4943.274
5104.418
5265.563
5426.707
5587.851
5748.996
5910.140
6071.285
6232.429
6393.573
6554.718
6715.862
6877.006
7038.151
7199.295
7417.715
7667.032
7920.471
8178.031
8439.711
8705.513
8975.435
9249.478
9527.643
9809.928
10096.334
10386.861
10681.509
10980.278
11283.168
11590.179
11901.311
12216.564
12535.938
12859.433
13187.049
13518.785
13854.643
14194.622
14538.721
14886.942
15239.283
15595.745
15956.329
16321.033
16689.858
17062.805
17439.872
17821.060
18206.369
18595.799
18989.350
19387.022
19788.815
20194.729
20604.763
5280.203
5448.589
5616.975
5785.361
5953.747
6122.133
6290.519
6458.905
6627.291
6795.676
6964.062
7132.448
7300.834
7469.220
7637.606
7837.411
8096.482
8359.765
8627.260
8898.968
9174.889
9455.022
9739.368
10027.926
10320.697
10617.680
10918.876
11224.285
11533.906
11847.739
12165.785
12488.043
12814.514
13145.198
13480.094
13819.203
14162.524
14510.058
14861.804
15217.762
15577.934
15942.318
16310.914
16683.723
17060.744
17441.978
17827.424
18217.083
18610.955
19009.039
19411.336
19817.845
20228.566
20643.500
21062.647
5632.105
5807.891
5983.678
6159.464
6335.251
6511.038
6686.824
6862.611
7038.398
7214.184
7389.971
7565.757
7741.544
7917.331
8093.117
8272.492
8541.499
8814.809
9092.424
9374.343
9660.566
9951.093
10245.925
10545.060
10848.500
11156.243
11468.291
11784.643
12105.298
12430.259
12759.523
13093.091
13430.963
13773.140
14119.620
14470.405
14825.494
15184.886
15548.583
15916.584
16288.890
16665.499
17046.412
17431.630
17821.151
18214.977
18613.107
19015.541
19422.279
19833.321
20248.667
20668.318
21092.272
21520.531
5999.304
6182.650
6365.997
6549.343
6732.690
6916.036
7099.383
7282.729
7466.076
7649.422
7832.769
8016.115
8199.462
8382.808
8566.155
8749.501
9002.358
9285.880
9573.797
9866.110
10162.819
10463.923
10769.423
11079.319
11393.610
11712.297
12035.380
12362.858
12694.732
13031.002
13371.667
13716.728
14066.185
14420.038
14778.286
15140.930
15507.969
15879.404
16255.235
16635.462
17020.084
17409.102
17802.516
18200.325
18602.530
19009.131
19420.127
19835.519
20255.307
20679.490
21108.069
21541.044
21978.414
6382.126
6573.191
6764.257
6955.322
7146.388
7337.454
7528.519
7719.585
7910.650
8101.716
8292.781
8483.847
8674.912
8865.978
9057.043
9248.109
9479.336
9773.251
10071.654
10374.544
10681.921
10993.786
11310.138
11630.977
11956.303
12286.117
12620.418
12959.206
13302.481
13650.244
14002.494
14359.231
14720.455
15086.167
15456.366
15831.052
16210.225
16593.886
16982.034
17374.669
17771.792
18173.401
18579.498
18990.083
19405.154
19824.713
20248.759
20677.292
21110.313
21547.821
21989.816
22436.298
6780.897
6979.841
7178.784
7377.728
7576.672
7775.615
7974.559
8173.503
8372.446
8571.390
8770.334
8969.277
9168.221
9367.165
9566.108
9765.052
9972.705
10277.198
10586.270
10899.920
11218.149
11540.957
11868.344
12200.309
12536.854
12877.977
13223.679
13573.960
13928.820
14288.259
14652.276
15020.873
15394.048
15771.802
16154.135
16541.046
16932.537
17328.606
17729.254
18134.481
18544.287
18958.672
19377.635
19801.178
20229.299
20661.999
21099.278
21541.135
21987.572
22438.587
22894.182
7195.942
7402.923
7609.904
7816.885
8023.866
8230.847
8437.828
8644.809
8851.790
9058.771
9265.752
9472.733
9679.714
9886.695
10093.676
10300.657
10507.638
10797.995
11117.918
11442.512
11771.776
12105.711
12444.316
12787.591
13135.537
13488.153
13845.439
14207.396
14574.024
14945.322
15321.290
15701.929
16087.238
16477.217
16871.867
17271.187
17675.178
18083.839
18497.171
18915.173
19337.845
19765.188
20197.201
20633.885
21075.239
21521.263
21971.958
22427.323
22887.359
23352.065
7627.587
7842.764
8057.942
8273.119
8488.297
8703.474
8918.652
9133.829
9349.007
9564.184
9779.362
9994.539
10209.717
10424.894
10640.072
10855.249
11070.427
11335.917
11666.875
12002.595
12343.077
12688.322
13038.328
13393.096
13752.626
14116.919
14485.973
14859.789
15238.367
15621.707
16009.810
16402.674
16800.300
17202.688
17609.838
18021.750
18438.424
18859.860
19286.059
19717.019
20152.741
20593.225
21038.471
21488.479
21943.249
22402.781
22867.075
23336.131
23809.949
8076.157
8299.690
8523.223
8746.756
8970.289
9193.822
9417.355
9640.889
9864.422
10087.955
10311.488
10535.021
10758.554
10982.087
11205.620
11429.154
11652.687
11891.238
12233.414
12580.444
12932.328
13289.065
13650.656
14017.100
14388.398
14764.549
15145.554
15531.413
15922.125
16317.691
16718.110
17123.383
17533.509
17948.489
18368.322
18793.009
19222.550
19656.944
20096.192
20540.293
20989.248
21443.057
21901.719
22365.234
22833.604
23306.826
23784.903
24267.832
8541.977
8774.025
9006.073
9238.121
9470.169
9702.217
9934.265
10166.313
10398.361
10630.408
10862.456
11094.504
11326.552
11558.600
11790.648
12022.696
12254.744
12486.792
12817.811
13176.334
13539.802
13908.215
14281.574
14659.877
15043.126
15431.319
15824.458
16222.542
16625.571
17033.546
17446.465
17864.330
18287.140
18714.894
19147.595
19585.240
20027.830
20475.365
20927.846
21385.272
21847.643
22314.959
22787.220
23264.426
23746.578
24233.674
24725.716
9025.374
9266.096
9506.818
9747.539
9988.261
10228.983
10469.705
10710.427
10951.149
11191.871
11432.592
11673.314
11914.036
12154.758
12395.480
12636.202
12876.923
13117.645
13420.340
13790.539
14165.775
14546.047
14931.356
15321.702
15717.085
16117.504
16522.960
16933.452
17348.982
17769.548
18195.151
18625.790
19061.467
19502.180
19947.929
20398.716
20854.539
21315.399
21781.295
22252.229
22728.199
23209.205
23695.249
24186.329
24682.446
25183.600
9526.672
9776.227
10025.782
10275.337
10524.892
10774.447
11024.002
11273.557
11523.112
11772.667
12022.222
12271.776
12521.331
12770.886
13020.441
13269.996
13519.551
13769.106
14041.276
14423.334
14810.521
15202.835
15600.278
16002.850
16410.549
16823.377
17241.333
17664.418
18092.631
18525.972
18964.441
19408.039
19856.765
20310.619
20769.602
21233.712
21702.951
22177.319
22656.815
23141.439
23631.191
24126.072
24626.081
25131.218
25641.483
10046.197
10304.744
10563.292
10821.839
11080.386
11338.933
11597.480
11856.028
12114.575
12373.122
12631.669
12890.216
13148.764
13407.311
13665.858
13924.405
14182.952
14441.500
14700.047
15074.994
15474.315
15878.855
16288.615
16703.595
17123.795
17549.214
17979.854
18415.713
18856.793
19303.092
19754.611
20211.350
20673.309
21140.487
21612.886
22090.504
22573.342
23061.401
23554.679
24053.177
24556.894
25065.832
25579.990
26099.367
10584.275
10851.974
11119.672
11387.371
11655.069
11922.768
12190.467
12458.165
12725.864
12993.562
13261.261
13528.960
13796.658
14064.357
14332.056
14599.754
14867.453
15135.151
15402.850
15745.794
16157.431
16574.380
16996.640
17424.212
17857.095
18295.290
18738.796
19187.614
19641.743
20101.183
20565.935
21035.998
21511.373
21992.059
22478.057
22969.366
23465.987
23967.919
24475.162
24987.717
25505.583
26028.761
26557.251
11141.231
11418.240
11695.249
11972.258
12249.267
12526.277
12803.286
13080.295
13357.304
13634.313
13911.322
14188.332
14465.341
14742.350
15019.359
15296.368
15573.378
15850.387
16127.396
16436.008
16860.145
17289.686
17724.630
18164.976
18610.726
19061.879
19518.434
19980.393
20447.755
20920.520
21398.688
21882.259
22371.233
22865.610
23365.390
23870.573
24381.159
24897.148
25418.540
25945.335
26477.533
27015.134
11717.390
12003.869
12290.348
12576.827
12863.306
13149.784
13436.263
13722.742
14009.221
14295.700
14582.179
14868.658
15155.137
15441.616
15728.095
16014.573
16301.052
16587.531
16874.010
17160.489
17582.731
18025.047
18472.857
18926.162
19384.961
19849.255
20319.044
20794.327
21275.105
21761.377
22253.144
22750.406
23253.162
23761.413
24275.159
24794.399
25319.133
25849.363
26385.086
26926.305
27473.018
12313.078
12609.186
12905.294
13201.401
13497.509
13793.617
14089.725
14385.833
14681.940
14978.048
15274.156
15570.264
15866.371
16162.479
16458.587
16754.695
17050.803
17346.910
17643.018
17939.126
18325.464
18780.738
19241.598
19708.044
20180.076
20657.695
21140.899
21629.690
22124.067
22624.030
23129.580
23640.715
24157.437
24679.745
25207.639
25741.119
26280.185
26824.838
27375.077
27930.901
12928.621
13234.517
13540.412
13846.308
14152.204
14458.100
14763.996
15069.891
15375.787
15681.683
15987.579
16293.475
16599.370
16905.266
17211.162
17517.058
17822.954
18128.849
18434.745
18740.641
19088.619
19557.034
20031.127
20510.897
20996.345
21487.471
21984.275
22486.757
22994.916
23508.753
24028.268
24553.460
25084.331
25620.879
26163.104
26711.008
27264.589
27823.848
28388.785
13564.344
13880.187
14196.029
14511.872
14827.715
15143.558
15459.401
15775.244
16091.087
16406.930
16722.773
17038.616
17354.459
17670.302
17986.145
18301.988
18617.831
18933.674
19249.517
19565.360
19881.203
20354.209
20841.718
21334.996
21834.044
22338.860
22849.446
23365.802
23887.926
24415.820
24949.484
25488.917
26034.119
26585.090
27141.831
27704.341
28272.620
28846.669
14220.572
14546.521
14872.470
15198.420
15524.369
15850.318
16176.268
16502.217
16828.166
17154.116
17480.065
17806.014
18131.963
18457.913
18783.862
19109.811
19435.761
19761.710
20087.659
20413.609
20739.558
21172.539
21673.647
22180.616
22693.445
23212.136
23736.687
24267.100
24803.373
25345.507
25893.502
26447.359
27007.075
27572.653
28144.092
28721.392
29304.552
14897.631
15233.845
15570.060
15906.275
16242.490
16578.705
16914.920
17251.134
17587.349
17923.564
18259.779
18595.994
18932.208
19268.423
19604.638
19940.853
20277.068
20613.283
20949.497
21285.712
21621.927
22012.298
22527.188
23048.030
23574.826
24107.573
24646.273
25190.926
25741.531
26298.088
26860.599
27429.061
28003.476
28583.844
29170.164
29762.436
15595.846
15942.485
16289.125
16635.764
16982.404
17329.043
17675.683
18022.322
18368.962
18715.601
19062.241
19408.880
19755.520
20102.159
20448.799
20795.438
21142.077
21488.717
21835.356
22181.996
22528.635
22875.275
23402.616
23937.515
24478.459
25025.447
25578.479
26137.554
26702.674
27273.838
27851.047
28434.299
29023.595
29618.935
30220.320
16315.543
16672.767
17029.990
17387.213
17744.436
18101.660
18458.883
18816.106
19173.329
19530.553
19887.776
20244.999
20602.223
20959.446
21316.669
21673.892
22031.116
22388.339
22745.562
23102.785
23460.009
23817.232
24300.205
24849.345
25404.620
25966.031
26533.578
27107.260
27687.078
28273.032
28865.121
29463.346
30067.707
30678.203
17057.048
17425.014
17792.980
18160.947
18528.913
18896.879
19264.845
19632.812
20000.778
20368.744
20736.710
21104.676
21472.643
21840.609
22208.575
22576.541
22944.508
23312.474
23680.440
24048.406
24416.372
24784.339
25220.230
25783.794
26353.584
26929.602
27511.846
28100.318
28695.018
29295.944
29903.098
30516.479
31136.087
17820.685
18199.554
18578.422
18957.290
19336.159
19715.027
20093.895
20472.764
20851.632
21230.500
21609.369
21988.237
22367.106
22745.974
23124.842
23503.711
23882.579
24261.447
24640.316
25019.184
25398.052
25776.921
26162.967
26741.137
27325.625
27916.432
28513.558
29117.003
29726.767
30342.849
30965.251
31593.971
18606.781
18996.711
19386.640
19776.570
20166.500
20556.429
20946.359
21336.289
21726.218
22116.148
22506.077
22896.007
23285.937
23675.866
24065.796
24455.725
24845.655
25235.585
25625.514
26015.444
26405.373
26795.303
27185.233
27721.649
28321.018
28926.798
29538.989
30157.590
30782.601
31414.022
32051.854
19415.661
19816.811
20217.961
20619.111
21020.261
21421.411
21822.561
22223.711
22624.861
23026.011
23427.161
23828.311
24229.461
24630.611
25031.761
25432.911
25834.061
26235.211
26636.361
27037.512
27438.662
27839.812
28240.962
28725.604
29340.038
29960.974
30588.412
31222.352
31862.794
32509.738
20247.650
20660.179
21072.709
21485.239
21897.768
22310.298
22722.827
23135.357
23547.887
23960.416
24372.946
24785.476
25198.005
25610.535
26023.064
26435.594
26848.124
27260.653
27673.183
28085.712
28498.242
28910.772
29323.301
29753.278
30382.960
31019.235
31662.104
32311.566
32967.621
21103.074
21527.142
21951.210
22375.279
22799.347
23223.415
23647.484
24071.552
24495.620
24919.689
25343.757
25767.825
26191.894
26615.962
27040.030
27464.099
27888.167
28312.235
28736.304
29160.372
29584.440
30008.509
30432.577
30856.645
31450.058
32101.855
32760.338
33425.505
21982.257
22418.024
22853.790
23289.556
23725.322
24161.089
24596.855
25032.621
25468.387
25904.154
26339.920
26775.686
27211.452
27647.219
28082.985
28518.751
28954.517
29390.283
29826.050
30261.816
30697.582
31133.348
31569.115
32004.881
32541.607
33209.109
33883.389
22885.527
23333.150
23780.774
24228.397
24676.020
25123.644
25571.267
26018.890
26466.513
26914.137
27361.760
27809.383
28257.007
28704.630
29152.253
29599.876
30047.500
30495.123
30942.746
31390.369
31837.993
32285.616
32733.239
33180.863
33657.881
34341.272
23813.208
24272.848
24732.487
25192.127
25651.766
26111.406
26571.045
27030.685
27490.324
27949.963
28409.603
28869.242
29328.882
29788.521
30248.161
30707.800
31167.440
31627.079
32086.719
32546.358
33005.998
33465.637
33925.277
34384.916
34844.556
24765.626
25237.441
25709.255
26181.070
26652.885
27124.700
27596.515
28068.330
28540.144
29011.959
29483.774
29955.589
30427.404
30899.219
31371.033
31842.848
32314.663
32786.478
33258.293
33730.108
34201.922
34673.737
35145.552
35617.367
25743.106
26227.255
26711.404
27195.554
27679.703
28163.852
28648.002
29132.151
29616.300
30100.450
30584.599
31068.748
31552.898
32037.047
32521.196
33005.346
33489.495
33973.644
34457.794
34941.943
35426.092
35910.242
36394.391
26745.973
27242.616
27739.259
28235.902
28732.545
29229.188
29725.831
30222.474
30719.117
31215.760
31712.403
32209.046
32705.689
33202.332
33698.975
34195.618
34692.261
35188.904
35685.547
36182.190
36678.833
37175.476
27774.554
28283.850
28793.146
29302.441
29811.737
30321.033
30830.329
31339.625
31848.920
32358.216
32867.512
33376.808
33886.104
34395.400
34904.695
35413.991
35923.287
36432.583
36941.879
37451.174
37960.470
28829.173
29351.281
29873.389
30395.497
30917.604
31439.712
31961.820
32483.928
33006.036
33528.143
34050.251
34572.359
35094.467
35616.575
36138.682
36660.790
37182.898
37705.006
38227.114
38749.221
29910.157
30445.236
30980.315
31515.393
32050.472
32585.551
33120.630
33655.709
34190.788
34725.867
35260.946
35796.025
36331.104
36866.183
37401.262
37936.341
38471.419
39006.498
39541.577
31017.830
31566.039
32114.248
32662.457
33210.667
33758.876
34307.085
34855.294
35403.503
35951.713
36499.922
37048.131
37596.340
38144.549
38692.759
39240.968
39789.177
40337.386
32152.518
32714.017
33275.515
33837.014
34398.513
34960.011
35521.510
36083.008
36644.507
37206.006
37767.504
38329.003
38890.502
39452.000
40013.499
40574.998
41136.496
33314.547
33889.494
34464.441
35039.388
35614.336
36189.283
36764.230
37339.177
37914.125
38489.072
39064.019
39638.966
40213.914
40788.861
41363.808
41938.755
34504.242
35092.797
35681.352
36269.906
36858.461
37447.016
38035.571
38624.126
39212.681
39801.236
40389.791
40978.346
41566.901
42155.456
42744.011
35721.928
36324.250
36926.572
37528.894
38131.215
38733.537
39335.859
39938.181
40540.503
41142.825
41745.147
42347.469
42949.790
43552.112
36967.931
37584.179
38200.427
38816.675
39432.923
40049.171
40665.419
41281.667
41897.915
42514.163
43130.411
43746.659
44362.907
38242.577
38872.910
39503.243
40133.577
40763.910
41394.243
42024.576
42654.909
43285.242
43915.576
44545.909
45176.242
39546.191
40190.769
40835.346
41479.924
42124.501
42769.079
43413.656
44058.234
44702.811
45347.389
45991.966
40879.098
41538.079
42197.060
42856.042
43515.023
44174.004
44832.985
45491.966
46150.947
46809.928
42241.625
42915.168
43588.712
44262.256
44935.800
45609.343
46282.887
46956.431
47629.974
43634.095
44322.361
45010.627
45698.892
46387.158
47075.423
47763.689
48451.954
45056.836
45759.983
46463.129
47166.276
47869.422
48572.569
49275.715
46510.172
47228.359
47946.546
48664.732
49382.919
50101.106
47994.429
48727.815
49461.201
50194.587
50927.973
49509.933
50258.677
51007.421
51756.166
51057.008
51821.270
52585.532
52635.980
53415.919
54247.176
