666
22 20 9 3 1 9 10 5 19 11 22 6 6 12 17 9 9 22 11 4 21 18 1
25 14 6 24 0 4 9 23 18 13 12 15 9 21 18 2 24 8 25 1 20 17 22 22 23 0
0
4 2 3 3 4
23 19 14 5 1 23 7 22 12 5 3 12 16 17 6 4 23 6 9 23 15 10 13 0
4 1 4 3 2
17 4 12 4 12 6 4 15 1 2 10 4 3 14 14 14 12 12
19 0 12 3 3 18 4 3 14 8 8 2 15 17 12 15 6 12 13 16
18 6 5 1 17 12 15 8 15 2 12 7 10 8 0 15 17 4 7
27 14 2 7 25 27 20 20 13 4 2 21 16 24 9 16 13 8 12 23 19 11 12 10 26 5 27 12
0
29 0 19 15 4 3 6 26 9 25 13 29 17 29 8 15 24 4 10 23 29 10 28 10 2 0 26 28 4 22
20 0 8 10 14 1 7 5 3 10 13 3 1 16 15 18 2 15 8 19 17
17 5 14 7 2 2 9 16 10 1 6 12 4 14 5 6 9 8
19 3 17 0 7 0 12 0 19 1 8 3 2 7 14 12 16 10 5 1
26 4 18 10 25 13 15 10 17 14 1 22 19 6 21 3 17 24 3 17 12 3 21 9 15 10 19
10 0 0 1 10 4 9 9 2 0 9
4 1 1 2 0
12 12 7 9 4 10 9 12 9 11 9 11 1
12 6 12 11 1 3 2 9 7 12 11 7 1
1 0
27 12 15 16 24 16 18 12 20 10 0 10 24 11 19 13 23 0 16 16 6 27 25 16 21 11 21 21
29 2 28 18 22 23 20 2 5 8 14 28 20 8 8 29 13 25 0 15 11 4 23 17 5 4 29 4 21 0
5 0 2 1 1 5
11 7 11 10 10 2 2 6 8 8 3 10
9 5 7 2 1 0 9 6 6 1
22 16 2 15 19 16 8 19 11 12 3 2 4 14 5 16 8 18 21 1 6 18 21
10 6 1 5 3 2 9 2 3 6 5
18 3 10 15 12 4 6 6 8 13 8 14 17 15 14 15 17 0 7
27 26 4 24 22 4 18 20 0 27 9 22 9 13 24 21 5 11 6 22 15 1 14 17 10 2 2 13
5 4 4 0 4 2
1 0
10 9 1 7 7 1 9 2 8 3 7
18 17 1 16 4 2 5 8 0 10 1 11 12 13 7 0 7 3 8
27 20 9 3 13 14 21 12 16 23 8 23 3 12 21 2 2 4 14 22 13 1 15 4 4 21 11 1
14 6 8 4 10 9 14 12 12 0 13 8 8 13 1
25 1 5 19 21 11 22 23 8 15 25 17 25 16 10 20 6 17 19 20 8 14 16 6 0 22
9 3 0 4 1 6 9 2 1 0
25 15 14 17 5 13 10 4 5 23 1 11 14 20 8 23 10 24 5 13 22 12 24 15 2 17
17 5 7 14 6 6 14 14 1 13 11 10 9 8 13 10 7 3
27 1 12 3 11 0 4 24 0 16 3 3 23 4 0 22 8 8 26 4 16 14 1 5 16 17 13 11
13 5 0 12 6 13 0 2 13 4 10 13 5 13
4 2 1 4 1
3 1 3 0
20 10 18 11 17 0 11 7 3 16 6 20 20 19 11 13 18 2 2 8 19
29 11 0 20 2 11 16 1 29 6 13 18 27 13 28 20 4 24 18 14 15 26 26 19 17 25 8 14 7 23
22 7 10 16 2 9 19 1 7 17 1 2 17 9 22 8 2 5 14 0 22 0 19
0
3 2 1 3
12 11 5 7 7 11 7 11 8 0 1 0 7
6 3 3 3 6 2 2
15 7 11 11 4 1 5 13 7 11 9 14 0 15 14 8
18 9 12 1 12 2 1 16 16 17 16 10 8 6 17 7 16 10 7
28 11 11 4 9 24 12 17 23 13 7 1 10 24 8 26 20 18 0 15 27 1 1 12 5 22 1 7 10
26 17 15 25 21 12 12 11 5 17 13 2 8 22 16 6 18 3 17 20 1 2 25 0 12 1 5
10 1 10 9 4 10 10 0 5 9 10
11 11 7 6 10 10 11 3 2 6 2 8
20 6 5 18 15 16 20 18 5 1 7 13 11 11 17 9 7 11 20 12 17
19 2 9 16 9 17 2 19 11 10 1 1 18 1 14 15 5 15 2 0
4 1 2 2 3
28 5 26 8 21 26 21 26 8 2 24 25 9 20 26 6 24 10 3 20 6 16 13 27 0 21 26 1 13
8 4 8 5 4 2 4 2 8
0
6 3 0 3 4 5 2
25 20 19 8 4 3 0 12 20 8 4 0 20 15 1 2 22 16 3 23 10 6 23 3 12 10
13 12 8 3 7 5 3 8 11 12 7 3 10 12
24 24 14 23 21 0 17 20 2 8 5 13 11 24 12 6 19 20 7 18 14 5 20 19 24
28 0 8 23 13 25 6 14 1 10 25 21 21 24 22 6 21 3 23 17 23 23 28 14 10 15 6 26 4
25 12 23 6 1 13 4 12 25 17 22 1 6 5 0 19 6 25 6 11 7 13 22 7 3 2
27 6 1 16 11 8 11 6 23 14 23 11 21 10 7 19 9 11 0 12 13 0 13 19 25 0 20 22
10 2 4 5 9 1 1 1 9 2 9
1 1
11 2 6 7 1 5 9 1 9 9 10 1
28 28 26 17 2 20 22 20 1 1 2 17 18 4 2 7 10 13 22 28 10 0 18 2 28 20 18 23 3
14 11 4 2 10 6 6 5 10 13 6 5 10 2 8
16 5 16 9 3 14 12 15 16 6 8 15 11 16 2 12 4
22 8 4 16 11 17 16 5 15 17 20 4 3 13 17 11 0 18 20 19 14 18 19
27 6 19 6 9 22 14 5 26 0 23 12 7 3 11 10 13 20 7 4 20 6 16 18 15 3 19 13
23 4 7 0 6 6 14 8 0 0 9 19 16 4 23 23 19 18 13 1 10 17 21 6
29 25 22 14 17 12 15 2 20 4 14 19 9 27 3 3 3 18 10 0 9 1 5 22 14 23 21 0 26 24
13 1 4 11 1 5 5 0 3 10 1 1 3 4
4 1 3 0 1
14 0 10 0 12 10 6 5 8 7 1 10 12 3 14
24 14 20 23 21 5 2 12 12 22 22 24 20 20 4 16 9 16 19 17 23 21 18 6 6
12 6 0 7 9 4 12 11 2 6 0 8 7
7 3 7 3 3 0 7 7
25 24 19 16 21 12 23 24 4 8 18 11 8 0 9 13 12 7 4 20 23 2 14 20 17 5
22 19 10 9 12 2 14 17 15 0 16 1 7 19 16 17 3 15 2 13 21 22 20
20 2 16 16 1 15 4 7 5 5 2 15 7 6 8 14 9 12 20 6 3
24 23 18 14 8 10 0 21 15 18 8 2 15 20 0 24 13 2 0 8 6 22 18 19 1
2 2 2
19 0 0 13 10 8 7 3 14 14 6 1 17 12 5 14 12 15 5 17
0
0
10 1 9 1 6 9 2 4 0 10 1
7 0 2 4 3 1 2 5
10 6 9 4 4 5 9 3 4 1 1
29 24 14 23 20 18 4 18 15 3 27 4 11 11 2 9 12 8 3 9 10 8 17 24 10 10 10 16 9 23
14 0 9 5 8 6 0 5 9 0 8 6 5 11 2
14 12 6 14 0 7 9 0 10 3 11 5 13 4 6
14 11 6 0 8 7 7 9 12 8 1 12 7 13 1
16 13 11 1 15 4 13 6 4 5 7 11 5 12 2 12 7
2 2 0
10 7 4 3 10 8 3 1 10 5 2
7 5 6 1 7 7 4 1
0
16 14 15 15 9 8 11 7 12 5 0 9 12 7 3 15 15
23 3 10 5 23 16 19 13 9 2 12 13 11 12 10 18 17 1 13 0 13 0 19 7
22 21 7 21 22 5 14 20 14 8 7 11 22 8 8 12 12 12 11 12 14 0 19
15 6 10 7 4 2 3 11 15 14 6 13 14 11 6 3
6 2 4 0 2 2 2
2 2 2
9 1 6 8 2 1 4 6 0 6
10 1 4 0 1 0 9 3 6 4 0
24 17 6 16 8 5 2 12 21 6 1 12 22 1 6 3 0 17 21 2 8 22 17 7 24
4 4 4 1 3
27 11 17 23 0 15 8 10 13 27 6 6 4 27 19 10 18 19 5 24 9 18 16 17 4 23 5 1
3 0 3 0
20 11 10 6 5 11 7 5 11 4 2 13 10 1 14 8 20 12 2 20 7
8 7 3 4 5 8 0 0 7
7 6 7 1 6 7 0 0
17 11 1 2 10 2 6 4 2 3 2 9 15 17 3 2 2 17
4 3 4 4 0
1 1
7 0 3 3 1 4 4 0
27 14 23 25 12 19 16 9 9 21 22 0 0 16 20 17 8 3 7 19 23 19 4 23 15 7 2 4
7 2 1 0 1 0 6 1
1 0
1 0
1 1
19 11 18 5 1 2 0 12 1 8 7 17 3 3 17 5 11 4 11 12
1 0
4 0 4 0 3
7 4 4 6 1 3 0 6
10 3 4 8 2 7 10 9 7 5 2
11 3 11 10 11 0 3 4 11 9 3 0
2 0 1
20 2 11 19 20 18 7 11 13 13 11 8 19 13 10 14 3 16 12 17 14
13 11 6 5 6 11 1 12 7 6 11 7 10 0
20 0 0 10 14 13 19 20 10 11 9 1 12 3 13 7 17 12 4 0 10
15 15 5 13 14 7 4 6 9 8 4 12 8 1 4 5
10 0 2 6 9 0 2 10 7 10 0
5 1 3 3 4 3
18 17 0 12 1 8 8 10 3 7 3 9 3 0 1 4 18 2 11
2 1 0
18 17 7 14 6 7 11 1 11 10 16 9 3 17 17 8 5 1 16
12 7 0 9 6 8 3 5 12 11 9 11 7
25 6 5 6 16 19 24 18 6 25 10 5 22 6 6 25 19 4 10 16 17 6 24 12 25 16
4 4 0 2 0
0
25 0 6 23 20 6 18 2 5 2 8 3 10 14 3 4 20 13 22 11 21 20 0 20 12 0
10 4 0 6 4 5 5 7 8 2 4
16 15 8 11 1 9 15 13 13 10 4 16 14 13 6 8 15
17 8 7 14 1 2 2 17 17 6 15 0 15 7 16 0 15 13
1 1
27 24 27 16 15 13 26 7 6 13 18 13 15 1 21 3 13 23 4 13 18 1 13 3 22 15 13 14
15 6 1 4 6 8 12 13 13 6 0 7 0 10 13 3
13 2 10 5 12 12 2 0 11 1 3 6 0 0
2 2 2
9 7 8 5 4 5 9 6 9 6
22 21 0 10 4 5 18 7 13 19 2 1 0 14 17 10 22 22 18 9 4 17 19
7 1 1 2 4 5 3 6
8 0 7 2 4 3 8 3 1
3 2 0 2
13 1 2 11 6 3 5 13 4 0 4 11 5 2
21 20 7 2 10 7 18 10 8 14 3 21 14 0 15 16 18 1 19 11 20 7
6 1 6 4 1 1 0
16 9 11 9 16 13 14 16 1 5 7 10 11 8 13 3 1
17 12 12 2 3 13 7 9 6 17 5 16 9 13 0 11 13 17
13 6 3 9 8 7 12 11 0 8 7 13 5 4
17 2 5 8 15 12 15 3 12 3 17 1 16 0 11 9 17 6
10 1 2 10 0 1 10 1 0 8 5
17 7 6 7 10 13 2 2 10 5 12 13 3 14 12 1 7 3
18 16 12 1 6 2 9 18 10 18 10 2 17 0 0 15 13 9 0
15 9 3 7 13 14 10 1 4 7 12 12 3 5 13 6
8 7 1 4 0 5 0 4 1
22 5 4 20 19 17 6 14 9 1 10 5 21 15 22 4 21 16 13 16 10 7 0
0
4 4 3 0 2
24 2 24 4 6 1 22 13 17 4 7 22 22 1 1 12 21 2 14 18 9 21 11 21 12
27 11 12 21 14 0 13 9 14 23 17 21 18 10 16 14 21 8 21 14 21 16 17 0 21 18 6 20
21 19 15 10 10 21 11 0 13 5 9 17 0 3 11 14 5 1 10 6 13 21
15 6 10 8 7 7 11 5 7 14 7 12 0 7 6 7
8 0 8 3 8 4 8 8 8
19 9 0 18 10 9 13 13 11 9 12 10 0 17 13 14 0 2 10 0
26 2 20 23 8 5 22 3 21 10 1 5 14 5 26 12 22 12 10 24 12 16 2 0 6 11 14
7 6 5 5 2 3 7 1
10 10 10 6 8 3 9 6 0 3 5
24 3 3 9 13 6 16 10 16 2 21 23 16 21 16 0 22 4 21 6 14 14 11 10 18
2 1 0
18 1 10 17 11 8 14 13 4 14 5 7 11 6 13 15 0 12 12
18 15 2 4 17 7 12 1 16 8 16 17 12 17 8 10 9 13 3
16 2 3 12 10 12 9 8 8 11 5 0 9 8 6 11 14
13 7 11 7 8 6 13 9 2 6 12 9 8 1
15 15 2 2 2 6 10 9 6 4 5 6 5 2 2 7
22 18 7 11 3 8 17 15 3 14 12 4 10 0 21 12 2 2 19 6 16 19 1
2 2 0
23 23 23 19 14 3 18 10 9 14 11 8 17 10 22 11 12 7 9 0 0 6 13 3
11 1 0 9 8 6 10 1 5 9 0 11
11 6 9 6 0 0 2 9 3 1 8 3
6 5 1 1 1 5 1
18 9 10 10 3 6 10 8 9 5 6 8 1 2 6 17 4 18 7
23 7 23 11 2 12 9 22 16 4 7 16 5 1 0 18 0 18 18 3 21 11 23 23
11 0 10 9 6 6 7 9 1 7 8 4
11 9 2 7 2 1 11 11 2 11 5 6
15 3 14 10 6 5 1 7 9 12 12 11 14 4 12 8
13 13 10 0 10 0 9 0 3 5 11 1 2 3
26 21 1 10 12 4 5 13 1 1 12 26 8 11 2 3 4 0 25 25 22 3 25 15 2 26 3
24 20 2 9 11 23 18 8 23 20 11 2 16 5 21 7 0 9 9 5 7 11 21 0 9
20 4 0 3 4 1 9 15 2 14 0 15 16 1 12 4 5 4 13 8 0
17 3 17 16 6 16 11 14 13 10 15 6 4 16 17 9 7 17
5 1 2 0 0 0
7 2 4 3 7 3 4 6
12 3 11 10 2 3 0 11 11 3 10 5 2
17 17 8 10 9 15 5 7 10 3 14 6 16 9 16 5 10 6
11 0 11 1 2 0 5 1 0 11 2 2
0
11 5 9 8 8 4 7 2 0 8 10 7
22 7 16 5 12 17 16 7 5 5 0 7 0 14 9 0 14 13 11 6 17 2 22
17 8 4 7 14 12 15 7 15 15 0 4 5 14 11 1 2 10
3 1 1 0
28 1 24 9 5 5 7 8 3 10 28 17 23 18 15 6 15 20 3 0 7 16 1 28 9 11 0 14 25
25 12 22 6 0 14 20 13 4 22 15 17 25 1 11 11 15 0 7 21 9 7 21 10 25 8
10 9 8 2 1 5 8 5 9 7 9
9 4 6 7 5 3 5 4 2 6
26 9 4 22 10 13 22 4 26 7 20 19 3 4 0 7 25 25 12 18 7 18 2 15 15 18 10
1 1
19 7 17 0 11 14 10 3 12 0 13 8 2 4 11 11 14 1 0 1
26 19 8 13 21 24 1 12 23 5 17 11 3 9 8 6 23 4 12 10 15 17 4 8 3 18 21
7 7 5 2 2 6 0 7
2 0 0
24 12 4 13 10 23 17 5 22 6 0 18 21 2 0 2 11 15 24 17 19 4 5 15 6
16 5 9 16 1 15 14 0 16 12 9 12 15 14 6 11 0
14 9 11 4 6 13 11 7 7 10 2 7 0 0 0
2 0 1
20 0 9 8 5 3 18 1 7 15 9 4 10 18 2 5 8 19 7 19 5
20 17 5 19 1 7 8 19 10 18 7 8 6 13 11 7 10 12 14 4 19
16 7 4 2 0 6 10 5 2 11 13 10 14 10 7 2 10
17 6 1 7 3 11 3 3 16 11 10 15 11 0 2 0 5 7
8 4 7 7 0 7 7 6 4
8 7 0 2 8 6 3 4 8
8 8 2 3 1 3 8 1 1
20 10 1 3 15 20 20 20 15 15 12 7 14 6 14 18 14 11 1 6 7
9 5 5 5 3 2 5 3 9 0
15 5 12 4 2 12 15 5 10 5 7 0 12 2 0 12
4 4 4 0 1
15 11 14 0 3 13 14 4 2 14 0 7 10 4 9 6
2 0 2
21 14 21 5 2 3 11 10 3 20 11 5 19 8 21 14 9 20 10 4 14 14
16 12 1 11 6 14 6 8 13 11 16 5 6 15 5 13 2
0
4 3 0 0 1
28 13 27 11 5 19 16 27 15 10 3 9 25 8 1 11 16 16 26 18 16 2 18 9 2 16 2 28 2
15 4 9 2 6 14 8 13 4 9 7 1 1 10 0 4
28 20 25 22 9 7 1 11 25 11 13 12 13 12 14 9 19 4 19 4 6 26 21 16 2 24 7 3 0
3 2 2 1
18 3 13 13 4 9 8 18 16 17 13 15 16 7 16 5 17 2 6
17 7 14 16 15 0 17 5 1 9 3 10 2 10 3 10 11 11
13 3 5 5 6 3 3 11 1 13 12 13 10 5
16 1 7 16 15 15 6 15 13 2 2 14 15 3 13 10 16
20 4 1 6 8 11 0 5 13 6 10 19 2 16 0 3 11 6 0 12 8
4 1 0 0 3
11 0 7 8 0 9 4 10 1 0 10 7
24 16 9 6 4 6 16 2 9 4 10 24 15 5 0 23 20 20 9 3 23 4 13 19 5
6 1 3 2 4 4 1
22 19 9 22 2 4 21 12 5 0 20 0 8 18 3 13 19 1 19 14 2 7 1
4 0 4 4 1
25 6 10 16 11 5 3 17 14 22 13 22 5 5 8 25 25 5 6 18 1 14 1 20 6 22
6 0 4 1 4 6 0
4 2 2 4 3
25 21 1 2 19 8 8 2 8 9 9 14 1 11 2 3 7 10 25 1 6 7 5 22 16 15
1 0
27 10 23 22 4 6 10 15 5 26 13 21 8 1 17 21 20 1 14 15 3 27 26 19 16 4 10 3
5 1 1 0 5 2
8 3 2 3 6 0 7 4 5
7 5 5 1 5 6 7 0
25 9 25 5 23 13 7 6 18 6 7 11 13 9 5 25 12 6 8 1 22 16 8 13 8 25
16 14 10 6 16 6 3 9 10 14 5 13 10 7 9 9 13
25 16 13 12 4 21 20 5 19 12 15 7 20 15 15 18 19 25 8 22 18 23 7 11 1 24
10 1 7 1 9 1 1 8 1 4 9
11 6 9 5 3 2 0 4 3 8 7 5
0
2 2 1
17 6 10 7 16 15 7 3 6 14 13 8 9 8 14 0 8 3
6 1 4 5 2 5 0
7 5 0 7 3 1 0 3
13 0 2 8 7 11 11 0 6 9 13 12 7 4
28 24 9 21 3 27 1 2 17 9 15 23 27 19 19 27 28 21 28 9 7 18 5 21 6 23 14 14 28
26 3 6 22 25 17 22 18 17 14 1 14 25 1 23 7 9 12 16 4 17 14 2 6 24 15 21
21 14 18 3 9 13 9 8 11 6 12 16 12 3 16 10 19 7 17 9 10 2
18 11 12 4 4 4 15 2 13 18 1 3 8 8 17 4 18 10 6
15 8 12 14 8 12 7 5 10 11 0 2 15 6 14 13
4 0 3 0 0
6 6 5 2 6 2 4
27 10 27 7 18 7 1 22 8 13 24 6 0 20 4 27 6 26 0 20 7 6 23 13 26 21 18 13
27 4 17 23 14 0 14 16 8 15 23 16 0 19 6 12 11 22 23 1 20 24 21 11 14 0 24 24
1 0
1 1
23 6 2 13 3 8 22 23 11 9 7 12 4 21 4 7 11 12 16 23 0 21 6 22
23 10 18 23 4 0 2 19 6 20 9 1 4 7 0 7 16 23 19 12 20 16 11 7
14 6 7 14 0 8 6 0 0 1 2 9 13 10 10
15 14 7 12 10 6 13 10 6 12 5 2 9 5 13 8
25 18 17 23 24 11 15 0 6 10 14 17 2 7 13 7 19 17 6 16 1 7 2 2 11 11
6 1 0 2 0 1 0
28 23 14 0 15 24 2 18 7 12 20 4 26 6 28 23 4 13 20 12 27 19 5 2 4 5 24 27 28
25 1 7 17 4 23 20 9 18 10 3 7 4 5 11 5 25 4 15 13 2 5 5 3 9 9
4 0 3 3 4
8 5 7 1 3 3 6 2 6
10 0 2 0 0 4 8 6 8 10 3
25 8 19 16 19 2 10 23 0 7 5 24 5 24 14 10 14 24 25 24 22 16 16 0 15 20
27 4 9 4 14 18 0 9 20 25 4 14 15 6 3 14 0 14 26 26 1 20 24 18 4 0 6 24
6 3 4 4 5 4 1
22 13 7 14 22 1 4 17 9 5 2 11 10 21 8 15 11 17 8 11 6 22 14
17 12 11 4 10 15 2 14 13 14 14 12 14 7 10 0 0 17
9 6 7 7 7 4 5 9 9 4
0
20 8 18 17 16 7 16 1 1 9 3 0 20 10 12 17 20 19 11 2 3
20 9 0 19 10 19 10 2 20 17 2 7 14 19 0 1 13 1 0 1 2
16 16 14 15 5 16 16 16 6 12 11 1 2 5 7 1 7
25 11 11 10 2 21 11 16 5 11 6 18 4 1 20 19 22 5 24 3 10 23 1 19 0 16
23 1 6 9 21 23 16 23 21 23 0 19 15 9 20 23 19 0 20 11 15 4 0 21
26 13 15 8 6 6 2 20 1 8 13 18 21 5 12 21 14 13 17 26 13 12 17 24 0 26 20
26 10 13 23 6 26 1 3 22 7 5 15 24 2 17 4 23 23 16 7 26 2 13 26 4 25 5
4 1 4 4 4
11 6 3 6 3 7 4 10 0 3 2 8
12 11 7 9 7 4 4 1 8 10 6 0 2
9 5 4 5 6 0 9 4 8 7
0
19 6 0 16 17 18 8 19 10 11 11 17 9 16 14 5 19 13 14 0
4 1 1 0 3
17 5 6 17 0 4 4 6 3 2 8 11 8 9 15 16 14 7
15 5 13 8 12 7 14 12 1 6 7 7 6 2 8 12
11 3 9 7 7 10 10 9 9 4 11 11
24 17 18 0 14 22 12 11 5 9 21 0 4 18 9 12 7 22 2 10 10 9 20 12 3
9 6 8 9 5 3 4 4 3 6
9 0 0 2 1 9 3 3 0 2
12 7 4 7 1 12 9 12 5 8 0 9 1
20 0 10 5 1 1 8 10 4 6 6 16 9 1 11 20 2 8 7 15 3
15 6 6 1 12 13 11 6 5 1 2 3 6 15 4 13
23 12 16 9 4 18 5 5 6 1 23 20 6 15 15 20 21 5 5 17 11 8 15 0
23 1 11 23 8 8 4 7 12 12 17 16 23 14 21 5 7 21 18 14 12 1 10 1
6 1 5 4 4 3 3
26 26 10 2 20 21 19 1 21 21 13 4 5 15 12 23 13 7 8 16 26 10 18 22 21 16 0
21 10 5 21 12 1 7 1 9 16 3 5 2 11 16 11 6 17 18 0 8 6
23 14 2 12 9 4 18 10 8 10 19 15 3 3 10 10 11 2 7 22 13 13 17 6
20 10 10 3 5 14 12 19 6 19 14 9 6 18 20 18 11 16 1 1 6
0
11 11 0 4 1 2 5 6 0 6 5 5
3 2 1 2
25 21 8 2 10 18 25 7 11 9 16 15 16 8 25 17 11 18 24 24 18 23 24 10 21 7
7 2 1 6 1 6 1 7
4 2 1 0 2
15 9 15 12 9 7 5 14 2 7 8 14 7 4 12 11
9 3 5 2 4 5 3 9 5 8
15 8 10 1 7 3 10 6 15 3 13 5 2 15 12 10
25 24 10 15 21 4 8 4 20 23 20 7 14 13 25 9 17 14 7 19 11 21 7 9 15 21
18 17 3 11 3 6 8 1 12 0 8 12 15 0 18 15 10 9 0
28 1 27 22 8 25 2 16 24 21 21 21 27 25 13 25 0 8 4 19 14 22 4 23 20 11 14 21 12
16 14 2 1 1 9 9 0 8 15 4 0 2 1 15 9 6
0
13 1 12 5 6 12 0 4 10 6 10 9 12 2
4 4 2 4 0
18 10 5 7 13 15 12 9 14 5 16 15 4 3 5 10 16 3 11
8 4 6 6 2 8 5 4 3
20 18 8 3 19 10 12 13 19 16 10 0 10 0 0 16 19 8 3 3 16
6 3 5 0 6 3 5
12 3 1 6 9 4 0 10 9 1 7 5 3
8 3 7 8 1 4 7 7 1
14 9 9 0 1 5 0 14 7 4 0 13 7 10 7
1 1
14 0 6 13 13 0 8 2 0 6 12 5 11 0 4
21 9 12 8 20 18 9 12 7 15 11 8 10 4 13 3 21 7 0 21 21 9
16 7 5 9 16 8 4 9 6 10 11 7 6 1 2 15 4
24 6 21 19 22 5 0 7 20 11 23 3 5 19 19 15 17 15 18 16 3 3 20 22 7
20 2 3 15 10 8 2 16 3 9 13 8 16 17 7 6 10 12 5 2 6
13 4 11 9 7 12 12 6 7 3 10 7 0 9
13 6 11 4 2 0 3 2 2 4 7 0 7 6
15 5 13 12 3 10 14 0 5 14 12 6 15 10 5 11
0
28 0 27 13 24 25 14 25 6 17 20 23 13 17 16 26 18 13 18 4 28 5 1 16 22 19 14 17 19
9 2 0 6 6 2 2 5 0 4
9 5 8 9 4 3 9 9 4 9
6 4 1 1 1 4 5
27 20 18 20 11 21 8 6 15 13 6 2 5 9 26 0 11 1 8 14 0 2 25 27 24 1 0 16
11 5 6 6 6 9 7 5 2 7 11 1
20 8 16 11 17 7 10 5 9 11 3 7 11 14 14 6 20 5 15 0 8
2 0 0
5 1 0 5 1 0
4 4 1 1 4
3 1 3 3
20 14 6 1 5 0 13 11 18 17 3 18 4 8 20 17 14 1 20 5 20
18 7 14 6 13 14 15 3 3 6 12 13 13 10 12 9 9 7 17
21 13 8 0 5 4 4 1 9 4 15 0 15 4 14 13 12 7 11 5 13 9
18 3 0 0 16 9 9 1 5 7 1 3 14 3 3 3 13 3 4
1 0
2 1 1
7 3 5 6 6 4 4 6
5 1 3 1 0 0
17 17 3 17 16 5 16 7 12 4 5 7 11 2 7 1 10 8
26 18 11 7 12 26 4 11 19 13 3 10 11 7 7 12 22 5 24 2 10 18 6 16 7 24 16
11 5 2 0 2 2 11 9 3 2 2 0
0
11 11 3 2 9 10 8 8 10 5 5 6
13 6 12 13 2 4 7 2 9 11 12 3 0 11
18 13 0 10 5 15 9 17 12 12 9 17 5 0 14 11 13 5 16
1 0
18 9 6 5 3 2 16 9 18 0 2 9 1 9 15 16 18 13 7
22 6 17 18 13 1 18 11 7 19 22 3 7 15 3 7 19 8 7 6 9 5 6
11 3 0 2 3 11 4 1 10 1 1 7
5 4 5 4 1 2
10 6 4 1 7 7 6 2 7 7 1
26 12 5 7 24 7 11 24 16 9 26 26 5 18 20 18 17 4 15 3 6 17 19 8 22 11 6
12 4 2 9 10 0 2 7 2 1 0 1 0
6 1 4 5 2 6 2
5 5 2 2 0 2
26 26 22 26 22 14 7 16 6 10 23 20 20 17 14 14 7 13 6 24 11 3 5 2 24 19 14
29 28 9 14 24 3 4 6 2 28 19 28 3 5 4 26 2 0 4 25 12 26 16 3 8 21 17 7 24 6
4 1 1 0 0
12 0 6 12 6 5 6 4 10 1 5 12 2
28 15 17 10 18 12 2 7 25 19 24 27 1 23 0 28 20 26 24 16 1 4 17 5 14 26 21 11 19
21 2 15 9 14 20 4 12 3 0 6 18 5 4 17 10 10 14 7 18 4 13
26 7 13 24 25 0 23 10 25 18 3 3 4 3 14 12 22 26 14 8 17 16 6 12 11 2 2
8 6 0 0 0 5 2 6 3
5 0 3 4 4 1
22 14 19 9 18 16 9 2 19 19 10 11 6 5 12 7 9 10 0 1 10 14 0
3 1 0 1
24 4 14 14 13 1 24 22 4 1 20 9 16 4 15 11 16 6 21 13 0 1 5 4 9
19 14 4 5 14 2 1 10 3 5 10 0 11 18 1 2 10 10 3 10
7 5 3 6 1 6 3 0
27 2 7 8 0 16 17 6 14 27 4 25 24 15 25 12 21 14 22 3 20 26 5 12 7 5 18 5
23 6 13 8 4 5 9 13 17 6 11 11 5 8 0 22 15 6 22 16 12 12 3 17
26 19 16 15 9 15 17 5 16 10 18 6 22 19 5 22 8 7 3 24 16 25 19 26 8 20 13
26 3 11 17 24 3 6 12 1 22 18 22 0 17 13 6 2 21 0 24 3 24 1 0 13 15 8
23 11 7 0 23 14 5 5 8 3 15 8 19 1 3 13 9 15 8 10 8 7 11 23
25 14 18 2 11 25 14 24 24 19 1 14 17 20 23 6 6 16 24 25 0 10 20 23 19 15
27 11 24 26 10 3 24 7 9 20 10 15 14 25 24 9 11 7 2 26 27 18 0 16 1 12 0 26
19 7 3 17 6 3 15 8 18 0 11 11 8 6 2 2 7 6 4 14
9 2 4 1 0 8 9 7 1 9
5 0 2 4 5 0
13 5 6 5 5 2 12 9 8 2 13 9 4 13
25 12 5 17 21 1 13 4 9 10 25 2 3 23 19 10 7 22 19 3 4 22 15 12 5 9
29 13 16 5 18 3 29 18 4 18 7 6 18 16 10 7 1 15 4 26 0 17 18 19 25 12 8 8 3 21
26 18 2 4 8 19 0 14 13 20 3 20 9 4 14 14 26 6 21 26 0 15 25 15 14 21 7
2 1 2
23 7 14 0 17 17 7 9 22 6 0 18 12 22 10 23 3 13 11 4 15 3 20 21
4 0 2 2 2
26 21 25 9 26 8 19 1 10 1 7 25 20 5 22 22 7 23 26 8 2 25 25 9 13 13 4
21 18 5 4 19 16 2 14 15 8 21 15 13 0 2 2 20 1 7 13 10 10
28 10 9 4 26 5 2 6 11 28 17 15 25 13 5 17 16 27 20 3 26 14 23 15 0 20 12 9 3
15 14 15 6 7 10 3 12 15 9 9 12 5 7 11 15
29 2 25 4 13 16 26 21 4 3 25 18 24 11 9 9 11 13 5 22 19 24 26 20 7 23 1 6 26 4
25 21 13 16 9 22 13 9 20 23 5 15 13 23 16 8 16 9 1 7 7 20 13 1 1 0
8 8 1 1 4 7 6 0 0
12 4 5 2 11 4 9 2 6 8 6 2 11
3 1 1 1
10 3 0 8 4 0 3 5 0 10 5
21 21 7 21 21 4 11 19 19 14 6 0 16 8 10 16 14 20 7 17 16 21
5 1 3 0 0 4
0
13 2 5 10 3 4 9 2 0 8 5 0 9 5
3 3 0 3
7 6 3 4 2 4 6 7
12 8 6 11 6 7 0 9 5 0 1 6 0
24 1 1 22 23 9 2 12 6 6 2 19 24 3 19 1 12 4 13 14 1 24 20 22 12
22 0 17 4 10 20 20 1 11 21 19 6 12 21 6 14 12 15 0 10 9 9 6
23 0 23 22 14 15 1 9 1 5 6 1 1 19 7 7 3 14 6 2 6 11 11 19
27 8 20 17 4 5 16 14 9 3 0 0 22 1 13 20 18 20 5 7 19 25 14 27 27 1 25 17
26 13 12 15 21 4 23 5 25 20 21 22 5 20 19 2 9 16 22 25 18 11 19 4 23 0 17
16 12 9 4 0 14 5 14 12 13 9 9 8 16 10 6 2
19 10 16 15 15 4 13 3 2 3 3 1 7 10 19 8 10 6 13 2
1 1
1 0
29 2 25 1 29 18 8 10 11 6 8 26 21 21 29 5 16 5 7 5 15 16 23 6 15 29 28 16 24 21
3 1 0 2
16 12 3 3 13 10 4 0 2 2 16 4 11 15 12 14 3
19 17 6 7 12 15 8 1 1 19 14 7 7 4 5 12 2 12 2 4
28 18 23 9 16 13 28 22 19 23 19 27 20 14 18 21 24 10 21 2 10 13 15 7 25 5 10 7 27
7 1 5 0 4 6 3 5
2 0 0
0
22 4 8 17 8 14 16 17 5 10 2 19 16 6 17 22 5 3 5 4 4 3 16
20 14 14 7 0 5 0 7 10 14 3 12 12 11 9 14 18 20 18 20 5
1 1
7 0 0 2 0 6 3 1
6 1 2 3 1 6 3
23 23 17 11 11 3 18 4 3 3 13 0 14 7 14 1 15 22 17 9 7 23 4 8
10 5 6 4 0 8 6 10 9 6 8
22 9 11 7 9 9 21 7 8 4 8 4 20 11 9 22 21 18 6 19 4 1 15
20 17 18 14 5 17 9 12 10 12 13 1 12 19 10 10 12 2 12 2 15
7 6 4 5 0 7 0 2
15 7 12 8 15 13 1 9 6 14 15 11 0 13 7 3
8 2 1 4 6 2 5 2 6
21 5 5 2 3 3 9 6 7 2 14 8 7 11 14 5 14 16 13 11 19 6
5 0 4 3 3 3
28 27 18 3 26 21 26 27 6 26 25 26 1 8 10 5 15 9 7 2 6 1 15 8 16 12 7 10 21
10 7 8 4 4 2 6 6 5 0 9
23 12 18 3 1 7 1 15 13 5 21 6 14 9 3 7 12 12 15 18 2 5 15 10
6 2 0 6 4 4 3
4 0 2 3 1
27 27 6 22 12 0 24 2 13 23 13 17 15 20 27 10 14 22 16 20 11 10 19 8 19 6 18 16
0
3 3 1 2
20 14 6 18 10 13 10 11 11 18 5 15 15 6 15 3 9 5 19 10 4
19 6 10 19 2 10 14 2 19 17 12 14 15 14 18 12 5 17 18 13
13 10 10 6 3 4 13 1 9 2 3 4 10 10
11 4 6 6 10 6 7 2 4 6 4 10
14 7 3 12 12 9 11 14 3 6 10 6 8 12 8
1 1
24 11 16 21 23 4 11 10 19 14 16 14 22 17 11 6 3 8 14 19 6 0 7 7 22
10 1 2 7 8 10 7 8 1 0 2
11 3 9 5 3 11 9 7 3 4 0 11
28 15 2 12 11 16 23 22 12 14 19 23 9 15 25 25 16 17 12 5 14 19 12 19 2 8 8 6 2
17 8 6 1 11 13 1 3 6 3 10 5 8 4 1 15 1 15
5 0 4 5 0 1
15 4 14 13 12 1 0 1 4 6 3 9 1 8 10 11
25 22 10 5 5 7 16 12 2 16 2 7 9 8 18 12 18 12 6 21 2 18 18 16 24 19
7 2 7 1 5 4 4 4
0
1 1
28 4 23 4 12 14 21 0 21 23 10 9 4 20 27 9 23 20 20 0 28 12 19 5 24 0 19 5 16
15 15 13 2 1 14 13 2 15 2 5 5 6 9 13 5
12 1 3 10 1 7 0 9 8 9 10 10 11
18 0 17 8 12 18 15 8 0 8 1 10 4 1 11 7 3 10 8
2 2 2
26 16 12 24 3 3 7 18 6 25 1 17 5 9 22 0 8 1 24 3 0 2 25 2 25 3 11
12 4 4 11 2 9 8 10 10 4 6 8 12
10 9 6 0 1 4 3 5 4 8 2
13 10 0 0 7 12 9 5 7 7 2 7 12 5
21 16 7 14 18 12 20 15 5 20 16 10 21 21 14 7 13 4 16 11 0 7
3 1 3 3
28 0 11 26 16 3 22 0 22 8 12 11 25 26 8 17 0 20 3 17 9 15 8 17 20 20 9 27 27
17 1 16 3 11 17 3 0 1 7 7 1 4 5 8 2 11 11
16 2 14 8 0 7 16 16 6 2 14 10 14 7 0 4 1
9 1 5 6 2 4 5 5 8 0
15 14 5 6 6 14 12 15 7 7 6 2 1 13 15 1
23 17 3 13 23 7 6 6 13 3 10 14 4 17 21 12 23 2 18 6 0 22 5 8
17 5 2 8 12 3 10 9 12 13 14 15 12 9 15 7 10 0
16 6 9 2 5 6 0 12 12 10 5 1 6 10 6 4 6
1 1
19 16 3 19 17 13 13 16 12 13 6 14 11 12 9 18 15 12 3 16
6 1 6 4 6 4 2
11 0 7 8 11 4 0 10 9 5 4 5
19 13 3 16 4 7 5 2 14 9 17 10 6 11 14 0 14 18 14 18
12 8 7 3 6 12 2 11 10 3 4 0 5
27 21 1 26 18 19 17 16 13 15 26 4 13 10 22 0 8 12 22 26 11 0 0 21 9 3 1 9
15 10 11 6 7 0 13 5 4 2 9 5 5 15 9 7
9 1 9 8 6 1 4 7 2 5
10 10 7 10 8 1 8 7 2 7 5
19 4 4 9 13 9 15 13 14 18 14 5 17 4 1 10 1 0 4 6
21 15 18 0 0 6 18 7 9 14 1 12 6 11 12 14 12 17 21 0 9 5
20 16 15 4 4 14 0 12 3 4 7 9 12 5 16 1 10 19 10 5 12
26 16 15 2 6 10 26 26 13 22 1 9 25 0 23 10 22 20 11 24 13 14 22 25 3 9 17
29 23 7 27 12 0 22 18 2 1 28 16 0 27 12 10 28 1 0 26 3 9 7 21 2 19 11 12 18 1
8 2 7 5 6 7 8 8 6
10 7 10 5 2 10 6 3 4 1 6
12 2 2 8 8 4 11 6 8 9 9 1 10
1 1
18 11 1 14 10 13 6 16 14 11 4 11 8 5 9 3 14 14 14
27 14 12 27 8 21 12 19 16 22 3 17 10 19 20 24 18 20 15 8 27 19 0 18 0 22 13 21
20 2 5 17 0 18 7 7 9 5 19 11 4 13 12 15 11 11 9 1 18
28 12 25 10 8 27 7 15 28 17 1 18 6 16 28 25 23 15 11 20 28 18 26 13 27 8 8 9 22
24 14 18 2 0 23 21 18 6 4 14 22 16 7 3 8 1 19 13 15 13 5 24 23 2
22 5 18 12 3 17 3 18 10 2 2 8 11 2 19 17 18 11 20 11 13 5 16
10 1 5 0 1 5 8 4 5 10 3
25 11 24 17 15 3 25 7 12 21 13 2 1 10 16 22 16 11 16 9 17 2 9 15 6 25
20 18 3 20 18 1 1 15 9 14 16 9 11 7 2 8 18 12 9 17 19
12 2 3 8 8 7 5 11 2 6 5 11 6
26 22 17 1 7 15 16 10 26 0 24 1 2 6 26 11 4 23 19 9 13 18 6 4 16 24 5
8 3 4 2 4 8 0 5 5
24 19 14 1 22 19 16 18 18 16 11 20 6 7 15 16 13 15 21 0 22 17 9 3 5
18 13 10 1 3 12 8 4 7 17 8 10 16 1 10 11 9 4 17
14 9 6 14 6 14 10 4 11 14 12 13 9 4 9
20 11 13 8 17 16 16 14 19 3 19 17 7 0 4 5 10 10 2 0 18
14 2 13 10 8 2 9 10 13 10 7 10 6 9 7
2 2 1
20 2 9 4 7 8 6 13 18 14 13 16 11 4 11 19 14 7 9 15 17
23 11 9 1 12 22 9 20 13 16 16 1 23 6 9 1 7 13 10 11 0 1 16 10
24 10 24 19 15 19 10 9 2 2 5 8 9 13 15 24 24 18 5 20 16 3 19 8 12
2 1 0
21 14 5 15 20 15 7 7 18 19 12 7 16 12 11 14 19 13 13 14 19 10
19 10 17 3 9 10 17 6 3 9 4 18 16 12 18 5 8 14 14 4
29 19 23 16 19 2 25 11 11 5 3 22 15 20 27 26 2 4 3 5 25 17 6 24 2 26 29 12 20 4
28 27 24 6 12 14 23 25 2 10 1 0 11 27 10 0 7 1 24 9 14 11 23 26 9 1 10 10 22
7 3 3 4 6 1 4 1
19 4 18 6 6 9 17 14 14 15 9 19 9 16 12 9 5 3 11 16
8 8 8 4 0 3 8 7 6
4 3 3 0 1
21 11 21 14 11 13 9 2 11 16 7 1 6 8 11 13 9 9 14 18 13 7
11 7 2 5 3 10 10 0 0 5 3 8
3 0 1 0
3 2 1 2
20 19 12 11 9 8 11 1 18 19 19 20 0 15 15 7 20 14 8 18 14
23 14 0 1 4 17 16 14 22 6 2 17 1 19 9 4 20 16 22 19 2 8 14 18
3 0 0 0
0
19 11 15 1 12 12 13 5 13 8 7 15 14 8 16 14 5 17 18 10
5 3 0 5 3 5
24 22 18 16 24 24 12 9 16 6 19 19 21 17 19 20 4 11 3 16 10 11 0 10 1
0
15 10 6 9 5 12 8 5 15 2 11 14 10 7 0 3
23 8 5 10 18 7 10 17 1 16 13 8 0 15 18 22 1 8 15 23 13 23 4 4
13 7 6 0 3 11 13 8 5 3 2 1 10 5
6 1 6 2 5 3 2
19 16 4 4 19 15 17 18 7 9 4 14 16 8 13 11 15 13 10 16
10 9 8 4 7 6 3 5 6 0 2
16 15 11 13 11 4 10 4 13 3 14 10 11 8 10 4 8
13 1 8 5 9 6 8 5 6 9 8 8 5 0
20 12 17 6 8 18 7 13 16 10 15 19 3 5 13 7 18 9 15 5 15
12 3 8 0 8 3 2 3 1 2 7 9 9
19 17 8 6 11 18 16 14 4 7 12 8 9 15 15 4 16 18 17 7
20 0 10 10 4 4 2 2 10 6 15 0 17 4 19 20 10 5 15 14 14
13 8 9 12 10 4 6 12 5 8 6 3 11 3
28 28 26 3 15 19 22 14 10 24 25 10 14 19 14 18 22 12 24 19 20 14 25 6 4 22 14 6 14
20 8 11 3 18 12 3 14 5 2 6 0 20 16 8 2 19 8 15 17 14
10 5 3 1 7 5 5 6 1 1 6
11 0 4 6 10 6 6 9 5 1 8 2
12 8 4 6 9 1 9 12 11 10 8 10 2
27 3 15 7 8 15 17 9 0 3 7 26 17 9 19 22 25 21 9 7 0 19 1 15 0 6 5 11
19 15 11 16 2 10 7 11 2 0 0 2 15 7 4 17 0 19 15 5
5 2 5 3 4 4
29 4 22 10 21 11 27 14 19 10 17 7 23 29 29 13 21 7 20 27 26 3 28 1 0 25 28 15 29 24
7 0 6 0 6 5 1 7
25 15 7 18 18 6 23 21 23 16 18 20 15 6 23 12 16 25 3 12 23 12 12 0 8 8
12 0 4 6 6 4 10 2 12 4 11 9 12
17 15 13 1 2 1 14 12 7 2 10 17 3 4 7 1 7 9
2 0 2
2 2 2
17 11 16 14 1 8 14 4 3 7 6 6 7 0 16 14 0 6
18 8 7 15 16 18 14 12 0 13 16 8 7 7 6 11 2 1 12
18 16 6 8 0 17 15 5 14 4 15 4 11 5 11 8 18 7 3
22 15 18 15 8 22 0 3 1 17 14 0 7 11 15 7 3 16 11 6 9 3 15
27 1 5 23 12 10 26 14 12 18 22 5 9 22 24 4 10 1 22 24 3 25 24 4 8 18 7 7
22 2 15 6 3 18 13 20 16 22 8 3 17 21 0 20 21 13 20 0 21 11 19
4 2 3 4 3
24 10 2 3 5 24 4 14 1 9 10 13 24 13 9 23 0 22 3 23 0 17 9 16 13
12 4 2 6 8 8 12 11 8 12 6 7 1
6 6 5 3 2 0 5
8 1 1 4 5 6 7 0 5
4 3 3 1 1
0
5 5 1 4 2 5
27 5 14 9 18 17 5 25 24 24 19 5 25 19 20 2 17 23 13 21 13 17 19 20 16 13 21 21
15 9 6 14 10 12 3 1 13 12 14 6 12 14 3 13
15 15 7 6 2 5 3 15 6 11 12 2 4 1 12 1
5 2 5 3 1 4
4 0 0 4 0
12 12 8 9 12 1 1 5 8 8 10 0 2
19 10 13 5 3 17 6 18 12 13 16 15 7 2 15 9 11 6 12 10
1 0
7 4 7 2 2 4 0 0
21 4 4 8 13 4 6 8 18 12 17 4 9 3 11 6 10 2 12 20 11 0
24 13 13 21 19 15 1 23 0 4 6 2 20 23 0 24 23 22 22 21 16 17 11 16 1
19 12 19 17 13 17 2 13 7 10 19 0 6 9 5 17 6 4 12 14
2 1 0
6 6 3 0 6 5 6
27 3 4 10 8 25 8 14 22 23 16 21 15 10 10 24 23 24 17 0 6 15 10 18 3 23 20 1
19 6 17 8 1 17 15 5 2 3 12 0 10 8 17 18 3 4 10 14
8 5 6 7 4 6 0 4 8
3 3 1 3
10 8 8 3 3 1 0 1 8 7 4
10 1 10 2 10 9 9 5 0 2 1
7 7 3 6 3 1 1 4
4 2 4 2 0
25 23 20 11 5 5 16 1 6 16 9 8 13 15 19 14 17 3 15 22 1 1 1 0 5 20
0
9 8 9 9 4 8 3 3 1 1
0
