1.0 1.0
0.000 0.00000
0.00000 0.00000001
123.0 1234.0
111.1 111.200
379391828018486093008763565839483976458.155196454253268266394562535 6144626825510151760024336282343436847.98008805143639
1.001000 1.0010000000
0.00000000000000001000000000000000000002000000000000000060000000000000008000000000000001 0.00000000000000001000000000000000000002000000000000000060000000000000008000000000000002
1.000000000000000000000000000000000000000000000000000000000012 1.000000000000000000000000000000000000000000000000000000000011
11.000000000000000000000000000100000000000000000000000000000000000010000000000000000000000000 11.000000000000000000000000000100000000000000000000000000000000000010000000000000000000000000
740948824551711527614232216857618927954312.3411387427793198650286024865090061 89344606618496378829135984076361542097372601.5754120014607177773359981826603801250
4783512016.061898414398808 7838371073496510996834849925.3337438088068198972282890700000000000000000000000000000
54912508393967997693576658.54400000000000000000016163355328253618621000000000 158612425.6265392461821197629520039181953252586772294196982000002000010000000000000
629150364929344059634288758125744444293077873.38252037297534321132535122264070340053106750045 821683148492070607056738492657745798302236715.402606000000000001
11.0893074783710083450000000001456273492370320932784 11.0893074783710083450000000001456273492370320932784
379391828018486093008763565839483976458.155196454253268266394562535 6144626825510151760024336282343436847.98008805143639
1481935979801475550928245044051159083.726938103 198.34023198989135142538928 
84801541373585.90893606978941566 66714061214952341.2316882771260494603624588121498245299838698662 
8262757827802089282055276787816095.90007255214864689835515584054721499030350767836441955747340 815232466.290493119955560590000000006010000009000009000000000000000 
634905391288186.24902215444 504.1277955403412
98227858394469856607272.47132163832860126 54679347881638761723785858733108109249157.34220127702410
739597202867081830362028.183758170488136 89555663.088230650972282944827 
584739519028314310407908140795382.21040759051209 91733076602898999420878730764.1916033622143260549608274076012938515668898 
791586394538239485132816467.9641926315970261762534075531888017505909354272672201175918 78.69926658403783112576216115748564984325383270680
19.363153403179035291261701522905183688 13445556.799799
