1
1
1
8
8
3
5
3
5
7
8
2
9
8
14
15
17
5
17
16
7
13
13
8
12
14
17
17
11
12
8
10
18
17
21
19
18
16
22
9
22
19
15
13
12
19
18
2
19
15
13
19
17
11
14
23
23
20
18
10
10
14
16
6
21
9
4
9
8
11
11
17
12
12
11
24
27
13
21
18
27
16
27
15
28
18
27
26
18
21
26
16
18
20
6
27
23
26
20
17
26
18
29
24
28
20
28
26
31
31
28
31
30
32
34
32
30
26
21
21
32
31
17
27
29
30
20
16
26
24
24
21
18
33
32
27
25
27
27
31
5
35
14
31
2
39
32
31
32
36
28
33
26
37
24
10
16
36
30
31
24
41
22
19
32
24
24
24
34
35
27
39
10
27
23
4
30
9
27
34
38
25
30
38
40
46
45
42
38
25
20
45
39
18
19
30
34
38
40
46
23
32
35
40
40
38
38
32
42
21
40
7
20
28
23
25
30
38
42
34
12
37
12
33
28
40
33
32
33
38
23
22
49
25
49
21
23
15
29
41
5
48
41
49
41
49
49
45
25
41
30
41
36
19
28
44
26
43
18
19
13
49
43
49
32
47
19
39
41
49
40
31
26
29
49
21
25
50
51
51
14
21
27
38
20
25
32
8
17
37
43
29
35
21
33
51
55
17
39
42
37
54
34
35
43
32
31
54
33
30
46
53
42
55
19
43
50
14
43
26
41
25
54
42
23
49
54
34
42
41
34
53
53
47
57
20
45
47
60
56
17
44
61
46
48
7
36
35
48
45
47
48
58
47
39
40
55
44
33
47
37
55
44
53
29
45
61
35
23
45
47
29
29
39
47
45
46
23
59
40
59
61
46
17
31
50
4
61
28
33
47
34
40
57
42
46
49
15
34
40
21
22
30
52
61
20
49
44
37
5
61
51
33
36
51
49
53
48
60
15
52
23
45
51
44
65
11
7
52
51
37
41
5
52
61
40
13
29
49
41
64
46
40
40
35
60
51
48
51
49
51
34
44
48
35
31
33
46
64
29
52
67
43
54
32
32
58
26
54
54
54
43
54
28
59
35
37
19
41
46
67
35
54
54
47
41
33
26
68
22
40
32
32
36
40
62
27
34
33
49
40
27
41
29
64
37
32
61
42
37
43
67
34
51
42
39
39
43
38
58
42
34
32
33
46
48
61
37
42
34
26
38
65
58
62
49
75
41
65
35
69
24
50
42
54
74
37
55
50
41
70
13
48
73
54
41
39
37
53
50
54
50
64
37
70
48
30
39
58
53
70
55
58
31
55
72
54
41
17
1
33
37
47
47
24
36
51
47
64
71
41
71
58
56
33
48
28
17
53
53
48
33
39
60
53
16
1
56
55
31
30
31
60
57
46
49
72
49
36
77
63
18
60
77
71
43
66
41
73
63
55
78
63
41
43
65
45
43
13
77
50
72
72
73
78
62
72
54
18
1
77
63
17
18
13
72
48
10
69
25
42
62
77
41
55
31
71
43
58
18
63
54
42
72
43
36
77
41
55
77
71
36
1
63
44
41
36
39
60
63
19
44
41
66
63
80
45
76
60
62
70
71
86
68
52
41
54
44
59
77
74
56
32
25
48
39
60
37
34
71
66
60
55
74
25
11
55
55
39
70
43
44
44
49
49
86
56
76
35
70
38
52
48
44
70
41
32
34
65
37
26
65
59
19
59
58
24
42
29
53
51
55
47
43
35
50
75
43
45
69
79
48
36
73
85
76
68
57
33
66
69
50
46
86
15
62
80
80
35
39
67
41
85
21
80
65
81
58
69
80
66
62
48
54
76
85
66
45
25
69
73
86
46
64
68
84
45
61
32
76
79
76
62
51
32
45
44
70
70
56
80
69
77
86
68
55
78
87
51
36
11
62
43
85
62
37
65
85
57
55
71
11
76
68
60
84
80
85
56
19
45
62
50
44
49
68
44
70
80
60
79
57
39
63
50
82
71
26
16
81
19
82
56
50
54
50
73
17
49
42
88
59
46
56
72
38
56
60
44
49
26
42
24
58
5
94
88
79
47
76
46
87
84
41
94
94
53
49
69
62
42
48
73
73
6
45
94
60
25
92
50
90
50
24
53
93
56
70
50
8
59
86
50
78
57
86
88
59
43
63
38
26
68
24
60
66
90
67
60
56
61
69
56
64
30
77
70
21
55
56
18
82
39
86
75
57
58
23
55
61
86
58
61
15
37
22
89
96
59
75
60
68
35
89
87
59
37
47
85
34
34
82
30
92
66
34
96
61
96
87
86
76
19
23
46
87
76
61
71
59
53
66
71
76
91
69
94
74
86
60
93
54
60
58
75
63
64
61
67
67
72
96
22
60
69
58
69
88
67
77
76
98
97
100
34
25
47
68
59
72
58
63
62
52
99
64
80
66
19
68
76
100
95
101
65
56
73
52
82
91
56
53
52
57
70
61
90
96
43
43
75
29
75
68
68
90
93
67
98
69
58
73
90
98
53
58
89
70
52
53
86
53
43
54
17
93
63
63
85
89
45
72
79
68
81
51
99
51
66
80
20
53
88
79
26
83
59
60
63
98
61
72
66
61
29
101
50
72
73
83
92
77
49
61
91
75
97
15
78
55
101
99
64
80
19
76
103
101
6
83
72
102
88
103
86
35
92
73
76
32
13
62
83
97
92
75
75
78
61
68
67
16
102
98
104
69
82
106
86
52
88
102
52
109
54
50
103
71
62
85
103
17
88
64
33
43
85
64
67
49
89
108
55
35
85
93
100
86
101
100
30
25
81
108
104
106
81
86
100
93
88
86
106
79
83
15
93
77
69
72
83
63
78
86
79
86
77
78
65
88
62
103
59
71
90
21
81
66
68
62
57
71
78
70
79
83
59
34
110
64
57
68
69
72
95
93
90
78
57
74
72
95
62
105
67
76
26
79
66
72
51
66
59
60
96
66
86
65
94
108
51
95
104
86
78
79
64
66
79
79
89
62
64
16
110
78
59
68
59
92
68
64
89
113
58
58
78
89
61
108
84
72
89
66
59
41
71
74
29
103
73
75
82
97
81
115
84
83
93
73
67
61
104
76
51
110
105
88
75
67
3
84
55
100
87
84
72
48
104
60
86
52
66
66
95
106
75
100
86
88
93
97
32
93
107
93
121
62
93
55
64
62
97
85
16
86
58
69
59
86
55
51
98
77
98
61
80
75
60
102
97
104
74
86
118
62
94
62
83
107
83
108
97
43
82
86
80
67
25
92
89
59
83
111
103
86
35
84
89
67
73
99
83
103
59
82
96
115
87
92
73
89
86
95
71
80
83
83
96
104
120
70
103
61
71
94
106
75
112
110
95
89
116
67
90
66
98
113
90
89
97
52
81
30
94
115
75
91
94
67
94
82
56
96
56
111
104
66
112
93
106
61
72
112
49
110
122
70
63
96
56
116
112
77
65
61
71
74
71
114
67
59
77
61
76
96
65
95
94
44
67
88
102
91
89
56
96
78
46
118
108
42
104
16
91
101
92
79
127
64
99
74
125
71
107
107
75
114
64
118
87
111
107
104
104
90
68
117
111
83
123
67
115
104
99
87
104
74
113
107
74
82
44
96
115
123
66
76
66
101
108
100
104
119
70
78
64
93
44
116
114
75
65
105
112
128
50
71
98
127
129
117
105
123
96
103
122
78
51
105
113
117
69
107
36
82
69
107
64
71
127
108
106
127
115
93
129
93
80
88
76
72
81
110
76
106
74
84
102
110
75
129
65
114
71
81
126
125
65
70
122
106
76
69
118
122
45
65
53
116
69
106
90
130
113
66
65
73
105
59
108
110
24
118
74
134
105
105
29
61
97
109
129
63
65
59
75
121
125
88
84
106
51
78
81
39
99
112
135
114
129
98
108
75
114
117
59
66
67
66
121
75
110
130
81
69
129
110
82
58
134
55
60
109
54
63
47
64
135
34
98
93
81
104
87
134
67
121
88
76
48
49
68
70
59
120
59
84
49
65
84
72
76
76
129
115
97
65
67
121
107
133
62
112
76
71
51
67
76
109
112
58
54
70
101
105
85
112
47
73
133
93
69
124
90
72
125
60
75
107
102
61
121
45
25
111
76
94
93
84
81
76
74
121
86
123
59
81
56
90
61
61
71
106
44
112
116
79
90
73
72
53
71
69
132
76
69
131
73
86
94
74
77
59
85
112
85
86
94
124
33
135
121
128
104
104
83
73
105
139
99
86
101
92
71
106
86
59
132
130
92
70
90
112
142
131
110
73
58
73
90
117
70
131
56
112
127
76
88
71
64
79
99
102
101
73
88
120
115
114
111
42
83
66
111
137
132
65
36
98
95
82
112
71
105
131
122
100
93
71
125
70
130
122
70
110
142
42
115
69
70
76
144
72
145
110
123
128
102
33
122
144
142
94
89
101
89
59
87
112
80
102
136
52
103
107
149
64
52
97
144
99
86
72
89
57
144
120
81
121
84
84
120
80
105
66
126
135
101
113
99
110
143
92
98
110
74
109
94
108
121
124
124
56
137
95
89
102
123
113
118
148
87
100
119
84
149
120
85
61
148
29
150
66
88
89
113
141
87
105
93
39
33
66
131
113
99
132
73
117
107
137
141
65
95
79
139
92
129
86
107
128
105
138
133
111
70
92
78
76
92
128
118
111
92
33
92
115
33
88
136
136
81
75
152
143
101
79
85
122
151
138
98
79
89
146
152
116
153
76
33
153
85
85
123
126
144
118
128
149
138
141
10
153
108
104
92
121
132
156
128
102
99
61
111
146
73
92
81
101
17
128
93
123
120
132
135
152
80
81
89
146
128
113
57
68
93
117
155
76
135
145
144
134
140
112
127
159
77
122
116
144
148
127
94
147
21
54
120
100
21
98
111
111
91
54
37
121
124
108
119
104
56
131
145
101
117
132
87
112
117
137
152
144
102
104
155
118
110
116
144
121
56
21
149
112
155
101
152
103
109
156
124
57
144
56
103
93
117
156
104
105
114
140
126
43
104
44
99
112
149
94
143
137
105
64
112
63
155
119
122
138
119
68
110
112
109
119
35
122
110
119
98
84
102
76
51
95
14
25
110
93
82
115
96
43
71
102
148
68
56
163
137
97
141
98
134
114
81
109
90
86
124
112
108
146
160
120
82
109
121
115
93
91
124
108
119
111
116
79
124
98
121
127
154
102
150
141
99
124
116
68
112
93
102
117
83
82
87
103
95
81
93
112
114
68
136
138
138
129
147
108
72
75
80
121
142
124
93
44
156
84
102
19
66
93
123
97
131
125
130
82
86
58
49
104
160
59
59
131
124
131
110
125
88
84
162
88
126
165
112
165
165
122
104
98
111
105
115
114
124
75
107
134
126
164
145
101
111
59
109
48
158
108
122
114
161
88
135
107
87
106
101
152
83
108
115
79
110
93
142
156
109
43
136
83
106
136
88
129
89
83
151
105
30
96
142
134
93
89
110
140
169
107
104
79
116
122
134
96
61
131
58
57
127
64
111
107
71
67
142
111
43
96
160
124
113
133
175
141
137
132
15
38
114
105
133
161
49
110
131
140
126
133
107
152
87
160
173
105
104
32
162
56
113
109
113
154
138
116
73
151
161
145
118
89
83
165
71
46
171
123
143
132
146
163
152
173
160
160
133
94
160
141
140
145
89
144
157
55
121
49
71
145
121
132
27
78
57
80
116
124
93
147
77
12
151
133
140
162
168
40
60
141
153
113
108
105
126
105
135
83
138
59
106
104
122
126
110
62
146
76
141
129
174
138
141
131
136
114
126
135
144
149
76
147
117
97
113
177
63
141
92
27
54
172
171
163
160
131
111
142
149
158
174
129
131
129
55
168
180
176
106
171
64
164
142
95
90
138
160
128
119
71
130
82
82
175
88
143
145
175
79
61
125
61
168
120
98
46
87
121
97
170
163
131
110
60
164
110
129
111
105
170
121
125
45
39
154
136
144
165
135
135
115
147
29
154
97
136
142
164
176
158
31
95
107
144
130
132
123
151
133
185
107
160
151
54
114
179
183
106
130
82
142
80
70
173
74
163
135
162
157
183
161
25
106
112
59
126
174
154
126
111
82
76
116
45
133
154
140
78
70
146
76
103
64
33
150
178
172
96
185
173
99
185
135
135
53
162
160
13
132
137
136
117
183
142
153
158
174
133
127
54
183
133
83
65
142
176
120
105
87
50
153
87
127
129
78
55
117
133
117
149
164
173
116
115
101
137
165
122
186
144
104
106
166
108
108
136
86
144
157
76
157
123
166
170
101
129
122
138
166
103
187
146
26
116
129
39
164
126
113
101
101
145
185
75
126
159
182
79
157
175
107
124
113
103
163
164
107
90
147
159
115
133
150
101
163
101
145
113
69
136
157
109
157
55
176
157
132
150
108
81
123
85
111
164
25
117
126
174
162
166
58
101
117
70
124
102
82
130
129
140
103
156
103
127
148
187
192
176
191
105
126
174
119
106
119
137
130
115
164
101
173
34
32
105
139
131
102
166
192
108
107
78
112
155
195
105
158
41
171
95
145
52
176
117
134
111
37
145
106
105
2
67
106
145
110
78
99
143
143
74
152
117
129
148
78
25
162
164
101
164
177
107
173
103
148
153
25
101
191
95
67
114
170
177
170
65
118
175
157
195
74
169
125
126
148
101
68
163
85
127
146
133
185
114
126
124
56
52
163
179
105
134
184
195
101
114
166
178
63
179
179
142
164
75
105
148
125
155
186
158
99
128
135
165
145
126
145
109
63
30
125
164
198
125
179
140
92
139
167
169
188
134
122
121
136
176
161
198
154
139
120
104
115
92
131
195
142
139
142
112
176
114
190
179
150
140
105
204
133
163
172
167
58
156
144
41
182
175
123
168
113
71
142
150
71
187
88
150
95
178
150
133
133
75
149
141
179
187
204
103
164
34
117
204
79
181
99
156
116
178
189
204
167
175
171
139
85
156
150
191
178
167
142
197
85
81
167
118
141
199
156
167
85
41
166
131
187
34
172
133
185
7
88
158
135
156
186
12
66
142
112
135
119
128
164
163
110
188
133
114
114
123
147
52
126
161
107
150
125
75
153
149
172
189
154
91
107
160
184
180
174
193
106
165
97
156
192
164
150
206
154
105
142
126
130
141
123
80
129
101
108
99
120
193
129
120
162
193
130
117
105
115
166
184
99
142
113
187
182
145
91
187
106
117
125
193
103
139
206
86
59
142
142
86
99
103
132
117
63
191
160
113
174
146
172
118
132
108
113
162
94
184
142
94
174
105
62
179
126
205
143
163
171
108
194
195
161
131
204
112
145
158
118
161
160
180
181
173
126
149
168
133
144
213
108
145
167
180
215
152
181
122
187
116
120
184
123
181
145
169
182
109
103
74
157
122
177
188
130
124
114
133
44
154
149
71
145
213
162
165
169
112
112
129
94
168
187
111
148
107
123
210
177
70
159
186
135
143
208
181
181
157
151
123
157
67
209
159
172
74
101
180
182
162
129
173
17
125
12
215
145
133
141
39
156
93
201
205
100
85
203
111
69
101
121
89
136
138
119
132
107
119
138
139
147
134
147
193
66
121
98
151
153
198
142
91
147
189
205
157
111
66
114
123
43
138
88
211
95
208
70
136
169
180
114
131
176
132
124
132
136
133
132
106
200
99
192
143
122
162
151
114
138
57
96
127
211
93
184
152
114
147
138
108
198
182
183
206
91
93
179
119
95
147
167
95
152
203
45
154
163
126
156
122
162
131
178
190
152
158
35
157
140
158
198
126
172
126
19
174
60
116
149
140
112
193
125
172
204
152
193
75
131
152
158
122
143
165
197
116
208
82
155
187
220
172
121
102
117
214
205
109
142
134
186
69
142
222
123
74
208
116
129
114
121
122
153
222
198
172
99
167
43
154
207
208
172
165
137
137
95
221
217
104
96
183
195
197
126
129
158
176
220
174
122
134
130
200
203
111
176
117
115
149
135
122
157
111
158
125
208
168
154
177
115
107
151
133
153
210
206
117
227
152
182
109
226
135
66
141
166
143
128
115
112
213
69
125
107
213
131
213
183
110
141
203
176
183
133
104
122
141
115
141
151
115
192
150
168
158
178
120
177
121
122
141
99
213
115
195
9
216
165
184
146
154
151
160
158
131
163
186
165
95
123
168
107
136
149
117
172
141
222
119
186
105
112
121
194
135
130
94
133
129
142
47
213
190
196
171
153
130
178
207
169
208
230
177
138
186
82
186
146
220
232
138
153
198
226
122
226
191
66
204
179
119
128
76
197
150
184
213
148
138
184
142
186
177
145
126
209
181
135
125
187
189
223
114
89
159
178
133
171
164
190
182
158
125
175
106
213
138
125
215
173
225
125
162
164
135
199
139
182
94
191
128
161
212
151
41
223
199
193
236
177
124
211
164
197
138
124
123
110
168
120
233
232
211
171
206
166
173
227
141
115
241
196
211
146
179
127
168
232
233
79
210
210
225
179
232
146
152
141
78
158
181
162
132
162
178
171
122
203
149
173
71
161
191
114
154
235
154
154
222
217
195
127
231
162
227
210
97
215
38
185
181
212
214
145
171
222
210
31
130
196
130
107
213
92
208
191
203
58
174
140
195
128
233
120
141
172
217
230
124
189
193
198
149
208
158
226
152
161
169
37
164
161
170
167
87
244
186
189
176
149
242
159
142
203
191
124
206
142
125
142
157
86
130
181
157
134
235
134
245
222
135
144
189
156
27
126
242
131
189
162
103
92
201
170
137
236
203
228
209
100
148
117
209
148
209
163
86
167
163
128
178
203
125
162
122
230
124
89
241
12
121
132
217
130
121
142
107
148
181
167
181
178
185
161
154
152
162
125
171
76
169
172
181
235
234
120
186
197
231
135
103
134
228
215
157
127
191
124
227
152
228
157
151
173
115
189
89
144
131
210
152
101
227
201
201
215
134
157
220
125
180
137
136
133
203
113
239
149
242
187
125
154
134
193
182
169
118
172
198
217
227
187
160
109
116
217
126
210
111
135
136
234
157
106
228
166
220
126
67
144
134
219
25
121
231
228
138
145
242
88
88
149
126
156
125
154
86
217
108
230
185
223
195
193
203
222
138
150
127
245
135
234
148
142
176
135
242
124
152
183
223
228
234
143
131
177
236
249
211
162
121
72
155
241
175
150
138
169
158
158
140
232
146
209
171
201
204
149
161
127
180
188
240
193
161
131
173
229
197
222
58
238
202
214
131
178
136
251
251
167
228
114
124
206
244
205
161
142
149
115
192
209
127
197
219
185
150
201
253
245
118
141
240
193
113
169
109
163
216
131
122
190
165
168
216
205
219
171
111
225
65
245
188
240
181
219
141
217
219
146
191
242
157
110
232
249
180
237
112
182
213
141
126
155
160
233
169
204
138
187
179
220
127
138
174
224
130
128
97
240
179
244
115
249
131
242
184
201
45
156
171
153
126
201
249
172
138
163
160
128
172
243
238
171
137
160
232
180
160
250
200
246
99
162
131
171
147
202
160
65
254
155
160
192
171
201
180
194
254
154
49
246
37
129
170
179
242
139
193
159
226
140
190
202
112
238
181
167
221
164
182
100
231
174
199
252
174
243
149
213
202
72
222
132
229
129
191
227
141
159
207
132
124
261
234
195
140
175
74
250
174
151
185
177
221
132
144
248
197
197
118
206
94
141
191
142
187
141
174
146
132
140
248
70
85
265
157
235
174
193
234
116
167
220
189
90
184
207
143
197
151
141
232
249
223
124
235
212
238
203
144
206
83
110
52
162
269
184
190
148
141
174
40
236
146
183
171
207
217
162
260
199
137
226
147
233
204
214
149
216
123
142
168
233
142
138
124
222
153
182
204
218
199
174
153
164
118
148
63
217
168
168
165
243
67
204
263
186
134
130
142
189
214
175
110
168
217
192
217
194
193
158
149
239
148
186
231
148
201
238
131
223
152
136
184
222
150
141
244
170
240
118
244
239
124
150
241
222
156
39
70
204
202
122
238
258
201
166
240
158
160
148
149
236
118
123
105
170
138
121
97
126
126
139
188
230
193
149
179
190
117
261
198
169
129
267
247
187
198
237
190
132
241
240
229
104
134
207
199
127
222
133
134
71
234
177
112
196
100
247
195
175
103
196
240
137
185
248
234
251
272
175
224
132
168
155
135
140
190
226
262
238
265
183
219
161
129
151
231
20
118
198
230
85
142
182
195
169
260
267
90
204
172
184
184
213
172
195
158
185
19
161
144
172
136
192
196
135
138
147
262
196
228
235
209
166
121
263
250
94
213
127
213
154
256
196
177
180
254
228
241
172
159
131
69
260
165
128
236
262
167
149
157
208
134
242
145
108
169
161
158
158
255
200
232
274
190
162
212
186
153
176
135
149
267
158
154
216
167
149
161
225
262
170
135
107
170
188
177
47
85
236
163
149
196
274
139
212
198
160
184
169
253
177
261
221
212
194
214
137
143
218
231
141
188
184
158
259
214
211
184
269
99
264
178
217
158
218
196
270
170
147
253
193
230
111
187
173
232
218
184
129
201
153
187
240
17
121
249
134
203
201
160
59
188
233
159
145
220
251
196
256
165
211
268
198
185
252
275
188
172
182
154
226
161
131
66
147
83
154
211
152
277
264
223
194
271
245
264
212
170
250
205
207
145
202
181
146
91
137
277
254
181
155
34
193
220
278
162
190
153
133
152
153
290
44
282
157
162
219
108
157
238
202
202
187
98
168
280
226
198
176
115
124
261
144
160
172
100
157
194
204
202
93
117
156
79
192
204
190
236
162
35
193
203
181
139
152
170
79
185
211
210
104
128
58
191
55
226
267
232
202
119
70
166
273
185
113
202
236
224
145
191
147
271
232
260
212
184
172
187
209
279
73
231
131
222
231
226
287
197
212
196
254
21
189
212
195
181
239
172
252
289
285
186
22
200
257
291
221
186
231
252
60
116
181
253
37
284
258
119
151
252
200
145
181
159
254
242
292
200
98
191
291
21
107
206
23
153
136
159
217
22
178
197
287
221
276
206
276
197
184
246
236
168
148
197
253
226
286
155
219
161
256
156
176
265
284
236
193
263
246
207
166
252
226
205
68
276
153
247
271
107
170
152
261
248
141
226
266
129
240
212
149
298
285
137
164
253
294
232
170
196
197
255
115
282
192
84
152
275
191
176
165
213
153
277
233
176
195
253
122
34
243
144
224
74
128
211
277
253
77
220
175
90
226
300
273
102
169
261
151
186
40
248
292
208
204
273
172
68
282
169
217
224
133
196
166
125
255
166
175
73
233
144
110
108
192
216
273
212
216
272
233
249
152
136
147
275
288
270
164
139
187
188
201
113
154
250
252
162
252
206
250
219
63
244
256
167
235
155
244
190
16
166
203
253
202
233
156
276
175
300
252
140
242
179
288
291
193
168
137
256
193
153
232
253
169
96
131
139
190
188
192
160
219
153
174
158
193
235
232
156
221
294
165
257
228
253
54
203
123
143
198
134
172
84
201
211
123
244
254
244
283
203
200
171
114
155
107
155
175
190
145
159
274
149
100
258
288
190
240
273
225
161
270
119
171
240
133
156
103
160
147
286
155
289
219
32
137
272
221
172
287
189
142
132
261
222
226
284
235
236
166
158
195
288
215
246
246
165
172
264
290
144
240
279
171
279
98
167
100
119
70
248
140
189
147
158
223
66
180
272
214
214
182
229
197
253
236
172
107
194
81
143
193
125
56
255
67
223
182
161
272
279
201
135
154
184
157
220
240
284
279
117
237
178
69
207
276
63
95
239
109
235
132
190
258
189
173
225
229
245
246
220
63
53
93
285
268
228
291
160
201
26
239
160
168
265
107
246
164
233
253
278
143
160
118
189
205
267
100
263
152
238
213
124
270
119
220
248
294
296
229
272
225
195
27
186
133
176
167
203
220
253
134
176
126
270
164
167
289
159
189
170
172
145
235
63
191
295
233
105
184
84
201
157
51
220
83
262
233
167
296
43
297
191
160
176
226
198
276
54
128
196
157
223
172
53
95
102
208
162
167
291
129
209
157
300
249
193
230
263
132
206
219
122
54
103
129
269
119
186
218
258
190
226
140
88
283
30
201
273
113
138
285
241
278
221
222
195
211
206
224
207
284
210
216
209
267
250
269
263
263
177
215
162
193
178
232
179
76
208
97
242
216
253
244
163
162
237
161
195
160
261
144
186
257
246
258
205
223
226
190
246
249
271
267
255
195
164
196
193
283
267
68
276
219
294
160
128
134
201
164
207
236
244
267
172
236
197
163
241
281
259
172
244
201
212
215
300
270
241
299
284
254
160
74
269
67
178
70
71
284
290
216
169
233
159
236
163
201
183
178
25
238
186
206
257
178
183
236
181
283
239
168
133
233
294
218
209
102
209
152
280
215
283
193
288
203
236
198
280
237
276
244
207
242
72
231
223
292
270
204
294
290
165
281
185
216
273
171
256
150
93
258
44
294
162
153
120
213
80
242
222
253
160
83
297
220
199
283
199
216
163
151
286
187
298
173
199
125
143
281
218
249
284
267
188
155
218
258
291
201
242
143
156
60
126
192
150
195
195
175
142
228
280
192
123
166
275
231
261
291
158
267
245
216
289
200
164
179
234
78
218
55
136
37
32
297
176
267
201
81
263
155
89
196
292
168
209
217
201
182
150
32
287
276
239
276
227
222
193
268
21
59
218
188
245
220
152
276
219
243
298
226
89
178
172
151
55
153
239
178
287
98
203
165
61
252
195
37
178
208
255
156
285
203
83
285
165
242
227
201
210
298
229
218
68
169
187
143
141
281
203
105
203
239
253
44
125
204
285
198
157
156
203
165
132
145
174
197
203
188
62
245
160
170
284
271
161
245
216
135
271
196
158
203
152
151
160
174
257
172
245
146
154
265
238
299
154
152
272
244
170
93
131
192
231
215
117
259
156
238
277
188
191
270
109
164
225
203
99
215
195
146
205
179
215
235
195
299
251
67
264
184
283
130
152
166
153
194
182
268
196
212
179
233
264
219
90
108
263
299
148
272
205
212
197
225
50
247
289
151
201
153
165
264
81
173
223
244
130
201
105
252
200
277
154
290
146
197
100
291
273
119
265
158
175
145
190
297
230
118
180
234
167
249
230
253
194
238
183
195
240
289
251
203
191
170
283
162
202
202
299
156
160
256
169
214
169
256
129
148
169
251
244
109
292
26
228
272
202
101
218
241
260
191
183
238
244
197
188
265
208
268
121
176
251
273
246
94
288
83
273
300
257
242
273
184
88
205
166
172
278
227
234
276
256
182
234
168
187
280
181
204
178
161
294
163
290
221
251
243
205
161
236
268
176
251
200
223
148
104
182
201
198
168
196
244
221
209
185
47
239
254
297
181
154
258
220
282
174
149
72
244
177
168
267
278
246
262
255
235
133
170
221
166
251
178
207
235
248
142
170
48
101
158
209
214
258
225
72
158
210
226
154
263
246
194
167
258
103
202
157
215
162
228
160
154
77
30
214
191
187
264
196
233
154
230
99
283
129
75
170
190
228
274
272
49
261
201
170
263
235
280
284
116
251
271
261
119
133
280
178
242
189
296
124
249
116
281
218
291
192
146
271
240
263
170
184
225
147
252
256
263
268
194
186
212
269
167
145
115
270
242
176
283
236
231
170
137
178
265
90
246
153
215
147
147
170
283
132
259
232
300
176
166
183
176
225
277
208
291
276
140
237
142
142
296
285
294
192
288
259
223
157
184
231
231
231
65
265
150
240
208
194
189
51
172
91
230
279
286
261
222
185
203
296
229
184
125
257
210
200
192
254
261
206
276
180
148
228
238
258
272
210
228
258
247
257
249
69
262
107
182
131
247
214
195
239
44
210
294
136
161
201
101
227
154
227
90
148
254
200
218
218
150
41
222
164
157
247
210
230
176
158
262
262
86
148
176
271
89
164
142
210
291
158
200
193
142
218
106
69
9
172
195
272
158
123
231
112
164
150
164
198
158
210
261
206
212
273
210
241
210
222
241
242
247
91
177
174
194
108
175
170
189
221
183
215
294
198
215
291
211
99
219
150
170
180
46
208
104
251
262
192
177
262
174
226
196
86
192
197
219
202
296
231
154
231
175
208
210
176
211
213
163
275
233
157
222
274
29
240
263
191
198
206
176
121
183
183
177
45
96
248
268
177
247
286
108
208
203
232
156
252
132
216
175
159
126
119
265
296
230
175
270
239
102
224
220
280
213
174
283
148
156
234
177
143
217
234
256
88
43
248
299
237
177
255
149
236
153
261
207
152
252
177
246
212
86
174
298
180
153
206
278
159
218
296
296
203
163
223
292
257
216
175
223
121
277
209
229
260
210
216
44
166
249
170
237
236
123
291
143
56
264
154
177
199
253
177
239
177
155
237
164
300
234
230
118
218
125
159
206
249
274
247
234
292
218
214
226
272
126
190
280
254
216
239
191
300
187
122
218
190
239
101
78
274
192
262
188
260
244
241
39
150
144
169
213
197
223
157
207
159
160
174
257
141
261
254
260
131
77
200
223
139
250
145
223
201
264
194
184
133
241
227
257
110
273
183
84
180
65
250
202
206
224
176
206
68
135
171
85
190
174
145
75
279
153
88
216
221
122
213
160
112
206
80
188
211
279
250
125
188
244
188
149
264
156
194
146
210
41
206
213
216
277
172
152
278
183
160
181
93
193
282
232
169
216
121
237
225
137
269
220
263
147
230
220
165
198
207
194
77
296
129
175
150
218
230
141
225
202
163
179
180
195
198
145
289
252
74
205
282
221
237
84
249
235
220
253
252
294
52
249
253
114
142
298
289
295
220
169
282
198
155
220
41
168
149
248
175
220
243
271
148
207
214
220
225
238
147
195
173
282
110
207
155
277
271
243
296
45
212
169
159
75
296
166
295
131
149
198
247
267
177
238
83
153
170
296
86
212
238
55
265
146
177
209
245
180
51
297
191
282
176
265
160
245
245
193
264
255
205
247
288
212
150
202
189
132
228
200
220
183
300
135
263
260
212
172
201
235
118
40
163
189
244
205
180
247
175
157
263
242
263
283
116
115
185
149
143
249
279
201
206
201
134
196
218
218
296
297
223
82
283
245
283
245
267
113
159
267
194
94
284
262
193
189
243
176
126
248
237
275
192
284
265
171
204
156
289
296
286
220
244
238
300
171
220
213
138
257
239
300
262
118
204
181
222
163
249
277
289
196
289
254
160
275
212
226
296
255
209
275
141
209
240
287
212
189
236
183
261
217
205
196
147
212
273
285
161
115
227
86
162
183
230
300
238
269
236
190
220
111
147
156
189
171
183
260
209
161
221
254
220
190
230
190
244
183
296
129
82
297
236
282
254
185
212
187
97
157
216
188
156
253
149
171
162
188
213
274
144
247
81
142
284
118
190
67
262
291
98
276
147
275
144
243
209
149
287
280
205
170
149
202
260
274
124
275
173
110
187
245
276
147
227
152
196
159
142
203
143
159
253
253
159
148
168
149
171
192
298
87
277
160
162
296
246
276
300
186
147
173
168
207
164
177
130
168
176
275
171
238
149
262
278
252
262
188
89
240
155
159
277
243
170
262
186
258
197
196
165
130
270
204
168
188
188
60
261
268
87
177
270
132
267
225
212
25
280
195
169
222
136
170
209
289
241
193
162
97
164
267
216
246
234
274
188
159
190
167
253
171
201
261
257
169
143
195
44
204
269
181
249
280
195
295
103
188
227
214
266
219
187
169
270
263
222
193
206
98
276
176
219
234
171
246
144
140
244
154
288
50
204
162
63
150
201
180
58
231
194
255
261
49
171
299
281
233
254
215
232
208
37
172
254
163
190
174
181
270
169
236
151
169
225
250
167
259
181
138
237
286
255
233
194
282
287
197
267
181
169
212
151
294
149
254
171
281
115
90
162
161
225
194
244
181
194
273
145
163
156
233
283
27
226
214
180
287
153
211
169
256
172
167
29
283
198
254
223
293
156
257
245
214
190
149
291
172
12
239
192
219
256
145
137
256
219
278
163
241
119
184
159
147
156
240
149
198
215
203
232
85
172
265
287
218
145
156
228
265
219
170
181
152
149
196
275
231
297
183
238
160
159
156
256
253
264
232
158
255
192
114
257
152
256
33
286
222
218
172
223
253
158
131
161
247
297
202
190
132
168
264
193
242
223
149
231
59
85
176
196
271
255
231
266
164
222
253
230
172
247
172
193
209
158
170
230
242
142
172
92
171
189
149
249
279
277
173
209
189
193
217
186
228
59
157
228
93
226
137
194
186
211
225
217
126
270
248
266
165
261
165
273
228
254
111
84
194
251
207
107
169
224
248
178
145
212
185
111
226
241
125
255
259
144
124
186
95
180
136
215
194
194
167
258
58
199
171
250
243
270
240
156
177
282
230
245
143
230
192
228
152
145
261
127
280
258
235
190
220
186
165
141
149
274
296
90
162
118
113
235
167
97
199
220
281
186
99
123
289
231
127
191
213
104
146
227
148
178
281
205
262
277
134
296
243
145
146
295
184
240
242
146
212
289
182
179
253
211
241
230
168
87
234
82
236
269
166
212
68
292
151
163
163
254
249
253
72
68
160
238
256
165
237
287
216
206
207
243
177
194
189
243
246
187
110
165
151
232
182
300
174
163
170
211
176
70
192
129
147
143
148
245
96
148
224
296
186
76
198
235
226
265
168
296
297
246
284
194
246
214
295
152
225
61
221
130
121
185
150
269
86
119
90
187
184
152
193
200
160
160
128
285
88
136
152
173
253
170
232
272
164
197
195
253
250
155
133
235
64
91
232
140
183
259
164
171
134
235
255
203
177
133
274
179
203
68
292
173
207
131
152
121
156
294
93
129
123
165
129
197
108
274
160
218
170
162
202
297
200
203
131
283
288
113
159
193
218
185
221
243
253
232
203
179
197
200
297
203
134
232
195
227
287
143
272
73
177
190
242
169
246
251
227
227
132
208
162
243
175
208
266
204
296
193
205
58
158
237
102
165
168
184
288
196
234
227
126
132
190
165
204
239
283
55
27
229
188
229
246
174
17
235
286
258
261
154
232
286
277
260
160
179
100
203
258
185
156
138
276
142
227
174
184
152
267
124
265
174
106
181
235
178
179
213
235
144
197
177
163
213
295
195
195
144
72
267
292
210
164
209
167
181
185
244
108
283
195
241
179
293
161
270
161
181
229
275
194
164
181
126
225
162
150
266
264
197
165
158
189
198
161
212
275
226
205
96
289
155
100
207
200
115
169
226
184
202
290
118
213
202
176
195
192
281
152
199
8
203
282
244
287
285
231
271
219
254
157
61
273
233
100
203
275
201
211
152
96
213
203
180
270
143
162
196
271
160
200
89
264
236
220
258
225
262
213
203
252
249
118
234
217
244
102
261
164
72
109
241
282
251
199
173
164
265
230
165
274
236
159
96
207
195
31
153
218
167
220
255
203
195
272
244
153
206
236
129
131
236
287
156
238
181
244
203
183
142
278
211
201
124
177
265
195
211
128
171
125
242
244
188
167
217
281
173
293
128
235
277
143
170
193
205
199
156
213
165
225
267
95
146
201
195
161
234
281
133
288
195
199
167
165
176
147
159
289
181
211
260
210
189
102
299
239
218
211
233
189
284
127
86
133
261
160
174
174
128
46
201
278
266
168
193
198
217
238
266
206
220
132
217
273
237
237
174
231
245
166
192
168
218
247
183
80
298
271
166
208
286
261
177
168
194
245
188
220
163
290
56
248
162
188
257
242
170
264
177
177
238
255
164
218
218
211
300
56
192
66
80
211
176
168
250
219
161
190
233
230
193
29
261
250
217
287
173
211
289
232
155
264
176
194
175
216
193
39
165
181
188
195
196
91
272
221
173
244
169
173
165
187
87
155
210
106
139
202
196
144
217
211
235
141
247
247
140
144
178
170
201
167
247
182
235
183
175
248
182
197
173
147
183
202
210
189
208
147
211
118
165
240
185
258
278
210
286
291
134
210
192
232
121
176
113
109
178
234
221
159
210
147
141
189
135
166
237
206
187
93
284
223
173
91
202
97
272
283
219
225
172
135
181
173
113
235
186
264
253
95
289
73
167
262
170
204
160
206
258
62
138
233
223
170
203
174
243
227
164
123
295
219
260
243
227
219
209
232
254
169
181
258
134
82
125
166
177
189
162
196
80
20
220
163
111
204
213
73
220
254
231
235
238
116
258
54
287
167
119
200
268
170
116
204
268
187
287
288
250
243
220
247
254
282
274
247
126
209
252
225
205
182
223
227
283
86
220
157
247
89
177
146
41
218
262
228
46
84
233
175
205
163
236
277
205
163
200
264
166
293
224
254
232
254
295
287
220
22
258
164
138
46
106
296
284
260
238
225
40
241
245
298
254
244
157
257
169
168
239
196
196
196
221
80
122
247
240
40
216
182
150
290
185
69
266
199
189
85
78
286
127
201
189
197
258
196
281
170
85
185
230
48
211
232
205
205
151
156
15
80
180
244
276
152
241
157
216
204
160
204
181
260
269
215
208
208
237
277
223
165
143
156
143
288
164
221
254
185
204
154
228
187
285
277
282
145
156
200
174
221
137
273
186
178
233
145
176
185
208
168
178
204
104
215
174
277
207
194
289
227
227
84
161
266
74
266
125
262
261
167
185
145
181
152
194
168
61
168
159
56
127
254
269
162
153
163
228
223
132
213
213
191
168
262
190
250
96
116
218
219
149
209
290
272
229
108
192
251
161
263
250
167
181
165
186
182
280
294
285
194
168
197
251
237
161
163
109
230
181
250
216
220
248
277
190
220
263
153
147
291
147
291
233
284
214
289
161
263
279
244
159
163
233
182
274
195
287
185
190
270
57
195
192
224
197
216
254
248
215
253
280
54
256
197
128
251
187
275
264
232
192
146
145
263
182
206
224
143
20
207
183
269
153
122
260
125
176
116
200
155
169
220
195
117
253
284
272
299
153
195
129
257
298
270
172
261
246
281
274
273
230
170
236
225
134
153
97
102
178
209
200
273
177
161
283
290
163
75
161
180
284
267
298
196
182
152
273
261
187
264
292
200
155
273
165
220
220
244
203
233
49
185
297
261
172
63
230
169
202
249
178
264
212
236
258
278
139
193
33
244
106
156
160
268
178
154
185
218
292
248
218
186
161
149
187
189
270
187
226
220
58
293
236
138
231
280
210
171
253
296
62
165
177
221
242
291
248
155
258
174
224
167
237
221
230
122
104
294
155
265
215
225
211
227
233
174
177
126
142
255
119
64
261
181
255
136
279
174
184
227
258
285
223
180
272
126
195
195
290
219
225
248
137
272
274
197
125
235
221
264
162
184
215
290
278
229
170
115
42
280
127
132
187
241
266
238
208
162
198
245
172
258
217
182
271
166
143
214
182
280
294
246
146
270
288
176
222
165
263
167
83
257
297
165
123
58
237
118
129
262
196
236
187
220
200
245
244
160
155
35
242
251
196
285
251
78
118
262
268
237
153
162
186
248
89
298
49
222
167
192
279
158
259
243
142
161
215
184
136
193
180
153
242
198
222
298
227
163
161
227
251
172
251
279
155
215
236
298
300
43
165
215
118
201
135
158
243
174
192
166
230
210
270
269
296
242
171
168
179
213
242
175
211
263
198
215
276
188
218
246
241
253
193
136
151
220
201
95
149
88
260
193
246
80
105
246
277
300
270
156
185
154
88
113
64
248
253
215
171
179
268
243
161
181
160
224
183
244
276
179
155
87
266
168
174
254
164
157
261
185
121
150
246
178
286
293
216
264
237
298
55
264
158
162
176
149
185
241
189
271
219
237
253
146
298
158
181
148
243
268
134
107
165
253
253
264
163
28
186
204
22
264
233
168
95
291
192
46
259
187
281
217
136
258
225
202
181
257
259
238
259
199
278
265
269
166
140
232
187
186
208
144
91
165
280
239
230
196
290
178
136
211
281
254
215
258
139
290
224
251
248
209
274
159
114
186
159
204
123
117
165
280
198
165
227
235
198
128
149
276
209
192
237
211
118
134
96
124
225
202
73
135
251
46
181
77
77
141
91
195
249
192
284
175
167
139
256
166
241
183
168
201
174
270
164
170
271
231
163
272
187
91
264
177
271
243
234
191
220
253
223
165
159
164
254
285
207
99
286
244
187
82
187
275
175
174
209
164
158
141
190
257
101
205
100
151
123
272
199
297
179
260
275
220
234
133
275
179
280
223
240
198
71
262
168
143
187
187
201
194
78
246
168
229
157
213
198
221
226
187
230
189
60
205
227
201
242
179
205
199
219
240
231
248
260
261
251
219
