10

42
465 1 2 8 10 11 14 19 20 23 24 27 30 31 34 36
607 40 42 44 45 46 48 51 54 55 57 63 64 66 67 69 73 75 77
509 79 87 95 98 100 104 106 110 112 118 119 120
981 122 124 127 131 132 134 135 136 138 141 142
968 146 147 150 152 154 155 156 159 164 166 168 172 177 180 182 184 185 186 191 196 200 201 202 208 215 220 229 230 233 235 238 242
998 246 249 251 255 256 261 264 267 268 272 276 278 281 286 288 292 293 295
352 300 301 303 304 305 308 309 313 314 316 321 322 324 325 333 336 338
391 340 342 345 347 349 352 354 356 358 362 365 369 370 371 372 373 374 375 376 380 382 383 384 388 390 391 395 397 398
378 401 402 403 404 409 410 411 415 421 422 424 425 427 428 430 432 434 444 450 453 454 456 457 458 459
882 464
481 467 470 471
766 474 475 477 479 488 489 492 493 499 500 505 506 508 509 511 512 514 517 519 521 522 526 527 529 530 536 537 540
937 544 545 546 547 548 553 554 556 557 558 562 568 569 571 572 576 577
50 578 585 588 589 590 599 603 604 605 610 619 624 626 634 636 637 643 644 645 646 648 654 657 658 661
443 663 667 668 669 675 677 678 684 686 687 689 691 692 698 703 705 708 712 714 715 719 722 723
99 725 727 731 732 734 735 738 743 745 748 749 752 754 756 757 761 762 763
853 765 766 768 776 777 778 780 781 782 784 787 788 789 792 803 804 806 807 812 814 816 818 819 820 824
746 827 832 833 834 838 841 842
503 843 844 851 858 860 865 874 876 877
783 880 888 891 892 893 894 897 899 900 902 904
328 905 912 916 918 919 920
912 925 930 933 938 940 941 942 944 945 946 947 948 952 953 954 958 959 961 963 965 966 967 968 971 976 980 986 988 994 997
586 999 1001 1003 1005 1009 1010 1013 1014 1018 1019 1021 1023 1024 1031 1032 1034 1040 1041
191 1045 1048 1050 1051 1052 1055 1057 1059 1061 1062 1065 1066 1067 1073 1075 1077 1079 1090 1091 1092 1094 1095
118 1096 1097 1100 1106 1107 1110 1112 1124 1126 1137 1138 1140 1144 1147 1148 1150 1152 1158 1161 1169 1170 1171 1177 1179 1181 1182 1184 1185 1187
822 1193 1195 1197 1198 1199 1203
245 1209 1211 1212 1213 1216 1217 1218 1222 1223 1225 1227 1229 1230 1231 1236 1237 1238 1242 1244 1247 1252 1257 1258 1260 1261 1262 1272 1273 1275 1276 1277 1280
438 1283 1285 1289 1293 1294 1296
239 1301 1302 1307 1308 1310 1319 1322 1325 1332 1337 1339 1343 1345 1346
101 1347 1348 1352 1356 1358 1359 1361 1363
650 1366 1369 1371 1375 1376 1377 1380 1381 1383 1385 1390 1392 1394 1395 1399 1401 1405 1406 1408
207 1415 1418 1424 1425 1428 1434 1435 1441 1443 1444 1445 1446 1447 1449 1452 1455 1456 1459 1460 1461 1463 1465 1466 1471 1472 1474 1475 1476
604 1477 1480 1484 1487 1493 1494 1495 1498 1499 1505 1506 1509 1512 1514 1517 1522 1523 1527 1528 1531 1532 1533 1535 1536 1544
670 1545 1548 1550 1551 1552 1553 1554 1560 1564 1567 1569 1570 1571 1574 1575 1576 1581 1582 1584 1585 1588 1589 1595 1597 1602 1603 1604 1606 1608 1610
688 1611 1615 1616 1625 1627 1629
509 1630 1638 1645 1646 1648 1651 1655 1657 1658 1661 1665 1669 1670 1672 1674 1677 1679 1681 1683 1685 1686 1687 1688 1690
195 1691 1693 1695 1701 1704 1707 1710 1711 1714 1719 1723 1725 1732 1738 1739 1743
928 1744 1748 1750 1753 1754 1755 1756 1758 1760 1764 1765 1769 1770 1772 1773 1780 1790 1793 1795 1796 1798 1801 1802
363 1803 1804 1809 1811 1812 1819 1822 1824 1825 1826 1830 1831 1834 1835 1838 1839 1840 1841 1850 1852 1853
953 1854 1862 1863 1864 1865 1866 1870 1871
355 1872 1874 1879 1881 1883 1888 1889 1890 1891 1892 1898 1900 1904 1906 1908 1909 1910 1912 1913 1918 1920 1924 1928
781 1929 1934 1936 1937 1938 1941 1949 1950 1954 1960 1961 1964 1973 1980 1981 1982 1990 1994 1996 1997 1998 1999 2000
39
693 1 9 16 19
934 21 24 25 31 51 52 54
288 58 62 67 73 74 75 80 85 89 91 93 94 96 100 104 112
416 116 117 124 129 130 131 133 143 144 147 148 150 154 155 156 157 160 162 164 166 168 169 174 178 180 182
540 183 184 185 190 193 198 199 201 204 211 220 222 224 228 233 236 238 240 251 259 260 261 262 264
878 275 285 286 289 291 293 296 300
868 311
19 312 318 320 322 323 324 329 333 337 338 339 340 343 345 346 352 353 358 363 368 377 379 381 383 390 393 394 395 399 403 408 412
896 415 417 418 419 425 426 428 432 433 434 437 438 441 445 446 455 462 463 465
848 466 471 474 476 477 479
27 480 482 484 489 490 495 504 505 506 508 509 512 513 514 518 522 524 525 526 527 528 534 551 552 561 563 564 566 573 574
213 575 576 579 587
330 591 592 594 595 601 604 605 613 614 618 622 626 628 629 632 637 639 650 651 652 654 656 660 664 669 672 673
949 674 678 692 693 695 700 704 705 706 711 719 720 721 722 728 729 733 740 747 752 753 768 769 775 781 785
596 787 788 794 795 800 801 802 803 805
488 807 809 814 815 820 830 831 833 841 842 843 845 854 855 857 858 859 861 868 871 875 877 879 880 883 885
910 886 890 891 892 902 904 906 907 908 910 911 928 931 933 935 936 938 939 942 951 953 954 956 957 960 966 968 970 972 975 977
937 978 980 981 984 986 988 994 1004 1007 1009 1015 1017 1018 1019 1024 1027 1039 1040 1041 1045 1048 1049
868 1055
378 1059 1061 1064 1065 1067 1068 1073 1074 1075 1078 1087 1088 1092 1094 1095 1098 1100 1105
441 1106 1107 1111 1123 1127 1129 1130 1131 1133 1134 1139 1142 1143 1147 1148 1152 1161
106 1162 1168 1169 1170 1171 1174 1179 1180 1182 1184 1185 1194 1198 1202 1203 1205 1211 1213 1216 1219 1224 1225 1228 1230 1234
876 1235 1236 1239 1252 1253 1254 1256 1259 1265 1267 1269 1270 1271 1276 1277
700 1278 1281 1284 1285 1287 1288 1300 1303 1305 1308 1312 1315 1317 1320 1325 1328 1331 1339 1341 1343 1344 1346
326 1348 1353 1354 1360 1364 1371 1374 1375 1379 1381 1387 1388 1390 1398 1400 1401 1408
784 1409 1414 1415 1417 1418 1428 1431 1435 1438 1442 1444 1445 1448 1452 1454 1460 1463 1464 1466 1467 1469 1471 1473 1475 1476 1477 1479 1480 1482 1485
633 1489 1490 1496 1497 1504 1507 1510 1511 1513 1514 1516 1518
990 1522 1526 1527 1529 1532
185 1538 1546 1549 1550 1551 1554
346 1555 1561
682 1563 1565 1566 1568 1573 1574 1575 1582 1591 1593 1594 1595 1597 1599 1601 1602 1604 1608 1617 1619 1622 1624 1627 1628 1633 1634 1636
887 1641 1646 1650 1653 1659 1661 1663 1664 1665
126 1670 1671 1674 1676 1677 1686 1691 1692 1700
176 1701 1705 1706 1707 1708 1714 1715 1716 1717 1719
924 1727 1728
865 1731 1734 1736 1740 1741 1743 1745 1746 1748 1751 1752 1758 1760 1765 1767 1768 1771 1773 1774 1776 1779 1781 1792 1794 1796 1798 1802 1811 1813 1814 1815 1817
65 1825 1826 1827 1829 1833 1839 1843 1846 1849 1850 1856 1858 1864 1867 1870 1871 1875 1885
114 1892 1897
467 1898 1901 1904 1906 1908 1909 1910 1912 1918 1919 1920 1921 1927 1928 1930 1935 1938 1939 1940 1944 1946 1949 1950 1958 1964 1972 1975 1981 1983 1987 1991 1998

12
942 8 25 27 59 64 72 99 107 114 117 118 134 139 147 166 167 183 184 190 254 262 265 285 298
660 323 326 418 428 433 437 451 468 471 473 474 479 492
389 498 506 520 522 535 536 549 554 570 590 601 606 625 642 644 669
923 670 690 702 704 712 714 718 725 731 747 757 763 786 794 795 800 804 807 828 836 838 844 892 900 905 917 934 936
845 939 964 1046 1056 1058 1096 1102 1106 1149 1185 1206 1207 1214 1216 1245 1246 1261 1262 1263 1270 1279
65 1298 1310 1311 1313 1319 1326 1327 1328 1359 1363 1373 1376 1378 1386 1389 1396
930 1397 1399 1401 1403 1417 1419 1428 1436 1437 1448 1452 1461 1464 1473 1482 1486
406 1492 1497 1500 1504 1513 1525 1535 1538 1542 1544 1546 1557 1566 1567
69 1568 1582 1584 1591 1630 1641 1657 1665 1683 1684 1688
313 1708 1709 1722 1730 1731 1733 1735 1749 1761 1763 1765 1768 1772 1777 1789 1795 1796 1799 1801 1802 1807 1808 1820 1830 1832
299 1835 1845 1852 1861 1868 1874 1879 1890
351 1896 1898 1909 1915 1917 1927 1932 1944 1967 1968 1987 1993
73
200 2 3 5 6 8 9 10 11 14 17 19 22 25 26 27 28 30
663 31 32 36 38 39 40 42 45 47 50 51 52 55 59 61 62 63 64 69 70 71 72 74 75 76
766 78 79 81 83 84 85 87 91 92 96 97 98 99 100 101 103 104 105 107 108 109 110 111 113 114 115 116 122 123
859 124 126 127 128 129 130 131 132 136 139 140
884 141 142 145 146 147 148 149 154 155 156 157 160 165 167 169 171 173 174
492 175 176 177 179 180 183 184 185 186 187 188 191 195 196
20 197 198 200 201 203 204 205 208 209
333 210 212 213 214 215
555 216 219 220 221 222 223 226 227 228 230 231 234 236 237 238 239 242 244 246 247 248 250 251 252 254
121 255 257 258 262 266 267 268 269 270 271 272 276 277 278 281 282 284 285 287 288 289 290 292 294 295 298 299 300 301
39 303 304 305 307 308 309 310 311 312 313 314 316 317 318 319 323 324 326 327 328 329 330 331
787 332 333 335 340 344 345 346 347 348
933 350 351 352 353 355 358 359 364 365 367 369 370 371 372 373 376 377 380 382 384 385 386 387 388
43 389 392 394 395 398 401 403 404 407 408 410 411 412 413 414 415 417 418 420 424
995 425 427 428 429 433 435 436 437 439 440 441 442 445 449 452 453 454 455 457 460 462 465 466 470 471 472 473 475 477 479
250 480 482 483 485 487 489 490 494 496
574 498 500 502 504
798 505 506 508 509 510 512 514 515
771 520 521 524 525 528 529 530 532 533 534 536 537 538 539 541 542 543 544 545 547
818 548 549 552 554 555 557 558 561 562 563 564 565 566 567 568 569 570 572 573 574 576 577 578 580 582 583 584
215 586 587 590 591 594 595 596 597 599 601 603 604 610 611 612 613 615 616 618 621
500 622 623 624
859 625 626 628 629 633 634 635 636 637 638 639 641 642 643 644 646 648 649 650 652 653 656
440 657 660 661 662 665 666 667 668 669
285 670 671 672 673 676 678 681 682 684 687 689 690 691 692 694 699 701 702
628 704 705 706 714 719 721
348 722 727 728 729 731 732 733 734 735 736 738 739 742 743 744 745 748 749 750 751 752 753
992 756 757 758 761 762 765 767 768 770 771 774 777 778 779 780 781 784 785 787 790 791 792 794 796 797 799 800 801
675 802 804 806 807 808 809 813 815 816 820 823 825 827 828 829 830 831 832 833 834 835 836 837 838 840 841 843 844 847 848
99 849 852 853 854 856 857 858 860 861 862 863 864 865 867 868 869 870 871 872 873 874 875 877 878 882 883 884 885 892
100 893 894 895 897 899 901 903 906
693 907 908 910 911 913 916 917 919 920 921 922 924 925 927
763 931 932 933 935 936 941 943 944 947 950 952 956 959 962 965 966 967 968 970 971 974
326 976 977 981 982
436 983 986 987 988 989 990 991 992 993 996 1004 1006 1008 1009 1011 1012 1013 1016 1018 1019 1023 1025 1026 1028
591 1029 1031 1033 1036 1037 1038 1040
223 1041 1042 1043 1044 1046 1047 1049 1051 1052 1054 1055 1058 1059 1062 1066 1067 1068
298 1069 1072 1073 1074 1076 1077 1082 1084 1086 1087 1089 1091 1092 1094 1095 1096 1098 1099 1102 1103 1106 1110 1111 1114 1115 1117 1120 1123 1124 1126 1127 1129
685 1130 1131 1135 1136 1138 1140 1141 1142 1143 1145 1148
51 1149 1150 1151 1152 1153 1154 1158 1159 1160
389 1161 1165 1167 1168 1169 1170 1171 1173 1174 1176 1177 1179 1181 1182 1184 1185 1186 1191 1194 1196 1198 1203 1208 1211 1212 1213 1214 1215
400 1216
759 1218 1224 1226 1227 1229 1230 1234 1235 1238 1241 1243 1244 1245 1247 1248 1251 1253 1254
449 1255 1256 1257 1258 1259 1260 1261 1262 1264 1265 1268 1269 1270 1271 1272 1275 1276 1277 1284
472 1285 1287 1289 1291 1293 1294 1296 1298 1300 1301 1302 1305 1306 1307 1308 1311 1312 1315 1316 1317
669 1319 1320 1321 1325 1327 1329 1330 1331 1333 1337 1339 1341 1342 1343 1344
366 1346 1347 1348 1350 1351 1352 1354 1355 1356 1358 1359 1360 1362 1365 1366 1367 1368 1370 1373 1375 1377 1379 1382 1386 1387 1389 1390
529 1391 1392 1395 1397 1398 1399 1400 1404 1405 1407 1410 1412 1413 1415 1417 1418 1419 1420 1421 1422 1424 1425 1426
318 1427 1431 1433 1434 1435 1437 1440 1444 1446 1448 1449 1450 1451 1452 1453 1457 1458 1459 1460 1462 1463 1465
535 1466 1468 1469 1472 1473 1474 1476 1479 1483 1484 1485 1486 1487 1488
649 1490 1492 1493 1495 1499 1500 1502 1503 1504 1505 1506 1509 1510 1513 1514 1516 1517
31 1518 1522 1523 1527 1530 1531 1532 1536 1538 1542
48 1545 1547 1548 1550 1552 1553 1556 1557 1558 1559 1560 1561 1562 1563 1564 1566 1567
582 1569 1578 1580 1581 1583 1589 1590
695 1591 1592 1593 1597 1599 1601 1603 1605 1606 1608 1609 1610 1612 1614 1615 1617 1620 1622
905 1623 1624
141 1625 1626 1627 1628 1630 1631 1632 1634 1636 1638 1639 1640
896 1641 1647 1648 1649 1651 1654 1655
353 1656 1657 1658 1659 1661 1662 1663 1664 1665 1667 1668 1669 1672 1673 1674 1676 1678 1680 1681 1682 1685 1686 1688 1690 1692 1695 1696 1697 1699 1700
783 1703 1704 1705 1711 1712 1714 1715 1716 1717
490 1718 1720 1722
205 1723 1727 1728 1729 1731
276 1732 1733 1734 1736 1737 1738 1739 1742 1744 1752 1753 1755 1756 1757 1759 1760 1761 1763 1764 1766 1767 1768
748 1769 1771 1773 1774 1776 1778 1784 1786 1791 1793 1797 1798 1800 1801 1802 1804 1805 1806 1807 1808 1809 1810 1813 1814
624 1815 1816 1819 1820 1821 1822 1823 1825
781 1827 1829 1830 1834 1835 1836 1838 1839 1843 1844 1845 1846 1849
521 1851 1854 1860 1861 1863 1864 1865 1866 1867 1869 1870 1871 1875 1876 1879 1880 1881 1882 1883 1886 1887 1889 1890 1891 1892 1893 1894 1895 1898 1902
772 1905 1906 1907 1908 1909 1910 1911 1912 1913 1914 1915 1916 1917 1918 1921 1922 1923 1924 1925 1926 1927 1928 1935 1937
45 1940 1941 1943 1944 1945 1946 1947 1948 1950 1951 1952 1953
996 1955 1956 1959 1962 1963 1964 1967 1968
635 1969
25 1970 1971 1974 1976 1977 1979 1983 1985
266 1986 1989 1990 1991 1992 1993 1995 1996 2000

39
552 5 8 10 11 14 15 17 18
913 20 21 22 30 31 32 36 42 45 47 49 50 51 53 54 55 62 66 69 74 75 77 80 81 85 88 89 90 91 95
149 97 100 108 121 125 127 131 143 149 152 153 157 162 163 167 170 173 192
323 193 194 195 196 199 204 210 215 217 220 222 224 228 230 231 238 239 243 244 245 247 259 261 265
785 267 269 272 274 276 283 284 288 291 295 309 314 315 319 320 323 328 332 333 334 335 337 345 347
667 354 356 358 363 365 366 368 371 372 375 379 385 387 388 401 403 406 408 409 411 422 436 438 439 454 456 460 465
124 466 471 473 475 476 479 488 493 494 496
960 498 499
729 502 503 504 505 506 517 518 519 522 523 524 529 530 538 547 554
107 556 561 564 578 579 581 582 584 588 591 593 599 600 602 606 616 629 634 636
269 639 640 641 643
413 645 657 669 679 680 682 692
149 693 698 702 704 705 709 710 711 712 713 714 718 720 724 725 726 727
971 729 730 731 739 741 747 749 755 757 758
499 760 762 765 766 767 768 771 774 776 780 782 787 792 793 797 798 802 806 807 808 809 812
787 813 814 817 818 822 824 827 828 829 830 832 833 835 836 838 839
653 843 844 848 852 855 856 857 864 865 866 868 869
86 870 873 878 882 892 896 898 899 904 915 932 940 944 948 952 957 968 969 972 973 976 978 980 981 982
559 985 992 993 997 1000 1002
263 1003 1014 1015 1017 1022 1029 1032 1039 1042 1044 1046 1050 1052 1057 1058 1061 1064 1066
268 1067 1073 1075 1088 1092 1101 1102 1107 1108 1109 1115 1116 1119 1120 1121 1124 1127 1128 1129 1133 1134 1135 1136 1137 1141 1143 1147 1151 1158 1165 1168 1171
607 1173 1174 1179 1183 1190 1192 1193
758 1197 1202 1204 1206 1209 1210
736 1211 1220 1225 1230 1233 1234 1235 1240 1242 1244 1252 1258 1263 1268 1269 1274 1279 1281 1282 1283 1289 1292 1295 1300 1302 1303 1307 1311 1316 1319 1321
841 1334 1352 1355 1358 1359 1360 1361 1362 1365 1369 1370 1373 1374 1378 1380 1382 1388 1390 1394 1395
216 1396
380 1403 1416 1422 1424 1435
204 1436 1438 1442 1445 1456 1460 1461 1462 1464 1466 1468 1470 1471 1474 1477 1479 1484 1488 1491 1492 1493 1496 1504 1505 1506
603 1508 1512 1514 1519 1520 1521 1527 1528 1529 1531 1536 1539 1540 1549 1555 1560 1561 1564 1565 1567 1569 1571 1573 1574 1588 1598 1600 1601 1609 1611 1613 1622
454 1625 1626 1631 1632 1635 1637 1639 1641 1646 1648 1649 1651 1656 1662 1663 1665 1668 1669
783 1675 1680 1681 1685
652 1688 1690 1694 1699 1703 1706 1707 1711
220 1713 1717 1718 1720 1721 1724 1727 1744 1746 1747 1751 1752 1754 1756 1760
478 1769 1771 1783 1784 1785 1787 1795 1800 1809 1811 1812 1813 1814 1818 1820 1821 1822 1824 1825 1826 1827 1830
826 1833 1836 1837 1838 1839 1844 1847 1850 1853 1858 1862 1864 1867 1870 1872 1873 1874 1876 1877 1880 1881 1882 1883 1886 1890 1891 1897 1898 1899 1900 1901
56 1903 1904 1907 1908 1910 1911
145 1913 1914 1916 1923 1925 1926 1927 1928 1933 1934 1936 1938 1940 1944 1947 1951 1952
118 1956 1958 1959 1960 1963 1965 1967 1969 1977
736 1979 1983 1984 1989 1990 1991 1993
29
264 5 16 19 20 21 24 27 31 32 36 42 46 47 51 55 56 57 59 61 71 72 74 77 78 82 83 86 87 88 96 100 103
759 109 110 111 114 119 122 124 131 137 141 142 144 146 147 158 160 161 162 164 170 173 176 178 181 184 189 193
116 199 206 208 211 212 214 217 218 221 230 232
403 236 238 244 246 247 251
93 252 253 257 261 265 269 274 275 281 284 286
582 287 293 294 306 313 320 322 328 330 333 338 339 340 341 344 349 351 355 359 360
885 363 366 367 369 372 378 385 388 390 391 393 395 396 397 401 418 419 420 421 430 432 437 443 450 451 452 454
194 459 462 465 468 469 472 474 475 476 477 478 479 485 487 489 498 500 501 504 507 512 515 522 525 526 533
522 536 541 542 545 546 549 558 560 562 564 565 566 568 570 571 572 573 578 582 585 588 590 591 594 601 603 605 607 608 610 611
824 618 620 625 628 632 635 636 639 651 654 655 659 665 669 670 671 675 678 679 681
199 684 689 690 692 698 700 701 703 704 709 711 715 719 721 723 726 727 728 735 740 749 752 753 755 757 758 760 761 766 767 770
235 771 772 776 780 782 788 806 816 831 833 840 841 845 846 849 851
5 857 867 869 872 877 879 888 889 896 902 908 912 913 915 916 923 924 931 932
394 933 936 942 946 947
977 948 950 952 954 961 962 963 968 969 970 972 979 980 986 999 1000 1001 1002 1004 1005 1006
393 1008 1012 1019 1020 1021 1023 1026 1027 1031 1034 1035 1038 1041 1042 1048 1053 1056
376 1066 1079 1081 1084 1090 1091 1094 1100 1103 1113 1115 1116 1117 1122 1124 1125 1128 1130 1132 1133 1140 1152 1156 1157 1162
743 1163 1179 1182 1184 1185 1190 1193 1195 1198 1203 1204 1207 1209 1210 1214 1217 1227 1228 1229 1231 1233 1236
299 1238 1242 1243 1244 1245 1255 1258 1263 1270 1276 1278 1281 1291 1297 1299 1303 1305 1308 1311 1315 1319
545 1322 1324 1326 1329 1331 1342 1353 1354 1356 1359 1364 1367 1368 1370 1382 1383 1384
416 1385 1391 1394 1396 1397 1399 1405 1413 1414 1423 1429 1434 1436 1438 1441 1443 1447 1448 1451 1454 1457
952 1461 1464 1471 1472 1474 1476
506 1478 1486 1489 1496 1501 1502 1503 1510 1515 1517 1518 1523 1526 1531 1532 1537 1540 1541 1543 1544
667 1547 1552 1553 1554 1555 1557 1561 1564 1570 1574 1575 1578 1582 1587 1590 1595 1596 1597 1598 1601 1615 1617 1621 1625 1626 1628 1629 1633
934 1634 1637 1638 1639 1646 1651 1653 1655 1656 1658 1660 1661 1663 1671 1672 1674 1676 1678 1679 1687
868 1694 1695 1702 1703 1707 1717 1722 1726 1730
469 1731 1736 1737 1739 1748 1749 1751 1754 1756 1757 1758 1766 1775 1778 1779 1782 1786 1787 1788 1789 1803 1807 1811 1814 1815 1817 1822
316 1824 1827 1829 1830 1834 1837 1840 1842 1848 1849 1850 1851 1852 1855 1856 1857 1858 1859 1864 1866 1874 1875 1878 1879 1885 1887
321 1899 1900 1908 1910 1917 1924 1925 1928 1936 1938 1939 1947 1948 1950 1952 1955 1959 1963 1968 1973 1976 1984 1995 1996 1997

64
143 4 5 6 8 10 13 15 16 18 19 23 24 25 26 27 29 30 31 32 34 35 36 37 38 41
56 42 45 47 49 55 56 57
183 58 60 61 66 71 73 75 79 80 81 84 86 87 89 91 93 95 97 100 101 103 104 105 109 110 111 112 113 114 117 119
523 121 125 127 129 131 134 135 136 137 138 140 141
883 142 143 144 145 148
589 150 151 152 153 155 156
926 157 158 159 160 161 163 164 166 171 172 173 176 177 178 180 181 185 186 188 189 192 195 196
944 197 199 200
729 201 205 206 207 209 210 211 214 217 219 221 223 227 228 236 237 238 239 241 242 244 246 247 248 249 250 251 252 253 254 257 261
123 266 267 268 269 270 271 272 273 277 280 286 289 291 292 293 296 299 300 302 303 304 307 308
533 312 313 314 317 319 322 326 327 329 330 331 332
498 333 335 338 340 342 343 344 345 346 349 352 355 357 360 361 362 363 364 366 367 368 369
197 370 371 373 374 376 377 379 381 386 389 390 392 393 394 396 398 400 401 405 412 413
483 415 417 418 419 420 421 422 423 426 427
425 429 431 432 433 434 441 444 445 450 454 455 457 461 462 465 466 470 471 475 476 477 482 490 491 493 495 497 500 502
728 503 506 509 510 515 518 522 523 524 525 529 530 532 533 534 535 536 537 538
19 539 540 541 542 543 545 547 548 549 552 553 554 556 557 559 560 562 567 568 570 573 575 577 578 579
388 581 584 585 589 590 592 593 595 598 599 601 602 603 604 605 606 607 608 609
661 610 611 612 614 616 617 620 621 622 623 624 629 630 632 635 636 637 639
814 641 642 643 648 649 650 651 652 653 654 657 658 660 661 663 666 667 668 669 673 674 676 678 679
201 680 681 683 684 685 686 687 688 689 690 691 693 694 697 698 699 700 701 702 704 705 707 709 710 712 714 715 717 719 721 724
88 725 729 731 732 735 736 737 738 740 742
838 746 751 755 756 761 763 765 766 767 771 772 773 776 777 779 783 784 785 791 792 793 795
153 796 799 801 802 803 806 807 809 810 811
271 813 815 816 818 822 823 831 833 834 837 839 840 842 843 846 849 850 851 852 853 854 856 857 861 863 864 866 867
500 872 873 874 879 882 883 884 886 887 889 891 892 893 896 900 901 902 904 905 906 907 908 909 910 912
688 913 917 918 919 920
872 921 922 925 927 928 929 931 933
192 936 938 942 943 946 947 950 952 953 959 960 962 964 968
317 969 970 971 972 973 976 977 978 979 981 983 986 987 991 992 993 996 1001 1002
210 1004 1005 1006
332 1010 1012 1019 1021 1022 1023
987 1024 1029 1032 1033 1035 1036 1037 1038 1040 1045 1048 1054 1056 1058 1059 1062 1063 1064 1065 1067 1069 1072 1074 1075 1076
270 1077
291 1079 1080 1083 1084 1087 1088 1089 1090 1091 1093 1094 1096 1097 1100 1103 1104 1107
780 1108 1109 1110 1111 1113 1114 1115 1116 1117 1118 1119 1120 1121 1123 1126 1127 1128 1130 1131 1133 1135 1137 1139 1140 1142 1143 1144 1145 1146
158 1150 1151 1157 1158 1159 1160
694 1161 1162 1163 1166 1167 1168 1170
969 1171 1172 1173 1176 1178 1179 1182 1183 1185 1187 1189 1191 1193 1194 1195 1202 1205 1206 1207 1208 1209 1211 1212 1213 1214 1215 1217 1221 1223 1225 1233
364 1235 1237 1238 1239 1240 1241
767 1242 1244 1247 1250 1252 1253 1257 1258 1259 1262 1263 1264 1265 1268 1270 1274 1275 1276 1277 1278 1279 1283 1285 1286 1288 1289 1290 1291 1292 1293
315 1294 1295 1297 1299 1301 1303 1304 1306 1309 1314
126 1315 1316 1317 1318 1320 1321 1322 1323 1324 1326 1328 1329 1330 1331 1332 1334 1337 1341 1342 1344 1346 1349 1350 1353 1354 1356 1358
257 1359 1360 1363 1365 1366 1367 1368 1373 1374 1375 1376 1378 1381 1383 1386 1389 1391 1396
61 1398 1399 1402 1403 1404 1405 1407 1412 1413 1414 1415 1416 1418 1419 1420 1422 1423 1424 1425 1428
4 1430 1431 1434 1435 1438 1439 1440 1443 1447 1449 1450 1453 1454 1456 1457 1461 1462 1463 1465 1466 1469 1471 1475
338 1477 1478 1479 1481
86 1482 1485 1486 1488 1489 1493 1497 1499 1500 1501 1503 1504
796 1505 1510 1511 1512 1513 1515 1520 1521 1522
553 1526 1530 1535 1536 1537 1538 1539 1540 1541 1542 1544 1546 1547 1551 1556 1557 1558 1559 1565 1567 1569 1571
8 1573 1576 1577
349 1580 1581 1584 1585 1589 1590 1591 1592
167 1594 1596 1599 1601 1603 1604 1605 1606 1608 1609 1610 1612 1616 1617 1620 1624 1625 1626 1627 1628 1629 1630 1631 1632 1633 1634 1636 1639 1644 1645 1647
5 1649 1651 1654 1655 1658 1659 1662 1663 1664 1666 1667 1668 1670 1673 1674 1676 1677 1678 1681 1682 1683 1684 1685 1686
969 1692 1693 1694 1698 1700 1702 1704 1707 1709 1710 1711 1712 1716 1717 1719 1721 1722
595 1725 1727 1733 1735 1737 1738 1739 1740 1747 1748 1749 1751 1752 1754 1756 1757 1761 1762 1764 1767 1768 1769 1772 1773 1774 1775
405 1778 1779 1780 1781 1784 1785 1786 1788 1789 1792 1797 1799 1800 1801 1803 1806 1807
617 1810 1811 1812 1813 1816 1817 1819 1822 1825 1827 1828 1831 1832 1834 1835 1837 1838 1842 1844 1847 1848
11 1849
266 1850 1851 1852 1853 1854 1856 1857 1858 1860 1861 1862 1863 1865 1866 1867 1870 1871 1875 1876 1877 1878 1879 1881 1885 1886 1888 1893 1895 1896 1899
338 1900 1901 1905 1912 1914 1916 1917
784 1919 1921 1923
271 1927 1928 1929
732 1933 1937 1939 1940 1941 1943 1944 1945 1947 1948 1955 1957 1958 1960 1963 1964 1967 1968 1971 1976 1977 1978 1981 1983 1985 1987 1991 1992 1993 1996 1997 1998
89
256 1 2 4
266 5 7 8 9 11 12 14 16 17 18 20 21 22 24 25 26 27 28 29
127 30 31 32 34 35 36 37 39 40 41 42 43 44 45 46 47 49 50 51 52 53 54 55 56 57 58 59 60
647 61 62 63 64 65 67 68 69 70
133 71 74 75 77 78 80 81 82 83 84 86 87 88 90 91 92 93 94 95 96 97 98 100 101 102
183 103 105 106 107 108 109 111 113 114 115 116 117 121 122 123 124 125 126 127 128 130 131 132 134 135 136 137
191 139 140 141 142 143 144 145 146 147 148 150 151 152 153
607 154 158 160 162 164 166 168 173 176 177 178 179 180 181 184 185 187 188 189 190 192 193
140 194 195 196 197
524 198 199 200 205 206 207 208 209
88 210 211 213 214 215 216 217
191 218 219 220 222 223 224 225 226 228 229 230 231 232 233 234 235 237 238 240 241 243 244 245
950 247 249 250 251 252 254 256 257 259 260 262 263 265 268 270 271 272 273 274 276 278 280 281 282 284 285 286 287 288 289
449 290 291 292 295 297 298 299 301 303 304 305
835 306 307
479 308 310 311 312 313 314
273 315 316 318 320 321 322 323 325 326 327 329 330 331 332 333 334 336 340 342 344 347 348 351 352 353 354 355 356 357 358 359 360
480 361 362 365 368 369
10 370 371 372 375 376 380 382 383 384 386 389 391 392
108 393 394 397 399 400 401 403 405 406 408 409 410 411 412 416 417 418 419 421 422 424 425 426 428 430 432 433 434 436 437
456 439 440 443 444 446 447 448 449 450 453 454 455 456 458 459 461 462 463 464 465 466 467 468 469 470 471 472 473
822 474 475 477 478 479 481 483 484 485 486 487 488 489 490 492 494 495 496 497 499 500 502 505 506 507 510 511 513 514 515
327 516 517 518 520 521 522 523 525 527 528 530 531 533 534 537 538 539 540 541 543 544 545 546 549
816 551 552 554 555 556 559 560 561 564 565 566 569
185 572 573 575 576 580 581 582 583 584 587 588 589 590 592 593 595 596 597
565 598 599 601 602 603 604 605 606 607 608 609 611 613 614 615 617 618 619 620 621 623 624 625 626
820 627 628 629 630 631 632 633 634 635
576 636 637 638 639 640 643 646 647 649 650 652 654 655 656 657 658 659 661 662 663 664 665 666 667 669
558 671 672 673 675 676 677 678 679 680 681 682 683 685 686 687 688 689 690 691 693 696 697 699 700 701 702 704
721 705 706 707 708 709 710 711 713 714 716 717
888 718 719 720 722 723 725 726 728 730 732 733 734 735 736 737 738 739 740 741 743 745 746 747 750
797 751 752 753 754 755 757 758 759 762 763 764 765 768 769 770 771 772 773 774 775 776 777 778 779 781 782 783 784 785
508 786 787 788 790 791 792 793 794 795 796 797 801 802 803 804 806 807 808 810 811 812 813 814 815 817 818 820 821 822
627 824 825 826 829 830 831 833 835 837 838 840 841 842 844 845 846 847 849 850
464 851 852 853 854 855
630 856 857 858 859 860 863 864 865 866 867 870 871 872 875 876 879 880 881 882 883 886 888
259 889 891 893 894 896 897 899 900 901 903 904 905 907
282 908 909 910 911 912 913 914 915 918 919 920 921 922 923 924 925 927 928
223 929 930 931 932 933 934 935 936 937 939 940
291 941 942 943 945 946 947 948 950 951 952 953 955 957 958 960 961 962
490 964 965 966 967 968 970 971 974 976 977 978 980 984 985 986 987 988 990 991 992 993 994 995 996 997
766 1000 1001 1002 1003 1005 1007 1008 1012 1013 1014 1015 1016 1018 1020 1021 1022 1023 1024
445 1025 1026 1027 1028 1030 1032 1033
84 1034 1035 1036 1038 1039 1040 1041 1042 1044 1045 1047 1048 1049 1053 1054 1057 1058 1059 1060 1061 1062 1064
738 1066 1067 1068 1069 1070 1071 1072 1075 1076 1077 1078 1079 1080 1083 1084 1085 1086 1087 1088 1089 1090 1091 1093 1094 1095 1097 1098 1099
765 1100 1101 1104 1106 1107 1109 1110 1111 1112
431 1115 1117 1118 1119 1120 1121 1122 1123 1124 1125 1127 1129 1130 1131 1132 1133 1134 1136 1137 1138 1139 1140 1141 1142 1143 1144 1145 1146
63 1147 1149 1150 1152 1153 1154 1155 1156 1158 1159 1163 1164 1165 1166 1167 1168 1170 1171 1172 1173 1175 1178 1179 1180 1181 1183 1184
290 1185 1186 1187 1190 1191 1194 1195 1196 1198 1199 1203 1204 1205
102 1206 1207 1208 1209 1211 1212 1214 1215
559 1216 1217 1219 1220 1221 1222 1223 1224 1225 1226 1230 1232 1234 1235 1236 1237 1238 1240 1241 1242 1243 1246 1247 1248
217 1249 1250 1251 1253 1255 1257 1258 1259
854 1261 1263 1266 1267 1268
896 1269 1270 1271 1272 1274 1275 1276 1277 1278 1280 1281 1282 1283 1284 1285
830 1286 1287 1291 1292 1293 1294 1297 1300 1301 1302 1303 1304 1307 1308 1309 1310 1311 1312 1313 1314
153 1315 1316 1318 1319 1320 1322 1323 1324 1326 1327 1328 1329 1331 1332 1333 1335 1336 1337 1338 1339 1340 1341 1342
501 1343 1345 1346 1348 1349 1352 1353
583 1354 1355 1356 1357 1358 1360 1361 1363 1364 1365 1366 1367 1368 1369 1371 1372 1373 1374 1375 1376 1378 1379 1380 1381 1382 1383 1384 1385
969 1387 1388 1389 1390 1391 1393 1394 1397 1398 1399 1400 1401 1402 1403 1404
919 1405
547 1407 1408 1411 1412 1413 1414 1416
527 1417 1418 1419 1420 1421 1422
625 1426 1427 1428 1429 1430 1431 1432 1433 1436 1437 1438 1442 1443 1444 1445 1446 1447 1448 1450 1451 1452 1453 1454 1455 1456 1459 1460 1461 1462
176 1463 1464 1465
606 1466 1467 1468 1469 1470 1471 1472 1474 1475 1476 1477 1478 1479 1481 1482 1483 1484 1485 1490 1492 1493 1494 1495 1496
779 1497 1498
646 1500 1501 1503 1504 1505 1506 1507 1509 1510 1512 1514 1515 1516 1517 1518 1519 1520 1521 1522 1526 1528 1529 1530 1531
699 1532 1535 1536 1537 1541
801 1542 1543 1544 1545 1546 1547 1548 1549 1550 1551 1552 1553 1554 1555 1557 1558 1559 1560 1562
677 1563 1564 1567
439 1569 1570 1571 1572 1575 1577 1578 1579 1580 1581 1582 1583 1584 1585 1586 1587 1589 1592 1593 1594 1595
149 1596 1598 1600 1603 1604 1606 1608 1609 1610 1611 1613 1616
35 1617 1618 1620 1622 1623 1625 1626 1627 1628 1629 1630 1631 1633 1634 1636 1637 1638 1640 1642 1643
139 1644 1645 1646 1647 1648 1649 1650 1652 1653 1656 1658 1659 1660 1661 1662 1663 1664 1665 1666 1667 1668 1669 1671 1672 1673 1675 1677
540 1678
730 1679 1680 1683 1684 1685 1686 1688 1689 1691 1692 1693 1694 1696 1697 1699
247 1700 1701 1702
345 1703 1705 1706 1708 1710 1711 1712 1713 1715 1716 1717 1718 1719 1720 1722 1725 1727 1728 1729 1731 1735 1736 1737 1738 1739 1741 1742 1743
692 1744 1747 1748 1749 1750 1752 1754 1755 1756
315 1759 1760 1761 1763 1765 1766 1767 1769 1770 1772 1773 1775 1776 1777 1781
7 1782 1783 1784 1786
151 1787 1788 1789 1790 1791 1794 1795 1796 1798 1799 1800 1801 1802 1803 1804 1805 1806 1807 1810 1811 1814 1815 1817 1819 1820 1821 1822 1823 1824 1825 1828 1829
433 1830 1831 1832 1833 1834 1835 1838 1839 1840 1841 1843 1844 1845 1849 1850 1851 1853 1854 1856 1857 1860 1861 1862
63 1865 1866 1869 1871 1872 1873 1876 1877
777 1878 1879 1880 1881 1884 1885 1886 1887 1888 1889 1891 1894 1898 1900 1902
850 1903 1904 1906 1907 1913 1915 1916 1920 1921 1923
746 1924 1928 1929 1930 1932 1936 1937 1938 1939 1940 1942 1943 1944 1945 1946 1947 1948 1950 1952 1953 1955 1956 1957 1958 1960 1961 1962 1963 1964 1965
455 1966 1967 1969 1971 1972 1973 1974 1977 1978 1981 1982 1983 1984 1985 1986 1987 1988 1989 1991 1993 1994
366 1995 1996 1998 1999 2000

50
582 1 2 3 4 10 12 18 22 23 24 28 29 31 32 33
21 34 35 36 39 40
672 41 43 44 45
566 47 49 53 54 55 57 59 72 73 74 76 77 78 79 81 85 86 88 95 97 105 110 111 112 113 114 123 124 126 127 130 136
402 139 140 143 147 148 152 154
830 155 162
957 165 167 168 172 174 175 176 178 180 183 184 189 190 196 203 205 206 207 209 214 215 216 217
623 218 219 224 231 234 237 239 242 245 246 247 248 249 251 252 253 254 260 264 266 272 273 274 276 278 280 281
572 284 285 288 290 292 293 294 297 299 300 302 304 306 307 308 315 317 318 322 323 324
914 326 330 331 337 338 340 341 344 346 348 349 350 352 356 361 362 364 370 371 383 393 394 396 401 402 404 408 409 412 413
946 414 418 421 422 424 425 428 431
373 432 435 439 440 443 445 450 452 453 454 458 461 465 468 469 472 474 479 483 484 485 487 492 493 494 495 496 497 502
475 505 506 508 515 517 518 523 525 527 531 537 538 539
121 545 546 547 548 550 553 555 556 558 561 562
849 565 566 567 569 570 572 576 577 578 580 583 584 588 590 595 597 599 603 604 606 607 608 610 613 614 615 617 621 623
750 624 626 627 630 634 635 636 637 641 642 644 646 647 649 651
471 653 654 658 660 664 667 670 675 676 683
587 684 694 700 704 705 707 709 711 712 714 715 717 718
631 719 720 722 727 729 731 732 733 736 737 738 742 745 746 747 748
166 752 753 754 760 762 763 765 769 772 776 779
253 782 785 786 788 793 795 796 797 800 804 805 808 809 810 811 812 815 820 824 825 827 828 830 835 841 844 845 847 853 856
964 865 867 874 877 878 881 882 883 886 887 889 891 893
978 896 905 907 909 910 916 920 921 923 924 927
681 929 931 937 939 940
464 943 944 946 949 950 951 953 954 961 963 964 965 969 971 972 973 975 977 978 984 986 988 991 993 994
666 995 999 1006 1012 1013 1014 1017
506 1019 1021 1022 1023 1025 1028 1036 1037 1038 1041 1043 1045 1047 1049 1050 1051 1056 1061 1068 1072 1074 1078 1083 1087 1096
442 1103 1105 1118 1122 1124 1125 1126 1131 1134
924 1135 1137 1139 1141 1143 1144 1145 1148 1149
173 1150 1153 1154 1157 1160 1161 1162 1163 1164 1166 1169 1172 1173 1174 1175 1180 1181 1185 1187 1189 1193
430 1196 1197 1205 1206 1208 1210 1213 1214 1216 1217 1218 1220 1224
319 1232 1233 1235 1237 1239 1241 1247 1249 1252 1254 1256 1258 1259 1263 1264 1265 1269 1270 1276 1277 1282 1283 1285
378 1287 1288 1290 1293 1295 1298 1299 1304 1307 1310 1311 1313 1314 1315 1317 1318 1319 1324 1326 1329 1339 1341 1345 1346 1347
950 1353 1355 1357 1360 1366 1367 1370 1371 1373 1374 1376 1377 1378 1379 1380 1381 1383
62 1385 1397 1398 1401 1405 1408 1409 1412 1416 1417 1418 1420 1422 1423 1428 1429 1430 1431 1432 1433 1434 1438
423 1440 1441 1442 1445 1447 1450 1455 1460 1464 1466 1476 1478 1479 1480 1481 1487 1488 1489 1492 1496 1501 1503 1505 1507 1508 1509 1514 1515 1516 1519 1521 1528
880 1530 1532 1533 1534 1536 1540 1541 1544 1547 1548 1549 1552 1556 1559 1561 1562 1566 1572
79 1573 1574 1575 1577 1580 1583 1586 1587 1589 1593 1601 1602
857 1603 1605 1606 1610 1611 1612 1616 1618 1624 1626 1628 1629 1631 1634 1639 1640 1641 1642 1643 1645 1646 1647 1649 1650 1651 1654
800 1656 1659 1661 1665 1671 1676
771 1678 1685 1686 1688 1689 1696 1699 1701 1703 1704
547 1705
965 1707 1711
208 1712 1713 1714 1715 1716 1717 1726 1728 1729 1735 1736 1740 1741 1742 1746 1750 1751 1752 1754 1755 1757 1758
874 1759 1760 1762 1763 1767 1770 1772 1773 1776 1781 1785
267 1786 1790 1792 1795 1798 1799 1800 1801 1802 1809 1810 1812 1816 1818 1820 1821 1828 1829 1832 1835 1837 1838 1839 1840 1843 1847 1851 1857 1861 1863 1864
934 1865 1866 1869 1870
763 1873 1874 1876 1877 1879 1880 1881 1883 1884 1885 1888 1890 1892 1894 1897 1898 1902 1905 1906 1908
920 1910 1911 1919 1928 1929 1939 1943 1945 1947 1948 1949
159 1950 1951 1953 1954 1956 1961 1962 1966 1968 1970 1971 1973 1981 1983 1985 1987 1989 1992 1996
34
195 1 3 5 9 12 15 25 26 27 43 45 46 49 54 55 56 60 64 67 68 69 71 74 77 81 85 88 91 107 108
195 109 115 116 122 126 129 137 138
947 141 143 146 148 154 160 162 163 164 168 173 178 182 185 187 193 195 196 197 198 201 212 215 216 227 237 239 246 250 251 252
614 267 271 272 273 274 280 282 286
413 287 288 292 297 298 301 304 305 307 309 317 318 319
490 324 326 329 330 332 346 359 360 361 367 376 396 402 403 405 408 412 418 419 430 432 436 441
232 444 453 460 467 470 471 472 475 480 481 482 484 486 496 499
419 502 503 506 511 512
291 513 515 519 520 521 527 528 535 541 556 558 560 561 562 565 576 577 592 596 601 602 609 610 612 613 614 616 617 626 629 647
319 658 659 660 665 668 670 673 675 677 681 682 684 689 692 697 698 701 705 709 714 715 723 724
861 725 731 733 734 735 738 739 741 742 748 750 755 756 758 763 764 768 769 770 778 782 785 786 787 788
716 798 803 807 808 810 813 817 819 820 821 823 824
600 825 829 832 836 838 841 843 849 850 854 862 865 866
962 875 876 878 881 883 885 888 889 890 893 896 899 903 921 925 927 929 931
870 935 937 940 943 948 953 955 959 960 967 970 976 979 981 988 990 996 997 999 1002 1012 1013 1018 1021 1022 1025 1026 1029
34 1031 1033
739 1038 1039 1040 1046 1047 1049 1052 1055 1058 1059 1061 1063 1064 1071 1072 1074 1078
605 1083 1084 1085 1094 1102 1110 1112 1120 1123 1124 1126 1134 1135
976 1138 1139 1140 1148 1151 1158 1160 1166 1168 1173 1185 1186 1197
850 1198 1201 1203 1208 1211 1221 1223 1225 1231 1238
134 1242 1243 1244 1247 1250 1253 1255 1268 1272 1274 1279 1286 1287 1288 1290 1291 1295 1303
264 1305 1307 1308 1309 1311 1312 1320 1325 1327 1330 1332 1334 1345 1350 1354 1355 1364 1367 1374 1377 1380 1384
171 1385 1389 1390 1392 1393 1398 1399 1403 1408 1412
889 1420 1428 1437 1438 1439 1440 1445 1448 1451 1452 1453 1455 1459 1461 1464 1467 1468 1470 1476
350 1477 1478 1482 1487 1494 1498 1499 1505 1507 1508 1511
218 1512 1513 1518 1534 1538 1541 1547 1548 1553 1555 1561 1563 1566 1567 1568 1572 1578 1579 1582 1584
249 1585 1587 1590 1592 1593 1596 1599 1602 1605 1607 1611 1624 1625 1632 1635 1641 1644
410 1646 1647 1649 1652 1657 1658 1660 1662 1667 1670 1676 1677 1678 1681 1685
956 1686 1687 1690 1691 1698 1700 1725
518 1729 1732 1739 1743 1752 1755 1757 1761 1764 1766 1771 1780 1782 1786 1788 1790 1792 1793 1800 1803 1804 1806 1809 1810 1811 1812 1813 1818
187 1821
76 1823 1833 1841 1846
186 1849 1852 1856
696 1857 1860 1866 1867 1870 1872 1873 1897 1899 1907 1915 1919 1930 1931 1932 1933 1944 1951 1952 1954 1955 1956 1966 1970 1973 1974 1975 1984 1994 1995 1996 1997

76
989 1 2 3 4 5
295 6 9 11 12 15 16 17 18 19 21 23
42 24 26 27 29 30 31 32 35 36 37 38 39 40 41 43 45 47 48 50 51 53 54 59 60 61 62 63 64 66
408 67 68 69 71 76 77 80 81 83 84 85 86 87 88 89
951 91 92 93 94 95 97 98 100 101 102 104 105 106 108
873 109 111 116 117
961 118 120 122 123 125 126 127 129 130
31 132 133 134 136 137 139 141 142 143 144 145 146 147 148 149 150 151 152 153 155 156 157 158 160 161
250 162 163 165 166 168 170 171 172 173 174 175 177 178 179 182 183 184 185 186 187 188 189
521 190 192 193 194 195 199 200 203 204 205 206 207 211 212 213 214 215 216 217 218 219 220 221 222 223 224 226 227 228 234 235
978 236 237 238 240 241 242 243 246 248 251 253 256 257
955 258 261 263 264 265 266 267 270 271 272 273 274 275 276 277 278 279 280 281 282 283
618 285 286 288 289 290 291 293 294 297 299 300 301 303 304 306 307 308 310 311
874 314
886 316 317 318 319 320 321 322 323 324 327 329 331 333 334 335 336 338 339 341 342 345 350 351 353 355 356 358 359 360 362 363
80 365 368 369 372 374 375 378 380 381
338 382 383 384 385 386 389 390 391 392 394 397 399 401 402 404 405 406 408 410 411 412 413 414 415 416 418
633 419 420 421 422 424 426 427 429 430 433 434 435 436 437 438
493 440 441 442 443 444 446 447 452 453 456 459 460 461 463 464 465 466 467 468 469 473 474 477 478
780 480 482 483 484 485 486 487 488 490 491 492 493 494 495 496 498 499 500 501 504 505 506 507 508 510 511 513 515 516 517 520
149 521 523 525 526 527 528 532 533
944 534 535 538 539 540 542 543 544
419 545 547 548 549 551 553 554 555 556 558 559 560 561 562 563 564 567 568
325 569 570 571 575 576 577 578 579 580 581 582 583 586 587 588 589 591 592 594 596 597
271 598 600 603 604 606 607 608 609
829 610 611 612 613 614 615 617 619 620 621 623 624 626 628 629 630 631
885 632 633 634 635 636 637 638 639 641 643 644 646 648 649 650 652
469 654 655 657 658 659 660 661 662 664 666 667 668 669 671 672 673 674 676 677
429 678 685 686 687 688 689 691 692 693 694 695 697 699 701 703 704 705 706 708
881 709 710 711
739 713 714 715 717 718 719 721 722 723 724 725 726 727 728 729 731 732 733 734 736 738 739 740 741 742 743 744 745 746 747 748 750
299 752 753 754 755 756 757 758 760 761 763 765 767 768 769 770 771 773 774 775 776 779 780 782
194 784 785 786 787 788 789 790 791 792 793 794 795 796
195 797 801 802 805 807 808 809 810 813 814 815 818 819 820 821 822 823 825 826 827 828 829 831 832 833 834 835 836
166 838 839 842 843 845
293 846 848 850 851 852 855 856 858 859 860 862 864 865 867 868 870 871 872 873 874 875 876 877 878 881 883 884
239 887 888 889 894 896 897 901 902 904 905 907 908 910 911 912 913 914 915 916 917 918 920 921 922 923 924 925 926 927 929 930
38 931 933 936 937 939 940 941 942 943 944 946 947 948 950
536 951 952 954 956 957 958 959 961 962 963 964 967 968 969 971 972 973 974 976
840 977 979 982 983 985 986 988 989 990 991 992 993 994 995 997 999 1001 1003 1006 1010
748 1011 1013 1015 1018 1019 1020 1021 1022 1023 1024 1026 1027
616 1028 1030 1031 1032 1033 1034 1035 1036 1037 1040 1041 1042 1044 1047 1049 1050 1051 1052 1055 1056 1057 1058 1060 1063 1064 1065 1067 1070 1072 1076 1077
261 1078 1082 1083 1084 1085 1086 1087 1088
315 1091 1092 1093 1094 1097 1098 1100 1101 1103 1105 1107 1111 1112 1114 1115 1116 1117 1118 1120 1122 1123 1124 1127 1129 1130 1133 1134 1135 1137 1138
626 1139 1140 1142 1143 1144 1148 1150 1151 1152 1155 1156 1157 1158 1159 1161 1162 1163 1165 1166 1167 1171 1172 1173 1174 1175 1176 1177 1178 1179 1180 1181 1184
432 1186 1187 1188 1189 1190 1191
890 1193 1194 1195 1196 1197 1198 1199
196 1200 1201 1205 1207 1208 1210 1213 1214 1215 1216 1217 1218 1219 1220 1221 1222 1223 1224 1228 1229 1230 1231 1232 1233 1235
534 1236 1237 1238 1239 1243 1244 1245 1247 1249 1250 1251 1253 1255 1256 1257 1258 1259 1260 1261 1262 1263
381 1264 1265 1266 1268 1270 1272 1273 1274 1276 1277 1278 1280 1282 1283 1284 1286 1287 1289 1291 1292 1294 1295 1296 1297 1299 1300 1301 1302 1303 1304
307 1305 1306 1307 1308 1310 1311 1312 1313 1314 1315 1316 1318 1319 1322 1323 1324 1327 1328 1329 1330 1331 1332 1333
362 1335 1336 1337 1338 1339 1340 1342 1344 1345 1346 1348 1350 1353 1354 1355 1356 1360 1361 1362 1364 1365 1366 1367 1369 1372 1373 1375 1376
834 1377 1378 1379 1380 1381 1383
309 1384 1387 1388 1389 1390 1391 1392 1393
647 1394 1395 1396 1397 1398 1399 1401 1403 1405 1407 1409 1410 1411 1412 1414 1415
56 1416 1417 1418 1419 1420 1422 1424 1427 1428 1430 1432 1436 1437
940 1440 1442 1443 1446 1447 1449 1450 1451 1452 1455 1456 1458 1459 1460 1461 1463 1464 1465 1468 1469 1470 1473 1474 1475 1476
940 1477 1479 1481 1482 1483 1484 1485 1488 1489 1492 1493 1494 1495 1496 1497 1498 1500 1501 1502 1503 1505 1507 1508 1509 1511 1514 1516 1517 1519 1520 1522
307 1523 1526 1527 1528 1529 1531 1532 1534 1535 1536 1538 1539 1541 1542 1543 1545 1546 1547 1548 1550 1552 1553 1554 1555 1557 1561 1563 1564 1566 1568 1569
687 1570 1573 1574 1576 1577 1578 1581 1582 1583 1584 1585
919 1588
851 1589 1590 1591 1592 1593 1595 1598 1602 1603 1604 1612 1613 1614 1615 1619 1620 1621 1624 1625 1626 1628 1629 1630 1631 1632 1633 1634 1635 1636 1638
289 1639
332 1640 1641 1642 1643 1645 1646 1647 1650 1651 1652 1654 1655 1657 1658
163 1659 1660 1661 1662 1663 1664 1665 1666 1667 1668 1671 1673 1675 1676 1677 1678 1682 1684 1685 1688 1690 1691 1692 1693 1695
145 1701 1703 1704 1705 1710
972 1711 1713 1715 1718 1720 1722 1723 1726
307 1727 1729 1730 1731 1732 1733 1735 1736 1737 1739 1740 1741 1743 1744 1745 1746 1747 1748 1750 1751 1754 1755 1756
696 1757 1758 1759 1760 1761 1762 1763 1764 1766 1767 1768 1770 1771 1772 1773 1774 1776 1778
356 1780 1783 1786 1790 1791 1792 1793 1794 1796 1797 1798 1800 1801 1802 1803 1804 1806 1807 1810 1813 1816 1817 1820 1823 1824 1826
599 1827 1828 1829 1830 1831 1834 1835 1836 1837 1838 1839
485 1840 1841 1843 1844 1845 1847 1848 1849 1851 1852 1854 1855 1856 1857 1858 1859 1860 1861 1862 1864 1865 1866 1867 1868 1870 1871 1872 1873 1874
754 1877 1878 1879 1880 1881 1882 1883 1884 1886 1887 1888 1889 1892 1893 1894 1895 1896 1897 1898 1899 1900 1901 1902 1903
696 1904 1906 1908 1909 1910 1912 1914 1915 1916 1918 1920 1921 1923 1925 1927 1928 1929 1931
512 1932 1935 1936 1937 1938 1939 1940 1942 1943 1944 1945 1946 1948 1949 1954 1955 1956 1958 1959 1960 1961 1962 1963 1965 1968 1969 1970
154 1971 1972 1973 1975 1976 1977 1980 1981 1982 1984 1985 1987 1988 1989 1990 1991 1992 1993 1995 1996 1997 1998 1999
18
651 2 19 25 44 51 56 57 63 64 77 81 87 97 102 104 122 130 138 140 142 144 146 151 166
587 168
676 172 176 179 198 207 214 230 234 237 238 251 265 272 275 277
299 283 299 302 305 312 343 351 361 391 394 397 400
810 411 414 417 422 432 439 441 466 470 474 490 491 493 506 513 524 534 551 561 568 580 590 594 627 634 654 657 661 662 684
134 686 707 708 723 735
154 737 738 739 740 741 748 755
82 763 779 781
737 792 795 801 802 806 819 820 828 836 847 875 885 888
101 901 912 913 917 958 964 967 976 985 991 992 995 996 1001 1006 1007 1038 1048 1071 1074 1091 1097
45 1102 1106 1108 1112 1114 1117 1132 1142 1161 1170 1172 1199 1201 1203 1218
421 1220 1232 1234 1238 1240
210 1242 1264 1270 1282 1292 1308 1311 1317 1338 1344 1347 1377 1390 1398 1410 1412 1417 1424 1429 1433
705 1442 1469 1471 1474 1476 1482 1487 1492 1510 1528 1529 1544 1557 1576
699 1582 1583 1588 1592 1596 1599 1600 1603 1606 1609 1631 1635 1636 1649 1659
681 1677 1684 1694 1700 1703 1706 1710 1718 1726 1730 1731 1739 1744 1754 1757 1758 1768 1769 1780 1790 1791
519 1795 1814 1818 1855 1856 1866 1870 1873 1881 1882 1897
983 1901 1903 1914 1917 1923 1926 1930 1938 1939 1957 1965 1966 1969 1970 1981

89
38 1 2 3 4 5
692 6 7 8 9 10 12 13 14 15 18 19 20 21 22 23 24 25 26 28 29 30 31 32 33 34 35 36 37 38
244 39 40 41 42 43 44 46 47 48 49 50 51 54 59 62 63 64
704 65 66 67 69 70 72 73 74 76 77 79 80 81 82 83 84 85 86 87 88 90 92 94 96 97 98 99 100 101
148 102 104 105 106 107 109 110 112 113 114 115 116 117
898 119 120 121 122
425 124 125 127 129 130 132 133 134 135 136 138 139 140 141 142 143 144 145 146 147 148 149 151 152 153 154 156
184 158
482 159 160 161 162 163 165 168 169 170 172
20 178 179 180 181 182 183
402 184 186 188 189 193 194 195 196 197 198 199 200 201 202 206 207 210 211 212
302 213 214 215 216 218 219 220 222 223 226 227 230 231 232 234 235 236
231 238 241 242 243 246 247 248 250 251 253 254 255 256
165 257 258 259 260 261 262 263 264 265 266 267 269 272 273 277 278 279 280 284 285 286 287
301 288 289 290 291 292 293 295 296 297 299 300 301 302 305 307 309
506 311 313 314 315 316
743 318 320 321 322
508 324 325 329 330 332 333 334 335 336 337 338 339 340 341 342 344 345 346 347 350 351 352 353 356 357
868 358 359 360 361 362 364 365
477 369 370 371 372 373 374 375 377 378 379 380 381 385 386 387 388 389 390 391 392 393 394 396 398 399 400 401
393 402 403 404 405 406 407 408 409 413 414 415 416 418 419 420 421 422 423 424 425 427 428 429 430 431 432
689 433 434 435 436 439 441 442 444 445 446 447 449 450 453 455 456
909 457 458 459 460 462
457 463 465 466 467
626 469
883 470 472 473 475 476 478 479 480 482 483 484 486 488 489 490 492 493 494 496 497
582 498 499 501 502 503 504 505 506 507 509 511 512 513 514 517 518 520 522 523 524 525 526 527 528 531 535 536 538 540 541
325 542 543 544 545 546 548 549 550 552 554 555 557
53 558 562 563 564 565 567 568 570 571 572 574 576
759 582 583 584 585 587 589 591 592 593 594 596 598 599 600 602 603 605 606 607 609 610 611 612 613 616 617 618 620 622
882 623 624 625 626 628 629 630 631 632 635 636 637 639 640 641 642 644 645 646 647 648 649 651 652 653 657 658 659 660 661 662 663
590 664 665 666 668 669 670 671 672 673 674 675 676 677 679 680 681 682
996 684 685 686 687 688 689 690 691 693 696 697 698 699 700 701 702 703 704 705 706 707 708 709 710 713
666 717 718 720 721 722 723 724 727 728 730 731 735 736 737 738 739
955 740 741 743 744 745 746 748 749 751 753 754 756 757
983 758 759 760 761 762 763
897 764 765 766 767 768 769 770 772 774 775 776 777 779 781 782 783 784 785 786
691 788 789 790 791 792 793 794
51 795 796 797 800 801 802
677 803 804 805 806 808 809 810 812 813 814 815 817 818 819 820 822 823 826 827 828 829 830 832 833 834 835 836 839
3 840 841 842 843 844 848 849 850 852 853 855 856 857
46 858 861 864 866 867 868 870 871 873 874 876 877 879 880 881 882 883 886 887 888 889 890 891 892
711 893 894 895 897 898 900 901 903 906 907 908 909
406 910 911 912 913 916 917 918 919 920 921 922 923 924 925 926 927 928 929 933 935 936 937 938 939 940
141 941 942 944 945 946 947 948 949 950 951 952 953 954 955
634 956 957 958 959 961 962 963 965 966 967 968 969 971 972 973 974 975 976 977 979 980 981 984 985 986 987 988
469 989 991 992 993 994 995 996 997 999 1000 1001 1002 1003 1005 1007 1008 1010 1012 1015 1017 1018 1019 1021 1022 1023 1025 1026 1027 1028
843 1030 1031 1032 1034 1037 1039 1041 1042 1043 1045 1046 1048 1049 1050 1051 1052 1054
235 1055 1056 1057 1058 1060 1062 1063 1064 1065 1066 1067 1069 1070 1072 1073 1074 1075 1076 1077
969 1078 1079 1081 1082
409 1083 1084 1086 1087 1088 1090 1092 1094 1095 1096 1097 1098
835 1099 1100 1101 1102 1107 1108 1109 1114 1118 1119 1120 1121
911 1122 1123 1124 1125 1126 1128 1129 1130 1132 1133 1134 1135 1136 1138 1139 1140 1141 1144 1146
759 1147 1148 1149 1150 1151 1152 1153 1154 1156 1157 1158 1159 1162 1163 1166 1167
302 1168 1169 1171 1172 1173 1174 1175 1176 1178 1179 1180 1181 1183 1184 1185 1187
611 1189 1191 1192 1193 1194 1196 1198 1200 1201 1203 1204 1205 1207 1209 1210 1212 1213 1214 1215
320 1216 1217 1218 1220
499 1221 1222 1223 1224 1225 1226 1227 1230 1231 1232 1233 1236 1237
804 1238 1240 1241 1243 1244 1245 1246 1247 1248 1251 1252 1253 1254 1255 1256 1257 1258 1262 1263 1264 1265 1266 1267 1268 1269 1270 1271 1274 1275 1277 1278
495 1280 1281 1283 1284 1285 1286 1287 1288 1289 1290 1291 1292 1293 1295 1297
567 1298 1299 1300 1302 1303 1304 1306 1307 1308
370 1309 1310 1311 1312 1313 1315 1316 1317 1318 1319 1320 1321 1322 1323 1324 1325 1328 1329 1330 1333 1334 1335 1336 1337 1340 1342 1343 1344 1346 1347
625 1348 1352 1353 1354 1355 1358 1359 1360 1361 1362 1363 1364 1366 1367 1368 1369 1370 1371 1374 1375 1377 1379 1380 1381 1384 1385 1387 1388 1389 1391 1392
68 1394
354 1395 1397 1398 1399 1400 1402 1403 1404 1405 1406 1407 1408 1409
371 1410 1411 1412 1414 1417 1418 1419 1421 1422 1423 1424
103 1425 1426 1427 1428 1429 1430
506 1431 1434 1436 1438 1439 1440 1441 1442 1443 1444 1445 1446 1447 1451 1452 1454 1455 1456 1457 1458 1459 1461 1463 1464 1466 1467 1468 1469 1470 1472 1473
561 1474 1476 1477 1478 1480 1481 1482 1484 1485 1486 1487 1488 1489 1490 1492 1493 1494 1495
901 1498 1500 1502 1504 1505 1507 1509 1510 1511 1512 1513 1515
218 1517 1518 1519 1520 1521 1522 1524 1525 1526 1527 1529 1530 1532 1533 1534 1537 1539 1540 1541 1542 1543 1544 1545 1546 1548 1549
906 1550 1551 1552 1553 1554 1555 1556 1558 1559 1560 1562 1563 1564 1565 1567 1568 1569 1570 1571 1572 1574 1576 1577 1579 1580 1581 1582 1583 1584 1585
552 1586 1587 1590
961 1591 1592 1593 1596 1598 1599
254 1600 1601 1602 1603 1604 1605 1608 1609 1610 1611 1612 1613 1615 1616 1617 1618 1619 1621 1622 1624 1626 1627
24 1628 1629 1630 1631 1632 1633 1635 1636 1637 1638 1639 1640 1641 1643 1644 1645
573 1646 1648 1649 1654 1655 1656 1658 1660 1662 1663 1664 1666 1667 1668 1669 1670 1671 1672 1673 1674 1675 1677 1679 1680 1681 1682 1684 1685 1686 1687 1688 1689
590 1692 1693 1694 1695 1696 1697 1698 1699 1702 1703 1705 1706 1708 1711 1712 1713 1715 1716
920 1717
88 1719 1720 1722 1723 1724 1725 1726 1729 1730 1731 1732 1733 1734 1735 1736 1737 1738 1740 1742
731 1744 1745 1746 1747 1748 1749 1751 1752 1753 1754 1755 1756 1757 1759 1760 1761 1762 1763 1764 1765 1766
194 1767 1769 1774 1775 1776 1777 1778 1779 1780 1781 1782 1784
545 1785 1786 1787 1788 1789 1791 1792 1793 1795 1797 1798 1799 1800 1802 1803 1804 1805 1806 1807 1808 1809 1810 1811 1812 1813 1814 1815 1816 1817 1818
477 1820 1821 1824 1825 1827 1828 1829 1830
946 1831 1832 1833 1834 1836 1837 1838 1839 1840 1841 1842 1844 1846 1847 1849 1850 1851 1852 1853 1854 1855 1856 1857 1858 1859 1862 1863
641 1864 1865 1866 1867 1868 1869 1870 1871 1872 1874 1876 1879 1880
571 1881 1883 1884 1885 1886 1888 1891 1892 1893 1894 1898 1900 1902 1903 1904 1907 1908 1909 1910 1911 1912 1914 1915 1919 1922 1923
980 1925 1926 1929 1930 1931 1932 1933 1934 1936 1937 1938 1939 1940 1941 1943 1944 1945 1946 1947 1948 1949 1950 1951 1952 1953 1954 1955 1956 1957 1958
826 1959 1960 1961 1962 1963 1966 1970 1971 1972 1973 1975 1976 1977 1979 1980 1981 1982 1983 1985 1986 1988 1992 1994 1996 1999
93
39 1 2 3 4 5 6 7 8 9 10 12 13 14 15 16 17 18 20 21 23 25 26 27 29
471 30 31 32 33 34 35 36 37 38 39 41 42 44
3 45
147 46 47 48 49 51 52 53 54 56 57 58 59 60 61 62 63 64 65 66 67 68
393 70 71 73 74 75 78 79 80 81 84 85
392 86 87
871 88
195 89 90 91 92 93 95 96 97 98 99 100 101 103 105 106 107 108 110 112 113 116 117
820 118 121 123 124 125 127 128
628 129 130 131 132 133 134 135 136 137 138 139 140 141 142 146 147 148 149 150 151 152 153 154 156 157 158 159 160 161 162 163
313 164 165 166 167 169 170 171
194 172 173 174 175 176 177 178 179 180 181 182 183 184 185 186 187 188 189
930 190 191 192 193 194 196 197 200 201 202 203 204 206 207 208 209 210 212 213 215 216 218 219 220 221
261 222 224 225 226
404 227 228 229 230 232 233 234 235 237 238 239 240 241 243 244 245 248 249 250 251 252
796 253 254 255 256 257 258 259 260 261 262 266 267 268 269 270 271 272 273 274 275 276 277 278 279 280 281 282 283 285 288
149 289 290 292 294 295 296 298 300 301 302 305 306 307 308 309 310 311 312 313 314 317 319 320 321 322
856 324 325 326 329
337 330 331 332 335 336 337 338 339 340 341 342 344 345 346 347 349 353 354 355 356 357 358 359 360 363 364 365 366 367
3 368 369 370 372 373 374 375 376 378 380
462 381 382 383 384
787 385 386 387 388 389 390 391 392 393 394 398 399 400 401 404
6 405 406 407 408 409 410 411 412 413 417 418 420 421 423 424 425 426 427 428 430 431 432 433 434 435 436 438 439 441 443 444
10 445 447 448 450 451 452 453 455 456 457 458 459 461 462 463
127 464 466 467 468 469 470 471 472 473 475 476 477 478
499 480 481 482 483 484 485
140 487 488 489 492 493 494 495 496 497 498
427 500 501 502 503 504 505 506 508 509 511 512 513 515 516 517 518 521 522 523 524 525 526 527 528 529
243 530 531 532 534 536 537 538 541 542 544 545 546 547 549 550 551 552 553 554 555 557 558 559 560 561 562 564 565 566 567 568
160 569 570 571 574 575 576 577
621 578 579 580 581 583 584 585 586 588 589 591 592 593 594 595 596 597 599
280 600 601 602 603 604 605 606 607 608 609 611 612 613 614 615 616 617 618 619 620 622 623 624
836 625 626 629 630 632 633 635 636 637 639 640 641 643 644 645 646 647 650 651
314 652 653 654 655 656 657 658 659 660 662 663 664 665 666 668 670 671 673
739 674 676 677 678 679 680 682 683 684 685 686
413 691 692 693 695 697 698 699 700 701 703 704 705 706 707 708 709 710 711 712 713 714 715 716 717 718 719 721 722 723 724
17 725 726 727 728 730 731 734 735 736 737 738 739 740 741 742 744 745 746 747
418 749 750 751 752 753 754 755 756 758 759 760 761
161 762 763 764 765 766 767 770 772 773 774 775 776 778 779 780 781 783 784 785
880 786 787 788 790 791 792 793 794 795 796 799 801 802 803 805 806 808 809 811 812 813 814 815 816 817 818
480 823 825 826 827 830 831 832 833 835 836
880 837 838 839 840 842 843 844 845 846 847 848 849 850 851 852 855 856 857 858 859 860 861 862 863 864
7 866 867 868 870 871 872 873 874 875 876 877
714 878 881
150 882 883 885 886 887 889 890 891 892 893 894 896 897 898 899 900 901 902 904 905 906 907 909 911 912 913 914 915
302 916 917 919 920 921 922 923 924 925 926 927 929 930 931 932 933 934 936 937 938 939 940 941 942 943 944 945 946 947 949 951
889 952 953 955 959 960 961 962 963 964 965 966 967 968 969 970 971 972 973 974 977 978 979 980 982 983 984 985 986 987 988 989
956 990 991 992 993 995 996 997 999 1001 1002 1003 1004 1007 1009 1010 1011 1012 1013 1015 1016
180 1017 1018 1019
713 1020 1021 1023 1024 1026 1027 1028 1029 1030 1032 1033 1034 1035 1036 1038 1039 1040 1041 1043 1045 1046 1047 1050 1051 1052 1053 1055 1056
182 1057 1058 1059 1060 1063 1064 1065 1066 1067 1070 1071 1073 1074 1076 1077 1078 1079 1080 1081 1082 1083 1084 1086 1087 1089 1090 1091 1092 1093
68 1094 1095 1096 1097 1098 1099
894 1100 1102 1103 1104 1105 1106 1109 1111 1113 1116
958 1117 1118 1119 1120 1121 1122 1123 1124 1125 1126 1127 1128 1129 1130 1131 1132 1134 1136 1137 1138 1140 1141 1142 1143 1144 1145 1146
707 1147 1148 1149 1150 1152 1153 1155 1157 1159 1160 1162 1163 1164 1165 1166 1167 1168 1169 1171 1172 1176
1 1178 1179 1181 1182 1183 1184 1185 1187 1189 1190 1191 1194 1195 1196 1197 1198 1199 1201 1202 1203 1204 1205
689 1206 1207 1210 1213 1215 1216 1217 1218 1219 1220 1221 1222 1223 1226 1228 1229 1230 1231 1232 1233 1234 1235 1236 1237 1238 1239 1240 1241 1242 1243 1244 1245
735 1246 1247 1248 1250 1251 1252 1253 1254 1255 1256 1257 1258 1259 1260 1262 1264 1265 1266 1267 1268 1269 1270 1271 1272 1273 1274 1275 1276 1278 1279
878 1280 1282 1283 1284 1285 1287 1288 1289 1290 1291 1292 1293 1294 1296 1297
404 1298 1299 1300 1301 1302 1304 1305 1306 1307 1309 1310 1311 1313 1314 1315 1316 1318 1319 1320 1322 1323 1324 1326 1327 1328 1329 1330 1331 1332 1333 1334
666 1336 1337 1340 1341
654 1342 1343 1344 1346 1347 1349 1350 1351 1352 1353 1354 1355 1356 1360 1361 1362 1363 1364 1365 1368 1369 1370 1373 1374 1375 1376 1377 1379 1380 1381 1382 1383
482 1385 1386 1387 1388 1392 1393 1394 1395 1396 1397 1398 1399 1400 1401 1402 1403 1404 1405 1406 1407 1408
682 1409 1410 1411 1412 1413 1414 1415 1416 1417 1418 1419 1421 1424 1426 1427 1428 1429 1432 1434 1435 1436 1437 1438
785 1439 1440 1441 1442 1443 1444 1445 1446 1447 1448 1449 1450 1452 1453 1454 1455 1456
60 1457 1459 1460 1461 1463 1464 1465 1466 1467 1468 1470 1471 1472 1473 1474 1475 1476 1477 1478 1479 1480 1481 1482 1483 1484 1485 1486 1487 1488 1489 1490
918 1491 1492 1493 1494 1495 1496 1497 1498 1499 1500 1503 1504 1505 1507 1508 1509 1510 1511 1512 1513
359 1515 1517 1518 1519
568 1520 1521 1522 1523 1524 1526 1527 1528 1529 1530
806 1531 1533 1534 1536 1537 1538
546 1539 1540 1541 1543 1544 1545 1547 1548 1549 1550 1551 1552 1553 1556 1557 1558 1559 1560 1561 1562 1563 1564 1565 1566 1567 1568 1569 1572 1573
480 1575 1576 1577 1578 1579 1580 1581 1582 1583 1585 1586 1587 1588 1589 1590 1591 1592 1593 1594 1595
912 1596 1597 1598 1599 1600 1601 1602 1603 1604 1607 1608 1609 1611 1612 1613 1614 1615 1616 1617 1618 1619 1620 1621 1622 1623 1624 1625 1626 1627 1628
239 1629 1631 1632 1636 1637 1638 1639
739 1640 1641 1643 1644 1646 1647 1648 1650 1652 1654 1655 1656 1657 1659 1660 1661 1662 1664 1665 1666 1668
355 1669 1670 1673 1676 1677 1678 1681 1682 1683 1684 1686 1687 1688 1690 1691 1692 1693 1694 1695 1696 1697 1699 1700 1701 1702
423 1703 1704 1705 1707 1708 1709
25 1710 1712 1713 1714 1715 1716 1717 1718 1719 1720 1721 1722 1723 1724 1725 1727 1728 1729 1730 1732
34 1733 1734 1735 1736 1737 1738 1739 1740 1741 1743 1744 1745
32 1746 1747 1748 1750 1752 1753 1754 1755
103 1756 1757 1758 1759 1760 1762 1765 1766 1767 1768 1771 1772 1773 1775 1777
643 1778 1779 1780 1781 1783 1784 1785 1786
157 1788 1791 1793 1796 1797 1798 1799 1800 1801 1803 1804 1805 1806
708 1808 1809 1810 1811 1812 1814 1815 1816 1819 1820 1821 1822 1823 1824 1825 1826 1829 1830 1831 1832 1833 1834 1835 1836
425 1837 1838 1839
590 1840
276 1842 1843 1844 1845 1846 1847 1849 1850 1851 1852 1853 1854 1855 1856
841 1857 1859
668 1860 1861 1862 1863 1864 1865 1866 1867 1869 1870 1871 1872 1873 1874 1876 1877 1878 1879 1880 1882 1884 1886 1887 1888 1889 1891 1892 1893 1894 1895
440 1897 1898 1899 1900 1901 1902 1904 1905 1906 1908 1909 1910 1911 1912 1913 1914 1915 1916 1917 1918 1919 1920 1921 1922 1923 1924 1927 1928
996 1930 1931 1932 1933 1934 1935 1936 1937 1938 1939 1940 1941 1944 1946 1947 1948 1949 1950 1951 1952 1953 1955 1956 1957 1959 1960 1961 1962 1964 1965 1966 1967
740 1968 1969
355 1971 1972 1973 1974 1975 1976 1977 1978 1979 1980 1981 1982 1983 1984 1986 1987 1988 1989 1991 1993 1994 1995 1996 1997 1998 1999 2000

51
378 1 2 3 4 5 7 8 9 13 14 16 21 22 24 31 34 36 37 38 39 43 44 45 49 51 56 58 60 61 63 64 67
197 68 71 73 75 81 82 85 89 92 96 99 100 107 109 113 117 118 120 122 125 132 136 138
692 145 147 150 151 155 157 158
254 160 162 165 167 169 170 174 177 178 180 181 186 193 194 198 201 203 207 209 210 211 213 214 215 221 222 223
395 225 227 229 233 235 237 245 246 247
882 251 252 253 257 258 263 268 270 272
116 275 276 278 282 284 285 287 288 290 292 294 298 299 303
345 304 309 313 316 317
735 318 319 321 327 330 331 341 344 345 346 348 349
700 353 354 355 358 362 365 366 371 374 375 376 382 391 393 397 400 401 402 404 406 407 412 413 415 416 417 419 420 427 432
276 434 438 440 444 447 448 450 454 455 456 458 464 467 469
380 471 473 477 479
504 484 485 486 487 488 490 491 492
228 493 496 497 498 500 501 502 505 506 508 509 511 512 518 520 521 522 524 527 529 530 531
905 536 538 539 540 542 544 545 548 552 553
101 555 556 558 562 564 567 570 572 577 590 591 593 594 595 596 599 601 602 604 607 610 612 618 625 632 633 638 640 644 645 646 649
515 650 654 660 663 664 666 669 671 673
258 675 678 679 682 686 687 692 698 707 708 710 711 715 717 722 726 728 736 737 741 746 748 749 751 754 755 760
408 761 764 766 767 771 774 777 778 782
369 784 788 789 790 792 793 794 796 799
558 803 805 809 811 812 817 818 820 821 822 823 824 826 830 831 832 833 834 836 838 841 843 844 845 846 856
450 858 867 868 869 871 872 875 882 883 884 891 894 895 897 899 900 905 908 909 911 913 914 915 916 918 919
352 921 922 923 924 925 927 928 929 930 931 934 935 936 942 947 950 953 955 956
158 959 960 961 962 969 974 975 976 981 984 987 988 990 991 996 997 1000 1001 1003 1005 1006 1007
648 1008 1009 1018 1023 1024 1025 1026 1028 1031
340 1032 1035 1040 1045 1046 1047 1050 1054
722 1055 1057 1058 1060 1063 1066 1069 1070 1071 1077 1085 1086 1087 1088 1089 1091 1093 1095 1096 1098 1100 1102 1104 1105 1107 1109 1111 1114 1115 1116 1117 1121
706 1123
766 1126 1127 1128 1129
898 1131 1139 1140 1143 1145 1148 1149 1154 1159 1165 1166 1169 1171 1173 1175 1178 1179 1182 1183 1185 1187 1190 1191 1194 1201
971 1202 1206 1207
903 1214 1217 1218
118 1219 1220 1224 1225 1228 1230 1233 1237 1238 1239 1240 1242 1243 1244 1245
665 1247 1249 1250 1251 1253 1254 1255 1257 1259 1260
333 1261 1264 1266 1269 1270 1272 1273 1274 1277 1278 1279 1281 1284 1285 1287 1288 1291 1294 1295 1299 1300 1303 1304 1305 1309 1312 1313 1319 1320
250 1321 1322 1323 1326 1327 1328 1330 1332 1333 1341 1342 1347 1349 1351 1353 1354 1355 1357 1360 1362 1364 1366 1367 1370
853 1371 1372 1376 1380 1381 1384 1385 1387 1389 1391 1392 1393 1394 1396 1398 1403 1405 1407
470 1408 1409 1412 1413 1415 1419 1421 1422 1425 1428 1430
892 1431 1434 1436 1438 1443 1446 1449 1458 1464 1471 1472 1478 1479 1481 1482 1484 1489 1492 1493 1495 1497 1498 1501 1502 1503 1504 1506 1507
712 1511 1512 1516 1518 1524 1530 1534 1541 1542 1545 1551 1554 1555 1556 1560 1562 1566 1568 1569 1570 1573 1577 1578 1579 1580 1583 1584 1585 1586
987 1590 1591 1593 1594 1595 1596 1597 1599
749 1601 1603 1606 1608 1609 1618 1619 1620 1621
274 1623 1630 1634 1639 1640 1642 1643 1644 1645 1647 1649 1650 1651 1662 1663 1668 1670 1671 1673 1680 1681 1684 1685 1686 1689 1690 1693 1694 1695 1696 1699 1702
888 1704 1707 1709 1710 1711 1714 1716 1721 1726 1737 1741 1743 1748 1752 1756
395 1757 1759 1760 1766 1767 1770 1772 1778 1783 1784 1786 1789 1791 1793 1797 1798 1799 1800 1807 1810 1811 1815 1816 1820 1821 1824 1826 1827 1831 1833 1834
481 1837 1845 1850 1852 1854 1855 1856 1859 1864
859 1868 1870 1874 1882 1884 1886 1888 1890 1893 1894 1896 1898 1900 1903
778 1904 1906 1907 1908 1911 1912 1913
884 1915 1916 1917
907 1919 1920 1921 1922 1923 1925 1927 1930 1931 1932 1933 1939 1940 1946 1949 1954 1955 1956 1958 1960 1961 1963
613 1964 1971 1972 1974 1976 1980 1982 1984 1985 1989 1993 1996 1997 1998 2000
72
983 6 8 9 13 14 17 18 19 21 24 26 27 29 32 35 36 38 39 41 42 43 44 46 48 49 50 52 53 54
552 55 57 60 61 62 63 64 65 66 67 69 70 73 76 83 86
673 87
114 88 89 92 97 98 99 101 102 103 106 107 108 112 113 117 123 130 133
734 134 135 136 137 139 143 144 145 146 148 149 152 155 156 159 160 161 162 164 165 166 167 168 169
746 170 171 173 175 176 177 178 180
124 181 183 184 185 186 187 189 190 191 192 193 196 198 202 203 204 207
344 209 211 213 214 218 220 223 225 227 229 232 233 234 235 236 237 238 239 240 242 243 244 245 246
113 248 249 250 251 253 255 257 259 260 261 262
219 263 267 268 270 271 272 273 274 276
206 277 280 281 282 283 286 287 288 291 292 294 295 298 299 300 301 302 303 304 306 307 309 312 316 318 320 321
739 322 324 327 330 332 333 334 335 340 341 343 345 347 348
503 350 351 352 353 355 356 357 359 360 361 363 364 366 368 371 372 373 375 377 378 379 380 382 383
334 384 385 386 387
698 388 394 396 397 399 400 401 402 404 405
585 406 407 408 411 412 413 414 416 419 421 422 423 424 426 427
735 428 430 434 435 436 437 438 440 443 444 445 447 448 449 450 451 452 454 456 457 458
880 459 461 464 465 467 468 469 471 472 475 476 477 480 481 484 486 490 492 493 494
567 495 496 497 498 500 501 503 504 505 507
872 509 510 511 512 513 514 517 518 519 521 522 523 525 526 527 528 529
514 531 533 534 535 537 539 541 542 543 544 545 547 549 552 553 555 556 560 561 562 563 564 567 571 574 576 578
325 579 580 581 582 583 584 586 590 591 592 594 595 597 598 600 601 602 606
363 607 609 611 613 614 616 617 620 621 622 625 628 629 630 631 632
522 634 636 637 639 640 642 643 644 645
321 647 650 651 653 654 655 657 658 660 661 662 663 664 668 669 670
240 671 672 674 675 676 677 678 679 680 681 682 683 684 685 692 694 699 701 702 704 705 706 707 708
749 711 712 714 716 717 718 719 720 721 727 728 729 730 731 733 734 737 738 739 740 741 742 743
979 744 748 749 750 752 754 759 761 762 763 764 766 767 768 769 770 773 776 777 778 779 781
603 782 783 784 793 794 795 799 800 802 804 805 806 807 808 810 811 812 814 816 817 818 821 824 825 828 829
999 830 833 835 836 837 838 840 841 842 843 846 847
462 848 849 850 851
944 853 854 856 857 858 859 860 862 863 864 866 867 869 870 871 872 873 875 876 879 880 882
170 883 884 885 887 889 890 894 895 896 901 905 906 908 909 912 913 914 915 916 918 921 923 926 928 929 930 932
707 933 934 936 937 938
328 939 940 942 943 944 947 948
111 951 952 953 955 957 959 962 965 966 968 970 971 972 975 976 977 978 979 980
58 982 983 988 989 990 991 993 994 996 999 1000 1002
690 1005 1006 1007 1008 1011 1013 1015 1017 1018 1019 1022 1023 1025 1027 1031 1032 1033 1034 1035 1036 1037 1038 1042
232 1045 1046 1047 1049 1050 1052 1053 1054 1056 1058
28 1059 1061 1063 1064 1065 1067 1068 1074 1079 1080 1082 1083 1084 1085 1086 1087 1090 1092 1094 1095 1096 1097 1098
568 1101 1102 1103 1104 1107 1111 1114 1115 1117 1119 1122 1123 1124 1125 1126 1128 1129 1130 1132 1133 1135 1136 1137 1142 1143 1144 1145 1146 1147 1148 1149 1150
175 1151 1153 1154 1155
135 1157 1160 1163 1165
403 1167 1168 1169 1171 1174 1175 1177 1178 1181 1182 1184 1186 1188 1192 1193 1194 1195 1196 1197 1198 1200 1201 1202
636 1204 1205 1206 1208 1209 1212 1213
404 1214 1215 1216 1217 1218 1221 1222 1224 1225 1226 1227 1229 1231
982 1233 1234 1238 1239 1242
728 1246 1250 1252 1255 1256 1257 1258 1259 1261 1262 1264 1265 1266 1268 1269 1271 1273 1274 1275 1276 1281 1282 1283 1285 1286 1287 1292
894 1295
523 1296 1297 1298 1304 1307 1308 1311 1312 1313 1314 1318 1319 1322 1324
372 1325 1327 1328 1329 1330 1332 1333 1334 1336 1338 1339
731 1343 1344 1346 1347 1348 1349 1351 1353 1356 1357 1358 1359 1360 1363 1364 1365 1366 1368 1369 1370 1371 1373 1375 1376 1378 1379 1380
906 1381 1382 1384 1385 1386 1387 1388 1390 1391 1392 1396 1397 1398 1400 1401 1402 1404 1407 1408 1409 1410 1414 1415 1419 1420 1424 1425 1426 1427 1429 1430
918 1431 1433 1435 1436 1440 1441 1442 1444 1449 1450 1451 1452 1453 1454 1456 1457 1459 1461 1462 1463 1464 1468 1470 1472 1473 1474
907 1475 1476 1477 1480
868 1481 1484 1486 1488 1489 1490 1491 1492 1493 1494 1495 1496 1497 1498 1499
474 1501 1503 1504 1506 1508 1509 1510 1512 1513 1515 1517 1520 1521 1522 1526 1527 1528
332 1529 1530 1531 1533 1534 1535 1536 1537 1538 1539 1540 1542 1545 1547 1548 1552 1553 1555 1556 1557 1558 1560 1561 1563 1564 1565
390 1567 1568 1570 1576
63 1577 1578 1580 1583 1587 1591 1593 1594 1596 1600 1601
824 1602 1603 1604 1605 1607
183 1608 1609 1611 1612 1613 1615 1616 1617
615 1619 1620 1621 1623 1624 1627 1629 1633 1634 1635 1639 1644 1646 1647 1648 1649 1651 1655 1658 1660 1665 1666 1668 1671 1672 1673 1675 1677 1679 1683 1684 1685
874 1686 1687 1688 1689 1693 1694 1695 1698 1699 1700 1703 1707 1708 1709 1711 1714 1717 1718 1719 1720 1722 1723 1729 1730 1732 1733 1735 1736 1739 1740 1741 1742
622 1743 1746 1748 1749 1750 1752 1754 1755 1758 1761 1762 1764
398 1766 1767 1768 1769 1770 1772 1773
191 1774 1776 1777 1779 1781 1784 1787 1788 1791 1793 1794 1795 1797 1799 1800 1803 1805 1806
169 1807 1809 1812 1813 1817 1818 1819 1821 1823 1824 1825 1826 1827 1828 1829 1830 1831 1832 1833 1834 1835 1837 1838
766 1839 1841 1842 1843 1846 1848 1849 1850 1851 1852 1853 1854 1855 1856 1859 1863 1864 1866 1867 1868 1869 1870 1871 1877 1878 1879 1880 1881 1883
572 1887 1888 1892 1894 1895 1900 1901 1902 1903 1906 1907 1908 1910 1913 1914 1915 1916 1917 1923 1925 1926 1927 1928 1929 1931 1932 1933
232 1934 1935 1936 1937 1938 1941 1942 1943 1945 1947 1949 1950 1953
675 1954 1955 1957 1958 1959 1960 1961 1962 1966 1967 1968 1973 1975 1977 1978 1979 1980 1981 1982 1985 1986 1987 1990 1992 1993 1995 1997 1998

84
74 2 4 5 7 8 13 14 15 16 19 22 23 24 26 29 31 33 35 36 37 39 41 45 46
45 48 49 50 51 52 53 54 55 56 57 58 59 61 62 64 66 69 74 76 77 79 83 86
101 87 88 89 92 93 96 97 104 105 107 108 109 111 114 115 116 117 118 119 122 123 124 125 127 128 130 133 134 135 136 140 141
495 143 145 146 147
192 148 149 153 154 155 159 161 163 164 166 167 168 169 171 172 173 174 175 176 179
528 181 185 188 189 190 191 193
423 195 198 200 201 203 204 205 207 208 211 212 213 214 215 216 217 218 220 221 223 225 226 227 228 229 230 231
26 232 233 234
221 235 239 241 242 244 245 247 251
278 252 254 255 257 258
860 259 260 261 262 264 265 266 267
358 268 269 270 271 274 275 276 277 278 279 280 281 283 284 287 291 293 295 296
563 299 300 301 302 304 311 312
501 313 314 315 316 321 324 325 326 328 330 331
373 333 335 336 338 340 342 344 345 346
255 347 348 350 351
511 352 353 355
286 356 357 359 360 361 362 363 364 365 366 367 368 369 373 374 375 376 378 379 380 382 383 385 387 388 390 391 395 398
277 399
727 401 402 404 405
914 409 412 413 415 416 417 419 421 422 425 427 428 430 431 432 433 434
425 437 440 441 442 443 444 446 448 449 451 453 454 455 457 459 460 461 462 463 464 465 466 467 468 470 472 473 475
694 476 478 481 482 483 484
412 490 491 493 495
916 496 497 499 500 501 502 505 506
656 507 508 510 511
935 513 514 515 518 519 520 521 522
643 525 527 529 535 537 539 543
564 547 548 549 550 555 556 557 558 559 560 561 562 564 567 568 570 571 572 573 574 575 576 578 582 583 585 587 588
214 589 590 591 592 593 594 595
876 596 597 599 600 601 602 603 604 605
307 608 609 610 611 615 616 617 621 622 624 626 628 629 630 635 638 640 641 643
30 644 646 647 648 649 651 652 653 654 655 656 659 660 662 666 667 668 669 671 674 675 676 677 681 682 683 684 685 690
834 691 694 695 696 697 699 702 703
199 704 705 706 707 708 709 710 712 714 715 717 719 720 721 723 724 725 726 727 728 729 731
473 732 733 735 738 740 741 742 743 747 748 751 752 753 754 755 758
121 759 760 762 768 769 770 771 772 773 774 776 778 783 784 785
883 787 788 789 790 791 792 793 794 795 799 800 801 802 807 810 813
187 814 815 818 819 820 821 822 823 824 826 827 828 830 833 834 836 838 840 842
787 844 845 846 848 849 851 852 853 854 856 857 859 862 863 864 865 867 868 870 871 872 877
757 879 881 882 884 885 888 890 891 892 899 900 901 905 907 911 912 913 914 916 917 918
476 919 920 922 924 926 929 930 932 935 936 937 938 939 941 943 945 946 948 949 952 955 956 957 958 959 960
512 961 962 964 965 966 968 970 971
811 974 975 976 977 978 980 981 983 984 985 986 988 991 993 995 996 998 999 1001 1003 1004 1005 1006 1011 1012 1013 1014
815 1015 1016 1021 1022
656 1023 1025 1030 1031 1032 1034 1035 1036 1038 1041 1042 1043 1044 1045 1046 1047
501 1049 1051 1052 1053 1055 1057 1058 1059 1061 1063 1064 1066 1067 1068 1069 1070 1073 1074 1075 1076 1077 1078 1079 1083 1086 1087 1088 1089 1090 1091
190 1094 1095 1096 1097 1098 1101
383 1102 1104 1105 1107 1108 1109 1111 1112 1115 1116 1117 1119
342 1121 1122 1123 1124 1127 1130 1131 1133 1134 1138 1140 1143 1144 1145 1146 1147 1150 1151 1155 1156 1159 1160 1162 1163 1164 1165 1166 1167 1169 1174
351 1175 1176 1177 1179 1181 1182 1183 1184 1187
360 1188 1192 1193 1195 1196 1197 1201 1202 1203 1204 1205 1206 1209 1210 1212 1213 1215 1216 1217 1218 1219 1220 1222 1223 1224 1225 1227 1228
247 1229 1231 1232 1233 1234 1235 1236 1237 1238 1239 1240 1244 1246 1247 1248 1250 1251 1254 1258 1259 1260 1261 1262 1263 1265 1267
732 1268 1271 1275 1276 1277 1278 1279 1280 1281 1282 1284 1287 1288 1289
505 1291 1293 1294 1295 1297 1298 1301 1305 1307 1310 1313 1314 1316 1317 1319 1322 1323 1324 1326 1327 1328 1330 1331 1333 1334 1335 1337 1338 1339 1342 1343
359 1345
160 1348 1350 1351 1352 1353 1354 1355 1356 1361 1362 1363 1364 1365 1366 1367 1369 1370 1371
115 1372 1373 1377 1378 1379 1382 1383
875 1384 1387 1389 1391 1392 1394 1395
103 1396 1397 1398 1399 1403 1404 1405 1406 1408 1409 1410 1411 1412
796 1413 1414 1415 1416 1417 1418 1420 1422 1425 1426 1427 1428 1432
488 1433 1436 1437 1439 1440 1443 1444 1446 1447 1448 1450 1453 1454 1455 1457
672 1458 1459 1460 1461 1462 1465 1466 1468 1469 1471 1472 1473 1475 1477 1478 1481 1482 1483 1484 1485 1486 1490 1491 1493 1494 1496 1497 1498 1501 1502 1503 1505
164 1506 1507 1508 1511 1512 1518 1519 1520 1521
145 1526 1527 1529 1531 1532 1533 1534 1536 1538 1541 1542 1543 1544 1545 1546 1548 1550 1551 1552 1553 1554 1555 1558
33 1559 1561 1563 1564 1565 1566 1568 1569 1570 1571 1574 1575 1576 1577 1578 1580 1581 1582 1583 1584 1585
304 1586 1587 1589 1590 1592 1594 1595 1596 1603 1606 1607 1608 1610 1612 1613 1615 1616 1619 1621 1622 1623 1624 1626 1627
799 1628 1630 1631 1633 1636
25 1637 1638 1640 1641 1642
840 1643 1644 1645 1647 1648 1649 1651 1653 1654 1657
187 1661 1664 1666 1667 1668 1669 1672 1673 1674 1678 1679 1680 1681 1682 1683 1685 1687 1689 1690 1692 1693 1694 1695 1696 1701 1703
657 1705 1706 1707 1708 1709 1712 1713 1714 1715 1716 1717 1718 1721 1722 1723 1724 1725 1728 1729 1730 1734 1735 1736 1737 1738
226 1740 1741 1743
313 1744
388 1745 1746 1749 1751 1753 1754 1755 1756 1757 1758 1761 1767 1768 1769 1774 1775 1776 1778 1780
835 1781 1783 1784 1788 1789 1791 1792
563 1793 1794 1795 1796 1798 1800 1801 1802 1803 1804 1805 1807 1808 1809 1810 1812
623 1813 1815 1817 1818 1820 1822 1824 1825 1826 1829 1830 1832 1834 1835 1837 1838
45 1839 1840 1841 1843 1845 1846 1847 1848 1849 1851 1853 1858
828 1859 1860 1861 1862 1863 1864 1865 1866 1868 1870 1871 1872 1874 1876 1877 1878 1879 1881 1883 1884 1885 1886 1888 1889 1890 1892 1893
717 1894 1895 1896 1898 1899 1900 1901 1902 1903 1904 1906 1907 1910 1911
768 1912 1916 1917 1919 1920 1922 1926 1928 1930 1932 1934 1935 1936 1939 1940 1941 1942 1943 1945 1946 1947
92 1949 1950 1951 1952 1954 1955 1958 1959 1962 1963 1965 1969 1974 1975 1977 1978 1980 1981 1983 1984 1985 1986
13 1988 1989 1990 1991 1995 1999 2000
88
101 1 2
502 3 5 6 7 8 9 10 11 13 14 16 17 18 19 20 21 22 24 25 26
224 27 29 30 31 32 33 35
981 36 37 38 39 40 41 45 46 47 48 49 50 51 53 54 55 57 58 61
758 62 63 65 66 67 70 71 72 75 77 80 81 83 84 86 88 89 90 91 92 93 94 95 99 100 101
176 102 103 104 105 106 107 108 109 110 116 117 119 120
159 121 122 125 126 128 129 130 131 134 135 136 137 138 139 140 141 142 143 144 145 146 147 149 150 151 152 153 154 155 156 157 158
651 159 160 162 163 165 167
602 168 169 174 175 177 178 179 180 181 182 183 184 185 186 187 188 191 192 193 194 195 196 197 198 199 200 202
418 203 204 205 208 209 213 214 215 216 217 218 220 221 227 228 229 231 232 234 235 238 239 240 241 242 243 244 245 249 250 251
158 253 254 255 257 258 259 260 263 264 265 267 269 270 272
264 275 276 278 279 280 281 282 285 286 287 288 289 290 291 292 293 294
187 297 298 299 300 301 302 303 304 307 309 310 311 313 314 315 316 317 319 320
449 321 322 323 324 325 326
186 327 328 329 330 331 332 334 335 336 337 339 340 341 342 345 346 347 348 349 350 352
777 353 354 355 356 357 358 359 361 364 365 366 368 369 370 371 372 373 374 375 377 379 380 381
636 382 383 384 385 386 388 389 391 392 393 394 395 396 398 399
716 400 401 403 405 406 407 408 409 410 411 412 414 415 416
445 417 418 419 420 421 422 423 424 425 426 427 428 430 431 432
178 433 434 435 436 437 438 439 440 441 442 443 445 446 447 448 449 450 451
156 453 454 456 457 458 459 460 461 462 463 464 465 466 467
873 468
624 469 471 472 473 474 476 477 478 479 480 481 482 485 486 487 489 490 491 492 494 497 498 499 500
55 501 502 503 504 505 506 507 508 509 510 511 513 514 516 520 521 522 523 525 527 528 529 530 531 532 533 534 535 536
647 539 540 541 542 543 545 546 547 548 549 551 552 553 554 555 556 557
848 558 559 561
324 562 566 567 568 569 570 571 572 573 575 576 577 578 580 581 583 584 585 587 590 591 592 593
450 594 595 597 600 601 603 604 607 608 610 611 612 613 614 615 617 618 619 622 624 625 626 627 628 629 630 631 632 634 635
543 636 637 638 639 640 642 645 646 648 649 651 653 654 655 656 657 658 660 661 662 663 664 665
587 666 667 668 669 672 673 675 676 677 678 680 682
14 683 684 685 686
633 687 688 690 691 692 693 694 695 696 697 701 702 703 704 705 706 707 708 709 710 711 712 713 717 718
526 720 721 724 725 726 728 729 730 731 732 733 734 735 737 738 739 740 741 742 743 745 746 747 748 750 751 752 753 754 756 757 758
407 759 760 761 762 763 764 765 766 767 768
191 769 770 771 772 773 774 775 776 779 780 781
207 782 783 785 786 787 788 789 792 794 795 797 799 800 801 803 804 805 806 807 808 809 811 814 815 816
467 817 818 819 820 822 823 824 826 827 828 829 830 831 832 833 834 836 838 839 841 843 845
966 847 848 851 852 853 854 855 856 859 861
430 862 863 864 865 867 869 870 871 872 873 874 876 877 879 880 882 884 885 886 887 888 889 890 891 892 893 894 896 901 902 904
914 905 906 907 908 909 910 911 913 914 915 916 917 918 919 920 921
420 922 923 924 925 926 927 928 929
803 930 931 932 933 934 938 939 941 944 946 947 948
405 949
596 950 951 952 953 954 956 957 958 959 961 962 963 965 966 967 968 972 973 974 975 978 979 980 981 983 984 985
24 986 987 988 989 990 991 992 994 995 996 999 1000 1001 1002 1003 1004 1006
99 1008 1009 1010 1011 1013 1014 1015 1017 1019 1021 1022 1025 1026 1029 1032 1033 1034 1035 1036 1037 1041
657 1042 1043 1044 1045 1046 1048 1049 1050 1052 1053 1054 1055 1056 1057 1059 1060 1061
169 1063 1065 1066 1068 1070 1071 1072 1074 1075 1077 1079 1083 1085 1086 1087 1088 1089 1090 1091 1092 1093 1094 1095 1097 1098 1099 1100 1101 1103 1104 1105 1106
243 1107 1109 1112
659 1113 1114 1115 1116 1117 1118 1119 1121 1123 1124 1125 1126 1127 1129 1130 1132 1133 1134 1135 1136 1137 1138 1139 1140 1143 1144 1145 1147 1148 1149 1150 1152
579 1153 1155 1157 1158 1159 1161 1163 1164 1165 1166 1167 1169 1173 1175 1176 1177 1178
749 1179 1181 1182 1183 1184 1187 1188 1189 1190 1192 1193 1194 1195 1196 1198 1199
535 1200 1201 1203 1207 1208 1209 1210 1211 1213 1214 1215 1216 1217 1219 1220 1221 1222 1223 1225 1226 1227 1228 1230 1232 1233 1235 1236 1237 1238 1239 1240 1241
469 1242 1243 1244 1246 1248 1249 1250 1251
480 1252 1255 1256 1257 1259 1260 1261 1262 1263 1264 1266 1267 1268
103 1269 1270 1272 1273 1274 1275 1276 1277 1278 1279 1280 1281 1283 1284 1285 1286
122 1287 1288 1289 1290 1291 1292 1293 1294 1295 1297
505 1299 1300 1301
42 1302 1305 1306 1308 1309 1310 1311 1312 1313 1314 1315 1316 1317
756 1318
757 1319 1320 1321 1322 1323 1324 1325 1326 1327 1328 1329 1330 1331 1332 1334
710 1335 1339 1341 1342 1343 1344 1345 1348 1349 1351 1352 1353 1354 1355 1357 1358
359 1359 1360 1361 1362 1363 1364 1365 1366 1367 1368 1369 1370 1371 1372 1373 1374 1377 1378 1382 1383 1384 1385 1387 1388 1389
216 1390 1391 1392 1394 1395 1396 1397 1398 1399 1400 1401 1402 1403 1404
243 1406 1407 1408 1410 1414 1415 1416 1418 1419 1420 1421 1423 1424 1425 1426 1427 1428 1429 1430 1431 1432 1433 1434 1435 1437
407 1438 1440 1442
521 1443 1444 1446 1448 1449 1450
921 1451 1452 1453 1455 1457 1458 1459 1460 1465 1466 1468 1469 1470 1471
691 1472 1473 1474 1475 1476 1477 1478 1479 1481 1483 1484 1485 1486
241 1487 1488 1489 1490
208 1491 1492 1493 1494 1496 1497 1498 1499 1500 1502 1503 1504 1506 1507 1508 1509 1511 1512 1513 1514 1515 1516 1517 1519 1521 1525 1527 1528 1529 1530
469 1532 1533 1535 1536 1537 1538 1539 1542 1543 1545 1546 1547 1548 1549 1550 1552 1554 1555 1556 1557
119 1558 1560 1561 1562 1563 1564 1565 1566 1567 1568 1569 1570 1571 1572 1573 1574
587 1575 1576 1578 1579 1580 1581 1582 1584 1587 1588 1589 1590 1592 1593 1594 1596 1597 1598 1599 1600 1601 1602 1604 1605 1606 1607 1609 1610 1611 1612
73 1613 1614 1615 1617 1619 1620 1621 1624 1625 1626 1627 1629 1630 1631
632 1632 1633 1634 1635 1638 1639 1640 1641 1642 1643 1644 1645 1646 1648 1649 1650 1651 1652 1653 1654 1655 1656 1658 1659 1661 1662 1663 1665 1666 1668 1669 1670
606 1671 1672 1673 1674 1676 1677 1680 1681 1684 1685 1686 1687 1688 1689 1690 1691 1692 1693
487 1694 1695 1696 1697 1698 1700 1701 1702 1703 1704 1705 1706 1707 1709 1710 1711 1712 1713 1715 1716 1717 1718 1720 1721 1722 1723 1724 1725 1726 1727 1728
23 1729 1730 1731 1732 1733 1734 1735 1736 1737 1738 1740 1741 1742 1743 1744 1747 1749 1750 1751 1752 1753 1754 1755 1756 1758 1761 1762 1766 1767 1768 1769
362 1771 1772 1773 1774 1775 1776 1777 1778 1779 1780 1781 1782 1783 1784 1787 1789 1790 1791 1792 1795
815 1796 1797 1798 1799 1800 1801 1804 1805 1806 1807 1808 1810 1811 1813 1814 1815 1816 1817 1818 1819 1820 1821 1822 1823 1824 1825 1827 1828 1829 1830
623 1831 1833 1834 1836 1837 1838 1840 1841 1842 1843 1844 1845 1846 1847 1848
987 1849 1850 1851 1852
994 1853 1854 1856 1858 1860 1861 1862 1863 1864 1865 1866 1867 1868 1869 1870 1871 1873 1874 1875 1876 1877 1878 1880 1881 1882 1883 1885 1886 1887
52 1888 1890 1892 1893 1894 1895 1897 1899 1900 1902 1904 1905 1906 1907 1909 1910 1911 1913 1915 1916 1917 1918
507 1919 1920 1923 1924 1925 1926 1927 1928 1931 1932 1933 1934 1935 1936 1937 1940
764 1941 1942 1944 1945 1946 1947 1948 1949 1950 1951 1952 1954 1956
72 1957 1959 1960 1961 1962 1963 1967 1969 1971 1972 1974 1975 1976 1978 1979 1980 1982 1983 1984 1985 1986 1987 1989 1990 1992 1993 1994 1995 1996 1997 1999 2000

61
530 2 3 4 5 8 12 14 15 16 18 20 27 33 35 36 37 40 41 43 44
142 45 46 49 50 51 52 53 55 56 58 59 60 64 67
634 69 70 71 73 75 79 80 83 85 86 87 88 90 91 92 95 96 97 100 102 103 104 105 106 107
738 108 111 113 115 117 118 121 122 123 126 127 128 129 132 133 134 136
972 142 143
699 146 148 149 150 151 157 158 161 163 164 165 166 167 169
808 171 174 175 178 180 183 184 185 186 187 190 192 193
388 194 195 198 199 201 202 203 207 209 210 215 216 218 220 221 222 223 224 230 232 234 236 240 244 247 248 249 252
670 253 254 257 262 263 264 265 271 273 274 275 279 281 282 285 286 287 289 292
866 295 296 297 299 304 305 307 309 310 316 317 318 319 320 325 328 330 332 333
553 336 337 338 339 341 343 344 345 346 347 356 360 363 367 368 370 371
378 373 378 387 388 389 392 395 398 402 403 405 412 413 414 418 419 420 423 424 425 430 435 436 439 440 441
554 442 444 446 449 450 455 456 458 460 462 465 466 468 469 470 473 478 480 482 487 490 491
52 492 496 498 501 503 504 506 507 509 512 513 514 515 518 519 520 521 523 524 526 527 528 532 533 535
482 536 537 540 541 542 544 545
846 549 551 553 554 555 556 557 561 563 564 565 566 568 569 570 572 575 579 580 581 582 583 584
228 585 586 588 591 592 594 595 596 597 604 605 607 609 612 615
220 616 617 618 619 623 624 626 627
643 628 629 631 634 635 638 640 641 642 644 646 647 648 649 651 658 659 661 662 663
656 664 666 667 669 673 675 676 680 681 682 685 687 688 692 693 695 696 697 700
421 701 704 705
658 709 713 718 719 720 721 722 724 727 728 729 731 732 734 735 737 738 739 741 743 744 748 752 754 756 758 759 764 768 773 778
575 785 786 787 788 791 792 794 795 796 798 801 803 804 805 807 808 809 812 815 816 818 819 825 826 828 829 838 839 840 842 843 846
788 848 849 850 852 853 854 857 858 859
750 860 864 866 868 872
766 873 874 875 876 877 878 880 881 882 883 884 887 888 892 894 896 897 898
751 899 900 901 902 904 908 909 910 912 915 917 921 922 925 927 929 930 931 934 938 940 946 949 952
976 953 955 960 961 963 964 966 968 971 975 978 981 982 983 984 986 988 990 993 994 995 997 998 999 1003 1006 1007 1008
619 1011 1012 1013 1015 1019 1020 1023 1027 1033 1034 1035 1039 1040 1041 1044 1045 1049 1051
985 1052 1055 1056 1058 1062 1063 1066 1067 1071 1072 1074 1076 1079 1080 1082 1083 1084 1086 1087 1088 1090 1091 1098 1100 1101 1102 1103 1114 1115 1117 1118
197 1119 1122 1123 1125 1129 1131 1132 1135 1137
771 1138 1140 1147 1149 1150
579 1151 1154 1156 1157 1158 1159 1160 1161 1162 1165 1168 1171 1173
337 1174 1175
963 1178 1180 1182 1183 1185 1187 1188 1190 1191 1194 1200 1202 1203 1204 1207 1208 1210 1211 1212 1214 1216
329 1217 1220 1222 1227 1228 1230 1231 1233 1237 1239 1240 1241 1243 1244
781 1245 1246 1248 1250 1253 1254 1258 1262 1263 1267 1268 1271 1272 1273 1275
647 1278 1279
550 1284 1286 1290 1294 1296 1297 1298 1300 1304
454 1307
114 1308 1312 1313 1315 1316 1317 1320 1323 1325 1328 1329 1330 1331 1332 1333 1336 1337 1339 1343 1346
321 1348 1349 1350 1353 1354 1355 1357 1360 1365 1366 1367 1368 1369 1371 1374 1375 1377 1379 1380 1382 1383 1386 1387 1391 1393
354 1396 1397 1398 1399 1400 1403 1405 1408 1409 1411 1413 1414 1415 1417 1418 1419 1425 1428 1429 1430 1431 1433 1439 1440 1441 1445
962 1447 1450 1456 1457 1458 1460 1461 1463 1465
367 1468 1469 1470 1471 1472 1474 1475 1476 1477 1478 1480 1482 1485 1486 1488 1489 1490 1491
967 1495
496 1496 1497 1498 1499 1502 1504 1505 1507 1508 1509 1510 1511 1513 1517 1520 1523 1525 1526 1528 1531 1536 1539 1540 1542 1548 1549 1550 1551 1557 1558 1559
71 1560 1563 1568 1569 1571 1572 1573 1577 1580 1582 1583 1586 1587 1590 1591 1592 1598 1599 1600 1601 1602 1604 1606 1607 1613 1614 1615 1616 1619 1620 1621 1624
79 1626 1629 1631 1632 1633 1634 1637 1638
496 1641 1642 1644 1645 1649 1652 1654 1656 1657 1658 1659 1663 1664 1667 1668 1669 1670 1672 1678
767 1680 1681 1683 1685 1687 1688 1691 1692 1695 1696 1698 1700 1701 1703 1704 1706 1707 1710
478 1711 1713 1716 1717 1718 1721 1722 1724 1725 1728
543 1729 1731 1732 1733 1738 1739 1740 1742 1745 1746 1748 1750 1751 1752 1755 1757 1760
30 1763 1765 1767 1770 1773 1778 1780 1781 1790 1791 1792 1796 1797 1798 1800 1802 1805 1806
158 1808 1811 1812 1813 1815 1818 1823 1826 1827 1828 1830 1833 1836 1840 1848 1849 1851 1856
675 1858 1861 1863 1864 1866 1869 1870 1871 1872 1873 1876 1877 1881 1883 1889 1890 1893 1895 1896 1897 1899
132 1902 1903 1904
547 1906 1907 1911 1912 1913 1914 1916 1917 1920 1922
616 1924 1925 1926 1927 1928 1930 1931 1932 1933 1934 1936 1937 1942 1946 1947 1948 1949
861 1950 1951 1953 1954 1955 1956 1957 1958 1961 1962 1963 1964 1965 1969 1970 1971 1973 1977 1978 1979
468 1982 1985 1989 1991 1994 1996 1998 2000
59
920 4 8 9 10 11 13 14 15 16 18 19 23 26 28 29 35 37 38 39 40 48 50 51 52 57
834 58 60 61 69 71 76 79 83 85 86 91 93 98 101 108 109 111 113 114 115 119 122 123 127
792 132 136 142 143 146 148 151 152 154 157 160 161 164 167 168 169 170 171 172 173
253 174 175 176 179 180 182 186 189 192 193 195 196 198 199 200 201 206 208 211 212 213 216 219 220 221 224
803 225 226 227 229 230 238 241 242 244 252 257 259 260
350 261
424 276 278 279 282 283 285 287 290 292
142 295 298 300 301 302 304 307 309 312 313 321 324 326 334
154 336 338 339 341 345 351 354 355 359
368 360 361 362 366 368 369 372 374 375
491 377
523 381 384
999 385 388 390
475 393 394 395 396 397 400 404 406 409
705 410 414 416 418 426 429 430 431 434 437 438 439 443 448 451 453 455 461 462
837 463 471 472
493 476 480 481 488 491 496 497
599 500 501 505 508 513 514 518 520 521 528 529 530 531 532 533 534 537 540
910 541 544 545 552 555 556 559 561 562 565
487 566 567 573 575 582 585 596 598 599 603 604 609 610 617 618 619 620 621 623 628 629 631 637 640 641
173 643 644 648 649
577 650 653 654 655 656 660 661 662 668 671 673 675 677 680 681 682 683 684 686
52 687 689 690 692 694 695 698 699 702 703
578 704 706 707 708 709 713 717 718 727 728 729 742 743 745 748 749 758 759 760 761 762
351 763 764 770 773 774
755 775 776 780 784 785 789 791 795 798 799 801 809 810 812 814 815 816 817 818 820 822 825 828 830 838 841 844 846 847 849
111 850 855 857 859 860 862 863 870 871 873 876 877 878 879 881 883 884 885 887 890 895 896 897
3 899 902 906 910 911 913 915 917 919 921 922 924 926 927
231 928 931 933 935 939 940 941 942 948 949 950 951 959 961
393 962 966 967 970 975 976 977 978 980 986 987
150 988 994 995 996 998 1002 1004 1005 1006 1007 1009 1011 1013 1017 1019 1020 1022 1023 1024 1025 1030
247 1032 1033 1035 1037 1038 1040 1046
788 1048 1050
654 1051 1053 1054 1058 1061 1063 1064 1065 1066
30 1068 1075 1076 1077 1078 1081 1086 1087 1089 1090 1095 1096 1105 1108 1111 1112 1115 1117 1118 1121 1122 1125 1128 1130 1132 1135 1139 1140 1141 1143 1145 1147
142 1148 1154 1156 1157 1160 1161 1164 1166 1170 1172 1173 1174 1176 1177
449 1180 1182 1184 1186 1187 1191 1193 1195 1197
932 1202 1203 1204 1207 1209 1212 1215 1221
947 1224 1226 1230 1231 1234 1238 1240 1241 1242 1248 1250 1251 1255 1258 1267 1270 1271 1272 1273 1274 1277 1278 1280 1281 1288 1291 1299
946 1302 1303 1304 1306 1307 1313 1317 1320 1327 1328 1329 1330 1331 1334 1337 1342 1343 1346
835 1347 1348 1349 1352 1354 1357 1358 1360 1361 1363 1364 1367 1372 1377 1379 1382 1386
355 1393 1395 1400 1403 1404 1405 1416 1417 1418 1420 1425 1426 1428 1429 1432 1435 1438 1439 1440 1442 1443 1444 1445 1447 1449 1451 1453
882 1455 1456 1459 1460 1461 1463 1465 1469 1470 1471 1472 1473 1474 1475 1477 1480 1485 1488 1493
171 1494 1502 1503 1504 1506 1507 1508 1511 1512 1513 1514 1516 1520 1522 1523 1525 1526 1527 1532
758 1534 1535 1536
428 1537 1543 1545 1547 1549
954 1558 1559 1563 1564 1565 1569 1574 1580 1581 1582 1583 1584 1591 1592 1593 1595 1597 1599 1605 1606 1608
13 1609 1611 1612 1617 1618 1620 1621 1624 1625 1626
559 1632 1633 1635 1639 1640 1642 1645 1647 1649 1650 1652 1655 1659 1660 1661 1662 1665 1666 1669 1674 1675 1680
410 1681 1682 1685 1690 1693 1694 1696 1697 1703 1713 1715 1716 1718 1720 1721 1723 1724 1726 1731 1732 1734 1737 1739 1743 1744 1748 1750 1751 1753 1754
806 1757 1763
530 1765 1767 1768 1769 1772 1773 1775 1778 1779 1781 1782 1786 1787 1789 1792 1794 1796 1797 1799 1800 1801 1803 1805 1806 1808
250 1809 1812 1813 1814 1816 1827 1828 1832 1834 1838 1839 1840 1841 1843 1848 1851
543 1853 1856 1858 1863 1864 1868 1870 1871 1877 1882 1885
634 1890 1892 1895 1898 1904 1905 1907 1909 1913 1916 1917 1924 1926
493 1928 1929 1930 1931 1932 1935 1936 1941 1945 1946 1949 1951 1952 1953 1955 1957 1958 1959 1960 1964
194 1966 1970 1978 1979 1982 1983 1984 1987 1989
650 1991 1994 1995 1997
861 1998

