100.00000
100.00000
100.00000
100.00000
100.00000
100.00000
100.00000
100.00000
100.00000
100.00000
100.00000
100.00000
100.00000
100.00000
100.00000
100.00000
100.00000
100.00000
100.00000
100.00000
100.00000
100.00000
100.00000
100.00000
100.00000
100.00000
100.00000
100.00000
100.00000
100.00000
100.00000
100.00000
100.00000
100.00000
100.00000
100.00000
100.00000
100.00000
100.00000
100.00000
100.00000
100.00000
100.00000
100.00000
100.00000
100.00000
100.00000
100.00000
100.00000
100.00000
100.00000
100.00000
100.00000
100.00000
100.00000
100.00000
100.00000
100.00000
100.00000
100.00000
100.00000
100.00000
100.00000
100.00000
100.00000
100.00000
100.00000
100.00000
100.00000
100.00000
100.00000
100.00000
100.00000
100.00000
100.00000
100.00000
100.00000
100.00000
100.00000
100.00000
100.00000
100.00000
100.00000
100.00000
100.00000
100.00000
100.00000
100.00000
100.00000
100.00000
100.00000
100.00000
100.00000
100.00000
100.00000
100.00000
100.00000
100.00000
100.00000
100.00000
100.00000
100.00000
100.00000
100.00000
100.00000
100.00000
100.00000
100.00000
100.00000
100.00000
100.00000
100.00000
100.00000
100.00000
100.00000
100.00000
100.00000
100.00000
100.00000
100.00000
100.00000
100.00000
100.00000
100.00000
100.00000
100.00000
100.00000
100.00000
100.00000
100.00000
100.00000
100.00000
100.00000
100.00000
100.00000
100.00000
100.00000
100.00000
100.00000
100.00000
100.00000
100.00000
100.00000
100.00000
100.00000
100.00000
100.00000
100.00000
100.00000
100.00000
100.00000
100.00000
100.00000
100.00000
100.00000
100.00000
100.00000
100.00000
100.00000
100.00000
100.00000
100.00000
100.00000
100.00000
100.00000
100.00000
100.00000
100.00000
100.00000
100.00000
100.00000
100.00000
100.00000
100.00000
100.00000
100.00000
100.00000
100.00000
100.00000
100.00000
100.00000
100.00000
100.00000
100.00000
100.00000
100.00000
100.00000
100.00000
100.00000
100.00000
100.00000
100.00000
100.00000
100.00000
100.00000
100.00000
100.00000
100.00000
100.00000
100.00000
100.00000
77.77778
62.96296
50.61728
40.74074
32.78464
26.38317
21.23152
17.08581
13.74960
11.06482
8.90428
7.16561
5.76644
4.64047
3.73436
3.00518
2.41839
1.94617
1.56615
1.26034
1.01425
0.81620
0.65683
0.52857
0.42536
0.34231
0.27547
0.22168
0.17839
0.14356
0.11553
0.09297
0.07482
0.06021
0.04845
0.03899
0.03138
0.02525
0.02032
0.01635
0.01316
0.01059
0.00852
0.00686
0.00552
0.00444
0.00357
0.00288
0.00231
0.00186
0.00150
0.00121
0.00097
0.00078
0.00063
0.00051
0.00041
0.00033
0.00026
0.00021
0.00017
0.00014
0.00011
0.00009
0.00007
0.00006
0.00005
0.00004
0.00003
0.00002
0.00002
0.00002
0.00001
0.00001
0.00001
0.00001
0.00001
0.00000
0.00000
0.00000
0.00000
0.00000
0.00000
0.00000
0.00000
0.00000
0.00000
0.00000
0.00000
0.00000
0.00000
0.00000
0.00000
0.00000
0.00000
0.00000
0.00000
0.00000
0.00000
100.00000
62.50000
40.62500
26.56250
17.38281
11.37695
7.44629
4.87366
3.18985
2.08778
1.36647
0.89437
0.58537
0.38313
0.25076
0.16413
0.10742
0.07031
0.04602
0.03012
0.01971
0.01290
0.00844
0.00553
0.00362
0.00237
0.00155
0.00101
0.00066
0.00043
0.00028
0.00019
0.00012
0.00008
0.00005
0.00003
0.00002
0.00001
0.00001
0.00001
0.00000
0.00000
0.00000
0.00000
0.00000
0.00000
0.00000
0.00000
0.00000
0.00000
0.00000
0.00000
0.00000
0.00000
0.00000
0.00000
0.00000
0.00000
0.00000
0.00000
0.00000
0.00000
0.00000
0.00000
0.00000
0.00000
0.00000
0.00000
0.00000
0.00000
0.00000
0.00000
0.00000
0.00000
0.00000
0.00000
0.00000
0.00000
0.00000
0.00000
0.00000
0.00000
0.00000
0.00000
0.00000
0.00000
0.00000
0.00000
0.00000
0.00000
0.00000
0.00000
0.00000
0.00000
0.00000
0.00000
0.00000
0.00000
0.00000
0.00000
100.00000
52.00000
28.00000
15.20000
8.28800
4.52480
2.47168
1.35040
0.73784
0.40316
0.22029
0.12037
0.06577
0.03594
0.01964
0.01073
0.00586
0.00320
0.00175
0.00096
0.00052
0.00029
0.00016
0.00009
0.00005
0.00003
0.00001
0.00001
0.00000
0.00000
0.00000
0.00000
0.00000
0.00000
0.00000
0.00000
0.00000
0.00000
0.00000
0.00000
0.00000
0.00000
0.00000
0.00000
0.00000
0.00000
0.00000
0.00000
0.00000
0.00000
0.00000
0.00000
0.00000
0.00000
0.00000
0.00000
0.00000
0.00000
0.00000
0.00000
0.00000
0.00000
0.00000
0.00000
0.00000
0.00000
0.00000
0.00000
0.00000
0.00000
0.00000
0.00000
0.00000
0.00000
0.00000
0.00000
0.00000
0.00000
0.00000
0.00000
0.00000
0.00000
0.00000
0.00000
0.00000
0.00000
0.00000
0.00000
0.00000
0.00000
0.00000
0.00000
0.00000
0.00000
0.00000
0.00000
0.00000
0.00000
0.00000
0.00000
100.00000
44.44444
20.37037
9.41358
4.37243
2.03618
0.94950
0.44308
0.20683
0.09657
0.04509
0.02106
0.00983
0.00459
0.00214
0.00100
0.00047
0.00022
0.00010
0.00005
0.00002
0.00001
0.00000
0.00000
0.00000
0.00000
0.00000
0.00000
0.00000
0.00000
0.00000
0.00000
0.00000
0.00000
0.00000
0.00000
0.00000
0.00000
0.00000
0.00000
0.00000
0.00000
0.00000
0.00000
0.00000
0.00000
0.00000
0.00000
0.00000
0.00000
0.00000
0.00000
0.00000
0.00000
0.00000
0.00000
0.00000
0.00000
0.00000
0.00000
0.00000
0.00000
0.00000
0.00000
0.00000
0.00000
0.00000
0.00000
0.00000
0.00000
0.00000
0.00000
0.00000
0.00000
0.00000
0.00000
0.00000
0.00000
0.00000
0.00000
0.00000
0.00000
0.00000
0.00000
0.00000
0.00000
0.00000
0.00000
0.00000
0.00000
0.00000
0.00000
0.00000
0.00000
0.00000
0.00000
0.00000
0.00000
0.00000
0.00000
100.00000
38.77551
15.45190
6.20575
2.50491
1.01403
0.41127
0.16700
0.06786
0.02759
0.01122
0.00456
0.00186
0.00075
0.00031
0.00012
0.00005
0.00002
0.00001
0.00000
0.00000
0.00000
0.00000
0.00000
0.00000
0.00000
0.00000
0.00000
0.00000
0.00000
0.00000
0.00000
0.00000
0.00000
0.00000
0.00000
0.00000
0.00000
0.00000
0.00000
0.00000
0.00000
0.00000
0.00000
0.00000
0.00000
0.00000
0.00000
0.00000
0.00000
0.00000
0.00000
0.00000
0.00000
0.00000
0.00000
0.00000
0.00000
0.00000
0.00000
0.00000
0.00000
0.00000
0.00000
0.00000
0.00000
0.00000
0.00000
0.00000
0.00000
0.00000
0.00000
0.00000
0.00000
0.00000
0.00000
0.00000
0.00000
0.00000
0.00000
0.00000
0.00000
0.00000
0.00000
0.00000
0.00000
0.00000
0.00000
0.00000
0.00000
0.00000
0.00000
0.00000
0.00000
0.00000
0.00000
0.00000
0.00000
0.00000
0.00000
100.00000
34.37500
12.10938
4.29688
1.53198
0.54779
0.19627
0.07042
0.02529
0.00909
0.00327
0.00118
0.00042
0.00015
0.00005
0.00002
0.00001
0.00000
0.00000
0.00000
0.00000
0.00000
0.00000
0.00000
0.00000
0.00000
0.00000
0.00000
0.00000
0.00000
0.00000
0.00000
0.00000
0.00000
0.00000
0.00000
0.00000
0.00000
0.00000
0.00000
0.00000
0.00000
0.00000
0.00000
0.00000
0.00000
0.00000
0.00000
0.00000
0.00000
0.00000
0.00000
0.00000
0.00000
0.00000
0.00000
0.00000
0.00000
0.00000
0.00000
0.00000
0.00000
0.00000
0.00000
0.00000
0.00000
0.00000
0.00000
0.00000
0.00000
0.00000
0.00000
0.00000
0.00000
0.00000
0.00000
0.00000
0.00000
0.00000
0.00000
0.00000
0.00000
0.00000
0.00000
0.00000
0.00000
0.00000
0.00000
0.00000
0.00000
0.00000
0.00000
0.00000
0.00000
0.00000
0.00000
0.00000
0.00000
0.00000
0.00000
100.00000
30.86420
9.73937
3.09404
0.98732
0.31593
0.10130
0.03253
0.01045
0.00336
0.00108
0.00035
0.00011
0.00004
0.00001
0.00000
0.00000
0.00000
0.00000
0.00000
0.00000
0.00000
0.00000
0.00000
0.00000
0.00000
0.00000
0.00000
0.00000
0.00000
0.00000
0.00000
0.00000
0.00000
0.00000
0.00000
0.00000
0.00000
0.00000
0.00000
0.00000
0.00000
0.00000
0.00000
0.00000
0.00000
0.00000
0.00000
0.00000
0.00000
0.00000
0.00000
0.00000
0.00000
0.00000
0.00000
0.00000
0.00000
0.00000
0.00000
0.00000
0.00000
0.00000
0.00000
0.00000
0.00000
0.00000
0.00000
0.00000
0.00000
0.00000
0.00000
0.00000
0.00000
0.00000
0.00000
0.00000
0.00000
0.00000
0.00000
0.00000
0.00000
0.00000
0.00000
0.00000
0.00000
0.00000
0.00000
0.00000
0.00000
0.00000
0.00000
0.00000
0.00000
0.00000
0.00000
0.00000
0.00000
0.00000
0.00000
100.00000
28.00000
8.00000
2.30000
0.66400
0.19220
0.05574
0.01619
0.00471
0.00137
0.00040
0.00012
0.00003
0.00001
0.00000
0.00000
0.00000
0.00000
0.00000
0.00000
0.00000
0.00000
0.00000
0.00000
0.00000
0.00000
0.00000
0.00000
0.00000
0.00000
0.00000
0.00000
0.00000
0.00000
0.00000
0.00000
0.00000
0.00000
0.00000
0.00000
0.00000
0.00000
0.00000
0.00000
0.00000
0.00000
0.00000
0.00000
0.00000
0.00000
0.00000
0.00000
0.00000
0.00000
0.00000
0.00000
0.00000
0.00000
0.00000
0.00000
0.00000
0.00000
0.00000
0.00000
0.00000
0.00000
0.00000
0.00000
0.00000
0.00000
0.00000
0.00000
0.00000
0.00000
0.00000
0.00000
0.00000
0.00000
0.00000
0.00000
0.00000
0.00000
0.00000
0.00000
0.00000
0.00000
0.00000
0.00000
0.00000
0.00000
0.00000
0.00000
0.00000
0.00000
0.00000
0.00000
0.00000
0.00000
0.00000
0.00000
