    29
    34483

    23
    434783

    2
    2
    2
    641
    55331
    8414359573

    5
    19
    80131944755068669

    2
    11
    31
    809
    36151
    389944069

    7
    7
    73
    127
    337
    92737
    649657

    31
    32258064516136247

    2
    2
    2
    2
    11
    1349003

    2
    3
    3
    11
    230431
    51467887193

    3
    3
    11
    17
    73
    101
    137
    5882353

    2
    3
    3
    3
    6494693
    9244999

    2
    2
    2
    2
    17
    19
    31
    33364343783

    2
    7
    308945975626199

    3
    7
    269
    55339
    10383500593

    2
    3
    29
    223
    2633
    2676851813

    130337
    180631339717

    2
    5
    127
    1917893
    147514943

