100
986140989
539608197
680602356
661431232
334783451
825480925
960419904
362854290
628320957
999759636
958604867
127465029
712895147
836629904
131600712
702430347
526980126
946718521
32326211
779037471
115389447
675715124
796033774
713541527
884269655
510229359
927850769
623260413
450044705
749850995
624947689
785987913
33929632
938149242
462364130
442499361
313623957
60111935
469451585
301816303
452637674
616566716
608704976
342549767
422847448
865450957
689815410
819687307
638047659
150370488
940971188
187652707
802308571
405252969
549621893
1760119
221854440
117111922
88011241
285153918
227519042
698315580
689574554
248790352
620911018
686875397
102187100
724417325
367558181
46511277
949566780
2298767
925340836
215074727
158489433
214617484
495815373
725231415
57683992
13417350
459995353
313172670
635598881
892685727
673221509
622380762
9051319
35234126
807494722
937161624
4204933
333591800
862907874
696913453
651368937
326753646
13855530
628908575
677766547
176514211
