8

5 4
1 2 1
10
2 3 1
20
3 4 1
30
4 5 1
40

5 4
1 5 1
10
4 5 1
20
3 4 1
20
2 3 1
20

5 4
1 2 1
10
4 5 1
20
3 4 1
20
2 3 1
20


5 4
1 2 1
10
2 3 1
20
3 4 1
20
4 5 1
20

5 4
1 2 1
90
2 3 1
80
3 4 1
70
4 5 1
60

0 0

1 0

2 0

6
2 1
2 2 1
3

5 5
1 2 1
10
1 3 1
5
3 4 1
6
2 4 1
7
2 5 1
8

4 3
1 2 1
60
2 3 1
40
4 3 1
30

3 2
1 2 1
42
2 3 1
42

5 5
1 3 2
60 70
1 4 3
20 22 24
4 5 1
10
3 5 2
12 80
3 2 2
55 78

8 0


2
2 1
2 2 1
3
5 5
1 2 1
10
1 3 1
5
3 4 1
6
2 4 1
7
2 5 1
8

4
4 3
1 2 1
60
2 3 1
40
4 3 1
30
3 2
1 2 1
42
2 3 1
42
5 5
1 3 2
60 70
1 4 3
20 22 24
4 5 1
10
3 5 2
12 80
3 2 2
55 78
8 0
