18 29 10
5 54 87 21 66 100 42 28 87 39 32 94 53 97 65 75 19 11
2 12
3 15
4 2
4 6
4 13
4 14
4 16
5 16
6 8
6 11
9 11
10 3
10 4
10 5
10 9
10 17
10 18
12 7
12 11
13 5
13 8
13 12
13 15
14 8
16 7
17 4
17 15
18 1
18 9
P 14
P 3
P 18
T 8 17
P 17
P 16
P 6
P 11
P 7
P 2
15 23 13
17 63 87 14 33 25 63 18 1 39 96 6 64 38 71
3 8
3 13
4 1
4 2
4 13
4 15
6 1
6 5
6 7
6 11
6 12
7 2
7 14
11 4
11 7
11 9
11 13
12 10
12 15
13 8
14 3
15 8
15 13
P 2
T 6 5
P 8
T 1 7
T 3 13
T 8 10
T 14 8
T 5 14
P 9
T 15 2
T 6 9
T 7 8
T 4 12
10 12 20
28 48 81 27 20 92 10 51 90 53
1 8
2 5
2 10
3 1
3 5
4 2
4 3
4 10
5 7
9 3
10 6
10 9
P 7
T 4 10
T 9 3
P 6
P 4
T 1 8
P 4
P 3
P 10
P 10
T 5 3
T 10 6
T 6 4
T 9 3
P 8
T 9 6
P 5
P 3
P 2
P 5
30 57 11
28 84 4 23 54 59 21 49 51 8 98 87 4 5 64 67 78 72 9 55 44 26 28 23 77 27 12 46 7 71
1 25
1 30
2 8
2 16
5 8
6 3
6 5
6 8
6 9
6 21
7 23
7 30
10 4
10 18
10 21
12 11
12 13
13 18
14 2
14 6
14 7
14 15
14 17
14 19
14 20
14 22
15 22
17 5
17 12
17 25
20 2
20 13
20 24
20 27
21 8
21 12
22 4
22 5
22 11
22 25
23 10
23 28
24 3
24 13
26 1
26 13
26 14
26 16
26 20
26 29
27 2
27 13
28 5
29 18
29 23
30 3
30 24
T 16 30
T 21 15
P 27
P 26
P 28
T 15 23
T 30 14
P 2
P 21
P 6
T 24 29
13 61 19
48 43 27 6 25 87 9 6 63 16 50 83 78
1 2
1 7
1 13
3 1
3 2
3 6
3 7
3 10
3 11
3 12
3 13
4 2
4 3
4 5
4 6
4 7
4 8
4 9
4 10
4 12
4 13
5 1
5 3
5 6
5 8
5 9
5 10
5 12
5 13
6 2
6 7
6 13
7 2
8 2
8 3
8 7
8 10
8 11
8 12
9 2
9 6
9 7
9 11
9 12
9 13
10 1
10 2
10 6
10 7
10 9
10 11
10 12
11 1
11 2
11 13
12 1
12 2
12 6
12 7
12 11
13 2
P 5
P 8
T 13 3
T 6 5
P 3
T 13 6
P 2
P 7
P 4
P 9
T 1 6
P 4
T 13 4
T 4 9
T 10 2
P 6
P 4
T 9 7
P 1
7 20 8
9 58 86 57 85 34 21
1 2
1 3
4 1
4 2
4 3
4 7
5 1
5 2
5 3
5 4
5 7
6 1
6 2
6 3
6 4
6 5
6 7
7 1
7 2
7 3
P 2
P 4
T 7 1
T 7 6
T 1 7
P 2
P 1
P 1
28 54 2
27 87 78 50 36 92 38 42 78 47 81 44 51 76 94 23 11 91 79 91 24 32 47 28 11 88 61 82
1 11
1 12
3 20
5 14
5 16
5 18
5 21
5 23
5 25
7 10
7 12
8 11
8 19
9 13
10 3
10 9
10 22
10 24
10 26
13 3
14 1
14 20
15 12
15 19
17 8
17 15
18 4
18 16
18 17
18 23
18 24
18 27
19 2
19 6
20 11
20 12
21 1
21 12
22 2
22 12
22 26
23 14
23 20
24 17
25 6
25 20
26 3
26 16
26 23
28 4
28 5
28 7
28 16
28 18
T 3 27
T 14 20
6 6 29
2 27 99 23 23 49
1 2
3 4
3 5
5 2
6 1
6 3
T 6 2
T 5 1
T 2 3
P 2
P 1
P 5
T 1 3
P 3
T 3 5
P 1
T 5 1
T 5 1
P 6
T 3 2
T 4 2
T 3 4
T 2 5
T 6 1
P 2
P 4
P 5
T 3 4
T 5 2
T 1 6
T 2 5
T 2 3
P 5
T 1 4
T 1 3
16 78 29
46 26 8 7 61 36 43 48 35 96 40 8 57 78 24 5
1 2
1 4
1 5
1 6
1 7
1 8
1 9
1 10
1 11
1 12
1 13
1 14
1 15
1 16
2 3
2 4
2 5
2 6
2 7
2 10
2 13
2 15
2 16
3 4
3 6
3 12
4 6
4 12
4 15
5 4
5 10
5 14
5 15
6 12
6 14
7 4
7 10
7 13
7 14
7 15
8 5
8 6
8 7
8 9
8 10
8 13
8 14
9 3
9 4
9 6
9 10
9 13
9 14
9 15
10 3
10 4
10 12
11 3
11 4
11 8
11 9
11 10
11 13
11 15
12 14
13 14
13 15
15 14
16 3
16 4
16 6
16 7
16 8
16 9
16 10
16 12
16 14
16 15
T 11 1
T 4 7
T 10 14
P 4
P 4
P 10
T 5 4
T 7 16
P 12
P 11
P 13
P 1
P 6
P 2
P 14
T 7 4
P 13
P 9
T 14 3
P 15
P 3
P 1
T 13 9
P 3
P 6
T 8 9
P 12
T 9 10
T 15 13
12 29 7
44 96 58 68 17 94 24 70 18 32 28 12
3 5
3 10
3 11
3 12
4 1
4 2
4 3
4 7
4 8
4 9
4 10
4 11
4 12
5 1
5 11
7 12
8 2
8 6
9 6
9 8
9 10
10 1
10 2
10 12
11 1
11 6
11 7
11 8
11 12
T 7 11
P 9
T 7 5
T 3 5
P 2
P 1
P 4
15 47 25
62 18 46 73 56 63 37 83 6 48 40 60 10 9 28
1 4
2 4
2 5
2 6
2 8
2 9
3 2
3 4
3 5
3 7
3 8
3 10
3 11
3 13
3 14
3 15
4 6
5 1
5 7
5 15
6 15
7 15
8 15
9 4
9 6
9 15
10 1
10 7
10 8
10 12
10 15
11 1
11 6
11 10
11 13
11 14
13 1
13 7
13 8
13 9
13 10
13 15
14 1
14 4
14 6
14 10
14 15
T 6 15
P 11
P 11
P 9
T 3 6
T 8 10
T 11 4
T 6 3
T 12 6
P 6
P 14
T 13 15
P 6
P 8
T 3 15
P 5
T 2 12
P 4
P 5
P 3
T 5 11
T 9 8
P 14
T 11 10
T 15 7
10 40 16
46 2 40 35 99 63 69 41 40 98
1 2
1 3
1 4
1 5
1 7
1 8
1 9
1 10
2 6
2 7
2 10
3 2
3 4
3 6
3 7
3 9
3 10
4 2
4 6
4 7
4 10
5 2
5 3
5 4
5 7
5 8
5 9
7 6
7 10
8 2
8 4
8 7
8 9
8 10
9 2
9 4
9 6
9 7
9 10
10 6
T 2 9
P 4
P 3
P 6
P 2
P 6
P 8
T 1 3
T 3 2
P 6
T 1 10
T 1 6
T 1 8
P 9
P 9
P 1
19 34 16
62 9 53 30 97 73 43 99 96 4 69 18 13 13 46 69 71 47 76
1 5
1 16
3 2
3 6
3 8
3 13
3 17
4 1
4 14
5 12
5 13
5 15
5 17
9 2
9 8
9 14
10 4
10 6
10 7
10 14
10 16
10 19
11 3
11 9
11 12
12 13
13 2
13 6
15 7
16 7
16 17
18 3
19 11
19 18
P 3
P 7
P 19
P 7
T 19 6
T 10 7
P 14
T 17 7
T 11 13
P 12
T 16 5
T 8 1
T 10 13
P 1
P 8
T 17 7
9 22 27
19 57 38 10 28 76 22 65 3
1 3
1 5
1 9
2 5
2 7
4 7
5 3
5 7
6 3
6 4
8 1
8 2
8 4
8 5
8 6
8 7
8 9
9 2
9 4
9 5
9 6
9 7
P 2
P 6
T 8 7
P 3
T 9 1
T 4 8
T 6 8
T 9 6
T 7 4
P 6
P 1
T 4 3
P 7
P 9
T 7 6
P 8
T 5 2
P 7
T 3 7
P 4
P 8
T 4 2
P 6
T 8 3
P 6
T 5 3
T 8 4
17 44 2
35 66 5 5 85 21 86 53 6 72 43 37 63 11 42 11 85
1 3
3 2
4 6
4 7
4 16
5 2
5 3
5 4
5 6
5 7
5 11
5 13
5 14
5 16
5 17
6 10
7 2
8 3
8 9
8 10
8 15
9 12
10 1
10 2
10 7
10 9
11 4
11 8
11 9
11 10
11 13
13 2
15 1
15 7
15 10
16 1
16 3
16 12
17 2
17 9
17 13
17 14
17 15
17 16
P 3
P 11
6 14 16
40 26 22 94 31 98
1 2
1 3
1 6
2 6
3 2
4 1
4 2
4 3
4 5
4 6
5 1
5 2
5 3
5 6
P 4
T 5 4
P 6
T 6 3
P 2
P 6
T 3 1
P 6
T 4 2
T 2 1
P 6
P 3
T 3 6
T 6 2
P 6
P 6
12 60 16
25 19 89 19 77 65 55 84 25 29 74 41
1 3
1 4
1 6
1 8
1 10
1 11
2 1
2 3
2 4
2 5
2 6
2 7
2 8
2 9
2 10
2 11
2 12
3 4
3 6
3 8
3 10
3 11
3 12
4 8
4 11
5 1
5 3
5 4
5 6
5 7
5 8
5 10
5 11
5 12
6 4
6 11
7 1
7 4
7 6
7 8
7 9
7 10
7 11
7 12
9 1
9 3
9 4
9 6
9 8
9 10
9 11
10 4
10 6
10 8
10 11
11 8
12 4
12 8
12 10
12 11
T 1 8
T 6 11
P 11
P 10
T 12 3
P 2
T 2 9
P 8
P 2
T 4 11
P 12
P 1
T 1 4
T 11 6
T 9 7
P 5
10 38 24
32 70 36 75 92 51 19 60 44 11
1 2
1 9
1 10
2 10
3 1
3 4
3 6
3 8
3 9
4 2
4 8
4 9
4 10
5 1
5 2
5 3
5 4
5 6
5 8
5 9
5 10
6 2
6 4
6 8
6 9
6 10
7 1
7 2
7 3
7 4
7 5
7 6
7 8
7 10
8 2
8 9
8 10
9 10
P 8
T 10 1
T 6 8
T 4 5
T 4 2
T 6 5
P 1
T 6 8
P 1
T 5 9
T 6 4
P 7
T 3 9
P 8
T 2 10
P 10
T 2 10
P 7
T 5 10
P 7
T 10 4
T 4 5
T 9 8
P 4
29 43 18
88 81 100 96 32 51 86 26 20 58 37 59 100 33 62 12 80 66 19 1 84 9 20 50 94 28 83 87 48
1 12
2 3
2 14
2 15
2 21
2 22
2 26
3 1
3 7
4 11
6 19
6 27
8 19
9 1
10 4
10 6
10 15
10 16
10 23
11 5
11 8
13 12
13 29
14 29
15 1
15 25
17 2
17 12
17 13
18 7
20 1
20 10
20 17
20 18
20 24
20 28
23 22
24 19
25 18
27 8
28 5
28 9
28 14
P 19
T 7 21
P 1
T 17 4
T 14 5
T 3 8
P 28
P 13
T 5 8
P 21
T 12 28
T 24 4
P 22
T 29 2
P 23
P 1
T 27 24
P 27
30 47 3
27 17 34 65 12 21 83 27 38 11 11 85 43 72 25 26 9 37 79 80 21 26 96 100 87 18 76 54 72 99
1 7
1 15
2 1
2 19
2 21
3 7
3 16
3 18
3 30
5 26
6 2
6 4
6 11
6 13
6 20
6 23
7 4
8 5
8 22
8 29
10 17
10 19
10 24
11 12
11 14
11 21
13 2
13 29
14 7
16 10
17 2
17 8
17 28
18 15
18 21
20 11
22 27
25 3
25 6
25 9
25 18
25 26
28 11
28 23
30 18
30 23
30 24
P 5
T 26 5
P 19
18 34 18
95 88 3 99 18 68 12 69 46 49 43 9 15 11 84 20 25 90
1 6
1 10
1 11
1 14
2 7
2 17
3 7
3 8
3 15
3 16
3 18
4 7
4 17
7 15
8 1
8 10
8 12
10 7
11 16
13 1
13 2
13 3
13 6
13 8
13 10
13 11
13 14
14 7
14 10
15 5
16 4
16 5
18 7
18 9
T 16 5
P 11
T 13 8
T 14 3
P 14
T 14 17
P 15
T 15 17
P 17
T 11 17
T 15 18
T 13 6
T 10 2
T 16 4
P 18
P 3
T 5 11
T 2 6
20 23 17
31 19 95 61 83 86 88 44 57 53 82 21 36 75 70 80 76 54 63 78
1 13
1 15
3 2
3 16
6 7
6 8
7 20
8 5
8 10
8 14
9 16
10 5
11 3
11 9
12 1
14 18
15 2
17 4
17 6
17 9
17 11
17 12
17 19
T 6 16
T 20 8
T 19 3
P 17
P 9
P 2
P 16
T 6 2
P 9
P 5
P 14
P 3
T 18 6
P 13
T 4 9
P 11
P 1
7 11 8
47 73 49 81 83 65 93
1 2
1 3
1 5
4 1
4 2
5 2
6 2
6 4
6 5
6 7
7 3
T 2 1
T 5 6
P 4
T 1 5
T 6 7
T 2 3
P 4
T 6 7
32 65 21
93 51 78 81 78 34 57 6 76 70 96 76 37 26 74 68 3 60 52 38 17 42 38 39 35 13 56 31 81 38 94 26
2 3
2 4
2 9
2 15
2 21
2 22
2 26
3 9
4 9
6 12
6 18
6 32
7 1
7 12
8 4
8 13
8 24
8 25
10 6
10 7
10 16
10 28
10 32
12 5
12 31
13 1
13 30
15 22
15 25
16 9
16 20
17 3
17 4
17 14
17 24
18 2
18 7
18 27
18 29
18 31
19 8
19 12
19 14
19 27
20 3
20 31
20 32
21 19
21 28
22 16
22 31
22 32
23 13
23 17
23 22
26 12
27 15
27 24
28 11
28 16
28 23
28 25
29 15
29 19
30 31
P 31
P 21
P 20
T 8 22
T 4 24
T 21 11
T 20 18
P 12
T 25 17
T 11 4
P 24
T 9 29
P 27
T 19 23
P 11
P 27
T 30 31
T 19 9
T 6 26
P 5
T 29 27
16 18 31
49 31 86 13 96 38 43 6 42 6 56 78 52 40 65 11
1 14
2 12
3 1
3 5
3 10
5 6
5 7
5 8
6 10
7 12
8 11
10 9
10 15
12 4
13 2
14 7
14 13
15 16
P 12
T 12 13
T 1 9
P 13
T 3 6
P 14
T 16 10
P 14
P 5
T 10 16
T 13 1
P 13
P 15
P 2
T 12 3
P 3
T 13 16
T 14 3
T 14 12
T 5 10
T 4 14
P 10
T 1 11
P 10
P 5
P 10
P 7
P 10
T 10 9
T 8 11
T 5 6
28 31 6
99 55 32 86 42 40 30 53 81 82 38 38 97 59 48 49 96 47 19 76 22 95 69 66 32 63 26 1
1 17
2 24
3 7
3 9
3 15
4 28
7 5
9 19
10 4
10 23
10 24
10 27
11 2
11 13
11 21
11 26
12 8
12 11
12 18
12 22
12 23
14 25
15 1
15 10
18 3
18 13
18 17
22 6
23 14
26 16
26 20
T 17 26
T 2 17
P 3
T 4 20
P 9
P 2
26 41 10
69 6 32 63 1 49 87 58 24 65 21 15 42 32 45 74 61 27 23 37 6 6 20 88 50 13
2 4
2 15
2 16
2 19
3 1
5 7
5 14
5 15
5 20
5 21
5 22
7 12
7 21
7 26
10 4
10 21
10 26
11 9
12 11
12 13
12 23
14 3
14 15
14 17
14 24
14 26
15 6
15 18
17 25
19 4
19 10
20 25
21 6
22 1
22 6
22 16
22 18
24 2
24 8
24 10
24 23
T 22 12
P 2
P 15
T 16 1
T 22 21
T 26 19
T 4 13
P 13
P 23
T 22 11
13 38 13
61 3 52 61 16 20 77 52 32 34 2 6 78
1 3
1 7
1 10
2 1
2 4
2 6
2 8
2 10
2 11
2 13
3 5
3 10
4 1
4 5
4 8
4 9
4 10
4 13
7 3
7 8
7 10
8 3
8 6
8 9
8 12
9 3
10 5
11 7
11 9
11 10
12 9
12 10
13 3
13 7
13 8
13 9
13 10
13 12
P 4
P 2
P 6
P 5
P 1
T 4 9
T 4 12
P 13
T 12 10
P 2
P 4
P 8
T 12 7
31 89 29
9 64 89 85 52 70 51 67 82 26 83 14 44 58 57 5 31 34 36 1 60 53 37 23 43 31 27 29 2 6 14
1 3
1 5
1 6
1 13
1 20
1 30
3 17
3 20
3 22
3 25
3 28
3 29
4 26
5 15
5 16
5 23
5 24
5 25
7 9
7 13
7 20
8 16
8 25
8 31
10 4
10 29
11 12
12 26
12 31
13 8
13 9
13 18
14 4
14 9
14 10
14 11
14 18
14 19
14 20
14 22
15 8
15 12
15 17
15 18
15 22
16 2
16 9
16 26
18 6
18 19
19 22
19 31
20 8
20 16
20 19
21 10
21 18
21 22
21 26
21 29
23 2
23 12
23 29
24 9
24 10
24 11
24 13
24 14
24 17
24 21
24 27
25 31
27 2
27 6
27 7
27 11
27 14
27 16
27 18
27 19
27 21
27 22
27 23
29 2
29 4
30 5
30 16
30 22
31 9
P 15
T 28 5
P 18
T 7 22
T 18 8
P 18
T 26 16
P 20
P 27
T 25 7
T 11 13
T 23 2
P 16
P 14
P 16
P 4
P 5
P 11
P 30
P 9
T 7 20
P 23
P 2
T 13 24
P 3
T 23 10
P 24
P 18
P 25
32 31 10
100 40 4 21 78 35 80 100 3 53 76 9 12 71 90 72 78 18 91 31 7 48 52 97 84 91 88 62 22 35 36 73
4 13
4 26
4 30
9 7
9 20
13 2
13 15
13 27
16 22
17 1
17 9
18 3
18 29
19 16
21 4
21 8
21 18
21 24
23 10
24 11
24 23
24 31
26 12
27 5
27 6
27 17
27 28
29 14
29 25
30 19
30 32
T 6 22
T 23 5
T 6 31
T 20 14
P 8
P 30
T 16 29
T 29 21
P 12
P 23
11 40 26
90 51 13 67 52 64 39 30 76 60 53
1 2
1 3
1 6
1 7
1 8
1 10
2 3
2 4
2 5
2 7
2 8
2 9
3 4
3 7
3 8
3 9
4 5
4 9
6 2
6 3
6 4
6 9
6 10
7 4
7 5
7 8
7 9
8 5
10 3
10 4
10 5
10 8
10 9
11 1
11 2
11 3
11 4
11 7
11 9
11 10
P 2
P 6
P 3
T 9 6
P 4
P 5
T 3 7
T 11 7
T 2 10
P 8
P 4
P 10
T 8 3
P 10
P 8
P 11
T 3 9
T 5 11
T 7 6
T 4 10
P 8
T 3 5
P 8
P 3
T 3 11
P 11
21 22 16
36 15 59 93 23 47 29 69 86 91 81 99 41 96 32 71 4 5 24 37 17
2 6
4 13
6 3
6 9
8 7
11 14
11 15
11 16
15 5
15 10
15 12
16 1
16 2
17 18
18 4
18 8
18 20
19 5
19 17
21 11
21 12
21 19
P 6
P 1
P 17
P 14
T 13 15
P 3
T 9 7
P 7
P 14
T 3 4
T 6 12
P 18
P 21
T 3 1
T 13 20
T 5 8
20 20 16
94 100 13 1 85 79 87 81 33 24 17 28 99 35 35 33 37 38 31 52
1 7
2 15
6 5
7 6
7 9
9 8
9 12
10 2
10 14
11 3
11 4
11 18
11 20
13 8
15 13
17 19
18 1
18 10
19 16
20 17
P 12
T 18 19
P 13
T 5 16
P 15
P 14
T 20 15
T 15 5
T 12 1
T 11 2
P 1
P 5
P 4
P 2
P 11
P 14
18 74 10
93 57 34 9 96 78 46 79 36 72 80 57 36 54 83 69 21 23
3 1
3 6
3 11
3 15
4 2
4 6
4 16
5 1
5 2
5 7
5 9
5 11
5 16
6 1
6 11
7 1
7 2
7 3
7 9
7 15
7 16
8 3
8 4
8 7
8 10
8 15
8 18
9 1
9 2
10 1
10 2
10 5
10 9
10 15
10 17
10 18
12 4
12 6
12 7
12 8
12 10
12 11
12 13
12 14
13 1
13 2
13 3
13 4
13 5
13 6
13 9
13 11
13 16
13 17
14 1
14 2
14 3
14 4
14 11
15 1
16 1
17 3
17 9
17 16
18 2
18 3
18 4
18 5
18 6
18 11
18 13
18 14
18 15
18 16
T 18 2
T 2 9
T 17 10
T 8 13
P 13
T 5 4
P 17
P 12
P 8
T 14 9
29 40 31
27 15 81 68 16 82 28 40 41 11 31 58 39 22 50 78 26 33 97 3 71 24 60 31 5 56 8 88 70
4 13
4 14
4 21
5 4
5 11
5 15
5 26
6 2
6 10
6 22
8 22
8 23
8 27
9 1
9 28
10 5
10 7
10 8
10 17
10 20
11 12
11 20
12 14
12 25
14 13
14 29
15 28
16 24
18 6
18 28
19 5
19 7
20 26
21 3
21 28
23 7
23 9
27 17
27 19
28 16
T 23 17
P 24
T 26 7
P 19
P 22
T 19 15
T 1 16
T 5 3
T 25 16
T 11 26
T 13 29
T 1 18
P 26
T 24 12
T 13 2
T 14 23
T 9 4
T 19 4
T 24 8
P 24
T 6 2
P 22
T 10 3
T 7 18
P 29
T 22 21
T 15 23
T 11 3
T 6 19
T 6 8
T 29 5
25 49 28
7 94 92 35 39 43 87 52 88 65 94 86 67 23 21 97 36 27 90 57 86 95 8 38 37
2 8
2 16
2 21
2 23
3 12
3 19
4 11
4 20
5 3
5 8
5 19
5 23
5 24
6 7
6 8
7 8
10 6
12 10
14 2
14 7
14 9
14 11
14 17
14 18
14 25
15 21
16 6
16 8
16 13
16 18
17 5
17 6
17 15
17 22
17 24
18 4
19 2
19 4
19 12
20 1
21 1
21 9
21 20
22 4
22 11
22 18
23 7
24 1
24 2
T 6 20
P 16
T 1 15
P 23
T 1 11
T 3 7
P 6
T 1 9
P 15
P 15
P 22
P 23
P 10
T 15 14
P 4
T 7 9
P 9
T 9 6
T 13 14
P 21
P 13
T 5 18
T 4 8
T 2 17
T 5 3
P 20
P 11
T 17 10
19 82 27
76 18 95 50 47 83 32 21 11 65 85 58 86 54 94 35 60 14 43
1 4
1 7
1 14
2 5
2 15
3 1
3 2
3 4
3 8
3 11
3 13
3 16
5 4
5 7
5 11
6 5
6 7
6 15
6 16
7 11
8 1
8 2
8 6
8 7
8 10
8 11
8 16
8 17
9 6
9 7
9 8
9 16
9 17
10 6
10 7
10 14
11 4
12 1
12 3
12 4
12 5
12 7
12 9
12 10
12 19
13 2
13 4
13 6
13 7
13 8
13 9
13 10
13 11
13 14
13 16
14 7
14 17
15 4
15 5
15 16
15 17
17 5
17 7
17 11
18 2
18 5
18 6
18 11
18 12
18 13
18 14
18 15
19 2
19 3
19 5
19 7
19 8
19 9
19 10
19 11
19 14
19 16
P 10
P 17
T 4 10
T 12 9
T 3 13
P 17
P 7
P 4
T 19 3
T 6 15
P 3
T 7 16
P 9
P 12
P 13
P 6
P 8
P 3
P 1
P 14
T 14 10
P 17
P 7
P 11
P 8
T 1 19
P 7
12 55 29
63 25 48 13 42 45 72 45 53 15 95 32
1 8
1 12
2 1
2 3
2 8
2 12
3 1
3 8
3 12
4 1
4 2
4 3
4 8
4 12
5 1
5 2
5 4
5 7
5 11
5 12
6 1
6 2
6 3
6 4
6 5
6 7
6 8
6 10
6 12
7 1
7 3
7 4
7 8
7 12
8 12
9 1
9 2
9 3
9 6
9 7
9 8
9 10
9 11
9 12
10 1
10 2
10 3
10 4
10 8
10 12
11 2
11 3
11 4
11 7
11 8
P 7
T 6 11
P 10
P 6
T 9 8
T 12 11
P 8
T 7 9
T 9 8
T 5 1
T 7 10
T 4 6
T 3 4
T 4 5
P 11
T 11 3
T 10 5
T 6 12
T 3 11
P 7
T 7 3
P 1
T 5 9
P 1
T 5 8
P 7
T 9 6
P 11
P 7
18 49 11
23 62 74 67 94 53 16 91 39 81 55 77 32 28 90 86 46 69
2 7
2 9
2 10
2 11
2 12
2 13
2 14
2 18
3 1
3 5
3 7
3 9
4 1
4 12
5 1
5 4
5 7
5 16
6 4
6 17
8 1
8 7
8 12
8 17
9 4
9 16
10 3
10 5
10 17
10 18
11 5
11 6
11 8
11 10
11 15
11 16
11 18
13 1
13 5
13 10
13 11
13 12
15 14
17 1
17 7
17 16
18 1
18 4
18 7
T 4 9
T 5 7
T 3 10
P 15
T 2 6
T 15 16
T 18 10
P 8
T 1 17
P 7
T 14 1
9 27 17
47 79 92 13 2 98 60 57 88
1 3
1 4
1 6
1 8
2 1
2 3
2 4
2 5
2 6
2 8
2 9
3 4
6 3
7 1
7 2
7 3
7 4
7 6
7 8
7 9
8 3
8 4
8 5
8 6
9 4
9 6
9 8
P 7
T 8 7
T 6 7
T 6 5
T 6 3
T 5 3
P 6
P 4
P 6
T 7 1
T 6 2
T 7 6
P 1
P 4
P 7
P 9
P 3
22 93 17
76 76 81 3 48 61 35 63 82 88 76 9 4 91 25 57 24 74 49 45 56 26
1 4
1 5
2 4
2 9
2 15
2 20
2 22
3 1
3 4
3 9
3 22
5 4
6 3
6 4
6 5
6 9
6 13
6 15
6 19
6 22
7 1
7 2
7 3
7 10
7 16
7 22
8 2
8 5
8 6
8 7
8 12
8 13
8 14
8 15
8 18
8 21
9 1
9 13
9 22
10 1
10 5
10 16
10 20
11 1
11 4
11 5
11 7
11 10
11 13
11 19
12 1
12 3
12 6
12 11
12 13
12 15
12 17
12 19
12 20
12 21
13 4
14 1
14 2
14 7
14 12
14 15
14 16
14 20
14 21
15 1
15 5
15 10
15 16
16 4
16 19
16 20
17 3
17 4
17 10
17 15
17 20
17 21
18 9
18 12
18 16
19 20
20 13
21 9
21 10
21 15
21 16
21 19
22 13
T 4 12
P 12
T 8 10
T 19 2
P 7
T 11 22
T 6 4
T 5 15
P 2
P 2
P 6
T 2 22
T 3 10
P 21
T 6 10
T 22 11
T 12 16
18 30 6
27 26 41 54 48 80 87 8 48 72 52 56 10 11 72 18 6 40
2 11
2 13
3 1
3 7
3 9
5 11
6 4
6 17
7 10
7 16
7 18
8 1
9 16
10 2
10 12
10 13
12 5
14 4
14 8
14 12
14 13
14 16
15 6
15 8
15 9
15 14
15 16
18 14
18 15
18 17
T 18 8
P 11
P 18
T 6 7
P 12
P 8
21 23 31
75 94 17 5 94 29 1 88 44 62 48 13 56 44 10 21 51 87 65 35 94
2 6
3 21
4 7
4 8
4 17
5 19
8 16
10 3
10 12
10 21
11 20
12 1
13 12
15 14
15 19
16 11
17 10
17 13
17 18
18 2
18 5
18 15
19 9
T 18 3
T 19 8
T 12 20
P 10
P 18
P 4
P 10
T 13 9
P 9
T 15 19
P 15
P 20
P 6
P 4
T 9 8
P 15
T 11 9
T 5 11
T 20 12
T 8 2
P 19
P 3
P 7
T 11 6
P 7
T 8 16
T 17 21
P 15
P 2
T 10 15
T 21 13
15 25 30
19 49 2 97 54 94 80 43 84 50 84 90 42 63 21
2 9
3 1
3 11
3 12
3 13
4 2
4 3
4 5
4 12
4 15
5 1
5 3
5 11
5 12
7 6
8 4
8 7
8 9
8 10
8 14
9 3
9 12
10 1
10 12
11 14
T 2 6
T 5 3
T 8 15
P 5
P 15
T 1 12
P 1
P 4
T 13 9
P 6
P 4
T 6 7
T 11 3
P 13
P 14
P 5
P 15
P 4
P 12
T 5 13
P 6
T 12 6
T 12 11
P 13
T 13 5
P 8
T 5 11
T 1 11
T 1 2
P 7
10 23 10
2 74 95 23 45 25 40 60 30 50
1 2
1 7
1 8
1 10
2 9
3 2
4 1
4 2
5 1
5 2
5 3
5 4
5 6
5 8
6 1
6 2
6 4
6 10
7 3
8 2
8 3
8 9
8 10
P 3
P 2
T 4 8
P 7
T 9 6
P 5
P 5
T 4 1
T 7 3
P 5
10 34 3
14 34 60 73 2 12 18 46 69 72
1 6
2 1
2 4
2 8
2 10
3 1
3 2
3 4
3 9
3 10
4 1
4 6
4 8
4 10
5 1
5 3
5 4
5 6
5 8
5 9
5 10
7 1
7 2
7 5
7 6
7 8
7 9
8 1
9 1
9 2
9 4
9 6
9 10
10 1
T 4 9
T 2 3
T 6 2
32 52 3
10 6 35 75 73 42 63 83 90 33 33 50 40 80 50 90 50 45 56 49 20 24 20 7 36 95 53 60 33 53 69 94
1 23
2 9
2 18
2 24
4 1
4 5
4 12
4 20
5 18
6 4
7 6
7 11
7 15
7 27
8 7
8 9
8 30
10 13
10 14
10 15
10 21
10 29
11 3
11 16
11 18
11 19
12 2
12 22
12 28
15 12
15 17
15 18
15 24
16 19
16 22
16 25
16 29
17 32
18 24
20 9
20 29
23 22
25 1
26 21
26 31
27 3
27 10
27 14
27 23
27 26
30 28
31 21
T 11 32
P 17
P 3
16 86 30
62 17 82 51 83 44 34 30 98 69 18 99 74 44 24 46
1 2
1 6
1 8
1 10
1 11
1 14
1 16
2 5
2 10
2 11
2 15
3 2
3 5
3 6
3 10
3 11
3 15
4 1
4 2
4 3
4 7
4 13
4 15
4 16
5 7
5 13
6 5
6 7
6 11
6 13
7 13
8 2
8 3
8 5
8 7
8 10
8 11
8 13
8 15
9 2
9 3
9 5
9 6
9 7
9 8
9 10
9 13
9 14
9 15
9 16
10 5
10 6
10 7
10 11
10 15
11 7
12 1
12 2
12 3
12 4
12 6
12 7
12 8
12 9
12 10
12 11
12 13
14 2
14 3
14 5
14 6
14 8
14 10
14 13
14 15
15 5
15 7
15 13
16 2
16 3
16 5
16 7
16 8
16 10
16 11
16 14
P 8
T 5 7
T 4 15
T 13 3
T 16 14
P 2
P 9
T 1 11
P 12
T 2 16
T 9 7
P 15
P 15
T 3 7
T 6 5
P 7
P 6
P 1
T 11 5
T 5 9
T 12 16
T 14 2
P 10
P 4
T 8 4
T 8 6
T 5 11
T 10 13
P 13
P 16
21 30 25
97 59 81 20 55 40 89 95 62 83 1 38 55 16 83 1 43 88 69 26 69
1 4
1 5
2 3
2 13
2 17
6 2
6 14
6 20
8 5
8 13
9 4
9 6
9 8
9 18
10 12
11 15
11 16
12 7
13 19
13 20
14 10
16 8
16 13
16 14
16 18
16 19
21 1
21 9
21 11
21 17
T 3 13
P 2
P 10
P 10
P 17
P 11
P 13
P 9
P 8
T 12 8
T 18 12
T 3 21
T 7 6
T 8 16
P 17
P 1
P 11
T 21 19
P 11
T 20 7
P 14
T 4 12
T 19 3
P 21
T 3 6
32 78 23
59 38 75 4 34 96 98 10 16 92 12 21 98 47 36 72 80 3 33 25 73 69 53 12 28 25 82 69 43 46 68 53
1 20
1 21
1 22
1 27
2 4
2 32
3 5
3 11
3 13
3 16
3 17
3 21
3 23
5 1
5 8
5 9
5 18
5 24
5 31
6 4
6 7
6 8
6 10
6 12
6 30
7 10
7 14
7 25
8 10
8 22
9 2
9 16
9 22
9 32
10 4
10 32
11 18
11 24
11 30
12 9
12 10
12 14
13 4
13 6
13 28
13 30
13 32
14 10
14 18
15 7
15 9
17 8
17 10
17 14
17 22
19 3
19 5
19 9
19 22
19 29
20 2
21 2
21 12
21 30
23 8
24 15
24 20
24 26
24 30
27 26
28 4
28 23
28 26
31 1
31 9
31 10
31 11
31 12
T 12 5
P 6
P 25
T 19 12
T 4 16
T 2 9
P 12
T 13 29
T 8 3
P 26
P 15
P 3
T 8 13
T 13 32
P 24
T 10 21
P 4
P 8
P 15
P 24
P 26
P 24
T 21 11
27 97 21
75 45 83 82 46 90 66 56 95 19 23 19 34 67 95 99 78 40 30 78 23 81 25 10 78 35 93
1 4
1 6
1 7
1 10
1 19
1 21
1 25
2 3
2 6
2 19
2 22
2 25
4 7
4 22
6 5
6 25
8 5
9 4
9 10
9 11
9 14
9 21
9 25
9 27
11 5
11 10
11 22
12 10
12 11
12 22
13 1
13 2
13 5
13 8
13 9
13 24
14 7
15 2
15 7
15 16
15 20
15 22
15 23
15 26
15 27
16 1
16 3
16 10
16 17
16 20
16 25
17 4
17 6
17 27
18 5
18 6
18 7
18 13
18 15
19 6
19 10
19 11
19 14
20 3
20 5
20 6
20 8
20 14
20 22
20 25
20 27
21 3
21 8
21 10
21 19
21 25
23 2
23 5
23 6
23 7
23 9
23 13
23 14
23 25
24 2
24 5
24 19
24 21
25 5
25 10
26 6
26 12
26 25
27 7
27 10
27 14
27 22
P 18
P 5
P 8
T 11 2
T 14 15
P 1
P 6
P 7
P 18
T 6 1
T 18 15
T 11 21
P 13
T 26 2
P 24
T 25 24
P 7
T 19 24
P 8
P 5
P 26
27 28 4
48 98 92 61 21 78 72 84 29 73 14 16 20 58 52 62 15 56 45 51 8 28 53 30 93 53 43
1 8
1 13
1 14
2 7
2 9
4 1
4 2
4 17
4 18
4 20
5 21
9 3
9 15
10 5
10 21
10 26
11 6
13 27
14 16
17 10
17 11
18 22
20 12
22 13
24 23
27 19
27 24
27 25
T 8 19
P 4
P 12
T 8 2
28 99 10
47 70 33 87 34 76 98 25 7 79 48 94 44 81 12 73 83 98 34 27 66 13 74 38 11 75 52 40
1 4
1 11
1 14
1 15
1 18
1 21
2 5
2 6
3 4
3 8
3 10
3 13
3 18
3 20
3 22
3 26
3 27
3 28
4 6
4 10
4 14
4 17
4 19
4 20
4 23
4 26
7 2
7 3
7 4
7 8
7 16
7 22
7 23
7 25
9 8
9 24
9 25
10 26
11 8
11 16
11 25
12 2
12 6
12 8
13 1
13 5
13 6
13 16
13 17
13 20
13 23
13 26
13 28
15 14
15 20
16 9
16 15
16 17
16 18
16 23
16 28
17 10
17 22
17 24
18 2
18 8
18 15
18 17
18 19
18 22
18 24
18 26
20 25
21 26
21 28
22 25
23 5
23 22
23 24
23 28
24 5
24 8
25 8
25 14
26 5
26 6
26 19
27 1
27 2
27 5
27 10
27 12
27 14
27 15
27 24
28 5
28 6
28 20
28 25
T 28 6
T 11 22
T 12 13
P 21
T 12 2
P 10
P 14
P 4
T 25 11
P 26
13 27 16
19 30 4 62 68 97 62 82 19 66 49 73 98
1 6
2 1
2 5
3 1
3 2
3 12
4 2
4 5
4 13
5 6
7 4
7 9
7 13
8 2
8 6
8 7
8 11
9 1
9 2
9 3
9 13
10 3
10 8
10 13
11 9
11 12
13 1
T 12 3
T 7 3
P 11
T 6 3
T 13 9
P 3
T 12 11
T 12 4
T 2 13
P 4
P 12
T 10 2
T 10 3
T 6 9
T 9 12
T 6 8
30 58 30
87 94 68 100 11 39 38 27 42 92 58 49 100 54 27 89 7 9 49 79 37 44 61 18 31 17 36 14 49 47
2 3
2 28
4 6
4 8
4 14
4 15
4 26
5 2
5 7
5 13
9 1
9 16
11 10
11 12
11 14
11 18
11 19
12 6
13 4
13 8
13 10
13 12
13 24
13 27
14 8
15 25
16 8
16 29
17 12
17 14
17 16
18 7
18 25
18 26
18 29
19 14
19 15
19 17
19 20
20 21
23 6
23 30
24 7
24 21
25 20
27 6
27 8
27 22
28 9
28 11
28 22
28 23
29 3
30 9
30 15
30 18
30 24
30 29
P 1
P 29
P 29
T 17 12
T 13 9
P 20
P 14
T 9 1
P 13
T 26 1
T 1 30
P 11
T 22 25
T 12 16
P 15
P 1
T 9 28
T 20 5
T 22 18
T 17 19
T 10 3
T 9 11
T 11 24
T 3 10
P 26
P 27
P 14
P 24
T 13 20
P 10
7 10 29
64 58 36 90 21 98 58
1 7
2 4
4 1
4 6
5 1
5 2
5 3
5 4
5 6
7 6
T 6 1
T 5 3
P 4
T 5 3
P 6
P 1
T 6 2
T 6 2
P 7
P 4
P 2
P 6
T 2 6
T 3 1
P 2
P 3
P 3
T 3 7
T 2 4
P 1
P 3
T 6 7
P 2
P 3
T 7 6
P 7
P 3
P 7
P 1
23 93 7
99 68 49 53 46 30 13 39 57 92 81 1 60 50 58 92 37 90 7 88 78 35 6
1 5
1 12
1 14
1 15
1 18
1 19
2 3
2 7
2 14
4 1
4 2
4 3
4 5
4 9
4 11
4 14
4 16
4 17
4 18
4 20
4 23
5 2
5 3
5 9
5 11
5 14
5 23
6 3
6 7
6 13
6 15
6 19
6 22
7 14
8 3
8 12
8 15
8 23
9 6
9 13
9 18
9 23
10 6
10 7
10 12
10 15
10 19
10 23
11 8
11 14
11 18
12 3
12 13
12 19
13 22
15 7
15 13
15 14
16 7
16 9
16 14
16 19
16 20
16 21
16 22
17 2
17 3
17 5
17 6
17 9
17 12
17 14
17 18
17 22
18 10
18 19
18 23
20 2
20 6
20 17
20 18
20 21
20 22
21 2
21 3
21 6
21 10
21 13
21 15
21 22
22 3
22 7
23 12
P 16
T 22 23
T 5 6
P 15
T 14 22
P 11
T 6 23
7 19 2
86 33 60 12 63 54 15
1 2
1 6
3 1
3 2
3 5
3 7
4 1
4 2
4 3
4 5
4 7
5 1
5 2
5 6
5 7
6 2
7 1
7 2
7 6
T 5 3
T 7 4
27 28 16
4 48 56 39 49 65 32 76 70 6 54 33 31 20 83 30 59 52 49 86 16 55 96 63 64 87 9
1 7
3 13
5 11
6 5
6 18
9 26
10 15
10 27
11 19
12 2
12 10
17 1
17 14
17 23
18 12
18 20
18 24
19 3
22 3
22 6
22 8
22 17
22 21
23 4
23 25
24 13
27 9
27 16
T 6 19
P 9
P 9
P 14
T 1 27
T 14 25
T 2 21
P 15
T 4 11
P 21
T 6 5
T 18 16
P 21
P 19
T 21 15
P 15
10 29 9
59 24 70 8 2 1 40 15 39 63
2 3
2 4
2 5
2 6
2 7
2 10
3 1
3 7
5 1
5 4
5 6
5 7
5 9
6 1
6 9
7 1
7 4
7 6
7 9
8 1
8 2
8 3
8 4
8 6
8 10
9 1
10 1
10 4
10 6
P 1
T 4 6
P 7
P 1
T 6 4
P 9
T 10 6
P 3
P 8
17 40 14
44 62 48 21 4 87 4 6 28 93 44 36 58 83 9 69 7
3 2
3 5
3 6
3 12
3 13
3 15
3 16
4 1
4 8
4 9
5 4
6 1
6 2
6 10
6 16
7 10
7 11
7 12
7 16
8 9
11 1
11 13
11 16
13 1
13 10
14 1
14 4
14 7
14 13
14 17
15 2
15 8
15 11
15 13
16 5
16 10
16 13
17 3
17 5
17 8
T 6 3
P 4
P 3
T 13 14
T 2 5
P 8
P 3
P 1
P 13
P 7
T 13 12
P 5
T 11 12
T 17 5
16 84 30
66 25 29 44 16 39 10 38 39 64 31 50 64 28 20 7
1 2
1 7
1 10
1 11
1 15
2 8
3 2
3 7
3 15
4 1
4 2
4 5
4 7
4 8
4 10
4 13
4 14
4 15
5 1
5 2
5 7
5 8
5 10
5 11
5 14
5 15
6 1
6 3
6 4
6 5
6 7
6 9
6 10
6 11
6 14
6 15
7 8
9 1
9 2
9 3
9 5
9 7
9 8
9 14
9 15
10 2
10 7
10 8
10 11
10 15
11 3
11 7
11 8
11 15
12 2
12 3
12 4
12 5
12 6
12 7
12 8
12 9
12 10
12 13
12 15
13 2
13 7
13 10
13 11
13 15
14 8
14 10
14 15
16 4
16 6
16 7
16 8
16 9
16 10
16 11
16 12
16 13
16 14
16 15
T 6 5
T 5 1
P 14
P 11
T 12 8
P 13
P 14
T 10 15
T 8 2
T 12 14
P 1
T 5 11
T 9 16
T 14 4
T 13 8
T 3 4
T 16 9
T 14 8
T 15 8
P 8
T 16 11
T 10 4
T 10 16
T 6 13
T 13 4
T 16 2
T 9 12
T 16 11
P 3
T 2 1
12 13 17
66 12 46 70 31 12 61 50 57 1 16 98
1 10
2 7
3 4
5 8
5 10
5 11
7 10
8 1
8 12
9 5
9 6
12 2
12 3
P 8
T 6 8
T 7 6
P 5
T 12 7
T 12 4
T 7 2
T 12 8
T 1 11
P 11
P 12
T 11 10
P 9
P 8
P 10
T 4 10
T 8 10
22 37 24
52 19 31 93 8 85 44 52 9 2 72 65 49 78 94 58 80 68 67 43 63 31
2 8
2 17
2 22
4 12
4 20
5 14
5 20
6 2
7 22
8 13
8 14
9 6
9 8
9 15
9 22
10 1
10 11
10 20
11 4
11 22
14 20
15 2
15 3
15 7
15 8
16 1
16 9
16 19
19 1
19 6
19 10
21 2
21 5
21 10
21 16
21 18
22 13
P 4
P 18
T 18 13
P 19
T 22 19
P 12
P 22
T 10 14
P 1
P 3
T 20 4
T 12 14
T 13 3
P 20
T 13 22
T 9 17
T 7 16
T 6 11
T 19 2
P 16
T 18 11
T 15 14
T 2 3
T 15 5
31 38 5
7 85 92 71 25 25 25 76 47 69 44 64 85 15 47 26 77 82 56 32 54 79 19 14 79 33 2 75 64 68 25
1 12
1 23
1 28
2 17
2 21
8 6
8 23
12 3
12 9
14 2
14 4
14 5
14 24
14 31
16 25
17 8
17 10
17 13
17 15
17 29
17 30
18 22
21 1
21 16
21 27
22 28
25 7
27 18
28 19
29 16
29 30
30 12
30 19
30 20
31 1
31 11
31 25
31 26
P 25
T 19 16
P 24
T 27 7
P 8
12 30 3
10 84 79 41 29 77 59 15 81 62 63 67
1 2
2 3
2 11
4 2
4 3
4 11
5 3
5 10
5 11
6 1
7 4
7 5
7 8
7 10
8 2
8 6
8 9
8 12
9 1
9 2
9 4
9 6
9 10
9 12
10 11
11 3
12 2
12 4
12 5
12 11
P 11
T 12 9
T 12 7
11 28 22
9 8 6 2 25 63 66 45 62 16 41
1 2
1 3
1 7
1 8
1 10
2 8
2 9
2 10
3 5
3 8
3 9
3 10
3 11
5 2
5 6
5 11
6 4
7 2
7 3
7 5
7 8
7 9
7 11
9 8
10 8
10 9
11 2
11 8
T 8 10
P 3
T 6 5
T 1 9
P 4
P 9
T 8 7
T 9 4
P 3
T 4 8
T 10 11
P 5
P 5
T 5 9
T 8 1
P 9
T 1 11
T 11 8
P 2
T 8 1
P 1
P 11
26 61 3
33 1 89 47 25 65 93 78 76 34 20 47 98 72 51 11 76 54 39 45 84 31 64 76 81 38
1 11
2 3
2 20
4 6
4 7
4 10
4 23
4 26
6 1
6 2
6 8
7 14
7 20
7 23
8 18
9 4
9 5
10 1
10 3
10 6
10 11
10 13
10 16
10 17
10 20
10 22
10 24
11 3
12 21
12 25
13 8
13 17
13 21
15 1
15 2
15 23
17 1
17 14
18 23
19 11
19 15
19 18
20 17
21 20
21 23
22 13
22 19
22 20
24 3
24 5
24 6
24 8
24 11
24 14
24 16
24 21
25 14
26 1
26 12
26 15
26 19
P 6
T 4 12
T 20 2
4 5 11
86 25 26 16
1 2
3 2
4 1
4 2
4 3
T 2 1
P 1
T 2 3
P 2
T 4 1
P 1
T 2 1
P 3
P 4
T 1 4
T 1 4
18 61 7
9 83 21 50 56 96 76 90 98 46 63 100 14 34 49 2 72 57
1 5
1 13
1 18
2 1
2 8
2 11
2 14
2 15
2 17
4 3
4 9
5 11
6 2
6 4
6 9
6 14
6 17
7 3
7 9
7 13
7 18
8 11
8 18
10 4
10 6
10 11
10 12
10 13
10 14
10 17
11 9
11 13
12 3
12 4
12 9
13 3
13 9
14 4
14 11
14 13
15 1
15 4
15 13
15 17
15 18
16 1
16 2
16 5
16 7
16 10
16 12
16 14
16 15
16 17
16 18
17 4
17 7
17 8
18 3
18 5
18 9
P 3
P 16
P 2
T 5 18
P 17
T 16 10
P 18
13 56 27
51 6 67 93 94 35 80 69 41 80 48 32 85
1 2
1 3
1 6
1 7
1 8
1 9
1 11
1 12
2 5
2 8
2 10
2 11
2 13
3 12
4 3
4 5
4 8
4 10
4 11
4 12
4 13
5 12
6 2
6 3
6 7
6 10
6 12
7 3
8 3
8 5
8 7
8 11
8 12
8 13
9 2
9 3
9 4
9 5
9 6
9 7
9 8
9 10
9 11
9 13
10 3
10 5
10 7
10 8
10 11
10 13
11 3
11 5
11 7
13 7
13 11
13 12
P 8
T 3 9
T 7 9
T 4 2
P 7
T 4 11
P 10
T 5 6
P 1
P 10
P 3
T 3 9
P 11
P 11
T 12 2
T 2 8
T 4 12
T 3 4
T 12 2
T 5 7
T 4 7
T 8 12
T 10 9
T 9 8
T 10 3
T 5 9
P 3
8 8 29
2 4 19 43 59 40 42 29
2 4
2 8
4 5
5 3
6 7
7 1
7 2
7 8
P 4
T 1 2
T 1 6
P 7
P 2
P 7
T 8 3
P 7
P 1
T 6 3
P 5
T 4 2
P 5
T 5 4
P 4
P 3
P 7
T 8 4
P 2
T 1 4
P 3
T 7 4
T 8 1
P 8
T 7 3
P 7
P 2
P 5
T 1 7
4 3 9
39 38 47 85
4 1
4 2
4 3
P 2
P 4
P 4
P 3
T 3 4
T 2 1
P 4
T 1 2
P 4
5 6 16
21 24 13 68 52
1 3
2 3
2 4
2 5
4 1
5 3
P 5
P 5
P 2
P 5
P 2
T 2 5
T 5 1
P 3
P 3
T 2 4
T 1 3
P 4
P 1
T 2 4
P 1
T 2 3
31 45 26
27 67 76 73 60 80 56 26 85 7 24 41 83 2 53 71 97 62 48 48 11 28 36 73 87 38 14 35 71 53 19
1 12
1 14
1 18
4 16
5 7
5 17
5 25
5 26
8 11
8 17
9 8
9 22
9 28
11 14
12 2
12 3
12 4
12 16
12 20
12 24
12 30
13 8
13 19
13 27
18 21
22 1
22 16
22 28
23 14
24 14
24 21
24 29
25 9
26 13
26 31
28 4
28 6
28 15
30 10
30 14
30 18
30 23
31 10
31 20
31 24
P 12
P 29
P 2
T 19 14
P 24
P 6
P 8
T 20 25
T 31 11
T 5 7
P 1
T 29 10
P 14
T 21 28
P 17
P 6
T 1 8
P 24
P 30
T 23 2
P 7
T 21 16
T 1 18
T 10 26
P 13
P 2
5 9 12
5 68 36 30 80
1 2
1 3
1 4
2 3
2 5
4 2
4 3
4 5
5 3
P 3
P 2
P 2
T 3 5
P 5
P 3
P 3
P 5
P 2
T 5 2
T 5 1
T 1 5
17 79 12
93 46 18 44 84 59 4 77 97 88 82 62 39 19 42 77 54
1 3
1 5
1 11
1 14
1 15
1 16
1 17
2 3
2 5
2 6
2 9
2 11
2 12
2 13
2 15
2 17
4 1
4 2
4 6
4 7
4 14
4 16
5 3
5 15
6 5
6 9
6 11
6 13
6 15
6 16
6 17
7 1
7 2
7 5
7 6
7 13
7 15
7 17
8 1
8 2
8 5
8 6
8 9
8 11
8 12
8 13
8 16
9 11
10 1
10 4
10 5
10 7
10 8
10 9
10 11
10 12
10 13
10 15
10 17
11 15
12 9
12 11
12 13
12 15
14 3
14 6
14 11
14 12
14 16
15 3
16 3
16 5
16 9
16 12
16 13
16 15
17 5
17 9
17 16
P 8
T 8 4
P 1
T 10 12
T 5 10
T 11 15
T 12 1
T 4 8
T 10 1
P 16
T 11 14
T 15 12
8 12 3
77 58 69 24 19 62 77 11
2 1
2 7
3 5
3 7
4 2
4 3
4 6
5 1
5 7
5 8
7 8
8 6
T 5 6
T 6 5
T 3 4
30 77 4
68 75 80 87 66 39 14 20 96 77 32 6 28 11 71 32 85 98 31 87 49 21 64 7 27 79 72 15 12 84
1 4
1 12
1 13
1 15
1 17
1 18
1 20
1 30
2 5
2 26
4 7
4 8
4 10
4 24
5 3
5 7
5 23
5 25
5 28
6 16
8 3
8 19
9 6
9 13
9 14
9 28
10 3
10 22
11 20
11 24
11 25
11 29
13 5
13 16
13 18
14 7
14 25
14 29
15 2
15 3
15 14
15 17
15 19
15 22
15 30
16 8
16 12
16 18
16 20
16 21
16 22
16 27
17 9
17 11
17 21
17 28
19 18
19 27
20 22
21 10
24 5
24 22
24 25
25 7
26 3
26 20
26 21
26 24
26 29
27 23
29 22
29 23
30 12
30 14
30 25
30 26
30 27
P 13
P 1
T 6 19
T 9 8
16 21 9
5 95 14 70 64 1 28 53 6 50 1 38 85 79 13 90
2 16
3 1
5 4
5 6
5 7
6 3
6 7
6 15
6 16
7 4
8 11
8 13
8 14
8 16
9 1
10 8
11 5
12 2
13 12
14 4
14 9
T 4 11
T 7 1
P 12
P 5
T 5 2
T 4 13
P 6
P 3
T 11 1
9 29 25
31 45 72 35 70 28 49 1 45
2 1
2 4
3 1
3 2
3 4
3 5
3 6
3 7
4 1
4 5
4 6
4 7
5 1
5 7
6 1
6 5
6 7
6 8
7 1
7 8
8 1
9 1
9 2
9 3
9 4
9 5
9 6
9 7
9 8
T 5 8
P 9
T 5 4
T 4 8
P 9
P 7
P 2
T 5 6
P 3
P 7
P 8
T 2 4
T 6 7
P 9
P 7
T 9 4
T 2 1
P 9
T 6 2
P 6
P 8
P 2
P 9
P 8
T 9 3
23 42 3
71 64 56 13 26 93 75 89 24 87 31 4 48 78 82 40 74 10 73 20 54 19 3
1 2
1 8
1 21
2 8
2 13
2 22
3 2
3 13
3 15
3 16
4 22
5 7
5 17
5 19
5 23
6 2
6 8
6 15
7 18
9 1
9 5
9 12
9 14
9 18
9 23
14 1
14 2
14 7
14 10
15 11
17 4
17 18
20 3
20 6
20 8
20 9
20 15
20 18
20 23
23 12
23 16
23 21
P 14
P 10
P 1
28 40 18
49 67 67 40 99 65 22 21 18 86 60 99 18 54 15 29 46 1 61 38 82 70 26 85 26 45 23 2
1 14
1 22
1 25
3 1
3 6
3 20
3 26
4 22
5 13
5 18
7 11
7 15
7 18
7 19
8 9
8 16
8 27
10 3
10 17
10 18
10 19
10 28
16 14
17 5
17 19
17 23
17 28
23 4
23 8
23 12
23 19
23 24
25 9
25 11
27 6
28 2
28 7
28 13
28 21
28 24
P 5
T 23 3
P 13
P 17
T 21 5
P 3
P 24
T 13 27
P 3
T 16 27
T 9 12
P 9
P 5
P 23
T 1 20
P 17
P 17
T 9 17
6 9 21
60 25 14 8 52 2
2 1
3 1
4 1
4 6
5 1
5 2
5 4
5 6
6 3
T 5 3
T 6 3
T 6 1
T 2 6
P 6
T 5 1
P 1
P 3
P 6
P 3
T 4 3
T 1 2
P 6
P 2
P 6
P 3
P 5
P 1
T 2 4
T 6 1
T 2 3
23 75 19
40 31 64 41 78 98 30 70 48 52 25 84 57 61 1 82 83 73 26 20 83 89 12
2 1
2 9
2 13
2 18
2 20
4 6
4 8
4 11
4 20
5 3
5 6
5 7
5 11
5 16
5 18
5 20
5 22
6 3
6 11
7 14
7 18
9 4
9 6
9 14
10 21
11 1
11 3
12 4
12 7
12 10
12 11
12 13
12 21
13 1
13 10
13 14
13 18
13 20
14 21
15 4
15 10
15 13
15 19
15 20
15 21
16 1
16 2
16 4
16 19
16 22
17 6
17 10
17 11
17 19
17 20
18 1
18 6
18 8
18 19
19 8
20 10
22 1
22 6
22 8
22 14
22 15
22 21
23 5
23 7
23 12
23 13
23 16
23 17
23 20
23 21
T 14 10
T 6 5
T 14 9
T 13 22
P 4
T 17 14
T 6 15
T 6 8
P 16
T 19 9
P 10
P 11
P 19
P 22
P 11
P 4
P 5
P 12
P 8
22 65 3
17 56 13 10 47 43 76 78 50 58 22 93 47 13 92 90 53 45 4 31 9 5
2 3
2 6
2 11
2 12
2 17
2 18
2 22
3 5
3 6
3 13
3 21
4 1
4 19
5 7
5 11
5 16
5 18
5 19
5 21
5 22
6 22
7 9
8 1
8 19
10 4
10 5
10 11
10 13
11 16
11 19
12 1
12 6
12 8
12 14
12 20
12 21
13 1
13 9
13 22
14 9
14 19
15 1
15 2
15 12
15 17
17 5
17 6
17 9
17 10
17 21
17 22
18 1
18 4
18 9
18 14
18 21
20 5
20 9
20 11
20 13
20 21
21 8
21 9
21 11
22 9
T 20 6
P 8
P 19
5 4 9
24 100 86 99 99
2 4
3 1
3 2
4 5
T 5 3
T 1 4
P 4
P 2
P 4
T 2 1
T 4 5
P 1
T 2 4
22 96 27
18 1 66 15 25 28 39 22 80 22 89 75 79 85 63 59 30 42 97 19 98 50
1 3
1 7
1 8
1 9
1 19
1 20
1 21
1 22
2 7
2 12
2 19
3 12
3 15
3 16
3 17
3 20
4 7
5 3
5 7
5 9
5 10
5 14
5 18
5 19
5 21
6 1
6 2
6 5
6 7
6 13
6 14
6 18
6 20
6 22
8 2
8 12
9 2
9 4
9 16
9 22
10 8
10 9
10 15
10 19
10 20
11 1
11 3
11 4
11 6
11 14
11 18
12 19
12 22
13 7
13 8
13 12
13 15
13 16
13 18
13 20
14 8
14 9
14 10
14 12
14 16
14 18
14 20
14 21
14 22
15 7
15 8
15 12
15 19
16 4
16 19
16 22
17 2
17 8
17 9
17 16
17 22
18 2
18 4
18 7
18 8
18 12
19 22
20 7
20 8
21 7
21 12
21 15
21 16
21 19
21 20
21 22
T 9 20
T 20 3
P 12
P 9
T 20 8
P 7
T 20 17
T 16 6
T 17 19
T 17 3
T 22 4
P 8
P 4
P 20
T 7 13
P 22
T 2 17
P 22
T 4 19
P 13
T 5 18
T 21 18
T 21 19
T 2 14
P 9
T 15 21
P 18
16 19 5
4 55 61 58 5 75 48 73 61 36 12 16 31 35 78 50
1 13
2 13
2 15
3 6
5 12
5 13
7 2
7 3
7 5
7 11
7 16
8 9
10 4
12 1
13 8
13 10
15 4
15 14
16 14
P 15
P 12
T 3 6
T 6 13
P 16
25 89 10
12 7 11 40 96 6 7 76 55 84 88 60 82 52 37 8 23 94 41 42 65 22 43 48 53
1 2
1 6
1 12
2 8
3 1
3 10
3 13
3 16
3 18
3 20
3 22
3 24
4 5
4 8
4 12
4 14
5 6
7 1
7 2
7 3
7 4
7 5
7 6
7 13
7 16
7 22
7 23
7 24
8 15
9 4
9 7
9 8
9 14
9 23
10 11
10 17
10 22
10 25
11 4
11 5
11 6
11 13
11 14
11 18
11 19
11 20
11 23
12 5
12 15
13 2
13 12
13 14
13 15
13 16
13 21
14 6
14 8
14 15
16 2
16 6
16 12
17 12
17 14
17 21
17 25
18 6
18 16
19 8
19 12
20 6
21 6
21 8
21 19
22 1
22 4
22 6
22 21
22 23
22 25
23 2
23 13
23 15
23 20
23 25
24 1
24 6
24 16
25 8
25 15
P 4
T 4 10
T 13 2
T 21 4
T 24 14
P 18
P 6
T 11 24
T 15 24
T 22 6
4 5 24
16 81 98 22
1 2
1 4
2 4
3 1
3 2
T 1 2
T 2 1
T 3 2
P 1
P 3
P 3
P 3
P 3
P 1
P 1
T 2 1
P 3
P 3
T 4 3
P 3
T 1 2
P 1
T 4 3
T 3 2
P 4
P 4
T 4 2
T 1 2
T 1 3
13 21 19
7 57 94 27 37 56 94 13 74 67 26 76 61
3 6
4 3
4 6
5 6
5 8
8 6
8 10
8 11
9 1
9 6
10 2
10 7
10 13
11 3
11 4
11 9
11 10
11 12
13 3
13 9
13 12
P 3
T 7 2
T 5 1
P 11
P 8
P 7
T 12 11
T 8 9
T 4 6
P 3
P 7
P 2
T 5 9
P 1
P 13
T 4 9
T 3 6
P 8
T 7 5
29 97 21
93 39 37 78 49 72 66 22 62 54 95 80 43 9 84 21 50 84 8 56 36 6 64 97 98 54 9 43 88
1 2
1 4
1 6
1 8
1 10
1 12
1 14
1 16
1 27
2 13
2 14
2 17
2 18
2 20
2 22
2 26
2 27
3 29
4 19
4 21
5 6
5 21
5 24
6 15
6 17
6 21
6 24
7 9
7 16
7 18
7 22
7 23
7 26
7 28
8 14
8 17
9 21
10 3
10 5
10 8
10 11
10 12
10 15
10 29
11 22
12 3
12 4
12 7
12 15
12 21
14 17
15 9
16 6
16 19
16 21
16 22
16 28
17 21
18 4
18 13
18 14
18 15
18 23
20 9
20 11
20 16
20 17
20 21
20 24
20 25
20 29
22 13
22 24
23 9
23 17
23 24
25 6
25 11
25 18
25 21
25 24
26 11
26 17
27 4
27 5
27 6
27 9
27 11
27 15
27 20
27 25
28 9
28 15
28 23
29 9
29 15
29 21
P 16
P 9
T 10 4
T 27 29
P 9
P 13
P 13
T 28 13
P 13
P 16
T 26 19
T 9 1
P 10
T 11 25
P 28
P 19
P 9
T 2 27
P 9
T 13 9
T 8 7
3 3 18
85 73 74
1 2
3 1
3 2
T 2 1
T 2 1
T 2 1
T 1 3
P 3
T 1 2
T 3 2
P 1
P 1
T 2 3
P 2
T 1 2
T 1 2
P 3
T 2 1
P 1
T 1 3
T 1 2
6 7 24
10 75 86 6 52 71
1 2
3 6
4 1
5 1
5 3
5 4
5 6
T 5 4
T 4 5
T 1 6
P 2
T 3 6
P 3
T 6 1
T 5 1
P 4
T 5 2
T 3 5
P 3
T 6 3
T 3 6
P 1
P 4
P 5
P 2
T 2 6
T 4 5
T 6 2
P 3
P 6
T 2 5
24 53 27
21 81 16 81 87 80 18 77 69 67 11 38 74 80 22 33 26 13 90 58 87 71 97 35
1 24
2 1
2 3
2 10
2 15
3 5
3 7
3 9
3 10
3 22
4 20
4 22
7 13
7 16
7 18
8 13
9 4
9 24
11 10
12 20
13 1
14 5
14 8
14 12
14 16
15 5
15 6
15 12
17 6
17 11
18 5
18 6
18 8
18 16
19 1
19 6
19 8
19 9
19 21
20 10
21 6
21 9
21 17
21 24
22 6
22 20
23 2
23 5
23 9
23 14
23 17
23 19
23 22
T 13 23
P 10
P 21
T 2 9
P 18
T 16 6
T 1 11
P 3
P 3
T 24 23
P 14
P 20
P 16
P 18
P 19
T 7 20
T 19 14
T 16 2
P 11
T 11 16
P 18
P 17
T 16 8
P 13
T 18 1
P 10
P 23
13 56 17
29 62 95 63 36 45 71 52 71 21 7 98 59
2 3
2 4
2 6
2 7
2 8
2 11
2 12
2 13
3 1
3 7
4 1
4 3
4 6
4 7
4 10
4 11
5 1
5 3
5 6
5 7
5 10
5 11
6 1
6 10
6 11
7 6
7 10
7 11
8 1
8 3
8 6
8 7
8 11
9 1
9 3
9 4
9 7
9 8
9 10
9 11
10 1
11 10
12 1
12 3
12 4
12 6
12 7
12 8
12 9
12 11
12 13
13 3
13 5
13 6
13 10
13 11
P 11
P 11
T 4 1
T 10 4
T 13 6
T 12 2
T 13 5
T 10 12
P 7
T 7 13
T 2 10
P 7
T 12 4
T 4 7
P 13
T 5 3
P 13
11 54 25
21 3 55 50 30 82 38 20 99 81 58
1 2
1 3
1 4
1 5
1 6
1 7
1 8
1 9
1 10
1 11
2 3
2 4
2 5
2 6
2 7
2 8
2 10
3 5
3 6
3 8
4 3
4 5
4 6
4 8
4 10
6 5
6 8
7 3
7 4
7 5
7 6
7 8
7 10
8 5
9 2
9 3
9 4
9 5
9 6
9 7
9 8
9 10
10 5
10 6
10 8
11 2
11 3
11 4
11 5
11 6
11 7
11 8
11 9
11 10
T 6 8
P 9
T 9 1
T 1 4
P 7
P 10
T 1 9
T 6 5
T 5 9
P 9
T 4 1
P 9
P 5
T 4 7
P 2
P 2
P 2
T 9 11
T 10 6
T 2 8
T 6 3
T 4 11
P 1
P 10
T 7 9
27 93 19
52 13 8 90 11 28 30 95 37 17 84 17 40 49 17 73 66 48 20 25 76 37 42 84 99 17 7
1 11
1 16
1 17
1 25
1 27
3 5
3 9
3 11
3 12
3 13
3 14
3 19
3 27
4 2
4 17
5 14
5 18
5 25
5 27
6 3
6 8
6 9
6 12
6 23
7 5
7 10
7 13
7 17
7 18
7 20
8 1
8 3
8 5
8 12
8 14
8 16
8 18
8 20
8 23
9 16
10 20
10 25
12 23
12 25
14 16
15 1
15 2
15 4
15 5
15 7
15 8
15 12
15 13
15 14
16 11
16 12
16 25
16 27
17 9
17 10
17 11
17 13
17 19
17 27
18 9
18 12
18 19
20 16
20 23
21 2
21 7
21 9
21 13
21 17
21 27
22 1
22 3
22 5
22 11
22 20
22 21
24 4
24 6
24 8
24 10
24 12
24 19
24 22
25 11
25 23
26 8
26 15
26 24
P 19
T 22 27
T 8 14
P 9
P 7
T 25 26
P 13
T 21 4
P 14
P 17
P 16
P 18
P 7
T 14 19
T 8 7
P 10
T 18 16
P 11
P 16
7 6 17
14 41 15 50 78 10 71
1 2
1 4
1 5
1 6
4 3
5 7
T 3 4
T 7 2
P 3
T 5 6
T 3 4
P 5
T 1 7
P 4
T 3 2
T 7 2
T 7 2
P 2
T 2 4
P 4
P 7
T 6 3
P 5
