466385
479700
202850
73960
54260
1471509
133306
13108
328340
1056320
697745
952965
51209
169346
307240
2243578
800468
400250
1038985
353401
20826
124645
736165
115925
10324
867866
157813
328241
12740
35298
57322
137800
104585
183842
559530
166765
26309
226945
244445
173225
376777
22109
840418
171344
33346
408325
9629
101012
287348
45776
252136
568949
330557
8145
706625
934893
182338
41786
418714
85444
351493
2705
171421
208836
8825
687556
49738
12100
279602
13088
285746
430362
10242
568577
427698
531250
194116
175450
426757
586485
114005
122653
362317
643450
471700
168741
309578
62082
126946
22736
171090
753505
877669
335250
267833
504634
9194
53170
47304
390506
179792
193034
75645
75689
1307344
1151498
362304
169857
667944
479764
321682
464866
934849
119005
150805
109700
52597
242989
2047293
379472
14500
197602
11074
216580
26888
104618
493345
827521
250405
5248
24868
33633
277874
58977
113320
690210
29277
224489
354025
140849
1146704
478340
1278049
1901258
68473
80138
246349
515216
776786
692420
633026
341357
41738
28513
44626
213044
398504
269050
18856
108970
1498493
206290
135440
194930
421906
96421
21346
74386
182394
1008250
1046242
1236857
35890
29501
59561
166645
215825
471780
663745
812209
1045850
1413
81828
654461
1197802
187636
21906
37640
168101
13753
24842
91396
16265
72514
19265
548717
238153
1600
92084
47090
251225
410553
23013
640
327717
14114
109224
18125
83890
374450
34114
61898
134056
82613
419917
556121
603874
242273
349913
56498
720434
16025
247796
1071250
206141
806193
189890
26693
107648
107213
194650
668066
255658
6425
314282
376393
88592
1302457
901081
418509
73957
234585
146098
1166177
26613
20138
29250
712498
1140250
255050
1282
134280
136445
193
18314
168370
63997
48842
685
1276090
242080
24865
642146
298000
450130
3578
432890
98162
60413
693684
227396
249538
34880
541885
122266
135874
501005
293992
8210
374050
88930
239882
357860
183250
1392884
367733
615140
69565
415105
233210
946993
177428
1180777
660168
336109
501345
605
162842
605300
1342053
714740
177097
82762
468333
1629961
154880
43325
26721
937465
282586
252097
135808
131921
466805
357773
19265
77845
599693
366173
984317
765425
674
137077
252580
231137
1370353
268649
57905
357754
200821
1964740
166685
145192
197264
21256
80530
116
542981
468541
558665
44474
94330
332033
621169
35137
309608
513698
460865
1229572
1023021
486340
268330
33625
162772
1998100
11858
327725
3321
349946
257690
91330
822490
507728
1127066
45181
730432
220642
2162152
53924
82865
36853
267037
359749
1107970
343954
472529
533384
32185
335981
87880
701882
273745
203625
42512
47233
113377
319754
84274
270088
633037
148996
280141
1861817
357418
174725
272169
158449
333749
59237
200753
3341
67034
356050
708325
227565
106496
1373809
1049738
65349
970888
101169
19728
3194
1040317
350138
137716
320324
1177261
366760
1248400
9554
185057
303460
1862676
184925
1973
182309
45956
48802
528565
403885
549641
985121
488720
15457
393381
368244
220586
181625
312233
56906
575882
42949
55229
370592
80405
366706
17800
18130
601793
66089
117904
166468
76880
885553
54650
430765
317113
1031769
367130
804205
41650
580232
843508
5458
136729
7985
315450
225353
46324
733613
310885
361421
1792820
388282
349589
4754
120929
900225
421690
37485
96889
905090
304804
432205
66145
413860
426784
316304
2506500
112850
50137
29717
23098
83236
13426
183305
2173
67421
556405
122161
129050
122125
167329
149437
913732
14785
98010
272773
1127905
1324625
812369
578825
346420
69581
45985
304586
814612
319514
410794
391634
107693
639652
368420
102100
1172797
1118984
87049
428096
465700
173378
94570
129985
202865
97268
344840
159056
54290
61034
1606673
70226
761245
166025
37090
779245
539240
116170
141665
47309
508393
109028
195786
5077
265346
619749
424933
449396
520325
276340
138385
1469045
1152061
467050
54829
113210
333749
339193
214672
234130
519385
126829
984425
526765
1083650
160109
323297
950121
481177
835412
735005
92021
196417
379305
43289
61568
122405
268820
62570
946369
18020
384217
867610
3890
11785
110501
1539796
566330
667225
725300
300445
456336
31140
646901
350788
284618
356021
36805
104372
22850
10660
81936
681029
242777
215081
344349
233677
69922
657865
65536
65609
1135826
326237
660325
1466000
401314
123713
738
971461
156565
524185
461221
128197
1451473
832445
664105
456850
789529
530389
83810
241225
544450
756082
814481
1074394
26020
559530
220186
422570
31973
19269
2087336
643325
28213
25181
93545
501346
15530
440522
630745
4033
403946
220240
140993
3460
150580
95696
334088
548000
105881
136589
182009
19058
128873
939853
901448
48385
1771601
543890
675677
173125
1121060
583933
777922
15797
183240
107050
111050
198941
326932
73586
258820
720532
32434
374800
400525
38800
45058
43877
824041
142313
204921
24433
1877476
142146
452434
344965
806845
432180
406250
316125
363137
872253
680473
171445
468520
838525
230885
33826
330361
5701
276466
9410
110225
856852
100853
242953
288997
149057
129349
420260
287860
141485
338761
751493
39304
401993
298010
405029
138346
12240
113780
126234
56113
265369
97325
89762
370280
256034
38601
12077
207477
118397
1961000
465485
719360
381149
668194
198925
17525
738170
1222696
30949
23353
4381
494009
102661
18720
3681
1105130
74825
479162
392290
749009
108842
574820
81812
60257
633170
18836
719761
75205
537274
191690
29984
287093
419105
748073
376045
190180
573245
391005
724373
804101
29065
818765
332356
252298
275229
103909
473193
46441
222202
339277
89252
154233
778594
397433
620033
160173
1168322
29242
308538
98930
74225
13858
3688
111556
38725
338069
601745
60516
1183090
485370
249082
243673
39317
256360
117289
169325
184397
1269049
308321
12402
298664
25961
520
927785
1195065
357050
491434
66541
1531988
248522
113650
45370
407156
351074
1525
392698
181530
49909
225389
222130
749768
89668
691304
712601
661453
1648186
370330
19396
122225
298624
266410
519917
5338
733220
400996
221845
1157725
534610
68290
8521
909050
55144
149045
104612
1253961
18241
104605
350825
902057
24781
869305
46692
460549
113765
503257
126800
562421
130257
263738
504458
173825
425545
659474
4100
754
211714
556114
86866
252290
44306
59749
790018
662861
821092
1261
50965
24505
60541
505921
615913
211529
25636
183604
223880
429460
26122
552168
214322
858265
309962
400626
1069241
125000
263440
220249
825640
72202
435097
244225
16650
49745
197521
373172
1015348
234770
77909
12841
877925
707149
162322
360625
294746
104281
604025
246865
220520
52660
911312
79241
1585
238325
238825
118625
109141
286408
197730
82106
730354
742464
197608
113800
26077
45713
472196
529
1576565
16132
42109
85697
7345
92306
167396
414149
363060
452450
544661
123953
6305
213768
182692
61416
298649
164237
35380
63009
22625
1062125
325
38452
40949
624905
176228
1038586
931993
20869
890557
133289
