464 744 899 0 85 867 226 0 259
678 747 16 219 189 16 678 705 13
42 143 550 35 0 92 42 102 529
62 230 312 0 153 167 62 67 261
391 162 738 391 46 513 391 162 715
589 969 705 589 274 665 159 796 0
475 707 254 475 399 57 167 390 0
738 948 857 738 91 566 738 39 668
873 199 800 839 89 800 267 123 800
539 869 928 71 0 97 84 869 185
903 634 691 310 0 237 887 150 691
716 411 773 649 158 0 0 152 400
212 582 539 129 582 13 182 375 0
931 13 773 374 5 773 709 0 539
732 455 179 405 388 0 723 0 66
833 951 835 0 155 304 833 652 786
608 830 894 304 0 450 476 428 0
608 948 651 190 3 651 0 183 143
916 629 162 60 90 0 916 284 151
800 324 188 137 324 163 638 29 188
898 182 12 277 0 1 412 50 0
929 261 788 0 30 686 321 0 724
931 419 70 931 181 28 115 182 70
173 617 377 173 83 39 173 378 209
376 128 45 292 34 45 374 0 19
981 840 278 199 840 45 0 56 226
463 202 302 132 202 192 190 0 221
175 814 810 90 814 620 0 684 91
326 458 778 58 458 755 2 458 657
233 125 194 133 0 190 0 14 73
129 684 239 4 407 239 0 566 64
381 474 516 293 409 516 95 95 516
530 214 539 22 21 539 345 5 539
958 256 700 40 256 556 0 205 137
781 460 457 757 0 383 10 0 344
202 891 478 148 891 478 202 879 75
198 970 946 8 970 863 14 848 946
293 453 674 293 363 544 102 11 674
685 484 332 195 484 222 253 103 332
35 906 432 24 512 432 26 906 339
772 463 432 602 244 432 772 55 18
235 116 65 135 5 0 50 116 11
836 630 988 646 258 0 109 0 485
72 861 311 44 560 0 4 148 0
788 161 273 0 62 237 49 0 92
591 600 547 224 0 70 226 569 0
468 276 202 0 11 154 0 6 56
310 30 135 310 28 12 0 8 4
574 456 59 0 126 16 486 3 59
249 519 78 65 212 78 57 288 0
116 59 522 96 28 0 57 59 474
3 775 165 0 775 25 0 30 143
483 256 993 483 175 533 92 0 432
80 409 92 38 50 0 14 137 0
239 806 491 178 677 491 90 0 325
776 709 868 0 673 464 687 531 0
328 875 364 148 250 364 145 0 187
140 496 157 17 228 157 0 409 79
486 879 345 179 251 0 486 446 310
160 603 83 12 113 0 0 401 38
375 817 792 139 817 432 375 510 194
555 909 817 96 909 15 97 909 67
413 602 825 0 29 517 385 0 522
769 913 257 0 529 72 0 73 42
210 4 479 161 4 394 201 4 479
504 935 36 0 776 0 234 0 28
865 816 470 435 0 278 642 0 195
4 568 772 3 154 0 3 44 0
662 270 289 295 270 281 0 19 123
188 443 646 62 207 0 130 115 0
201 532 761 150 532 143 0 243 448
799 297 948 799 273 308 421 0 227
24 642 67 0 517 32 0 418 11
772 998 799 419 310 799 772 654 481
285 782 580 151 95 0 285 692 133
316 895 307 310 683 307 274 0 238
265 204 338 4 20 338 70 186 0
593 441 364 528 0 250 429 157 0
297 596 197 171 589 0 45 0 52
768 355 284 574 77 0 37 355 268
291 35 638 0 11 108 291 0 259
94 198 682 27 198 414 84 52 682
559 135 480 559 71 162 164 63 480
723 784 300 548 784 210 19 391 0
594 229 742 378 147 0 0 82 363
738 371 440 738 200 260 528 329 440
314 113 687 66 90 687 314 68 237
166 919 896 115 862 0 124 919 192
191 440 113 93 414 0 4 69 0
711 274 985 151 251 0 291 195 0
415 640 26 39 343 0 415 472 17
359 187 817 101 9 817 110 42 0
165 829 301 92 13 301 77 828 0
732 361 353 0 299 261 493 288 353
707 660 114 38 660 5 180 268 114
688 959 753 386 871 0 0 468 199
70 719 917 39 0 176 52 0 81
339 258 167 104 69 0 0 9 132
623 630 193 486 630 100 288 630 10
707 315 430 373 0 121 0 222 312
400 36 785 183 0 176 0 13 552
206 214 586 24 214 300 165 0 475
847 956 42 0 3 6 240 126 0
771 302 121 0 14 78 261 0 86
266 914 496 113 914 241 113 0 153
454 936 758 454 356 711 0 343 186
75 286 935 11 286 420 37 57 935
476 31 232 0 18 24 338 23 232
284 880 886 168 523 886 0 85 364
62 728 646 3 728 362 62 95 392
369 319 176 8 319 93 369 31 108
446 447 526 381 357 0 0 136 264
176 982 438 176 857 134 0 57 375
737 614 39 193 0 35 451 225 39
180 351 407 138 351 404 49 0 383
377 243 598 0 179 201 149 0 155
481 763 174 198 0 44 397 0 158
298 577 201 265 577 97 0 326 124
784 865 616 604 865 586 47 0 143
307 363 926 0 79 640 307 198 836
964 683 171 75 683 70 65 664 171
868 433 469 435 433 121 206 173 0
450 384 693 329 132 0 224 125 0
412 797 22 0 186 16 412 18 6
589 880 260 93 0 248 0 70 211
656 935 638 656 152 315 656 169 638
358 907 24 352 907 1 180 227 0
744 756 526 703 446 526 0 724 300
835 832 254 312 221 0 263 23 254
475 711 135 369 0 113 297 0 105
104 744 656 16 0 139 13 26 0
686 129 335 408 36 335 231 84 335
350 923 442 350 551 357 28 216 442
861 868 996 861 739 697 861 628 481
667 318 975 0 232 612 0 274 278
995 73 918 995 54 747 698 6 0
3 236 202 3 101 130 0 95 106
720 262 147 144 77 0 611 0 3
475 250 451 314 89 451 405 48 0
369 433 124 289 0 106 0 214 118
948 712 534 0 658 120 800 110 0
742 819 218 184 452 0 272 718 218
636 435 675 636 37 588 0 409 195
829 979 656 161 0 281 233 979 408
376 881 317 0 231 187 22 18 317
859 16 714 576 16 0 859 9 0
423 774 432 134 0 47 0 256 354
752 537 702 305 0 319 705 277 0
764 857 179 0 406 116 764 381 125
123 983 533 0 189 380 38 983 394
989 447 245 989 247 99 380 447 194
680 67 161 114 0 13 680 59 29
20 67 781 1 67 194 9 45 0
87 223 301 0 76 45 87 5 28
403 704 146 92 574 146 0 625 33
349 855 517 22 855 102 60 810 517
386 905 801 152 568 0 342 0 34
672 369 912 216 0 407 0 273 580
47 272 409 34 264 409 4 272 283
574 397 953 194 191 953 325 397 856
553 641 979 108 0 235 537 641 768
385 145 442 109 145 85 326 0 169
128 344 489 128 86 241 18 344 245
838 175 146 838 23 32 511 175 105
774 737 792 550 737 196 0 646 91
429 131 173 123 131 0 234 14 173
590 888 461 590 884 249 455 888 204
263 599 712 0 466 183 0 511 452
471 50 528 317 50 44 0 4 269
671 327 897 343 54 0 148 34 897
653 723 752 498 723 92 237 0 174
629 955 439 543 0 224 0 627 173
147 249 353 2 63 353 40 0 196
507 421 914 507 142 807 459 68 914
569 341 421 312 341 107 307 204 0
982 36 278 250 1 278 529 19 0
433 44 303 433 0 121 0 31 98
649 854 720 539 854 228 0 727 60
518 586 649 425 0 479 0 367 288
885 31 260 885 24 154 0 23 107
810 887 562 252 819 562 810 110 383
147 17 2 147 17 2 114 0 1
270 282 502 89 268 0 41 282 268
775 344 251 0 333 38 775 336 193
677 918 309 525 918 145 354 0 18
865 516 856 800 289 0 865 469 329
815 466 634 373 0 153 328 0 12
581 201 342 581 96 139 532 201 21
31 739 326 6 739 270 27 459 0
336 974 314 102 1 314 94 0 198
322 732 31 210 368 0 322 469 9
816 342 644 816 23 427 703 0 157
688 535 57 39 196 57 0 80 43
100 235 487 0 18 15 100 115 150
146 256 240 57 256 146 0 186 90
734 748 362 569 0 28 734 666 94
568 762 348 568 345 44 384 348 348
472 277 221 472 118 80 472 118 120
587 103 831 587 31 216 487 69 0
561 474 836 363 474 8 362 474 225
330 371 204 0 276 18 330 298 177
548 541 727 0 455 193 0 92 721
575 404 984 274 333 984 211 404 917
92 419 306 59 17 306 51 41 306
999 981 126 217 0 43 691 278 0
220 311 606 200 284 0 117 199 0
397 40 718 213 0 151 123 0 469
949 273 173 949 152 31 949 37 101
332 635 66 0 107 27 226 0 34
193 683 881 193 295 144 193 144 737
782 246 190 599 0 158 574 151 190
373 707 358 344 341 0 373 498 164
259 109 971 259 82 320 191 14 0
395 185 468 74 0 146 19 185 219
862 612 21 0 245 2 592 0 14
17 611 763 17 41 763 0 477 175
560 938 93 145 0 12 560 645 0
926 870 17 926 121 14 573 449 0
345 731 103 0 417 14 345 25 94
815 210 428 643 0 55 410 0 102
739 653 239 427 0 132 482 653 152
80 100 237 80 38 224 59 0 112
582 880 89 475 740 89 582 270 32
409 834 891 82 834 378 112 91 891
835 76 677 233 0 310 318 76 674
950 98 849 660 2 0 48 98 561
434 269 175 369 269 72 52 42 0
7 891 276 0 237 15 7 119 91
653 380 430 506 0 424 653 85 192
141 509 503 6 102 503 141 184 321
507 598 995 0 583 542 0 364 159
477 371 389 431 371 250 46 0 178
324 312 854 273 0 507 190 312 414
876 896 199 876 261 138 876 328 94
275 375 659 0 294 194 275 270 513
424 705 333 174 0 152 424 362 195
498 43 564 498 4 410 278 42 564
941 704 873 204 704 757 136 0 296
792 898 388 22 640 0 792 852 227
893 670 442 0 628 286 336 431 0
464 183 479 206 183 466 380 0 466
206 989 474 0 250 466 17 286 0
858 253 607 179 98 607 482 253 529
667 831 627 529 670 627 561 0 14
492 340 231 134 0 184 221 0 46
568 377 75 0 281 58 0 144 21
906 775 371 741 157 0 846 22 0
239 582 949 239 126 48 138 0 861
695 373 829 695 147 827 0 305 310
169 521 485 40 0 35 169 372 170
287 967 44 146 967 43 117 967 22
783 923 947 251 0 400 485 0 118
103 603 913 103 299 73 44 0 164
49 881 468 14 0 98 26 0 105
491 206 467 16 83 0 41 206 10
217 504 149 65 504 104 0 160 71
894 702 389 225 0 259 284 0 13
415 127 221 244 0 166 245 127 182
982 468 93 982 364 35 982 338 32
960 694 496 960 426 433 0 17 466
212 703 281 0 381 15 130 673 281
60 453 978 33 453 49 56 453 205
546 390 745 65 390 637 226 242 0
894 846 818 894 751 611 449 846 691
601 101 879 119 0 813 468 101 473
120 277 18 54 0 4 17 33 18
504 650 41 146 144 0 369 578 41
937 647 795 539 647 612 250 647 491
545 310 75 248 168 0 205 285 75
187 817 200 186 0 185 177 817 95
635 647 846 50 9 0 436 0 271
651 370 445 91 293 0 538 370 146
207 73 625 0 67 115 130 73 243
503 642 681 500 0 239 439 642 437
303 992 447 162 992 271 303 828 442
2 586 405 1 79 0 0 384 206
943 901 13 7 809 0 708 901 6
781 800 858 781 780 758 781 246 664
334 845 983 56 670 983 73 759 983
328 914 989 196 78 989 328 65 488
114 83 352 54 0 65 114 21 352
513 763 541 279 763 226 497 636 541
315 700 334 65 533 334 0 45 53
933 242 804 428 212 804 211 0 647
799 756 687 0 253 633 547 275 0
741 88 85 620 52 85 18 88 48
625 503 286 625 336 199 98 0 134
180 689 46 0 487 31 171 300 46
757 276 482 603 15 0 139 276 186
861 745 814 0 438 32 16 745 391
868 151 864 0 79 539 868 25 492
51 641 30 22 489 0 51 71 23
935 845 381 935 823 287 226 328 0
799 97 734 244 97 190 526 0 475
36 346 619 11 0 56 15 34 619
173 952 114 0 170 94 0 878 103
72 36 111 47 21 0 25 32 0
946 250 31 699 250 3 400 0 18
799 991 432 331 460 0 327 991 247
597 987 895 0 945 575 192 0 353
651 759 221 316 759 40 651 51 59
684 856 261 404 739 261 113 856 74
724 128 525 364 128 35 485 128 296
890 117 338 249 0 247 890 1 10
729 970 186 642 0 141 98 970 46
759 831 256 759 465 162 745 113 0
970 267 855 970 133 143 901 267 189
424 450 163 424 11 75 324 45 0
523 933 37 350 0 35 329 933 4
621 702 110 621 592 17 613 61 0
317 919 106 183 0 26 0 410 66
495 118 229 430 118 18 262 1 229
255 478 165 0 458 152 0 97 112
544 865 889 544 165 34 544 847 75
499 361 476 252 252 0 494 361 438
73 905 856 0 874 358 0 818 485
408 383 331 198 292 0 408 294 69
401 708 827 221 708 319 352 350 827
689 804 630 291 716 0 689 439 140
874 724 600 52 102 0 761 724 72
592 742 435 108 624 0 296 376 435
433 167 931 353 69 0 328 76 0
710 9 863 484 0 530 210 0 281
55 584 936 55 151 142 2 584 270
302 460 272 1 145 272 124 460 77
386 925 837 169 0 391 73 925 483
205 799 677 205 416 60 95 799 220
297 429 411 118 0 328 146 156 411
900 106 893 900 9 290 354 0 67
948 177 248 931 0 141 586 145 0
756 996 861 368 956 0 107 390 861
234 559 164 40 324 164 182 191 0
159 135 391 134 40 391 28 0 65
667 324 398 258 0 379 0 289 336
97 705 165 56 338 0 0 272 74
623 659 595 0 92 543 187 245 595
104 118 92 0 92 11 0 102 7
917 540 527 633 29 527 698 178 0
871 177 249 871 35 53 295 177 128
136 483 605 41 239 0 93 351 605
218 236 929 156 116 0 1 0 27
542 974 691 320 974 210 13 974 219
940 683 995 352 683 361 44 557 0
372 711 848 151 616 0 264 0 164
36 332 133 14 150 0 25 0 74
460 378 607 301 48 0 0 326 181
50 702 398 40 702 193 49 0 266
117 901 440 117 552 232 1 0 353
665 430 754 37 290 754 665 28 150
581 971 573 216 169 0 186 971 209
958 549 441 0 488 393 627 549 279
969 339 806 0 23 533 107 339 234
952 290 282 952 203 71 952 238 251
389 480 551 389 346 426 371 0 252
971 629 928 0 553 113 725 0 717
49 102 28 0 93 20 49 16 8
159 640 200 12 0 17 67 503 200
846 466 310 0 418 127 0 463 91
565 189 889 565 168 0 531 189 589
941 698 20 742 15 20 941 482 20
770 797 597 580 797 545 770 730 386
895 933 635 554 383 0 743 0 504
760 716 614 383 716 423 0 387 451
935 946 291 457 0 19 0 876 114
734 938 434 0 729 10 0 863 175
452 412 647 211 412 30 73 0 526
510 319 254 510 234 55 156 3 0
820 928 967 0 307 23 820 421 623
421 902 140 348 125 0 116 135 0
675 446 457 231 446 46 32 284 0
527 127 46 373 0 22 270 127 35
383 311 287 11 311 103 272 49 287
882 709 481 882 345 438 332 435 481
908 784 660 829 475 0 542 0 554
26 612 681 21 0 376 26 568 501
516 896 810 516 388 189 476 896 604
847 203 738 63 94 738 0 116 71
556 171 34 556 0 14 525 171 33
341 564 277 341 299 214 40 564 89
461 58 402 58 30 402 0 20 146
692 783 214 692 625 85 0 504 206
345 357 509 138 357 490 0 25 259
506 84 672 324 84 545 0 51 269
533 459 338 180 459 280 244 459 84
228 444 536 228 237 221 227 444 158
153 869 802 64 357 0 153 621 120
779 137 98 594 137 84 67 0 44
632 833 523 545 301 523 632 44 475
588 332 981 499 17 0 37 255 0
625 531 504 157 531 363 625 205 312
781 614 681 619 38 681 429 0 383
738 410 896 81 313 896 0 28 531
393 985 885 96 275 0 359 894 885
523 959 898 493 372 0 382 0 277
480 379 161 0 264 161 302 366 0
247 534 195 51 534 184 104 150 0
329 806 594 0 709 293 243 806 500
842 891 588 216 0 125 0 319 343
20 514 455 3 472 0 20 438 224
34 14 911 0 6 203 0 13 651
38 797 40 0 8 3 38 9 21
264 64 175 264 46 126 29 64 71
553 911 620 0 15 173 488 0 494
857 706 443 721 0 406 311 329 0
633 751 182 633 317 127 382 26 0
869 999 767 385 0 423 705 0 359
643 539 912 0 200 177 643 129 832
681 760 195 116 0 0 573 722 195
366 887 466 125 0 204 275 3 0
902 533 485 882 277 0 84 533 322
813 617 547 626 617 12 761 617 300
76 45 477 24 0 248 0 24 380
729 713 24 0 4 8 51 0 21
322 785 598 285 67 0 146 785 454
45 280 819 26 19 819 0 276 312
347 38 523 141 38 112 131 0 316
117 188 820 112 175 820 117 93 265
733 750 422 0 540 333 733 534 159
997 594 593 476 580 593 542 0 571
791 728 668 791 335 25 326 191 668
516 284 447 170 182 0 243 117 0
601 465 674 321 0 90 530 286 0
644 357 65 644 194 46 141 357 52
634 770 785 0 387 784 634 654 9
403 280 797 52 242 797 99 0 587
96 623 905 36 16 0 13 0 22
543 466 337 289 0 265 354 350 337
796 65 535 741 46 535 796 10 370
8 71 377 0 44 293 2 71 74
967 912 332 628 149 0 0 155 99
580 434 828 537 130 828 448 0 292
83 237 985 14 27 985 0 223 284
536 371 765 524 370 0 70 0 523
311 566 598 290 106 598 242 230 0
689 457 131 689 323 27 689 227 106
470 927 660 420 0 56 0 189 206
204 466 531 151 466 171 135 0 321
414 542 191 66 462 0 414 193 37
935 694 268 935 180 256 535 71 268
618 74 990 618 73 541 174 0 753
62 756 47 0 282 10 4 517 47
904 790 480 620 549 0 729 760 480
624 549 644 0 307 547 0 100 537
486 498 129 486 189 16 486 424 18
114 500 348 36 500 291 96 0 167
348 303 202 204 0 35 166 246 0
498 618 208 487 412 0 28 618 189
959 416 891 242 0 414 344 0 500
949 639 358 844 571 0 865 438 0
522 831 627 336 62 627 0 490 316
113 276 618 0 92 529 113 15 396
350 128 790 76 91 790 124 128 487
925 36 536 736 11 536 328 13 536
835 164 968 594 120 968 835 157 888
594 996 866 594 285 3 0 513 316
137 133 407 137 11 235 0 85 254
215 923 829 215 447 571 9 0 505
192 878 686 192 874 387 71 631 0
981 720 659 16 720 528 981 611 637
972 328 252 0 136 139 462 59 0
555 783 319 314 783 148 555 125 218
333 702 59 299 702 15 333 528 43
572 642 878 572 165 808 343 642 522
919 529 654 0 359 151 549 0 289
436 631 197 119 0 94 166 0 37
705 485 765 705 131 439 656 0 762
184 602 367 17 602 126 9 602 37
404 680 720 250 0 1 0 314 215
362 526 400 107 0 49 264 97 400
183 311 870 0 264 848 96 84 870
846 467 813 0 432 702 140 275 0
967 221 280 801 221 141 320 80 0
637 62 440 637 35 35 69 11 0
989 778 817 205 778 371 441 0 169
666 443 984 294 443 920 666 264 629
812 132 452 363 0 435 580 132 51
490 243 277 101 108 0 166 131 0
908 764 575 908 125 87 908 52 427
701 780 879 0 723 406 198 0 634
524 869 885 524 53 526 524 656 767
685 790 330 66 790 182 255 790 140
715 328 367 127 95 0 372 0 97
792 907 938 792 399 752 353 907 661
963 33 712 942 20 712 963 6 175
815 156 481 632 156 99 0 134 32
302 555 113 155 229 0 0 118 77
854 131 924 308 1 0 0 68 521
993 515 515 663 0 199 35 0 19
931 892 76 535 0 15 931 325 52
662 971 964 319 486 964 277 756 0
62 714 362 53 448 362 17 714 234
374 160 12 162 160 7 374 106 8
383 190 90 117 190 23 151 44 0
799 139 178 0 115 66 51 18 0
294 22 397 180 22 347 48 0 203
486 133 577 58 133 569 9 36 577
805 961 343 527 0 195 139 0 14
209 543 764 53 543 295 80 543 333
522 298 945 522 147 649 428 298 735
895 491 540 750 0 282 439 396 0
98 682 454 98 61 87 98 117 432
91 804 239 75 804 102 91 461 115
676 693 449 0 478 81 0 673 371
380 97 669 186 97 352 0 68 4
158 353 770 0 110 617 8 353 323
148 697 845 113 697 656 94 0 112
238 591 675 87 0 293 191 0 230
871 842 85 848 7 0 871 304 76
215 602 672 5 602 617 103 602 104
256 900 832 256 697 814 14 584 0
587 820 763 331 820 288 66 0 12
147 822 976 95 822 434 134 0 274
139 631 1000 0 440 589 139 219 0
513 152 405 472 134 405 0 138 91
32 762 855 32 552 817 32 718 612
570 90 4 0 48 4 209 0 4
246 580 620 246 363 545 246 82 70
981 807 635 187 807 173 0 100 297
496 849 4 213 0 3 196 564 4
609 735 814 561 0 178 0 74 91
975 710 624 917 710 555 670 690 0
278 784 195 278 395 1 149 337 195
63 842 920 63 670 285 2 276 920
666 234 969 0 89 203 409 189 0
346 336 712 346 93 248 326 267 0
615 926 713 0 219 398 615 358 61
721 339 799 578 234 0 0 12 644
71 451 76 36 399 76 0 119 19
717 745 53 85 745 37 0 121 2
828 574 415 227 41 415 251 574 266
114 734 53 95 160 0 114 573 34
294 846 856 0 791 449 8 846 148
112 396 538 0 85 496 112 122 328
9 588 435 9 429 413 2 0 300
395 939 358 395 373 175 395 671 267
605 445 958 0 325 869 497 363 958
285 965 153 259 965 0 0 834 132
363 10 569 315 10 569 82 9 569
658 487 121 372 0 40 619 0 45
494 901 903 328 40 0 105 385 903
414 380 30 414 62 9 414 327 8
692 914 310 0 368 63 679 0 91
879 204 306 201 0 215 0 154 15
913 202 956 878 146 956 913 183 802
895 657 918 0 286 129 738 120 0
830 162 156 733 0 34 47 162 66
610 158 966 610 80 174 451 0 417
982 57 636 428 51 636 640 57 331
189 15 181 0 0 70 178 14 181
177 347 566 77 81 0 24 333 566
438 604 380 366 0 114 438 146 362
530 383 63 246 383 32 21 33 63
74 671 247 64 221 247 70 150 247
509 43 890 0 29 700 482 0 635
501 631 175 347 631 50 447 0 128
412 753 364 27 218 364 412 331 107
938 139 36 895 0 10 245 139 15
322 706 25 64 706 21 86 0 14
895 430 907 505 240 907 3 396 907
183 592 912 12 485 0 183 486 201
943 536 720 755 280 0 309 127 720
636 665 799 67 0 233 472 428 799
778 112 390 173 112 302 778 62 107
676 605 287 218 0 254 416 0 129
588 102 389 238 0 378 515 0 187
316 377 646 107 0 338 72 300 0
828 423 556 244 88 0 0 104 379
828 324 210 680 324 42 476 0 50
20 979 69 0 501 69 15 979 60
796 288 470 689 192 0 97 288 315
325 148 843 325 82 414 257 0 737
626 832 350 126 832 43 72 0 170
953 902 445 634 0 402 953 571 377
987 470 373 145 438 0 920 180 373
368 140 743 368 23 202 175 140 455
887 18 669 775 0 93 216 11 0
759 690 261 214 634 261 550 20 0
883 545 423 484 199 423 0 65 198
767 987 532 202 18 0 767 622 121
810 478 498 643 426 0 0 444 474
829 204 587 633 71 587 343 160 587
410 41 854 0 10 200 410 4 71
202 620 546 3 291 546 202 222 133
789 293 173 586 214 173 746 293 119
131 13 383 131 3 351 131 11 103
939 505 611 939 124 537 939 251 211
671 413 236 412 262 0 344 16 236
240 924 198 92 924 46 25 729 0
582 708 558 116 0 441 147 659 0
35 324 651 35 0 604 35 122 548
532 477 881 532 321 410 272 0 626
353 341 849 160 47 0 251 31 849
58 229 330 24 221 330 37 229 277
613 343 644 244 255 644 300 162 644
633 200 711 583 200 523 633 185 197
347 918 780 144 918 424 168 0 588
294 421 684 267 362 0 256 289 684
778 812 30 0 65 16 778 230 6
449 107 776 180 65 776 410 105 0
281 403 231 146 0 54 25 403 115
25 298 739 12 298 652 8 166 0
257 469 692 257 441 335 183 469 479
891 993 86 754 595 0 249 0 31
202 586 208 196 0 53 202 586 71
247 635 414 59 0 346 36 465 414
494 892 280 494 588 252 136 892 129
393 270 203 253 270 12 382 270 154
54 818 79 54 664 28 6 350 0
693 693 371 72 288 371 0 337 300
115 908 526 115 149 513 90 245 526
414 119 79 109 119 47 349 0 74
678 691 719 173 0 10 678 567 85
679 97 982 677 0 681 357 97 425
497 258 521 497 105 482 497 164 22
811 520 765 351 328 0 276 520 390
973 967 783 556 835 783 382 967 464
892 139 487 316 10 0 565 99 0
692 696 353 0 584 62 346 0 117
797 600 0 234 0 0 490 0 0
368 214 121 196 214 85 0 157 45
143 928 748 43 928 408 77 22 0
856 537 58 576 537 52 155 203 0
963 145 202 206 89 202 963 28 81
718 823 778 253 823 309 713 12 0
874 580 902 820 65 0 187 40 0
299 44 190 299 28 27 0 31 154
216 419 32 57 419 18 84 419 15
912 251 489 750 129 0 0 170 408
336 350 623 286 253 623 0 91 548
83 47 707 25 36 707 22 41 0
580 207 844 433 201 844 580 124 211
409 633 1000 387 573 1000 409 444 688
962 896 625 429 115 0 201 443 625
920 705 316 0 282 125 696 680 0
882 406 756 514 406 64 0 38 177
901 401 575 231 0 214 608 347 0
955 482 811 509 0 375 57 329 811
490 441 936 312 32 936 490 55 278
345 47 334 345 33 312 115 0 191
508 509 547 508 420 171 129 509 320
663 700 466 63 281 466 130 700 36
810 658 796 415 658 731 810 564 12
796 813 86 414 0 54 796 755 18
540 495 864 398 495 276 262 0 763
104 778 524 104 434 277 104 488 429
732 995 720 732 448 608 559 0 191
965 265 581 643 0 428 965 147 413
211 44 614 136 16 614 99 19 0
429 132 292 114 0 45 97 132 1
6 135 211 6 0 99 3 135 84
968 842 509 968 519 368 0 313 188
966 24 14 46 5 0 848 0 6
592 300 156 261 177 156 103 120 156
427 126 655 106 0 79 140 0 234
532 940 87 9 364 87 292 480 87
154 845 152 28 752 152 125 113 0
681 746 63 681 57 10 590 0 16
674 241 719 630 109 0 674 30 615
563 775 793 367 658 0 0 230 302
182 172 248 182 55 67 182 27 124
264 482 498 196 0 308 21 421 498
305 592 969 107 136 969 0 288 632
988 83 835 263 26 835 526 0 593
681 350 927 0 263 806 0 245 862
464 569 84 0 50 53 0 438 59
67 473 254 16 319 254 46 473 34
652 207 951 519 157 0 0 155 59
608 530 837 82 19 0 62 0 721
2 673 90 2 318 17 0 0 76
185 815 922 129 815 91 185 506 33
490 249 201 389 249 198 0 235 58
25 44 143 0 38 135 2 21 0
26 108 417 20 0 77 19 86 417
860 722 128 645 717 0 72 0 65
259 616 712 45 34 712 105 432 0
13 478 825 13 332 513 7 478 354
908 663 829 313 559 829 865 353 0
562 997 446 175 733 0 416 997 433
714 505 787 714 177 327 230 311 0
35 454 461 22 396 0 32 0 105
710 843 494 524 0 358 226 843 457
47 226 744 36 128 0 39 170 744
941 631 544 0 375 537 842 136 544
52 158 88 0 83 13 46 49 88
753 13 674 335 0 174 753 8 132
870 556 439 870 420 199 870 103 118
869 584 114 412 0 6 741 0 59
7 668 857 0 148 0 5 594 0
365 920 570 0 736 94 365 905 188
474 986 656 474 887 104 474 852 373
978 539 661 953 455 0 958 539 473
533 733 737 157 733 709 47 504 0
229 398 251 188 17 0 93 170 0
196 858 623 122 858 411 0 388 255
821 304 46 140 228 0 710 151 46
31 164 250 28 164 67 18 0 147
725 271 362 60 128 362 183 0 317
361 722 385 55 515 0 0 594 139
274 868 968 17 868 754 215 85 968
739 244 219 30 0 50 398 0 133
220 363 567 50 69 567 214 363 398
37 358 393 25 0 286 36 101 393
734 945 676 734 505 336 0 749 312
659 13 124 0 7 87 369 11 124
541 927 455 289 927 306 136 421 455
787 891 679 504 0 517 0 9 231
302 432 699 215 432 698 237 45 0
875 649 904 0 138 6 156 0 594
806 778 463 376 480 463 479 778 132
313 963 623 0 595 158 22 963 563
409 604 612 402 604 154 409 60 398
848 936 83 848 598 26 31 936 64
910 753 75 155 611 75 910 323 57
326 72 590 326 68 363 0 24 532
724 615 375 0 460 290 511 615 132
499 421 494 368 0 455 59 407 0
178 560 377 0 457 363 22 0 325
714 200 598 42 0 1 193 104 0
140 426 610 126 422 610 118 0 259
3 369 30 3 204 0 3 278 15
211 618 593 72 200 593 211 229 207
714 925 576 184 0 139 185 0 236
99 84 606 99 75 308 16 73 0
841 855 308 642 159 308 78 267 0
773 89 422 283 35 422 20 89 298
518 640 120 94 459 120 223 231 0
786 830 455 411 830 94 522 398 0
921 347 345 0 302 289 0 13 33
16 886 498 5 128 498 15 0 173
824 109 525 81 109 312 695 109 520
641 195 772 95 27 772 0 119 307
176 343 678 157 202 0 0 29 177
429 788 336 419 0 146 179 371 336
564 818 229 515 818 89 228 140 229
858 288 595 858 83 134 794 73 0
788 548 537 747 0 252 785 548 479
987 562 182 346 0 91 887 0 18
359 834 695 0 273 365 258 403 0
193 81 774 193 61 473 74 37 774
492 927 30 480 419 0 492 527 12
679 171 501 283 98 501 0 1 417
574 66 955 333 0 22 574 56 217
256 298 670 256 220 563 195 53 670
246 656 435 115 432 435 246 245 86
870 133 18 567 82 18 870 47 11
265 733 234 265 377 1 0 358 33
817 267 679 581 0 410 243 237 679
747 9 972 703 0 229 297 9 284
748 74 371 0 18 94 0 42 289
927 110 84 923 110 70 927 5 56
713 772 720 166 0 384 0 275 270
910 134 142 194 78 142 525 134 104
648 748 828 587 264 828 147 434 0
937 681 567 870 184 0 313 0 210
629 341 398 0 312 47 629 196 368
666 588 838 666 356 186 516 588 671
58 631 943 31 0 150 36 36 943
588 957 935 0 106 394 323 0 272
443 341 21 27 341 13 85 230 21
350 730 962 0 355 184 81 338 962
246 721 907 154 401 907 29 215 0
233 42 721 44 11 721 62 0 557
150 488 57 76 0 38 0 113 56
620 759 117 250 759 81 191 759 51
930 606 348 930 382 53 659 0 313
540 592 980 129 279 980 48 0 949
213 216 512 213 169 139 213 205 271
194 62 303 123 54 303 63 45 303
840 919 870 185 405 870 834 919 557
233 872 81 229 555 81 178 320 0
390 299 509 118 133 0 390 17 496
258 662 73 143 0 48 258 574 5
407 364 657 236 7 657 264 201 0
748 16 315 266 0 87 0 3 278
721 420 700 364 0 504 0 252 62
108 391 532 0 138 353 33 391 357
193 619 461 97 0 92 0 142 36
495 777 334 375 777 141 0 257 68
43 967 256 43 160 191 8 66 256
786 58 993 526 58 457 264 0 576
287 698 985 18 698 793 0 443 819
639 164 179 639 31 17 0 151 178
43 384 684 26 0 575 25 384 448
161 20 501 142 0 241 28 20 221
954 743 253 259 40 0 777 0 97
296 919 190 201 919 85 25 381 0
13 761 643 10 0 97 4 761 485
466 632 901 0 504 709 0 302 130
908 327 927 908 97 532 908 199 108
676 481 397 366 29 397 380 481 92
105 149 590 6 138 590 48 1 0
691 341 744 691 258 330 76 184 0
937 883 285 398 0 28 937 462 212
57 109 903 14 0 277 57 74 153
708 410 900 297 410 484 443 0 833
90 978 650 0 252 167 90 636 173
907 316 139 124 316 120 577 118 139
263 66 587 123 65 587 0 24 90
833 378 433 723 264 433 833 249 221
885 773 119 346 571 0 885 214 49
814 128 458 595 65 458 416 0 403
311 294 728 0 28 542 205 294 561
10 490 586 9 405 586 0 486 13
339 295 406 10 0 390 164 240 406
890 771 390 0 501 317 194 771 372
90 850 329 4 69 0 44 850 309
678 858 683 567 0 134 44 218 0
798 88 923 798 36 617 146 0 234
559 842 715 435 842 699 213 525 715
970 604 138 861 604 77 0 96 80
583 20 605 251 7 0 80 6 0
666 867 908 86 867 545 299 867 32
790 326 345 419 255 345 106 224 345
108 824 749 32 824 302 108 632 253
287 428 649 287 379 87 261 346 0
994 759 188 557 531 0 539 473 0
38 944 408 38 324 71 28 0 71
238 635 783 238 157 208 238 71 385
369 815 217 156 0 27 0 463 157
392 952 735 385 952 513 361 406 0
220 108 151 34 108 55 98 0 109
922 785 348 922 647 222 0 546 313
177 412 904 79 345 904 177 363 290
874 756 866 422 642 0 0 633 77
610 925 251 68 925 159 0 525 2
589 653 102 521 0 92 327 0 51
389 416 464 276 264 0 0 122 210
453 96 791 453 17 614 145 0 722
820 139 773 83 82 773 489 15 773
384 201 547 359 200 547 384 15 174
456 994 213 44 0 136 107 994 62
919 694 108 332 577 0 796 614 108
437 463 23 0 169 10 101 160 0
272 546 398 1 0 398 0 490 157
425 237 818 318 237 747 299 237 587
867 97 688 0 38 527 0 32 505
851 608 306 656 0 225 0 571 253
525 589 958 33 114 958 525 351 376
761 451 126 538 431 126 249 0 34
694 476 436 464 419 436 167 334 0
918 886 776 449 688 0 703 643 0
994 402 591 0 99 128 943 205 591
764 252 279 536 0 235 55 87 279
763 82 213 198 0 24 519 79 0
586 640 40 135 0 13 318 82 40
666 899 3 87 0 3 666 266 2
128 974 598 128 723 72 86 974 587
591 22 211 42 22 55 67 22 25
961 577 533 0 489 221 141 56 533
894 21 728 482 21 564 894 10 513
752 613 307 281 613 22 256 613 244
565 200 581 539 170 581 565 45 149
703 52 427 703 16 173 332 15 427
985 802 790 0 529 498 193 0 20
127 389 357 23 206 0 0 124 265
874 656 511 637 656 340 0 429 418
910 509 618 199 355 0 910 231 124
460 471 718 23 374 0 28 0 684
739 762 825 636 762 233 386 0 821
910 440 134 528 32 134 849 440 25
836 296 880 456 109 0 342 189 0
83 384 374 43 384 59 70 303 374
899 305 510 352 165 0 872 0 3
657 739 918 657 463 278 648 34 0
784 738 552 129 616 0 335 721 552
3 453 396 0 205 266 0 268 229
995 864 618 682 864 363 0 708 187
804 816 762 184 455 762 804 519 752
641 579 736 0 121 417 313 0 600
866 161 842 120 53 842 866 72 196
826 109 298 138 0 128 826 35 237
87 391 184 42 125 0 55 138 184
92 275 533 85 20 533 92 105 504
941 772 748 0 583 262 691 612 0
339 11 836 160 5 836 0 9 672
140 410 439 140 87 349 85 10 0
782 131 536 695 118 0 782 34 253
995 844 708 995 104 349 118 181 708
586 681 704 586 183 642 553 87 704
757 775 894 757 43 152 757 361 211
215 395 786 196 0 131 215 0 723
927 513 496 248 39 0 832 214 496
632 56 63 492 33 63 632 55 16
237 712 721 176 712 524 165 56 0
820 14 730 198 7 730 414 1 730
64 582 734 58 316 734 50 0 147
32 365 479 0 49 256 18 365 303
714 505 304 157 505 210 26 0 7
261 915 393 261 757 392 0 537 375
887 925 31 736 925 23 0 847 22
920 741 3 920 391 2 837 741 2
420 382 930 319 80 0 420 243 386
427 720 933 67 386 933 427 159 620
424 205 718 424 98 169 310 0 528
313 644 655 43 0 580 313 434 517
679 265 373 679 161 58 0 255 233
50 717 246 34 458 0 0 408 6
490 58 499 312 12 0 317 39 0
162 423 329 8 423 320 0 48 65
68 487 666 66 407 0 19 202 666
916 504 848 848 0 649 916 153 454
823 212 935 626 49 0 457 212 310
333 571 514 109 0 167 134 0 376
429 941 389 150 941 220 343 941 370
776 407 353 776 378 334 0 321 261
796 996 606 796 44 332 59 0 562
911 685 361 106 313 0 911 11 81
491 317 264 309 202 0 274 208 0
367 344 227 40 344 125 0 162 166
158 377 260 29 0 85 0 127 72
396 714 575 396 490 392 333 485 575
248 75 653 200 3 653 116 67 0
668 111 674 10 90 0 293 74 674
184 27 524 175 27 447 135 5 0
160 315 94 94 315 59 160 221 65
865 225 812 79 225 594 44 0 344
486 42 887 50 0 539 486 10 381
344 806 455 165 571 455 32 505 0
430 740 493 357 0 394 198 0 365
226 422 795 198 41 0 145 422 554
670 909 361 670 252 232 651 641 0
994 989 695 994 42 385 112 0 318
608 524 405 461 524 377 608 160 156
921 996 916 711 588 916 921 273 577
652 967 494 118 810 0 233 214 494
603 245 190 74 245 190 124 85 0
635 155 774 309 0 401 273 139 774
868 303 558 868 180 5 868 215 473
680 289 530 680 266 181 0 114 415
243 722 769 33 722 229 134 702 0
700 840 578 630 0 567 561 89 0
287 538 647 51 0 368 287 251 284
456 396 192 0 387 38 0 312 143
537 346 134 165 240 134 341 103 134
65 322 782 0 258 226 65 196 590
554 441 785 454 0 312 0 142 446
246 974 306 237 0 146 194 974 5
384 300 638 363 265 0 384 36 406
237 265 708 103 265 569 78 126 708
119 293 168 119 180 63 119 284 108
657 536 458 183 476 0 305 0 453
402 663 840 369 0 627 3 188 0
588 683 953 461 0 625 80 0 494
13 816 981 0 25 648 7 520 981
641 650 561 52 0 62 0 393 373
157 841 247 101 0 1 112 84 247
348 314 922 272 0 908 348 135 160
699 567 176 249 0 130 699 39 42
680 404 351 376 175 0 162 404 189
48 815 133 14 191 0 7 0 102
507 550 529 458 0 300 0 547 431
169 910 33 151 652 33 122 910 11
42 581 91 40 102 0 1 94 0
623 559 196 586 0 55 99 0 89
91 815 828 62 0 606 2 0 121
936 262 167 637 262 130 302 262 50
384 212 235 0 103 150 226 0 180
156 609 403 54 0 194 156 420 76
476 592 375 476 372 119 267 592 236
476 320 49 360 0 49 476 241 10
333 638 399 279 0 93 54 569 399
885 753 563 196 38 0 388 753 125
239 448 596 143 448 361 216 182 596
561 386 538 561 242 96 561 312 426
134 270 363 69 0 206 0 57 307
631 222 444 631 22 132 631 114 325
896 702 424 717 0 316 181 322 424
609 45 203 273 44 0 273 45 22
816 878 699 312 232 0 812 578 699
256 180 473 150 109 473 256 125 453
67 25 736 48 25 199 63 14 0
725 291 743 599 276 743 315 205 743
731 320 709 0 258 255 0 194 198
829 285 938 38 285 358 0 138 117
853 580 257 0 449 116 284 363 0
557 537 371 553 0 366 303 227 0
663 415 366 456 274 366 0 18 268
908 270 402 271 181 402 908 228 368
378 253 774 0 206 628 378 109 158
856 957 28 0 956 15 351 957 22
210 191 265 210 88 218 210 164 241
358 502 354 300 0 337 282 445 354
490 837 290 323 511 0 377 837 98
230 444 492 230 110 406 94 0 436
788 934 525 6 277 525 0 597 88
167 567 340 167 334 44 51 567 250
190 293 132 172 255 0 18 293 70
612 383 169 462 383 118 567 206 169
86 557 853 69 293 853 86 253 725
269 943 363 24 943 74 60 0 160
225 116 71 225 28 28 225 13 18
108 942 693 64 274 693 58 470 693
536 183 353 0 151 303 135 69 353
793 617 686 313 617 357 0 166 560
641 995 172 0 732 138 168 995 67
589 481 921 0 221 295 393 236 921
281 546 904 256 240 0 277 488 904
267 258 422 0 204 275 0 74 212
151 574 954 0 203 52 37 109 954
695 784 241 695 333 59 512 341 241
