32 105
5 0
3 5
1 0
3 0
2 2
0 3
0 1
1 2
3 5
3 0
4 2
5 3
4 3
1 4
0 2
4 1
5 0
2 3
0 1
5 5
4 5
5 3
1 1
0 0
4 1
1 5
3 2
5 0
5 1
1 3
4 5
3 3
27 199
3 3
3 1
3 2
0 1
1 5
3 3
2 5
2 1
3 3
2 3
0 1
5 0
1 1
0 0
0 2
1 3
0 3
1 5
4 1
2 4
4 4
5 4
4 2
1 4
0 1
2 0
5 1
22 405
5 0
3 0
0 1
0 0
0 2
4 5
2 0
3 4
5 0
1 1
5 2
3 4
3 2
3 3
1 5
3 4
4 1
1 2
0 5
2 5
2 2
2 2
16 78
3 5
5 1
3 4
5 3
1 1
0 3
4 3
4 3
0 1
5 4
2 3
0 5
2 0
3 0
0 4
1 0
40 15
2 1
5 5
5 5
4 5
5 3
4 5
2 5
3 5
1 5
0 4
3 4
2 5
1 3
4 2
3 1
0 2
5 5
5 1
2 1
2 0
4 4
5 4
4 1
4 2
3 0
2 2
0 1
1 1
1 2
1 5
1 3
5 5
1 0
1 5
1 3
4 1
2 4
4 1
0 5
3 5
5 94
5 1
2 4
5 0
1 4
3 3
46 73
3 2
5 1
2 4
0 1
5 0
1 1
1 1
3 0
0 0
2 3
5 0
0 1
4 1
5 4
4 4
5 0
2 4
2 4
5 3
5 1
3 4
0 3
5 3
2 4
0 5
2 1
3 5
2 3
5 0
4 1
5 5
4 5
3 4
2 3
2 3
0 1
3 2
1 5
5 5
5 2
3 1
3 3
2 5
4 4
5 3
4 4
12 248
2 2
2 4
3 2
0 3
1 4
1 3
3 2
2 0
3 0
5 1
5 1
3 5
3 415
2 0
4 5
2 1
21 398
5 4
2 4
1 0
4 0
1 4
4 0
3 2
0 1
0 2
4 2
3 2
5 1
3 1
1 4
1 3
2 1
5 0
1 5
5 3
3 4
2 0
33 311
4 0
3 1
4 5
5 2
3 4
3 4
5 2
5 0
2 0
4 1
3 2
5 4
5 0
4 3
1 2
1 0
5 0
2 4
1 2
5 1
3 3
0 5
4 1
3 1
2 2
1 4
1 1
2 2
1 2
5 4
0 1
3 4
4 4
24 481
5 5
1 1
2 5
1 5
1 0
1 2
5 0
1 4
4 5
4 2
5 4
2 3
4 1
2 5
5 4
5 1
0 2
3 3
4 5
0 1
2 1
0 4
3 0
5 0
14 453
4 1
5 1
2 5
5 5
3 5
0 2
4 4
1 1
1 1
3 0
4 1
0 2
2 4
4 1
11 357
0 5
5 5
1 3
4 5
4 3
5 2
3 0
4 4
0 2
1 1
3 3
34 121
1 0
4 4
3 3
3 5
5 1
2 4
0 2
2 1
1 0
4 4
1 2
1 3
3 4
2 2
5 0
0 1
2 2
1 0
4 5
1 5
5 5
5 0
3 3
4 0
4 4
2 0
0 4
1 0
1 1
3 0
0 1
2 4
1 2
1 0
38 383
4 3
4 1
1 1
0 4
2 0
2 3
4 3
0 2
0 0
0 2
3 4
1 0
3 5
1 5
1 1
2 1
3 4
2 0
5 5
4 1
2 5
3 1
1 2
0 4
2 3
4 1
0 1
1 5
5 5
0 0
4 5
1 2
2 4
1 3
4 1
4 4
2 1
0 1
28 215
0 5
4 2
4 1
1 0
4 3
3 0
2 2
5 3
4 0
3 3
3 5
2 3
2 2
1 5
3 3
4 5
1 1
0 0
4 1
5 4
0 1
4 4
4 0
3 1
3 2
0 3
3 1
3 1
1 405
0 0
35 85
5 1
5 5
1 3
4 0
0 4
2 2
0 3
5 3
2 4
0 2
5 0
3 4
3 2
1 2
4 0
3 0
1 5
0 5
3 2
4 1
1 3
2 3
0 3
3 4
3 4
5 5
2 3
0 2
2 0
0 0
2 3
5 2
0 1
3 1
4 3
14 346
2 0
2 1
3 2
0 4
4 1
2 2
1 2
2 0
0 1
3 0
4 5
4 0
4 4
0 0
35 202
2 4
2 4
5 3
4 2
3 1
2 1
1 1
3 2
0 2
3 2
4 5
4 0
5 3
1 2
1 0
5 4
4 2
2 5
3 3
0 3
1 1
3 1
4 3
1 3
1 0
3 5
0 0
0 1
5 4
2 4
5 2
5 4
5 4
2 4
1 0
17 332
0 3
2 2
0 2
5 4
1 0
2 1
4 4
4 3
5 0
1 5
5 3
0 1
0 4
4 0
2 0
3 2
3 0
44 382
5 4
4 0
0 1
0 5
1 0
2 5
1 3
5 5
0 1
5 2
5 1
4 4
4 1
5 5
0 0
5 3
2 0
4 5
2 2
1 4
4 2
4 1
4 3
3 5
0 1
2 1
2 3
0 4
3 0
5 5
4 2
0 0
3 1
1 1
3 2
4 1
2 5
5 5
4 0
3 4
2 0
0 5
0 4
3 4
4 227
3 0
1 1
0 1
0 0
35 322
3 4
0 3
5 5
0 5
1 1
4 3
2 5
3 0
0 2
5 4
1 0
1 5
3 4
5 2
5 0
1 2
2 3
5 3
3 4
5 2
2 5
0 4
0 3
1 5
5 3
5 4
5 3
5 5
2 3
1 2
2 3
3 0
3 4
0 4
4 1
7 102
1 3
0 5
2 5
4 2
4 0
4 3
4 1
5 363
1 3
5 5
4 3
5 3
4 5
29 355
5 4
1 5
4 5
1 2
5 4
5 3
3 5
4 5
4 1
0 4
5 1
2 0
2 0
5 3
1 4
1 1
5 4
0 3
3 2
4 4
4 2
3 5
4 4
0 4
3 2
4 2
0 3
0 2
2 0
50 70
1 2
4 1
4 1
4 2
3 0
1 3
3 0
4 5
2 0
4 4
0 3
2 4
4 5
2 1
3 1
2 3
0 0
3 0
0 0
2 5
5 3
3 0
1 0
5 0
5 5
1 1
4 3
0 2
1 2
0 1
2 1
4 5
2 3
1 2
1 0
5 3
3 0
0 3
5 4
2 5
3 5
1 4
4 4
2 5
4 0
2 5
0 4
1 0
1 2
5 4
9 236
2 3
1 5
1 0
4 2
4 3
5 1
3 4
1 3
2 0
50 406
5 5
2 5
2 3
3 4
2 0
2 2
4 4
3 0
4 5
2 3
2 3
5 3
5 3
1 0
1 5
1 2
4 1
0 5
4 2
1 2
2 0
2 4
4 1
5 1
3 0
0 2
2 4
4 3
0 5
5 5
0 5
0 4
3 3
2 2
2 3
4 4
4 2
0 3
3 1
1 3
0 3
5 2
3 5
1 5
0 5
5 5
3 2
3 3
1 4
5 4
43 10
3 1
1 2
4 2
5 3
1 1
1 3
5 3
1 3
0 1
3 1
1 3
3 1
0 0
3 0
4 5
1 0
5 4
0 2
3 4
2 4
2 5
4 2
0 2
5 1
3 0
4 5
5 4
3 4
1 2
0 5
0 3
2 0
2 3
2 0
1 1
1 1
0 4
2 0
5 3
0 0
2 0
5 2
4 4
25 344
5 5
2 2
3 1
5 1
0 4
0 0
2 1
3 0
5 1
3 1
4 5
1 4
3 4
0 5
0 5
0 0
5 2
0 4
5 4
2 5
4 4
5 1
0 3
2 0
2 1
18 308
1 0
3 5
3 2
2 5
1 5
0 0
4 1
3 4
3 2
0 5
5 5
5 0
5 4
0 1
4 0
1 5
1 0
0 1
26 497
2 2
3 3
4 1
5 5
1 5
1 5
2 2
3 0
4 3
5 4
1 1
0 5
1 5
1 3
1 0
3 5
4 2
4 1
4 5
4 3
3 5
1 3
5 4
5 5
1 0
0 0
46 58
4 2
5 4
0 3
2 1
0 1
5 5
3 4
0 0
0 0
5 3
4 1
1 4
1 1
2 2
1 1
3 2
5 4
4 5
1 0
4 3
0 2
1 5
2 0
5 3
5 0
5 2
5 3
0 0
2 1
0 5
3 5
4 1
3 2
3 3
5 3
3 0
3 4
1 5
4 5
1 5
4 4
4 1
0 1
5 4
4 2
2 3
9 330
4 4
4 2
5 0
4 2
5 2
4 2
4 4
0 4
1 1
19 101
2 0
5 0
2 1
5 4
4 1
4 4
4 3
1 5
1 3
1 5
1 1
1 3
1 1
5 1
2 3
1 1
3 2
5 4
0 3
47 56
1 0
5 2
4 4
2 4
3 0
0 5
2 0
4 4
3 2
3 5
0 3
0 4
2 3
5 5
0 4
3 0
0 1
0 1
4 3
0 4
4 5
4 5
3 1
3 2
4 1
4 2
2 2
5 5
2 2
3 4
1 1
4 3
5 5
1 5
3 5
1 5
2 1
3 3
4 4
5 4
3 2
4 1
0 0
4 4
3 2
2 4
1 3
23 167
4 5
2 3
1 3
1 0
2 0
3 1
5 1
0 4
0 2
2 4
0 0
1 1
3 4
1 5
5 0
0 0
1 2
4 1
4 3
3 1
1 2
0 3
1 2
49 466
2 3
0 3
2 1
2 5
4 1
4 4
4 2
1 2
3 4
5 3
1 4
1 4
3 3
4 0
3 3
0 4
1 0
5 3
2 0
2 0
5 1
0 0
0 3
1 5
2 3
1 3
4 4
1 3
1 2
3 1
3 2
1 2
2 4
2 5
2 0
2 4
2 4
0 3
3 1
2 3
3 5
5 2
5 4
1 5
3 0
0 3
5 0
0 4
3 0
38 255
3 3
5 5
3 3
3 5
1 3
2 4
0 4
2 1
1 4
4 5
4 2
3 2
4 1
2 0
4 0
5 5
2 2
2 3
1 4
2 0
2 1
5 5
4 0
5 3
1 1
3 5
3 2
5 0
4 3
1 4
0 4
3 3
2 2
2 3
2 3
4 2
3 0
5 3
30 78
5 3
4 1
4 3
0 0
0 0
1 4
5 2
4 0
1 0
3 1
5 3
2 3
0 2
5 2
5 5
4 4
3 3
5 5
2 0
3 5
3 3
0 5
1 5
3 1
3 0
2 2
1 4
4 0
3 0
3 4
11 250
3 4
1 5
4 1
3 4
5 3
5 4
0 5
2 3
1 5
1 2
4 5
11 22
1 0
3 5
4 4
5 2
1 2
3 2
1 1
4 0
5 4
0 5
2 0
23 151
0 3
1 2
0 3
0 0
2 2
5 4
2 4
2 0
3 5
1 1
2 0
5 0
1 3
2 1
5 0
1 2
2 2
4 4
4 0
5 0
2 1
2 5
5 5
29 356
4 1
0 4
5 5
5 1
5 0
2 3
2 0
0 4
2 4
1 0
0 5
1 5
4 5
3 0
5 3
0 0
4 1
2 4
3 4
3 4
0 5
0 5
5 1
0 2
1 3
3 4
5 0
1 1
2 2
48 89
3 2
2 1
3 2
0 5
3 3
3 4
2 0
2 1
4 0
5 2
4 2
5 3
0 0
2 3
3 0
3 5
2 0
4 3
4 0
5 1
3 1
3 4
0 0
0 2
5 1
1 4
5 3
4 2
5 1
4 3
1 4
4 5
4 5
5 4
1 4
2 4
2 3
2 4
2 5
3 2
5 2
5 2
2 0
5 2
4 3
4 3
3 3
5 3
29 427
4 1
5 4
0 4
0 5
2 0
2 1
3 4
5 2
3 4
0 5
2 4
3 0
3 5
1 5
5 4
0 3
1 5
5 3
4 5
0 1
5 5
3 1
1 2
2 0
5 4
5 2
5 1
5 2
1 2
15 455
1 5
2 1
5 2
2 5
1 2
4 3
4 5
1 4
5 0
2 4
4 1
3 4
2 1
0 4
1 2
21 379
1 0
4 2
3 2
2 1
2 2
2 2
5 3
0 1
4 1
1 3
3 3
3 3
3 3
4 5
5 2
4 1
1 3
4 4
0 1
1 2
2 1
15 283
2 5
2 5
4 2
4 1
1 4
3 5
0 2
4 1
3 0
1 1
3 5
5 3
5 3
4 1
3 0
42 250
4 3
2 4
4 3
0 3
4 1
1 5
0 4
5 4
5 5
2 4
3 5
1 2
5 1
5 1
2 2
1 5
1 4
1 2
2 1
2 0
1 3
1 2
4 4
3 0
5 1
4 3
2 4
3 3
0 2
2 2
1 1
3 4
4 3
1 1
0 2
5 3
3 1
0 1
4 2
4 4
2 5
5 4
14 344
4 3
3 1
4 0
5 3
1 2
0 3
5 4
0 0
4 3
3 3
5 4
3 3
1 1
5 4
23 230
2 1
0 3
1 4
0 5
3 2
0 0
5 5
0 2
5 4
5 0
1 2
5 3
0 4
5 2
1 3
1 3
5 2
1 4
4 1
4 5
0 1
3 4
2 2
30 204
1 5
0 3
0 3
4 5
4 5
0 3
3 1
2 4
4 4
0 2
4 2
2 0
0 3
0 1
1 1
2 3
0 5
3 1
3 1
1 2
5 0
3 2
5 4
1 4
3 4
1 5
1 0
2 4
5 2
2 5
12 106
5 3
4 4
5 5
0 4
3 3
1 3
2 1
3 5
0 2
2 2
3 3
3 5
37 156
0 1
2 1
0 1
3 2
1 2
5 0
2 0
0 4
3 1
5 2
3 5
2 5
4 0
0 0
0 4
5 4
5 1
5 1
2 2
0 3
5 1
1 2
1 4
5 5
3 5
5 4
1 2
3 0
3 4
5 5
0 1
5 5
5 5
2 2
3 5
0 3
3 2
3 224
2 4
4 5
2 1
28 191
0 3
5 2
0 4
3 0
4 3
5 4
4 3
4 5
5 2
2 3
2 1
5 5
4 3
5 3
2 2
3 1
5 4
2 3
1 3
0 2
4 1
1 1
3 1
5 3
4 5
2 0
4 0
5 0
28 248
1 5
0 5
4 4
3 2
5 1
4 2
3 5
2 3
2 2
0 0
3 4
4 4
3 0
2 0
3 3
0 1
1 2
3 5
3 4
5 1
0 0
5 3
0 5
3 2
5 0
5 5
1 0
3 4
11 336
0 2
3 5
5 4
3 1
3 0
3 2
0 2
2 0
4 0
2 3
5 1
5 295
0 1
4 4
0 1
1 5
2 0
33 160
1 5
4 0
3 3
4 4
2 0
5 5
5 1
5 1
0 2
3 4
4 5
4 5
5 1
3 1
2 4
2 4
0 4
5 5
2 5
5 2
5 5
5 0
0 2
3 1
0 5
2 3
4 4
4 2
4 3
4 3
0 4
0 5
3 4
14 231
2 0
1 3
0 1
1 1
1 1
5 0
4 3
2 1
5 0
2 3
2 4
0 2
3 0
4 4
8 288
3 2
5 5
4 2
3 2
3 0
0 0
4 0
1 1
24 29
2 1
4 4
0 0
4 1
2 1
2 5
2 2
3 4
2 3
1 2
3 0
0 3
5 1
3 2
4 5
1 4
1 5
1 3
0 0
4 0
2 1
1 4
0 1
5 3
7 117
2 4
0 0
4 2
2 4
0 1
1 1
5 0
20 38
1 5
2 2
4 1
1 1
4 2
0 3
3 4
5 5
5 5
3 4
2 3
2 5
4 2
2 3
4 4
3 0
4 4
3 0
1 4
0 1
3 462
5 2
4 1
0 3
5 75
2 4
0 3
1 5
0 0
5 2
32 189
0 3
4 1
4 0
5 4
5 4
5 4
0 4
0 0
0 3
3 3
0 4
4 2
3 0
4 5
4 0
3 0
5 1
3 3
4 2
1 1
4 4
4 5
0 3
5 0
3 3
4 2
3 0
5 3
4 1
2 1
3 2
4 5
36 33
2 1
2 2
4 0
3 3
4 4
1 0
4 1
4 4
4 2
5 0
1 3
3 4
1 2
0 3
2 5
0 5
5 0
2 2
5 0
3 4
0 0
3 0
2 0
1 4
4 4
2 1
1 1
3 2
5 4
1 4
1 5
2 4
3 3
3 4
5 2
3 4
30 87
3 5
1 2
3 2
4 2
0 5
4 1
0 3
3 1
4 4
1 3
2 3
2 5
3 2
2 5
1 3
5 5
4 2
1 2
3 0
4 2
0 4
2 0
5 3
3 4
1 0
0 3
3 5
1 2
5 2
0 5
39 327
5 3
5 2
3 4
1 0
1 4
4 4
4 5
0 1
3 4
0 0
4 4
1 1
4 3
3 4
4 5
0 5
0 0
3 3
2 1
2 3
2 3
5 0
1 5
4 2
2 3
2 3
5 5
3 0
4 0
4 3
5 3
0 2
1 1
5 2
2 5
2 1
1 1
5 2
4 3
4 497
1 5
4 1
2 2
4 2
46 40
3 3
2 5
4 3
2 3
2 1
5 2
1 3
1 4
5 0
1 2
5 4
4 0
4 5
5 3
2 2
3 3
4 4
5 2
4 5
2 3
0 3
1 2
0 3
1 2
5 3
0 0
4 3
4 3
3 4
3 4
3 4
0 5
3 0
1 0
3 4
4 2
5 3
1 0
3 3
3 5
5 2
0 1
3 4
1 5
0 0
0 1
4 292
3 5
5 2
3 1
3 4
33 496
3 2
0 4
4 0
4 2
0 5
5 2
3 0
3 0
0 0
0 2
5 4
4 0
0 5
5 5
3 0
3 2
1 5
4 5
4 2
5 5
1 5
4 1
1 3
5 4
2 0
0 0
1 4
0 0
1 0
0 5
4 0
2 5
3 4
6 16
2 4
5 0
1 1
5 1
2 5
3 5
16 239
3 4
3 3
2 3
1 2
1 2
0 0
3 1
1 0
5 2
0 2
2 0
4 3
2 0
4 5
0 5
3 3
14 171
5 4
5 4
4 4
0 2
0 3
0 2
3 5
2 1
3 2
3 4
3 0
0 0
3 3
0 4
10 220
3 5
5 3
1 2
0 4
3 0
1 4
4 4
0 4
2 2
0 5
46 256
0 0
2 3
1 3
2 2
3 3
5 2
5 4
4 5
4 5
0 5
4 0
4 3
2 2
1 4
4 4
1 2
4 4
5 1
2 4
5 3
4 3
4 2
5 3
4 1
4 0
0 5
3 5
5 4
4 2
2 5
1 4
0 0
2 5
2 2
5 2
3 0
2 4
1 0
5 1
4 4
1 2
3 0
4 5
2 1
1 4
1 5
21 211
1 1
5 3
3 5
4 4
5 5
3 2
4 3
4 0
4 1
5 2
2 3
1 1
5 5
0 5
3 5
4 4
4 2
2 1
2 2
2 1
1 5
49 185
1 3
5 0
5 4
2 0
0 4
3 3
0 0
5 1
5 4
5 1
5 5
0 4
4 1
5 5
3 1
4 5
2 2
1 4
3 5
0 3
4 5
5 2
1 4
3 4
0 0
5 5
1 0
4 5
5 3
4 5
2 0
3 2
5 2
4 2
2 4
4 0
4 1
3 0
4 1
2 1
0 1
4 5
4 0
3 3
1 1
1 4
5 5
5 1
3 4
22 301
2 0
4 1
2 2
3 4
5 2
3 3
5 0
3 1
5 4
2 3
0 0
4 2
4 4
3 3
4 5
5 0
2 2
2 0
4 5
5 5
5 0
4 1
24 121
0 0
1 3
0 1
4 0
0 2
3 2
4 4
1 5
4 2
1 5
5 1
4 2
3 2
3 3
2 3
1 3
5 1
1 0
2 3
0 0
4 2
2 1
1 0
3 5
11 370
2 0
0 0
0 4
1 2
1 0
4 0
3 5
4 2
4 5
2 2
5 5
49 74
4 2
3 2
0 0
3 0
2 2
1 3
0 4
4 4
4 2
2 3
1 3
1 2
5 2
5 2
4 5
0 5
2 5
4 3
2 4
5 5
5 2
4 3
2 2
3 4
2 3
0 4
0 4
0 2
3 1
0 0
4 3
2 2
2 1
5 4
3 5
0 0
3 4
5 2
3 0
1 0
0 4
1 2
2 4
3 2
4 5
0 3
0 1
4 5
1 1
12 274
1 1
5 1
1 5
4 3
4 0
2 3
3 0
4 0
3 5
0 4
4 1
0 1
7 322
1 0
1 0
0 0
0 3
1 5
5 0
1 5
39 10
5 2
3 4
2 1
3 2
0 4
4 2
5 0
2 3
2 0
5 2
0 1
5 0
5 3
3 0
1 1
0 1
0 0
3 0
2 4
0 0
2 5
0 0
2 3
3 1
5 3
2 4
4 3
1 5
2 4
0 2
5 3
2 0
2 1
4 1
4 1
3 1
2 4
4 4
5 2
50 161
1 3
0 1
0 3
5 5
0 1
4 2
0 4
2 2
2 4
0 4
0 3
0 3
3 5
3 4
2 3
1 1
2 5
1 4
0 5
5 4
1 2
0 3
0 5
2 0
3 3
4 0
5 4
2 4
2 1
2 1
0 5
1 0
5 4
0 2
3 3
3 2
4 3
1 5
0 1
1 0
4 1
2 5
0 1
2 3
5 0
4 0
2 3
4 2
2 4
4 2
12 167
5 3
3 2
5 1
4 2
1 5
5 0
3 0
5 4
0 4
1 5
5 1
3 2
28 309
3 0
5 5
2 1
2 0
0 4
3 1
0 1
3 3
3 0
4 1
0 4
0 0
2 2
2 4
1 3
3 0
0 5
0 0
4 4
0 3
2 5
4 2
3 5
4 5
5 3
4 0
4 2
5 5
10 403
0 2
3 3
2 4
0 4
5 3
5 0
0 1
1 5
5 0
1 5
27 192
2 5
3 3
5 5
5 3
5 3
2 0
2 0
0 1
4 5
3 2
5 4
3 0
0 0
4 1
1 0
4 1
0 3
1 4
4 4
3 4
1 0
2 4
2 4
0 3
3 0
0 3
1 4
15 431
2 1
5 0
1 4
4 0
5 5
2 0
2 4
2 3
2 4
4 3
2 2
5 3
1 1
0 3
0 3
8 59
4 2
0 1
1 1
1 1
0 0
2 5
5 1
3 1
37 131
2 2
2 5
3 1
2 3
3 2
4 0
1 4
5 4
0 1
1 3
0 4
0 5
0 2
1 2
2 5
4 2
1 3
0 2
3 2
2 0
3 5
4 3
2 2
1 2
4 0
1 1
2 0
5 1
5 2
1 0
3 3
3 3
1 5
4 5
3 2
1 1
1 4
2 84
2 0
5 0
19 17
0 4
1 5
1 5
2 1
2 5
2 1
1 5
5 1
4 1
0 0
5 1
0 4
2 1
3 0
0 5
4 3
2 0
1 3
1 3
46 329
3 2
5 3
5 0
2 4
2 2
3 5
0 5
0 4
1 1
2 2
3 3
2 4
1 4
1 5
3 0
2 4
0 5
0 5
4 0
5 2
5 5
0 0
0 3
2 3
0 1
0 4
0 4
5 2
0 2
5 1
5 4
1 5
1 1
3 0
1 0
5 1
2 2
4 1
5 3
1 4
1 1
2 2
1 3
2 4
4 0
1 5
29 336
0 1
1 4
2 1
4 3
5 0
1 4
1 2
1 0
5 2
0 2
5 4
1 3
4 3
2 1
4 1
4 1
0 3
1 2
5 1
3 1
0 5
0 0
1 1
3 5
4 4
0 5
4 3
5 0
4 2
32 499
4 4
2 2
3 1
5 4
3 4
3 4
5 1
3 2
2 3
5 5
5 5
2 1
2 5
2 5
2 4
2 3
1 2
0 1
4 5
5 4
2 5
4 3
5 1
0 5
5 4
3 2
0 4
4 4
0 5
0 5
5 3
0 0
37 366
1 4
5 1
2 5
2 3
0 4
3 2
1 1
3 0
1 0
1 5
5 4
0 0
2 1
5 1
2 3
3 4
3 2
4 3
0 0
0 2
4 3
0 0
4 1
5 5
0 3
5 2
1 5
0 5
3 5
0 0
5 3
5 5
4 4
5 3
3 2
3 3
1 3
27 277
4 2
0 2
4 5
2 3
5 5
2 1
4 3
3 2
4 2
0 5
1 0
3 0
1 5
0 4
0 4
3 1
4 3
1 2
1 5
1 3
3 3
0 3
2 0
2 5
3 4
3 3
2 5
37 167
3 0
3 5
2 0
0 4
3 4
5 0
2 4
4 5
2 2
0 3
2 1
5 1
2 4
1 4
5 5
4 2
0 5
3 4
0 0
1 0
1 3
4 3
4 1
2 0
0 2
2 5
1 0
2 0
1 0
5 4
5 0
4 0
0 4
3 1
2 5
4 4
2 1
50 433
4 0
4 1
1 4
4 1
4 1
5 4
0 0
2 2
2 4
4 2
0 3
1 1
5 2
2 1
5 2
3 0
0 5
1 1
5 4
3 4
3 4
4 4
3 3
5 5
1 5
5 3
2 0
0 1
1 1
4 5
1 0
4 1
0 1
4 1
5 2
4 1
3 0
3 2
0 2
2 0
4 4
1 2
3 3
3 2
3 5
4 4
2 2
1 0
3 5
2 3
36 495
5 1
3 1
5 1
4 1
3 4
3 3
5 4
5 1
3 2
4 3
2 0
4 0
5 1
2 3
3 2
1 0
2 1
5 2
5 4
5 3
0 3
1 5
2 3
0 2
2 5
1 3
4 4
5 2
4 2
3 2
0 1
4 1
5 1
4 5
1 1
3 1
10 21
0 5
4 1
4 5
0 2
5 1
4 2
5 4
1 0
0 1
4 0
6 74
5 1
4 0
0 3
3 1
2 4
2 5
31 494
0 0
3 0
5 5
3 4
2 4
4 4
4 2
2 5
3 2
1 0
0 3
1 4
2 4
2 1
4 4
1 5
0 0
0 5
0 1
5 2
1 0
5 3
2 5
2 4
5 5
0 1
5 5
2 5
1 3
5 5
5 4
37 406
2 5
3 1
1 2
1 1
1 0
4 2
1 2
2 2
2 4
0 0
4 2
5 2
4 5
2 4
3 2
1 4
5 0
2 0
3 3
3 1
2 0
0 4
0 4
2 4
0 5
2 5
5 3
2 0
2 1
3 3
3 0
4 1
3 0
5 3
1 0
4 2
3 0
49 142
4 2
2 3
1 3
3 5
0 1
2 3
1 3
4 4
5 0
0 4
2 5
5 3
4 3
5 1
4 5
5 2
4 3
4 1
5 0
2 3
4 4
0 2
0 2
4 0
5 0
4 3
1 5
0 5
1 3
2 2
1 4
0 2
3 5
1 3
3 1
4 2
0 0
1 0
5 1
3 0
0 1
5 1
5 3
1 3
0 1
5 5
4 2
1 2
2 5
46 302
5 2
0 3
4 4
5 1
4 2
4 4
0 1
0 2
0 2
2 3
0 0
1 5
1 1
1 1
5 4
5 5
0 5
4 0
1 4
3 2
2 4
1 2
1 2
3 2
2 2
0 4
1 2
3 3
2 3
1 1
5 2
2 4
2 0
3 0
4 1
1 2
2 4
4 2
1 0
0 5
1 1
2 1
0 1
0 3
0 4
2 4
15 159
0 5
4 5
5 3
0 2
2 4
4 2
2 2
0 4
4 4
0 3
2 5
0 0
2 3
2 4
4 4
28 91
0 5
0 4
0 2
0 1
2 2
3 1
4 5
5 5
5 3
1 1
5 2
1 1
1 3
3 5
5 4
5 3
4 2
4 2
5 5
4 2
4 4
0 4
1 2
3 1
3 0
3 3
5 0
5 1
46 69
2 3
1 1
4 0
5 4
5 0
1 4
3 5
2 1
0 5
4 4
0 3
3 0
3 0
4 4
4 3
5 5
5 2
0 4
0 4
2 3
4 5
3 2
1 5
3 3
1 1
4 1
4 4
1 0
0 3
4 0
0 1
2 2
1 1
3 0
5 4
3 1
0 5
0 3
0 2
1 5
1 1
4 0
0 2
1 3
2 2
4 2
46 28
0 3
0 2
2 3
2 5
5 1
3 4
4 1
1 0
1 1
3 1
1 3
3 1
0 3
1 2
1 3
3 1
2 2
2 4
1 3
4 2
0 1
0 3
5 3
3 2
3 2
1 3
2 4
0 2
5 4
2 4
4 5
0 5
1 4
4 4
2 0
1 4
3 3
0 3
1 2
3 3
4 5
3 5
5 1
1 1
4 2
2 4
9 74
2 1
0 3
3 5
1 0
5 1
4 2
1 3
1 2
4 0
45 25
4 2
2 1
5 3
0 5
1 1
3 5
3 3
1 4
0 3
1 5
2 4
0 1
3 0
2 4
3 3
1 2
4 2
5 3
4 5
0 3
4 0
4 3
5 5
3 1
0 4
2 2
5 0
2 0
4 3
2 4
5 0
5 2
4 5
3 5
3 4
2 4
0 0
3 4
0 0
3 2
1 5
0 1
5 1
3 1
5 4
32 126
5 4
1 3
1 0
0 0
2 5
5 2
4 0
3 4
0 1
2 5
5 1
0 5
3 0
1 3
1 4
5 5
2 0
0 0
4 4
3 4
3 1
1 0
3 5
1 1
4 5
4 1
3 2
2 0
2 1
1 1
0 1
3 3
3 281
0 2
0 4
1 5
8 39
5 0
3 2
4 2
2 0
3 0
2 0
3 3
1 0
5 30
2 1
5 2
1 1
5 3
3 2
41 460
1 5
0 2
5 3
1 2
0 0
1 4
2 1
4 4
4 2
5 4
3 0
4 5
4 4
4 4
0 2
5 3
1 2
2 5
0 3
5 5
3 2
0 5
0 5
2 3
1 4
1 0
0 3
4 1
0 0
3 1
2 3
5 4
4 3
1 3
5 1
5 1
3 2
1 3
2 3
4 4
5 5
13 327
1 2
3 1
5 2
5 3
0 3
1 2
4 3
3 1
3 5
5 1
1 4
4 5
3 3
9 452
0 4
2 2
0 3
2 5
5 2
3 5
1 0
4 3
2 1
8 173
2 1
1 1
5 4
4 0
1 5
4 0
3 5
4 3
45 59
4 3
5 5
5 3
3 0
0 0
5 2
1 0
3 0
4 4
2 0
4 3
2 2
5 1
2 4
0 1
0 0
4 3
2 0
3 0
0 1
4 4
3 0
4 0
3 0
4 3
4 5
3 2
3 5
5 2
0 5
4 1
2 0
4 1
4 1
2 2
2 5
1 2
4 3
1 1
3 2
0 1
0 2
2 5
4 2
2 4
6 456
2 4
2 0
4 3
0 3
2 3
3 3
21 457
2 3
2 4
5 5
0 4
5 1
0 1
3 0
1 5
4 1
1 4
5 5
3 1
5 1
4 5
4 2
1 3
5 0
4 3
1 1
4 5
5 4
32 36
5 1
0 4
0 5
3 3
3 2
5 2
4 4
1 5
2 2
1 3
4 5
5 3
4 1
3 4
4 5
0 3
0 1
4 4
4 3
4 4
1 1
5 4
3 4
2 0
2 3
5 3
0 5
5 5
3 3
5 0
4 4
4 0
1 447
5 4
50 95
1 4
5 1
1 1
3 3
5 5
3 1
2 5
4 0
3 5
0 0
1 5
4 1
4 4
4 3
1 0
0 5
0 1
0 0
2 3
1 3
3 4
5 2
4 2
4 4
3 3
2 4
1 0
0 1
1 2
2 1
1 3
3 5
2 5
2 4
5 5
5 4
4 4
5 4
1 4
2 5
0 2
0 2
1 3
0 3
2 4
4 4
0 3
5 2
4 1
2 4
46 93
5 1
2 0
5 2
3 1
1 1
1 5
3 2
3 3
3 0
2 4
4 5
2 2
5 4
1 0
5 1
4 0
5 1
3 1
2 2
3 2
3 3
4 5
4 1
3 4
3 2
4 3
5 3
2 5
5 5
0 4
4 2
3 5
4 5
0 2
1 3
4 5
5 4
3 3
1 5
3 2
2 2
4 0
3 3
1 4
4 2
2 0
35 371
1 0
3 0
4 0
1 5
2 4
1 2
3 4
5 1
3 1
1 2
2 0
2 0
2 0
1 4
0 2
4 5
1 2
1 5
1 5
4 4
5 2
3 1
2 2
4 3
3 3
0 2
5 5
2 1
4 2
3 4
0 0
5 3
0 5
0 3
2 4
35 422
4 0
0 0
4 1
1 5
5 4
1 4
0 5
3 0
0 0
5 2
2 1
1 4
0 3
2 4
4 2
5 5
5 2
0 2
5 2
4 1
4 5
5 5
0 1
1 3
0 1
2 3
2 1
3 5
2 5
5 2
1 2
4 4
4 3
5 0
3 4
35 397
2 0
4 4
5 0
3 5
1 1
4 5
1 2
4 0
5 0
1 2
2 4
3 0
2 0
0 0
1 4
1 1
2 3
4 1
3 1
2 5
1 3
0 4
4 4
1 1
0 1
5 5
1 5
5 4
4 3
2 2
1 3
0 5
3 4
4 0
4 1
30 156
2 0
5 0
5 4
4 0
4 3
4 3
4 5
4 4
2 1
2 5
1 0
0 5
1 5
2 1
0 4
5 0
4 0
0 4
4 3
5 5
2 4
2 5
1 1
1 0
0 5
4 5
4 4
1 3
1 1
5 1
30 495
0 2
4 1
3 4
2 5
1 2
3 5
2 2
4 3
5 3
3 3
4 2
5 0
4 4
1 3
4 5
2 3
3 0
1 3
5 4
5 3
1 2
1 2
4 0
5 1
4 2
5 4
0 0
0 2
3 2
4 1
4 166
5 2
4 4
3 0
4 0
18 154
1 4
1 5
1 4
4 2
2 5
1 0
3 5
2 0
3 4
5 3
3 3
3 2
0 3
3 1
1 0
0 1
5 1
3 5
9 120
0 3
2 1
3 5
3 3
4 3
3 4
3 5
0 3
2 5
4 352
4 1
2 0
2 2
4 2
22 380
3 5
0 4
3 4
3 4
3 0
5 4
3 2
1 4
4 3
2 5
3 2
1 3
1 0
5 2
4 5
1 2
5 4
0 3
1 1
4 5
3 4
4 2
40 254
3 3
5 2
2 4
5 5
3 3
4 4
4 0
1 2
0 5
2 3
3 0
4 3
4 2
5 2
2 2
3 5
4 3
3 4
4 5
0 5
5 3
3 1
5 5
1 5
4 0
0 5
5 4
5 4
1 5
0 2
4 2
5 2
5 5
4 0
1 1
0 3
0 3
0 0
4 5
5 2
40 444
3 3
3 4
1 5
1 1
3 3
1 4
3 5
5 0
2 3
4 4
3 4
0 4
0 4
2 1
0 5
3 1
0 0
3 4
2 5
5 5
0 5
3 0
0 4
0 3
3 2
5 4
2 2
2 5
2 5
0 1
3 1
5 0
2 1
1 1
1 4
4 5
0 0
0 0
5 0
3 4
12 241
4 3
1 0
3 2
1 4
0 3
0 0
2 2
5 5
3 2
2 3
4 3
5 3
50 157
2 1
5 0
4 1
2 3
5 5
0 5
4 2
5 4
3 1
4 3
3 1
1 4
1 1
0 4
5 2
4 0
5 3
3 2
1 3
5 4
5 3
1 0
1 1
5 4
0 5
3 5
5 3
0 5
4 1
4 3
3 1
0 1
5 5
0 5
5 5
4 5
4 1
3 4
5 0
1 3
4 0
3 1
1 0
3 3
4 1
4 5
0 3
5 1
0 4
2 1
34 90
0 5
1 5
5 0
4 5
0 5
4 4
3 3
0 3
5 0
0 1
4 1
0 2
2 5
2 0
1 4
0 5
5 1
2 3
1 5
5 2
1 5
2 5
2 5
5 0
0 5
3 3
3 5
1 5
3 3
0 5
3 3
0 4
1 4
1 5
32 276
4 2
4 3
2 2
4 2
5 5
2 4
4 4
2 2
2 5
3 3
4 4
2 1
1 3
4 4
3 5
4 0
2 0
4 2
0 1
2 1
1 5
3 4
2 2
0 2
3 2
1 4
1 5
0 0
0 4
2 5
4 0
3 5
8 227
2 2
5 4
5 2
0 1
0 0
0 4
1 1
2 3
33 303
0 1
0 4
4 2
5 2
2 4
4 1
0 1
2 5
1 1
5 2
2 5
1 4
4 2
0 0
4 4
0 1
5 5
3 3
1 3
5 4
3 2
4 3
2 3
5 2
2 2
5 0
5 1
5 0
2 0
4 3
5 0
4 2
5 4
33 23
0 1
4 2
3 1
0 1
5 2
1 5
4 1
3 1
0 4
3 1
4 3
3 3
0 0
4 4
5 0
2 3
0 2
0 0
5 2
4 0
0 4
1 0
2 5
0 3
2 0
4 1
5 4
0 0
2 5
2 2
0 0
1 5
0 1
10 414
4 4
3 2
2 4
2 4
4 5
4 1
4 5
4 0
0 4
3 5
28 38
0 2
0 1
0 1
3 1
4 1
3 4
0 1
0 0
2 0
5 5
5 3
5 2
4 4
2 3
5 0
2 4
5 5
3 4
0 0
2 0
5 5
3 0
4 5
3 4
2 4
2 1
4 1
0 5
4 495
1 3
5 3
0 1
0 4
39 78
1 5
3 1
0 2
1 3
5 0
1 2
4 3
2 3
3 2
5 5
2 0
5 1
0 3
5 5
0 0
2 4
5 5
1 3
0 5
0 2
4 3
1 4
0 5
3 3
5 5
4 4
4 3
0 1
5 2
0 3
0 5
5 4
5 1
1 3
3 0
5 4
4 2
0 2
5 1
26 203
0 5
5 1
1 0
1 2
3 4
0 0
0 1
3 0
5 4
4 4
0 1
2 3
3 0
2 1
1 0
2 3
0 4
2 3
3 1
4 2
5 2
0 2
2 5
3 5
4 5
5 2
38 5
4 4
2 4
3 4
0 1
1 1
3 5
5 3
0 1
4 0
5 2
4 5
5 4
5 5
4 3
5 4
5 0
5 4
1 5
0 0
3 2
0 5
2 3
4 2
4 1
5 1
1 5
0 3
0 2
3 4
1 3
5 3
1 3
2 2
4 2
0 0
0 2
2 1
0 0
44 428
1 3
4 3
2 1
0 5
4 2
3 4
2 2
4 3
1 2
3 1
4 1
1 4
1 2
0 3
5 2
2 5
2 4
3 3
1 5
2 0
4 1
0 4
4 0
4 0
5 1
2 2
4 1
5 2
0 2
2 2
5 0
1 1
0 0
2 4
5 2
1 2
5 5
5 0
2 4
5 1
3 3
5 5
3 2
1 1
25 71
1 1
0 2
1 5
4 0
1 4
2 0
4 0
1 4
5 3
1 1
0 0
4 5
1 3
5 4
5 2
4 5
2 4
4 5
5 5
1 3
2 5
0 2
4 0
0 4
2 4
8 225
0 5
1 2
1 5
2 3
4 4
5 3
2 4
4 1
14 200
2 5
2 1
3 2
0 2
4 1
5 3
4 4
1 3
4 1
5 5
2 5
1 4
4 2
3 1
20 500
4 5
1 0
0 0
3 5
0 5
2 4
0 0
4 2
3 1
5 5
3 2
4 5
3 4
0 3
4 2
0 4
1 1
4 4
2 5
4 4
49 402
3 0
5 2
5 5
3 2
2 0
2 2
1 1
3 0
4 0
5 0
2 5
2 5
3 2
3 4
2 1
3 3
0 5
2 2
1 5
3 2
1 4
5 3
5 2
5 2
2 5
4 0
0 4
3 2
1 1
0 5
3 1
4 5
4 2
3 0
3 4
3 2
5 3
5 1
2 2
4 4
4 2
5 1
0 0
0 4
0 3
1 4
4 4
1 4
3 3
8 138
3 3
2 0
3 4
4 1
1 0
1 1
4 2
5 2
16 195
0 4
3 5
4 4
4 5
2 1
2 1
5 5
5 0
3 2
5 5
2 1
3 2
0 0
1 2
4 2
2 2
48 396
2 0
5 3
3 2
5 3
5 3
0 3
5 1
5 0
4 0
1 3
2 3
1 0
2 1
1 3
3 0
5 0
5 1
5 4
2 4
1 3
2 1
5 0
2 0
0 5
5 2
4 3
1 4
2 4
5 4
5 4
3 3
2 2
5 5
2 1
2 2
1 1
1 5
0 5
3 0
0 5
0 0
1 2
5 5
3 1
3 5
2 1
1 4
1 1
37 279
4 0
4 2
5 4
4 3
4 5
1 4
0 4
3 1
5 1
5 2
0 5
3 2
1 0
1 3
0 1
0 3
0 0
5 4
0 4
3 3
5 0
5 5
4 3
1 4
1 5
3 3
2 0
3 3
0 5
0 2
3 4
3 1
0 5
2 4
3 1
0 4
1 2
28 107
2 3
1 0
4 3
2 2
5 3
3 5
0 0
5 2
2 1
4 1
1 0
5 0
1 4
5 3
3 2
4 2
5 5
3 5
5 2
2 3
0 1
0 2
4 0
1 2
4 4
4 5
1 4
4 2
24 266
3 0
5 4
3 4
0 1
5 1
3 2
1 0
4 4
1 5
4 3
4 4
5 4
3 1
2 0
0 2
5 5
3 5
5 4
2 0
0 4
2 0
2 3
4 0
4 1
29 124
5 4
0 3
3 2
0 1
5 4
5 4
2 5
2 0
2 4
4 5
1 4
2 1
3 4
5 3
4 1
0 2
2 2
3 1
4 2
5 2
5 2
4 5
4 1
4 2
0 0
2 2
1 0
2 4
1 2
12 204
2 4
0 1
2 2
0 3
2 2
1 3
0 0
2 2
1 4
4 0
1 4
1 0
22 197
0 5
1 1
3 0
5 0
1 4
5 2
2 4
0 2
1 2
5 0
4 3
3 4
3 4
0 4
1 4
4 5
5 1
1 4
1 2
3 4
3 1
0 5
15 135
5 4
1 0
1 3
1 0
2 2
2 2
2 2
0 1
0 0
0 0
4 1
5 5
0 3
2 2
3 0
46 332
0 1
3 3
4 2
2 0
2 2
0 3
2 0
2 5
2 3
5 2
2 5
5 4
1 2
5 5
3 4
3 3
4 4
5 1
3 5
2 4
4 1
3 3
1 0
5 2
2 2
3 0
3 4
4 0
2 3
5 2
3 2
2 0
0 2
3 3
3 2
3 0
3 0
2 1
1 1
0 3
2 4
1 0
4 4
3 1
3 5
0 2
43 168
3 2
2 5
1 2
1 4
3 5
2 4
1 2
3 4
4 2
0 3
3 1
4 3
2 0
2 1
4 5
2 1
2 2
4 4
2 4
5 4
3 4
1 2
3 1
4 2
4 0
4 5
4 4
4 2
0 2
1 1
2 4
5 4
2 1
1 3
5 5
5 1
3 3
1 4
0 0
0 2
5 3
5 3
2 2
30 411
3 2
1 1
5 0
1 1
5 5
0 5
5 1
1 2
0 1
2 4
2 4
2 2
4 2
5 2
5 0
3 1
0 1
0 4
1 2
5 1
3 1
1 5
5 0
5 0
0 1
2 2
2 1
4 2
1 3
4 2
44 179
2 4
3 3
3 3
1 2
0 4
2 1
3 1
2 2
5 0
3 5
0 3
5 4
4 2
1 3
1 2
1 1
3 3
1 5
5 0
3 3
3 2
2 3
4 5
4 4
4 3
0 3
0 3
0 5
2 5
0 1
4 1
3 0
3 5
1 0
0 0
4 2
2 5
0 3
5 1
3 0
2 3
1 1
1 0
2 5
35 445
5 5
2 1
2 5
1 1
3 1
4 2
1 2
4 4
4 1
3 1
5 1
5 5
5 0
1 2
4 5
0 2
2 1
3 4
5 5
0 3
4 2
0 2
5 3
1 4
1 4
3 4
5 0
1 2
3 4
1 1
4 5
3 2
4 4
4 3
1 0
18 87
5 4
1 3
5 4
5 1
3 2
3 5
2 5
0 4
0 1
2 1
2 5
0 1
1 3
5 4
2 1
0 1
0 5
5 1
38 294
4 0
2 2
5 1
3 2
0 1
1 2
2 5
4 4
3 2
4 4
1 5
3 3
2 1
1 1
4 4
3 2
3 5
3 2
4 1
4 0
5 4
5 2
0 0
2 5
5 2
3 0
4 0
1 5
3 2
4 4
3 3
2 4
5 1
3 3
2 1
3 3
5 4
2 1
43 416
3 0
0 0
1 2
1 3
1 3
5 2
1 3
4 4
1 2
0 0
1 5
3 3
4 4
4 1
4 3
1 2
3 1
0 3
0 5
4 0
2 2
0 4
3 2
0 1
4 1
2 1
2 2
5 2
2 1
5 2
0 5
1 5
4 0
3 2
4 3
1 3
0 2
1 1
1 0
4 0
2 1
3 0
2 2
37 313
1 0
5 1
0 0
5 4
1 3
2 3
4 1
5 3
1 3
1 5
3 1
2 4
3 2
0 0
2 3
1 1
4 4
1 5
3 1
4 3
3 4
3 4
5 0
2 4
3 4
0 1
2 3
2 0
3 2
3 5
4 5
3 1
4 4
5 5
2 5
4 0
0 3
11 369
1 5
5 1
5 0
3 0
5 2
5 4
2 5
5 1
2 1
4 3
1 1
7 218
1 3
3 1
3 2
3 2
0 2
4 2
3 1
42 434
4 2
0 5
0 0
3 1
3 2
0 4
4 0
0 0
3 2
2 1
4 0
1 0
3 2
4 2
2 1
4 3
5 3
1 5
4 1
3 2
0 2
1 5
3 1
5 0
0 2
4 0
3 4
4 3
2 3
3 3
1 0
3 4
5 3
0 0
4 5
5 2
1 1
2 0
0 4
2 1
5 2
4 4
42 206
1 3
2 1
3 0
2 2
0 3
1 3
3 3
3 1
3 1
1 0
0 1
3 4
5 0
5 2
2 4
3 1
5 2
1 5
1 5
3 0
5 3
1 1
3 1
3 1
1 4
0 3
0 5
2 1
2 0
2 1
0 5
3 1
4 5
4 4
5 0
3 0
0 0
5 2
4 0
5 2
3 4
1 2
44 110
3 3
1 3
2 4
2 3
3 0
2 4
3 5
0 0
1 4
4 5
5 4
2 5
5 5
3 4
0 2
2 0
3 5
1 2
1 3
5 0
4 4
5 5
5 1
0 4
5 0
5 4
4 3
0 3
2 5
2 1
1 0
1 4
0 5
0 5
0 5
0 2
1 4
1 0
5 4
4 5
2 4
1 2
2 0
4 3
5 178
4 2
5 1
4 3
4 5
0 5
11 186
2 3
1 0
1 2
1 2
3 5
4 2
5 3
2 3
1 1
5 1
0 2
21 423
3 2
4 3
0 0
4 2
4 5
5 1
5 4
0 3
1 5
1 1
2 2
3 2
5 5
3 0
3 4
5 1
5 5
1 0
0 4
5 1
2 3
35 331
1 0
4 3
3 5
4 3
5 2
0 1
4 4
4 0
5 4
1 4
3 4
0 1
0 1
3 0
1 5
1 4
2 2
2 5
3 4
0 0
2 2
5 3
4 2
5 0
1 4
1 4
3 4
2 4
5 4
5 3
0 3
4 4
3 1
3 3
5 0
38 411
5 4
1 1
5 4
0 3
5 3
4 4
3 1
1 0
5 1
1 3
4 5
2 1
2 4
1 2
2 0
0 5
1 4
2 0
5 1
3 1
4 0
1 4
1 5
0 5
2 2
1 1
3 4
5 5
3 5
4 0
1 5
0 4
5 3
5 4
3 1
1 5
1 2
1 5
25 251
1 1
0 1
0 0
4 0
0 3
0 2
5 5
1 5
4 1
1 3
5 0
3 4
1 4
1 5
0 1
0 3
3 1
0 2
3 1
4 1
2 4
1 1
5 5
1 1
0 4
33 491
4 0
0 1
2 1
4 5
4 5
3 3
1 1
2 0
3 0
3 3
4 0
5 3
5 1
0 3
1 0
2 3
0 3
0 5
2 2
0 5
4 1
5 5
4 4
1 5
0 4
3 2
0 4
4 1
2 1
2 4
2 3
5 3
5 5
41 39
4 0
0 1
0 3
4 5
5 4
2 1
0 2
5 2
4 0
5 3
2 0
4 5
2 4
1 1
3 4
4 3
2 2
3 0
1 5
3 3
3 3
2 2
1 1
0 0
3 0
5 0
5 2
0 4
1 1
4 5
5 0
4 2
2 5
5 3
0 4
1 4
4 4
3 4
4 5
2 4
2 0
19 65
4 4
2 3
5 3
0 0
1 4
1 1
4 2
1 0
0 0
4 3
2 5
4 2
1 1
3 4
1 5
2 0
1 0
5 2
1 3
26 2
0 1
1 0
1 3
2 4
2 3
0 2
0 3
3 4
1 3
2 0
3 1
1 1
4 2
4 0
0 2
1 2
1 5
5 4
1 0
1 5
0 5
5 3
2 5
2 2
4 3
0 4
26 165
0 0
0 1
3 0
1 1
5 4
0 4
2 4
2 2
5 2
2 0
1 5
3 2
3 2
4 0
4 4
4 1
0 2
3 2
4 3
0 0
4 3
4 1
3 3
1 1
3 2
5 1
11 209
3 2
0 2
4 4
5 2
2 1
0 0
1 1
0 5
5 0
5 3
2 0
23 83
2 0
5 5
4 1
2 5
0 4
1 0
5 3
5 4
5 2
4 3
3 2
2 1
3 0
4 2
4 0
2 1
2 0
4 3
5 2
3 1
4 1
3 0
5 1
2 362
2 0
3 5
8 187
1 4
5 2
2 2
4 5
4 1
2 0
0 3
2 1
40 8
0 0
5 5
4 5
1 1
5 0
4 0
0 0
4 3
2 4
1 1
2 3
0 0
2 3
0 4
3 3
1 2
0 0
1 3
2 0
0 2
3 3
4 4
2 0
0 5
5 2
1 4
3 4
1 0
0 2
1 5
3 4
2 3
4 1
2 1
5 3
0 0
0 2
2 3
2 0
2 5
24 276
2 0
3 1
3 3
5 1
3 2
3 3
0 1
3 2
5 3
1 1
5 2
0 3
3 4
3 5
5 4
3 3
4 3
2 4
1 2
2 2
3 3
4 5
2 3
0 4
46 158
1 3
1 5
4 2
4 5
1 3
1 3
2 1
1 5
1 2
1 4
2 2
4 5
0 0
1 5
2 2
5 5
3 3
0 1
4 4
3 1
4 5
5 5
1 1
2 1
5 5
0 5
0 3
5 3
3 2
5 4
1 1
0 5
1 2
2 0
2 1
0 4
3 2
1 0
4 4
3 3
2 5
2 1
4 3
5 5
0 2
4 1
31 419
1 3
3 0
4 4
4 4
2 3
4 0
4 5
1 0
1 0
5 2
1 5
3 2
4 3
0 3
3 5
0 5
5 4
0 3
3 4
3 0
3 5
0 5
4 4
4 3
2 3
3 3
5 4
3 3
3 4
4 0
0 5
3 298
0 3
4 5
1 0
14 442
1 1
2 5
2 5
0 0
2 1
0 4
0 3
2 1
3 1
0 4
1 5
5 3
2 0
0 3
2 40
5 1
2 3
20 322
4 4
0 0
5 2
5 1
2 4
0 0
0 2
2 0
1 2
4 5
1 1
3 5
3 5
0 4
0 4
1 1
4 0
5 4
2 5
2 4
50 435
1 1
3 5
4 5
2 3
1 1
5 0
2 1
2 4
4 4
2 3
3 1
1 2
5 4
4 3
4 0
2 0
4 2
2 1
5 1
5 2
5 3
5 2
1 3
2 3
3 1
4 4
4 2
4 1
4 1
0 1
4 0
2 3
3 2
4 5
3 3
3 2
2 2
0 0
4 2
1 5
5 5
4 0
3 4
3 4
1 1
3 3
3 3
1 0
5 4
0 5
39 241
2 4
0 2
3 3
0 2
5 4
1 2
3 4
5 2
1 4
5 0
5 2
0 1
3 2
4 1
5 0
3 0
2 4
2 5
4 1
5 2
2 5
1 1
1 4
0 4
1 1
0 5
5 4
0 4
4 1
0 1
5 1
3 5
2 0
2 1
3 5
2 4
0 1
5 4
3 5
38 110
3 0
1 1
3 0
2 0
0 4
2 0
0 0
2 3
3 3
3 3
1 3
3 1
3 0
5 1
3 1
1 5
3 0
1 0
2 2
3 0
3 3
4 1
0 2
4 5
3 4
5 0
5 3
5 2
3 1
4 3
2 5
0 2
4 4
2 5
1 1
3 3
3 0
2 4
25 324
3 4
3 4
4 1
3 5
4 5
3 3
2 4
2 1
2 4
3 1
0 4
4 0
1 3
1 0
4 1
3 2
4 0
1 1
4 5
2 2
1 4
3 5
5 5
1 3
2 1
38 164
4 3
2 0
4 1
4 0
2 4
2 1
4 3
2 5
5 0
5 5
2 4
0 4
1 0
1 1
3 3
0 5
3 2
3 3
4 5
4 1
2 4
0 4
2 4
4 2
3 4
5 0
2 5
2 1
4 3
2 1
1 3
4 0
0 5
5 0
0 3
4 4
1 2
4 1
47 271
2 1
3 0
4 5
1 0
1 1
4 4
4 2
0 2
0 3
4 5
0 0
1 1
1 5
0 2
2 3
1 4
3 3
3 4
4 0
4 2
5 5
5 5
0 1
4 0
3 3
0 1
5 5
3 2
4 2
2 1
4 1
4 4
4 2
0 2
3 4
0 4
3 3
0 3
1 1
4 0
3 1
5 1
2 5
5 2
2 2
1 3
5 4
24 74
5 4
3 4
3 1
1 4
3 5
5 3
1 1
1 1
3 1
0 3
4 1
5 0
3 0
2 1
1 5
2 4
3 1
5 5
4 1
5 2
5 3
0 5
2 1
5 5
18 94
2 1
0 5
3 2
1 0
0 1
4 0
3 3
2 0
1 3
4 4
2 4
0 5
3 5
3 0
4 1
4 0
0 1
4 1
41 245
1 1
1 1
1 4
2 0
2 3
2 4
4 5
2 1
0 5
3 5
5 2
2 0
5 4
0 1
3 3
1 5
3 3
2 3
2 1
0 4
5 1
2 4
4 4
1 0
3 1
5 4
4 3
3 1
4 0
4 2
1 5
4 3
2 3
1 0
1 2
1 3
5 2
0 0
2 3
2 0
0 4
4 484
3 1
4 1
0 4
1 4
14 480
4 5
4 1
5 1
0 0
3 5
5 1
0 2
3 4
3 4
3 0
3 1
0 4
5 3
5 2
4 348
4 2
1 1
5 0
0 3
11 454
2 2
0 1
1 4
4 3
5 2
1 0
3 0
0 1
0 0
1 4
4 5
5 241
2 2
0 0
2 0
3 4
2 2
49 97
1 4
3 3
4 3
4 1
5 4
5 3
1 0
2 1
3 2
2 0
3 5
5 3
3 2
5 3
5 5
4 5
5 5
5 5
5 1
3 5
0 5
1 5
5 5
0 4
4 1
0 5
4 3
0 3
2 2
2 4
5 5
1 0
2 3
1 3
4 1
3 2
5 3
1 1
3 0
0 2
3 1
4 3
0 5
4 3
0 4
5 4
5 4
2 4
5 1
47 18
3 0
1 0
5 0
0 1
2 2
4 5
4 0
0 1
1 3
4 5
4 2
1 2
4 0
3 2
3 0
5 2
5 1
0 0
0 2
0 5
2 5
0 2
4 5
5 0
2 0
3 5
2 4
1 4
3 3
3 3
2 4
0 0
4 4
0 3
0 1
3 4
2 4
0 3
2 1
1 4
3 1
3 1
3 5
0 0
5 1
4 0
0 3
19 78
1 0
1 0
5 2
0 2
3 1
3 2
4 4
4 3
1 0
4 2
4 4
1 3
0 4
1 4
3 4
2 0
0 3
2 1
0 1
44 401
2 2
3 3
3 2
1 0
1 2
3 2
4 5
2 5
0 0
2 2
3 2
1 2
1 1
3 5
0 1
0 1
3 5
0 3
5 3
5 2
3 3
1 2
3 3
2 0
3 4
1 4
3 4
3 2
0 1
3 5
4 1
4 1
2 3
0 2
0 4
5 0
5 5
5 2
1 3
1 4
4 5
3 2
4 3
5 4
12 77
3 0
0 0
5 2
0 1
2 5
0 3
1 2
2 1
2 5
0 4
4 5
5 2
18 170
3 0
5 1
1 3
5 3
5 1
0 4
1 2
2 4
1 5
2 5
3 4
5 4
5 0
1 4
2 3
1 0
3 1
4 3
12 237
1 2
1 3
3 5
3 3
5 4
5 2
1 0
2 5
2 5
4 1
4 1
5 4
31 99
1 4
1 1
1 5
3 3
5 0
1 2
0 3
4 4
1 5
2 3
5 5
2 3
5 4
3 4
2 3
4 3
0 5
3 4
3 0
5 4
5 3
5 1
0 2
5 3
0 0
5 4
3 5
5 1
3 5
5 3
4 3
19 224
0 4
3 2
3 3
3 2
5 2
5 2
1 3
1 2
2 4
4 2
3 3
4 0
0 0
0 0
1 5
1 0
1 4
0 4
0 3
14 315
4 3
1 4
5 2
3 1
5 3
1 2
3 2
1 3
4 1
4 5
2 3
0 4
2 2
2 1
22 15
2 1
4 0
0 4
4 5
4 5
5 1
5 1
5 3
3 4
2 3
3 4
1 2
4 5
5 3
0 5
4 1
5 0
3 1
1 3
3 1
4 5
4 3
35 267
0 4
0 4
1 0
3 3
3 0
5 4
0 0
2 4
3 2
2 1
3 1
1 3
0 4
1 2
5 2
2 4
2 3
2 3
4 4
3 2
4 0
5 5
0 0
2 3
1 2
4 4
2 3
5 5
0 1
5 0
3 5
3 5
1 4
4 3
3 3
15 488
5 0
2 1
0 2
3 1
4 1
3 5
4 2
4 5
4 3
1 2
4 3
1 0
1 3
3 2
0 0
50 186
5 3
3 2
4 2
4 3
0 2
2 5
0 2
2 0
3 4
3 3
0 4
4 2
5 0
1 4
0 5
2 3
2 5
4 2
2 2
4 3
3 5
2 5
3 4
5 4
1 2
5 5
3 4
2 3
4 4
0 1
4 4
2 1
0 4
2 0
0 0
4 5
3 5
2 0
2 1
3 4
5 3
1 3
2 4
0 4
0 1
2 4
2 2
3 0
4 1
2 4
20 279
0 3
5 3
4 4
3 3
1 4
3 5
2 4
1 3
2 3
0 0
0 3
2 3
4 4
0 4
0 4
4 1
5 1
3 1
2 4
5 1
1 92
0 4
39 101
1 3
2 5
4 3
2 4
3 3
0 5
3 3
3 1
5 4
1 4
2 3
3 2
1 0
3 5
4 3
4 2
2 1
4 2
1 4
0 3
3 4
0 0
4 5
5 1
2 3
0 4
1 0
1 5
4 5
3 2
5 3
2 3
1 3
2 5
5 3
0 2
0 5
5 4
3 4
5 71
4 2
3 2
1 4
2 0
2 5
31 152
2 0
5 1
0 3
5 1
0 4
2 0
0 4
5 0
4 4
0 1
0 0
2 5
3 0
0 3
4 2
5 4
2 2
0 3
1 4
1 1
5 1
4 2
4 3
2 2
1 0
3 3
3 2
3 5
2 3
3 1
4 3
36 464
0 3
3 2
5 1
4 2
5 2
1 4
3 5
4 0
3 2
2 5
1 2
5 4
2 3
5 5
3 2
0 0
3 4
5 4
4 1
1 3
1 0
4 5
3 0
5 3
0 5
4 1
5 0
2 2
1 2
5 1
3 3
0 0
2 4
2 0
1 2
5 2
30 444
1 0
4 2
1 5
2 1
1 5
1 5
5 2
1 1
0 3
1 1
2 2
1 1
4 5
4 0
0 1
4 1
3 4
2 4
4 5
4 0
1 4
0 3
0 3
0 4
0 5
2 3
4 5
0 4
5 5
4 1
4 335
4 1
4 2
4 4
3 3
46 221
1 5
0 5
3 3
0 2
5 3
4 2
3 3
2 0
1 1
4 0
2 4
2 1
0 0
1 2
0 1
2 0
2 1
1 5
3 4
1 2
3 1
5 4
2 0
0 1
0 0
2 5
4 4
2 0
3 1
4 3
1 0
3 3
4 2
2 0
4 1
5 2
5 5
1 4
1 1
1 0
1 3
4 0
2 1
2 1
5 2
1 1
31 494
5 5
3 2
4 3
1 1
1 4
2 0
5 5
5 3
2 2
3 1
4 1
0 5
4 5
4 5
5 0
3 2
0 5
5 2
3 1
4 4
5 5
0 5
2 2
4 5
1 5
2 4
5 4
3 0
5 1
5 5
0 5
31 361
1 2
4 2
1 3
5 2
5 1
0 2
2 5
5 1
1 0
0 1
3 4
0 2
3 1
1 3
2 3
1 1
4 1
4 2
1 1
1 0
5 2
1 5
5 0
4 2
5 2
2 4
5 1
0 4
0 4
1 0
1 5
35 405
5 4
2 5
4 2
5 5
1 2
3 3
3 1
4 4
4 0
1 3
5 2
2 3
0 0
1 3
2 5
2 0
3 4
2 5
0 2
0 3
0 0
2 3
3 0
1 4
5 3
4 4
3 2
2 1
5 3
5 3
5 1
3 0
4 0
0 3
3 0
18 329
5 3
3 5
4 1
2 0
2 0
0 1
4 3
5 4
0 1
0 1
3 1
4 5
3 3
1 4
4 0
5 3
5 1
5 1
28 453
5 2
5 1
1 2
1 4
0 5
4 2
3 2
5 4
5 4
4 0
5 4
4 4
5 0
0 4
3 0
3 1
3 3
3 2
1 5
0 4
5 2
0 5
3 1
4 1
2 2
0 1
2 0
0 4
35 128
1 1
1 1
5 0
0 5
5 0
0 1
2 0
5 1
1 2
5 4
2 5
1 3
0 0
2 5
0 0
4 2
4 0
2 1
5 4
0 2
5 2
2 4
4 0
1 3
1 1
4 5
2 5
5 0
3 2
5 4
2 5
3 4
3 0
4 2
2 3
35 375
3 3
5 2
4 1
1 0
2 3
0 0
1 3
1 1
1 2
3 1
5 4
0 1
3 0
0 3
2 4
4 0
3 4
2 1
0 0
0 0
2 5
5 2
1 1
5 2
3 1
3 0
3 0
4 0
2 2
5 3
1 0
2 3
3 5
0 1
1 4
40 284
4 3
1 3
5 1
0 5
4 1
2 3
4 5
3 1
5 4
2 1
5 3
1 2
1 0
4 3
5 5
4 1
1 2
1 3
2 0
0 3
5 0
0 4
3 2
3 2
5 1
3 1
5 3
3 0
0 0
5 2
4 5
2 2
1 2
1 5
2 4
2 4
3 0
5 5
2 4
1 5
28 135
2 2
5 0
0 0
0 3
3 5
4 2
5 3
1 4
1 2
0 0
4 3
2 0
4 1
0 0
3 3
0 5
3 3
1 0
1 4
1 5
4 1
2 5
4 3
0 0
3 2
5 2
0 5
0 1
5 419
2 3
2 4
1 0
5 1
3 4
25 34
3 2
4 0
4 5
0 2
3 1
2 4
1 5
3 5
4 5
1 4
0 4
2 2
1 0
2 4
5 3
4 4
2 2
5 4
3 5
5 3
3 5
4 5
3 0
2 4
3 5
5 473
3 3
4 4
2 1
1 0
0 0
49 377
0 4
4 5
4 0
2 0
3 5
0 4
3 3
2 0
5 4
3 4
1 5
4 1
3 2
2 2
3 5
4 4
2 5
2 5
2 3
2 5
2 2
1 2
2 1
5 1
2 5
3 3
5 3
1 3
1 0
2 2
2 4
1 1
5 1
3 5
3 0
0 4
1 3
2 3
3 4
3 4
5 2
0 0
1 0
5 0
0 1
4 1
5 0
4 0
2 3
2 347
5 2
1 5
43 448
2 4
3 1
3 4
3 1
5 1
5 3
2 3
4 1
5 5
2 1
2 4
2 5
1 2
1 0
2 3
4 2
3 1
3 5
1 5
3 0
1 5
3 4
5 2
5 3
0 0
0 0
2 1
4 1
4 5
0 3
0 0
3 0
3 0
3 1
1 2
0 0
1 3
4 0
3 4
2 5
2 0
4 1
0 5
45 493
1 2
2 2
2 4
1 2
2 3
2 5
5 5
5 4
0 1
3 3
5 5
1 3
5 5
2 2
4 4
1 1
3 0
1 5
5 2
3 4
3 0
5 0
2 1
5 1
5 5
2 0
0 5
1 3
3 3
5 3
2 3
1 2
0 0
5 2
4 3
2 4
4 0
0 3
0 5
2 4
4 4
4 1
5 2
0 5
4 1
27 42
5 1
4 0
3 1
0 4
5 4
0 5
0 1
0 3
0 5
0 4
5 1
0 0
3 0
2 2
3 5
1 1
3 0
2 5
4 1
2 5
2 4
0 4
2 2
3 4
2 0
2 0
4 0
34 365
5 5
0 2
4 3
5 1
1 4
4 5
4 5
3 2
0 2
4 0
4 2
0 3
5 5
2 0
1 4
5 4
2 5
1 2
3 1
5 4
1 4
1 0
1 4
2 4
0 3
0 4
0 0
0 2
2 5
4 0
1 0
5 5
0 4
2 0
18 328
4 1
5 2
0 1
3 5
4 2
3 5
5 5
0 1
3 4
5 5
3 2
2 0
1 1
1 5
0 5
0 1
0 5
0 2
38 496
0 4
0 1
5 1
1 3
3 3
5 4
3 3
2 4
0 0
4 2
2 4
1 0
5 5
3 1
4 3
0 4
5 1
3 3
2 3
2 1
2 0
5 5
3 5
5 0
0 0
1 0
4 1
4 4
0 5
2 0
3 4
4 4
4 3
1 0
0 2
5 3
5 1
4 1
41 125
4 1
3 3
2 4
4 5
4 3
4 3
5 3
3 5
2 4
1 4
5 1
5 3
1 3
2 5
1 5
2 1
0 5
5 4
0 1
5 2
2 5
1 0
0 4
3 2
3 3
4 5
4 4
3 4
2 0
4 2
3 3
5 5
0 2
1 0
4 3
0 3
2 3
1 0
3 3
2 0
0 2
42 492
1 3
5 0
3 1
1 1
0 4
5 4
1 3
3 3
3 1
0 0
5 3
3 1
2 1
5 0
0 1
3 3
3 4
4 3
3 4
3 1
2 3
1 1
2 0
3 5
3 2
5 3
1 2
2 4
3 1
3 4
1 5
4 3
2 4
5 0
2 4
4 3
2 2
1 1
2 5
0 5
3 1
0 5
49 324
4 3
4 5
2 2
4 2
5 3
4 5
2 5
2 0
2 0
5 0
3 1
3 0
3 3
5 0
1 1
4 4
4 2
3 4
5 2
0 5
5 1
2 4
1 0
0 0
2 4
3 4
4 2
3 3
2 4
1 0
4 3
4 2
0 3
2 0
5 4
0 3
0 3
4 0
3 1
0 2
3 4
2 2
4 3
4 1
2 0
4 5
1 1
3 4
3 1
2 220
2 0
4 2
34 12
2 0
3 2
1 3
5 0
2 0
3 5
1 4
0 0
3 4
5 0
3 5
3 1
4 2
2 4
3 4
5 2
1 4
1 3
5 0
4 5
3 3
3 0
1 0
3 5
1 2
5 3
0 2
3 2
4 3
2 1
1 1
1 5
3 5
1 4
1 483
3 3
47 134
3 0
0 0
1 5
5 5
5 0
3 4
2 0
0 0
4 4
0 1
1 0
1 1
5 2
4 4
0 0
1 1
4 3
3 4
4 5
1 0
5 2
1 5
5 0
3 0
1 5
1 3
3 3
1 3
2 0
2 0
3 5
3 1
2 5
2 2
4 3
2 0
3 5
4 1
4 0
1 2
3 4
3 0
4 1
0 5
0 5
2 4
0 0
20 428
4 5
5 1
2 4
4 3
2 3
1 0
1 2
4 3
2 3
0 4
5 1
5 5
5 2
2 4
5 0
2 1
5 1
2 2
5 1
3 4
46 411
2 1
3 5
5 2
5 5
0 3
1 3
2 1
5 4
3 0
1 3
3 0
1 0
0 1
1 4
4 0
5 2
4 0
2 4
3 5
5 3
4 2
4 1
2 2
1 4
2 3
1 3
0 4
2 3
3 3
5 5
0 5
0 1
5 3
0 3
3 3
5 4
1 3
1 4
1 4
2 0
0 5
5 5
4 4
4 0
4 0
2 1
38 69
0 4
0 0
3 2
0 3
5 3
3 1
0 5
5 4
2 4
3 3
0 1
2 1
3 0
0 1
2 5
4 2
5 1
0 1
1 1
5 4
3 1
3 3
3 0
1 4
2 5
2 2
3 0
5 3
3 3
5 3
4 5
0 0
3 0
0 1
4 4
2 2
1 1
3 1
50 485
0 3
4 3
2 2
1 3
2 2
2 4
5 5
1 2
1 5
1 2
2 0
5 1
0 5
3 2
1 0
3 2
3 0
5 0
0 5
3 2
0 0
1 0
3 3
3 5
4 4
3 3
5 5
3 1
4 4
5 0
3 1
4 1
1 2
4 1
4 5
0 5
3 5
1 5
2 3
2 0
3 3
0 3
0 0
3 2
4 1
2 0
1 3
3 3
3 3
4 5
50 384
5 5
3 0
4 0
4 3
1 2
4 5
3 3
0 2
2 2
4 5
0 5
1 3
2 5
4 3
0 1
4 3
2 3
1 3
3 1
5 3
3 5
1 2
1 1
1 0
2 0
3 5
4 0
0 4
4 3
2 2
3 2
2 1
1 1
1 4
0 3
5 2
0 0
1 4
5 1
4 5
3 3
5 4
0 4
5 0
2 1
5 2
1 2
0 5
5 1
4 2
45 463
2 0
2 5
3 5
5 4
1 5
0 3
1 1
5 2
5 4
4 0
1 3
3 5
0 0
4 0
0 2
0 2
2 3
5 5
1 2
0 2
0 3
5 4
1 4
3 4
2 4
4 4
4 4
1 4
3 4
5 2
4 2
3 2
1 2
1 0
0 0
5 4
5 4
2 2
0 1
2 2
3 5
1 3
2 1
5 2
4 0
3 50
5 5
3 2
4 1
25 62
5 2
0 0
1 2
4 0
0 1
2 4
0 5
5 4
5 0
1 5
3 2
4 2
3 0
5 3
4 4
2 1
5 2
2 5
1 3
3 2
3 0
2 4
3 4
1 2
0 2
33 372
5 5
0 5
1 1
3 2
2 1
5 1
4 2
3 3
0 1
2 3
4 5
1 0
3 0
2 2
2 3
5 1
3 5
5 4
0 3
2 3
5 1
3 0
1 2
3 0
0 0
1 3
5 4
3 3
5 4
0 0
1 3
1 1
4 1
35 293
3 3
2 4
4 1
5 4
1 3
0 4
1 2
4 5
2 1
2 2
2 5
3 0
3 3
2 1
0 5
5 3
0 5
5 2
0 5
3 3
1 0
1 3
1 2
4 2
5 5
3 3
2 4
3 0
1 1
2 5
2 3
5 0
4 5
5 4
3 2
8 48
0 2
3 2
1 0
5 2
0 5
0 5
2 4
5 2
33 126
5 5
5 5
2 5
2 5
5 2
3 0
5 1
4 1
2 3
1 0
5 0
3 3
5 0
1 5
0 0
5 0
3 0
1 5
0 4
1 3
5 2
3 5
4 1
4 5
1 5
4 0
3 4
3 5
3 4
2 0
3 0
1 4
3 0
4 101
0 1
4 2
1 5
0 0
37 248
5 1
4 3
3 3
0 2
0 3
3 3
0 2
1 0
3 4
0 2
4 2
0 4
2 0
2 2
2 5
3 0
5 4
4 1
4 5
4 1
5 3
4 2
0 0
2 4
5 2
3 1
5 4
0 5
4 4
4 3
4 5
2 3
4 0
0 5
4 1
5 5
2 2
10 312
0 3
4 1
1 1
2 4
5 3
2 0
0 2
1 5
4 4
4 1
45 201
3 2
0 1
5 0
2 1
0 2
0 3
0 2
3 1
2 0
5 0
5 4
5 1
0 0
0 2
2 3
4 5
1 2
0 1
2 5
0 3
0 0
5 4
0 2
1 0
4 5
5 2
3 2
4 3
2 1
4 4
3 1
1 0
4 5
0 3
0 3
1 0
5 1
1 0
5 2
2 1
3 3
1 3
4 4
4 0
5 2
45 245
3 0
1 4
1 2
2 4
5 1
1 2
2 5
5 1
3 2
2 3
4 2
0 5
5 3
5 3
2 1
5 0
2 5
4 3
0 1
3 3
0 2
4 1
3 0
5 0
0 0
0 2
1 1
5 3
3 4
2 5
2 4
4 5
3 4
0 0
4 5
5 4
2 0
1 1
1 4
0 5
3 1
1 4
4 1
5 2
4 2
10 78
2 3
3 3
4 5
0 3
0 2
3 2
5 4
3 0
3 4
3 5
33 494
3 5
3 2
4 1
3 3
4 5
4 1
1 1
4 3
1 1
1 4
0 3
5 2
3 4
2 4
3 3
1 1
3 5
3 4
4 5
0 0
3 3
5 3
5 1
1 4
0 4
0 0
5 0
2 5
0 3
0 4
0 0
3 1
1 5
1 48
2 4
29 375
1 3
4 1
1 2
3 5
1 2
4 4
2 0
5 1
4 3
2 5
2 1
3 5
2 2
4 0
5 0
2 3
3 1
0 2
2 4
5 1
2 3
1 0
4 0
2 1
4 5
1 5
3 4
4 4
5 2
34 497
0 3
3 5
5 1
4 4
2 5
5 2
0 3
1 3
3 4
1 3
5 2
3 0
5 3
2 4
0 4
2 2
4 1
1 3
3 1
1 1
4 1
4 2
2 0
4 1
0 2
1 5
4 0
1 2
5 2
1 1
0 2
3 2
4 2
4 3
36 204
3 1
5 4
0 5
2 5
5 2
2 2
2 4
5 5
3 0
3 4
5 3
3 1
4 2
5 4
1 2
1 1
2 1
3 3
4 2
2 5
2 2
1 2
0 1
2 5
0 4
5 4
2 1
5 0
3 5
5 4
2 2
3 2
0 3
3 0
5 2
3 3
50 336
1 0
1 0
5 0
2 0
4 1
2 0
5 2
2 1
2 2
1 4
2 0
3 2
5 3
4 1
0 0
2 4
0 4
0 4
4 0
0 5
4 0
3 2
0 4
0 3
0 1
3 5
2 4
0 4
4 4
1 5
1 1
1 5
1 2
5 4
3 0
4 4
2 4
2 2
1 3
1 3
0 2
2 2
3 0
5 5
3 5
2 5
1 0
5 2
2 0
0 5
26 165
0 2
3 2
4 5
4 4
4 5
2 3
1 1
1 4
2 5
3 1
0 5
0 3
0 1
0 1
4 3
4 4
3 1
5 1
5 1
2 2
4 4
5 0
1 2
2 3
3 4
5 5
3 427
3 5
0 0
3 0
32 281
2 5
0 4
1 0
3 0
3 0
5 2
0 0
5 3
5 3
0 2
0 5
2 1
3 4
3 5
4 2
2 3
0 1
1 2
4 2
1 1
4 5
4 4
4 3
3 4
0 3
1 1
4 3
1 2
4 1
1 1
0 0
0 4
27 322
0 0
0 3
5 1
1 3
0 0
2 2
1 3
5 2
5 0
2 5
4 1
4 2
5 3
2 0
3 2
0 5
2 0
1 1
1 0
2 1
4 2
3 1
0 2
1 3
3 5
5 0
1 1
2 436
0 4
0 2
16 407
4 0
3 2
2 1
3 2
2 4
4 4
3 2
3 3
0 1
0 4
2 4
1 3
4 5
5 4
4 1
4 4
4 300
3 4
3 5
1 3
5 3
45 437
2 4
1 2
4 5
1 2
0 5
2 4
0 1
4 5
2 0
5 3
2 1
4 5
2 0
2 3
2 1
0 4
1 4
5 3
2 0
0 5
4 4
0 3
5 2
1 5
0 2
1 1
3 4
1 4
2 5
5 2
1 2
1 1
0 2
2 0
4 1
2 0
3 4
1 3
0 5
3 2
5 5
4 5
2 0
0 4
3 2
36 292
0 0
1 5
0 2
2 3
0 5
1 0
2 0
5 1
4 5
3 3
0 0
4 2
0 5
4 5
2 0
1 0
2 3
2 3
0 2
0 3
5 3
1 5
2 5
5 1
3 0
3 2
5 0
0 1
1 5
5 3
4 1
2 3
0 1
2 1
4 4
3 3
14 160
1 3
0 3
0 3
0 2
2 5
2 3
3 1
2 3
0 4
2 1
1 1
3 5
3 2
1 5
17 447
1 0
5 3
3 5
1 0
0 2
2 4
5 4
3 0
3 3
0 5
4 0
4 0
4 2
3 1
4 1
2 5
5 2
25 370
5 3
5 3
3 5
5 0
4 4
2 0
0 2
1 4
4 1
1 5
0 5
4 3
4 2
3 0
3 3
3 1
2 4
1 0
1 3
1 5
2 0
2 4
4 3
3 0
3 3
24 266
3 2
1 5
4 2
1 4
4 0
1 0
3 5
2 0
2 1
5 4
0 5
1 0
2 2
0 0
1 3
0 3
2 1
5 4
3 0
5 3
4 2
3 3
0 1
0 1
30 474
0 0
5 4
1 0
5 1
2 5
2 0
3 3
1 4
0 3
1 5
5 3
4 3
2 0
5 1
2 5
3 4
1 0
1 4
3 0
1 1
5 0
0 1
0 4
0 5
0 3
3 2
4 0
0 4
4 3
5 3
47 114
4 0
1 0
0 2
0 3
5 2
5 5
0 1
1 3
5 1
5 4
2 1
2 3
4 2
0 1
5 4
1 2
5 5
4 0
3 1
5 2
0 2
2 1
1 1
3 4
5 1
4 2
0 5
4 1
1 5
3 4
0 0
4 4
2 1
2 0
0 3
2 0
2 0
1 1
1 0
3 2
0 2
5 2
1 4
1 5
4 2
0 1
0 0
36 315
2 3
5 0
3 2
3 1
1 5
3 5
0 2
0 0
1 4
0 2
3 5
0 0
3 3
2 3
5 5
1 3
5 0
1 4
1 2
4 1
3 4
1 1
3 1
4 4
1 5
4 2
4 1
4 4
2 2
0 3
2 1
5 1
5 3
1 0
5 5
1 5
33 303
0 0
1 4
5 0
2 2
2 1
1 0
0 5
2 4
3 3
1 4
5 5
5 3
0 4
4 5
3 5
1 2
0 5
0 2
1 2
2 2
5 2
3 2
3 2
3 5
5 0
4 3
2 4
2 3
5 4
0 1
5 3
2 3
2 0
47 16
2 4
1 1
0 1
1 5
3 3
4 0
4 5
2 0
2 4
3 5
0 3
4 5
1 2
0 1
3 1
3 0
3 2
4 2
1 4
1 1
0 5
4 0
5 0
3 4
1 0
2 4
0 5
1 2
1 3
2 5
2 1
5 3
0 4
1 0
5 1
0 4
1 3
0 0
2 2
4 5
4 4
4 2
2 1
2 1
3 2
2 2
2 0
39 193
0 1
5 1
1 1
0 4
5 5
4 2
1 5
4 3
0 2
1 5
4 2
1 4
5 4
5 0
4 0
3 1
3 0
1 2
3 4
4 0
2 4
2 3
5 4
4 0
1 1
2 1
5 1
4 4
3 4
5 0
3 0
5 5
0 1
1 3
2 3
3 2
3 5
5 0
2 1
2 224
1 5
5 3
50 444
5 2
3 4
0 4
3 1
2 4
5 2
4 1
0 4
4 2
1 0
2 2
2 4
5 2
0 0
3 4
1 1
5 4
1 5
1 4
3 0
1 1
1 2
2 1
1 5
5 0
2 5
1 4
3 1
5 4
1 2
3 5
0 3
0 5
1 4
1 0
2 3
1 0
0 0
5 1
1 3
5 2
3 4
1 2
4 2
3 3
4 3
4 5
2 4
1 1
1 0
46 268
4 0
0 3
2 5
3 1
4 0
1 1
0 3
5 5
1 5
2 4
0 1
3 5
2 3
4 4
0 5
4 4
4 2
1 3
0 5
0 2
4 4
1 5
3 4
5 4
1 4
3 3
4 2
1 0
2 1
3 2
4 2
2 5
5 2
5 4
2 1
0 5
4 5
4 0
5 0
5 4
5 3
2 3
5 5
0 1
2 1
0 3
46 203
2 5
4 1
0 4
0 3
1 4
1 3
4 2
3 3
3 0
1 2
3 3
3 4
3 2
1 0
5 1
3 2
2 5
5 2
5 3
5 5
2 5
5 0
5 3
3 3
1 1
1 5
0 4
0 4
3 4
5 3
1 4
1 5
4 1
1 2
2 1
5 1
4 4
5 3
3 3
0 2
2 1
4 1
2 1
5 2
0 5
0 4
28 118
0 2
4 3
4 5
2 2
2 1
4 2
1 0
3 0
4 0
1 0
1 1
4 3
1 1
3 3
5 2
1 0
2 1
2 1
3 2
2 3
2 2
3 4
5 3
4 2
4 2
3 2
5 2
2 1
29 313
5 4
5 2
3 2
5 4
5 4
0 3
2 2
3 0
5 1
3 3
5 3
2 3
3 5
3 5
5 5
1 2
1 4
0 3
4 2
1 1
2 5
0 0
3 3
1 4
0 4
2 3
5 3
1 4
0 1
35 322
2 1
1 3
2 3
5 5
2 5
5 4
0 1
2 3
1 5
3 4
2 3
3 1
4 4
1 1
3 4
1 5
4 3
4 4
4 0
2 3
1 1
0 5
2 1
5 0
0 3
2 5
1 2
4 4
4 0
1 5
4 4
1 5
5 4
2 1
0 1
32 412
2 1
3 2
1 1
3 1
5 1
2 4
0 1
0 1
5 5
1 4
1 5
0 3
1 5
4 2
2 0
5 3
4 2
4 5
2 3
5 4
3 4
1 3
4 0
3 1
0 3
3 2
2 5
2 5
1 0
5 2
2 2
1 1
2 188
4 3
3 2
24 194
2 5
4 2
1 0
5 0
5 3
1 3
3 2
5 2
1 5
3 5
1 5
5 2
0 0
2 2
3 1
0 5
4 3
4 1
5 3
4 1
4 1
5 5
0 5
4 2
3 205
5 2
5 1
4 3
16 73
5 2
5 0
3 0
1 4
2 4
1 2
0 2
2 1
4 1
0 4
4 3
3 5
2 1
5 5
1 3
3 5
16 103
5 2
2 0
5 3
2 4
0 0
0 1
4 1
4 0
1 1
3 3
4 0
2 1
4 0
4 5
2 4
3 1
44 371
1 0
1 2
3 3
0 3
2 1
5 1
3 0
5 4
5 4
5 4
0 5
4 4
4 4
5 0
2 3
1 4
3 0
0 4
0 1
1 1
0 0
2 0
3 1
1 1
1 3
4 1
4 4
1 2
4 2
4 2
0 3
2 2
1 1
2 0
3 0
4 3
0 0
3 5
0 4
5 3
4 0
3 4
1 0
4 5
10 208
2 1
5 1
3 4
1 0
5 4
2 0
2 1
2 5
5 2
1 2
7 417
0 3
4 3
5 4
1 4
2 4
5 0
1 4
36 344
3 1
3 3
1 0
0 4
2 2
2 4
1 5
2 4
0 3
0 1
0 1
2 1
3 5
4 1
1 0
5 2
4 4
1 5
3 0
0 1
0 0
2 4
0 0
3 4
5 5
3 2
1 3
4 2
0 0
2 2
2 5
5 5
4 0
4 2
1 0
1 2
20 10
2 5
2 0
2 5
2 3
2 5
4 3
4 4
4 2
2 2
3 2
1 5
3 4
0 5
1 4
2 2
1 0
4 3
1 2
0 3
3 2
20 298
4 3
0 4
4 0
4 5
3 2
0 5
3 3
2 5
2 1
3 4
0 4
5 2
2 1
0 2
1 2
1 2
3 4
0 3
0 2
2 4
38 192
3 4
2 5
3 4
1 5
5 4
3 0
2 4
1 4
0 2
0 2
5 0
2 1
3 3
0 4
4 0
2 0
5 2
0 5
2 5
3 2
0 4
0 3
2 1
5 0
1 5
3 3
5 1
2 1
5 5
4 4
2 3
2 3
0 5
2 5
0 4
0 4
1 4
1 5
47 437
2 0
2 0
4 0
0 4
2 5
0 2
5 1
0 3
3 2
4 3
0 5
0 0
5 4
3 5
5 4
5 3
0 5
0 0
2 2
0 0
3 2
3 0
2 2
2 5
2 5
4 2
0 4
3 3
1 3
2 5
4 3
0 2
3 4
0 1
0 4
1 1
1 2
4 5
4 0
5 1
5 3
2 0
2 4
2 0
3 3
1 5
5 0
13 440
1 1
3 3
5 2
1 0
3 5
4 3
1 3
5 0
5 0
4 2
2 0
3 4
2 3
13 37
5 4
4 5
3 3
0 3
1 4
1 4
2 0
2 0
5 5
5 4
1 5
3 4
2 0
26 396
2 3
5 0
1 4
1 4
4 4
3 2
5 3
4 4
4 3
4 1
0 0
4 2
0 0
1 4
4 5
5 1
4 0
5 5
0 4
4 1
0 3
1 2
5 1
5 5
1 2
4 5
6 181
2 3
2 0
0 3
0 0
3 3
0 5
46 274
5 0
0 5
1 3
2 4
1 4
3 0
3 4
0 5
1 2
1 1
0 0
2 1
3 1
0 3
3 4
4 1
4 0
1 3
5 5
4 4
1 5
1 2
3 1
3 0
4 2
1 3
0 5
2 2
3 0
2 4
4 2
1 1
3 3
4 5
2 2
5 4
5 0
1 3
1 0
2 3
5 1
5 2
5 2
4 4
1 3
0 5
25 118
5 0
0 0
0 0
5 2
0 4
2 4
5 3
5 1
3 3
0 1
2 5
3 5
3 3
0 5
1 2
4 1
4 2
0 4
1 2
2 2
0 0
0 5
5 3
0 4
0 5
13 133
3 2
4 4
2 5
4 2
2 3
0 5
3 2
2 1
0 1
3 0
5 1
3 3
4 5
37 455
0 1
5 4
1 0
4 2
5 0
1 0
1 5
3 0
5 3
0 0
1 1
4 2
5 0
3 5
1 3
4 4
3 3
5 5
3 2
5 4
4 1
0 0
0 0
3 2
0 5
4 4
2 5
4 5
0 4
0 2
1 5
2 4
2 5
2 3
3 0
4 3
3 0
36 164
5 2
0 0
4 0
0 2
1 5
3 4
5 1
5 4
3 2
3 2
4 1
0 5
3 5
3 1
2 0
3 5
5 1
0 1
1 1
5 0
5 5
4 2
3 2
1 3
5 1
5 4
2 3
3 4
0 5
5 4
3 4
2 5
1 3
0 0
0 4
0 2
49 332
1 4
5 3
5 4
4 3
5 4
5 2
5 1
0 3
2 3
4 1
0 1
1 3
0 0
4 0
2 0
1 3
5 4
4 4
3 5
3 4
2 2
0 3
1 5
4 0
0 2
2 2
4 2
3 3
3 5
2 4
3 2
4 5
3 5
5 3
1 2
0 3
5 5
5 5
2 4
2 0
4 3
2 3
4 2
3 2
5 3
0 5
4 3
0 2
5 3
21 320
3 1
1 1
1 2
4 5
4 5
5 2
3 5
5 5
0 5
0 4
4 1
1 1
0 0
0 2
4 4
3 4
4 2
4 0
1 0
1 3
1 4
47 157
4 1
5 1
4 2
2 2
1 5
5 3
1 4
3 1
5 0
2 4
0 4
0 3
2 3
4 0
5 5
1 2
5 2
4 4
1 4
4 4
4 1
4 3
1 4
0 2
1 3
5 4
5 0
5 4
2 4
5 4
3 5
4 2
2 4
5 1
0 3
5 1
1 4
3 0
1 2
5 5
2 0
0 3
0 2
4 1
0 2
3 4
2 0
14 174
0 2
2 5
0 3
4 3
5 0
3 1
4 1
0 5
4 5
5 1
3 5
2 5
4 3
2 3
42 499
2 2
3 3
5 2
2 3
1 3
5 1
4 5
3 0
5 1
2 0
5 4
3 3
0 4
5 0
2 4
3 5
1 4
4 5
5 3
5 4
2 5
3 5
0 3
3 1
1 3
4 4
2 1
4 5
5 0
5 5
5 2
1 3
3 3
5 5
0 4
2 3
1 3
5 3
5 2
3 4
1 4
5 4
13 35
2 4
5 3
2 4
2 3
4 4
2 0
0 2
3 2
2 0
0 5
1 5
2 1
3 5
15 29
0 3
0 0
1 1
4 0
1 2
3 4
4 0
3 5
0 3
0 4
2 0
3 0
3 2
3 3
2 1
44 215
0 4
2 5
0 3
1 5
0 3
3 2
5 5
4 3
0 2
1 4
0 0
1 3
2 2
0 4
5 3
0 1
1 0
5 4
0 1
5 5
1 5
5 4
1 1
4 4
1 3
2 3
3 0
5 5
2 3
4 3
3 4
2 2
2 1
0 2
5 2
3 3
3 3
5 4
4 1
5 5
2 4
2 1
5 4
5 4
5 477
1 0
5 4
5 1
3 4
4 5
16 246
3 3
4 1
0 1
3 2
4 2
1 0
4 2
2 2
3 5
4 1
0 1
5 4
1 4
0 4
4 0
0 5
48 343
0 3
2 4
2 1
1 2
1 3
2 1
1 3
2 2
3 0
5 4
3 2
1 1
2 3
3 3
3 0
5 0
4 0
3 2
3 1
3 2
0 0
0 3
3 1
1 3
5 0
1 0
2 2
5 3
2 1
1 4
5 0
2 0
2 2
5 4
3 0
4 1
2 1
1 0
4 5
3 0
3 0
1 3
2 1
1 0
4 0
2 1
3 3
5 5
7 339
1 5
3 4
5 4
3 1
4 0
4 3
2 2
12 406
1 4
3 0
5 4
2 4
2 0
1 2
5 3
4 2
0 0
0 5
4 5
1 5
47 31
4 5
0 5
0 4
4 4
3 5
5 5
1 2
3 3
3 3
4 2
4 1
2 5
1 5
5 3
5 1
2 2
0 1
1 0
5 0
3 5
0 1
3 2
3 2
0 2
2 4
3 0
4 1
0 0
5 2
4 5
5 4
2 1
0 1
5 4
4 3
4 1
4 0
5 2
2 1
4 3
5 5
1 4
2 3
0 3
2 0
2 3
1 3
27 131
1 0
1 1
3 1
4 2
2 2
4 4
2 4
4 1
4 0
2 5
3 5
0 1
4 3
1 2
2 3
3 2
4 5
5 3
4 1
1 4
5 5
1 5
5 2
0 4
3 4
0 4
2 2
45 82
4 5
4 4
1 4
0 2
3 3
2 5
1 5
5 2
1 5
5 3
3 4
5 1
1 5
2 4
3 4
0 1
2 1
3 4
1 3
3 2
2 4
5 0
1 5
3 2
5 3
1 4
0 3
0 3
5 3
2 5
2 5
5 2
1 4
0 0
5 3
5 3
4 3
2 4
2 3
4 4
3 4
5 5
0 4
4 2
0 3
24 175
3 5
1 1
3 3
5 4
4 5
1 3
5 5
1 4
1 3
2 4
0 4
4 0
4 5
3 5
3 1
3 0
4 0
0 0
4 5
4 4
3 4
4 5
5 3
2 1
18 41
3 2
5 1
2 0
2 1
0 0
1 1
2 3
5 5
3 0
4 0
4 4
0 2
0 2
2 5
0 1
0 0
5 2
5 0
49 13
5 3
3 0
0 2
5 5
4 0
0 0
2 1
5 0
0 5
3 0
0 4
0 0
3 5
5 1
2 4
0 1
3 0
0 4
5 2
5 4
4 1
2 0
4 4
0 2
4 2
1 1
5 0
4 5
3 0
3 4
0 3
0 1
4 0
1 5
3 1
3 5
1 0
5 3
0 0
1 3
4 2
0 4
5 5
1 4
1 4
2 5
2 4
4 3
2 2
6 37
3 0
0 5
4 3
4 5
1 4
4 5
30 125
5 1
4 1
0 0
5 2
2 0
3 1
2 5
1 5
1 3
0 0
4 0
3 2
5 0
5 4
2 5
4 1
0 1
1 3
4 5
1 3
0 3
3 2
3 0
4 0
1 0
0 3
1 1
3 5
3 1
4 3
38 46
5 5
3 3
0 4
5 4
5 4
0 2
5 0
3 2
2 5
1 2
2 2
5 0
2 3
0 2
3 5
4 5
4 3
1 2
2 3
2 3
2 0
1 4
3 0
2 3
0 2
0 0
5 3
1 5
0 4
1 3
4 2
5 0
0 3
3 5
4 2
4 5
2 0
5 1
44 259
4 3
5 3
1 3
3 1
1 3
0 1
1 2
0 3
4 1
2 2
3 2
1 4
2 0
0 3
4 5
1 4
4 2
5 5
5 2
1 5
1 2
5 2
2 5
4 0
0 4
4 5
5 1
2 5
5 4
5 0
0 4
3 4
2 0
5 3
1 4
2 5
2 3
2 2
2 3
4 3
2 2
4 2
5 3
5 3
16 290
2 0
4 5
2 3
5 5
5 3
3 2
0 1
3 1
3 4
2 4
3 2
5 1
4 5
5 1
5 3
5 5
35 14
1 1
2 4
4 1
0 4
5 3
1 2
3 5
5 3
4 3
4 1
0 0
3 4
2 0
5 4
0 1
3 3
4 2
2 5
4 5
2 4
5 2
0 1
5 1
3 0
4 4
5 2
5 2
0 1
2 3
3 5
4 1
1 1
1 2
5 1
2 3
1 237
5 0
18 32
2 4
0 2
5 4
3 2
4 4
4 0
3 1
5 1
5 4
1 3
2 0
2 5
0 3
1 5
4 4
5 4
5 0
0 4
24 171
2 0
0 5
4 2
1 4
1 4
2 3
2 1
1 1
1 2
4 4
4 4
5 3
5 1
0 1
1 2
2 5
0 1
5 4
0 0
4 1
2 4
1 1
4 5
0 5
27 294
5 5
0 3
0 3
4 2
4 1
0 4
2 1
5 1
4 4
0 3
3 5
3 5
3 2
0 1
4 3
3 2
0 3
4 0
0 4
4 3
2 2
2 1
3 5
0 3
1 0
5 0
3 1
43 367
5 5
4 0
4 3
5 2
5 2
2 4
4 4
0 2
1 0
3 3
3 5
2 2
1 3
2 4
4 4
2 4
4 3
5 4
3 0
1 1
3 3
4 2
0 0
2 5
1 4
0 0
2 0
3 2
2 3
1 5
5 4
1 1
0 2
4 3
1 4
1 5
5 0
5 0
0 4
2 1
0 3
2 5
1 4
5 473
2 0
3 4
1 0
4 2
0 4
34 158
3 3
3 4
5 1
3 0
2 2
4 1
0 2
4 2
5 3
2 5
1 5
3 0
3 4
5 2
5 5
2 1
3 4
3 3
3 3
2 1
4 1
4 3
0 3
4 5
5 4
2 0
2 5
4 2
3 4
3 2
2 5
1 0
5 4
0 4
17 383
1 3
3 5
0 0
5 5
0 1
3 3
3 2
0 2
5 2
3 3
5 3
1 2
1 0
2 3
5 3
3 0
5 3
19 155
4 5
2 3
1 4
0 3
0 3
4 0
1 5
5 0
1 3
4 5
0 1
2 1
2 0
4 3
0 2
1 1
2 4
1 0
5 5
18 237
3 0
2 0
1 4
5 0
1 1
2 1
3 0
3 3
1 5
1 5
5 0
5 2
0 2
4 1
4 3
3 5
0 1
3 2
16 236
0 2
2 0
0 0
3 2
4 1
5 0
2 5
4 3
4 3
2 1
3 1
4 3
1 1
4 4
4 4
2 3
8 258
2 1
3 3
3 3
0 0
5 4
3 3
3 0
4 4
50 487
5 3
2 5
5 2
1 3
1 2
4 3
4 1
0 0
5 2
3 0
2 2
3 5
2 0
0 4
3 5
0 3
1 4
2 1
5 1
1 1
5 3
1 4
1 4
5 1
4 1
2 1
5 2
0 5
1 1
2 0
3 4
4 0
1 0
1 2
2 5
2 3
1 2
1 1
3 2
1 4
5 3
5 1
0 4
5 2
5 3
3 5
1 5
5 5
2 0
4 4
13 354
2 2
3 0
5 5
0 1
5 5
4 5
4 5
3 3
1 5
5 3
3 0
5 5
0 2
11 362
0 2
0 2
0 1
0 2
1 4
2 4
5 4
0 5
2 1
5 2
3 5
37 498
0 5
5 2
3 5
2 3
3 3
0 4
4 2
2 4
5 1
3 4
2 5
2 0
3 2
5 2
3 5
0 4
3 0
4 5
0 3
5 1
0 1
3 4
0 3
4 1
5 4
2 0
0 0
3 3
1 3
1 1
2 1
0 5
1 3
0 3
5 0
3 3
2 3
38 199
0 0
0 1
2 3
0 5
5 4
2 3
4 0
3 5
1 1
2 1
5 4
4 0
4 2
3 2
3 3
3 3
0 3
1 3
4 2
3 4
5 0
3 5
1 5
2 2
0 1
2 4
3 1
2 1
4 3
1 3
4 3
4 2
5 2
5 5
4 2
0 1
2 0
3 2
19 265
1 5
2 5
1 2
3 5
3 0
0 3
4 2
2 2
4 1
4 2
5 5
5 5
2 5
4 5
1 4
5 2
3 0
3 0
2 1
15 280
0 5
0 1
4 5
2 1
3 1
3 5
4 1
4 3
3 2
1 4
1 4
2 2
0 0
3 2
5 4
22 334
1 3
4 2
1 2
0 1
3 0
2 3
1 4
3 4
5 1
5 2
5 4
1 2
5 4
1 4
4 3
5 0
3 0
4 5
3 0
2 5
1 1
1 3
49 8
4 0
1 5
0 0
0 5
2 1
0 5
1 0
3 2
5 3
3 2
4 5
5 4
2 2
3 1
5 1
4 4
0 4
2 2
1 3
4 2
5 2
0 3
2 1
2 4
4 5
4 2
1 1
5 5
3 3
3 5
5 0
0 1
0 3
4 4
5 3
3 2
0 0
2 3
0 3
1 3
1 3
1 3
1 2
4 3
3 4
3 0
4 3
0 0
4 0
4 142
4 0
0 2
0 4
4 0
12 258
1 4
5 4
1 2
3 5
1 4
5 5
4 3
4 2
5 2
0 2
2 3
4 5
46 323
2 4
3 2
2 4
5 5
0 4
2 2
1 4
0 5
1 2
3 3
0 5
1 4
0 1
3 3
2 5
1 1
4 4
1 4
2 5
2 4
1 3
1 5
4 2
2 2
5 5
0 5
5 4
3 1
2 0
3 0
5 0
2 2
3 5
1 0
2 5
0 0
5 3
2 0
3 1
5 2
5 0
3 5
1 0
2 4
3 2
1 0
43 337
1 4
1 5
0 5
1 5
0 3
1 2
4 1
1 5
1 5
2 4
3 5
5 4
0 2
2 2
3 5
3 1
0 4
2 0
1 2
0 3
3 1
2 5
4 0
2 3
3 2
1 4
0 2
2 1
2 2
4 3
2 4
1 1
4 3
1 2
0 3
0 4
4 5
2 4
5 5
2 1
2 1
2 5
5 3
34 456
1 1
1 1
2 4
3 4
2 0
3 0
0 2
2 2
2 1
4 1
1 2
1 1
1 0
2 0
4 1
4 1
5 1
4 5
0 0
2 5
5 0
2 0
2 5
4 5
1 4
5 5
4 2
2 4
5 2
1 0
2 4
2 2
5 1
2 3
15 94
0 3
0 1
2 3
0 1
5 0
4 5
0 5
2 1
2 5
4 5
3 5
2 4
1 3
0 3
0 3
40 405
5 0
5 3
4 4
4 5
4 2
5 4
1 3
5 0
5 3
2 0
1 1
4 4
1 4
3 1
2 5
2 0
2 2
3 2
3 3
4 1
3 5
2 5
5 4
2 1
0 0
0 2
0 4
3 3
0 2
0 5
5 1
4 0
2 3
2 4
5 0
2 5
0 2
2 5
1 1
3 1
16 171
4 0
4 0
4 5
1 3
3 3
1 2
0 4
0 4
2 5
3 2
1 2
3 4
3 4
3 5
0 5
0 3
14 152
1 4
0 4
3 2
4 2
3 0
5 1
2 1
5 1
4 0
0 5
0 1
5 0
5 0
5 1
40 261
1 2
1 2
2 0
1 0
5 4
1 0
1 1
0 3
4 4
3 4
5 0
2 3
1 0
1 3
0 3
2 2
1 4
3 5
0 1
3 4
5 1
3 5
0 5
3 4
1 3
0 1
4 5
4 5
3 0
0 3
5 5
2 1
3 1
1 1
1 5
0 3
4 0
4 2
3 2
4 0
45 499
2 2
4 0
5 1
4 5
4 2
4 0
5 3
0 4
4 3
3 3
1 2
4 5
4 0
0 4
2 2
3 3
5 4
0 2
4 5
4 1
2 2
1 2
2 5
0 0
1 5
4 4
4 5
4 3
0 5
2 2
2 1
5 1
5 5
5 1
0 3
5 0
0 2
0 3
0 4
4 0
0 3
3 2
1 1
3 0
5 5
29 370
0 3
1 5
0 3
5 2
2 5
3 3
5 3
0 5
1 4
4 1
2 4
0 3
2 0
5 4
0 2
0 2
0 2
1 5
5 0
5 1
0 4
0 0
3 3
3 5
4 3
3 3
3 5
1 4
2 0
17 186
1 2
2 2
3 4
3 4
3 4
5 1
5 2
2 1
1 4
3 3
0 1
5 5
2 0
1 4
3 4
5 2
0 1
6 193
3 1
1 1
4 4
3 4
1 0
3 1
15 462
2 0
4 5
2 0
4 0
5 3
3 3
4 5
5 2
5 0
4 4
5 2
2 5
0 1
4 1
3 2
36 261
0 1
5 4
3 3
2 5
1 3
1 4
3 1
2 1
0 4
2 2
3 1
1 1
4 4
5 3
2 5
2 0
2 4
3 1
0 5
1 5
5 2
5 3
1 5
3 0
3 4
0 5
5 2
0 4
5 1
4 5
5 1
1 3
3 3
2 5
0 2
4 3
6 17
1 1
0 4
3 4
4 0
1 2
2 0
4 98
1 2
3 5
4 0
4 2
11 301
2 5
2 3
0 1
3 1
2 4
3 1
2 3
1 0
5 4
0 2
4 0
20 140
5 0
4 4
4 3
0 0
1 5
1 2
3 5
5 4
5 4
1 1
2 2
1 2
5 4
3 2
5 5
2 0
2 0
3 3
3 2
5 1
48 208
3 2
5 3
1 3
0 0
5 4
4 5
4 1
4 5
5 2
1 4
3 4
5 2
3 5
1 1
1 2
3 1
2 2
0 4
1 4
4 1
5 1
1 3
2 5
0 0
1 0
0 5
5 0
3 4
5 0
1 2
1 5
4 1
5 1
4 3
1 0
1 2
4 5
4 4
0 1
2 1
4 3
1 1
0 0
3 4
5 0
2 2
3 0
0 5
26 216
2 3
3 2
1 0
1 1
3 0
2 5
1 2
4 4
2 2
0 1
5 5
4 2
3 1
3 5
2 3
2 1
4 0
1 3
2 3
2 1
2 4
5 4
5 2
1 1
3 4
5 5
36 274
4 2
1 4
1 1
0 1
5 2
1 3
0 5
2 3
0 0
2 2
4 2
1 3
1 1
0 1
5 1
1 0
3 3
4 0
0 1
1 1
0 0
5 2
0 0
0 1
4 0
2 1
0 0
4 5
4 2
2 2
2 5
2 0
5 0
5 2
5 5
1 3
44 404
1 1
4 0
4 0
2 0
4 2
2 1
5 4
5 1
5 2
1 3
0 3
0 3
0 2
3 3
2 4
2 0
0 2
2 2
4 3
2 2
0 3
5 1
4 5
1 5
5 0
2 1
5 3
3 5
2 5
2 0
2 1
4 1
1 5
5 2
1 1
4 5
0 5
1 0
2 4
4 3
0 2
1 4
0 3
4 0
10 477
1 3
4 1
1 2
4 4
4 1
3 4
3 3
2 1
0 4
3 5
9 340
0 5
1 2
3 0
0 5
3 5
5 3
5 0
1 0
2 1
20 3
5 2
4 1
5 1
1 1
2 2
5 3
4 3
5 1
0 4
3 1
3 4
2 1
3 5
5 0
4 2
1 3
0 1
2 0
1 4
5 2
15 275
1 4
5 5
0 2
1 1
0 5
3 5
0 4
4 4
0 3
4 2
3 4
5 4
3 3
5 2
1 5
13 481
3 5
1 1
0 3
5 2
1 5
3 5
5 4
1 2
0 4
0 0
1 1
1 0
4 4
8 121
0 5
2 1
5 5
5 2
1 3
3 2
1 1
3 3
13 433
2 5
5 1
2 1
4 0
2 5
4 5
5 0
2 4
2 0
2 5
2 2
5 4
2 1
32 279
1 4
3 4
1 0
3 3
5 3
2 1
0 3
4 3
0 2
0 4
5 5
3 1
2 3
4 3
0 0
0 5
2 5
4 5
5 4
4 2
1 4
4 1
4 1
3 0
2 1
1 1
3 0
3 4
0 2
0 1
3 1
2 0
29 81
5 5
3 4
4 5
4 2
4 0
5 2
0 1
4 1
1 3
2 5
3 5
2 0
5 1
2 5
1 0
0 2
3 5
3 2
4 2
3 0
2 2
4 3
4 4
3 5
4 2
1 0
1 1
4 4
2 4
45 226
2 0
1 0
1 1
3 1
0 4
2 2
2 1
0 4
5 0
1 0
5 4
1 5
2 5
3 1
4 5
3 4
4 2
3 1
4 1
1 1
5 4
4 1
4 3
5 0
3 0
1 5
1 4
1 0
1 1
4 4
1 2
3 1
0 3
0 0
2 3
3 0
0 3
5 3
0 1
3 3
4 2
5 2
3 4
3 2
4 2
21 405
1 2
1 1
3 4
1 1
1 2
0 2
4 5
2 3
1 0
5 3
2 1
4 5
2 4
1 2
0 4
3 1
3 4
0 1
5 4
2 2
3 4
12 15
0 5
3 2
3 3
0 2
3 1
3 5
5 3
2 1
5 4
5 2
3 1
5 5
36 130
1 3
4 1
3 2
0 2
5 1
1 2
1 1
1 5
4 4
5 0
3 2
4 5
5 2
3 5
2 4
2 2
1 5
5 4
1 4
0 1
2 5
2 1
4 5
4 0
0 1
1 0
1 1
5 0
1 4
5 1
1 1
2 0
0 0
4 1
2 0
5 4
20 337
3 4
0 5
1 0
3 4
4 4
0 4
1 1
5 0
1 5
5 2
5 3
3 1
3 5
0 5
3 4
4 5
1 5
3 3
3 3
4 2
15 424
2 2
2 4
1 0
2 1
2 1
1 4
4 0
3 0
1 1
5 5
2 1
4 4
5 4
5 4
3 2
1 394
3 5
10 316
2 5
1 0
2 0
3 0
0 2
4 0
3 1
0 2
4 1
4 5
14 226
0 4
1 4
5 0
4 4
2 1
2 2
2 5
2 1
2 1
0 1
3 1
4 5
0 5
5 1
8 404
1 5
1 2
1 0
5 1
1 5
0 5
1 0
1 5
12 488
1 0
3 1
3 3
1 0
3 3
0 2
0 5
0 5
1 2
1 2
2 1
2 3
34 279
5 2
1 4
2 2
1 4
4 2
1 3
3 0
0 5
1 5
0 0
4 5
4 0
4 4
2 0
0 4
0 4
2 4
2 2
1 3
5 3
1 0
4 3
1 1
1 2
1 5
0 3
2 3
0 1
1 5
0 2
5 5
2 4
5 1
2 1
47 355
3 1
3 4
5 4
4 0
1 3
0 0
0 3
2 5
4 2
3 2
5 4
2 1
1 5
3 0
0 4
0 1
4 3
1 4
3 4
0 5
5 5
2 5
5 1
0 3
4 4
4 5
4 5
4 1
2 0
4 5
0 3
3 2
1 0
3 4
4 2
2 4
4 0
1 3
3 2
4 4
3 5
5 4
1 5
5 5
0 5
1 3
4 1
44 244
1 4
4 2
3 5
5 5
5 4
5 4
0 2
2 5
1 4
3 4
4 1
1 0
0 0
3 4
3 3
5 1
1 0
4 4
4 3
5 4
3 4
3 0
0 2
2 2
3 4
5 5
3 5
3 2
3 4
0 3
5 2
1 2
0 5
4 5
1 5
0 5
0 5
3 0
0 2
3 3
0 0
2 5
4 3
4 1
8 365
3 3
1 1
1 5
4 4
0 3
0 2
5 0
0 3
6 323
5 0
1 5
4 4
2 0
1 5
3 2
50 312
0 1
1 5
3 2
2 4
0 5
0 2
3 3
0 5
3 0
5 3
2 2
5 5
0 3
3 4
5 3
0 1
3 2
5 3
2 2
3 4
3 1
1 3
5 0
0 2
1 3
0 5
4 0
2 4
4 2
5 1
3 0
1 1
5 1
1 5
3 3
2 4
4 0
0 3
2 5
3 2
5 4
5 0
4 1
0 1
0 1
1 0
3 5
4 2
0 5
2 1
20 189
5 4
1 1
1 4
0 3
5 3
0 1
5 0
0 1
2 0
2 3
4 2
3 1
1 2
1 4
5 4
4 0
3 4
3 1
2 1
1 5
37 227
2 5
4 0
4 0
0 5
3 2
1 5
4 0
5 4
1 5
3 3
1 5
1 1
1 1
1 2
2 4
0 0
5 5
2 2
3 4
3 3
1 1
4 4
3 0
1 4
1 1
5 1
5 0
4 1
2 4
2 3
4 1
0 0
5 5
2 0
5 4
1 3
2 1
38 431
4 5
1 0
3 5
3 3
1 2
0 0
3 3
0 3
1 1
3 4
4 5
2 5
5 3
0 4
0 1
4 4
1 1
4 5
3 4
0 1
3 5
1 1
4 0
4 2
4 1
0 2
2 5
2 2
2 5
5 3
4 2
3 3
3 2
1 3
0 1
0 3
1 0
5 3
26 104
4 4
3 1
4 2
5 4
2 0
0 0
1 0
2 4
4 2
2 0
4 1
0 2
2 1
5 5
2 2
0 4
2 5
4 3
1 3
5 5
5 3
1 4
5 0
5 3
5 1
4 1
49 132
1 4
0 1
2 2
2 2
3 1
5 5
1 5
0 5
2 4
1 1
2 5
2 3
5 2
1 0
4 3
5 0
3 2
3 1
5 2
3 5
3 1
4 3
0 0
1 2
0 3
1 1
4 0
0 3
0 2
0 0
2 4
3 0
5 1
0 3
1 2
0 2
5 1
4 2
0 3
4 3
0 5
0 5
4 4
2 3
4 4
5 1
3 4
4 4
1 0
21 177
4 2
0 1
0 2
4 3
3 4
0 4
1 1
1 0
1 0
5 3
1 5
3 5
5 3
1 4
1 5
5 4
1 4
3 2
2 2
1 1
2 5
35 262
2 4
5 1
4 5
3 4
2 3
0 0
2 2
0 4
2 1
4 5
2 4
5 4
1 4
0 3
4 0
4 3
3 1
4 5
4 0
4 2
3 3
5 1
2 0
5 2
0 1
1 2
0 3
5 5
5 1
3 5
0 3
1 3
5 5
2 1
4 2
35 147
2 3
0 1
1 2
3 1
2 3
0 3
4 3
1 0
1 3
1 1
5 4
3 3
2 2
1 3
0 3
2 0
5 3
1 2
4 3
5 3
2 0
0 3
4 3
3 4
1 3
1 0
4 3
2 5
1 1
0 1
0 3
5 5
4 0
1 0
0 5
30 398
2 3
3 3
1 1
1 3
0 0
5 2
3 4
4 5
0 4
5 3
4 1
3 5
4 2
5 0
1 5
0 3
4 3
4 0
5 3
3 5
0 1
0 5
0 4
0 5
0 0
5 0
1 2
0 5
1 0
2 5
19 380
3 1
2 3
5 4
3 5
0 1
1 3
2 5
5 1
3 2
2 5
4 2
0 3
5 1
1 2
3 3
1 4
5 2
1 3
2 4
7 453
1 3
2 0
4 5
3 5
5 5
0 2
1 5
46 450
3 2
4 3
2 4
4 0
1 0
3 2
0 0
2 0
0 4
2 5
4 0
2 1
4 0
5 4
3 0
4 2
5 2
0 2
4 0
2 5
1 1
3 5
2 1
4 1
1 4
2 5
3 3
3 1
5 5
4 4
5 5
2 1
1 4
4 4
0 3
3 3
3 1
1 5
3 5
0 2
0 1
4 5
1 3
0 5
5 3
5 4
33 308
1 1
4 3
0 1
3 1
0 4
5 0
4 3
4 3
2 0
1 2
0 4
5 2
1 2
1 1
2 1
1 2
5 2
3 0
2 0
2 3
1 0
5 4
5 3
3 5
5 1
5 0
2 5
2 2
5 0
5 4
2 1
0 1
3 2
25 369
0 1
4 1
0 1
1 3
0 5
5 5
0 4
0 4
0 4
2 3
0 1
1 5
4 1
1 1
5 3
2 1
3 1
3 0
4 5
1 3
4 0
4 4
4 4
3 4
5 2
7 257
0 1
1 2
5 0
0 0
3 2
5 1
3 5
35 236
4 3
5 5
0 5
0 2
4 0
1 1
3 2
5 4
1 2
3 5
4 5
4 5
2 2
5 1
5 1
1 4
1 3
1 4
5 2
5 3
0 4
4 0
4 0
0 5
3 5
5 0
4 0
2 3
0 4
0 0
3 3
2 4
1 4
3 4
0 5
41 212
3 1
5 0
2 5
2 3
3 2
4 3
3 4
0 3
3 3
1 0
0 0
1 1
2 1
0 4
1 0
4 0
1 0
3 3
5 4
4 1
4 1
0 1
3 2
0 4
0 5
5 2
1 3
1 2
3 0
5 5
5 4
5 3
4 5
5 3
3 1
3 0
4 3
4 1
0 2
0 5
0 2
48 460
2 0
2 1
1 5
5 0
5 5
5 0
2 2
2 0
3 1
3 3
0 5
0 5
4 2
0 4
0 1
0 2
5 3
0 5
1 1
0 2
2 1
5 1
3 0
5 2
4 1
3 5
4 2
5 2
4 3
4 4
1 2
5 5
3 0
1 1
2 4
2 3
0 1
3 0
1 2
0 3
5 4
0 5
2 5
0 3
5 3
0 5
0 1
4 0
25 357
1 4
0 4
2 2
4 1
4 4
1 0
5 0
2 5
0 4
0 5
5 0
4 0
4 5
2 4
2 4
5 0
3 1
4 3
5 2
2 4
0 3
4 1
0 0
5 4
5 3
50 490
3 4
2 4
5 5
2 0
1 1
4 0
1 2
3 4
0 1
2 5
3 3
1 2
3 4
3 2
3 2
0 3
0 2
1 2
0 0
5 2
2 4
1 3
1 1
3 1
0 0
1 0
4 3
3 0
2 3
3 1
2 2
5 4
4 1
0 1
5 4
1 5
3 2
3 5
5 0
2 1
0 4
1 0
0 4
1 5
4 1
4 4
0 4
1 2
4 5
4 0
25 405
5 5
2 2
3 4
0 5
3 2
0 3
4 4
4 3
3 3
4 3
1 0
5 4
0 0
3 5
0 1
5 1
3 2
4 4
1 0
1 4
2 1
0 2
4 5
2 3
3 3
5 208
1 1
3 0
4 0
0 4
1 1
32 118
2 2
3 2
0 4
3 0
0 3
1 3
1 0
4 4
3 0
3 0
4 4
5 4
3 4
4 0
2 2
0 4
0 2
0 2
0 3
0 3
3 4
0 2
5 3
4 1
1 1
4 1
5 1
4 5
1 3
3 1
0 3
2 1
32 292
2 1
1 2
0 4
2 3
3 0
0 4
2 4
4 2
2 0
5 5
2 3
1 1
4 4
5 1
0 0
4 1
5 3
4 0
4 4
4 2
3 5
2 5
5 0
5 3
3 5
3 0
0 4
4 5
4 4
5 3
2 2
4 1
25 486
2 4
5 0
2 4
5 4
0 3
1 1
1 2
4 5
4 2
2 0
0 2
5 2
3 1
2 2
4 2
3 4
2 4
0 5
4 2
2 4
5 0
3 2
3 2
4 0
2 0
7 123
2 3
5 3
3 5
2 1
2 5
1 5
0 5
38 161
0 3
5 4
4 3
4 4
4 2
3 4
0 5
1 4
3 3
1 5
2 5
2 5
3 4
3 3
3 0
5 2
4 5
2 3
2 2
3 0
3 0
0 3
0 5
4 0
0 0
4 4
2 1
1 2
5 5
4 1
5 5
5 1
4 3
1 4
4 4
3 5
3 3
0 1
40 448
1 2
3 5
4 2
3 4
5 2
3 0
2 2
4 0
4 1
0 1
4 5
5 5
4 1
3 2
0 0
0 3
2 2
4 4
1 5
2 2
5 5
0 5
4 1
4 3
1 0
2 5
3 1
2 2
3 3
1 1
0 1
0 4
4 1
4 3
3 2
3 5
0 3
5 5
3 1
0 4
6 267
1 5
1 3
5 4
2 5
5 5
5 0
14 353
5 3
0 0
1 5
1 1
5 5
1 4
1 1
2 3
0 4
3 2
3 3
3 4
0 3
1 2
8 159
0 2
3 5
1 0
3 3
2 5
3 3
3 0
1 3
18 39
0 0
4 4
4 4
1 4
3 5
0 0
2 3
0 2
5 5
5 0
4 3
5 5
3 2
4 3
3 5
4 1
4 4
4 1
46 400
5 3
3 1
0 2
2 1
4 5
2 5
0 2
3 5
4 0
5 3
0 0
0 1
5 0
2 4
1 1
3 4
2 4
5 4
2 3
0 1
4 5
3 5
1 0
2 4
3 0
3 1
3 5
2 4
3 1
1 4
5 3
0 5
3 0
2 0
3 5
5 3
4 3
3 0
5 1
1 2
4 0
4 5
0 1
3 4
2 0
4 0
50 305
0 1
2 5
0 3
3 4
0 3
5 5
3 1
1 1
3 0
2 2
2 4
3 4
4 3
3 5
0 4
3 2
1 3
2 5
4 4
1 2
2 2
3 0
0 1
3 4
5 0
2 5
4 4
5 3
3 3
2 1
5 3
4 3
2 2
4 1
1 4
4 0
3 1
2 5
5 4
3 1
3 0
5 1
0 5
1 2
1 0
5 4
1 2
3 1
5 2
5 0
8 348
5 0
4 0
3 4
4 5
4 5
4 1
2 3
2 3
31 296
5 2
1 1
4 5
3 1
4 2
3 4
2 3
3 5
0 4
4 1
2 1
5 2
0 3
3 1
4 1
4 0
4 5
3 5
1 1
0 3
4 1
1 0
0 4
0 3
3 1
5 0
1 4
0 0
2 3
5 3
4 5
37 214
1 0
3 2
1 3
2 2
1 5
2 4
3 5
0 3
2 4
3 5
5 0
0 1
2 3
1 0
2 0
2 3
2 3
5 1
3 5
5 5
5 5
1 2
1 2
3 5
2 5
2 0
1 5
3 0
1 1
2 1
1 4
2 0
0 2
4 1
4 1
0 0
2 4
35 452
5 0
0 4
2 2
2 5
1 0
3 2
0 4
2 4
5 5
1 2
1 0
0 0
0 3
2 5
2 2
0 4
4 4
1 2
4 2
3 3
5 2
1 5
1 4
4 3
0 3
1 5
0 5
3 0
0 3
3 2
0 2
4 1
0 0
3 4
1 4
31 223
1 4
3 2
2 4
0 1
4 3
5 5
4 2
1 0
0 0
3 0
4 1
4 1
4 1
0 3
1 0
3 1
5 2
5 5
5 1
2 3
2 5
0 0
4 0
0 5
3 4
3 5
1 4
3 1
0 2
4 5
3 4
13 488
5 2
4 5
1 4
2 4
1 0
5 4
2 2
1 5
1 1
4 1
5 4
3 3
0 3
48 295
5 2
1 1
5 0
3 1
0 4
3 3
1 2
4 2
4 2
3 4
0 3
3 0
4 5
5 3
5 4
2 2
0 1
3 2
5 3
4 4
1 5
1 1
5 0
5 3
0 4
4 2
5 5
2 2
2 3
5 1
2 1
4 1
4 5
4 5
0 2
5 3
5 2
1 3
0 2
3 5
2 1
4 5
5 1
3 0
4 1
1 2
5 3
2 0
36 212
3 5
1 5
1 0
4 2
1 5
3 2
3 1
5 4
1 1
5 0
0 2
0 0
2 4
1 2
4 4
0 3
2 0
3 2
2 4
2 2
0 0
3 1
3 0
2 0
4 5
2 1
3 0
4 4
1 5
5 0
3 1
4 4
0 5
5 3
5 1
2 3
27 379
1 3
4 0
5 1
2 2
2 1
2 3
0 3
4 5
0 5
4 0
2 0
5 0
5 1
3 1
0 4
4 4
2 3
0 4
0 2
3 4
3 5
2 1
3 2
1 2
0 5
0 1
3 4
41 418
1 0
4 5
3 1
0 0
3 0
5 4
5 2
3 4
1 5
2 4
0 4
5 4
2 3
2 3
5 5
1 1
4 3
5 3
4 0
5 1
0 4
0 2
4 0
1 0
2 5
2 3
1 1
4 5
1 2
3 0
2 1
4 1
1 3
5 1
2 5
1 5
4 3
5 5
1 3
2 5
2 1
31 70
0 4
2 1
3 4
4 4
4 2
0 3
4 5
1 3
0 5
2 0
2 3
0 5
5 0
5 1
4 2
2 5
5 4
2 3
2 4
3 5
3 0
1 3
2 0
0 1
3 1
4 4
3 0
3 0
5 0
1 4
1 5
45 492
3 2
5 0
5 0
2 4
1 1
4 2
2 3
0 3
5 0
1 5
5 1
5 5
4 4
0 5
5 5
0 3
5 3
4 1
2 2
4 1
2 5
2 0
3 4
4 1
2 3
3 1
1 1
1 4
1 3
5 3
2 3
0 1
3 4
0 1
5 2
1 1
0 2
1 3
0 3
4 2
0 4
5 0
0 4
4 4
1 3
4 352
5 1
2 0
3 5
4 3
38 465
0 3
4 1
3 4
2 2
2 4
1 4
3 5
2 3
5 2
4 4
0 3
1 2
0 4
3 5
4 1
1 2
5 2
0 5
5 3
2 1
4 3
3 5
5 5
0 4
1 1
4 5
0 5
1 4
5 5
2 3
3 0
1 1
5 3
5 4
0 5
3 5
2 5
1 3
33 11
0 4
4 1
0 0
3 3
2 0
3 5
0 4
5 0
2 1
0 1
0 2
4 2
0 5
0 4
5 4
3 5
2 0
3 5
2 0
1 0
0 0
4 3
4 4
0 1
4 1
1 4
0 2
1 2
4 1
3 5
3 2
5 3
5 4
21 298
5 2
4 2
4 2
2 2
4 4
2 1
5 1
2 5
5 5
2 1
0 3
3 3
0 4
0 1
0 1
4 0
2 5
1 0
3 1
1 5
0 3
3 486
0 3
5 1
1 1
