96
81
66
48
75
15
138
36
9
63
99
72
42
33
102
114
84
3
105
42
105
51
132
12
105
21
15
87
148
27
150
81
75
54
78
138
27
57
129
69
147
114
90
33
33
69
87
144
87
45
63
45
126
42
69
90
36
111
9
84
84
33
15
99
42
24
66
21
60
9
15
96
96
90
117
12
118
12
99
18
48
42
30
138
63
147
66
72
33
142
36
21
85
150
36
84
30
81
45
24
111
6
42
138
87
96
111
81
111
150
108
30
18
93
111
147
138
45
84
132
88
27
99
96
9
24
15
123
39
27
24
135
18
63
87
3
150
138
105
105
105
90
90
12
54
27
12
66
120
120
36
150
96
96
24
99
81
30
84
12
117
78
62
132
75
24
42
60
147
24
48
144
111
84
72
87
36
66
45
138
129
90
132
105
54
114
129
111
33
21
126
126
132
15
33
63
105
114
75
99
109
57
33
78
33
69
6
24
60
72
138
93
9
42
6
60
150
117
114
75
114
141
72
54
123
12
42
12
33
15
147
88
57
132
36
54
36
93
57
42
55
105
45
150
60
3
117
15
93
108
90
12
138
93
93
105
54
84
105
105
120
84
15
66
15
147
6
129
135
75
102
54
114
123
126
147
6
66
3
141
60
138
114
150
150
135
9
75
99
105
24
99
12
111
30
135
135
30
99
3
87
102
108
150
78
9
96
81
6
48
12
135
108
42
51
75
72
90
141
108
99
88
117
6
150
138
138
84
87
105
96
6
72
9
48
48
132
30
21
108
39
60
114
141
39
39
78
18
138
75
39
111
108
147
63
141
42
126
39
45
132
15
48
144
21
36
115
81
126
72
54
94
18
90
102
132
48
73
3
54
72
81
129
15
102
51
57
54
48
24
150
39
33
111
114
57
45
66
86
12
36
138
129
102
45
120
48
42
120
135
87
51
18
45
108
18
12
33
60
144
78
108
132
30
27
43
45
39
24
39
96
87
135
63
36
108
60
45
3
30
42
24
36
102
141
132
24
18
150
60
111
114
78
147
63
105
105
90
57
21
138
99
75
21
105
123
144
75
150
75
15
96
96
75
21
114
120
18
42
24
54
138
150
24
93
111
105
93
39
144
108
81
123
93
135
12
114
66
63
9
