1000
349 23
13162 19
12740 36
7758 41
10786 23
12250 47
9525 44
18139 46
14156 32
21057 46
16383 13
28790 27
9246 35
6382 38
25575 22
1024 43
24956 40
17652 1
27540 25
19037 16
24688 40
14505 48
32017 7
21238 26
11432 1
26151 42
27726 18
27191 39
5877 16
19918 25
11678 35
8210 20
28621 4
3264 7
22586 31
24187 31
20938 40
31588 14
14525 29
4074 17
31785 24
23524 25
29607 27
21981 24
15692 22
6318 13
14299 26
20307 43
27960 11
4855 15
288 22
28497 30
30744 29
307 39
27299 2
25440 11
30904 24
23967 11
4467 10
2573 4
25355 1
25783 46
1796 4
31080 48
16038 9
9152 30
21421 34
5510 4
28994 47
5951 29
2346 49
14080 43
6462 43
22912 12
25883 22
24945 2
30746 38
24849 38
899 31
2556 19
27901 33
20292 20
8521 42
28099 19
32560 21
20144 31
28346 36
30833 24
30881 43
432 34
29189 39
15025 17
4193 19
227 45
31166 37
28853 12
9511 5
27050 48
8028 41
6320 24
1995 50
31918 10
22971 25
6492 26
21963 5
19543 47
8091 41
30837 24
25545 35
31573 47
6687 38
8507 19
14346 17
2843 37
26446 44
15092 8
5369 2
14944 50
27797 21
3944 22
5026 46
29596 27
14660 43
356 45
20024 32
19345 26
30988 39
4919 4
6800 31
4031 23
30344 1
32056 40
21667 11
25838 23
11697 28
21566 39
14608 24
30120 2
28263 45
16422 30
20375 22
12476 1
3823 48
16977 11
26016 42
6077 1
11888 14
3107 50
6322 38
7553 39
1909 4
25989 19
28924 27
5283 6
21102 5
9060 41
3023 22
11777 27
14383 5
11824 30
22049 4
1854 47
21615 27
6238 14
22284 23
18753 5
18506 10
17638 33
2637 16
22196 19
23744 44
7622 48
19142 36
2694 47
13620 25
23165 44
19709 37
1641 32
4590 12
22160 2
10651 48
4437 5
8857 45
30729 10
30701 7
1539 33
26821 25
9715 21
30822 20
20851 3
10854 7
20191 48
20251 30
359 1
29779 34
32610 28
20037 11
25317 35
11464 12
2197 44
20675 32
12473 3
13797 14
13972 6
9366 31
20977 14
8237 21
5887 17
1379 26
10335 30
27911 7
20348 2
9972 15
28443 40
24897 10
1075 8
20407 29
10494 26
26504 27
20048 7
829 2
7976 26
753 5
17028 33
15549 9
28538 26
20851 3
1925 45
14735 17
11037 35
7786 34
31882 46
21425 19
1273 44
1302 34
28624 10
27717 31
4159 15
8986 18
25879 29
26129 25
3808 2
23294 26
27686 40
12286 25
20499 20
9901 43
1859 38
24473 14
7891 48
31223 27
8635 30
23445 36
16478 17
13584 40
5728 9
5703 11
696 34
9999 33
17926 14
22569 35
23334 36
8305 32
15877 40
6743 10
5299 35
5523 46
28346 40
28949 23
3759 29
20795 1
29190 45
1607 9
2858 47
14096 5
25038 5
9208 45
3453 19
5661 38
15993 17
20180 21
18626 33
2899 41
25973 11
28845 50
7767 29
29700 21
6066 35
4857 9
11360 4
28776 23
4133 30
10579 40
27714 22
30235 11
10822 31
27638 1
24872 29
29341 45
6291 21
16965 12
22145 3
32209 19
11019 18
15686 7
11903 17
7295 18
9652 35
8738 42
16538 50
4818 9
10005 36
1190 7
18444 9
18138 9
7869 48
29125 8
25171 18
13067 20
21434 16
10772 36
7602 10
26813 49
31522 8
27725 25
6063 43
8874 8
24206 37
20429 12
11158 18
26483 40
4762 13
12053 20
12533 1
15387 38
15718 11
8781 47
18975 34
26250 7
27928 3
2492 50
17065 18
16395 19
32344 43
10321 29
32240 29
6094 30
4819 13
19998 22
30096 6
9575 33
6072 46
4823 46
18414 50
2894 15
23614 47
8279 32
22192 2
26973 10
14364 46
3356 40
30015 42
32597 43
16911 42
18118 4
10060 18
24409 41
5720 8
3228 9
28488 33
12401 6
11579 32
31239 5
11498 49
264 31
16769 49
8468 29
2990 38
10607 24
18167 5
13558 25
336 46
15960 15
28909 13
17538 28
23637 18
4955 48
18616 42
1202 5
25218 30
19828 21
21552 13
11043 49
32610 8
1411 28
19506 19
22679 16
709 16
31435 47
25375 23
4979 18
28476 49
21876 27
7004 26
21057 23
22686 4
30986 21
11728 32
5680 12
21126 2
26363 10
105 27
5519 46
28370 27
12572 43
11416 11
30294 30
19494 4
31781 14
5584 41
6301 19
13415 29
4656 11
4106 7
28962 24
19264 36
1342 26
5700 19
29640 46
19616 9
25010 20
4349 27
3602 3
23354 2
28884 5
11451 41
12716 23
24324 40
2895 21
16518 5
28387 36
29624 3
31668 38
17514 13
7976 13
26455 37
28917 8
22521 47
8081 42
18593 40
235 28
22726 9
7000 17
1437 49
15056 2
2283 32
26202 46
6680 38
18885 28
17796 20
26521 34
19998 28
10061 44
19762 47
5050 10
1154 28
24016 32
5785 18
30600 38
6492 31
23321 26
14050 44
21103 25
20613 40
21209 28
22585 31
16642 24
21533 30
12578 49
16464 28
30581 18
17158 35
7405 37
26331 24
3108 41
20327 7
2708 15
7186 8
21002 13
27945 18
24152 28
16178 31
17226 16
4221 50
7900 2
1276 3
31658 15
31828 12
14248 30
20020 43
17171 36
8422 39
19368 48
3620 31
10259 20
2604 26
6058 50
16663 16
10843 44
24166 44
25827 29
29406 46
30017 40
27798 33
2923 23
21838 20
10815 35
19202 20
1212 21
26303 22
15218 25
1462 48
3639 36
10383 29
22044 48
23807 41
23456 44
26013 10
23843 15
5105 7
22941 24
2254 8
29583 2
20194 20
58 16
908 43
5904 44
493 45
13672 20
17474 21
19061 19
28529 34
16249 3
15585 42
20534 32
13967 13
18341 16
31071 26
29931 6
29104 22
27785 22
17970 42
27091 30
25852 20
25763 14
26329 40
12110 3
15587 12
12503 22
23636 50
3939 2
23704 15
24301 17
15271 1
10299 21
15505 1
23569 27
5210 25
1700 5
22793 43
22353 42
26364 44
20623 12
12414 37
13347 29
11164 39
32659 27
21044 17
3292 30
26702 39
11111 33
31919 13
17722 40
22444 43
25708 11
19517 25
11483 6
8018 6
7713 17
31082 41
12739 34
5729 39
10668 7
10121 22
8922 33
7165 42
16472 41
17202 23
620 9
32207 40
7697 27
28863 37
26791 1
28292 7
11242 4
2766 44
30241 17
3148 45
14999 15
12482 25
22095 50
30556 41
19700 40
25922 28
21007 46
30828 42
29309 33
15544 49
29215 20
14137 39
12755 14
7122 44
12707 46
260 28
829 7
1541 49
16547 12
7954 7
23332 48
31749 31
22155 24
15658 32
17558 33
27215 8
5290 31
24602 9
3012 7
10144 5
30899 8
27698 20
30853 12
890 12
24383 3
15304 44
6353 3
25766 16
5704 11
17842 8
6982 46
30637 21
32687 34
21455 32
14758 31
27997 1
17336 26
18814 32
13142 46
18763 13
5001 43
31269 49
22497 45
16459 47
31663 19
4011 47
8563 14
9977 22
18072 18
255 3
24415 3
28724 12
28442 43
6287 37
28826 41
15261 25
8938 6
2770 31
3646 15
29725 29
21798 23
7358 48
9735 31
32348 26
24780 25
23122 10
17625 41
30539 38
15168 23
23822 33
4408 2
667 34
14027 33
8822 42
21966 30
10563 31
21782 5
29331 29
7145 28
18430 26
10675 33
22130 5
22010 37
3530 34
19604 16
7842 18
6680 3
2666 39
23698 21
31162 31
27771 37
19685 49
4584 1
6865 15
6657 5
4614 24
24757 38
28676 33
8876 16
730 37
11133 21
26868 15
13346 38
821 48
1449 20
19782 41
13355 21
4141 42
1538 46
8993 43
23351 31
11932 34
10554 25
9651 19
24278 39
27043 43
17507 48
19372 41
11326 2
24866 50
1910 48
24001 8
13000 7
26689 29
4046 50
7466 44
15987 48
13290 19
2730 31
31268 46
25184 27
6476 11
26542 21
23153 11
29524 13
23641 8
7011 45
28627 1
4665 22
3657 6
29106 4
7829 14
18077 32
31765 48
28781 14
29698 12
10545 9
11517 10
18887 17
11499 30
7756 41
28931 34
24278 18
19493 11
8294 23
32622 50
21016 23
16649 23
6813 28
9544 4
10731 50
7667 8
21299 44
992 22
788 19
24259 36
26126 7
24392 48
21305 30
16223 44
20279 29
31959 48
15207 8
8751 38
1371 36
4521 29
27277 19
1695 36
9293 7
16666 24
4094 13
4001 41
10114 23
11087 19
24051 29
6697 34
13460 24
2990 14
7175 43
25519 38
30144 8
26464 49
18873 4
16560 45
1127 43
19414 34
20718 35
25388 40
25489 48
7489 41
18540 49
12585 44
2661 48
29976 42
18016 36
11056 46
32434 1
4246 46
17112 9
25291 42
32618 15
20282 5
2634 29
269 50
16161 50
16709 50
16396 28
23818 45
11922 39
17983 3
28890 29
8794 28
22298 22
15219 30
13651 20
1946 49
17724 9
14958 10
25723 3
5356 21
795 13
26500 34
22075 7
31346 6
8963 26
20555 32
13789 19
30422 14
23009 2
23070 27
25744 34
19909 31
10694 45
16539 7
27626 22
20079 46
7272 26
9254 4
97 30
27146 40
3489 24
10340 38
5073 3
23116 28
1517 2
8896 37
30713 42
22516 14
9456 49
22761 13
4350 3
24897 48
7150 47
20306 34
6118 27
4217 3
14418 49
10160 26
27934 34
611 38
32296 27
3968 6
31477 46
19662 39
21155 12
15999 37
10270 34
1288 39
13975 3
1328 25
23090 49
22119 15
4351 23
27482 32
2092 18
10436 8
2425 48
24199 42
23787 30
22267 19
29381 33
28806 37
27060 3
30061 18
17738 12
9705 42
26797 31
10366 39
10641 20
21640 50
3939 28
2839 13
4807 20
4604 31
28997 49
9508 50
26943 13
12837 48
29223 23
29207 20
17647 4
21925 42
18624 33
30563 18
14318 29
2147 5
4396 12
27395 8
10492 6
28680 19
28522 29
27121 21
15866 1
2693 15
16863 38
16047 31
22125 18
31883 27
25553 11
14273 20
5632 19
28690 46
32749 32
3632 20
32511 2
723 50
29378 28
23561 33
7389 26
17613 28
15684 14
8924 12
16046 12
18116 47
1866 47
25150 46
16813 3
14525 21
12815 39
15943 27
27576 10
6276 41
31413 48
13845 30
21967 43
28710 7
11454 38
27207 3
26265 28
9335 26
25745 5
29570 36
23775 50
21390 5
25083 5
18672 18
27151 16
17220 45
27307 18
14012 21
23738 49
24504 49
15541 50
25751 23
23318 13
18893 2
4368 5
27702 31
11645 33
30123 1
11800 20
32722 39
