1 1
1 2
1 3
1 4
1 5
1 6
1 7
1 8
1 9
1 10
1 11
1 12
1 13
1 14
1 15
1 16
1 17
1 18
1 19
1 20
1 21
1 22
1 23
1 24
1 25
1 26
1 27
1 28
1 29
1 30
1 31
1 32
1 33
1 34
1 35
1 36
1 37
1 38
1 39
1 40
1 41
1 42
1 43
1 44
1 45
1 46
1 47
1 48
1 49
1 50
1 51
1 52
1 53
1 54
1 55
1 56
1 57
1 58
1 59
1 60
1 61
1 62
1 63
1 64
1 65
1 66
1 67
1 68
1 69
1 70
1 71
1 72
1 73
1 74
1 75
1 76
1 77
1 78
1 79
1 80
1 81
1 82
1 83
1 84
1 85
1 86
1 87
1 88
1 89
1 90
1 91
1 92
1 93
1 94
1 95
1 96
1 97
1 98
1 99
1 100
2 1
2 2
2 3
2 4
2 5
2 6
2 7
2 8
2 9
2 10
2 11
2 12
2 13
2 14
2 15
2 16
2 17
2 18
2 19
2 20
2 21
2 22
2 23
2 24
2 25
2 26
2 27
2 28
2 29
2 30
2 31
2 32
2 33
2 34
2 35
2 36
2 37
2 38
2 39
2 40
2 41
2 42
2 43
2 44
2 45
2 46
2 47
2 48
2 49
2 50
3 1
3 2
3 3
3 4
3 5
3 6
3 7
3 8
3 9
3 10
3 11
3 12
3 13
3 14
3 15
3 16
3 17
3 18
3 19
3 20
3 21
3 22
3 23
3 24
3 25
3 26
3 27
3 28
3 29
3 30
3 31
3 32
3 33
4 1
4 2
4 3
4 4
4 5
4 6
4 7
4 8
4 9
4 10
4 11
4 12
4 13
4 14
4 15
4 16
4 17
4 18
4 19
4 20
4 21
4 22
4 23
4 24
4 25
5 1
5 2
5 3
5 4
5 5
5 6
5 7
5 8
5 9
5 10
5 11
5 12
5 13
5 14
5 15
5 16
5 17
5 18
5 19
5 20
6 1
6 2
6 3
6 4
6 5
6 6
6 7
6 8
6 9
6 10
6 11
6 12
6 13
6 14
6 15
6 16
7 1
7 2
7 3
7 4
7 5
7 6
7 7
7 8
7 9
7 10
7 11
7 12
7 13
7 14
8 1
8 2
8 3
8 4
8 5
8 6
8 7
8 8
8 9
8 10
8 11
8 12
9 1
9 2
9 3
9 4
9 5
9 6
9 7
9 8
9 9
9 10
9 11
10 1
10 2
10 3
10 4
10 5
10 6
10 7
10 8
10 9
10 10
11 1
11 2
11 3
11 4
11 5
11 6
11 7
11 8
11 9
12 1
12 2
12 3
12 4
12 5
12 6
12 7
12 8
13 1
13 2
13 3
13 4
13 5
13 6
13 7
14 1
14 2
14 3
14 4
14 5
14 6
14 7
15 1
15 2
15 3
15 4
15 5
15 6
16 1
16 2
16 3
16 4
16 5
16 6
17 1
17 2
17 3
17 4
17 5
18 1
18 2
18 3
18 4
18 5
19 1
19 2
19 3
19 4
19 5
20 1
20 2
20 3
20 4
20 5
21 1
21 2
21 3
21 4
22 1
22 2
22 3
22 4
23 1
23 2
23 3
23 4
24 1
24 2
24 3
24 4
25 1
25 2
25 3
25 4
26 1
26 2
26 3
27 1
27 2
27 3
28 1
28 2
28 3
29 1
29 2
29 3
30 1
30 2
30 3
31 1
31 2
31 3
32 1
32 2
32 3
33 1
33 2
33 3
34 1
34 2
35 1
35 2
36 1
36 2
37 1
37 2
38 1
38 2
39 1
39 2
40 1
40 2
41 1
41 2
42 1
42 2
43 1
43 2
44 1
44 2
45 1
45 2
46 1
46 2
47 1
47 2
48 1
48 2
49 1
49 2
50 1
50 2
51 1
52 1
53 1
54 1
55 1
56 1
57 1
58 1
59 1
60 1
61 1
62 1
63 1
64 1
65 1
66 1
67 1
68 1
69 1
70 1
71 1
72 1
73 1
74 1
75 1
76 1
77 1
78 1
79 1
80 1
81 1
82 1
83 1
84 1
85 1
86 1
87 1
88 1
89 1
90 1
91 1
92 1
93 1
94 1
95 1
96 1
97 1
98 1
99 1
100 1
