100

75 337
4 665
10 210
8 392
7 845
1 318
5 476
8 951
3 71
7 407
4 71
4 782
6 266
1 752
2 697
2 479
3 311
1 95
9 734
1 850
7 105
10 281
1 761
1 480
8 854
6 868
1 223
8 1
2 808
4 379
7 373
6 227
4 352
5 556
5 512
8 15
6 923
3 899
8 878
3 865
2 968
10 358
10 84
2 30
10 461
6 747
4 968
9 221
8 999
10 756
2 884
6 829
7 769
9 488
2 105
4 81
1 436
1 613
4 852
3 114
1 753
1 850
2 186
4 391
8 549
2 45
3 620
8 589
8 599
5 738
1 131
8 478
3 313
4 789
2 436
1 476

13 676
1 613
3 98
8 834
10 853
2 781
9 102
3 211
9 148
9 459
7 119
1 196
4 731
8 946

37 421
3 58
10 450
10 354
9 25
9 249
10 769
2 52
2 750
8 626
5 562
2 176
3 373
3 814
10 707
6 620
10 533
4 998
3 51
7 233
2 594
2 655
6 863
2 935
1 320
3 861
8 645
7 617
10 111
9 471
2 541
5 464
3 471
4 759
1 868
1 300
7 472
6 822

63 107
3 298
10 20
4 268
4 898
8 32
4 665
8 176
9 296
6 982
10 803
10 991
1 731
4 130
3 949
2 240
9 763
2 347
6 398
5 798
9 849
5 654
9 683
10 422
4 819
4 447
8 143
5 643
5 80
8 131
10 427
1 691
9 610
7 323
10 354
4 654
7 300
4 419
10 488
8 663
10 243
8 631
6 547
6 962
4 750
8 5
5 165
4 69
1 436
9 133
6 510
1 343
1 444
3 495
7 952
5 941
1 618
4 284
7 196
7 141
7 41
5 825
3 544
9 331

34 462
6 767
9 600
5 656
10 221
3 678
10 659
8 719
2 892
10 792
4 950
10 736
10 781
6 547
7 804
8 654
10 691
10 933
1 881
1 684
3 442
2 273
1 682
4 80
3 344
4 13
10 506
8 635
1 12
5 313
6 409
9 605
9 738
8 388
4 181

17 622
3 488
10 74
3 685
9 95
9 375
3 674
8 558
9 222
5 841
9 736
2 852
9 348
7 932
3 558
8 862
10 87
10 970

18 653
5 665
1 34
7 423
2 623
5 15
5 253
10 731
2 455
2 383
4 523
2 241
2 778
4 59
8 803
3 376
2 682
7 637
1 782

73 404
8 743
5 601
1 994
8 686
8 264
8 602
2 381
1 570
8 295
8 726
3 8
1 770
7 844
6 107
10 169
1 382
2 667
2 257
2 664
9 460
1 9
2 417
6 254
8 604
1 965
2 997
7 134
9 12
9 525
3 306
7 998
7 956
2 20
5 28
9 506
4 314
2 251
4 607
2 419
3 404
10 243
6 707
8 166
2 704
2 188
8 735
10 48
10 554
3 253
8 806
9 124
4 624
2 200
8 230
3 144
6 353
9 32
10 113
8 128
6 591
7 529
7 205
8 366
1 348
3 42
5 728
3 624
5 891
10 285
8 145
7 752
5 813
7 907

83 33
5 444
3 701
5 951
9 901
8 14
6 991
8 752
5 572
4 773
7 902
6 933
4 484
8 542
8 819
4 924
9 833
4 128
1 691
1 438
2 451
1 190
4 859
2 510
2 20
1 596
8 338
3 966
7 564
4 172
7 306
9 587
7 166
8 24
1 849
9 799
10 264
4 91
10 633
3 256
3 234
3 573
9 82
7 96
9 397
5 730
9 66
3 545
8 87
7 790
10 380
4 585
7 280
2 469
6 978
1 916
9 278
2 134
1 379
7 708
8 199
6 181
5 458
6 550
10 644
4 182
8 279
10 19
7 144
1 174
9 563
2 684
9 929
7 903
1 101
1 434
6 400
9 267
6 43
6 104
5 507
8 709
7 402
7 47

65 219
10 369
2 661
9 671
6 572
2 896
1 888
7 323
1 998
2 847
10 756
5 78
8 586
7 752
8 217
2 235
3 370
10 613
3 7
8 970
5 560
7 602
6 897
7 85
1 216
3 638
7 880
5 937
8 205
1 803
9 838
9 554
6 992
10 940
9 800
2 279
10 126
4 158
3 155
2 620
8 525
7 45
1 324
10 221
6 21
10 652
5 764
7 768
7 722
2 456
5 615
2 233
2 966
3 466
5 336
1 194
10 694
10 617
9 923
3 249
1 916
2 504
1 457
9 138
6 329
5 52

31 635
7 387
2 377
5 821
7 288
4 277
5 956
8 703
1 433
1 172
5 203
10 732
1 297
7 838
9 166
9 272
10 524
2 898
8 213
2 668
4 84
2 185
7 188
3 621
3 190
2 673
6 819
8 51
8 976
4 444
7 128
3 394

75 290
8 255
2 361
4 492
6 218
5 187
8 563
2 377
1 952
10 143
4 156
4 237
3 433
1 329
2 99
5 563
9 13
3 814
5 443
10 168
5 981
5 416
3 514
5 646
10 193
1 234
3 685
8 184
2 855
5 30
2 233
7 831
7 113
7 969
9 301
3 566
1 843
6 879
6 125
10 172
5 16
10 370
5 579
5 817
6 416
10 90
10 790
4 949
7 916
9 160
7 757
9 553
4 409
4 306
7 659
4 555
6 234
4 374
2 180
7 949
10 740
1 298
6 661
9 134
5 515
1 497
1 721
9 222
7 184
3 14
10 356
1 868
3 195
4 456
4 135
6 672

44 969
6 458
1 215
1 734
2 587
7 352
3 982
8 787
3 451
8 712
9 72
7 98
6 172
8 992
6 661
6 235
2 985
1 963
6 634
10 632
5 629
2 878
4 907
7 479
10 168
10 515
4 121
2 858
1 221
2 301
5 216
2 687
9 226
9 103
6 696
4 78
5 420
8 285
6 970
10 34
10 657
7 729
8 216
6 68
10 490

16 705
5 254
9 257
1 355
2 337
6 148
9 725
2 72
2 596
2 829
5 531
1 233
8 262
1 900
9 236
4 401
4 446

58 702
5 485
3 765
5 367
3 939
2 183
1 156
4 403
5 112
6 821
2 247
8 496
1 114
6 887
2 634
4 872
6 386
3 209
7 880
10 767
9 369
5 532
6 431
2 860
10 923
1 590
5 113
9 19
7 815
10 444
7 940
6 44
4 374
4 180
6 530
10 423
6 246
7 126
6 592
4 570
9 17
2 34
2 243
9 60
5 660
10 209
4 522
5 277
6 207
8 500
5 401
8 689
5 580
1 26
6 152
8 684
10 106
1 649
10 473

8 132
9 915
6 732
8 272
10 682
4 463
5 269
8 808
7 212

71 237
3 910
5 185
10 442
1 14
7 342
1 150
6 971
2 119
3 851
5 61
3 572
1 418
7 89
2 150
1 315
4 241
5 195
6 169
4 67
8 78
10 372
2 210
1 995
8 395
5 423
4 82
1 329
7 186
5 779
3 421
1 607
3 669
9 438
6 789
6 722
6 615
5 797
2 139
4 505
9 989
2 340
9 624
10 624
4 437
7 496
5 846
4 870
7 607
5 54
8 514
8 613
1 573
3 952
8 552
2 948
8 86
2 665
8 308
6 871
8 41
9 305
4 524
1 104
8 832
5 877
1 285
9 824
6 602
5 271
9 935
3 397

57 60
7 434
6 701
1 964
8 725
9 331
5 793
6 731
7 592
8 672
6 448
1 436
8 623
7 905
3 628
5 281
6 714
4 353
7 73
8 506
7 936
9 398
8 623
4 704
8 734
3 793
8 223
5 285
10 637
5 753
4 194
7 749
4 451
4 672
8 770
5 321
10 366
8 785
1 197
2 553
5 568
10 815
1 924
10 986
8 640
6 824
5 123
4 92
6 378
9 449
1 293
10 555
10 190
6 349
1 180
9 667
3 597
2 888

83 224
5 783
7 962
7 460
4 883
2 10
10 19
3 110
4 930
9 672
10 355
6 856
2 272
10 984
1 707
10 91
3 95
9 264
6 831
3 845
6 979
7 676
7 15
6 659
2 153
7 414
1 53
4 393
6 142
10 543
5 599
5 189
5 209
10 453
9 232
10 104
10 206
10 558
6 916
8 515
10 249
1 927
9 900
4 624
8 46
4 593
4 854
2 41
5 290
1 101
7 494
9 730
7 688
3 271
7 854
2 23
1 769
8 754
7 971
6 413
8 246
9 12
2 491
10 512
5 896
1 652
1 521
8 440
2 19
4 162
6 198
6 677
10 836
6 986
8 158
5 174
5 755
7 205
6 588
5 728
9 680
2 576
7 111
9 759

27 272
7 704
2 808
6 295
10 161
10 153
8 29
4 424
8 214
1 732
10 696
7 636
3 838
9 279
9 929
8 429
5 13
1 684
8 216
9 168
2 609
8 398
4 350
3 773
4 153
8 716
3 963
3 927

64 204
3 453
3 945
8 252
5 717
3 130
9 265
3 13
10 320
1 510
2 935
8 936
1 138
2 935
3 353
9 956
8 417
4 161
4 641
9 671
10 698
4 993
5 448
9 187
8 767
1 140
7 682
9 788
5 77
1 622
8 287
6 749
1 337
7 769
1 24
3 38
10 590
9 387
5 35
1 859
10 324
5 853
1 776
2 175
9 67
3 984
2 726
2 760
8 992
5 391
8 318
9 440
6 457
3 999
8 102
5 995
8 559
5 782
8 840
6 538
2 456
1 258
8 253
7 595
5 897

10 566
2 764
2 825
6 579
10 415
1 385
3 457
8 960
9 629
7 545
3 704

87 313
2 885
9 683
1 888
1 815
10 497
4 252
1 502
8 849
3 862
8 28
8 527
6 907
4 786
2 674
3 156
10 507
9 4
4 519
5 119
8 94
7 615
6 641
1 527
9 735
2 425
1 58
5 101
9 458
1 768
5 80
6 843
9 314
4 126
6 442
7 221
5 563
3 583
2 302
6 43
7 850
9 149
10 770
7 575
4 488
9 710
2 968
4 504
1 750
3 169
9 576
9 429
2 575
6 693
8 473
4 263
2 554
5 932
7 13
2 902
1 200
10 770
5 514
6 153
1 605
2 158
9 62
6 22
5 950
4 864
8 154
7 799
2 241
3 734
7 940
2 456
5 597
2 11
5 849
5 77
7 187
8 689
10 525
6 236
1 424
7 951
9 928
1 636

29 720
10 125
1 707
5 261
3 805
6 116
5 137
5 162
10 131
7 275
10 560
5 832
2 312
1 264
1 882
1 111
6 971
7 832
4 816
2 683
8 66
4 329
1 342
4 229
3 340
1 830
3 364
5 586
1 146
7 265

50 727
3 90
1 963
10 801
3 365
2 101
10 280
4 688
8 272
1 797
9 122
5 214
1 991
9 511
7 351
3 515
4 854
6 925
5 877
3 945
8 207
8 374
3 179
10 811
10 680
1 412
5 290
2 637
9 775
7 120
5 626
9 629
3 590
6 647
3 629
5 58
4 340
8 25
7 196
8 319
1 146
7 380
7 707
2 419
8 515
10 310
9 524
4 971
7 843
2 931
9 911

57 250
2 772
9 120
1 221
6 546
6 521
7 505
3 294
10 60
10 812
6 652
2 660
2 801
1 590
10 325
3 719
2 102
4 16
6 513
10 364
4 954
8 335
10 462
4 380
3 140
1 595
4 878
8 764
3 107
2 761
9 204
6 414
1 673
5 879
2 17
2 594
1 477
10 779
10 612
3 515
9 52
2 893
8 714
3 311
1 712
6 604
9 902
6 573
3 149
7 110
5 396
4 838
8 687
9 513
8 477
1 401
6 488
4 162

52 823
7 726
1 895
8 632
6 49
9 73
4 358
3 418
7 588
5 976
10 575
1 925
5 219
9 283
6 970
5 612
9 620
6 691
4 369
9 13
7 229
8 669
8 322
9 690
7 45
9 535
1 208
7 21
4 136
7 485
8 99
8 783
5 488
8 583
7 498
8 976
6 735
6 15
6 434
8 317
3 424
2 96
6 14
1 58
4 771
10 309
2 693
10 939
2 916
4 387
4 820
5 843
8 709

61 493
8 265
9 323
8 481
6 320
9 886
6 346
4 974
6 877
6 97
3 845
3 689
8 778
10 296
6 414
8 829
4 850
2 5
7 134
3 942
9 682
9 533
6 186
3 33
1 171
7 230
8 493
2 949
4 777
3 594
2 951
2 270
6 867
10 676
7 463
6 804
6 147
4 875
9 193
5 98
7 739
4 81
1 596
3 205
10 976
7 915
6 572
10 78
3 161
5 142
5 721
9 471
7 633
5 903
10 307
5 892
2 679
4 980
7 705
10 646
2 686
9 606

98 35
10 751
2 140
1 934
6 836
10 431
3 804
10 645
8 685
3 507
6 859
3 988
4 374
10 595
10 897
8 20
10 587
7 7
2 661
9 587
9 400
3 668
4 702
8 665
1 551
2 100
7 8
2 676
10 72
1 793
2 822
8 368
6 934
4 134
2 369
8 794
2 441
4 323
7 477
10 231
2 157
6 141
6 768
2 897
1 438
9 864
1 853
8 666
10 308
6 83
7 871
1 444
6 690
6 156
6 104
2 545
7 67
7 127
4 205
2 378
1 64
8 900
5 823
10 405
10 364
7 805
10 716
7 249
5 717
10 274
9 790
9 431
10 207
1 395
4 285
10 52
3 364
8 968
4 868
3 19
5 563
10 521
10 775
3 386
10 526
7 15
7 830
8 875
9 706
10 799
2 392
7 690
9 857
6 996
4 84
9 658
9 189
5 628
6 300

56 176
1 377
6 843
8 968
3 945
3 338
2 15
4 297
5 540
6 712
5 580
7 901
9 793
3 767
8 403
2 138
6 594
7 82
1 71
5 506
5 426
10 110
8 276
8 143
6 262
3 703
3 352
7 781
8 44
8 269
8 317
3 709
3 623
5 51
6 543
10 411
2 102
10 759
3 981
2 897
1 458
10 786
7 905
8 306
6 114
2 746
6 683
7 44
4 300
5 701
3 1
3 514
3 335
5 184
10 877
5 909
4 382

95 285
3 260
5 234
1 430
4 859
2 488
8 120
2 348
10 982
5 634
10 154
7 119
6 635
5 768
9 682
9 588
10 435
10 33
2 276
4 702
9 277
6 36
5 328
9 919
4 434
8 156
4 224
10 924
2 621
2 104
3 192
6 182
4 594
10 997
8 27
3 3
10 239
6 50
10 124
10 227
2 224
9 497
10 7
8 360
3 463
5 281
3 857
1 632
9 676
5 672
4 678
8 357
7 416
1 834
2 726
1 800
6 793
9 99
10 68
2 778
9 624
1 888
10 521
8 283
6 500
7 602
9 331
6 797
10 717
4 637
6 41
5 447
5 84
3 335
3 707
10 384
2 171
1 810
4 143
2 238
2 749
10 170
6 150
8 177
3 947
9 11
7 601
6 523
10 354
10 538
1 322
2 741
1 192
4 534
3 346
7 327

13 496
5 526
2 814
1 384
7 867
9 451
6 203
8 854
1 535
6 319
10 311
5 699
4 962
9 540

5 866
2 105
2 715
8 538
2 684
2 640

67 90
2 720
3 768
2 482
2 315
5 509
7 563
4 831
1 142
9 535
9 589
5 570
10 621
6 534
6 381
10 557
8 968
5 621
4 552
6 36
6 606
8 842
3 454
5 44
8 395
5 793
5 216
8 989
4 174
6 843
1 399
6 305
7 378
9 100
7 83
8 146
8 382
5 207
2 12
6 781
4 179
7 92
2 288
3 934
9 305
6 718
4 879
7 421
3 2
6 537
3 711
5 123
2 22
3 279
2 283
4 790
1 985
4 560
5 312
8 436
5 973
2 23
6 230
3 460
6 668
10 19
3 30
1 174

73 804
9 435
4 216
10 622
3 104
7 175
10 729
2 87
9 466
7 905
4 904
3 629
7 711
3 653
6 492
5 143
8 982
7 825
6 153
9 748
2 330
9 375
1 883
10 112
6 922
5 746
5 731
3 100
2 373
4 885
10 929
1 881
5 309
1 459
9 503
2 69
6 480
5 890
1 608
9 414
2 368
10 706
5 238
10 243
9 556
6 826
8 858
6 746
7 762
4 979
7 115
6 448
7 194
2 660
6 690
7 330
5 937
6 507
1 839
6 487
2 579
9 582
9 721
3 306
4 587
1 98
7 683
6 647
8 234
5 29
1 435
3 683
1 745
6 248

40 734
2 33
6 398
9 360
7 645
1 953
10 653
5 284
2 299
4 562
3 291
6 158
10 653
7 448
6 733
5 684
7 782
9 296
7 682
8 297
9 376
8 261
6 651
9 362
5 177
7 832
1 217
9 192
2 532
4 618
3 39
10 341
6 721
5 998
7 995
10 432
4 895
7 397
10 939
7 197
10 736

33 952
7 720
2 173
2 820
8 867
7 795
5 677
7 195
9 269
3 673
7 910
8 448
9 816
2 767
2 205
10 392
1 806
9 967
6 714
3 120
6 996
2 139
3 781
1 698
10 873
4 805
3 289
6 791
9 991
5 467
10 763
8 37
3 673
6 898

39 369
5 318
9 635
7 159
6 493
6 520
4 578
8 851
2 576
8 673
1 902
4 465
1 701
3 584
3 855
6 110
10 202
9 481
1 588
2 307
6 846
5 149
10 502
9 992
4 993
4 347
3 155
7 910
3 663
9 579
10 325
9 214
6 819
8 419
5 36
2 190
8 903
4 8
10 689
1 832

14 177
1 927
6 340
4 79
9 680
4 222
8 49
9 234
2 833
9 977
8 729
1 102
9 207
6 34
5 460

75 826
2 395
6 699
8 689
8 440
3 786
4 724
7 800
3 53
1 961
9 501
2 250
6 319
4 62
2 703
1 568
2 700
8 484
3 48
9 175
1 540
5 203
3 146
10 572
2 987
9 282
1 572
10 792
3 339
1 593
2 726
5 671
5 826
5 823
9 679
10 63
7 661
7 185
6 619
7 708
10 639
10 795
6 520
8 451
5 791
6 251
3 258
3 941
5 779
7 307
1 463
4 27
1 338
8 282
9 318
8 617
1 978
10 869
1 349
9 59
9 417
4 654
6 934
2 757
5 60
5 169
7 488
7 998
9 757
6 836
2 267
7 85
3 215
3 798
6 623
9 701

16 705
10 64
10 652
3 161
9 587
6 937
6 227
5 602
9 564
3 760
4 241
7 131
8 148
10 369
1 783
1 160
4 126

99 128
1 395
3 544
10 941
10 758
1 766
1 854
4 500
2 215
5 809
7 898
8 272
7 78
10 38
5 57
7 165
9 644
7 769
1 244
3 18
5 580
4 64
5 816
10 399
9 358
7 727
8 867
7 224
3 404
1 886
10 479
2 969
9 960
5 660
10 149
9 908
1 164
1 514
2 237
4 713
9 470
9 200
5 788
4 985
10 739
7 356
6 271
2 691
2 764
2 137
4 731
7 992
5 366
2 929
3 768
10 195
6 783
1 278
2 872
10 466
1 131
3 178
8 496
1 334
2 570
2 522
4 865
10 250
9 370
8 831
7 523
6 727
4 122
5 228
3 265
7 306
4 865
2 499
4 351
2 322
5 6
10 276
5 708
8 452
2 55
8 567
3 11
4 883
10 296
2 829
4 154
8 658
8 617
10 81
4 691
8 591
6 948
6 270
1 743
7 85

53 650
4 374
6 295
2 200
8 717
2 853
2 513
10 239
1 369
1 801
1 424
2 811
10 609
1 379
5 152
7 499
3 465
1 573
2 480
9 52
6 799
1 770
1 117
7 792
2 31
5 599
1 335
5 178
6 840
3 645
3 370
6 200
2 367
9 648
9 543
3 747
6 306
4 355
7 876
9 962
2 90
4 65
2 673
4 718
4 149
10 207
8 209
5 55
4 529
3 773
1 104
9 115
1 387
4 182

66 494
7 872
6 406
8 832
2 177
7 942
10 615
5 546
10 257
5 102
6 5
8 559
5 97
3 516
9 845
2 96
10 543
9 220
3 255
4 378
9 304
1 460
6 170
6 445
8 957
2 562
10 124
10 69
7 144
1 702
9 985
10 504
3 468
5 180
7 477
3 858
7 228
7 755
1 322
9 175
6 449
2 592
10 208
3 791
4 596
3 43
6 344
2 164
3 620
9 238
5 251
10 581
5 411
5 579
3 885
3 715
6 840
7 904
6 317
5 102
4 889
3 197
2 42
3 396
3 406
6 461
1 727

37 488
6 727
2 573
9 520
9 296
2 944
1 758
1 597
8 525
3 706
7 70
7 136
1 760
10 801
7 548
5 613
9 367
2 152
1 302
10 930
6 382
1 501
9 838
4 701
6 286
7 138
3 153
4 875
5 813
10 835
7 553
10 97
8 138
1 563
4 919
2 740
2 69
6 142

92 841
10 619
6 247
1 737
3 380
2 14
1 638
10 904
10 647
6 461
3 599
9 927
8 867
7 520
3 962
4 193
3 854
3 383
1 271
10 203
9 434
3 194
7 769
7 964
5 448
8 255
3 799
7 267
8 550
3 656
10 151
4 216
1 362
4 456
1 773
8 634
9 579
9 980
4 627
4 817
1 720
10 471
9 603
5 239
4 227
7 367
5 93
6 380
8 885
9 790
5 550
10 567
6 953
9 178
4 841
2 4
6 417
9 782
10 915
1 523
2 265
7 869
10 176
2 514
3 787
6 420
6 429
3 167
4 884
4 311
6 690
6 636
9 844
8 124
9 788
4 250
8 240
7 760
3 69
6 178
9 928
6 543
10 935
10 441
3 405
4 893
10 769
2 551
7 648
7 721
2 25
6 190
1 439

33 506
3 926
3 714
9 211
7 560
10 670
6 666
1 455
3 520
2 790
8 186
6 448
4 576
6 227
7 791
4 418
3 875
1 786
9 547
9 901
10 845
3 458
2 995
6 773
2 486
1 640
7 351
7 928
6 263
3 44
1 874
9 577
4 156
2 41

13 940
9 160
10 510
6 473
5 233
1 74
3 806
9 93
1 799
1 787
10 878
2 466
4 642
9 500

6 539
3 851
2 832
1 131
5 331
6 548
1 199

85 355
8 333
4 864
10 450
8 896
1 831
5 431
10 754
3 973
5 821
2 85
7 537
9 344
3 873
1 486
1 216
10 426
2 901
2 383
1 643
6 381
1 343
9 2
4 92
4 13
9 501
9 267
2 367
9 607
5 205
10 309
6 267
7 319
4 79
2 221
1 684
8 899
10 412
5 826
8 225
5 119
5 286
4 113
2 347
3 242
10 516
2 322
2 636
6 301
1 45
10 787
5 121
4 458
5 936
1 91
9 473
10 885
10 945
3 114
5 421
8 897
8 257
4 69
1 562
6 309
8 241
4 686
5 484
10 949
9 129
3 580
4 599
6 415
10 813
5 890
7 234
2 872
3 356
7 437
6 13
6 875
2 193
6 671
9 406
6 447
6 10

38 959
3 490
4 207
9 132
7 591
4 235
2 911
7 106
1 211
5 444
6 428
8 996
3 664
10 68
9 638
6 488
9 741
7 80
3 982
4 747
3 632
2 738
3 275
5 888
2 665
2 921
6 319
4 189
9 20
7 796
3 37
7 485
4 611
4 76
2 479
10 868
5 155
1 651
10 799

16 463
7 573
4 907
8 804
3 929
6 56
2 831
5 710
10 221
8 231
9 616
5 821
7 818
10 791
1 107
5 61
4 756

10 662
6 229
7 110
5 940
1 585
4 608
10 85
5 966
1 827
8 23
2 767

73 556
3 363
4 497
3 859
2 409
7 267
6 587
7 145
9 892
1 297
3 23
8 31
9 48
2 920
6 208
4 966
8 594
2 318
6 751
9 46
2 997
4 147
2 39
2 462
10 372
4 133
5 842
1 733
2 723
3 663
8 689
2 816
3 955
8 724
9 308
5 216
3 433
1 240
1 6
7 105
7 810
3 123
5 103
7 244
6 507
7 459
4 885
1 829
4 758
6 248
4 24
8 722
1 178
3 631
5 13
4 911
3 323
5 176
9 888
6 601
2 676
10 292
2 37
5 751
8 727
3 212
5 813
10 910
10 597
9 524
7 274
6 134
9 819
8 372

79 324
5 803
7 736
2 667
9 270
9 566
9 118
1 451
10 413
9 272
8 252
7 969
2 934
2 825
6 763
2 162
4 520
5 948
6 762
4 379
6 734
4 732
2 425
7 134
7 893
6 198
6 904
9 373
7 268
10 293
4 744
4 223
2 769
1 870
8 840
3 914
5 544
10 776
1 178
2 508
5 18
3 918
10 223
10 814
6 838
1 871
5 559
7 196
6 966
5 209
2 665
10 730
7 118
7 231
9 470
9 421
8 795
7 463
6 979
8 506
8 381
1 748
6 524
2 618
8 361
7 646
7 652
9 937
7 936
5 768
8 257
2 595
7 877
5 68
6 333
3 22
1 5
9 4
3 416
8 370

49 366
1 505
3 94
1 922
1 311
10 137
1 580
6 971
10 787
9 310
3 315
10 184
7 155
1 848
7 511
2 50
6 935
10 165
8 50
1 760
6 478
7 280
2 626
5 512
3 991
8 883
6 207
1 329
8 604
4 283
3 96
10 478
2 590
10 410
9 79
8 1000
1 417
4 316
7 584
6 158
1 351
7 583
3 458
2 269
2 790
5 527
4 236
5 267
6 997
7 816

95 166
2 686
1 149
2 6
5 179
1 658
2 555
5 437
8 855
6 426
4 961
8 881
7 660
8 724
10 174
9 435
2 706
5 981
8 473
3 586
5 852
9 884
2 539
3 123
10 729
9 740
10 555
4 588
2 118
1 222
8 851
8 660
2 479
1 762
10 681
4 954
9 646
4 642
6 860
9 928
8 367
2 629
7 639
7 135
8 528
10 399
10 715
4 637
1 753
3 496
1 802
7 317
10 989
9 631
10 778
4 789
7 577
8 417
2 985
4 324
4 611
6 945
2 836
8 871
6 684
5 373
1 519
7 931
3 702
9 707
5 823
1 975
1 264
10 318
3 294
5 464
8 67
2 582
2 341
4 841
3 817
7 860
1 605
7 194
10 55
7 137
1 747
2 980
7 854
9 961
6 290
8 403
6 536
6 961
3 787
6 252

17 110
2 642
5 253
8 628
5 87
5 536
5 227
10 546
8 164
5 931
3 634
9 864
4 669
7 396
7 976
5 762
4 110
4 367

89 345
8 373
1 462
9 212
9 127
10 120
10 967
10 446
9 735
5 120
5 484
2 561
5 162
3 856
2 78
9 688
1 568
1 47
10 321
9 69
1 719
7 89
4 942
6 636
5 195
8 782
5 269
2 489
5 369
8 756
4 918
7 816
2 856
8 218
6 472
2 326
6 178
10 578
5 652
6 147
9 671
9 523
4 975
3 73
10 708
7 140
5 975
2 814
1 169
2 709
7 668
8 533
2 152
5 317
5 26
6 1000
5 95
9 986
10 590
9 411
2 942
6 625
8 857
7 98
8 820
8 368
2 896
8 37
3 713
10 554
4 519
4 785
2 780
9 682
5 532
3 17
1 346
4 740
7 431
10 930
9 347
2 89
5 900
2 641
5 829
8 53
7 100
9 961
4 959
2 599

37 614
6 314
3 607
9 689
1 242
10 991
1 619
9 533
4 908
8 482
5 368
9 435
7 723
3 697
5 93
2 874
9 261
9 17
8 944
7 960
10 28
6 476
8 380
9 516
8 533
10 727
1 884
6 70
6 260
4 639
2 412
4 585
2 51
4 595
4 11
8 530
7 503
4 683

15 550
9 225
1 548
1 500
10 463
4 388
6 687
9 777
2 890
10 474
8 315
5 285
6 973
7 362
6 874
9 61

45 636
5 837
7 587
9 627
5 258
4 475
1 40
9 42
8 612
8 220
6 935
10 602
5 373
6 86
8 63
10 835
3 134
10 205
3 711
8 121
5 197
9 912
5 845
9 869
9 172
9 86
10 296
1 718
3 354
8 266
2 301
4 128
4 475
7 506
8 866
5 505
6 572
8 3
1 72
4 576
4 311
9 54
1 53
8 979
4 925
7 526

47 652
4 363
8 688
5 410
6 845
8 319
1 681
3 535
3 544
4 348
1 828
10 164
2 523
7 989
4 738
5 24
6 518
5 10
9 605
1 110
10 685
7 568
4 101
6 821
10 268
5 201
5 920
4 326
5 506
5 241
6 180
8 379
10 353
9 254
3 159
5 109
6 495
5 263
4 481
9 942
2 603
5 843
1 506
4 668
10 187
6 958
9 227
9 63

27 316
8 887
7 31
5 484
7 374
5 471
2 182
6 603
7 906
1 10
10 669
5 126
6 289
6 221
5 476
5 446
5 303
6 193
8 31
7 562
5 774
5 611
5 796
3 443
2 713
2 464
1 833
4 588

75 807
1 341
8 795
7 458
10 822
5 782
4 677
3 961
3 728
5 109
1 839
1 928
3 355
7 284
2 35
3 660
2 31
5 965
2 490
1 922
5 71
10 867
9 750
9 254
2 101
9 56
5 913
7 842
5 429
3 805
7 348
9 225
10 168
7 555
8 611
4 320
8 883
4 485
8 717
7 165
10 451
5 108
9 906
4 981
8 425
3 148
3 954
3 503
7 914
6 130
1 237
1 261
5 338
4 454
8 834
7 223
10 189
4 351
2 630
4 779
7 821
4 178
2 651
4 246
7 441
7 791
2 527
7 147
10 148
4 270
4 570
10 970
10 173
4 204
4 3
3 560

59 88
10 948
4 121
1 825
6 272
1 237
3 19
6 367
8 334
5 851
10 832
6 365
10 140
2 510
1 253
3 317
4 509
9 774
9 809
1 541
7 566
4 231
9 511
7 101
2 936
9 451
5 771
2 475
6 734
9 756
2 756
6 851
4 687
6 597
7 574
9 928
10 266
6 74
5 458
5 324
5 478
10 864
8 941
7 214
9 25
10 365
5 392
10 747
3 190
4 925
4 480
5 254
8 713
2 872
6 854
3 619
2 322
2 282
5 171
5 288

14 651
6 326
2 218
8 636
2 415
6 523
6 468
2 990
3 455
8 54
2 408
9 990
4 505
5 343
2 118

68 932
6 634
3 490
7 617
3 610
4 741
8 628
9 260
4 739
4 182
1 374
3 167
1 22
4 338
6 345
5 345
10 740
1 110
9 533
4 58
8 461
1 978
9 357
5 409
10 302
5 239
5 531
2 390
7 76
2 267
1 534
5 689
8 941
5 558
7 228
9 318
7 764
2 129
9 235
9 566
6 479
9 915
4 561
8 912
8 383
8 111
9 788
10 245
2 597
6 256
4 768
3 864
4 572
7 354
1 233
3 695
9 427
9 423
4 265
9 326
8 511
10 618
2 587
5 82
7 15
4 710
6 262
4 368
3 621

91 204
6 344
10 267
9 646
2 108
5 22
4 260
10 572
8 886
7 443
8 44
4 655
7 943
1 679
1 102
3 383
8 856
2 130
5 199
6 163
6 37
8 442
6 420
7 877
10 875
9 975
9 129
3 672
2 897
8 85
10 352
9 442
1 897
6 681
3 346
4 753
5 378
9 381
10 912
6 157
1 281
1 704
7 112
8 183
8 780
4 358
9 87
5 42
4 370
7 430
3 268
8 800
2 729
10 146
3 141
1 425
1 785
6 181
6 207
9 256
3 983
1 822
5 763
2 755
7 289
6 550
1 71
1 553
1 233
5 790
6 705
9 146
8 46
5 737
2 745
9 295
6 604
6 499
6 330
10 850
1 494
4 526
10 452
4 714
5 480
6 408
5 420
8 25
3 935
9 774
8 104
9 758

34 607
6 776
5 565
8 186
3 376
7 621
6 492
4 862
1 540
2 859
5 526
2 129
4 347
10 490
9 673
7 508
4 559
5 422
9 260
7 533
5 21
5 165
6 191
2 188
8 647
4 393
3 633
9 335
6 126
8 781
10 127
7 356
8 275
5 511
5 88

72 460
8 900
2 325
4 415
3 523
6 613
5 936
2 788
4 576
8 150
8 63
9 347
2 664
6 548
5 508
10 921
10 447
1 769
4 261
5 986
9 596
4 50
10 195
2 857
8 103
7 181
8 985
10 935
4 501
10 526
6 821
7 739
10 617
9 38
5 43
10 363
3 325
2 225
2 602
6 345
6 791
6 924
1 405
5 775
10 44
4 264
4 97
3 131
10 213
7 941
6 894
1 597
3 420
3 442
8 606
7 780
3 663
7 172
8 913
7 971
6 598
6 172
2 292
4 759
1 173
9 463
9 58
7 989
2 583
9 849
8 919
2 585
8 331

99 594
1 405
4 903
5 908
9 400
10 728
1 55
7 912
10 319
9 927
1 446
5 440
10 49
5 274
6 291
1 92
9 551
3 613
2 554
3 879
7 423
7 814
6 859
7 345
3 695
2 187
6 483
4 138
2 335
8 868
2 367
9 620
4 512
5 722
2 455
7 370
3 558
8 705
1 908
4 296
2 375
8 798
5 459
6 93
10 698
7 123
4 623
4 685
8 677
3 199
8 710
9 712
8 102
2 739
4 169
5 315
4 516
6 752
6 751
8 471
3 156
10 216
1 38
4 264
4 10
1 549
10 733
4 690
8 27
7 195
2 813
10 442
5 325
5 6
6 741
8 875
10 421
8 377
2 342
2 524
2 805
7 774
3 683
9 723
7 242
7 608
1 130
5 86
1 297
9 881
7 567
7 636
5 549
10 796
9 708
3 593
7 390
2 401
5 181
5 133

91 91
3 181
6 492
10 327
10 709
5 529
6 18
6 613
8 232
10 456
10 727
8 804
6 766
9 892
6 31
4 73
5 467
10 646
5 222
10 449
7 236
3 556
8 845
6 819
6 576
4 15
8 25
3 121
4 726
6 793
7 739
7 529
4 821
4 866
5 850
5 324
1 643
9 338
6 399
6 915
1 133
9 979
1 451
6 3
5 167
5 283
1 11
3 462
9 336
6 577
2 345
10 622
9 834
2 178
4 466
8 909
9 725
7 459
1 42
8 54
6 256
8 112
5 498
3 153
1 604
10 370
2 332
5 639
7 302
10 749
9 260
6 717
7 248
9 214
7 988
5 496
9 954
1 212
6 236
1 636
7 796
9 490
9 700
2 996
4 297
8 121
9 104
1 596
9 716
5 991
8 428
1 649

48 211
4 184
9 928
3 926
7 527
7 202
9 895
3 580
10 644
7 451
6 240
7 98
10 206
5 361
9 278
6 718
1 221
10 161
6 71
7 222
5 852
9 175
4 323
6 641
3 805
5 713
2 840
6 703
4 601
8 382
9 424
4 655
5 999
1 143
7 900
2 370
4 843
6 202
2 298
4 483
7 637
6 850
3 708
1 873
5 616
1 890
5 353
4 35
9 359

75 610
5 597
10 362
5 389
8 605
9 108
4 491
1 986
5 572
4 245
2 705
5 698
3 602
6 491
9 458
3 517
3 459
2 778
8 904
8 86
6 555
7 299
4 289
10 89
3 328
5 656
5 544
6 979
1 107
4 133
9 669
10 497
6 114
7 3
9 143
7 877
5 634
4 445
4 810
7 486
1 866
10 521
1 845
4 555
7 23
2 867
5 688
1 523
5 340
4 169
5 965
10 882
7 571
10 224
9 860
5 869
1 201
5 134
10 944
6 700
9 79
6 657
1 633
5 918
6 56
10 158
10 483
5 970
5 366
7 785
3 605
5 301
7 745
8 201
1 826
4 654

18 661
3 21
8 193
8 479
7 376
10 619
8 28
5 614
8 132
6 321
3 402
7 892
3 759
7 186
9 993
3 192
3 501
5 965
4 502

91 228
10 432
1 438
2 850
3 907
9 801
5 69
10 551
2 53
8 404
8 950
1 77
9 910
5 705
9 325
6 670
3 787
5 877
8 263
9 276
8 411
1 747
9 982
4 142
6 310
1 272
10 293
5 752
8 980
4 781
10 366
3 271
9 902
6 729
4 577
9 684
2 783
5 521
2 430
2 798
1 559
2 702
5 472
1 758
8 613
10 106
6 987
10 834
2 227
5 755
10 917
10 493
5 571
2 464
3 26
5 443
7 34
5 788
5 301
5 308
3 82
10 947
10 141
7 11
5 342
10 521
5 906
6 309
4 729
6 179
2 737
2 690
9 118
10 978
5 373
6 35
1 698
8 225
5 112
5 556
8 351
6 415
5 144
4 83
2 551
9 329
1 235
4 760
7 199
4 473
9 374
1 729

38 305
1 260
7 892
3 107
1 594
7 850
5 948
8 960
10 898
2 136
7 10
1 835
7 335
8 484
4 166
6 778
9 869
3 658
5 555
8 355
6 637
4 236
7 840
7 81
8 187
8 220
4 814
9 108
3 713
8 856
6 507
7 585
3 374
1 839
5 359
5 780
6 453
2 579
1 562

80 99
2 579
2 648
7 6
10 892
10 50
8 299
3 85
10 634
5 477
5 90
2 721
3 830
10 237
10 465
7 770
10 602
9 148
5 444
5 355
6 574
4 434
10 663
9 107
5 680
1 825
5 770
1 342
10 718
4 62
3 432
3 82
9 883
6 281
7 86
1 12
8 95
9 235
3 667
8 109
3 627
8 819
2 478
7 50
1 794
5 80
1 294
8 257
9 741
8 205
6 875
1 189
5 13
2 430
8 819
7 729
9 471
10 545
6 763
6 846
7 57
2 780
6 437
7 229
5 924
10 707
7 1000
5 471
2 373
1 748
8 789
1 339
5 727
9 910
7 181
9 396
5 383
9 290
10 562
5 348
4 654

85 4
8 652
4 721
8 59
8 214
2 296
4 810
10 139
9 214
9 178
1 907
8 783
4 731
10 417
2 180
7 835
6 778
9 325
5 509
4 966
3 934
4 978
6 986
9 815
2 434
2 159
1 552
5 239
7 636
7 64
9 428
5 684
10 736
5 55
3 94
8 318
7 985
3 771
5 762
5 873
2 576
10 886
6 324
2 466
9 482
1 478
1 779
5 818
2 520
4 111
10 596
1 641
3 427
8 255
9 347
4 735
2 862
6 105
10 800
1 497
4 99
9 894
1 487
8 95
5 934
10 971
3 337
5 462
8 725
3 654
8 546
8 697
1 712
1 945
1 371
1 143
8 766
4 401
6 98
4 962
4 52
8 265
8 599
3 502
6 145
2 98

94 145
8 801
5 298
10 820
5 537
5 840
1 702
2 258
1 88
9 535
1 855
3 527
10 228
4 127
4 887
4 765
6 721
9 91
3 662
1 38
10 577
8 557
4 822
9 429
5 737
1 47
5 465
2 395
1 657
3 415
2 97
7 28
9 449
10 835
5 381
9 12
8 454
5 586
7 734
10 183
1 681
6 412
6 858
4 189
4 326
4 408
6 487
5 591
7 906
8 396
8 1
6 946
1 327
10 80
4 897
10 881
2 547
4 75
3 97
5 269
8 218
4 548
10 463
10 638
4 267
9 357
2 793
9 425
6 185
3 179
9 822
8 362
8 703
9 123
3 403
10 573
3 770
5 676
5 962
8 304
1 50
2 199
3 314
10 313
3 830
1 283
6 253
5 370
2 784
6 106
10 586
6 157
4 502
4 940
5 849

42 249
1 255
1 444
6 215
5 770
4 950
2 695
7 400
3 509
4 908
6 720
6 643
5 201
2 60
10 960
4 86
3 861
4 595
1 965
4 411
10 205
2 490
9 562
10 668
7 423
2 35
7 772
4 369
10 173
4 815
3 39
10 838
4 297
1 555
6 944
1 346
5 325
8 752
1 723
5 659
3 697
1 638
7 722

43 245
1 786
7 730
9 915
1 428
2 702
7 823
8 947
2 849
10 355
9 861
10 722
9 574
3 212
5 591
4 569
5 531
2 396
10 531
10 530
3 872
4 291
8 579
10 862
8 861
1 731
3 996
9 240
4 223
3 484
2 88
10 898
4 758
8 581
10 955
7 949
10 692
3 520
3 829
9 402
2 300
6 761
1 936
8 216

55 698
3 970
10 751
8 565
5 513
7 148
6 255
8 645
5 687
5 272
5 249
9 203
4 509
4 196
1 316
1 602
3 462
4 65
1 142
6 71
10 126
2 825
9 18
4 381
5 985
4 571
5 29
9 134
9 440
5 333
6 739
2 577
4 560
4 115
8 974
1 59
5 107
6 182
5 56
10 532
2 919
7 625
8 226
6 836
10 86
7 772
1 157
6 728
3 46
9 769
10 380
8 822
5 766
1 666
9 269
7 213

49 836
7 486
3 947
4 244
8 192
8 560
10 68
3 415
6 834
5 483
6 67
2 754
9 11
9 653
7 967
8 466
3 53
1 547
10 975
6 735
4 509
6 865
1 285
8 40
5 166
2 682
6 530
2 416
8 206
3 171
8 636
10 492
8 290
4 391
5 180
8 781
7 770
5 616
5 979
5 524
8 881
3 728
3 345
10 654
4 562
7 74
6 163
2 237
9 955
4 67

2 198
4 174
9 195

29 173
4 795
6 670
9 63
7 438
3 244
5 308
2 267
1 354
2 299
5 233
1 272
4 739
2 850
6 949
9 52
6 569
10 84
8 521
10 339
4 904
1 753
1 90
3 944
4 151
5 736
7 199
9 386
5 732
3 552

29 602
1 963
6 448
1 492
2 895
8 630
4 115
5 360
6 104
7 999
5 249
7 341
6 93
7 735
6 312
4 209
1 888
8 196
7 568
4 8
9 869
3 611
2 723
8 187
8 977
6 784
5 624
6 24
9 202
6 244

43 803
4 159
6 326
5 971
10 392
2 58
10 318
2 595
3 342
10 570
5 670
3 247
1 181
3 361
6 29
4 600
10 760
7 707
9 815
6 682
9 358
8 818
4 111
4 419
10 248
10 473
2 45
5 914
6 342
2 959
8 582
3 145
4 19
3 129
2 584
2 391
10 253
3 321
9 323
10 166
10 431
5 191
5 61
2 51

29 9
1 123
10 919
8 355
6 823
6 770
2 997
9 699
1 71
3 963
8 462
2 315
5 470
10 718
8 961
1 284
8 777
6 353
8 729
3 985
4 543
1 661
9 266
6 140
4 82
3 81
7 582
3 786
3 603
4 284

69 918
9 606
8 677
7 94
8 17
1 660
10 183
10 802
3 30
1 488
10 746
9 5
10 666
10 81
5 292
4 535
10 635
1 312
7 450
6 68
9 186
8 729
10 398
7 520
7 174
9 538
2 278
5 950
10 684
5 914
1 746
1 240
1 940
1 43
2 307
2 559
7 540
7 212
1 168
1 364
3 89
8 611
10 146
9 12
7 942
9 156
5 77
9 419
4 946
4 109
7 627
9 96
7 305
2 807
2 389
9 164
5 774
10 546
7 686
7 100
5 185
2 666
6 650
7 630
8 601
8 550
5 757
1 746
2 303
3 885

25 47
9 871
8 174
10 470
10 676
1 838
3 824
5 122
3 291
1 771
1 192
8 470
7 317
2 361
5 471
6 14
7 644
8 94
6 4
2 29
6 485
10 892
5 369
1 837
9 467
8 901

78 370
8 958
10 937
7 919
4 266
9 302
8 872
8 78
6 663
9 259
10 972
2 510
6 866
2 702
4 305
5 341
8 676
3 234
4 319
4 371
5 788
1 493
2 124
6 238
6 380
3 636
5 997
2 746
7 491
7 545
6 752
8 81
7 535
4 392
2 170
7 437
1 138
1 968
7 203
4 398
3 53
1 636
1 530
2 615
9 179
10 518
10 44
1 357
10 616
6 784
2 214
1 94
3 853
7 612
1 322
4 340
5 746
5 126
10 707
5 646
5 899
4 166
5 464
2 224
9 974
7 569
2 931
3 538
1 427
8 541
2 213
8 473
10 558
4 232
7 690
10 148
5 743
7 585
1 539

89 512
8 519
1 699
8 571
7 583
5 88
1 96
10 706
3 610
2 870
1 526
5 70
3 202
6 690
8 371
10 298
7 92
1 917
7 617
2 730
10 836
3 378
4 822
1 555
4 698
6 272
4 686
7 952
1 506
8 24
2 221
4 587
5 490
8 806
6 693
10 361
9 705
6 163
7 174
1 956
10 492
9 446
8 625
10 767
10 390
2 709
5 463
4 626
1 501
3 762
4 318
2 73
7 564
7 547
5 303
6 960
7 786
10 26
2 154
6 891
9 933
6 209
4 245
5 699
2 617
4 937
1 638
1 308
6 947
1 938
9 60
7 98
3 5
9 606
6 914
7 406
4 446
2 594
4 800
8 786
5 808
5 701
8 787
4 645
4 214
5 334
2 182
7 822
9 906
2 697

26 101
2 370
3 67
8 466
1 958
5 985
8 677
4 209
6 397
10 197
2 139
1 587
10 665
1 859
5 890
6 742
3 8
6 940
5 425
4 644
8 7
4 499
9 665
2 499
7 264
3 23
1 928

74 592
3 72
2 515
8 487
6 477
8 70
6 271
6 524
1 579
7 894
10 566
4 136
1 323
8 110
9 153
7 10
2 333
9 159
7 43
1 806
7 194
7 991
4 72
3 82
7 44
1 431
8 589
1 24
5 669
1 960
10 874
8 400
8 51
5 757
2 907
10 667
7 789
2 916
10 171
6 214
7 676
4 527
2 914
2 527
6 387
2 755
4 807
9 169
5 63
9 653
10 839
9 421
6 976
8 190
6 37
3 64
2 752
7 328
4 843
1 599
5 692
8 192
1 858
10 707
1 637
5 241
1 382
8 453
5 348
5 207
2 102
5 97
4 915
8 221
1 630

37 672
2 875
2 170
8 594
10 4
4 291
2 57
9 904
1 381
8 855
6 635
3 561
6 160
1 507
8 585
2 551
8 160
1 155
8 861
4 261
1 330
6 107
2 222
5 246
1 613
9 542
4 408
8 682
10 929
3 300
2 27
8 787
1 979
10 218
8 41
10 703
2 380
4 755

74 351
7 908
1 452
10 438
9 254
3 779
8 10
6 47
5 631
10 573
2 126
8 801
5 620
1 887
3 16
1 304
1 696
8 729
8 11
5 359
9 636
7 799
7 918
8 32
6 382
9 157
9 450
9 376
4 164
9 771
5 958
3 421
2 285
6 152
2 19
7 912
2 350
7 3
7 258
9 167
5 694
3 849
4 984
7 563
4 189
6 677
10 408
4 799
10 951
1 691
2 164
3 679
4 663
3 132
8 772
5 911
2 972
5 960
2 687
6 453
10 855
4 21
1 579
1 658
8 473
6 553
2 302
6 500
1 617
8 588
1 280
2 852
1 962
8 558
1 685

22 890
6 492
10 857
6 66
10 302
4 565
6 525
5 437
3 182
1 7
7 440
4 971
4 890
7 806
2 932
6 809
10 733
9 701
9 721
4 454
10 360
7 228
4 236

60 768
9 69
10 889
2 905
4 503
1 495
6 593
3 502
6 584
4 405
5 526
1 754
4 851
8 701
6 350
2 93
3 56
6 580
7 373
7 507
2 982
4 887
1 779
2 679
3 326
2 998
3 559
9 182
2 568
9 838
1 169
4 582
4 795
7 520
8 350
1 394
2 731
10 257
5 372
10 223
10 369
7 253
4 675
2 688
5 668
8 511
2 807
2 764
3 605
6 120
3 12
3 989
7 497
8 252
6 883
1 269
1 46
10 529
6 955
4 313
5 93

