99
920195 643191 912165 603665 732493 430421 646107 63653 868254 161819 25877 179213 934415 942377 880232 413157 180826 573541 165620 608780 393640 38473 200940 722888 22110 934938 612133 493587 729022 883069 856237 165569 42611 768401 769233 775103 198821 415339 355107 67075 577157 380983 762639 27923 323359 159222 957431 20537 249114 123051 145668 642753 677875 862959 365640 699985 797896 494125 709923 43270 377193 566159 208838 419803 850911 494422 711257 566083 426112 66364 149509 3269 963698 912147 547543 287057 587721 504974 823945 836834 144376 969612 479587 822250 348922 361578 38586 146818 855702 748508 190087 749246 831018 915276 169048 681928 409697 396657 764363
8
463020 913871 355428 426717 342370 419323 230125 930090
96
570421 766923 585023 540032 762861 407272 888954 124439 445858 552123 980140 710717 258561 729386 541735 173836 414785 740014 99884 811441 504376 452043 790812 934599 323823 733881 276968 743145 480357 207057 183792 50778 490331 768814 107161 253192 692437 512466 377630 138294 64588 874121 365363 323148 119858 907097 13335 50995 163462 113218 862435 184190 565261 169599 118788 405435 419831 395755 148579 416539 119163 848722 467316 609493 617535 90829 379036 309971 603294 756665 964617 184234 147138 329979 23733 266995 753427 37068 317989 433240 666637 696776 133781 748249 382726 252568 153683 318908 164674 302261 735446 283836 667334 719114 409681 284868
42
788716 111191 929587 61733 592159 113820 208870 922137 653905 992216 191915 690972 826557 141506 873960 39684 275287 622209 422409 44206 775891 741316 208880 594504 993113 9067 261837 712226 935099 63057 38519 723815 174247 968106 301899 766405 598277 510768 204893 252181 19335 913159
4
845891 54664 333464 885574
2
472024 824334
8
247914 82001 99387 842417 75114 624805 620606 303691
4
683662 342210 800070 857908
67
101968 140664 424943 129087 861908 193476 664773 291418 169331 510664 862433 19146 912589 708735 491169 253275 599242 739083 851627 214980 97851 926740 839784 718456 746783 916039 402117 88992 716108 776376 432010 334427 433391 856952 463513 811650 566779 128286 103067 736110 155301 965500 271607 584241 674234 762776 353867 273475 18210 205494 4806 116060 648585 844589 350868 395367 760628 269336 710 993087 562064 432719 327514 511806 806023 307378 323456
1
435663
22
625262 107315 908373 896869 207908 98958 659644 561774 888784 194205 767267 893589 310264 932204 738178 177483 327570 15157 963171 844632 524595 525234
2
852108 37039
24
159486 876846 972525 111500 303368 114138 735167 728092 11006 943074 827050 187001 504847 715833 381205 788466 609422 207821 720669 863951 385303 564590 395459 864825
21
920053 390058 202923 772161 943449 318998 447998 820294 807874 75849 640013 922012 811015 368105 933017 270440 195154 636370 291639 427338 17574
4
553111 225394 317124 417061
49
881713 812519 991873 807286 732572 898283 526560 21084 841731 845557 985433 662024 653431 61281 818389 575442 388648 186493 24810 175439 897998 661179 467077 841687 678753 63532 394798 420498 897007 811858 547546 778720 624377 55771 102357 873300 954053 628916 410735 795783 990824 396167 974158 644254 973799 792546 736047 878798 495390
57
54237 909739 938387 37665 751426 133491 617549 146223 553989 514555 474432 617886 809626 615160 190008 911982 488459 144060 57249 899193 456194 48073 811711 946704 208678 785510 739249 944725 664307 750991 221933 234895 660729 160319 272560 928506 810162 890108 591080 880502 404662 65512 14739 730640 680671 204747 642621 685482 348806 216222 584674 321352 264294 396385 268055 472971 698246
55
934047 362552 274645 155979 597447 451726 832650 386358 896583 642811 276465 487663 523312 197478 553174 538050 928117 233844 742796 87090 919325 607954 303311 20351 929305 567604 933087 197359 556926 631332 237365 490973 993883 512010 163303 107681 480087 995952 494038 376669 638762 286854 864331 678425 484332 933856 732827 928800 167700 475622 15889 603376 599927 319199 140078
31
403154 73164 242941 476432 704495 480306 483756 214730 508667 647058 322410 988753 159362 816448 881773 314475 619653 262456 992900 103984 196311 725726 32784 880362 717699 565024 90 317626 400575 140167 363208
80
213331 606149 796511 434177 602806 280266 648906 111472 443676 971316 616576 603037 304115 14700 433863 923767 277155 426762 544103 989818 668839 93238 386531 902890 658261 902972 220515 575187 43139 100074 895267 772821 222574 691777 206997 825379 488395 372255 453202 448422 343570 586129 567810 164036 600829 1672 604154 394335 944786 148256 900504 129976 757845 803387 32865 932458 706358 769731 507644 265848 869805 402910 38668 92378 94687 762017 434109 99433 134271 887310 547854 994192 473439 632015 674579 590619 633686 278732 984953 94823
40
885457 224799 701184 688843 257663 633641 911552 27394 141285 177400 897198 60546 216067 505927 671584 494435 940035 771016 145057 343697 835221 655600 333487 467235 330178 924105 617273 125262 425409 712095 68601 827217 936893 286136 516059 710908 436129 943963 738301 577413
62
151850 154310 853780 174128 825894 348215 630515 596909 9623 974211 948482 665223 824049 932068 995400 748153 549340 637013 173561 261435 705613 778 714679 508101 33188 425586 944229 977150 680238 37993 98511 832087 192302 468643 522567 18195 333209 153081 131456 342831 127291 79937 8053 951339 12004 519805 215843 561344 156817 905755 339130 378782 906532 570160 886882 456072 995746 831110 433221 675983 869102 48084
22
61403 33078 546988 79598 366286 700068 211053 709116 343710 807341 233521 811400 819344 753325 543594 897039 910141 449348 752520 805274 355880 322680
55
328303 834777 523264 761523 27111 392365 325958 51532 970120 359035 114871 49717 241672 331290 777121 950788 191351 584461 184308 519102 920156 453984 62695 333547 880476 512043 86066 685750 384274 925097 377904 712576 759873 901168 990450 786984 809884 832760 354867 780003 191794 469738 346071 433466 317379 639543 900605 508730 224003 601264 27831 660511 55247 90526 994057
22
118920 80122 137823 503193 5219 515727 732120 281443 933246 722569 68426 259481 555328 939645 39484 263474 925734 901906 213291 243112 541449 113895
41
281803 231510 296024 942313 286756 902901 936369 738829 21820 532843 876652 41364 54413 392378 773483 335855 841975 12403 920633 101455 567731 860277 657290 347556 786010 559196 560846 545473 100644 191092 297314 898798 422601 109689 841111 225708 12589 777479 964536 550760 826673
87
592123 881085 749916 881957 733292 591890 410711 653924 209697 494793 30552 866986 842348 816561 426181 919545 362033 43176 110636 175698 941974 49588 801738 299436 275295 330678 593266 756183 881437 419939 113721 989911 301023 863637 388219 34314 971878 798930 204589 181574 293722 235140 564912 136070 568052 507444 571966 446437 66972 198954 138486 525297 248541 940224 824732 40188 270901 417997 796370 152338 837935 910090 658600 655310 290078 46819 205975 778308 362100 410564 959881 655821 645703 41144 308242 213755 548588 880208 176543 615559 79161 315028 140855 844053 255251 481938 884240
4
899934 196961 711193 254221
3
369792 909530 913480
62
115504 691787 295061 42419 168020 950882 688122 209163 775475 418228 274102 655682 594770 406012 251194 426149 546866 611599 681400 28803 495838 240255 445089 209151 951447 699309 832553 321238 125190 262384 770552 240693 470523 65612 799464 638542 532845 487585 364056 308320 422164 638158 480353 533285 560521 247899 959433 107387 859497 157184 652541 871686 397438 613981 80836 348884 313289 429740 186474 438478 692124 957025
23
162646 538988 994986 317539 71833 998922 681594 896504 421085 836103 376856 470721 396624 624754 946505 20362 484250 103689 189254 355936 17478 803235 953123
14
632875 382863 69187 71353 591338 542563 783227 753983 81550 778212 71521 669734 293485 269466
37
230921 621921 459445 701641 534896 600550 648145 555257 601152 268185 260862 473439 285663 64096 426561 168376 696971 325775 753914 284675 917112 296476 67901 187446 894377 362464 775318 80463 655948 44784 646699 886868 183056 622495 588508 717951 739397
4
789559 340548 21189 50420
38
823203 114516 273250 507930 327838 599025 261843 612512 32488 74670 680412 219934 969046 42875 511603 49508 215174 72738 212559 102041 255793 351405 206900 973743 90801 959903 763301 947700 497443 330073 278037 836997 444588 551287 344926 772425 666663 123120
88
699150 197789 98051 435435 683187 657277 463390 249046 872450 536127 977956 974490 791920 329361 181389 282014 936513 141291 561667 400565 155086 891739 194953 992082 852678 262591 853360 141454 929253 976479 42741 144755 174268 140791 96541 373806 314419 559930 622851 186868 96057 600807 161357 404328 446519 342745 202693 899383 387 280711 299947 155472 172449 494900 663906 541478 757490 517265 682931 203095 493743 242023 347849 184362 899165 960741 558167 213583 37023 697370 400450 133079 814528 78158 53758 261046 420902 256450 160428 937641 537161 976727 609464 225961 471626 273369 767439 745467
85
966721 948561 317080 725096 812761 501441 624260 773502 575960 354195 810524 273329 270996 459954 87856 349154 30063 865253 286407 802864 542032 224047 856376 518758 349863 82337 990383 139583 366127 252202 446568 849199 200762 763647 574294 529875 781439 714906 819728 357398 585452 146603 147078 856447 606556 234933 205600 152970 616537 8359 955833 158569 232405 812209 677326 98619 410897 184061 238202 293375 436262 201121 658925 153375 481119 233219 683249 262557 464476 502976 136307 49927 649578 283384 422725 772485 34669 628325 925454 651205 636683 397639 809773 385439 726199
99
410 653447 187511 238611 946821 623772 439731 605745 293498 920849 355315 976747 699757 336142 996074 836063 902420 645652 119447 325145 934488 154115 469821 376294 321671 622855 290284 131444 524645 16482 134894 525054 669928 322404 763664 133100 462527 719746 255196 756024 156946 126863 249122 856703 463004 245196 692765 365424 407199 328563 206920 341686 999029 676740 234331 320700 815946 524614 452143 340590 541095 103388 865644 727374 425791 145659 860473 404669 381757 632021 160692 538702 758883 409814 911756 221886 171361 120873 103661 578559 449435 826932 436596 448464 20023 187279 769163 835968 711892 737657 176558 769339 841044 558553 13064 783186 220563 389889 187854
19
21909 348545 657373 780791 274710 569128 519028 962422 690000 622689 540980 655787 965972 493928 620602 985995 681206 389764 821962
49
643772 514871 678787 484815 589775 691851 268000 810338 81739 455853 929008 619999 320749 586380 400789 111811 671860 919816 74232 878211 58856 131564 50349 24828 141843 670950 10822 823048 577065 832783 248848 220836 864006 927635 705650 453780 135837 490001 264117 733927 462205 709477 870277 782954 812208 271065 411116 484067 707232
99
878630 766088 649614 928978 307267 791456 116280 834440 130855 693344 183574 379703 914180 47579 823689 136181 501359 475877 626182 281827 726155 88386 991303 596431 387691 319863 867495 798806 320281 574726 316857 198910 857165 966470 644240 680783 757926 276871 515222 405132 970214 698796 784834 400745 746374 124874 536926 764084 600750 679459 45911 326904 284196 553565 923334 671887 873427 307180 987044 193708 398258 820252 908969 771774 786722 69560 452557 60999 346430 484130 466130 316644 182925 767316 233740 445651 892189 770665 209734 492939 966475 771996 336194 250671 841913 775880 438909 715339 599411 942304 425398 514020 762556 850719 285794 549277 920278 254702 126627
8
738831 592756 99703 438108 360071 333442 883758 768612
59
93491 777902 586933 381839 114095 353955 223751 406326 792863 455441 522089 735167 397191 36108 14074 247909 321901 563350 168186 92954 206328 951245 831785 799083 50947 269892 675506 384389 670001 960469 4847 279843 738370 108131 661681 368816 462086 401783 775142 254948 857224 297230 506466 254414 849689 520539 502322 171590 600240 186859 780895 806567 138104 612679 122002 189050 398922 797507 89790
74
757975 610988 865117 12696 719119 526797 381511 181204 928580 673004 952503 302155 486585 458969 72920 336274 495859 575241 24215 96099 278451 805109 419017 416554 934140 541018 121956 849413 338524 728097 434687 612850 339085 299803 625545 574555 342951 523408 272110 787882 196411 740964 90036 682996 716284 162955 535621 212143 254547 559835 824593 532998 364943 243609 465903 815434 784627 104210 664847 639502 832307 615885 252352 687743 432039 394248 778649 774989 917655 50758 562871 114066 791721 169258
13
508005 848565 849033 236499 103111 925219 61091 152460 806513 304699 134715 621947 89325
24
803145 728827 587582 419029 497530 275324 851067 891777 53972 142407 325784 621081 221629 956201 929154 390887 785965 437158 239451 151349 673656 858913 76567 251098
73
883079 555796 146087 21377 161473 385010 824521 890299 488944 759901 904180 764267 127319 312308 334591 786078 154443 472023 7706 110643 401176 398592 896607 838333 154394 47955 28340 13307 640873 279437 24679 523952 351585 687117 545328 513057 588478 886201 919707 77421 162453 823886 358040 806124 652545 692630 592201 806988 681004 599906 433982 82180 514850 330589 920512 669243 894895 465204 682549 535768 260992 223579 576071 612576 910695 637750 125632 499173 40302 561690 92945 202755 901927
84
525230 554472 659965 117430 361459 340969 717335 311792 423148 232184 642380 860011 417779 53627 325214 100327 105746 102558 323906 198168 715133 750952 352269 357117 766476 392571 918806 859421 111677 820733 310404 636906 891556 486721 754335 769366 827689 988021 81157 767188 736557 239889 627198 154335 293515 468764 771013 915612 571321 611270 630131 286453 362222 982399 159921 128697 374969 78727 504469 2997 415811 331225 639902 307366 817945 394236 76731 645633 898609 157887 412820 635165 397775 556369 305851 207641 25132 76863 639604 596452 688133 269734 399257 50354
33
559177 695402 143453 154255 199871 146450 570065 47447 786351 877430 865391 696939 954160 27375 111899 628399 956546 747063 542525 512914 52913 750166 538046 646127 906121 650849 334259 175855 566457 900964 944339 641986 596366
43
796240 312588 750592 366305 360034 53295 243734 741776 266585 714246 769150 378483 858996 725695 641897 401520 238608 694809 668037 293005 857287 574158 460206 191546 266364 543014 92509 727054 184999 205226 331196 981239 34165 81788 347543 910550 135082 107628 652325 918018 338225 421474 296500
20
147168 938396 115092 902128 149556 299480 711484 6842 873637 171689 714739 656352 714703 807248 383405 899701 528825 714601 397291 562990
40
744833 473539 964173 368813 125864 882190 223389 547337 178689 936961 210857 633436 52052 629336 299343 351531 340819 306184 741520 512508 537275 397871 743562 344522 297628 159614 873346 12228 556905 952687 324967 818089 426226 805491 703253 552089 687680 926642 615777 382720
2
342985 16155
5
972320 315497 299887 313139 138032
6
341998 675306 955629 601911 536179 253256
24
925877 781835 834780 878563 623153 169221 821140 428643 872473 889580 116322 315466 505357 499041 695419 364693 31547 643775 337013 863395 943662 166503 517778 501419
100
709436 973399 110410 245614 226654 388285 687842 524840 739417 82757 147992 908637 903896 92986 297461 793476 725659 612927 815184 224699 824697 179876 772597 468472 33240 152343 928485 199742 670121 429903 224593 379556 403302 851354 141521 146307 755991 345715 187499 495407 428471 851842 404043 332366 944828 217855 125841 670486 830781 941024 411537 171830 637252 700485 640301 670491 852828 85137 386585 522948 515039 611177 418855 434692 978883 76727 97351 734873 938793 801201 230279 367263 653042 150673 699629 597869 368527 341821 784707 715660 799197 712595 887489 436448 413079 44141 623290 265906 129277 9874 305205 160667 137403 240411 111711 116285 317138 209061 367509 255930
61
597787 139545 179654 264811 355525 293875 633337 697345 78581 865348 12893 791175 752836 965692 204253 796976 588982 986511 442604 115207 291715 603271 768961 532126 714981 885245 365615 440393 769105 137896 967005 883243 277440 146658 148053 632964 956884 297742 846661 35464 163089 859553 342990 432277 825245 63595 745604 930578 566457 188208 45784 858171 307830 814745 906648 539162 216341 788614 979554 985446 926510
10
385040 720301 125919 533093 353265 82803 347186 716277 634618 510274
81
493960 942550 433777 557554 688154 364354 124010 392713 926490 498532 700542 741234 921532 239703 473926 710145 735608 975723 636654 714869 360763 356955 840787 410207 226571 439941 757392 459199 74559 267665 551379 568518 726567 985156 642423 931072 865861 282784 323784 792350 781315 24325 49935 702846 264027 523861 412991 515986 499583 565996 230854 376697 922950 71640 786903 665872 27933 544294 125070 102491 328311 192801 187360 54877 177956 829782 985948 43816 628917 309731 352518 410231 850407 402452 629429 630785 926312 42419 146770 942247 124766
23
835295 564068 965614 622198 229939 993546 682843 871361 612388 11153 64161 316099 582381 758468 662232 84680 318635 291148 910762 671152 701379 761168 73604
59
391952 516267 405929 55073 974865 530694 949047 810160 94761 431013 948709 841052 424558 631551 712412 553298 159056 292924 385748 257788 567743 47980 342468 886377 339127 769581 73881 556857 47101 663836 404015 439052 696454 809943 10477 671319 856989 959523 997830 951749 390535 946538 792800 331445 94440 21563 401094 769847 830838 786841 27635 398580 834820 886454 284957 690299 656034 875189 247155
34
539024 167522 658538 235477 493816 669014 423147 350804 144888 420976 302553 51775 883865 611704 383219 978305 149619 300664 748151 980456 87504 292137 379036 438676 178590 180344 645326 834624 571884 408832 54109 110907 576353 712646
83
70169 898011 769530 420972 42899 706857 239876 94673 590722 367932 994243 85378 517550 811258 833528 14357 415113 125665 909744 853788 820606 606439 15465 655229 178322 424297 709338 289228 649 938335 151963 587169 836346 437844 8141 395596 144700 764368 6620 251773 132299 517214 337150 166200 328471 687030 180557 743583 329046 606652 113723 149651 213091 129187 321232 391412 553483 546921 196992 70484 485255 865306 657652 837952 303149 182144 749899 964200 946512 756518 732325 595162 790083 69474 277714 118553 756503 458270 378488 85548 64921 8562 751551
63
137748 72782 185775 207583 136054 899118 278066 137660 764423 452069 975612 583923 634213 725510 64474 97076 998380 796798 208589 788462 382624 486302 423367 655478 944571 318206 257378 525844 326767 8928 836558 980866 598061 538684 188448 734114 437801 982865 871773 718575 434934 363736 818849 69146 605598 883323 682573 120329 196472 891161 425142 579095 377463 848508 234573 838385 683065 491950 364228 9831 500877 717138 990697
89
255821 695496 349402 693622 678361 737526 928548 113294 101262 747397 698791 223211 630719 381363 343539 343542 272523 768680 922637 649985 133540 157209 488370 816604 165510 368949 342787 182738 86086 333483 798026 341907 28978 663779 551880 707338 401304 996779 336983 18917 744175 35773 242127 891245 417135 102017 234787 689658 870697 157423 855994 520588 830983 344363 337191 996492 229664 679977 179229 832101 529811 977254 690359 75141 641032 242238 298830 558687 755369 635813 577604 499543 187937 336082 390788 605072 438099 625574 811081 825147 299348 667074 345734 130330 527789 199276 643173 273804 395605
53
105904 925415 832358 796263 516907 989741 554852 815737 548427 310220 451549 642382 809763 155837 494816 716902 760908 449266 858827 88340 274412 158174 755414 136497 804855 799554 852124 964379 589709 247728 303131 695612 173143 135488 8226 206401 125228 563078 22137 673654 389649 990037 832388 715763 145874 327203 432664 423133 776468 807842 511473 567231 966015
38
220079 287221 582791 72202 251599 172499 319930 554729 384462 9424 690216 392688 215824 815443 472117 237961 5449 861765 744349 837836 577528 890222 681390 526543 313355 457857 334385 824827 541439 816751 608064 761517 103972 707206 350070 871922 396056 669999
51
296869 195774 633218 205908 411598 965013 678024 165910 970461 56141 426610 324648 150020 316832 6037 676562 146538 980245 527298 487716 521683 344049 612131 799551 964372 835688 149620 836293 748095 335971 779295 44963 531744 928865 250871 459693 893877 445246 141954 864337 501386 568564 705336 651405 401747 711372 844319 548284 207968 371616 552351
50
232016 164481 45552 712739 168 195171 65384 748262 531141 361030 309576 579237 289894 560446 38929 183770 5692 180883 564458 23429 265798 269793 191186 667544 497516 35504 732179 705483 923471 284529 435132 671839 965361 480683 384577 481880 192206 966312 230141 239698 327342 539716 818934 617235 616514 374215 801005 138557 71449 365462
37
337246 151607 869522 521141 649122 905025 769671 354605 344848 54199 789736 16686 535911 786771 917614 17790 495328 883926 247930 735025 211267 303997 70311 828501 436862 444525 145857 91770 515973 511319 770107 369570 179277 639628 890710 828398 544653
80
183002 405852 230930 489090 422537 766840 792212 340150 300981 287539 224075 65262 538915 951693 369258 125577 296546 322472 86453 442402 414241 602425 470072 184347 488346 649348 823975 379055 477746 884979 555786 660747 290830 786715 666188 229718 69906 458399 569867 370886 262289 310294 436147 801204 778338 321757 443132 74883 160580 529585 517285 574820 648361 987356 275519 136707 636704 99493 32113 630801 500823 587899 807899 791652 890965 474087 537721 477223 932485 107587 848108 194774 934232 800607 512329 712570 638715 955460 787452 799294
96
821088 374113 649757 324796 649631 786463 477851 265475 334927 108651 766297 922825 916549 74300 330142 390635 612020 807364 839472 235959 171823 34245 686542 972429 62925 915463 127495 534736 219267 926788 536132 40354 817253 702240 365149 466883 5054 842999 248710 339980 951649 15006 262805 384550 605658 592946 775184 734029 916661 131007 486339 88483 165251 172881 577264 744527 604695 704758 279263 823961 631546 815394 864315 448798 33985 745815 432032 39038 588814 680741 379017 56814 212099 158173 957715 334108 267470 249251 68136 184130 380257 70827 788965 545508 243707 366228 290034 364753 70985 85648 188714 702530 417393 53028 667679 451377
94
99711 490414 904007 780451 385783 477173 508901 543955 434887 843008 327777 200489 427496 511906 580746 498322 817222 642605 258380 183449 932638 623132 254434 534638 811845 473315 952030 381224 657346 403407 696418 757056 410172 116776 53858 795954 110300 562759 856261 545187 922118 184037 745675 349613 212294 842772 847934 29516 485376 106313 212964 934366 729445 983749 469003 541289 973416 421032 438865 630761 340790 135282 904168 750962 252057 958025 63267 362357 37135 435879 423895 959253 619915 685921 825217 348561 528693 673151 894428 530420 779463 623743 464785 25259 607492 933787 82900 97259 871171 521764 728019 211960 657045 632186
73
425453 106562 58892 304161 143697 494770 728055 619301 631037 930328 444517 979597 975372 634019 874024 505791 413482 14118 970576 955092 137961 420714 37991 235219 808236 76106 479589 20196 249502 111774 15820 674955 734688 591063 979115 394736 85833 223522 14036 716869 670201 974904 212817 645572 608923 603192 667714 538756 617309 154641 10199 755270 575355 48190 506840 383590 640647 986429 920137 890149 614554 452309 565103 349241 43371 60569 743976 645555 800442 274363 362423 470642 765619
91
632565 890893 694782 816631 429648 828443 971271 956198 583712 62977 4387 90551 962919 645034 593331 883055 535182 207885 851715 616636 73477 411438 193556 333805 56992 993998 124519 935767 980991 890137 27357 613556 781029 722139 430186 727028 550581 917808 683226 650644 980785 203964 257546 943703 365349 367229 343109 416882 575113 194824 549869 648589 122613 743425 498745 179604 737422 623264 115370 718412 513400 142727 848319 810781 381217 794856 54160 448149 712664 253737 615144 209800 974053 389041 153502 339401 756269 496610 272635 331381 207785 822503 496322 846749 565927 995066 26353 819700 134681 658074 54464
33
317152 419134 975213 698368 730342 545724 662868 959357 315813 794363 169156 289865 183404 839009 145617 939672 851970 418251 787405 576107 757106 800078 422855 839384 795143 449207 175436 446176 623633 229899 610608 940784 165384
20
155504 895725 647895 818371 855081 963707 612734 540588 769923 312489 379596 915540 252160 231566 850142 555916 807672 607247 355993 230526
83
667488 196085 138418 113663 819717 884668 724270 276852 50051 826441 432355 945776 474335 767078 317208 954394 896163 857796 724316 208651 753743 156207 977162 985308 6349 533078 309331 129947 889070 56209 92929 556557 768645 747698 186571 588361 632365 910840 865212 682416 737280 813919 144543 727967 580996 978102 198712 477158 835897 439379 202160 105992 595586 179321 91299 118286 228750 916982 764584 634172 973190 373865 190728 741834 121562 893651 846546 270279 804490 228109 469046 58122 42027 613588 302440 139374 108041 17503 132883 943938 456881 851394 566281
18
30715 173931 203455 775816 90912 968039 409987 580453 858255 117067 838638 979816 10717 685183 766446 331558 429644 235491
79
988022 365430 208470 127396 473471 225972 776630 933760 199205 628024 500040 768022 175090 673970 487829 950905 281234 972219 877244 861686 830473 994310 700324 326640 5026 901858 93086 336583 331501 328576 242614 835875 210358 967435 479622 200180 193407 256251 133939 392611 400626 150330 676984 92067 340651 681164 559324 621884 653382 436567 999922 483854 430876 700245 810494 952253 118454 903579 805187 966307 748506 564152 802181 475215 531587 281802 675394 241345 54404 325684 633955 971382 476013 827290 63448 333016 508454 622771 954899
35
59337 954820 162041 6564 171416 972534 475168 289870 876112 280355 256176 140969 360858 574708 616184 892444 372861 807929 133788 427264 133613 284094 398645 125977 627736 978445 458992 136189 601215 930243 814375 176904 885062 976415 183467
30
465300 658635 862699 857763 455341 635226 998732 816198 726285 131267 224994 99145 939195 358781 42760 589159 159227 957757 715136 786962 936201 690479 439502 537415 620721 770228 714318 22135 746643 414137
64
211942 72771 974014 69705 44463 609239 584788 377012 335523 232406 602005 951019 171600 960786 993778 277111 636364 951534 992246 423325 887734 682724 862826 941501 819797 633053 655818 841931 896047 586306 436894 624341 175428 927259 210397 219890 52849 795184 596902 388371 543941 198906 855741 715540 676043 849518 509002 312406 317404 501247 252082 205137 700323 631259 146637 36471 780664 318807 878401 676710 421464 831646 817402 596892
4
27798 816781 811752 339333
34
716474 883273 645292 572214 115165 321334 938083 624166 150092 255486 641765 918525 460623 858439 549784 123611 894909 846799 958769 289661 523508 380233 121306 857262 493476 396561 401411 310256 208312 257096 756642 441137 656720 401933
50
288236 239618 467784 428754 389709 723270 586870 824586 700244 445308 890721 340206 856568 737519 815327 146228 777378 195559 783885 634639 689034 180445 36050 515641 388756 809497 272282 346244 466216 190566 875945 754452 430184 343728 699557 336244 66997 286426 160829 283592 731733 51549 623798 104652 789067 439124 250879 566445 151034 34763
83
356419 215207 753484 388411 120314 79332 177045 466557 61900 367610 342501 816351 797793 202580 32259 134037 269577 318684 294865 69520 566768 862766 209669 671419 651832 648792 438649 734628 316177 989763 452063 188947 721321 721898 93710 841634 801230 270754 824542 863129 638363 683394 195831 952508 885973 228089 602896 671901 63124 897760 741421 629891 276877 951089 817661 445061 116233 256309 179688 948761 246071 631750 137708 967391 353648 231417 325376 154877 18522 666269 534357 656884 349662 730187 125743 235634 474627 728638 423887 537750 142750 165307 167640
26
632747 501652 864686 748979 274312 44374 697740 520382 676123 351799 4124 546122 583215 845851 217350 601736 512119 751706 774971 378132 481892 417066 613765 472870 145703 554003
19
288452 719309 694610 224430 352056 196261 89115 617386 470572 649840 315125 507305 842315 183275 27780 388436 766489 873630 605786
76
902100 873843 175899 280231 872087 592964 410348 344956 738666 964350 871927 543470 200011 566536 767899 68418 279149 373365 685803 266072 23205 517280 289729 381871 700554 317508 286658 983395 707490 408795 867970 125941 282638 560220 922524 154724 153183 332871 16031 408201 813572 887957 951670 13582 454493 235920 598351 249993 609284 284154 516064 148840 801433 805792 47062 18338 639652 333720 1732 863493 742514 386054 989433 25151 946273 911956 696226 615808 761178 712257 24008 574750 600213 492029 104683 571057
100
703034 821049 369935 503539 853465 518775 304971 175608 565836 839660 815259 899555 841392 678751 158421 227445 184536 183571 173717 612843 396149 305876 374021 108405 329883 948770 224969 338263 569804 796026 582562 789189 133426 952497 292727 986890 987623 597697 678850 69810 953709 494108 969365 795100 689211 644137 538896 390098 827707 712612 2940 740207 18488 376960 848611 864722 842081 73580 202985 928237 385957 301898 717425 35734 254394 10152 538976 242016 124200 217825 311826 77908 228284 797542 873007 433846 441678 411902 823943 785736 640866 826883 525943 175705 720194 890905 556778 78627 480836 276114 6863 866792 578012 724287 418878 832405 734438 957853 590773 858638
77
418950 936545 403960 732843 325904 837806 690872 737805 178100 992959 895022 4982 35253 587078 241528 926158 143856 320154 406993 419969 843368 790137 997980 567654 209014 346737 302092 166866 453861 677081 858894 872810 613625 262853 605652 455880 617010 812875 710037 795110 805833 605058 316443 841086 192136 557970 767243 852343 394475 690587 272311 237842 997075 786643 805496 722440 133379 623939 405657 587239 301019 264550 976400 430995 43755 98403 403227 660764 911277 113263 972225 233461 234672 288668 74546 943159 362989
40
795501 757464 565079 584164 511657 562153 370806 833504 800945 20536 457442 206601 124126 274812 987503 100525 222159 547609 715279 625385 208372 142907 254999 180597 376367 489670 985616 450913 949181 348604 325404 744681 106067 890482 845196 134076 968987 216001 967579 769931
36
425021 492883 877013 216184 996737 493889 954694 544345 209167 580078 269069 352073 351428 449665 244792 357450 951632 212056 306630 300235 537459 567662 922654 427941 412858 56729 396927 628858 24307 683209 381746 965679 176091 775110 181863 172828
99
136556 717172 478165 232986 986240 346590 584413 952256 591381 941862 903887 803436 764843 204122 857246 332505 126775 285186 745362 183503 198464 890571 207809 881672 788668 173488 57763 563778 871702 746942 832776 8257 464113 827292 757594 966705 690233 858359 918960 797965 316572 339199 601400 81415 543320 974998 413919 186446 260183 675632 369948 974999 82554 94108 856670 871222 783947 430784 951351 655648 177725 300478 180257 158190 644121 454202 124894 334354 312560 43853 132318 629132 383051 250070 226898 442722 225067 640816 629167 1601 832799 515466 976599 915352 125926 349621 302925 426224 780404 254275 598224 474481 71104 778480 632670 715225 749033 757563 565930
93
317767 698247 207076 217170 464668 433973 659891 206086 591140 805410 724039 423938 837227 700637 855641 479504 566609 158566 905728 347013 929192 503951 821493 516648 798782 970514 231872 547814 728076 314153 609406 45842 528751 332833 263011 993419 766805 439254 715856 357944 761015 439894 298233 598241 656883 153874 77745 223491 312439 499824 86855 757982 3774 424699 274629 802555 395212 22852 350368 123287 337004 476126 685481 865755 808958 464843 375525 92115 904096 607732 450058 665110 47626 264643 779703 704508 418516 373799 444350 247306 873622 531205 5287 393747 955903 796268 196301 867467 819119 63020 990753 156123 539145
85
538229 864455 657428 430105 956569 77875 37836 406626 742985 601813 187620 39039 306320 606135 929189 750670 369792 802810 798226 375079 712908 270480 687698 909208 137946 506816 972227 645051 179290 27724 837635 233870 892178 495062 663974 848746 89289 218162 771723 348625 819974 959343 387663 642646 81829 316851 393315 451621 636012 707892 343051 348919 978371 30748 774478 116317 537563 263056 761367 233205 290779 115353 467074 699308 126767 647400 548053 216055 865561 836128 564679 201886 311822 952341 844531 393650 785543 754197 361622 937906 462088 704672 803176 956811 251771
53
73127 305686 357060 350845 538890 647839 466197 522315 347146 592963 169714 411551 809017 551626 764030 373695 753512 75851 842387 114394 985852 144281 384943 347474 598538 363382 568497 401713 320192 820268 495717 393318 125953 852777 260514 181194 500615 726711 703508 364112 836025 873222 292014 645042 941199 56043 535088 211062 131893 893827 325456 117745 554459
50
465218 152997 590131 550066 554709 910323 370333 566778 819992 12637 419554 80506 193830 436520 807216 413690 800631 643240 803263 608997 804633 744461 665039 856073 955523 796932 266251 797330 431028 820709 24079 412597 973705 614209 962662 44766 40883 849347 611543 860875 861983 547448 941380 572165 983967 264947 985854 300949 424538 789116
