53 37 36 52
84 57 91 82
87 30 51 47
46 100 67 14
123104146 909098551 275015013 985172955
552144573 573840161 928912521 21746215
866623 44958 3814049 431
667701 25296 9288515 947
656264 1105 1337043 109
329820 27460 1780655 774
534559638 970539280 169649301 138277795
661894853 865439987 923286695 310752738
25 99 3 72
79 54 5 84
1 1 1 1
7 62 12 52
58183693 863391525 156081621 539129357
245797702 832661926 186862759 797942274
259018438 968291632 819688489 793578076
60 61 77 65
49 12 68 32
20 58 66 44
5 46 339 268114466
6 21 105 490780305
5 43 733 196099567
104196842 751507408 319018747 329989135
899880673 838245708 946886026 643324445
226069308 484182800 557646914 201689805
1 100 495 181540894
2 57 552 829346727
2 74 772 44544395
5 33 970 545512269
1 43 520 306037637
8 10 103 229222625
3 59 930 344325187
1000000000 1000000000 1000000000 1000000000
282449 10550 9077770 831
974900 75074 6092699 12
850383 3654 3790598 518
200630 36708 1657078 430
247258 51199 2525260 509
26272 34311 9238520 895
30225121 2798 236 81732
64378780 579 505 92813
68921610 6422 368 319
78739479 420 861 40311
3747824 3866 553 31176
31381892 7008 562 38790
8099582 7540 532 37002
0 0 0 0
