655.68

10.81

44.33

531.56

198.68

170.28

123.08

488.47

-19.14

154.52

513.17

-45.62

623.53

160.82

-204.84

725.18

466.08

-19.31

-37.79

160.95

357.25

-63.55

417.52

196.69

16.39

29.05

-324.41

108.68

628.57

45.31

338.00

208.00

505.83

-454.39

255.56

-385.53

-256.06

482.92

-341.65

338.81

399.53

365.76

29.24

668.97

426.64

-7.27

-158.77

56.22

-370.99

331.52

183.01

827.05

378.63

349.85

-91.00

-541.80

-320.06

-108.76

-290.95

-128.04

643.35

82.97

70.28

315.15

-283.28

-150.41

-104.69

486.21

194.06

431.33

-91.56

89.54

579.82

-290.78

-298.67

268.64

-223.76

-224.77

128.44

368.86

236.17

-220.26

345.73

176.83

453.12

82.46

106.44

538.34

-86.15

494.44

800.57

713.25

178.74

197.14

-16.41

8.00

346.68

-145.49

205.36

293.52
