96.38554217
305.00000000
11.70731707
73.75000000
IMPOSSIBLE
3.87878788
142.57425743
194.46153846
411.42857143
IMPOSSIBLE
14.54545455
67.28205128
65.45454545
75.15151515
32.20779221
23.33333333
IMPOSSIBLE
138.94736842
3968.00000000
40.00000000
28.23529412
122.50000000
64.88479263
185.00000000
127.77777778
560.00000000
42.10526316
65.00000000
32.00000000
322.80701754
11.22807018
118.51851852
26.12244898
131.52542373
57.67441860
70.45871560
877.24137931
28.64197531
400.00000000
37.44680851
462.22222222
99.76470588
110.31055901
45.71428571
1760.00000000
IMPOSSIBLE
3573.33333333
757.33333333
5.92592593
83.20000000
320.00000000
392.72727273
92.12121212
875.29411765
35.25423729
400.00000000
190.68493151
33.39130435
79.29203540
184.00000000
113.96491228
270.00000000
64.00000000
18.33333333
