20
4 6
57 105 175 245
50 99 141 172 214 245
14 3
35 56 83 118 138 172 213 251 291 327 365 400 434 462
146 307 462
10 20
193 470 664 901 1107 1303 1531 1745 1956 2185
133 237 333 454 561 676 823 929 1043 1152 1239 1349 1469 1567 1677 1768 1858 1975 2072 2185
19 18
173 371 554 729 935 1102 1294 1489 1663 1871 2041 2258 2451 2634 2818 3005 3201 3388 3555
190 360 579 791 979 1153 1352 1547 1745 1994 2200 2375 2569 2730 2932 3170 3379 3555
20 18
154 300 498 643 808 1006 1179 1398 1616 1824 1971 2149 2345 2510 2713 2924 3151 3311 3469 3667
270 483 681 928 1117 1314 1536 1684 1868 2110 2331 2492 2689 2884 3089 3238 3466 3667
12 18
153 323 539 681 886 1077 1275 1464 1651 1865 2014 2219
116 256 371 518 626 763 884 1029 1133 1239 1384 1509 1635 1745 1886 2000 2091 2219
18 14
141 288 429 603 764 902 1049 1168 1298 1458 1606 1755 1894 2091 2271 2414 2595 2739
205 418 671 844 1061 1253 1467 1672 1854 2033 2183 2352 2546 2739
3 12
105 257 385
37 51 92 113 159 193 225 261 278 298 350 385
16 8
73 157 229 320 423 519 605 707 751 868 937 1048 1137 1176 1235 1300
180 357 554 693 828 982 1128 1300
2 16
199 321
22 35 59 85 100 135 154 159 182 213 239 252 279 298 308 321
12 10
125 230 349 455 567 667 794 902 1039 1151 1254 1352
153 309 453 566 698 834 999 1121 1262 1352
11 1
8 24 26 45 63 76 95 101 111 126 145
145
7 4
49 85 101 155 210 259 281
76 160 207 281
16 5
35 89 145 202 263 334 387 435 482 542 596 645 692 749 809 842
188 332 504 685 842
9 18
209 398 571 776 942 1157 1383 1509 1669
109 211 287 370 446 538 630 717 842 931 1038 1127 1202 1294 1403 1485 1577 1669
8 3
36 64 102 150 177 227 254 278
77 172 278
7 8
118 204 292 410 497 608 689
95 176 298 389 451 525 599 689
13 3
26 58 109 134 170 193 231 256 264 290 335 348 401
104 234 401
17 8
82 164 258 362 450 546 623 711 810 890 992 1101 1171 1239 1318 1402 1506
213 429 607 770 934 1118 1302 1506
2 9
91 157
22 46 55 63 77 90 119 140 157
