442816 -2403124 4322232 -3144816 780192
483759 -579536 -981611 1241964 -220320
213840 -394254 -255564 275478 19380
1581712 2081552 -856484 -1089636 158688
63504 86604 -558920 -254748 867560
63168 -46496 -879712 1560864 -626400
235224 1444608 2816088 1750320 0
48906 -25242 -215156 113512 53040
75600 1901970 2910915 -919800 -2131920
186480 49992 -730152 425592 75768
661248 -2309432 1289642 828197 -579275
337920 -191616 -570864 186336 13824
74784 357024 -72498 -356754 134064
4230 194349 497306 -1651721 34916
369600 923020 -220353 -690025 -191142
1100550 -751463 -759877 526111 -15225
151380 -1194133 -1238271 2412945 2305703
299628 732874 -599734 -1071676 -98192
801550 1209166 -1307790 -1622950 215000
39600 -620655 1980102 3207960 -508032
456412 -530838 -391790 556596 -141680
51840 358272 772896 552960 124800
62700 2328566 2594276 906384 100224
289408 -677908 -1533574 862498 1403556
836400 2274362 439008 -1985702 -914940
1540862 2787408 -1483394 -1940604 271728
42140 442954 1144930 241328 -380952
792000 590440 69276 -30130 -5775
185472 739256 870520 319200 0
42527 -998288 -1701245 1925006 1293600
241080 2345744 4453160 1504656 -570240
311850 -1771335 2459619 -926478 0
24948 63828 59571 23787 3366
749455 156513 -1179976 -884688 -169344
262072 -3016436 -1653576 1358784 -114048
9216 357888 -3119988 -3766731 -223146
153032 544773 -216334 -723225 -253750
103488 -38444 -57848 -10976 0
15360 257408 -199968 -10640 0
1680000 -4882400 4359760 -1236032 101136
510048 417536 -2453640 -2241848 0
1428030 -1548570 -2185300 2830640 -524800
394800 -1451750 -814350 1293000 -299200
290225 1121888 989725 312538 32760
758880 177816 -1321840 328104 57040
115440 662650 683270 -759260 151200
1085280 1194112 -955168 -699200 364800
8778 -51741 5019 304173 -337365
109440 -685056 1302816 -912576 183456
31200 301541 131803 -529269 -319275
927360 -3779496 3182305 1915207 -1269884
1280664 313236 -1786974 -269521 92120
1092896 -139581 -857919 263044 33600
39520 355717 389229 -288882 -373464
50400 -310660 174881 481397 -401310
51744 117992 -256172 -123480 0
914760 2069496 -1192818 -864798 386100
416250 -1393500 1462674 -513696 32760
154440 -32124 -1381968 572916 1510272
825968 1582092 -435988 -1799613 -657271
99792 210276 -410256 11385 64350
7200 -123420 -114234 54186 -5292
48384 42144 -375664 143280 239200
331632 1895712 2644716 -149532 -1408008
15810 -461214 -394710 61326 77220
319680 3538848 7412640 5503488 1320960
187680 606576 611952 145824 -47232
84480 -129312 28632 26208 -7938
96040 855197 1545866 916813 138744
188650 -75089 -495042 32895 52650
2808 -61386 -525057 1130181 1591044
4370 124405 -72230 -139345 0
301056 -16128 -751422 195867 264957
1660416 -1353248 -2850016 -504192 201600
380800 -303392 -211520 156576 -22464
684981 279213 -809941 -266893 160160
1904040 4957865 4810060 2062475 330000
322344 -1478202 -3266436 -1860942 -295260
104448 137088 -217056 -146880 0
440000 -1566000 -1143200 2004720 433440
58548 -751471 1594971 -848736 78988
1611414 745395 -817999 -295330 -23800
280800 1368690 -784475 -4461610 -454725
114400 -36440 -1201480 -648070 1381590
11385 28437 -22677 -66297 0
33005 -210668 278442 -33268 -11063
38130 -213774 -73062 815982 637140
12240 53876 -109878 45274 1428
412698 -1393561 269662 781216 88160
729000 -751275 -725625 652050 -102600
141696 -1213740 1500120 499860 -904176
57624 246274 -1047375 1017387 -273910
407376 565056 -2056212 -23976 693036
6750 -18075 -69045 118218 60648
5200 -85620 253676 -258744 82368
138240 421056 260016 28464 864
487968 -1346236 332810 1239608 -714150
1171800 -3981060 4361580 -1421640 -125280
1594950 275912 -1032750 -257112 -9880
887040 318720 -1743440 -1410720 -235600
