11 -6
16 -43
17 -18
148 -168

19 -17
23 -36
27 40
41 -9

9 -19
11 10
15 1
144 -102

19 24
22 -3
22 19
172 -116

4 -5
7 23
21 -46
108 164

1 -3
6 25
7 -9
1504 -928

1 0
9 17
9 26
2904 3960

1 -2
19 39
33 10
78 -68

2 47
3 4
5 -4
2520 2835

3 7
7 1
10 -11
888 -984

18 -47
28 17
32 -25
41 -29

5 6
8 -3
11 -16
768 48

4 -3
4 19
19 -8
246 294

1 43
6 29
15 -28
47 -1

5 2
15 37
16 9
308 -287

25 21
29 -25
33 -1
46 -29

1 1
5 -43
29 -43
1044 1247

7 19
18 17
29 -38
82 8

17 -20
23 25
25 43
82 -10

5 -48
5 -36
11 14
144 -21

11 -5
22 23
23 -28
82 -44

2 1
2 5
3 10
4320 2496

1 36
19 6
33 8
100 58

2 -7
17 22
19 -21
448 434

1 2
24 13
25 -23
1394 1530

19 37
23 -3
41 34
86 -72

2 13
5 18
43 37
98 -44

18 5
22 -5
40 11
50 21

1 0
9 20
16 15
1288 1064

1 -25
23 49
43 -48
43 22

3 22
5 9
41 -9
392 320

1 0
11 -42
30 -19
945 -1161

3 1
3 2
14 11
198 153

5 3
19 -28
23 8
343 252

1 -12
34 33
41 -4
188 -72

1 46
4 -33
16 1
144 147

8 29
11 -14
37 25
47 25

1 0
7 2
11 4
1344 -1372

1 0
2 35
20 1
384 -304

7 -1
20 -21
25 -7
480 -688

1 0
9 19
22 -49
2576 2408

1 -1
3 4
27 -32
17630 -4100

1 -4
7 8
24 -11
2350 -850

13 36
19 5
25 7
47 26

1 -1
12 -5
15 23
4216 496

3 -1
8 27
13 40
370 -140

1 1
5 -3
17 20
12768 -6080

2 -3
7 17
11 -49
57 -135

2 -7
3 -1
5 -7
3648 -3744

1 9
25 -33
32 43
39 25

3 -7
23 -44
40 -19
336 217

6 -1
22 7
33 40
294 -329

17 16
32 -21
41 4
49 -25

5 38
13 -12
19 21
32 39

4 5
5 -26
8 -9
315 -343

1 0
2 7
11 -18
2352 980

3 2
5 13
22 -9
2772 -1650

3 -5
25 -26
25 -14
222 -18

9 -23
10 9
11 32
156 -228

19 17
26 41
38 -41
44 23

2 -1
3 10
12 -13
1386 495

1 -18
5 -1
6 -1
240 294

3 10
8 5
9 -13
224 -368

2 7
14 17
21 34
564 -348

1 -30
5 3
17 11
186 -78

2 1
5 43
9 8
3552 3840

1 1
5 6
23 -4
1632 1968

4 -3
10 -9
16 7
132 -42

7 47
8 9
35 8
49 41

7 10
22 -39
25 -9
49 15

1 -28
1 1
4 31
702 -1833

1 0
1 29
23 -31
190 155

2 1
7 11
32 -31
672 -777

3 2
16 -3
23 -42
1504 800

1 -1
17 13
25 -6
896 -288

3 -1
17 13
33 -32
407 385

8 5
27 16
41 33
215 125

3 -19
11 7
37 10
264 222

1 0
1 2
4 -5
26112 14688

5 1
5 6
11 -43
1600 -1680

3 -31
4 -7
17 -2
287 -182

6 5
27 5
29 4
343 -238

5 9
9 43
26 -47
240 25

2 -7
13 27
20 -17
220 430

1 0
5 11
23 41
99 -147

5 -23
7 1
23 -37
41 -13

1 -5
1 1
5 -14
7626 9102

1 6
9 -7
20 -17
68 2

13 -38
26 -29
33 4
37 20

1 1
3 -4
9 -2
27000 -12825

1 -7
3 -4
32 23
1476 -1404

1 -1
6 43
7 -10
1372 -637

1 3
2 -3
41 23
4968 -3348

1 -4
5 14
10 -19
135 57

1 -13
5 -6
13 -8
80 -132

3 2
4 9
15 1
768 48

1 -1
13 -25
24 23
1564 -1242

3 -4
5 -6
14 1
5580 -5220

21 1
25 19
31 -26
98 20

1 1
12 -19
21 5
3520 2480

