14 88 429 13 89 87 81 301 70 689 44 94 1235 36 67 88 14 48 48 70 7 7 14 95 4 25 43 22 61 73 94 29 751 50 122 13 81 148 69 6 44 91 26 1356 22 51 3163 18 410 2328 11 33 80 16 2 32 59 94 223 363 50 13 571 132 77 0 993 66 47 14 51 1 98 61 75 41 1777 6 73 47 670 31 27 28 45 48 0 35 98 1599 48 47 63
81 458 72 7 1328 66 61 35 68 24 82 1090 556 54 893 1426 543 0 79 16 34 1728 59 341 18 8 88 86 30 2 66 388 78 620 47 132 37 21 30 14 47 335 3787 37 12 19 167 313 20 38 18 90 168 95 82 11 34 15 16 65 581 61 56 518 0 18 14 51 48 32 43 76 421 2763 38 27 98 58 84 42 69 99 54 83 35 60 507 122 1426 14 69 194 25
26 23 71 55 56 40 55 27 5 28 10 41 22 38 57 69 302 127 812 48 72 82 20 152 93 72 98 820 15 51 161 87 18 358 13 222 42 499 816 71 74 47 35 92 2 79 166 415 1 8 54 627 74 102 91 79 55 175 17 98 53 86 12 132 5 15 48 72 64 76 59 60 1782 76 45 93 75 11 207 31 18 77 36 41 48 120 4 206 221 292 90 82 81
314 76 1047 1610 67 213 98 203 672 34 362 1625 65 183 34 51 65 50 23 366 105 17 154 108 73 410 115 92 155 11 41 62 7 64 45 14 199 21 13 22 77 2254 528 351 169 244 390 18 97 91 1697 13 62 37 109 8 152 82 113 20 45 33 76 64 900 25 23 737 89 94 30 1777 181 1671 19 1548 371 147 48 261 146 12 53 70 70 44 22 45 64 98 399 36 449
7 88 93 152 16 69 0 85 171 88 163 2 63 32 2267 1363 687 72 6 67 70 77 13 37 24 571 62 111 83 22 70 649 66 20 74 920 76 1909 265 94 216 59 160 90 274 67 43 92 2266 1444 239 1090 238 20 97 23 504 33 601 50 7 36 7 75 24 88 424 87 16 215 74 7 3 39 301 53 8 13 3 24 95 56 156 154 36 42 46 229 62 58 30 0 30
65 2275 255 1 87 92 69 12 90 144 90 131 73 71 816 44 140 61 48 97 21 1814 8 174 114 82 54 55 62 76 258 28 72 144 52 1226 58 33 88 106 64 66 106 274 273 454 187 334 54 26 346 33 51 86 66 112 38 48 97 54 66 44 638 160 500 620 175 7 96 3474 729 67 33 85 720 29 10 92 14 2465 253 91 6 96 66 113 71 33 72 136 47 124 296
51 16 86 80 383 13 2999 29 274 38 41 41 293 0 20 21 21 11 39 96 73 156 224 63 86 297 3913 1048 3 416 226 61 675 200 627 86 77 51 42 39 57 83 705 2679 9 93 40 5 2999 187 949 3 2 62 29 165 92 2289 47 1503 97 2351 327 149 243 64 134 56 4 83 260 79 154 366 848 108 2135 74 87 98 170 31 18 55 98 12 138 587 83 156 37 90 35
171 29 16 18 69 425 12 36 77 155 48 95 90 713 27 87 23 160 282 90 83 15 65 51 97 23 73 58 126 68 22 38 12 660 86 44 67 68 220 60 181 77 43 32 482 26 48 2812 114 1061 226 36 545 81 254 791 3 30 76 4 83 244 7 691 130 84 87 51 47 27 54 123 17 1144 21 79 38 602 42 2908 65 1269 2875 133 92 471 95 1280 50 35 34 38 83
368 84 316 17 776 566 79 23 736 268 72 67 188 32 7 10 315 35 12 70 371 1443 53 18 69 13 1042 546 29 0 1095 48 1192 85 1646 1266 11 92 84 1510 75 7 56 2 101 3061 75 304 225 110 77 939 62 240 82 24 31 82 38 59 80 74 11 16 70 1112 2567 40 188 165 62 59 9 29 55 75 193 78 316 51 229 84 36 509 91 582 60 88 88 21 60 1928 33
133 58 14 33 93 604 998 56 14 60 17 60 30 101 341 1224 11 82 25 1675 1 22 93 259 131 51 48 957 12 342 737 36 54 40 86 94 343 2 9 2122 66 66 76 42 16 12 89 50 152 0 18 46 36 25 156 435 421 1664 166 84 79 44 132 500 1128 265 489 665 504 30 41 20 71 2666 672 29 61 2727 90 80 3 22 60 12 83 198 40 79 40 198 95 99 489
816 73 5 43 152 80 98 90 5 62 114 319 17 10 2410 50 1966 67 91 33 127 1535 38 1208 395 59 163 65 1139 151 44 48 55 53 62 68 58 7 1 59 22 70 8 98 83 149 130 3311 82 70 44 333 50 751 58 53 99 161 88 269 21 79 80 17 60 17 74 85 11 63 118 33 18 5 23 71 152 308 45 22 60 51 65 8 16 12 67 427 88 36 76 48 1138
19 2569 54 81 1312 1060 165 29 2 55 155 1340 41 328 94 68 84 90 213 115 50 95 77 1426 4 1548 76 98 26 315 146 8 12 1440 59 436 116 40 23 3046 156 18 55 98 91 72 80 40 47 89 2174 49 7 61 371 100 49 31 274 58 539 37 29 37 3507 50 99 44 52 528 83 114 81 35 70 1112 81 24 257 73 1301 35 49 46 23 43 98 5 203 22 60 79 8
45 71 1138 150 33 5 1572 64 61 864 24 51 59 64 0 824 48 88 86 63 1747 131 87 1523 80 120 21 26 58 1006 4 1306 44 47 94 351 71 32 33 94 1384 1 1052 65 6 104 38 60 29 45 41 86 601 287 90 97 43 94 14 33 81 3 98 97 81 33 9 88 95 55 99 31 1227 1117 10 8 735 81 19 19 82 0 69 87 69 60 858 342 3229 96 27 36 20
39 1348 323 33 92 80 0 43 2374 112 69 5 85 423 817 45 96 119 14 56 156 56 24 10 184 71 46 43 50 17 27 41 11 302 136 93 4 11 92 209 63 79 92 7 8 64 48 25 315 20 576 274 23 105 12 833 54 4 31 139 55 57 82 61 49 84 5 104 43 37 145 539 430 95 18 336 43 634 2719 50 412 38 3 251 48 455 3 23 58 44 181 72 112
104 41 20 198 32 178 67 21 40 87 68 61 342 13 79 800 1301 447 75 125 30 44 70 531 113 1052 1 41 171 11 1420 16 2359 835 304 10 171 561 91 1140 45 68 75 46 53 53 68 21 99 1 60 22 55 19 211 24 139 29 91 38 176 69 76 55 74 46 37 98 52 79 90 59 99 15 1658 33 481 1671 59 3 323 77 44 668 150 91 35 1355 28 172 49 46 2207
70 71 2723 55 123 88 43 92 31 6 231 0 78 50 66 3573 54 161 21 17 60 54 94 1132 49 19 29 43 66 55 111 342 98 69 45 11 202 63 83 36 3 45 90 156 718 293 72 69 77 90 36 89 25 45 53 91 108 25 33 67 88 24 3217 7 99 73 32 24 22 599 18 178 91 37 29 22 68 307 21 11 998 249 124 82 1198 745 95 98 18 4 64 44 180
512 8 128 20 51 93 31 117 24 163 1028 70 26 27 88 42 38 18 13 112 271 57 88 84 38 51 11 18 365 59 47 52 99 32 125 22 97 73 44 0 3299 42 25 75 23 16 46 96 23 1444 55 80 5 489 137 60 59 5 65 18 96 47 88 342 2267 427 1324 16 0 196 61 58 63 1606 5 96 160 17 152 100 60 759 4 50 181 68 8 93 56 78 41 64 495
54 147 16 90 99 126 15 92 8 18 98 98 94 12 187 93 216 246 1042 193 21 364 2 78 48 70 54 24 301 22 82 68 58 385 38 292 147 99 25 55 356 10 9 84 1 485 41 31 92 332 18 81 108 164 100 62 168 90 20 87 35 335 19 59 37 79 41 45 85 783 378 89 80 75 50 29 95 81 24 470 15 65 1348 61 122 167 155 214 1151 92 544 87 16
82 344 26 174 53 186 59 843 143 21 86 36 81 98 28 76 323 596 872 73 107 74 14 37 142 88 57 19 49 62 94 224 66 21 51 79 439 33 104 78 81 253 97 227 99 85 75 657 4 660 92 74 49 58 53 22 20 92 31 341 262 8 117 596 21 288 89 32 19 474 92 71 95 65 351 152 88 1247 50 3 104 33 16 33 67 66 360 37 5 153 9 81 16
31 444 90 45 64 516 1439 69 960 254 159 86 319 32 45 72 687 71 228 88 222 87 21 80 1042 91 100 1907 66 7 32 50 54 1275 2579 2498 33 20 172 412 32 73 2136 1507 21 693 52 65 45 5 43 103 71 382 102 143 73 78 6 87 50 91 30 170 25 3 59 38 47 623 16 35 3 14 85 2565 118 63 78 21 95 94 229 79 46 416 84 66 67 169 40 66 161
145 20 1281 5 16 51 56 57 11 57 175 30 96 46 95 97 69 101 47 28 200 77 477 155 2068 88 76 856 56 57 30 10 114 68 23 32 232 76 392 28 10 82 954 1453 217 35 218 124 158 214 144 118 71 82 68 74 50 33 224 170 1058 18 1666 155 147 92 43 8 90 28 224 46 2295 173 92 128 74 30 88 695 170 63 77 78 31 29 82 37 305 76 452 97 42
173 94 31 30 86 33 146 0 189 18 62 98 570 1089 2549 72 77 42 12 93 17 9 517 75 419 54 79 66 45 76 67 0 42 283 785 1122 6 41 14 63 100 98 70 46 50 33 69 12 55 16 235 133 79 17 693 3093 69 729 315 38 60 81 5 1048 14 278 103 73 23 5 296 1306 391 98 4140 27 15 6 78 583 68 411 156 247 46 38 134 271 60 4201 4 5 452
328 48 752 441 26 70 64 29 17 14 759 23 7 38 82 1042 74 53 87 51 3783 409 86 96 2420 131 382 77 42 3 44 16 10 48 47 304 18 316 83 15 56 19 96 16 93 74 8 247 566 20 87 124 18 94 87 65 2723 49 24 60 91 81 12 91 62 895 100 66 60 1382 243 50 26 16 313 10 45 124 74 50 8 222 95 29 113 94 278 9 12 13 62 67 85
82 61 85 2404 3865 50 88 3783 90 38 261 13 32 93 111 35 214 88 36 185 29 103 672 150 48 79 52 62 70 21 204 318 112 14 9 45 56 66 574 91 69 288 19 62 70 63 117 64 33 83 142 94 56 19 240 16 83 416 95 26 80 12 729 11 1757 342 138 232 0 48 10 1564 93 31 99 39 76 3 693 53 65 738 528 64 928 239 62 39 28 82 14 95 25
189 626 42 39 225 42 48 23 26 114 578 5 59 156 88 11 342 23 104 1048 32 82 96 1306 1198 57 173 27 2323 100 54 5 223 4162 249 82 341 203 7 23 14 26 175 1028 60 9 11 62 161 163 198 81 20 412 23 9 72 88 1449 85 415 91 92 213 236 15 77 11 27 91 71 56 776 92 34 130 31 35 607 4 18 31 1308 74 8 55 87 151 18 55 93 5311 2052
70 20 60 261 150 67 63 438 4 60 92 8 1426 99 342 16 302 98 19 40 4 2 96 41 51 81 11 96 1074 130 17 3407 246 46 17 410 51 83 62 153 390 164 72 64 454 16 40 3 16 80 305 375 1735 159 90 14 5 80 1224 14 76 279 15 42 378 1400 5 1109 36 336 29 55 82 7 8 15 95 69 29 3772 15 26 45 94 64 4 302 1173 137 22 1227 502 117
