-1.00000
0
0.00000
0
1.00000
0
0.50000
502
0.50000
1846
0.50000
6862
0.50000
25738
0.50000
369510
0.50000
236529163129722846
0.50000
4096303253978979428670325005961650088792849775962794067640765275343496372404167511657865988365220412402929532639996047384830963596009049584036095099538523157126025793268641294297023047905033024555371772230790925122958147573369283088890672352275401477113476291792601426130209119190289597774924127374370291036571023463325525073275461693658645107780994877189628635100615675928887416201703274496549255828340332397675296816870828616355718940754931303769510293614993893498476060662036374465960193371349171205050998202362270507069317775883933307349809022612220192623812540685004586311822217953467927982298238
