10000 100
1978 3495
4042 7862
7153 9344
5506 8286
5054 8045
5217 5842
570 6517
723 841
3470 6455
1292 1714
2721 5663
9987 9996
4097 6455
2292 6589
7187 8974
4959 8361
2167 9617
7974 8166
1638 7522
9251 9877
2099 4272
4376 7763
8139 9436
2918 9246
3250 3939
1478 1556
2581 8143
6311 8856
5797 5901
8691 8944
8280 9342
6304 9941
6806 7258
3921 7992
1918 2811
7214 9029
9722 9914
8759 9126
844 6473
1558 9115
42 6078
71 3529
6578 7918
1378 3931
9134 9323
7442 8640
5801 6679
9944 9981
4256 6004
3134 9083
9120 9691
2269 4587
6092 6361
8792 9605
8932 9534
1037 4367
7536 9533
5746 6747
1640 9970
649 4068
9270 9960
276 4144
5992 8070
9761 9962
6169 9626
577 6019
7397 9514
8291 9768
101 4288
2509 9843
1593 4926
2162 2625
8798 9567
5325 6813
5038 8510
3295 9188
8216 8882
1468 2730
7941 9318
8611 9998
8279 9367
3559 6107
4111 5037
1253 4731
8944 9783
5324 8038
1457 3709
1748 5044
7472 8509
704 4835
7197 8888
8902 8913
1720 6372
1709 3660
5753 8738
5854 6056
1590 5893
3868 5466
1273 7948
4063 8936
