666
9545.22 2760.22
4707.45 3303.2
232.105 6625.59
7558.6 2622.42
11426.1 2314.73
11622.4 10156.7
1886.51 6016.93
12670.1 13057.7
3067.38 10358.1
2536.37 2851.12
6427.51 3811.17
11796.8 6866.18
6668.33 4188.23
314.03 6156.88
9701.89 11447.3
3909.4 8183.05
4716.59 2181.25
8970.5 13378.1
5608.98 12624.4
6849.29 9188.74
2582.92 4559.89
6283.64 8567.44
1870.99 6325.9
4237.48 8731.83
5773.84 2031.67
8593.5 5550.45
4406.97 12343.9
3694.86 13129.5
10404.3 5519.2
3322.06 11489.1
4087.94 77.443
8059.53 9273.69
8771.41 3080.76
616.279 2490.47
8241.05 12250.6
11561.1 7719.24
10940.9 7326.73
1786.41 10364.2
10285 10612.9
12312.6 494.954
8948.49 12846.6
2003.6 4147.91
9891.69 9489.22
13213.8 3177.16
6974.63 4090.04
5824.25 3351.8
12136.9 2573.71
9280.61 848.899
5555.61 10092.6
7345.37 10567.1
7206.41 9114.89
11041.4 9919.85
12543.7 5578.92
7249.56 8857.18
10321.4 10072.9
4831.47 9757.91
10592 9512.18
2788.61 9844.46
593.492 9633.1
109.845 1944.62
8225.31 9636.54
9197.25 2323.21
1692.61 10390.8
3701.17 10411.1
8640.13 6987.9
9542.79 1333.05
10798.1 10262.9
1613.8 11056.6
161.243 2889.14
9138.36 2856.57
10192.1 9788.6
5802.81 3144.5
6566.95 8708.29
4324.01 10444.7
837.719 10.0593
11300.6 10205.8
3679.02 12734.6
532.595 6021.48
12812.2 6973.79
8480.28 4434.6
5233.43 10183.9
5771.1 7818.39
13226.2 9744.94
1804.04 5223.21
9138.57 2748.65
5071.3 11879.9
1514.15 12626.3
6528.74 1042.52
1505.81 11939.7
9552.42 1017.31
873.295 553.861
10555.3 4403.19
8330.21 10428.5
10496.6 158.709
5547.31 5737.55
1448.93 7835.57
6156.14 6944.03
12463.3 1052.77
1878.72 5920.52
13201.5 4788.8
9711.32 10263.8
4613.98 4224.12
8461.38 4584.7
11798.7 10204.4
2093.41 8031.56
13288.8 302.947
4092.28 3581.28
10106.6 7826.98
3675.03 5124.86
6039.55 11743.6
10270.2 2611.38
7083.62 6687.77
9277.97 5269.19
9358.69 12145.9
2057.84 13363
10670.4 2075.73
6529.8 12722.5
194.813 2742.08
4410.21 10544.4
10356.8 4782.31
10287.4 10550.4
251.123 3586.27
7819.72 5737.53
5650.76 2121.46
8796.04 9372.62
2853.74 2266.3
5566.21 9580.11
12759.7 4526.94
7035.01 5394.24
2025.56 9209.16
4541.15 10850
454.801 12273.7
8040.48 387.948
5871.94 5243.7
4335.92 4099.58
12021.5 7915.61
1842.44 2535.67
10623.2 7789
4778.91 3155.02
10525.7 1583.67
5755.77 4570.65
8440.46 6611.06
6768.81 150.075
6169.52 9814.36
9571.32 413.402
2507.11 6881.2
5147.94 10388.7
9106.64 11137.1
4581.63 10113.3
3083.61 9694.92
6428.18 454.761
1150.04 5087.28
6988.48 1606.18
1420.28 9112.05
11543.7 6639.04
9796.54 12718
10403.8 10217.4
10505.1 4577.14
1667.18 11864
2656.5 6613.41
11471.7 9666.66
1869.81 2193.06
4972.87 5465.45
2054.52 2746.27
4771.83 2867.39
11480.6 992.411
13156.1 4581.78
2905.31 6311.17
7376.36 7574.62
3077.8 7238.39
12630.9 11705.2
7850.68 12644
3370.43 6768.42
2804.31 9391.79
8442.95 892.758
9649.4 9469.11
3131.2 12493.4
8510.42 12559.1
5153.2 11855.7
264.573 13091.3
5742.07 2627.81
2082.52 5261.2
8100.14 948.791
6765.81 3092.12
3472.16 12054.8
7738.62 1203.63
9143 10008.7
2049.42 2465.48
891.19 2026.62
347.789 12473
9477.23 294.417
9962.95 13255.8
13389.9 2235
5741.01 2258.64
12839.7 9361.35
11900.7 13108.5
7400.77 12632.1
3861.21 10548.2
11708 3863
6871.43 6260.68
6980.23 1439.83
2532.62 6133.58
7423.42 11917.2
12853.5 10001.4
5407.27 13024.9
8231.97 13170.4
6569.49 9034.65
8749.55 6915.8
13008.5 12842.3
12508.1 1941.66
3302.91 2524.82
181.976 9507.83
2737.64 8445.25
11372.8 6640.27
1158.06 10335.9
2098.03 13129.5
12289.7 4628.77
8559.38 12739.6
6676.1 3948.06
5623.06 6430.28
4250.23 8549.66
10568.3 1590
7560.58 2657.44
2602.74 3310.26
7618.79 6168.28
5808.55 3209.55
6799.49 6389.94
3842.3 2333.73
813.719 5051.93
11028.7 6755.78
8441.17 4562.09
4441.85 5389.38
6361.02 5334.17
3755.61 12648.2
5262.14 7017.51
12582.9 13002.7
5296.14 11549.4
13366.3 2557.84
9928.59 8979.67
4398.03 1306.12
9280.97 3904.52
9378.49 4737.1
6160.12 3176.22
4862.1 2520.19
6243.05 12484.1
9685.83 3052.24
12392.1 1477.3
1838.13 4511.05
3026.46 10495
12434.1 865.39
5739.69 2490.26
5689.49 224.413
4590.31 4980.76
6594.52 6286.17
4539.34 12396.3
7952.32 11629.4
11174.4 6000.34
6162.35 8552.92
2268.2 12272.9
1761.53 3964.97
11024.8 10077.3
10367.7 11148.7
9956.79 2163.29
5337.09 7928.23
5658.05 5633.94
7567.6 8536.99
10615.7 1854.98
4200.33 7220.52
11108.6 7972.88
660.603 6038.19
12102.2 1721.85
13031.8 6357.28
3559.79 2966.78
1930.08 1922.48
5703.32 9440.46
8855.84 13376.8
10325.5 12075.8
1450.28 7439.9
823.961 12385.8
3413.93 991.135
13196.6 10782.1
3244.31 9306.77
6583.52 1862.17
10842.9 13037.7
11535.5 9847.93
9027.08 7265.11
10127.7 884.222
5207.45 12704.2
8971.39 12362.2
6601.89 6149.04
13343.1 11458.3
10527.8 2322.49
9674.51 11803.2
4248.31 9690.5
7715.28 7842.01
11768.5 3645.78
3534.01 9231.02
2545.53 5508.26
6082.65 8717.53
10988.4 8508.46
8089.38 8289.18
7141.44 8168.28
8047.1 7770.51
2459.94 9850.86
9872.39 8612.74
8104.88 11340.3
11177.6 11113.2
8009.06 9748.43
7816.69 3326.64
11140.8 12141
12511.4 8384.99
9432.39 3630.69
5452.61 3367.19
9189.57 8538.23
10134.9 7664.7
6730.69 671.385
7381.92 10909.4
12034.6 11048.1
10769 820.066
1796.79 5917.49
4698.89 2641.28
8618.64 7357.92
6030.89 6840.35
7339.55 6721.6
11393.4 2330.55
3343.61 730.181
302.183 10990.3
6544.73 11265.9
719.524 3457.65
24.0289 6749.58
12270.9 4972.02
6368.22 11927.7
5313.87 2784.62
12551.1 6292.51
7859.94 5058.68
11001 6635.4
6116.11 6775.26
8225.49 12371.1
10085.8 7622.28
9545.12 661.605
8758.79 3192.52
2352.02 9489.41
5691.62 9327.55
5984.27 5769
7915.38 966.598
7080.74 6643.16
2027.4 3344.04
7421.73 3974.95
7108.82 4514.28
11665.4 5190.75
13392.9 726.714
10199.1 8196.49
4449.04 218.253
11265.2 10978.3
568.936 7139.41
9746.58 9910.65
3585.77 5387.67
3041.25 11580
13333.5 82.8503
12354.5 6292.51
10928.4 12129.7
9440.49 2943.04
4415.09 9122.84
9520.6 7711.98
10896.4 12158.4
2904.1 1305.91
5158.81 5797.77
10935.1 106.239
5652.03 3788.22
5684.76 789.149
10274.7 9241.96
1513.31 2528.35
10602.3 2895.49
4037.33 11780.9
9241.72 6336.15
12031 9863.22
8997.27 9780.53
2312.31 8888.69
907.443 2741.04
11287.8 11449
10157.4 2982.45
758.673 11087
5888.79 11978.5
3738.94 12304.6
3745.98 13201.5
2938.11 5918.71
4222.45 12298.9
12943.7 1858.54
10337.5 10324.2
7060.59 6025.89
182.541 6200.25
51.4317 2011.18
7536.37 13244.8
11764.4 3682.34
1692.43 6111.74
10934.5 1738.98
6761.97 7380.27
9865.53 9223.86
3687.05 9959.14
4791.84 8438.45
2567.32 8959.76
11599 5866.02
13157.7 4535.55
8074.95 8181.88
11548.8 6118.09
769.898 8578.84
1186.14 4425.1
5150.59 3650.17
9067.64 9489.18
9935.62 8709.06
10282.2 7282.02
5338.35 7475.84
7114.53 6540.73
8430.33 10544.1
10441.5 12828.8
4311.78 10309.2
3053.07 10895
2003.76 2088.98
11508.5 7288.02
4514.27 7343.76
7425.18 12183.5
9211.67 8192.2
12090 2354.33
2912.74 6224.4
4154.13 12465.5
5333.88 4334.41
5884.57 9341.87
12788.9 10697
362.794 5213.57
9262.27 486.466
236.246 10127.7
10859.7 5702.61
3290.5 11254.4
11498.9 1028.85
6002.55 7754.67
4612.06 12194.1
4336.03 244.643
9522.85 73.6557
6366.59 6158.3
1992.55 2206.28
11765.9 12487.4
1213.68 4909.93
5014.49 3844.65
9717.49 11802.2
8118.63 1264.5
9866.23 9790.15
9919.98 9130.18
3191.6 12863.1
6505.59 439.729
2387.29 7116
7384.22 13229
1066.95 12014.5
257.788 4793.61
349.648 4558.64
5956.23 13159.7
12948.3 395.027
12367.9 5945.85
8877.74 3717.44
3628.33 11410.1
12362.4 5512.97
9198.53 9728.22
9362.61 3470.35
11815.9 7619.24
11757.2 3592.57
8438.15 5393.14
7705.6 8988.32
4918.83 10431.8
6645.19 7867.12
1821.42 5596.23
8679.75 881.979
9950.08 12928.2
880.905 9094.38
5681.62 1021.44
11299.7 10402.3
5723.66 2145.81
5659.18 5658.01
9688.77 9716.85
2993.27 9608.81
11293.5 12190.1
3758.4 12675.9
8326.38 6405.78
12522.9 1945.25
8784.71 3766.63
1690.63 4379.47
6643.35 9439.25
2993.85 11511.8
7375.68 13208.1
11194.9 4398.73
8273.45 9394.65
6539.26 6215.43
10630.3 13106.4
1010 1415.57
5314.51 9642.78
13195.2 730.203
3819.48 642.087
10245.6 2523.37
2026.35 3108.66
11712.5 3825.1
7006.73 3631.94
6023.64 10573.8
6129.57 8798.03
9113.44 7947.1
5414.66 9149.04
6884.08 7572.76
13309.6 2358.17
12874.7 9652.35
716.408 1881.94
8379.35 12296.9
7660.28 2361.95
316.761 6119.24
4093.3 6568.68
5134.06 1534.35
4972.4 4854.98
4503.26 13098.5
1007.9 1251.91
13169 3809.16
12170.2 12609
2900.44 625.877
12717.8 4123.64
1400.01 11686.7
5924.71 2901.17
11315.2 11570.4
1164.99 3347.12
4769.56 9341.36
8930.76 4698.12
45.0876 1489.76
3372.05 6749.27
9689.32 12460.1
5835.29 12311.1
10245.6 8437.23
7967.55 11244.7
7745.73 675.779
9173.83 9978.15
5969.3 8190.54
8070.54 4075.47
2423.88 9136.5
7409.66 13400.6
11610.1 5320.43
3682.22 10036.5
11992.8 8529.69
1890.07 2218.42
1077.11 941.699
2889.06 556.743
6863.4 5772.69
2849.79 4672.14
4897.76 9069.14
9973.57 4988.55
12123.7 9876.58
9920.45 9716.11
7111.1 5319.82
5975.15 10042.5
11171.1 13006.7
12892.2 9838.68
12575 3052.57
5073.64 10450.4
4729.5 323.049
12688.9 4005.96
10826.9 5086.26
5915.64 12446.3
7730.06 4494.07
10594 2783.53
6071.26 11708.8
8745 2586.97
8160.59 12538.9
6997.03 4651.72
9243.87 5289.04
4106.39 4283.03
13000.6 10313.2
5280.44 11231.3
7838.39 9394.49
10663.4 3189.07
10750.6 677.436
13351.4 8364.42
11712.8 4652.56
1694.77 278.949
9925.61 7126.33
9801.47 10213.1
10600.2 9643.99
1459.44 517.549
2117.12 11473.5
9165.53 11990.5
4670.69 6818.54
4635.51 2907.16
9318.15 2967.46
10398.1 2397.12
3327.78 8037.86
4981.49 4730.89
1280.97 2685.12
11494.8 3438.26
4273.75 9848.64
10724.8 4070.29
12106.3 9817.49
11549.4 4425.14
9234.35 5993.25
4539.21 12853.9
7748.69 1581.16
5378.17 12016.2
7067.71 1701.31
6500.22 4214.38
9583.89 8446.99
4641.51 2956.92
13100.5 2111.59
10539.6 3064.53
5527.06 229.321
13060.5 5657.85
12917 8256.05
10635.8 7991.11
7646.18 3137.48
6507.5 8055.11
11453 3550.61
3533.81 10994.5
11779.7 10780.1
5976.14 11124.6
11795.2 11656.1
788.024 5390.72
2748.62 213.435
464.196 7568.65
7261.74 10025.9
13375.9 511.423
6406.79 3726.35
11591.1 5609.68
7411.9 705.169
10074 6846.49
2412.23 8369.66
2588.28 2046.57
4519.86 5790.75
7257.97 6825.18
8732.99 2314.2
3725.18 10041.9
9901.86 11167.1
9013.5 7228.98
11428.6 2482.98
561.535 13118.7
4487.1 12498.9
11764.5 12513.5
2193.55 779.648
10457.6 8889.4
9457.35 2197.83
11478.6 11373.9
7440.31 5298.41
10711.2 1590.31
7814.18 5171.08
11334.8 2909.68
3321.59 9841.62
6452.76 3936.71
5123.49 11568.7
2794.15 4828.98
8498.5 5854.28
1003.28 1515.64
13181.8 10489.1
10391.9 2467.62
12270.6 2868.85
10768.8 3568.93
10731.9 12738.8
12567 2320.61
6370.54 6455.07
3314.16 2056.63
1881.57 5501.55
6146.6 8863.84
12590.8 12280.6
2212.2 11219.3
4089.74 4880.31
8666.7 1640.35
6684.34 1315.41
1651.6 10438.1
1537.86 13364.3
