12305.44
8010.65
6857.695
10181.02
13740.83
21779.1
7903.44
25727.8
13425.48
5387.49
10238.68
18662.98
10856.56
6470.91
21149.19
12092.45
6897.84
22348.6
18233.38
16038.03
7142.81
14851.08
8196.89
12969.31
7805.51
14143.95
16750.87
16824.36
15923.5
14811.16
4165.383
17333.22
11852.17
3106.749
20491.65
19280.34
18267.63
12150.61
20897.9
12807.554
21795.09
6151.51
19380.91
16390.96
11064.67
9176.05
14710.61
10129.509
15648.21
17912.47
16321.3
20961.25
18122.62
16106.74
20394.3
14589.38
20104.18
12633.07
10226.592
2054.465
17861.85
11520.46
12083.41
14112.27
15628.03
10875.84
21061.0
12670.4
3050.383
11994.93
19980.7
8947.31
15275.24
14768.71
847.7783
21506.4
16413.62
6554.075
19785.99
12914.88
15417.33
13589.49
22971.14
7027.25
11887.22
16951.2
14140.45
7571.26
13445.51
10569.73
1427.156
14958.49
18758.71
10655.309
11284.86
9284.5
13100.17
13516.07
7799.24
17990.3
19975.12
8838.1
13046.08
22003.1
10124.97
13591.747
7673.56
17933.58
8799.89
17783.15
12881.58
13771.39
14547.16
21504.59
15420.84
12746.13
19252.3
2936.893
14954.61
15139.11
20837.8
3837.393
13557.25
7772.22
18168.66
5120.04
15146.32
17286.64
12429.25
11234.72
15391.15
12728.501
8428.428
11115.64
8435.5
19937.11
4378.11
18412.2
7933.93
12109.37
10326.42
15051.52
6918.885
15983.88
9984.722
9388.31
15536.64
20243.74
14694.93
12778.53
6882.941
6237.32
8594.66
10532.33
18182.74
22514.54
20621.2
15082.24
13531.18
9269.91
21138.36
4062.87
10438.32
4800.79
7639.22
12473.011
17737.88
9216.48
14950.98
10316.19
24336.1
20494.68
10138.85
12196.1
9335.708
19118.51
15624.6
21069.52
17008.9
13355.873
8369.88
7343.72
9048.931
9857.93
15526.96
8942.25
19151.7
4514.9
2917.81
12820.789
9771.647
23218.75
15624.9
7999.65
22201.05
25009.2
20032.87
14409.41
15571.0
13132.11
8420.06
8666.2
19340.62
22854.9
18432.17
21402.37
15604.14
15665.35
25850.8
14449.76
5827.73
9689.806
11182.89
18013.07
11493.96
15227.53
16918.47
21298.98
10624.16
12053.34
12799.89
12158.3
10218.02
5913.0
13787.07
9018.1
13189.43
6176.03
5865.649
17784.48
13003.26
9831.23
11695.19
16403.81
12279.65
25585.6
16845.54
15924.14
18908.26
5704.15
13185.49
14115.59
9336.34
7382.29
18727.15
12738.07
13869.4
6349.18
13521.46
13299.49
8229.95
5913.903
9571.07
12880.69
16935.64
19581.72
17174.74
14715.27
14541.1
5726.5
21102.1
21516.4
12120.08
13265.32
11291.99
16104.59
12470.68
11420.85
19081.48
6698.793
13824.05
19389.08
6526.57
3852.56
15143.78
22232.64
22401.3
8890.18
13209.761
4405.065
23978.7
12551.08
8445.69
23880.6
21383.43
16292.19
11011.922
17911.65
21333.59
12750.93
24801.4
12850.29
21477.71
13938.81
15557.29
15414.28
12765.03
8053.79
14800.18
19496.86
16378.56
15309.72
15817.61
12310.8
18485.13
19445.18
22290.8
17757.49
11143.33
23281.8
20896.39
13063.08
8819.8
17727.8
17799.6
7402.075
18291.32
23082.7
11589.066
7714.28
7340.17
15976.56
12871.24
14061.15
13723.95
4073.791
11292.483
17810.63
4177.174
6773.6089
17242.92
18295.92
8098.49
18843.61
12918.62
17636.4
12891.37
20596.59
17708.08
10206.725
11951.31
11841.43
15019.17
11753.27
8881.978
13723.9
5371.44
11396.68
11623.1
16856.15
14119.614
18395.59
4667.293
22243.5
7708.346
19657.23
8973.44
14621.25
13416.3503
18647.01
23058.1
12383.53
13537.93
17232.58
23054.8
4210.01
10956.58
11041.339
9440.25
6473.909
19516.66
4041.66
13497.79
15818.23
15577.87
21894.22
18777.8
11201.0
3648.483
22736.8
13139.85
11845.673
17867.29
16043.54
16947.48
8856.82
16521.35
14802.24
20661.7
13086.48
6382.791
2062.6117
20781.17
15446.74
7804.17
12673.48
14142.24
19089.39
13646.19
13230.29
11527.08
17465.02
17693.25
16256.83
17666.89
9348.738
5611.24
8800.76
18556.82
18644.68
17564.22
12814.19
13655.26
18974.43
23270.3
14620.98
13948.07
4092.74
18796.52
11858.03
19608.68
17403.87
14444.33
9137.14
16619.63
9668.29
15226.44
23485.9
5576.364
9748.736
10363.946
16562.31
14544.9
12527.75
13757.22
16806.16
4580.673
9596.5057
12524.89
4198.83
24253.3
6123.61
8859.14
21519.69
9383.13
19656.38
19050.16
16054.7
6945.319
9503.29
20613.22
13081.45
5051.398
4908.288
19115.93
13343.327
18313.75
12595.18
15038.43
17875.37
18926.75
12832.96
19435.14
15349.77
13831.29
16693.92
15350.63
14512.31
7417.65
9561.729
22878.28
9975.285
6703.06
21702.0
7869.47
11317.19
19405.62
12602.08
23483.6
16434.3
14732.16
14468.15
12551.34
6070.1
16082.6
14505.65
20583.78
15593.63
17668.1
12754.69
23736.7
2425.57
14957.29
13925.403
4461.567
12768.97
5135.01
15537.6
10638.67
16597.44
14927.6
17060.54
14563.7
14456.84
15667.77
22527.05
2598.348
20676.25
10022.23
6436.001
10661.98
6668.41
9827.38
17601.76
2259.81
16978.16
24779.2
3526.317
16841.44
13086.71
8825.88
22885.6
4512.11
14110.92
13628.88
1534.8476
10121.32
22149.42
18146.39
18682.83
19212.25
8421.509
19151.98
14159.84
12146.01
11560.38
20810.26
16930.53
13718.72
20522.49
4108.49
2018.809
3445.803
12636.09
7521.93
13966.9
14962.12
22000.28
19636.56
12430.92
16017.65
24177.8
22730.88
15627.57
15524.04
5052.549
16694.86
15913.16
18361.94
12224.13
13377.53
17780.06
11331.97
20699.49
11648.75
14532.91
8389.42
23313.8
16511.74
17232.88
13852.47
11428.036
21715.82
16365.36
1973.719
17051.94
20014.57
20244.19
1976.989
13590.62
21156.03
11489.23
7542.67
12285.61
12795.22
11365.64
9712.38
3966.09
14933.06
14122.39
14795.09
21923.79
15974.54
15227.6
17393.11
9329.85
17394.37
8769.02
10714.6
18030.88
7598.43
15212.09
13604.13
5756.381
18718.35
21173.05
18626.91
10783.66
14562.61
15003.61
14528.31
22559.8
17100.74
23451.3
6178.744
2962.055
8032.846
17287.64
13887.323
10133.14
17200.78
8117.069
16920.49
10781.89
4634.85
10310.61
14083.15
11047.19
13767.08
21068.96
16242.48
13911.58
13680.235
16986.0
24278.0
2973.198
19347.0
11655.18
22852.5
12738.72
12301.51
12985.26
14244.48
13163.21
10389.47
16692.19
7623.13
14352.78
2518.92
23670.9
12859.52
15139.45
14337.73
23470.7
14887.61
12825.61
5370.79
7383.12
15010.44
24871.4
13431.5
8970.05
10307.05
7999.75
12089.7
14902.16
