10 79 1 5 5 1 1 63 5 9 4 24 5 86 3 43 3 71 4 13 2
1 95 3
1 2 1
4 53 1 79 3 89 1 65 5
5 21 1 88 4 17 3 83 5 50 2
4 62 2 30 1 38 2 32 2
7 49 3 65 5 57 5 45 1 100 3 28 4 52 3
0
1 56 2
3 98 3 77 1 37 4
2 45 4 21 3
1 82 4
4 34 4 83 1 79 1 22 2
4 5 2 6 2 49 1 20 1
1 45 5
7 36 5 34 2 72 3 6 3 1 2 67 3 69 4
2 28 1 83 1
4 95 3 49 2 54 1 78 2
4 29 4 55 5 64 5 50 2
7 94 1 69 3 11 3 40 4 27 3 30 4 48 4
2 19 2 27 1
6 57 5 21 5 67 2 34 1 85 4 55 2
3 3 4 72 3 74 5
8 85 5 42 1 91 2 28 2 64 1 55 2 25 1 18 1
8 99 2 29 5 76 1 81 4 59 4 96 2 97 5 40 2
4 12 2 7 1 21 4 7 2
10 92 5 66 5 88 1 88 1 52 5 34 3 52 5 52 4 25 4 64 4
5 85 3 33 1 0 1 76 4 77 4
1 1 2
4 4 1 35 1 37 1 33 2
5 17 2 61 5 88 1 24 5 0 5
8 67 5 4 2 75 4 12 5 16 2 16 1 4 1 21 2
6 99 3 39 3 32 5 78 5 82 4 72 1
10 0 1 0 5 67 4 56 4 49 3 34 1 68 2 33 4 47 1 75 5
1 24 2
6 3 2 17 1 53 4 71 2 39 1 42 5
1 60 4
7 35 2 14 2 1 1 21 5 93 3 37 2 4 5
9 81 2 99 1 80 5 48 4 74 2 88 4 80 3 97 1 30 2
6 28 4 60 5 83 2 2 5 70 2 15 2
1 51 1
5 1 5 27 5 38 5 72 4 41 2
4 1 5 55 2 54 3 24 2
10 12 4 20 4 41 2 51 2 10 5 92 5 63 3 77 2 32 2 91 2
2 6 2 89 3
5 42 4 24 2 68 1 18 1 24 4
6 67 3 22 5 53 1 27 1 90 2 71 1
9 86 1 7 1 50 5 64 2 85 3 40 4 68 5 46 1 3 5
4 84 5 49 5 80 3 86 2
7 28 2 44 2 43 3 17 4 53 5 64 1 68 1
10 6 2 87 1 66 3 46 5 85 1 24 1 37 2 31 1 72 1 6 2
10 54 4 47 2 7 2 57 3 53 1 51 1 24 1 100 3 76 1 53 5
6 54 2 100 4 83 4 38 4 4 5 12 5
3 79 2 79 4 30 1
8 27 4 84 1 82 1 6 3 23 2 81 4 6 1 50 1
6 79 5 50 1 99 3 84 3 13 4 77 4
2 82 3 40 4
5 7 4 7 4 0 5 7 4 45 1
6 70 5 70 4 63 5 33 5 19 3 32 2
4 58 2 0 2 88 3 96 3
4 51 2 10 4 84 3 18 4
4 72 2 28 1 62 1 27 4
2 58 3 46 4
1 27 1
10 72 5 71 2 66 1 74 5 36 1 72 3 20 2 40 4 16 1 43 2
1 43 1
6 56 1 97 1 90 3 91 1 58 3 69 1
2 6 4 43 3
9 83 1 99 2 94 2 62 1 99 3 41 5 80 5 77 3 64 1
7 47 3 21 5 81 3 16 2 27 5 99 1 52 4
10 39 3 7 5 13 5 14 5 3 1 24 2 32 4 68 1 71 5 20 4
3 85 2 7 5 60 1
2 69 2 63 3
3 32 2 74 3 64 1
6 92 3 26 3 62 3 96 2 97 3 63 1
4 96 1 87 3 94 4 43 3
2 98 1 6 4
6 52 5 52 4 72 1 29 2 38 4 1 4
7 41 5 6 2 9 4 34 2 82 5 21 3 42 5
1 41 1
4 91 3 9 5 72 2 57 3
9 17 2 91 2 78 5 46 4 68 4 35 2 39 4 64 1 90 1
4 81 3 93 3 84 1 66 3
9 56 1 42 2 7 1 36 5 98 1 36 2 79 4 67 4 31 1
6 28 2 29 3 28 5 88 1 71 3 90 3
9 67 2 69 4 97 2 75 5 30 4 50 5 54 2 5 2 84 5
6 86 3 73 4 60 3 26 1 91 5 61 5
1 87 3
2 94 5 24 2
4 50 2 49 2 65 5 17 4
4 35 3 65 5 32 1 40 3
6 90 1 91 5 67 4 41 1 16 4 73 4
1 39 3
6 68 1 32 3 94 4 13 3 78 1 93 2
8 84 3 15 2 36 1 63 1 55 2 17 5 24 3 74 4
6 100 5 9 4 71 2 1 2 43 2 61 3
3 87 4 98 2 71 1
8 39 5 17 3 92 3 35 1 51 2 81 5 96 4 94 4
3 62 5 19 4 44 5
4 52 3 40 5 69 4 97 1
3 4 1 8 1 47 5
