  2 29 15  3  0
  4 28  7  2  0
 38  2  2  0  0
  0  6  5  0  0
 16 28  5  0  0
 17  8  1  0  0
  5 33  4  1  0
  6  4  1  0  0
 14 36  6  0  0
 43  2  1  0  0
  1 13  6  1  0
  0 14 10  0  0
  0 11  7  1  0
 17  2  3  0  0
  4 19  7  1  0
 17 26  2  0  0
 36  3  1  1  0
  9 22  3  0  0
 58  2  0  0  0
  2 16  2  0  0
  2 19 10  1  0
  3 18  4  0  0
  0 14  4  0  0
  1  8  8  0  0
 19 32  9  0  0
  0  6  5  0  0
  0  8  0  0  0
 15 42  1  0  0
  7 20  7  2  0
 10 34  7  0  0
  2 18  5  0  0
 25  2  1  0  0
 21 42 14  0  0
 33 44 15  0  0
  3  4  4  0  0
  1 10  4  2  0
 25 34  5  0  0
  0 18  7  0  0
 11 35  6  1  0
 11 28 11  2  0
  0  6  2  0  0
 40 32  6  0  0
 13 34  0  0  0
  2 14  8  0  0
  2 12  0  0  0
 12 58 19  2  0
  2 16  4  0  0
  4  3  3  1  0
  3 20 14  0  0
 13 34  3  0  0
 20 30  7  0  0
  9 32 10  0  0
  0 12 11  0  0
  0 16  2  0  0
  6  6  4  0  0
  0  6  2  0  0
  2  2  0  0  0
  0 11  5  1  0
  1  5 15  1  0
 16 50  4  0  0
 10  9  3  1  0
  9 36  3  0  0
  5 24  2  0  0
  5 16  4  0  1
  2 16  7  2  0
  1  6 13  2  0
 20 38  6  0  0
  0 18 15  0  0
 23  2  0  0  0
  0 16  2  0  0
  5 24  8  0  0
  0  4  0  0  0
  0 12  0  0  0
 18 32  1  0  0
  3 10  1  0  0
  1 13 12  1  0
  6 32 10  0  0
  3  8  7  2  0
 14 31  8  1  0
  0  6  0  0  0
  2  6  7  0  0
  0 12  0  0  0
 45  2  0  0  0
  2 14  2  0  0
  1 20  3  0  0
  3 22  2  0  0
  0 13  3  1  0
  9 22  4  0  0
  3 18  7  0  0
  1 10  2  0  0
  1 13  3  1  0
  4 14  3  0  0
 21 36  4  0  0
 12 14  4  0  0
  2 14  7  0  0
  1 22  4  0  0
  2  6  6  0  0
 47  5  2  1  0
  3  4  8  0  0
  5 24  2  0  0
  3 16  2  0  0
 14 30  3  0  0
  9 24  3  0  0
  7  2  0  0  0
 33 58  2  0  0
 17 32  4  0  0
  0  4  4  0  0
 21 53  6  1  0
 34 21  8  1  0
 13 30  1  0  0
 12  2  0  0  0
  1 12  2  0  0
 10 46 11  0  0
  4 20  2  0  0
  7 26  2  0  0
  3 12  2  0  0
  6 16  0  0  0
  1 18  1  0  0
  0 18  6  0  0
  4 38 24  6  0
 10 21  8  1  0
  0  6  3  0  0
 11  6  1  0  0
  0  9  4  1  0
  0 10  3  0  0
 27 40  4  0  0
  1 26 16  2  0
 14  2  0  0  0
