1 0
1 -1
1 1
3 -15
3 0
1 1
1 1999999999
1 2000000000
2 4
2 5
2 1999999998
2 1999999999
3 14
3 15
3 1999999997
3 1999999998
4 33
4 34
4 1999999997
4 1999999998
5 64
5 65
5 1999999999
5 2000000000
6 110
6 111
6 1999999994
6 1999999995
7 174
7 175
7 1999999994
7 1999999995
8 259
8 260
8 1999999995
8 1999999996
9 368
9 369
9 1999999997
9 1999999998
10 504
10 505
10 1999999994
10 1999999995
11 670
11 671
11 1999999990
11 1999999991
12 869
12 870
12 1999999997
12 1999999998
13 1104
13 1105
13 1999999988
13 1999999989
14 1378
14 1379
14 1999999994
14 1999999995
15 1694
15 1695
15 1999999994
15 1999999995
16 2055
16 2056
16 1999999991
16 1999999992
17 2464
17 2465
17 1999999985
17 1999999986
18 2924
18 2925
18 1999999988
18 1999999989
19 3438
19 3439
19 1999999982
19 1999999983
20 4009
20 4010
20 1999999989
20 1999999990
100 0
100 -50
