100
43 232
2 9 13 16 22 23 25 27 28 37 58 62 79 83 86 92 94 110 111 117 126 128 129 137 146 157 160 161 165 179 180 182 183 185 193 202 210 211 212 217 219 224 230
19 44
2 4 6 8 12 14 15 19 24 29 32 33 34 35 36 37 38 39 41
40 138
1 2 4 5 7 13 19 22 23 33 36 40 41 42 43 51 54 60 67 70 77 86 87 92 95 97 99 101 109 113 115 116 117 119 123 124 127 130 134 138
1 5
2
24 232
8 30 44 45 50 66 76 82 89 91 96 99 121 138 143 150 151 154 157 163 173 177 188 204
32 231
1 7 11 12 33 42 46 50 53 77 86 100 101 105 107 113 127 129 160 165 169 170 173 180 187 198 199 209 217 222 226 230
16 144
3 10 29 31 46 57 64 72 83 88 91 101 104 118 129 133
6 33
13 16 23 24 26 33
35 192
2 4 17 18 19 25 26 27 30 43 61 80 81 83 85 91 99 109 131 134 137 139 148 151 152 155 160 161 162 171 176 181 183 188 190
22 93
2 4 6 7 11 15 16 22 27 29 31 32 44 46 47 48 49 54 56 64 82 90
45 107
2 3 7 11 13 14 17 18 19 22 23 25 29 31 33 36 39 42 44 45 47 53 55 58 60 62 63 65 71 72 73 75 76 77 78 79 80 83 88 89 90 97 100 105 106
15 81
3 4 5 7 17 19 23 33 37 46 48 50 57 70 78
38 105
1 4 8 9 12 13 17 20 21 23 24 26 30 32 36 40 42 49 51 54 55 59 70 71 74 77 79 83 84 85 86 88 95 96 98 99 101 103
39 103
4 8 12 14 18 19 20 22 24 25 28 32 33 39 43 47 53 55 56 57 58 60 61 63 66 72 75 76 78 79 80 82 85 87 90 92 96 99 100
32 121
2 4 8 15 18 27 32 33 41 54 56 61 70 75 77 82 83 84 85 86 89 93 97 98 100 102 103 104 108 112 115 119
49 228
2 13 23 26 27 28 29 38 45 48 54 55 58 60 61 63 65 66 73 75 82 97 100 112 113 114 115 120 123 135 138 140 151 154 155 156 165 175 183 185 186 188 197 198 202 205 208 211 221
35 278
19 24 31 34 35 37 43 52 66 67 77 80 100 105 107 118 130 140 158 162 168 170 177 178 181 216 223 225 241 244 248 259 265 271 278
47 190
1 7 8 9 12 15 17 19 20 23 24 27 32 56 65 66 68 76 77 82 87 88 90 96 97 110 112 117 124 138 142 144 151 157 158 161 166 171 172 173 175 178 181 183 186 188 189
46 137
3 7 8 12 16 21 22 23 24 27 30 35 37 39 43 45 46 47 49 52 55 61 63 70 76 78 80 89 94 98 102 105 107 108 112 115 116 121 122 124 126 128 129 132 134 135
26 29
1 2 3 4 6 7 8 9 10 11 12 13 15 16 17 18 19 20 22 23 24 25 26 27 28 29
6 6
1 2 3 4 5 6
27 256
30 60 70 74 87 94 109 112 114 123 146 147 163 166 168 169 174 175 188 193 197 218 224 226 245 247 253
29 269
2 14 26 36 44 46 49 69 73 92 102 111 122 130 133 160 177 179 187 189 190 193 199 200 222 224 240 243 260
19 75
1 7 11 14 20 24 27 31 33 36 38 39 45 52 53 56 62 65 73
33 269
10 14 15 17 26 28 39 49 51 85 86 100 105 108 110 111 131 142 169 176 179 182 185 187 190 197 212 213 218 223 245 251 267
29 296
2 4 8 12 15 21 41 42 51 53 71 74 77 78 81 88 94 96 110 146 156 163 208 220 230 240 249 274 294
19 29
1 2 3 4 5 7 8 9 10 13 15 16 19 21 22 25 26 27 29
10 176
17 29 68 87 101 123 130 154 161 171
4 275
1 10 178 216
2 95
86 87
28 100
2 3 7 11 19 20 24 25 27 29 30 33 36 39 51 52 62 65 68 75 78 83 86 88 90 91 99 100
38 219
2 7 12 24 38 44 52 68 74 76 88 103 106 110 112 113 115 119 120 123 137 144 154 163 167 170 172 174 177 184 185 190 193 195 196 197 202 215
32 182
3 6 7 22 23 25 27 42 44 59 61 73 74 77 93 94 97 101 120 125 128 136 139 150 164 165 167 168 171 174 178 180
10 182
8 48 55 62 69 99 132 141 152 160
2 3
1 3
41 117
2 5 6 9 10 12 19 21 22 23 25 28 32 34 40 43 44 45 48 49 50 53 54 58 64 70 71 72 79 80 83 84 86 87 89 102 103 104 106 109 117
31 106
4 5 7 8 11 12 14 17 18 19 20 24 25 27 29 30 35 38 42 46 63 71 73 74 76 79 94 97 101 104 106
48 238
4 5 11 15 20 35 47 52 61 63 75 76 80 82 88 95 96 103 109 114 121 131 133 134 137 146 150 152 158 161 162 172 173 174 182 186 189 190 193 196 204 209 210 219 220 222 225 235
9 270
67 77 80 86 111 149 158 239 243
50 245
3 8 26 32 38 43 44 46 52 55 56 59 61 63 68 79 81 92 102 105 118 120 121 124 127 132 134 135 137 146 152 154 156 162 165 167 170 171 172 174 181 183 202 212 218 221 227 235 238 243
20 122
3 6 21 26 31 39 42 49 50 54 70 71 72 85 86 93 102 104 105 121
44 177
2 5 6 12 13 14 16 18 24 34 36 38 46 50 56 61 69 76 77 80 81 83 84 87 91 94 95 100 101 113 115 117 118 123 125 126 131 138 145 152 153 159 165 174
4 142
18 49 65 129
10 131
13 27 34 51 60 67 86 90 115 123
5 17
4 5 6 7 12
17 169
15 19 20 24 36 46 55 61 64 82 86 97 98 128 137 162 168
14 133
10 17 25 26 42 45 47 63 90 94 119 125 132 133
30 73
1 2 4 11 12 14 15 18 19 20 25 26 27 30 31 32 38 46 52 54 58 59 64 65 66 67 69 71 72 73
19 172
8 15 51 56 78 96 102 103 114 117 127 131 132 143 148 150 156 159 164
28 140
1 11 13 20 22 28 32 35 45 48 58 59 61 66 68 71 73 74 75 86 87 107 108 116 119 133 138 140
16 232
18 19 34 43 46 47 69 75 81 109 137 154 169 175 183 217
27 225
41 43 44 53 56 74 79 88 89 95 102 110 123 129 134 148 150 159 164 176 178 180 204 217 220 224 225
23 148
2 4 12 15 43 44 45 49 52 56 60 70 85 87 95 98 110 112 114 126 127 135 143
30 120
9 12 13 20 21 25 27 31 33 38 41 50 58 59 61 64 65 67 70 72 73 77 87 94 96 99 100 104 110 116
48 100
3 4 7 10 11 13 14 15 17 23 25 26 27 29 30 37 39 42 43 45 46 47 49 50 52 53 58 59 60 61 63 66 69 70 71 72 73 75 79 82 83 88 89 90 92 93 94 100
12 187
12 27 40 52 61 74 80 94 115 133 137 158
47 206
3 7 16 21 22 31 39 40 43 45 53 59 74 76 85 87 90 95 98 99 100 101 105 106 108 117 124 128 144 145 146 148 151 153 159 162 166 167 169 173 174 176 178 183 184 190 193
36 152
2 3 4 7 12 22 32 39 41 45 49 55 60 65 69 79 88 90 92 93 95 99 108 109 115 117 121 122 124 125 128 132 139 144 145 146
39 121
1 2 3 6 16 18 19 27 37 41 42 43 50 52 53 57 61 64 67 69 70 76 82 85 87 88 90 91 94 97 99 100 101 104 105 106 107 117 120
18 41
2 3 5 10 11 13 14 18 23 24 26 27 30 31 32 33 38 40
8 50
2 13 14 17 19 22 30 48
11 11
1 2 3 4 5 6 7 8 9 10 11
43 85
1 2 4 5 6 7 8 11 12 13 16 17 18 22 23 24 29 30 33 36 37 39 43 45 46 47 48 49 50 56 58 60 61 62 64 66 67 69 72 73 76 77 81
4 13
5 8 9 11
38 228
11 12 13 24 27 36 54 55 61 68 70 75 85 89 92 95 99 106 108 109 114 115 135 138 140 145 151 153 155 156 157 158 186 188 191 196 200 224
33 178
1 2 7 11 13 17 18 28 29 34 36 38 39 48 59 60 64 67 75 76 78 97 98 102 106 121 129 158 159 160 170 171 174
33 139
6 8 17 20 29 31 33 36 41 56 59 64 65 66 67 73 83 84 85 89 101 105 106 109 112 116 121 122 123 128 131 135 138
13 205
7 14 64 90 102 108 117 128 152 155 163 167 196
48 129
1 4 6 9 15 18 20 24 27 29 31 34 40 41 42 44 46 47 48 53 57 58 60 62 65 68 69 73 74 76 77 82 83 84 85 87 88 91 93 96 99 116 118 119 121 122 124 126
17 183
9 17 27 29 50 63 69 75 82 83 100 113 149 158 159 175 183
43 105
2 4 6 7 8 10 11 16 17 18 20 22 23 25 26 27 34 36 37 38 40 41 42 45 52 54 58 59 60 61 62 64 70 73 78 81 91 93 94 95 101 103 104
47 80
1 2 4 5 7 9 10 11 13 14 15 19 20 21 22 29 30 32 33 34 35 37 38 39 40 41 44 45 48 49 50 52 55 56 57 59 64 65 66 67 69 70 71 72 73 78 79
27 110
5 6 10 14 15 16 26 29 31 51 53 61 65 68 73 75 76 78 79 85 86 91 93 98 102 108 110
4 266
83 87 224 253
22 294
2 4 11 31 58 63 69 83 98 102 119 148 154 187 189 208 237 238 244 245 246 286
11 289
21 37 46 73 83 106 119 126 178 182 241
27 81
3 6 8 15 20 23 25 26 27 28 29 37 41 45 47 52 54 55 56 58 62 66 68 70 71 74 76
12 47
1 3 7 16 24 27 28 32 39 40 42 43
2 4
1 2
15 21
1 3 5 7 8 9 10 12 13 15 16 17 18 19 20
33 292
4 13 20 41 44 63 66 70 71 74 110 128 132 136 139 142 144 146 149 178 183 184 199 200 212 228 255 260 263 275 277 284 288
46 228
1 5 7 11 12 18 19 37 53 56 60 72 73 82 87 93 96 99 101 107 109 113 114 118 122 123 126 138 143 144 145 148 149 151 155 168 187 202 206 208 210 215 216 225 226 228
32 289
4 21 22 27 34 47 57 69 72 83 116 118 122 132 137 143 156 172 174 185 187 190 192 199 220 222 231 235 241 249 260 262
24 219
6 8 29 34 72 73 102 114 127 134 138 146 149 152 155 156 163 167 192 193 196 200 202 218
8 62
6 15 23 33 36 41 53 54
11 41
3 5 8 15 17 23 24 30 31 33 39
8 256
10 21 42 117 139 151 218 231
20 255
25 28 34 50 62 69 71 107 116 155 163 176 180 183 186 206 211 228 239 253
6 14
1 2 8 10 12 13
12 128
16 21 26 30 50 60 87 88 89 95 98 106
42 148
1 2 5 9 20 21 24 27 28 30 37 39 47 49 50 51 52 54 61 62 63 66 77 80 81 84 87 88 90 92 94 107 114 116 117 120 124 125 131 142 144 146
7 298
67 161 166 195 207 250 277
14 212
23 27 52 53 88 90 126 138 151 173 177 185 202 206
1 172
44
1 23
8
7 80
28 34 35 42 52 59 68
46 136
5 6 12 13 17 19 22 26 31 32 37 38 40 41 42 44 45 47 48 50 51 61 64 68 69 77 79 80 84 85 87 88 89 90 98 99 105 107 109 113 114 116 120 127 128 129
16 227
2 44 49 55 59 74 100 102 116 131 134 141 190 192 194 224
21 29
2 3 4 5 7 10 11 12 13 14 15 16 17 21 22 23 24 25 27 28 29
4 16
2 4 14 15

