92250
68244
55556
15435
3150
39168
43200
92000
3234
3200
64600
2576
35280
33856
61335
13442
55419
4760
6912
36480
8330
46800
8250
42300
88150
7200
5929
18400
50715
22848
18612
78351
1250
7175
19866
69629
19665
18768
60000
12831
24800
21600
58261
40425
66500
28704
38880
80500
5280
3996
25806
900
12054
48100
29250
7500
34500
19350
8610
6000
33750
294
6720
704
35055
40033
33934
8640
26350
48020
61920
45408
81400
29000
66240
90240
79200
26400
3420
59682
11868
37500
68400
65664
1715
572
90200
4416
72192
23000
90720
12240
93104
21390
8064
31584
25344
51744
21600
11520
2058
950
68306
28160
68600
4600
59682
21888
80262
33600
6345
20700
2112
28000
46552
26250
1519
17280
22050
5940
2625
4816
11484
2464
24990
15652
9541
608
66528
48576
16606
40608
44180
19894
66150
60858
79550
40180
54880
81400
12558
19980
56448
20090
18473
18144
18000
8280
76032
24794
12420
72864
4620
49000
2541
94000
95550
17600
35000
9984
53664
1176
46305
77400
4500
25740
49000
77550
663
38880
25872
58800
86940
5250
300
1100
36300
4800
16660
38000
16800
14950
84000
20400
19404
38760
4935
19992
35604
26754
20400
7350
20482
62370
95550
2550
54612
96432
42000
16560
120000
54000
25200
1144
34592
31349
27000
84672
27692
19800
39690
28600
5217
4312
49632
2772
528
34320
7140
32798
7040
61600
1440
77280
25392
12408
40664
80360
6900
864
31850
12690
4320
22540
752
720
16562
105600
40848
4320
61152
5280
2205
13230
36162
25200
39984
12240
29568
44800
72240
7790
1200
13200
611
48020
28800
8880
3760
2400
9660
44064
19943
9900
67680
39102
3920
53664
80605
2760
25300
11424
13230
57000
5170
32800
17400
8820
11550
12040
14700
9400
38016
12000
38304
29400
15950
7854
86240
1932
3450
1776
34300
22000
50764
4165
49000
64500
7680
27048
25850
4200
54990
62426
75850
27500
1470
76912
24206
40500
22295
46080
4560
4165
88642
3640
1176
25300
7644
94668
14147
16416
6318
27552
72576
47472
7050
1320
22176
81144
1800
29700
1452
15750
43428
1813
3136
9600
1813
40817
45000
84280
1500
62700
12000
3696
21216
25578
27048
26505
120
36432
703
1892
432
35673
46436
28106
48951
47472
1880
91238
57792
6300
29568
31213
66822
8624
48944
11025
32832
51840
35280
27520
19584
36015
5520
46800
47564
75600
5145
87024
35972
5500
2000
17280
33320
17689
6000
4320
2000
45954
3528
2016
5439
36100
66297
1440
80360
1008
2256
42532
49632
14280
13984
49248
16660
33614
84672
3800
32000
30723
750
13330
9450
1470
3920
8740
4508
59400
20800
11760
11280
4600
4624
42504
20332
3744
20900
67914
62900
107800
90000
52080
30044
94600
13320
27500
46342
3420
18200
54250
5712
800
15096
19152
58800
11025
39072
77080
81700
8700
39744
392
19458
5760
37050
8694
64260
21197
11544
18000
10250
10560
94864
39690
14053
21609
95550
44892
34965
80960
20700
16905
9000
21150
2820
49950
16632
47656
23200
18400
15480
29700
20640
6500
5292
30600
54782
15400
19656
5040
37632
13034
1824
4300
10535
36300
12250
41184
58500
19800
46035
26496
48880
14534
35156
112800
20580
4400
22500
21160
75600
4800
40500
11550
4800
37700
57120
11016
22099
73920
1080
45496
29526
10976
8000
24024
8100
22610
21758
22932
6750
25116
45276
56823
41000
54000
10290
20790
3192
4650
35721
49036
76704
71280
49400
77616
782
32144
14400
98400
16848
5040
18753
13950
71750
36120
35424
18450
54880
1295
54720
69000
34686
11750
56889
20727
37975
112896
23520
17719
27648
77220
59241
12144
65317
7774
18612
1380
7260
16464
53130
16800
50784
94300
14592
68244
48050
7500
28700
5400
13500
6076
37632
39100
55200
34960
5929
56250
40000
5096
9800
4370
74088
90528
71393
9996
41650
48576
65100
90405
4032
43200
68544
3920
90816
31850
11880
47376
13440
20800
63210
14350
14504
27025
20700
40248
23780
31680
57400
57600
39168
21168
6110
6174
14000
30000
2726
30450
5040
68306
350
48050
90000
7350
4232
1800
77900
1600
8400
79968
4312
12728
28152
5850
2600
4320
105750
27456
102500
7200
49400
11088
23650
61152
