1  2  3  4  5
11 12 13 14 15
21 22  0 24 25
31 32 33 34 35
91 92 93 94 95
21
22
24
25
99
0
 1  2  3  4  5
11 12 13 14 15
21 22  0 24 25
31 32 33 34 35
91 92 93 94 95
99
98
97
96
0
 1  2  3  4  5
11 12 13 14 15
21 22 23 24 25
31 32 33 34 35
91 92 93 94 95
1
12
34
95
5
14
32
23
91
0
 1  2  3  4  5
11 12 13 14 15
21 22 23 24 25
31 32 33 34 35
91 92 93 94 95
1
12
34
95
5
14
32
91
23
0
 0  2  3  4  0
11 0 13 0 15
21 22 0 24 25
31 0 33 0 35
0 92 93 94 0
1
12
34
95
5
14
32
23
91
0
0 0 0 0 0
0 0 0 0 0
0 0 0 0 0
0 0 0 0 0
0 0 0 0 0
0
1 2 3 4 5
6 7 8 9 10
11 12 13 14 15
16 17 18 19 20
21 22 23 24 25
2
7
12
17
22
0
1 2 3 4 5
6 7 8 9 10
11 12 13 14 15
16 17 18 19 20
21 22 23 24 25
1
2
3
4
5
0
1 2 3 4 5
6 7 8 9 10
11 12 13 14 15
16 17 18 19 20
21 22 23 24 25
1
7
13
19
25
0
1 1 1 1 1
1 0 0 0 1
1 1 1 1 1
1 0 0 0 1
1 1 1 1 1
1
0
