10 25
62071 1477327
251542 8715857
1128427 78112966
2472345 171529476
2729903 185836201
564545 24261628
505897 29285242
2731135 172061505
24 120
1139126 66736258
528841 20786248
125660 4137119
2039169 189751833
295682 12555988
438777 17120025
1426454 243791274
306791 9997989
465 1802
0 0
15869 194144
1093000 54805878
19241 249408
1333 15233
660471 32485208
2327318 226833852
2768666 211936135
1853 12485
463659 17638125
113367 2785170
577193 27362952
4033950 325563627
2434605 166259889
2568 22965
26 70
398403 16975677
42547 997172
56127 1027581
199581 5968242
689104 52162579
143041 4682205
223322 7601315
44845 858186
852499 42125258
424803 48318684
2010 12581
2260022 158069717
726113 64372427
3986073 321174738
1 2
220 940
1732010 132026808
150982 4550420
443450 16673187
722474 36544775
27720 367290
684965 33324922
2085937 132331048
70231 1423575
3580 27282
382652 13613153
599319 91185570
39423 1031457
430749 16201019
455491 17622891
508080 18163860
4795 40713
0 0
22012 701362
0 0
839404 44779404
5059 40848
75398 1655883
669655 36980200
16073 210676
510579 20222306
2991 23480
1535556 88040937
1962648 121549563
764418 39176030
1738215 120415539
403 1359
84378 1833422
3504286 272173255
3178781 269956562
230544 9155279
10310 133318
2152979 139105663
2708635 197054586
494887 19672415
1181238 64458849
1374563 112702805
195242 5553923
318270 13386027
438174 50336774
929845 45127791
157807 4909282
1830272 109518830
338114 12043233
1118537 72848790
189813 5350029
263857 8749300
402414 14444856
37989 673085
1152 5955
2826 26445
32108 553357
928555 48035115
3715732 291921945
19975 453978
651 4473
82757 1746515
26160 393471
689326 30442411
25776 366696
8909 324944
1754190 140297577
39162 674537
2633 20189
62191 1212867
32977 520654
1001 9519
3687999 291797994
650011 31018289
519719 20770340
3355120 257168577
20 15
12 14
936107 45141290
83071 1746807
3769826 307882499
1902847 117394834
517816 20766799
254155 24311632
1238 7216
19422 249512
14814 532064
2946951 309052365
46414 1011608
1715014 129868231
13843 162750
2502601 190233171
3490446 290626959
2908002 215744556
11223 123065
50693 967318
3180140 269962448
3252276 288470754
264997 8752066
1326 7266
144275 13390612
1154262 59538089
97738 2221320
582501 23708406
1170398 60768078
217354 6427513
291250 9369502
1757687 103828200
1649262 115971413
705532 31927584
376374 13215924
1389397 150750774
1483554 197448816
472736 19114669
1 1
747155 33527197
1752135 109269741
2100035 138909873
101920 2985337
424119 18918072
2334599 151168552
1050564 53606931
1262664 77928471
930279 160014309
247758 7916042
3516468 287049075
2122567 136794439
2805561 194561388
1794919 109421688
52655 969595
779355 43510908
539676 51222848
88774 1926435
1123970 59458181
793 5598
851479 51461052
407690 14867263
65866 1348723
342428 12052050
417257 20786398
3324978 246642243
1956655 127653552
497764 25084554
51170 3266560
22714 439787
1975126 123617391
31948 519586
1898169 127355466
28387 423337
1330 5985
1499784 77238876
2379118 205342648
13896 162792
167002 4587280
133297 4475677
557 2359
2361539 163445835
674456 31826544
529656 76245876
135299 3597084
514448 20229543
4124475 325912263
1870657 113417396
749026 103109741
3899319 329000763
17905 229706
1078789 54775767
53507 970303
11451 123191
9535 100889
120 210
58576 4127256
1364594 84260186
50662 1075353
343018 11700749
794671 36811170
828947 41155969
180 489
548029 24206995
659217 30356625
3930881 312703093
1739436 103781829
1237002 69749609
1735555 109200522
370851 14371542
1255606 68511215
1317881 75452582
543415 23611656
551911 22489476
1222528 74954730
17405 211663
1509643 99240847
3596771 310604650
926246 52018112
601303 25572888
794329 50897202
3217103 239476037
734405 41471259
0 0
7632 73589
278598 9347819
657868 29659206
2735872 191482146
120196 3038314
916860 77410523
960272 50156841
767979 35931414
1974475 171806453
2713822 229476452
1683443 100088756
382939 15217426
3364548 250229412
1313687 75437549
921 4785
1159922 60743145
36528 670599
15625 210181
1507637 147985718
381981 21876692
474640 19618745
5446 46246
68161 1351159
141086 5680559
435919 18503718
815497 41975696
14057 162884
407232 14866614
1913144 123391724
2908638 221892405
107469 2548851
484 6531
598484 43047499
3625704 287670485
154525 7953662
2688758 208443002
207433 5980494
2268750 146278323
0 0
1458203 100471666
2611206 199303056
451 6336
54630 1082844
3036536 216245229
3841592 312281112
391878 14834841
1033584 53557208
458973 18105303
516430 20232795
165635 16075005
3700133 303523899
227920 6210820
1149 5949
1126650 63022206
2635500 164059875
1705706 103677039
715 3777
1 1
116544 8564829
306197 10311242
3840557 304248612
213212 7096462
1973467 193436746
1259949 67222350
0 0
54544 1320827
149089 11919289
2465427 192648261
2415279 163666434
1829986 109517949
2201038 210718935
11830 476770
2269921 155720034
1669894 100047115
90569 2020216
1100445 68934668
141713 3752688
157268 7155950
65845 1417557
2029691 170230216
1302445 71298226
615871 27521024
3706749 303564311
594267 26178275
5885 52198
1422816 93781185
19070 289213
35522 557152
46629 860873
2911628 212710603
9637 100955
8995 91147
269220 10197138
2602389 174590727
384 3795
1630605 98195426
658605 30353994
2646935 211017468
980787 53347548
1746024 124311069
935050 46104514
3300392 243144283
867284 41272405
12131 135421
75704 1656498
21980 292458
27739 422761
4088480 321570143
3114634 245612186
3498141 272144588
1 2
67012 1350011
3152397 229353294
3097096 229148710
1332176 72738004
94697 2217183
3251840 256627904
18505 230056
11255 134685
551632 21923231
21618 360768
1891464 125299359
1140 4845
122646 3042030
80445 1661925
4499 55800
2084805 145484049
2473039 166393890
2437955 161231995
55 400
6388 58688
7 5
180497 7154913
153947 4395511
11628 147252
2705486 185771773
187460 4780230
2193854 141477042
1088786 60491082
1 0
94039 2118902
2607541 182683273
2450980 148897035
3683547 284116620
942248 50083584
11343 123143
2793463 233374539
686011 31148503
867815 40381610
1571177 89729894
1810 10587
856065 59566293
2404580 161131549
366644 12822360
245625 8430717
1531070 86452404
278390 14123005
1334131 74122697
1711672 137741990
1756 12400
745258 35073126
29489 581373
7428 73451
3353339 274927606
95284 1929501
4334 104539
853562 60594926
44677 811046
811560 65168810
3462 57141
2056073 130105693
211349 6199603
3022 20436
240546 10039323
830023 38565050
752084 50407067
3554455 265053794
169 667
28591 452812
3290429 243110437
3231 70362
416899 15305216
863947 40374268
1830773 109519655
11891 135259
105419 2437387
1917230 127457324
3456994 261127285
69920 4660720
27009 421950
32609 554241
624318 38812037
142811 3607750
68518 1351442
341688 13500120
2203698 189770811
2917591 253788753
519304 32600903
1408313 85992232
336814 12393805
1547689 89668413
4072 31375
1580 14110
20825 249900
1642804 98236851
489762 19153785
1007019 52401177
154022 4895414
195084 6587894
211237 12292947
649 3014
2198612 164867480
518980 30676152
481929 36573593
8352 82053
3104460 222759944
253 965
85632 1834752
374887 13213673
1223810 96169325
827995 38560925
551675 68571120
670194 29000378
4898 45833
447398 17139246
2659 20214
55326 1026960
644526 33831474
2525881 176984087
700997 32650730
1043578 55772968
33264 663140
87484 2015599
242939 17443290
1686348 114422765
8253 82005
988301 50254786
789 4677
702474 30468309
274900 9339622
581306 26755366
301532 9990807
3145380 229330059
55305 1026924
262837 8203125
74368 1500682
422 3311
1756 23577
1197936 70860356
833095 91021575
4 5
356617 12436972
2843284 200496889
411556 15295565
13025 148671
542937 22469721
1730511 116578742
3238854 236214980
712456 46338759
2397985 181475332
2742045 220688381
3654 23751
5984 46376
676 8271
3431 38688
1961563 121546715
1774884 138507522
944 6874
1603187 124744409
643780 65037177
10 5
0 0
1382430 77076816
354483 12433499
39822 1575008
154074 5241183
43378 1741249
2993645 247990598
62600 1478999
751791 36676434
1164596 60754837
3975786 325287321
841961 49455679
1887971 139674606
652270 37589213
1778107 116873584
9033 91170
1683755 149583210
1188110 63246464
939819 45148743
3625700 276357859
11 40
153102 9463461
638406 28916615
55521 1027122
1808551 122831583
2084 14742
2152761 145852596
53209 1024646
272 1975
26218 420886
52645 1079409
55524 3174689
98659 2323870
2346217 153602177
1183903 80019176
1575792 108220893
2312624 151111183
3789222 324108207
3458954 275598223
924337 54052161
979174 48191808
114272 2669540
1011055 49277533
4603 45484
97723 2221272
490 1810
1636416 99926213
607852 78006067
933177 106405845
837 4716
11480 111930
17572 513428
154223 5241855
239811 7898013
1280690 101571392
0 0
3629653 326735721
781795 38421259
636467 26922217
40989 1089969
93 303
88746 2808663
2276367 165441081
1851 10601
0 0
495291 19163622
3518 27233
535847 21342277
19572 249599
981894 63173340
283371 9357350
235367 8394190
786868 44445201
2248248 190373451
3077487 282846441
106317 3874536
35237 556974
3499 27228
314598 10323543
2066 27484
1123565 59457560
6159 165081
449949 17144232
60660 1211106
98312 2426284
61889 1212617
123019 2917047
1784593 111247774
186139 6341066
1407731 85989958
133596 3317219
133650 4325145
1780959 184357455
2162940 125991255
470585 31271352
259411 8198205
7450 106578
3411107 250371602
59640 1028790
313848 13719159
4 5
1015986 74176719
518665 18671940
1201915 92879416
2921983 228199810
337120 11691449
557780 22500164
245493 8169231
108620 2893565
629852 62670511
2162040 186685518
1207848 64543008
730485 99696792
66121 1348991
666110 28307903
3591192 279963825
89829 2207624
1281844 80846492
10149 111428
5014 45952
434184 16206830
26 61
511624 21826508
799127 41030608
10 5
937135 163714720
57540 1461641
700901 30465793
240621 22595651
664385 29677868
251955 7923450
487634 18649175
154 845
80117 1661640
15725 194030
445270 19503148
288107 9963138
3110577 222777293
178319 5142253
228545 16075457
1180820 189423225
58369 1087047
1169351 60765472
161076 4747046
490381 19662266
2011002 129951375
