100
1424 1722
186 375
1517 852
1364 1816
1456 167
1502 1427
396 742
491 1256
1629 248
267 1412
909 829
1527 1860
1789 1332
1260 556
1814 1699
689 198
347 1811
1954 445
1619 1441
1099 927
704 1961
662 229
1962 909
998 1829
424 1499
1826 395
1627 641
1390 1687
1821 379
249 1585
621 924
46 1734
556 1086
437 214
1521 270
1996 1575
534 384
1089 551
176 415
1433 1187
1679 456
1849 631
1015 1828
1113 396
44 1670
73 744
533 1144
629 1258
1676 794
1078 526
1434 131
948 1482
158 980
1481 1687
1187 1824
1909 1998
854 1271
1200 1893
1777 610
108 1998
552 283
1801 1655
69 714
1121 1926
1935 457
808 1086
730 1778
784 139
1677 1325
196 117
1991 821
1232 168
1072 89
18 1887
682 856
1647 1454
502 591
1264 719
875 1846
685 554
591 1277
1252 1614
1579 465
1100 1500
1367 108
1993 703
1435 694
201 1402
1089 1501
1306 959
1252 1493
1990 747
1864 1211
962 799
1954 1553
449 14
1484 959
1839 1708
156 723
1481 56
