7 6 3
7 6 4
8 6 4
8 7 4
8 7 5
9 7 5
7 5 3
8 6 3
8 6 4
8 7 4
9 7 4
9 7 5
7 6 2
7 6 3
8 7 3
8 7 4
9 7 4
9 8 4
7 6 2
8 6 2
8 6 3
9 7 3
9 7 4
9 8 4
7 6 2
8 6 2
8 7 2
8 7 3
9 8 3
9 8 4
8 6 1
8 6 2
8 7 2
9 7 2
9 7 3
10 8 3
8 6 1
8 7 1
8 7 2
9 7 2
9 8 2
9 8 3
7 6 3
7 6 4
8 6 4
8 7 4
8 7 5
9 7 5
7 5 2
8 6 3
8 7 3
8 7 4
9 7 4
9 8 4
7 5 2
8 6 2
8 7 3
9 7 3
9 7 4
9 8 4
7 6 1
8 6 2
8 7 2
9 7 3
9 8 3
9 8 4
7 6 1
8 6 2
8 7 2
9 7 2
9 8 3
10 8 3
7 6 1
8 7 1
8 7 2
9 7 2
9 8 2
10 8 3
8 6 0
8 7 1
9 7 1
9 7 2
9 8 2
10 8 2
7 5 3
8 6 3
8 6 4
8 7 4
9 7 4
9 7 5
7 5 2
8 6 3
8 7 3
8 7 4
9 7 4
9 8 4
7 6 1
7 6 2
8 7 3
9 7 3
9 8 3
9 8 4
7 6 1
8 6 1
8 7 2
9 7 3
9 8 3
10 8 3
7 6 1
8 6 1
8 7 2
9 7 2
9 8 3
10 8 3
8 6 0
8 6 1
9 7 1
9 7 2
9 8 2
10 8 3
8 6 0
8 7 0
9 7 1
9 8 1
9 8 2
10 8 2
7 6 2
7 6 3
8 7 3
8 7 4
9 7 4
9 8 4
7 5 2
8 6 2
8 7 3
9 7 3
9 7 4
9 8 4
7 6 1
7 6 2
8 7 3
9 7 3
9 8 3
9 8 4
7 6 1
8 6 1
8 7 1
9 8 2
9 8 3
10 8 3
8 6 0
8 6 1
8 7 1
9 7 2
10 8 2
10 8 3
8 6 0
8 7 0
8 7 1
9 8 1
9 8 2
10 9 2
8 6 0
8 7 0
9 7 0
9 8 1
10 8 1
10 8 2
7 6 2
8 6 2
8 6 3
9 7 3
9 7 4
9 8 4
7 6 1
8 6 2
8 7 2
9 7 3
9 8 3
9 8 4
7 6 1
8 6 1
8 7 2
9 7 3
9 8 3
10 8 3
7 6 1
8 6 1
8 7 1
9 8 2
9 8 3
10 8 3
8 6 0
8 7 0
8 7 1
9 7 1
10 8 2
10 9 2
8 6 0
8 7 0
9 7 0
9 7 1
10 8 1
10 9 2
8 6 0
8 7 0
9 7 0
9 8 0
10 8 1
10 9 1
7 6 2
8 6 2
8 7 2
8 7 3
9 8 3
9 8 4
7 6 1
8 6 2
8 7 2
9 7 2
9 8 3
10 8 3
7 6 1
8 6 1
8 7 2
9 7 2
9 8 3
10 8 3
8 6 0
8 6 1
8 7 1
9 7 2
10 8 2
10 8 3
8 6 0
8 7 0
8 7 1
9 7 1
10 8 2
10 9 2
8 6 0
8 7 0
9 7 0
9 8 0
9 8 1
10 9 2
8 6 0
8 7 0
9 7 0
9 8 0
10 8 0
10 9 1
8 6 1
8 6 2
8 7 2
9 7 2
9 7 3
10 8 3
7 6 1
8 7 1
8 7 2
9 7 2
9 8 2
10 8 3
8 6 0
8 6 1
9 7 1
9 7 2
9 8 2
10 8 3
8 6 0
8 7 0
8 7 1
9 8 1
9 8 2
10 9 2
8 6 0
8 7 0
9 7 0
9 7 1
10 8 1
10 9 2
8 6 0
8 7 0
9 7 0
9 8 0
9 8 1
10 9 2
8 7 -1
8 7 0
9 7 0
9 8 0
10 8 0
10 9 0
8 6 1
8 7 1
8 7 2
9 7 2
9 8 2
9 8 3
8 6 0
8 7 1
9 7 1
9 7 2
9 8 2
10 8 2
8 6 0
8 7 0
9 7 1
9 8 1
9 8 2
10 8 2
8 6 0
8 7 0
9 7 0
9 8 1
10 8 1
10 8 2
8 6 0
8 7 0
9 7 0
9 8 0
10 8 1
10 9 1
8 6 0
8 7 0
9 7 0
9 8 0
10 8 0
10 9 1
8 7 -1
8 7 0
9 7 0
9 8 0
10 8 0
10 9 0
7 5 4
8 5 4
8 6 4
8 6 5
9 6 5
9 7 5
7 5 3
8 5 4
8 6 4
9 6 4
9 6 5
9 7 5
7 5 3
8 5 3
8 6 4
9 6 4
9 7 4
9 7 5
8 5 2
8 5 3
8 6 3
9 6 4
9 7 4
10 7 4
8 5 2
8 6 2
8 6 3
9 6 3
9 7 4
10 7 4
8 5 2
8 6 2
9 6 2
9 6 3
9 7 3
10 7 4
8 6 1
8 6 2
9 6 2
9 7 2
9 7 3
10 7 3
7 5 4
8 5 4
8 6 4
8 6 5
9 6 5
9 7 5
7 4 2
8 6 3
9 6 3
9 6 4
9 7 4
10 7 4
7 5 1
8 6 2
9 6 3
9 7 3
9 7 4
10 7 4
7 5 1
8 6 2
9 6 2
9 7 3
10 7 3
10 7 4
7 5 1
8 6 2
9 6 2
9 7 2
10 7 3
10 8 3
8 5 0
9 6 1
9 6 2
9 7 2
10 7 2
10 8 3
8 5 0
9 6 1
9 7 1
9 7 2
10 7 2
10 8 2
7 5 3
8 5 4
8 6 4
9 6 4
9 6 5
9 7 5
7 4 2
8 6 3
9 6 3
9 6 4
9 7 4
10 7 4
7 5 1
8 5 2
9 6 3
9 7 3
10 7 3
10 7 4
7 5 1
8 6 1
9 6 2
9 7 3
10 7 3
10 8 3
8 5 0
8 6 1
9 6 2
9 7 2
10 7 3
10 8 3
8 5 0
8 6 1
9 7 1
9 7 2
10 7 2
10 8 3
8 5 0
9 6 0
9 7 1
10 7 1
10 7 2
10 8 2
7 5 3
8 5 3
8 6 4
9 6 4
9 7 4
9 7 5
7 5 1
8 6 2
9 6 3
9 7 3
9 7 4
10 7 4
7 5 1
8 5 2
9 6 3
9 7 3
10 7 3
10 7 4
8 5 0
8 6 1
9 6 1
10 7 2
10 7 3
10 8 3
8 5 0
8 6 1
9 6 1
9 7 2
10 8 2
10 8 3
8 5 0
9 6 0
9 6 1
10 7 1
10 7 2
11 8 2
8 5 0
9 6 0
9 7 0
10 7 1
10 8 1
10 8 2
8 5 2
8 5 3
8 6 3
9 6 4
9 7 4
10 7 4
7 5 1
8 6 2
9 6 2
9 7 3
10 7 3
10 7 4
7 5 1
8 6 1
9 6 2
9 7 3
10 7 3
10 8 3
8 5 0
8 6 1
9 6 1
10 7 2
10 7 3
10 8 3
8 5 0
9 6 0
9 6 1
9 7 1
10 8 2
11 8 2
8 5 0
9 6 0
9 7 0
9 7 1
10 8 1
11 8 2
8 5 0
9 6 0
9 7 0
10 7 0
10 8 1
11 8 1
8 5 2
8 6 2
8 6 3
9 6 3
9 7 4
10 7 4
7 5 1
8 6 2
9 6 2
9 7 2
10 7 3
10 8 3
8 5 0
8 6 1
9 6 2
9 7 2
10 7 3
10 8 3
8 5 0
8 6 1
9 6 1
9 7 2
10 8 2
10 8 3
8 5 0
9 6 0
9 6 1
9 7 1
10 8 2
11 8 2
8 5 0
9 6 0
9 7 0
10 7 0
10 7 1
11 8 2
8 6 -1
9 6 0
9 7 0
10 7 0
10 8 0
11 8 1
8 5 2
8 6 2
9 6 2
9 6 3
9 7 3
10 7 4
8 5 0
9 6 1
9 6 2
9 7 2
10 7 2
10 8 3
8 5 0
8 6 1
9 7 1
9 7 2
10 7 2
10 8 3
8 5 0
9 6 0
9 6 1
10 7 1
10 7 2
11 8 2
8 5 0
9 6 0
9 7 0
9 7 1
10 8 1
11 8 2
8 5 0
9 6 0
9 7 0
10 7 0
10 7 1
11 8 2
8 6 -1
9 6 0
9 7 0
10 7 0
10 8 0
11 8 0
8 6 1
8 6 2
9 6 2
9 7 2
9 7 3
10 7 3
8 5 0
9 6 1
9 7 1
9 7 2
10 7 2
10 8 2
8 5 0
9 6 0
9 7 1
10 7 1
10 7 2
10 8 2
8 5 0
9 6 0
9 7 0
10 7 1
10 8 1
10 8 2
8 5 0
9 6 0
9 7 0
10 7 0
10 8 1
11 8 1
8 6 -1
9 6 0
9 7 0
10 7 0
10 8 0
11 8 1
8 6 -1
9 6 0
9 7 0
10 7 0
10 8 0
11 8 0
8 4 4
8 5 4
8 5 5
9 5 5
9 6 5
9 6 6
7 4 3
8 5 4
9 5 4
9 6 4
9 6 5
10 6 5
8 4 2
8 5 3
9 5 4
9 6 4
10 6 4
10 6 5
8 4 2
8 5 3
9 5 3
9 6 4
10 6 4
10 7 4
8 4 2
9 5 2
9 5 3
9 6 3
10 6 4
10 7 4
8 5 1
9 5 2
9 6 2
9 6 3
10 6 3
10 7 4
8 5 1
9 5 2
9 6 2
10 6 2
10 6 3
10 7 3
8 4 4
8 5 4
8 5 5
9 5 5
9 6 5
9 6 6
7 4 2
9 5 3
9 5 4
9 6 4
10 6 4
10 6 5
7 4 2
8 5 3
9 6 3
9 6 4
10 6 4
10 7 4
8 4 1
9 5 2
9 5 3
10 6 3
10 6 4
10 7 4
8 4 1
9 5 2
9 6 2
9 6 3
10 7 3
10 7 4
8 4 1
9 5 2
9 6 2
10 6 2
10 6 3
11 7 3
8 5 0
9 6 1
9 6 2
10 6 2
10 7 2
10 7 3
7 4 3
8 5 4
9 5 4
9 6 4
9 6 5
10 6 5
7 4 2
9 5 3
9 5 4
9 6 4
10 6 4
10 6 5
8 4 1
8 5 1
9 6 3
10 6 3
10 7 3
10 7 4
8 4 1
8 5 1
9 6 2
10 6 3
10 7 3
11 7 3
8 5 0
8 5 1
9 6 2
10 6 2
10 7 3
11 7 3
8 5 0
9 5 0
10 6 1
10 6 2
10 7 2
11 7 3
8 5 0
9 5 0
10 6 1
10 7 1
10 7 2
11 7 2
8 4 2
8 5 3
9 5 4
9 6 4
10 6 4
10 6 5
7 4 2
8 5 3
9 6 3
9 6 4
10 6 4
10 7 4
8 4 1
8 5 1
9 6 3
10 6 3
10 7 3
10 7 4
8 5 0
8 5 1
9 6 1
10 7 2
10 7 3
11 7 3
8 5 0
9 5 0
9 6 1
10 6 2
11 7 2
11 7 3
8 5 0
9 5 0
9 6 1
10 7 1
10 7 2
11 8 2
8 5 0
9 5 0
10 6 0
10 7 1
11 7 1
11 7 2
8 4 2
8 5 3
9 5 3
9 6 4
10 6 4
10 7 4
8 4 1
9 5 2
9 5 3
10 6 3
10 6 4
10 7 4
8 4 1
8 5 1
9 6 2
10 6 3
10 7 3
11 7 3
8 5 0
8 5 1
9 6 1
10 7 2
10 7 3
11 7 3
8 5 0
9 5 0
9 6 1
10 6 1
11 7 2
11 8 2
8 5 0
9 5 0
10 6 0
10 6 1
11 7 1
11 8 2
8 5 0
9 5 0
10 6 0
10 7 0
11 7 1
11 8 1
8 4 2
9 5 2
9 5 3
9 6 3
10 6 4
10 7 4
8 4 1
9 5 2
9 6 2
9 6 3
10 7 3
10 7 4
8 5 0
8 5 1
9 6 2
10 6 2
10 7 3
11 7 3
8 5 0
9 5 0
9 6 1
10 6 2
11 7 2
11 7 3
8 5 0
9 5 0
9 6 1
10 6 1
11 7 2
11 8 2
8 5 0
9 5 0
10 6 0
10 7 0
10 7 1
11 8 2
9 5 -1
9 5 0
10 6 0
10 7 0
11 7 0
11 8 1
8 5 1
9 5 2
9 6 2
9 6 3
10 6 3
10 7 4
8 4 1
9 5 2
9 6 2
10 6 2
10 6 3
11 7 3
8 5 0
9 5 0
10 6 1
10 6 2
10 7 2
11 7 3
8 5 0
9 5 0
9 6 1
10 7 1
10 7 2
11 8 2
8 5 0
9 5 0
10 6 0
10 6 1
11 7 1
11 8 2
8 5 0
9 5 0
10 6 0
10 7 0
10 7 1
11 8 2
9 5 -1
9 6 -1
10 6 0
10 7 0
11 7 0
11 8 0
8 5 1
9 5 2
9 6 2
10 6 2
10 6 3
10 7 3
8 5 0
9 6 1
9 6 2
10 6 2
10 7 2
10 7 3
8 5 0
9 5 0
10 6 1
10 7 1
10 7 2
11 7 2
8 5 0
9 5 0
10 6 0
10 7 1
11 7 1
11 7 2
8 5 0
9 5 0
10 6 0
10 7 0
11 7 1
11 8 1
9 5 -1
9 5 0
10 6 0
10 7 0
11 7 0
11 8 1
9 5 -1
9 6 -1
10 6 0
10 7 0
11 7 0
11 8 0
8 3 4
9 4 4
9 4 5
9 5 5
10 5 5
10 5 6
8 3 3
9 4 4
9 5 4
9 5 5
10 5 5
10 6 5
8 4 2
8 4 3
9 5 4
10 5 4
10 6 4
10 6 5
8 4 2
9 4 2
9 5 3
10 5 4
10 6 4
11 6 4
8 4 2
9 4 2
9 5 3
10 5 3
10 6 4
11 6 4
9 4 1
9 4 2
10 5 2
10 5 3
10 6 3
11 6 4
9 4 1
9 5 1
10 5 2
10 6 2
10 6 3
11 6 3
8 3 4
9 4 4
9 4 5
9 5 5
10 5 5
10 5 6
8 3 2
9 4 4
9 5 4
10 5 4
10 5 5
10 6 5
8 3 2
9 4 2
10 5 3
10 5 4
10 6 4
11 6 4
8 4 1
9 4 2
9 5 3
10 6 3
10 6 4
11 6 4
8 4 1
9 4 2
10 5 2
10 5 3
11 6 3
11 6 4
8 4 1
9 5 1
10 5 2
10 6 2
10 6 3
11 7 3
9 4 0
9 5 1
10 5 2
10 6 2
11 6 2
11 6 3
8 3 3
9 4 4
9 5 4
9 5 5
10 5 5
10 6 5
8 3 2
9 4 4
9 5 4
10 5 4
10 5 5
10 6 5
8 4 1
8 4 2
10 5 3
10 6 3
10 6 4
11 6 4
8 4 1
9 4 1
10 5 2
10 6 3
11 6 3
11 6 4
8 4 1
9 4 1
10 5 2
10 6 2
11 6 3
11 7 3
9 4 0
9 4 1
10 5 2
10 6 2
11 6 2
11 7 3
9 4 0
9 5 0
10 6 1
10 6 2
11 6 2
11 7 2
8 4 2
8 4 3
9 5 4
10 5 4
10 6 4
10 6 5
8 3 2
9 4 2
10 5 3
10 5 4
10 6 4
11 6 4
8 4 1
8 4 2
10 5 3
10 6 3
10 6 4
11 6 4
9 4 0
9 4 1
9 5 1
11 6 2
11 6 3
11 7 3
9 4 0
9 5 0
9 5 1
10 6 2
11 7 2
11 7 3
9 4 0
9 5 0
10 5 0
11 6 1
11 6 2
12 7 2
9 4 0
9 5 0
10 5 0
11 6 1
11 7 1
11 7 2
8 4 2
9 4 2
9 5 3
10 5 4
10 6 4
11 6 4
8 4 1
9 4 2
9 5 3
10 6 3
10 6 4
11 6 4
8 4 1
9 4 1
10 5 2
10 6 3
11 6 3
11 6 4
9 4 0
9 4 1
9 5 1
11 6 2
11 6 3
11 7 3
9 4 0
9 5 0
10 5 0
10 6 1
11 7 2
12 7 2
9 4 0
9 5 0
10 5 0
10 6 1
11 7 1
12 7 2
9 4 0
9 5 0
10 5 0
11 6 0
11 7 1
12 7 1
8 4 2
9 4 2
9 5 3
10 5 3
10 6 4
11 6 4
8 4 1
9 4 2
10 5 2
10 5 3
11 6 3
11 6 4
8 4 1
9 4 1
10 5 2
10 6 2
11 6 3
11 7 3
9 4 0
9 5 0
9 5 1
10 6 2
11 7 2
11 7 3
9 4 0
9 5 0
10 5 0
10 6 1
11 7 2
12 7 2
9 4 0
9 5 0
10 5 0
11 6 0
11 6 1
12 7 2
9 5 -1
9 5 0
10 5 0
11 6 0
11 7 0
12 7 1
9 4 1
9 4 2
10 5 2
10 5 3
10 6 3
11 6 4
8 4 1
9 5 1
10 5 2
10 6 2
10 6 3
11 7 3
9 4 0
9 4 1
10 5 2
10 6 2
11 6 2
11 7 3
9 4 0
9 5 0
10 5 0
11 6 1
11 6 2
12 7 2
9 4 0
9 5 0
10 5 0
10 6 1
11 7 1
12 7 2
9 4 0
9 5 0
10 5 0
11 6 0
11 6 1
12 7 2
9 5 -1
10 5 -1
10 5 0
11 6 0
11 7 0
12 7 0
9 4 1
9 5 1
10 5 2
10 6 2
10 6 3
11 6 3
9 4 0
9 5 1
10 5 2
10 6 2
11 6 2
11 6 3
9 4 0
9 5 0
10 6 1
10 6 2
11 6 2
11 7 2
9 4 0
9 5 0
10 5 0
11 6 1
11 7 1
11 7 2
9 4 0
9 5 0
10 5 0
11 6 0
11 7 1
12 7 1
9 5 -1
9 5 0
10 5 0
11 6 0
11 7 0
12 7 1
9 5 -1
10 5 -1
10 5 0
11 6 0
11 7 0
12 7 0
8 3 4
9 3 4
9 4 5
10 4 5
10 5 5
10 5 6
8 3 3
9 3 4
10 4 4
10 4 5
10 5 5
11 5 5
8 3 3
9 3 3
10 4 4
10 5 4
10 5 5
11 5 5
9 3 2
9 4 2
9 4 3
10 5 4
11 5 4
11 6 4
9 3 2
9 4 2
10 4 2
10 5 3
11 5 4
11 6 4
9 4 1
9 4 2
10 4 2
10 5 3
11 5 3
11 6 4
9 4 1
10 4 1
10 4 2
11 5 2
11 5 3
11 6 3
8 3 4
9 3 4
9 4 5
10 4 5
10 5 5
10 5 6
8 3 2
9 4 3
10 4 4
10 5 4
10 5 5
11 5 5
8 3 2
9 3 3
10 4 4
10 5 4
11 5 4
11 5 5
9 3 1
9 4 2
10 4 2
11 5 3
11 5 4
11 6 4
9 3 1
9 4 2
10 4 2
10 5 3
11 6 3
11 6 4
9 3 1
10 4 1
10 4 2
11 5 2
11 5 3
12 6 3
9 4 0
10 4 1
10 5 1
11 5 2
11 6 2
11 6 3
8 3 3
9 3 4
10 4 4
10 4 5
10 5 5
11 5 5
8 3 2
9 4 3
10 4 4
10 5 4
10 5 5
11 5 5
8 3 2
9 3 2
10 5 3
10 5 4
11 5 4
11 6 4
9 3 1
9 4 1
10 4 2
11 5 3
11 6 3
11 6 4
9 3 1
9 4 1
10 4 2
11 5 2
11 6 3
12 6 3
9 4 0
9 4 1
10 5 1
11 5 2
11 6 2
12 6 3
9 4 0
10 4 0
10 5 1
11 5 2
11 6 2
12 6 2
8 3 3
9 3 3
10 4 4
10 5 4
10 5 5
11 5 5
8 3 2
9 3 3
10 4 4
10 5 4
11 5 4
11 5 5
8 3 2
9 3 2
10 5 3
10 5 4
11 5 4
11 6 4
9 3 1
9 4 1
10 4 1
11 5 3
11 6 3
12 6 3
9 4 0
9 4 1
10 4 1
11 5 2
11 6 3
12 6 3
9 4 0
10 4 0
10 4 1
11 5 2
11 6 2
12 6 3
9 4 0
10 4 0
10 5 0
11 6 1
11 6 2
12 6 2
9 3 2
9 4 2
9 4 3
10 5 4
11 5 4
11 6 4
9 3 1
9 4 2
10 4 2
11 5 3
11 5 4
11 6 4
9 3 1
9 4 1
10 4 2
11 5 3
11 6 3
11 6 4
9 3 1
9 4 1
10 4 1
11 5 3
11 6 3
12 6 3
9 4 0
10 4 0
10 5 0
10 5 1
12 6 2
12 7 2
9 4 0
10 4 0
10 5 0
11 5 0
12 6 1
12 7 2
9 4 0
10 4 0
10 5 0
11 5 0
12 6 1
12 7 1
9 3 2
9 4 2
10 4 2
10 5 3
11 5 4
11 6 4
9 3 1
9 4 2
10 4 2
10 5 3
11 6 3
11 6 4
9 3 1
9 4 1
10 4 2
11 5 2
11 6 3
12 6 3
9 4 0
9 4 1
10 4 1
11 5 2
11 6 3
12 6 3
9 4 0
10 4 0
10 5 0
10 5 1
12 6 2
12 7 2
9 4 0
10 4 0
10 5 0
11 5 0
11 6 1
12 7 2
10 4 -1
10 4 0
10 5 0
11 5 0
12 6 0
12 7 1
9 4 1
9 4 2
10 4 2
10 5 3
11 5 3
11 6 4
9 3 1
10 4 1
10 4 2
11 5 2
11 5 3
12 6 3
9 4 0
9 4 1
10 5 1
11 5 2
11 6 2
12 6 3
9 4 0
10 4 0
10 4 1
11 5 2
11 6 2
12 6 3
9 4 0
10 4 0
10 5 0
11 5 0
12 6 1
12 7 2
9 4 0
10 4 0
10 5 0
11 5 0
11 6 1
12 7 2
10 4 -1
10 5 -1
10 5 0
11 5 0
12 6 0
12 7 0
9 4 1
10 4 1
10 4 2
11 5 2
11 5 3
11 6 3
9 4 0
10 4 1
10 5 1
11 5 2
11 6 2
11 6 3
9 4 0
10 4 0
10 5 1
11 5 2
11 6 2
12 6 2
9 4 0
10 4 0
10 5 0
11 6 1
11 6 2
12 6 2
9 4 0
10 4 0
10 5 0
11 5 0
12 6 1
12 7 1
10 4 -1
10 4 0
10 5 0
11 5 0
12 6 0
12 7 1
10 4 -1
10 5 -1
10 5 0
11 5 0
12 6 0
12 7 0
9 2 4
9 3 4
10 3 4
10 4 5
11 4 5
11 4 6
9 2 3
9 3 4
10 3 4
10 4 5
11 4 5
11 5 5
9 2 3
9 3 3
10 3 4
11 4 4
11 4 5
11 5 5
9 3 2
9 3 3
10 3 3
11 4 4
11 5 4
11 5 5
9 3 2
10 3 2
10 4 2
10 4 3
11 5 4
12 5 4
10 3 1
10 3 2
10 4 2
11 4 2
11 5 3
12 5 4
10 3 1
10 4 1
10 4 2
11 4 2
11 5 3
12 5 3
9 2 4
9 3 4
10 3 4
10 4 5
11 4 5
11 4 6
9 2 2
10 3 3
10 3 4
11 4 4
11 4 5
11 5 5
9 2 2
9 3 3
10 4 3
11 4 4
11 5 4
11 5 5
9 2 2
10 3 2
10 3 3
11 4 4
11 5 4
12 5 4
9 3 1
10 3 2
10 4 2
11 4 2
12 5 3
12 5 4
9 3 1
10 4 1
10 4 2
11 4 2
11 5 3
12 6 3
10 3 0
10 4 1
11 4 1
11 4 2
12 5 2
12 5 3
9 2 3
9 3 4
10 3 4
10 4 5
11 4 5
11 5 5
9 2 2
10 3 3
10 3 4
11 4 4
11 4 5
11 5 5
9 2 2
9 3 2
10 4 3
11 4 4
11 5 4
12 5 4
9 3 1
9 3 2
10 4 2
11 5 3
11 5 4
12 5 4
9 3 1
10 3 1
10 4 2
11 4 2
12 5 3
12 6 3
10 3 0
10 3 1
11 4 1
11 4 2
12 5 2
12 6 3
10 3 0
10 4 0
11 4 1
11 5 1
12 5 2
12 6 2
9 2 3
9 3 3
10 3 4
11 4 4
11 4 5
11 5 5
9 2 2
9 3 3
10 4 3
11 4 4
11 5 4
11 5 5
9 2 2
9 3 2
10 4 3
11 4 4
11 5 4
12 5 4
9 3 1
10 3 1
10 3 2
11 5 3
12 5 3
12 5 4
10 3 0
10 3 1
10 4 1
11 4 2
12 5 3
12 6 3
10 3 0
10 4 0
10 4 1
11 5 1
12 5 2
12 6 3
10 3 0
10 4 0
11 4 0
11 5 1
12 5 2
12 6 2
9 3 2
9 3 3
10 3 3
11 4 4
11 5 4
11 5 5
9 2 2
10 3 2
10 3 3
11 4 4
11 5 4
12 5 4
9 3 1
9 3 2
10 4 2
11 5 3
11 5 4
12 5 4
9 3 1
10 3 1
10 3 2
11 5 3
12 5 3
12 5 4
10 3 0
10 4 0
10 4 1
11 4 1
12 6 2
12 6 3
10 3 0
10 4 0
11 4 0
11 4 1
12 5 2
13 6 2
10 3 0
10 4 0
11 4 0
11 5 0
12 6 1
12 6 2
9 3 2
10 3 2
10 4 2
10 4 3
11 5 4
12 5 4
9 3 1
10 3 2
10 4 2
11 4 2
12 5 3
12 5 4
9 3 1
10 3 1
10 4 2
11 4 2
12 5 3
12 6 3
10 3 0
10 3 1
10 4 1
11 4 2
12 5 3
12 6 3
10 3 0
10 4 0
10 4 1
11 4 1
12 6 2
12 6 3
10 3 0
10 4 0
11 4 0
11 5 0
12 5 0
13 6 2
10 4 -1
10 4 0
11 4 0
11 5 0
12 5 0
13 6 1
10 3 1
10 3 2
10 4 2
11 4 2
11 5 3
12 5 4
9 3 1
10 4 1
10 4 2
11 4 2
11 5 3
12 6 3
10 3 0
10 3 1
11 4 1
11 4 2
12 5 2
12 6 3
10 3 0
10 4 0
10 4 1
11 5 1
12 5 2
12 6 3
10 3 0
10 4 0
11 4 0
11 4 1
12 5 2
13 6 2
10 3 0
10 4 0
11 4 0
11 5 0
12 5 0
13 6 2
10 4 -1
11 4 -1
11 4 0
11 5 0
12 5 0
13 6 0
10 3 1
10 4 1
10 4 2
11 4 2
11 5 3
12 5 3
10 3 0
10 4 1
11 4 1
11 4 2
12 5 2
12 5 3
10 3 0
10 4 0
11 4 1
11 5 1
12 5 2
12 6 2
10 3 0
10 4 0
11 4 0
11 5 1
12 5 2
12 6 2
10 3 0
10 4 0
11 4 0
11 5 0
12 6 1
12 6 2
10 4 -1
10 4 0
11 4 0
11 5 0
12 5 0
13 6 1
10 4 -1
11 4 -1
11 4 0
11 5 0
12 5 0
13 6 0
9 2 4
10 2 4
10 3 4
10 3 5
11 4 5
11 4 6
9 2 3
10 2 4
10 3 4
11 3 4
11 4 5
12 4 5
9 2 3
10 2 3
10 3 4
11 3 4
11 4 5
12 4 5
10 2 2
10 2 3
10 3 3
11 3 4
12 4 4
12 4 5
10 2 2
10 3 2
10 3 3
11 3 3
12 4 4
12 5 4
10 3 1
10 3 2
11 3 2
11 4 2
11 4 3
12 5 4
10 3 1
11 3 1
11 3 2
11 4 2
12 4 2
12 5 3
9 2 4
10 2 4
10 3 4
10 3 5
11 4 5
11 4 6
9 2 2
10 3 3
10 3 4
11 3 4
11 4 5
12 4 5
9 2 2
10 2 3
11 3 3
11 3 4
12 4 4
12 4 5
9 2 2
10 3 2
10 3 3
11 4 3
12 4 4
12 5 4
10 2 1
10 3 2
11 3 2
11 3 3
12 4 4
12 5 4
10 2 1
11 3 1
11 3 2
11 4 2
12 4 2
13 5 3
10 3 0
11 3 1
11 4 1
11 4 2
12 4 2
12 5 3
9 2 3
10 2 4
10 3 4
11 3 4
11 4 5
12 4 5
9 2 2
10 3 3
10 3 4
11 3 4
11 4 5
12 4 5
9 2 2
10 2 2
11 3 3
11 4 3
12 4 4
12 5 4
10 2 1
10 2 2
11 3 2
11 4 3
12 4 4
12 5 4
10 2 1
10 3 1
11 3 2
11 4 2
12 5 3
12 5 4
10 3 0
10 3 1
11 4 1
11 4 2
12 4 2
13 5 3
10 3 0
11 3 0
11 4 1
12 4 1
12 4 2
13 5 2
9 2 3
10 2 3
10 3 4
11 3 4
11 4 5
12 4 5
9 2 2
10 2 3
11 3 3
11 3 4
12 4 4
12 4 5
9 2 2
10 2 2
11 3 3
11 4 3
12 4 4
12 5 4
10 2 1
10 3 1
10 3 2
11 4 3
12 5 3
12 5 4
10 2 1
10 3 1
11 3 1
11 4 2
12 5 3
13 5 3
10 3 0
11 3 0
11 3 1
12 4 1
12 4 2
13 5 3
10 3 0
11 3 0
11 4 0
12 4 1
12 5 1
13 5 2
10 2 2
10 2 3
10 3 3
11 3 4
12 4 4
12 4 5
9 2 2
10 3 2
10 3 3
11 4 3
12 4 4
12 5 4
10 2 1
10 2 2
11 3 2
11 4 3
12 4 4
12 5 4
10 2 1
10 3 1
10 3 2
11 4 3
12 5 3
12 5 4
10 3 0
10 3 1
11 3 1
11 4 1
12 5 3
13 5 3
10 3 0
11 3 0
11 4 0
11 4 1
12 5 1
13 6 2
10 3 0
11 3 0
11 4 0
12 4 0
12 5 1
13 5 2
10 2 2
10 3 2
10 3 3
11 3 3
12 4 4
12 5 4
10 2 1
10 3 2
11 3 2
11 3 3
12 4 4
12 5 4
10 2 1
10 3 1
11 3 2
11 4 2
12 5 3
12 5 4
10 2 1
10 3 1
11 3 1
11 4 2
12 5 3
13 5 3
10 3 0
10 3 1
11 3 1
11 4 1
12 5 3
13 5 3
10 3 0
11 3 0
11 4 0
12 4 0
12 4 1
13 6 2
10 3 0
11 3 0
11 4 0
12 4 0
12 5 0
13 6 1
10 3 1
10 3 2
11 3 2
11 4 2
11 4 3
12 5 4
10 2 1
11 3 1
11 3 2
11 4 2
12 4 2
13 5 3
10 3 0
10 3 1
11 4 1
11 4 2
12 4 2
13 5 3
10 3 0
11 3 0
11 3 1
12 4 1
12 4 2
13 5 3
10 3 0
11 3 0
11 4 0
11 4 1
12 5 1
13 6 2
10 3 0
11 3 0
11 4 0
12 4 0
12 4 1
13 6 2
11 3 -1
11 4 -1
11 4 0
12 4 0
12 5 0
13 5 0
10 3 1
11 3 1
11 3 2
11 4 2
12 4 2
12 5 3
10 3 0
11 3 1
11 4 1
11 4 2
12 4 2
12 5 3
10 3 0
11 3 0
11 4 1
12 4 1
12 4 2
13 5 2
10 3 0
11 3 0
11 4 0
12 4 1
12 5 1
13 5 2
10 3 0
11 3 0
11 4 0
12 4 0
12 5 1
13 5 2
10 3 0
11 3 0
11 4 0
12 4 0
12 5 0
13 6 1
11 3 -1
11 4 -1
11 4 0
12 4 0
12 5 0
13 5 0
10 1 4
10 2 4
11 2 4
11 2 5
11 3 5
12 3 6
10 1 3
10 2 4
11 2 4
11 3 4
11 3 5
12 4 5
10 1 3
10 2 3
11 2 4
11 3 4
12 3 4
12 4 5
10 2 2
10 2 3
11 2 3
11 3 4
12 3 4
12 4 5
10 2 2
11 2 2
11 2 3
11 3 3
12 3 4
13 4 4
10 2 2
11 2 2
11 3 2
11 3 3
12 3 3
13 4 4
11 2 1
11 3 1
11 3 2
12 3 2
12 4 2
12 4 3
10 1 4
10 2 4
11 2 4
11 2 5
11 3 5
12 3 6
10 1 2
11 2 3
11 2 4
11 3 4
12 3 4
12 4 5
10 1 2
10 2 3
11 3 3
11 3 4
12 3 4
12 4 5
10 1 2
11 2 2
11 2 3
12 3 3
12 3 4
13 4 4
10 2 1
11 2 2
11 3 2
11 3 3
12 4 3
13 4 4
10 2 1
11 2 2
11 3 2
12 3 2
12 3 3
13 4 4
11 2 0
11 3 1
12 3 1
12 3 2
12 4 2
13 4 2
10 1 3
10 2 4
11 2 4
11 3 4
11 3 5
12 4 5
10 1 2
11 2 3
11 2 4
11 3 4
12 3 4
12 4 5
10 1 2
10 2 2
11 3 3
12 3 3
12 3 4
13 4 4
10 2 1
10 2 2
11 3 2
12 3 3
12 4 3
13 4 4
10 2 1
11 2 1
11 3 2
12 3 2
12 4 3
13 4 4
10 2 1
11 2 1
11 3 2
12 3 2
12 4 2
13 5 3
11 2 0
11 3 0
12 3 1
12 4 1
12 4 2
13 4 2
10 1 3
10 2 3
11 2 4
11 3 4
12 3 4
12 4 5
10 1 2
10 2 3
11 3 3
11 3 4
12 3 4
12 4 5
10 1 2
10 2 2
11 3 3
12 3 3
12 3 4
13 4 4
10 2 1
11 2 1
11 2 2
12 3 3
12 4 3
13 4 4
10 2 1
11 2 1
11 3 1
12 3 2
12 4 3
13 5 3
11 2 0
11 2 1
11 3 1
12 3 2
12 4 2
13 5 3
11 2 0
11 3 0
12 3 0
12 4 1
13 4 1
13 4 2
10 2 2
10 2 3
11 2 3
11 3 4
12 3 4
12 4 5
10 1 2
11 2 2
11 2 3
12 3 3
12 3 4
13 4 4
10 2 1
10 2 2
11 3 2
12 3 3
12 4 3
13 4 4
10 2 1
11 2 1
11 2 2
12 3 3
12 4 3
13 4 4
11 2 0
11 2 1
11 3 1
12 3 1
13 4 2
13 5 3
11 2 0
11 3 0
11 3 1
12 3 1
12 4 2
13 5 3
11 2 0
11 3 0
12 3 0
12 4 0
13 4 1
13 5 1
10 2 2
11 2 2
11 2 3
11 3 3
12 3 4
13 4 4
10 2 1
11 2 2
11 3 2
11 3 3
12 4 3
13 4 4
10 2 1
11 2 1
11 3 2
12 3 2
12 4 3
13 4 4
10 2 1
11 2 1
11 3 1
12 3 2
12 4 3
13 5 3
11 2 0
11 2 1
11 3 1
12 3 1
13 4 2
13 5 3
11 2 0
11 3 0
12 3 0
12 3 1
12 4 1
14 5 2
11 2 0
11 3 0
12 3 0
12 4 0
13 4 0
13 5 1
10 2 2
11 2 2
11 3 2
11 3 3
12 3 3
13 4 4
10 2 1
11 2 2
11 3 2
12 3 2
12 3 3
13 4 4
10 2 1
11 2 1
11 3 2
12 3 2
12 4 2
13 5 3
11 2 0
11 2 1
11 3 1
12 3 2
12 4 2
13 5 3
11 2 0
11 3 0
11 3 1
12 3 1
12 4 2
13 5 3
11 2 0
11 3 0
12 3 0
12 3 1
12 4 1
14 5 2
11 3 -1
11 3 0
12 3 0
12 4 0
13 4 0
13 5 0
11 2 1
11 3 1
11 3 2
12 3 2
12 4 2
12 4 3
11 2 0
11 3 1
12 3 1
12 3 2
12 4 2
13 4 2
11 2 0
11 3 0
12 3 1
12 4 1
12 4 2
13 4 2
11 2 0
11 3 0
12 3 0
12 4 1
13 4 1
13 4 2
11 2 0
11 3 0
12 3 0
12 4 0
13 4 1
13 5 1
11 2 0
11 3 0
12 3 0
12 4 0
13 4 0
13 5 1
11 3 -1
11 3 0
12 3 0
12 4 0
13 4 0
13 5 0
10 1 4
11 1 4
11 2 4
11 2 5
12 2 5
12 3 5
10 1 3
11 1 4
11 2 4
12 2 4
12 2 5
12 3 5
10 1 3
11 1 3
11 2 4
12 2 4
12 3 4
12 3 5
11 1 2
11 1 3
11 2 3
12 2 4
12 3 4
13 3 4
11 1 2
11 2 2
11 2 3
12 2 3
12 3 4
13 3 4
11 1 2
11 2 2
12 2 2
12 2 3
12 3 3
13 3 4
11 2 1
11 2 2
12 2 2
12 3 2
12 3 3
13 3 3
10 1 4
11 1 4
11 2 4
11 2 5
12 2 5
12 3 5
10 1 2
11 2 3
11 2 4
12 2 4
12 3 4
12 3 5
10 1 2
11 1 3
12 2 3
12 2 4
12 3 4
13 3 4
10 1 2
11 2 2
11 2 3
12 3 3
12 3 4
13 3 4
11 1 1
11 2 2
12 2 2
12 2 3
13 3 3
13 3 4
11 1 1
11 2 2
12 2 2
12 3 2
12 3 3
13 4 3
11 1 1
12 2 1
12 2 2
12 3 2
13 3 2
13 3 3
10 1 3
11 1 4
11 2 4
12 2 4
12 2 5
12 3 5
10 1 2
11 2 3
11 2 4
12 2 4
12 3 4
12 3 5
10 1 2
11 1 2
12 2 3
12 3 3
12 3 4
13 3 4
11 1 1
11 1 2
12 2 2
12 3 3
13 3 3
13 3 4
11 1 1
11 2 1
12 2 2
12 3 2
13 3 3
13 4 3
11 1 1
11 2 1
12 2 2
12 3 2
13 3 2
13 4 3
11 2 0
11 2 1
12 3 1
12 3 2
13 3 2
13 4 2
10 1 3
11 1 3
11 2 4
12 2 4
12 3 4
12 3 5
10 1 2
11 1 3
12 2 3
12 2 4
12 3 4
13 3 4
10 1 2
11 1 2
12 2 3
12 3 3
12 3 4
13 3 4
11 1 1
11 2 1
11 2 2
12 3 3
13 3 3
13 4 3
11 1 1
11 2 1
12 2 1
12 3 2
13 3 3
13 4 3
11 2 0
11 2 1
12 2 1
12 3 2
13 3 2
13 4 3
11 2 0
12 2 0
12 2 1
13 3 1
13 3 2
13 4 2
11 1 2
11 1 3
11 2 3
12 2 4
12 3 4
13 3 4
10 1 2
11 2 2
11 2 3
12 3 3
12 3 4
13 3 4
11 1 1
11 1 2
12 2 2
12 3 3
13 3 3
13 3 4
11 1 1
11 2 1
11 2 2
12 3 3
13 3 3
13 4 3
11 2 0
11 2 1
12 2 1
12 3 1
13 4 2
13 4 3
11 2 0
12 2 0
12 2 1
12 3 1
13 3 2
14 4 2
11 2 0
12 2 0
12 3 0
12 3 1
13 4 1
13 4 2
11 1 2
11 2 2
11 2 3
12 2 3
12 3 4
13 3 4
11 1 1
11 2 2
12 2 2
12 2 3
13 3 3
13 3 4
11 1 1
11 2 1
12 2 2
12 3 2
13 3 3
13 4 3
11 1 1
11 2 1
12 2 1
12 3 2
13 3 3
13 4 3
11 2 0
11 2 1
12 2 1
12 3 1
13 4 2
13 4 3
11 2 0
12 2 0
12 3 0
12 3 1
13 3 1
14 4 2
11 2 0
12 2 0
12 3 0
13 3 0
13 3 1
14 4 1
11 1 2
11 2 2
12 2 2
12 2 3
12 3 3
13 3 4
11 1 1
11 2 2
12 2 2
12 3 2
12 3 3
13 4 3
11 1 1
11 2 1
12 2 2
12 3 2
13 3 2
13 4 3
11 2 0
11 2 1
12 2 1
12 3 2
13 3 2
13 4 3
11 2 0
12 2 0
12 2 1
12 3 1
13 3 2
14 4 2
11 2 0
12 2 0
12 3 0
12 3 1
13 3 1
14 4 2
11 2 0
12 2 0
12 3 0
13 3 0
13 4 0
13 4 1
11 2 1
11 2 2
12 2 2
12 3 2
12 3 3
13 3 3
11 1 1
12 2 1
12 2 2
12 3 2
13 3 2
13 3 3
11 2 0
11 2 1
12 3 1
12 3 2
13 3 2
13 4 2
11 2 0
12 2 0
12 2 1
13 3 1
13 3 2
13 4 2
11 2 0
12 2 0
12 3 0
12 3 1
13 4 1
13 4 2
11 2 0
12 2 0
12 3 0
13 3 0
13 3 1
14 4 1
11 2 0
12 2 0
12 3 0
13 3 0
13 4 0
13 4 1
