589380
643440
556920
173250
162288
236320
545664
136448
418592
401562
184860
614880
372240
776160
552960
290528
148800
776860
675840
539070
47664
356400
184800
29944
91098
254352
520080
542500
614400
343290
391620
77760
243480
135728
47728
356580
585120
295020
279552
301680
325440
61712
596736
425940
711936
44270
497664
224592
592704
457056
581184
48096
153944
198572
604800
338400
323196
129312
334240
325632
189280
260790
621600
75376
119784
19208
348672
707616
455820
706176
1553760
217440
33012
95240
336784
823004
393600
234300
292694
108592
437760
269912
541548
449280
413440
345648
334320
365148
295200
369396
94080
411264
897624
869184
278208
170400
227960
207984
855168
882000
527620
118104
458676
40176
665280
549240
668484
199080
980000
287928
408428
273930
552960
919968
533520
40068
161280
347244
945896
825804
262080
605130
80078
277452
43584
249840
314556
373968
299520
964320
359392
18936
677376
336488
142656
572376
452640
514512
425304
185472
222030
748800
325920
70928
68416
44730
588672
190320
73752
515256
331764
314496
184032
547008
240732
1103976
642432
694638
607104
1032192
427680
430260
89536
141372
15840
718272
306614
269304
238032
415872
499970
165080
31608
344178
753960
641520
457920
968760
1271088
909720
187080
335094
734976
571032
442700
567768
600780
465000
182952
160380
433566
307338
914004
457920
10368
108770
583200
931200
804580
1309440
34560
304920
511920
869064
316800
250044
733824
113144
117864
809712
888480
632896
92958
342672
398016
351616
16800
987840
83328
320640
217188
145152
365810
1041040
477232
534240
828900
372408
523584
259756
76440
244080
418530
975632
954720
349596
6048
168000
115134
79560
203840
205184
427680
343872
354432
594432
196032
417564
105408
808108
467280
108528
527814
140322
389448
748830
185328
552480
590976
437472
11160
856814
156572
267904
184548
366912
743274
558000
111108
497664
323760
44940
222144
654488
269676
659232
170448
45600
144144
466560
648986
344352
671496
129024
456960
367092
745920
447488
511812
351936
193968
818550
403200
141284
828270
552960
1333248
737856
486096
73152
146724
352470
577920
18144
129672
607392
301092
40920
1235520
558720
120852
788160
203948
267840
382470
147600
12420
74880
198900
266760
228360
407040
638750
4256
272288
216784
453096
783468
741888
404400
52416
119040
435402
777168
295182
693000
21636
180048
198072
409248
360096
262626
448112
125280
427056
34944
187528
316008
33176
277062
302160
580242
486368
552960
142644
267840
656640
421200
432978
497952
889728
18774
1092240
627200
244188
124956
296352
469392
76560
1085000
625968
384482
624234
302940
403200
882432
33594
223272
692664
688128
744696
68712
18974
146934
660888
779664
517260
404124
266400
140400
58898
479640
524160
1005480
115248
75792
709632
917280
633600
475416
541824
85188
107778
88256
772128
88506
160272
624384
460800
897150
37440
597128
337144
395808
441408
55872
1149120
489672
23910
114816
470592
401856
797916
30590
35640
140210
368928
846570
331020
475728
755440
98208
113960
269824
591312
243600
321300
510480
404352
348036
354144
786240
356448
428760
628992
813960
529728
1572480
145532
335232
36720
601392
108864
518308
125930
474060
159936
240688
282912
168000
390600
407736
206388
997920
177216
589932
545292
766800
161280
587520
59976
907296
421456
263402
451440
150732
556416
345068
1083264
776846
503720
709632
603040
596856
172512
175824
544152
174080
181124
317760
979776
419328
570432
1375842
926208
31238
276192
150962
430032
510948
235320
404040
12040
28776
110520
440208
295200
412032
231192
66092
454680
1034208
234432
1048320
470832
47288
43776
728640
441000
183456
331992
288576
304524
317520
104832
960000
1044240
540576
8244
462384
225456
465196
349248
286020
1053696
617760
279312
125748
260736
213120
20412
213528
235008
463960
341270
637728
418068
44496
431280
293832
142380
500400
565440
870480
68922
589608
448552
299904
148608
1044480
323592
904704
179088
1025622
557336
547248
529920
249780
697562
658368
120218
202368
175296
387078
331776
384320
210816
696320
338904
1187424
507276
475200
140606
753984
165186
347328
559440
137808
177240
542880
892080
736596
115080
894240
351288
294762
405090
1173744
1061100
1123696
705810
553176
306180
424704
1117800
276864
877680
557784
741936
238392
339240
691200
599040
637248
860160
1337700
620976
213696
346608
198720
166104
393954
452270
510804
628320
199800
336222
40800
361904
653040
674784
569394
766080
1263808
418176
38192
412848
195048
170940
295680
1097712
112964
165816
782040
173540
297738
86736
408240
753480
126800
369600
515130
320544
375888
612864
201558
588544
243756
784800
110080
192044
704016
110472
1399216
71680
131040
333900
682584
682668
91476
665700
6156
154728
404928
766752
373464
239760
476496
389648
954072
271232
544320
943488
94080
682290
366448
720936
494912
35820
147168
177120
125280
620928
469560
80500
1028880
81936
932400
1292018
644436
191952
850640
231680
431676
398880
399168
694400
433832
97308
101120
148800
296352
220864
1276096
291840
491448
360108
549648
96222
285842
31122
313740
818760
128030
463320
947856
591576
725760
230762
482040
1031184
540288
318240
26040
746568
50840
740772
517536
338640
40964
624600
548352
456280
546840
737280
484096
410400
386320
361296
354304
565440
989520
629280
576000
284262
283720
976896
353100
783720
223104
119040
198314
516942
737100
429408
143216
537840
544320
493024
182928
818440
54900
359136
165312
532752
798336
5160
536472
101234
595840
107322
369408
131328
480170
421200
221760
406560
748800
250544
1098048
641280
756756
488448
92346
326772
99504
552096
643552
122688
433356
88020
750960
249368
112482
148550
572832
711480
375360
518736
1086048
45276
1100400
241456
612864
505440
665280
388800
466560
210924
155880
423410
293040
397440
1296
290752
385560
740544
392448
950400
179172
241560
191880
804972
426432
1076040
885330
36218
708344
640914
171616
577344
523754
383768
212226
208560
353808
108744
995680
1085616
152100
327630
996624
158040
376596
22144
780264
786240
525792
594000
411840
269184
114912
249876
614376
121296
213248
154080
699920
219456
25560
297234
317056
245502
43960
978408
73416
176160
480816
371616
332640
90720
491040
710334
177540
407160
669816
561600
338760
630000
480144
410192
43536
729218
338226
63128
582084
410040
51072
511104
747720
303552
113436
474432
232748
572880
870240
45696
34656
747144
557640
484032
292896
391104
547200
97200
445592
492912
76392
1054080
393448
358308
65580
722496
117308
24336
207948
205200
510720
539280
517104
663768
14784
31680
1030176
258720
1018446
224064
140676
302940
825552
762888
560664
426408
388500
386352
483210
28224
468818
613056
843840
60840
832104
386100
55080
68544
463104
479570
843696
627264
571608
302400
759336
359930
34056
348480
8680
1249920
431136
320544
390720
619920
613008
393984
940680
943488
318624
417960
444528
112620
208080
460600
6384
284148
422592
430080
46860
543840
435360
684000
499968
446928
668304
127104
255918
421392
141792
228270
609354
672000
626688
148176
1208256
505920
418992
172368
521640
861192
966960
1191640
1374912
811020
457002
259200
448800
592056
718704
679536
39984
15552
468712
856110
669200
185136
278208
487602
871200
219240
642816
700416
319424
651744
451200
170214
144000
386154
276480
1170432
412368
26460
330624
188160
753012
455424
527904
437760
414276
603288
232320
551520
236160
761360
484056
576
461736
711048
271776
249696
769104
151380
721344
280800
1028160
348336
379848
63504
651062
74480
326304
1036800
783216
444240
852040
421566
129600
102144
794880
84480
638880
202230
63014
1096704
546120
664200
496800
111966
192000
656656
47664
513216
172360
256032
690480
74880
294762
858624
109824
240312
140970
468720
3042
225120
354640
155520
162240
553800
86328
387314
1009932
521112
90720
320272
48672
391104
98496
825216
570240
1124928
306432
10896
193814
483840
762300
630360
287712
1017792
220320
676860
384108
505224
721716
233280
509376
226548
629672
281520
96786
67392
1406160
18590
1100288
448292
754272
227664
297024
116064
507924
603876
1078272
516870
942480
268128
644952
510888
843840
771120
118464
194076
420000
276864
514944
417696
564660
309960
227688
272384
186144
318564
14976
133056
147312
327712
661248
62920
74592
633600
292110
242094
101640
861840
452808
643968
235032
422694
437364
58418
860496
293856
598752
405720
618192
922320
411840
265356
88272
712800
876680
827328
198930
211562
1583232
371952
426360
694512
395808
7272
385896
56680
211680
106344
379848
735876
227304
829192
198432
73200
1232322
50102
394240
613008
388640
64512
545280
1560174
82432
672624
683760
858060
1062936
690642
605352
622046
628416
21708
920160
381024
246240
548114
102288
27300
525504
745794
171648
689376
364032
165780
383964
69984
114504
528528
615060
603312
282774
188160
159840
21672
485760
1161810
530964
949344
52400
39804
570880
505476
295680
53192
666414
846720
424800
166608
506520
408282
211680
388512
256932
266796
1098144
366840
432318
378120
539136
40320
19710
717240
153330
75366
541392
83544
270764
12992
782220
707616
372792
189378
293022
41472
552960
458046
21960
149760
415792
436608
424440
658854
411840
463840
41552
884520
208320
110592
1067040
172988
422862
150336
153504
213290
599312
276480
493080
576288
538488
463428
930006
1094400
666882
1007820
804384
382824
228312
371952
556760
488160
22680
661320
451248
1193400
984256
569196
388080
216000
329178
242544
1074336
850176
174660
423456
223080
3520
424896
378042
339192
378504
52080
691200
8496
71520
477040
233716
513864
665730
228480
242460
954744
174240
964224
547840
31584
328320
156672
709128
398400
154980
20460
84320
267264
29184
414720
10740
435096
488160
589248
356114
134472
71760
3344
691740
53340
335280
238080
214440
84564
311472
400896
398992
319728
26136
150012
32946
310464
235104
189648
238128
308448
950040
185856
355680
364224
702324
685368
293550
6240
246132
582576
262560
189570
617520
54768
430704
1199520
340542
406800
646656
730080
120960
295862
703080
17232
187792
16560
578448
799344
58266
338034
310704
35280
948948
202032
790272
254624
735480
116440
242424
249352
279000
282240
707832
369336
913920
128856
103512
501760
248220
386400
215240
431976
175362
607104
819630
674640
200064
932976
246540
149328
774900
652392
218496
381600
470016
423360
293688
118336
372736
356928
729624
152784
443520
676760
133608
160164
767232
49104
474362
596232
39744
46410
134208
71064
328520
26448
422690
444528
181352
152640
9576
91656
118188
378576
521664
49632
13968
368280
415296
407664
58682
171360
851880
274784
676676
709280
60216
576576
625860
483840
624000
159192
238824
96768
93324
492480
242424
378612
23616
205800
461328
306432
53040
500472
422400
119016
531360
238614
499968
213714
345462
441648
147744
532224
312480
234120
709800
325674
5928
709422
205716
279720
229824
166320
20160
400520
528480
181296
305408
404404
102830
368220
171864
55712
19152
730266
99960
480960
506592
822864
262416
206304
839678
63264
345600
80244
747120
612360
798840
443520
103680
721344
12810
30780
619752
24156
65136
1136160
493200
707850
259200
432866
365814
7160
514304
213824
361240
260208
1324440
914760
55200
133920
429268
471744
171720
390374
361152
450104
56240
397936
188832
495360
167648
873810
56964
510336
183420
7980
748416
119808
253824
117840
26040
1094016
914976
44702
467910
442308
106974
603291
496692
453376
305352
223992
497952
277956
804672
258804
352800
127262
284472
50364
87552
243200
353388
1032192
410160
165676
645990
370392
194372
740320
474660
562464
104880
65520
792288
143856
1034208
71400
59220
486288
561456
146880
455196
648180
396288
938418
590496
130860
996480
452682
501696
167700
1037880
227520
70182
730848
3996
730080
721926
352512
412134
265472
370872
38160
422016
827904
14508
384720
212810
236220
496470
62496
702000
353696
838188
401760
249480
559980
283812
106020
63744
239424
63512
148824
36504
420294
191100
3512
73652
1027260
291560
312480
280800
412104
324
698138
816480
1153920
313600
132624
618240
393120
405384
693000
513504
933120
177156
477632
76368
193920
373464
219792
1428480
949536
328860
135618
315270
357348
265860
372744
50856
200400
302400
1535616
589062
46228
663552
151200
362000
761484
434928
362880
394674
136080
100590
590400
115782
56274
197106
675840
947856
353376
1166400
17104
306150
608256
506400
106200
238464
331694
54432
468720
756672
863040
137920
244440
648960
804384
866388
614400
42896
746250
254160
234360
386910
605280
730128
374166
323840
21168
687456
589310
600972
707976
314072
241920
82872
192192
368286
83244
352308
46512
291510
692544
122220
325632
910800
454740
418200
786240
297472
662424
75268
150360
276888
1824
17204
40960
185328
273240
821520
737268
287334
311952
439520
406512
441320
1423520
93600
1501416
425886
498640
188232
677040
1139040
360552
284988
317520
373230
494304
1081920
610176
542080
302976
474712
357080
495338
486720
100080
643032
223560
343296
321300
342570
397200
326144
4320
727116
268538
67716
397730
407100
184800
1252560
555408
604800
206388
125660
623766
260316
152600
365378
260568
483840
606816
348000
65664
495750
411684
1101120
359130
197568
67440
15840
60840
576576
13182
466944
365040
760662
63552
750200
133632
361650
777600
540728
1087776
627200
137088
479520
1179360
274680
765576
771840
112320
394488
99224
570720
645120
36216
339794
715824
762600
199584
302400
493728
318402
656640
525312
88704
695604
501536
816972
510432
262976
107520
75264
87204
622080
809160
345852
485280
148512
916032
365400
68859
178320
859260
607152
1211210
580800
1360800
624
1018656
311556
507384
766080
130752
191520
197390
341380
158400
136304
331584
21312
681120
490560
268584
746928
1110096
187920
613926
163920
924420
384048
179200
790020
727200
882000
592720
67680
588042
440820
238336
182616
16094
741888
441864
440198
1020768
154224
1083264
126372
150480
269568
423290
120960
597456
339444
135864
353700
545538
499392
200658
734400
293936
525312
617136
220064
402132
823200
700416
654360
390740
271584
195072
1029672
627704
676800
378324
77616
283016
406656
486720
454524
104400
151776
21714
252864
1082400
772044
305200
600552
245856
330336
423696
1552824
1009008
964800
108000
1185408
513744
45072
43884
1070244
450240
569790
114570
268812
172800
1165024
169260
562464
330012
504792
359328
192696
369920
290304
445892
21392
233472
982800
156408
328104
1083698
142724
590976
722520
816732
568912
345600
1389888
384384
787968
80808
326898
1179360
1482936
691656
490752
654120
119712
379224
497520
1680
155334
227448
199374
638232
1088640
184184
85518
224640
273652
183456
149112
514440
346800
800800
711360
771552
220446
131040
244776
231120
282240
232632
90720
492480
406752
210474
72072
134352
983072
845096
935828
380880
93230
624540
336672
656640
190080
82416
596880
442230
335988
428792
437654
450072
440232
79752
384748
78492
412566
376416
427680
1070550
374976
266112
495404
7440
195840
376688
667212
744192
213408
532332
593892
416444
208120
56378
9464
389244
308102
155120
635376
353920
518400
428544
551520
871080
217392
436832
232488
89348
749504
36288
215226
350208
432468
16464
259920
566502
302832
197568
452798
539968
263424
130052
110836
303696
72576
298550
20874
383172
718200
8316
80000
407712
518364
741312
604128
300468
767684
493920
88992
188720
116012
460224
186494
95472
79614
997920
1105440
356160
198072
1137600
790680
152604
172934
257472
98208
80352
985140
493290
294840
398476
438000
929376
951230
366048
200448
648144
147744
1614480
801600
599190
109746
858576
261636
510104
1251264
225408
1014104
274176
383040
1274112
61368
367440
86688
459840
360288
483840
366660
932976
400458
228438
360360
705600
1098360
351384
322920
506784
331744
349696
632312
336224
419776
58028
35200
226410
40960
430394
561888
266688
331884
737268
336592
459000
653940
18606
301920
406080
417000
114000
125502
280590
293568
345744
675480
470360
369276
321408
504000
195734
395040
193260
190128
341088
272160
202800
201510
635040
66000
232848
15200
237276
269280
205920
354816
28098
1472128
350700
47520
390096
209664
346764
186624
344720
240030
720720
208890
260988
74784
221760
722064
1242752
76608
528192
565838
338544
310248
996240
546592
103230
333256
20088
182952
360360
72870
252108
127400
405990
507600
45108
365568
574080
872280
392196
735584
222794
718428
386304
695520
598500
702044
7560
130572
461168
122256
51480
193140
810768
759330
114230
415800
870912
625176
718380
516096
781200
94320
1093680
304416
464160
82944
98784
12222
80196
299832
45432
354456
928512
160380
471960
221952
567936
146400
844272
786240
311040
65520
255600
2016
136108
116964
112490
365376
455976
77984
22080
128034
390780
809856
96336
432000
411008
838656
163322
264048
338944
286512
552734
10142
676172
209664
842688
451200
8320
352512
320112
28728
88080
183792
48720
912600
419008
105324
46736
449280
385056
645120
661572
561600
500192
27218
468860
276336
205632
796536
547560
424548
457380
523752
12096
78432
330896
570624
689760
527200
6840
624720
783818
105710
57974
106080
302496
501280
531000
742092
468060
24062
275880
567734
906936
855144
257296
438048
875520
401940
117600
63840
676872
1168622
636768
324210
353070
477120
146088
50688
153216
369720
158784
275856
322058
473904
386472
113760
318720
399168
426924
169680
183960
801360
281496
482022
14742
491184
604136
746172
165528
775692
301320
446656
391104
794220
494760
284716
342072
415008
430848
178108
25254
55776
107034
600528
252870
471744
178752
1424202
249600
43120
499572
290160
326880
44616
254352
969808
286386
895536
207284
13056
617400
112530
412032
51210
455064
563664
50220
2880
252720
465696
708576
551460
570720
1164240
315120
522240
1022190
348390
568512
241920
580160
901152
298238
437080
672000
82368
509256
47424
323596
14356
82194
20894
902970
221718
52960
544968
715008
509166
307384
1198080
99904
430560
635904
505602
119296
240156
273258
422880
554742
678804
333432
282720
508508
344904
414720
293436
124416
411840
98880
403368
304128
6318
1277510
115752
466998
193320
860544
140000
955584
86832
305424
1059072
301938
640302
69948
578232
347760
504000
781200
167580
327584
270072
535680
802368
108000
151248
89280
203456
146664
673920
957600
790272
436107
323840
582228
18372
30576
242760
51816
883224
306432
864960
241920
403380
224400
754488
481376
288144
523776
359808
143520
182840
382188
29232
193344
201720
148514
480636
249228
234908
210312
437760
413100
319680
532752
567840
696720
108000
37634
458892
135296
788400
943488
198074
1068480
101816
291600
480384
155834
651360
331776
12096
963144
432768
1161888
60186
682682
241072
1388800
771834
155052
833760
421190
353400
1277696
103680
500400
276822
11280
142128
349920
311040
476160
398664
490368
400010
740520
314652
554760
242424
571608
257400
344424
186960
944880
376794
543120
498624
219024
459648
591888
342000
416556
968688
1036800
550176
292896
244944
334800
536220
981456
605940
405158
202500
357840
16000
259896
730944
500964
1252896
533288
276360
853440
408720
239616
722064
452016
510120
398112
326220
709992
1209600
321656
547200
136896
393984
211392
734400
71850
315422
829668
528960
507920
838432
926982
471744
528008
96640
314484
600576
324000
749568
147774
689040
283248
747936
435040
38280
71064
1054480
379036
958272
33600
166148
1555200
482328
503538
496770
80640
778752
108908
461280
327306
107640
160608
1028952
139200
517536
366608
586284
980928
430848
197676
106502
230408
777936
715824
30492
357576
155520
303552
621360
167792
819078
141222
1120
729480
277344
761376
184680
347940
595296
453144
650496
748260
163116
319680
547808
31680
351232
208936
197568
551096
1024800
311976
410724
565248
153564
451360
203670
29080
713664
573664
142272
40448
533952
932784
448200
511290
208848
634524
223652
469008
90720
126000
483072
738720
775980
418880
488618
1535040
338232
190960
621600
123012
762048
962192
298400
77760
45440
261240
184680
87648
405888
212268
459108
519870
440582
510660
366768
1088640
568832
925344
404376
892008
282752
405976
479392
770400
118032
62496
625320
250080
874496
1152900
23436
416232
111408
391020
1110488
342000
193536
635616
338688
74400
105156
493920
413864
240840
221760
274624
360280
173376
383652
367092
162948
186480
170100
518216
661680
48672
128896
386592
602640
654920
499488
362880
324840
293632
295248
50304
464640
432432
352800
11520
332880
414720
183456
301248
354456
137904
141120
80640
619488
39720
604800
232670
107100
852600
293508
144480
24640
4260
160056
374400
641424
901560
792134
320400
517636
144000
578136
147744
541944
756000
562044
180618
330854
388080
213900
550656
625600
5076
91584
94864
675696
497760
54720
448776
327808
457776
384336
110160
102552
70740
448644
48076
679826
280908
364560
236168
364560
316920
179760
487680
293112
763200
793800
284148
555520
1389960
762840
187824
280184
437778
368640
506664
259704
142566
617232
39884
105180
891072
261360
386568
259200
694694
1078680
185268
918720
99072
66630
456008
145152
412776
128880
1083684
640080
505920
1013760
550560
95088
321024
552528
483084
166320
179968
297864
115200
56448
465408
276012
441294
784224
740448
839232
431568
115290
76154
438464
791616
540624
793152
248976
272448
654192
1024240
479096
148694
445008
305344
223688
426384
580944
271608
477896
501120
375760
181440
278784
823284
163968
182280
439754
264404
286524
340840
632706
408240
588770
232128
1474200
260736
98280
314496
119336
983808
211792
298800
203904
221376
394100
158564
129570
357984
156672
115440
129456
887040
368680
172788
327312
249312
260272
319680
265608
310080
663408
1571328
181764
152064
77760
98496
383856
222480
729288
299970
836052
453332
673920
643104
231840
214720
298792
634088
10276
297318
34128
356748
500808
184000
534096
330248
1161288
69120
229632
480528
332640
229824
187560
145440
550044
312960
421360
410400
432960
615516
198720
356400
51852
584256
116634
14880
405248
239256
776640
62400
960120
162288
53778
98364
630000
374616
482760
134784
7566
527520
312984
226560
846720
410380
766458
114840
720480
437472
749952
795648
142170
743988
507648
288672
754272
72000
419328
63504
569592
615168
825552
910080
620160
350720
744192
258336
514080
781480
1003968
151832
163296
156672
474362
296448
34560
252000
111840
138456
198432
435280
378668
313718
549198
124416
3294
347472
66360
488592
597720
73482
332976
341852
864360
718566
601216
410046
480000
245952
657624
773640
302400
1560384
1890
360092
428112
159012
13680
643456
551880
872960
344512
549504
764640
70784
27972
158844
139958
232862
257040
187056
305532
277410
140000
369264
4320
433440
197360
164052
860580
99396
379648
313632
754572
774144
105240
854784
211680
708324
627216
205422
3102
303810
156972
452592
576000
493312
164592
238500
222464
409773
855792
157248
1244880
511296
408996
142912
524160
651264
991200
544608
674304
454062
461760
812448
291060
416910
236250
67320
762048
246528
120728
397584
339636
562464
1010268
465600
528768
898560
478800
409778
533520
232920
474840
953568
453000
328368
648000
660240
438216
757680
124944
540000
177012
377280
127296
589680
1131648
547410
60480
111664
378400
438216
59184
733460
459648
118440
725346
519008
69696
72744
281976
1136928
376296
768768
55662
188928
1047150
461288
343440
526176
288192
80142
627760
23760
562902
607680
268088
109050
275522
322344
141732
285012
112608
337960
200448
936360
389928
850536
888888
244200
182232
487296
119160
472320
822528
974820
168696
702056
273600
313560
973728
114452
54186
178136
358800
846720
225736
567564
313500
193680
510552
504504
486480
207360
150090
834624
414400
562226
597498
210672
13004
702546
838488
109584
729300
229460
797636
116704
360964
93428
349320
611568
695436
907200
79128
413478
203544
814968
688320
248832
171864
308826
596160
250480
139128
300468
203616
400608
157478
467664
210720
460440
505218
372600
14586
734700
626022
538416
128016
564768
226800
207984
294336
549640
1781136
838404
187904
16560
63422
422604
254448
233280
796320
105300
917600
419328
695200
417720
190080
718170
173742
22848
32200
648960
18240
639096
163704
472320
330720
493368
671328
613800
915840
410880
204600
390120
239868
800640
404320
919296
417024
92346
88392
392040
123652
587860
503424
168128
104832
108192
532836
779688
213192
444000
369600
396150
556800
56880
219024
413280
756288
685152
447552
17600
432432
26030
943488
325080
395570
454680
155584
108000
1144192
748608
544752
88952
1311120
648528
475116
696516
457932
270452
872424
441558
683640
347016
677760
796518
187110
263760
413952
218736
450520
124992
359100
208800
259200
322560
293832
500670
544960
200976
229992
15150
310208
501120
350220
347976
288648
298000
243200
738000
354492
1244160
355416
684432
671328
67200
327480
184140
225456
289728
511632
26642
807240
878976
515760
2400
498528
194688
846300
493968
991368
362556
629888
311776
638514
557856
475200
645408
589680
193128
631176
63552
429008
912000
386688
847872
932064
411288
222400
89136
333450
238940
863208
663552
1271088
666624
344928
426360
207936
670656
732560
667968
217360
264168
668928
383616
74880
129528
484456
120900
322608
945060
670080
877680
740880
280838
216000
935736
230476
183960
104832
96828
451178
468720
335400
138000
220346
274824
49140
22002
668808
235060
407856
291600
1433376
314720
554112
517248
585728
460224
136752
909440
430752
279920
362880
281600
255840
1044288
29520
230400
266880
415394
416448
8064
195840
364224
77952
733824
330240
509184
78480
97980
235560
88608
622080
620928
715770
274560
976608
1117200
604170
495810
852912
383040
541446
604800
416416
436644
174384
327000
157680
596512
617256
710208
1375360
494800
72960
152064
624608
14930
427800
269982
463008
286560
288576
53048
802032
446688
79800
253704
857088
1240512
111600
417696
393984
139388
275520
195840
567744
361562
744300
296760
20160
415760
646164
350820
325080
39816
816912
101184
251958
291200
388740
466560
430464
849180
28512
406080
476112
360576
24624
652092
912640
688896
317196
228480
864000
556160
124032
1451268
238140
9576
967680
967680
515568
376704
301644
569166
172800
323640
346530
156620
593124
521676
776664
463680
348264
524244
537300
262080
492912
125472
408564
302888
153036
487368
315952
135098
568320
442368
520464
524448
38150
461280
611184
367392
396422
633360
864000
439200
746928
87780
748368
512352
26696
355104
9072
853440
758160
246696
142968
341040
331008
42240
800928
302064
109920
356800
506880
345852
507780
513360
344736
152040
939168
389760
165248
550680
87216
544824
439656
247860
314496
186480
444834
559740
55440
128520
123120
552960
580608
67440
1174446
19344
1026720
1256640
332640
465856
568620
42324
354768
353592
152568
588048
620928
291432
31980
295240
460800
219060
119810
527808
35934
349920
429282
407092
937440
615744
187920
24584
455322
712572
474096
337302
114504
123132
777072
180144
13320
374976
507128
548640
281808
640224
554496
575220
740544
361440
332352
410496
596736
29520
197594
508788
454440
466704
639540
616608
986496
556680
471856
768096
58032
123548
542304
714960
548856
89370
1240512
719712
383570
559020
4728
700680
244800
371200
447144
360882
559944
165312
5600
463296
689472
219678
509880
522666
114696
590976
22428
704448
178200
441184
671274
132698
424080
602784
527472
34544
510120
866978
164736
101052
169904
399240
453744
602208
579552
254016
338316
681702
51072
206640
427680
56160
441896
318420
331968
388800
409500
172782
943920
546168
37940
382160
223200
276224
915712
506478
146880
266016
422160
284642
582624
575120
566462
537600
806400
141800
1068384
165312
69136
841644
319152
596936
483840
326700
17790
433188
264516
353808
507168
454944
16464
44800
686928
464760
946368
300384
460872
41496
321408
457920
73600
356184
180288
195084
442728
601920
27264
73266
16548
215064
368984
358214
416256
54218
1130880
269016
6064
596160
275622
12894
572352
525140
403656
228576
225016
758880
520800
284544
638424
263144
691200
292320
9504
928800
258192
343332
1207008
164160
532480
446400
605484
728070
1334190
401800
441096
438080
545468
533400
114390
272424
367200
261600
240900
77616
399840
795144
499464
465120
101200
856248
313720
798336
126360
838984
581196
325200
12096
238800
201292
268758
412776
17640
866016
581760
52464
509392
308952
601640
273048
349200
810240
359988
45600
568764
537600
466128
833280
444570
840480
512176
432794
110880
90576
130200
2730
346980
152960
128204
324252
642816
64896
477792
889920
798336
255360
222048
512370
155232
244372
66240
439152
365568
184560
307272
834624
32400
423864
305760
816356
617760
446400
129024
90288
1079568
402192
761856
651000
591360
432000
746604
239400
158400
674100
182280
752640
148800
50778
163680
58938
825552
659520
416676
692678
567168
24864
331716
158508
251712
384384
359136
154224
164736
777600
31542
41838
90720
90924
307296
1140984
97128
229392
766272
856440
35760
117600
307524
232960
193434
487482
534708
210140
543648
286428
572544
1018368
252972
213600
317376
271656
173934
295776
176792
458304
44888
451584
356804
276480
481728
498456
154388
469504
159984
571428
410400
257400
841008
19908
63200
341334
120528
897984
426872
632688
147888
670320
573440
479136
657720
630888
21060
388620
302184
473382
154272
1147496
739584
290400
221828
179676
234432
157176
373296
123200
506880
314358
99704
369600
557376
885924
729840
112608
1640
957776
385592
243936
666792
33968
532192
487872
678000
426384
6020
228480
477462
963144
806496
105408
139392
624960
580608
749952
531570
725760
231068
225764
314496
576720
357696
388206
248976
213808
125424
462280
642600
17928
390240
709920
225108
324768
406074
207360
122400
491208
594360
64624
437328
713412
30240
171000
689040
1036800
185976
55836
492480
204288
443520
528000
3672
795032
461472
360640
748440
979776
351230
232902
2138
534096
695856
426566
401568
1137204
606920
989808
783680
717516
272160
550368
121086
436650
555040
483840
302430
463200
144432
377280
143136
1021440
14196
190140
254592
501552
62400
307776
550784
646272
644238
351624
532224
176616
248066
609480
19620
419184
205536
149940
167088
750960
729120
414960
536176
697320
475440
44872
83280
585912
499800
391680
163742
383040
365760
249744
983040
773760
382760
25920
285696
886224
522990
327960
245232
225500
18144
409552
52176
902880
241164
28416
151776
127968
469224
357504
207312
391778
798963
163152
104160
22680
105456
457128
924870
309552
35712
215232
580896
452952
423936
558992
214818
34440
823824
286560
825780
119392
949914
91884
53928
386112
88920
545910
257936
58140
177252
370656
246428
96840
514332
397152
57150
441784
1022112
11556
477630
25344
763200
1275456
577232
114222
510480
44120
451050
499980
81818
222656
163240
453600
319284
112640
446208
543200
60696
212520
796290
272130
223440
70056
182784
532608
975120
65520
89856
440724
169190
140688
32292
345474
800640
970176
148512
583920
625590
732096
163296
458192
68880
574560
70160
61440
414720
556724
232680
691200
490560
398574
225302
1152480
108864
113438
691392
257312
895104
148800
149792
1001088
324432
500688
261144
665280
342672
231168
148752
638406
272160
348660
546336
293760
584388
122580
187410
432928
360724
719280
374496
590304
569432
390848
341394
1340640
472704
177014
205740
601128
314720
369024
548856
476280
280670
698676
416832
818560
270720
321662
265500
11520
360000
35812
121380
277056
878304
7394
707616
72540
339360
880992
557964
432768
218736
95040
320220
276864
640680
125520
123240
375648
229392
197616
324198
964404
134880
740928
43120
448136
114770
123846
620046
537624
423000
518400
799344
897120
366408
151704
533160
620928
336864
524544
692244
244440
381374
14160
594216
57330
169452
293076
560880
378240
1079234
196320
622080
415944
552420
294196
88416
444084
401940
218880
959040
223064
477360
277920
530172
506376
64260
351518
282410
218718
280224
86400
107856
140688
252000
675800
581760
101174
235944
664320
48564
755820
38220
268776
270000
599046
25256
552192
521856
159280
669600
218736
66854
410018
461016
248400
224532
17160
273024
392832
429520
530208
118104
591136
295488
258354
321516
402308
127164
456960
11088
137904
175152
61248
571392
673792
285768
462384
630540
209034
90872
692860
1223040
587520
786000
315600
228960
632448
169344
263856
265440
6522
427392
258048
1116640
682080
682614
456000
19584
243054
424530
499968
59052
351120
158760
98784
320112
487878
531384
596160
672000
191520
1010016
368032
768096
447992
604800
206112
92664
635904
104832
544112
383904
781648
569904
625320
881280
68544
678048
1088640
1330560
850512
594384
380172
86784
924560
253260
723360
178256
697788
60738
439488
92952
306432
308150
465978
22848
168528
814800
473748
228024
265600
1055808
834960
859104
220320
407960
66528
213408
266400
304290
586080
119970
858816
472800
366160
486390
147420
164760
354228
41366
54834
525528
31824
842184
177408
347760
786240
64382
689400
360768
232200
670824
303426
700608
317280
652520
110168
423360
30210
983448
299376
325536
124008
699516
13824
83948
544464
873792
15288
766080
242198
305604
663594
809172
691840
662656
57954
30800
518166
285348
269496
661248
529396
103320
848400
666396
580320
271320
574056
724464
310944
396616
370440
199626
38948
516030
691392
298944
668376
401688
45732
78390
206880
409248
114816
708480
339264
592200
121212
627312
212800
5304
485184
193248
772980
963816
604864
366522
439824
430920
648000
201600
40320
841824
353756
850752
211680
132750
417132
89280
523260
98016
422800
508404
326340
454440
111360
62844
393120
148544
814212
546816
347472
146094
282336
880824
850392
127104
254100
924978
1008000
21888
179112
276024
874860
53460
792000
570192
854784
318720
362880
439892
58968
164160
474702
302552
312000
868620
793152
342360
290304
369264
127158
442260
389844
234240
180048
380310
227328
49080
483840
312480
395304
148176
137760
788480
58272
523032
324792
106122
44184
17280
557096
61248
633856
269232
626400
356496
189852
949200
517824
624240
172800
562944
359148
311046
144936
891072
411320
488160
718200
245952
334320
1152144
32004
128340
197100
89604
987840
1013760
1023264
288316
480320
100592
33320
207072
354816
443520
276864
382608
660240
211896
574464
342160
145290
74294
836640
250152
111600
314928
465702
280896
673920
533520
350784
488400
454272
861588
68840
622720
368900
119016
291600
833280
294720
345168
49680
1021440
180540
94248
822864
156408
1183392
165600
459648
330120
112392
348516
165528
1004416
424320
746928
281344
576072
212904
21780
625824
673224
708048
218400
621528
762600
92960
173052
433008
760320
233856
489792
635040
868680
170688
849254
214422
530880
453600
627120
630036
777504
433440
8160
475080
840840
454104
580944
117504
131472
216328
580580
443392
78204
39012
477504
265958
321300
511830
52272
359160
926688
32736
600600
851136
809472
228420
154872
485072
588672
520608
11520
132496
384384
339216
347256
211140
85536
111834
290400
471744
306432
669760
1064168
370026
652896
1088640
257152
756144
191520
668736
322560
786720
390720
454752
650160
336024
496878
520428
719976
90240
589680
936
82944
523032
153504
161040
305544
200928
834624
