1 10 4
4 8
3 7
9 2
5 6

3 4 3
11 4
10 9
5 8

5 7 3
26 2
30 17
15 3

10 8 1
9 61

5 9 21
44 10
13 21
29 33
11 8
37 35
16 31
9 36
3 27
38 23
22 7
19 32
14 30
20 2
17 41
24 42
12 4
34 15
26 28
39 5
43 6
1 40

6 9 23
46 34
43 16
41 26
52 20
27 18
51 39
25 47
28 38
33 30
6 11
8 7
13 31
36 21
22 37
32 42
12 14
10 49
48 5
29 19
15 53
45 50
44 23
24 54

3 10 5
29 26
1 22
9 24
23 12
18 17

4 9 15
30 29
9 1
32 12
31 33
28 5
17 7
15 4
19 36
6 24
23 2
21 22
20 11
10 27
8 26
16 34

7 10 18
60 54
27 32
1 14
38 63
55 5
53 56
46 17
59 62
22 41
25 67
58 10
23 24
36 15
18 35
66 7
48 31
68 9
26 33

5 6 13
22 11
3 26
2 12
16 29
18 5
19 1
27 25
20 7
23 30
10 28
13 21
17 15
24 6
