13
20 89
19 9
8 12 20
19 15
11 13
5 1
17 4 10
6 14
12 7 18
6 11 4
11 8 2
6 7
11 12 7
6 13 15
19 6 13
12 11 16
12 14 16
8 20 14
19 10 16
17 18 2
19 7 2
11 7
19 12 9
19 8 3
12 3 18
6 11 10
19 13
12 3 1
8 20
17 9
5 3
12 1
5 9
11 1
12 2 13
11 4 3
6 17 9
5 3 7
11 6 18
11 4 15
6 11 20
11 8 15
12 15
12 5 10
11 10 14
11 10
17 13 14
5 7
19 14
5 17 7
11 16
17 9 10
6 2
12 6 9
5 7 16
17 6 10
17 1
17 18
19 15 16
11 9
19 18
17 3
11 14
11 8 13
6 8 16
8 10
11 20
8 17 9
8 14 3
12 11 15
19 5 4
11 20 10
17 3 16
12 6 3
19 6 18
6 16 20
6 7 2
5 4
6 11 14
11 20 9
12 5 1
8 18
8 14
11 5 7
11 10 7
12 13
8 7
12 2
6 4 7
11 8 4

12 8
3 6 4
9 5
6 12
10 4
11 2
10 1 2
10 8
9 5 7

6 9
5 2 1
1 2 3
3 4
5 4
2 4 5
2 3
4 5 6
4 2 3
3 6 1

19 22
16 2 13
18 3
17 10
8 3
18 17 3
9 17 15
16 9 13
1 18 2
16 1 7
18 9 11
4 7
4 12
1 7
18 9 3
1 15 12
17 16 2
9 5
16 7
9 14 7
18 13
8 4 19
8 12 7

10 16
7 6
1 3 6
5 4
7 4
5 2
1 2
10 4
1 6
9 6
9 10 8
1 6 2
3 4
9 4
10 7 4
10 6 8
9 2

10 15
7 2
8 4 5
6 3
3 8 4
10 6 3
2 4 6
7 4 8
8 1 6
8 6
9 5
8 3 5
9 8
10 6 9
4 1 10
1 8 2

9 34
5 8 4
5 4 7
8 4 3
3 4
1 7
4 7 8
6 7
4 6 8
7 5 8
4 6
5 2
8 2 5
8 7 6
7 4
2 9 1
3 1
9 1 8
4 9
6 7 3
2 8 4
6 9 8
1 4
3 7 8
7 5 4
3 8 9
2 9
3 8 5
7 2
5 3 9
8 4 9
6 3
5 4
6 7 9
1 2

10 25
10 7 8
9 6 4
10 9 4
9 2
7 8
7 4
9 4
7 1
9 3
10 5
9 3 1
9 1
10 9 2
7 8 3
9 6
10 8
10 3
9 5 2
9 7 1
10 3 8
9 4 8
7 6
7 9 1
10 7 2
10 9 8

20 27
8 14 3
2 16 4
2 12 3
13 2 6
14 3 12
14 13 20
7 15 9
10 15 6
10 4 11
7 4
2 18
8 18
10 8 16
19 16 12
2 4
15 3
8 3
10 11
10 13 1
8 16 3
13 9
19 4 17
13 11
10 2 20
5 1 6
2 3
7 4 3

17 65
8 12
8 7 10
2 6 8
5 2
6 3
7 5 13
17 1
1 10
9 3 11
17 6
6 3 10
1 8 14
2 11 15
16 9 1
17 12 13
2 1
9 10
5 4
6 12
9 2 11
5 16 9
14 1 3
7 17 14
8 9 2
1 8 5
12 1
3 10 13
16 1 9
13 1
6 15
16 12
1 11 6
16 8 4
2 17 14
15 3
4 2 12
17 7 4
4 12 8
4 5 1
17 3 15
1 11
9 1
4 2 3
15 2 14
5 8 13
9 2 15
15 4
17 13
6 8
12 13
7 17
11 12
13 16 14
12 10
11 14 7
6 1
2 17
6 11
6 10 1
4 14
10 15 12
14 6
2 15 14
9 14 10
12 14 11

6 6
3 4 2
5 1 6
4 6 2
2 6 1
2 5 3
6 3 4

21 100
5 9
7 15
4 11
19 2
20 2 17
3 15
6 16 11
20 19 9
10 2 11
10 4 15
10 16
12 13 16
20 7 11
1 16
21 17
20 9 17
8 2 16
1 15 11
18 5 11
21 9 17
14 17
21 16
14 11
7 16
14 16
14 1 2
20 17
12 11 15
19 2 11
3 9
21 10 16
7 17
18 16
14 10 15
6 18 16
4 2 11
5 2
5 17
13 2
14 5 2
19 17 11
1 9
1 18 17
5 13 15
8 9 15
12 9
4 16 9
4 5 2
5 15 9
19 13 2
14 8 9
10 2 15
6 15 11
18 13 9
5 15 16
3 15 2
5 11 17
8 7 15
18 3 15
19 16 15
19 11
8 15
8 10 15
5 15
3 16 17
12 20 11
19 17 15
4 21 9
13 11
21 3 17
14 15
8 21 16
20 9
12 4 16
10 9 11
14 2
10 9 15
19 3 17
6 2
10 17
13 18 15
19 16
20 15 11
21 17 16
1 2 17
3 16
8 2
21 11 9
7 2
10 9
4 15 2
20 1 9
3 2
5 11 9
13 9
1 9 17
18 17
8 6 17
8 17
18 21 2

22 73
9 12
1 21
11 17 12
1 11 16
5 19
9 20 8
4 12
11 8 19
3 6
14 22 12
17 18
1 8
5 21 8
3 12 21
1 22
3 18 20
2 6
2 19
5 13 12
1 2 8
11 8
3 8
3 18
2 21 8
1 20
7 22 6
5 3 20
4 22
3 13
10 2 19
14 12 13
11 17 19
3 14 21
5 9 13
1 15
2 1 8
3 12
2 20
11 15
9 19
7 3 18
7 13
5 13
9 7 13
11 3 8
7 21
4 1 21
2 16
10 2 12
4 17 6
14 13 16
3 20 18
17 21
2 18
4 3 12
11 20
11 18 6
9 22
4 8
4 3 18
2 14 16
2 12
9 18 20
14 2 22
7 18 22
11 19 12
2 8 16
4 13
7 8
10 8 15
17 12
7 20 12
14 6 12
