91
10
177
95
240
266
21
80
242
252
83
207
28
250
64
155
262
153
82
261

12316323
18252896
37184657
40774627
36618886
10854004
24419624
25710208
3432588
12382551
47416385
24421930
36952625
28673316
38709606
42693523
32663690
29396693
48569049
45560864

177
159
122
81
160
137
158
207
84
104
103
178
125
124
121
180
161
271
120
193

229
112
226
138
161
168
84
156
114
35
183
86
49
93
65
148
5
101
51
140

914584
623928
427770
275858
970880
1604673
527096
994402
867628
1635615
644345
1024728
644189
845650
1494293
634610
181561
1379351
643519
588197

2530
2194
6699
2077
3320
243
2325
6504
7710
6481
1511
7858
3113
4654
6886
2446
3139
5609
325
1392

1
20
21
10
3
16
24
6
15
23
17
22
12
11
13
19
9
8
7
5

213934
354587
316096
307851
390058
106514
416070
243601
424193
353094
152972
305771
211262
268879
23558
334015
330227
340977
94444
303883

7243010
6114334
10976578
9886863
4235902
6286123
8362827
5185307
15549996
5414665
12316674
2324867
8534276
2853718
11836347
12259647
14827126
13543406
4197398
3455204

159
91
106
79
118
102
120
43
76
133
105
103
151
139
94
45
131
119
141
117

8
13
33
25
12
22
27
11
6
19
17
15
30
29
2
38
37
5
39
18

1

34
84
46
108
1
63
89
15
69
61
18
98
39
8
77
33
109
106
36
117

159277
147440
128571
149973
97624
142998
196542
109251
139543
108003
140310
78701
167899
112029
115975
120364
115499
75386
210315
71092

1

1

15354
13104
13749
11265
23456
18819
18810
15708
20214
17383
11427
21125
17822
13085
18695
15546
14067
23469
8272
15355

2762
1121
1508
3200
222
913
249
1033
1927
2114
1660
90
917
1497
3286
2580
342
3203
2570
3732

865
8
582
471
183
201
341
523
710
445
781
784
1008
197
176
572
543
190
763
1103

150685
149415
101695
96131
38963
100624
79622
16707
142835
27098
10946
14216
149805
45367
38209
42589
28300
94509
113657
72632

1

14
7
13
3
10
2
11
1
9
12
4
6
5
8

2
4
3
1

766822
202967
644026
99131
786239
637267
704702
897777
631368
384595
422272
375535
65399
467496
679536
616898
366321
636633
401857
483408

127254
129210
237124
72282
36007
97627
207501
190992
189946
237080
210645
39870
109934
145601
217926
158213
181854
210130
211122
177948

142289
141583
141037
116407
1617
136596
165402
152227
113851
143055
116838
126663
141039
114870
55928
74651
8780
31032
74380
116726

2923
2077
2573
2752
1283
2470
2590
2932
3482
2602
2432
2751
1916
2431
2434
2087
3900
1897
951
1226

22092
3654
18434
10278
13932
11369
18213
20520
17042
15366
8051
11036
20317
4152
9108
1300
22867
12016
10089
14356

6643067
6446965
4962711
6487020
4843207
6780004
5108206
5127847
8526265
6663247
3865761
8570474
7681836
7480359
8061864
7306202
5108067
6847120
1173672
6447767

173549710
255800137
216742900
61601064
266041940
275728146
13145009
159370518
69851775
183809222
223648296
156850223
187715663
165931472
239917048
189918878
184828734
129446504
183286156
119740839

9
5
7
10
6
3
4
1
11
8
2
12

3502687
3459595
10960711
5263836
9699931
8646942
8058475
3928457
11489609
4629128
11765182
6811304
8757091
4388135
12219877
7408456
11209407
12858010
8289065
7311765

30
53
22
51
9
31
29
38
52
34
46
42
40
33
5
28
11
55
41
4

3625
3872
6124
1597
5164
2324
1675
4540
4573
4347
5768
6783
1784
3563
4395
4205
3881
1459
7919
3578

116227
118689
131255
176068
20466
51161
55874
42418
128062
184859
71577
14903
35644
179949
105491
34382
177077
128322
5146
185626

113
251
6
249
158
28
145
55
48
76
35
142
154
95
160
12
218
91
126
135

1501917
1063197
1547445
1061296
1300475
668023
1694519
1561998
1008889
1167574
1153549
1526950
1648831
474354
1179743
1771005
347924
407737
1334260
959769

6
216
268
56
61
480
13
43
392
369
187
28
16
275
339
419
103
477
400
245

107
189
244
265
89
245
145
114
329
301
255
193
154
149
65
219
59
39
341
315

14819262
6720905
1875010
11396071
11366348
7717851
12826149
13982840
15077325
12435227
17120303
6580937
11313175
16617578
14031938
8605304
7323098
17161876
8517159
16537467

1

8786366
8187414
7908178
11349319
11077326
1594596
11196927
11116646
8756341
5681284
12007624
8196245
12216017
8758770
5967303
9570970
10212876
5642382
8809861
5354159

91
39
248
185
86
200
98
106
92
199
117
152
155
139
116
206
25
20
140
142

79
118
110
129
105
104
149
141
117
92
122
91
108
61
93
119
45
120
142
90

4870
6126
4813
6863
6010
863
6681
4500
5170
3221
4888
4632
7669
2988
5661
6179
2954
4651
874
7438

3849
4025
11224
16411
13197
9697
10154
7075
2392
15286
5799
5908
9853
1827
13029
10470
2732
16109
14939
7462

19
11
18
5
12
23
10
13
6
35
3
26
30
8
20
9
25
14
27
4

17
24
8
21
30
3
27
13
11
25
20
1
29
9
7
15
16
4
19
28

1111
909
1161
984
1344
1486
1038
1211
844
931
379
1155
989
1013
194
1607
435
907
832
1319

1

415085408
242071734
266209971
356026104
79263066
51426952
246820545
323194678
268776134
103822821
291061624
292662832
359584064
241388766
180991908
277703023
239533481
414707988
8418560
42300734

1546386
3480355
1379797
721883
4170018
6130716
8071991
3194114
647642
6680386
7629719
9161525
3445786
4734858
8875154
5585083
10315850
3761118
1468379
4978759

9
19
12
4
14
10
13
18
21
20
11
6
3
2
1
15
17
7
5
16

88824
44203
10072
91184
14583
20450
107614
59947
118040
54178
10615
59526
61036
89773
87374
112269
55386
107534
42644
112066

4662
2001
10554
9837
10536
5163
13347
5565
19573
6421
13914
13473
8195
10495
7380
7440
10478
6067
5500
10717

8423
18414
20800
21938
4832
25798
14217
5507
2492
13263
17194
18863
10902
5764
3554
10572
14830
5283
26059
19817

1809
300
2833
1035
155
2656
2109
3018
610
3302
4195
1241
3127
4219
2820
3724
3399
1699
1032
3440

314
63
269
20
55
401
435
319
228
264
360
109
374
146
159
247
426
399
117
44

26454
23310
31635
39622
31100
31285
15673
36301
9170
40690
42166
25785
37073
20927
11008
27007
30223
8593
32893
49016

35
45
10
37
34
15
21
17
6
39
19
40
11
4
1
31
14
27
25
9

21991867
18615969
19385050
23129870
19299632
20153641
21815130
15136327
22386678
22151317
21765033
10586466
20012446
15741109
21749611
15196453
11323094
3259826
11757596
12659036

1253216
848254
1077571
1632272
1603527
167527
1517232
1839666
2232950
2391409
1376990
705777
717547
760189
1417154
1462917
2122669
1623008
1588993
527322

1623511
890846
1652990
1161539
769284
1113538
1382776
1283141
1396584
1410182
1560318
1731494
220317
1333183
1407107
795392
1384501
430209
110339
1276546

12227
3088
7827
439
5530
7397
10387
10643
2552
9673
11183
7505
9133
1532
9605
10296
1365
5577
8047
620

4099823
30235126
27538039
20692226
19468746
9099487
23551168
24744220
36199210
29550466
4251600
13905733
2310644
26494510
28575005
20997068
2571258
31357407
15402327
34911991

2
6
5
1
4
7
3

46
135
10
54
113
27
20
11
92
33
80
61
41
30
126
81
122
133
100
38

6198
5438
5007
4503
5530
2628
4870
4785
4024
4127
1886
4395
897
4423
4724
3042
5200
711
2859
1555

1

977
247
805
810
1000
655
379
751
117
993
1013
733
213
511
27
278
686
473
547
808

16782345
17333943
24911288
48767680
8928071
48969465
27773472
5475905
7038268
46333900
14054759
34196560
9047514
30889044
21954644
10388601
47873178
39626244
28334687
49623774

17109352
9740482
6932059
6414943
932198
11941237
16037883
7527410
13109303
19055226
15081803
2030767
14661036
2467391
14207424
4559662
13448171
10315348
12878924
1643912

114847
86501
203745
154882
67370
134644
104519
50208
76104
10886
27841
228694
157917
221831
158343
22996
75059
38524
159542
189467

1

7060
7276
8397
8203
616
4674
6910
8110
8315
9000
7048
5640
9394
6982
2752
4417
9839
7164
6062
5724

9152853
3541069
6744970
8921882
8378070
10579625
9026426
12417486
2593864
465353
8750487
877970
8164987
9989436
2754606
11423694
12605601
3823940
11576204
1136007

15
1
11
28
4
9
42
26
18
35
52
34
13
54
3
45
14
12
5
48

10882
15647
9058
17945
29200
12427
10154
11721
21720
27073
31972
23684
11077
1389
12208
18120
4847
20197
2680
8728

2347
6572
2235
5870
6237
7801
1191
3247
7074
2253
466
1946
5660
4207
7148
4723
3783
7407
6451
381

37106619
36631600
36012352
32474823
29837485
8916034
25666084
18071316
4122738
16801361
36630904
26786969
19518379
25620858
19976884
36662571
16248534
18331904
36399284
34951414

1

5
17
20
7
10
9
14
12
18
4
13
2
15
19
11
3
8
1
6
16

250
273
363
243
111
179
203
55
31
288
262
303
432
346
104
311
269
355
97
191

34
31
37
18
40
60
8
22
26
47
41
48
15
20
19
59
27
28
43
68

3420
19957
11779
20204
14774
11944
2325
21853
7570
6033
6483
9763
18203
2436
6227
12203
21575
12899
7961
1254

4
3
9
15
7
6
12
14
13
11
10
1
2
5
8

1

697579
1775600
2934958
745630
3791465
1692839
201026
1385119
1968989
1029351
841443
4957998
5528617
4505735
1466296
3758551
2303167
1351504
332549
1528534

97510074
102285862
129626245
72694210
11220469
15965386
18565175
80192815
18066116
11451779
82203581
77117822
126198925
108396833
71990776
8784447
129769746
97628076
5651463
113568470

90111614
59958488
194356540
172612160
214360355
156128403
186083600
99782364
153587113
135448452
185159022
21518460
134620874
78908532
18268702
33290948
77799434
191734863
102260236
150776617

13
33
41
12
27
19
38
10
5
52
40
30
42
39
48
37
47
34
14
17

2
25
20
3
9
24
29
30
17
4
12
21
6
28
27
14
13
7
16
11

53216
62348
119522
33843
206312
52419
202969
176238
181842
105320
180285
27048
2704
142104
124257
2776
21737
20983
39114
205358

6
15
12
2
4
5
19
10
20
18
13
9
8
3
16
14
21
17
11
7

4276661
4653013
3518422
4999071
4508643
4617748
6774491
754835
4659920
5755769
3080651
756364
2073433
4793074
4728009
4913176
3002148
3791873
5000658
5437479

83140
137275
93857
84499
167021
207702
249130
182412
224242
137642
133609
141857
138453
225342
81436
176062
141009
206108
102049
88499

16
30
28
53
15
46
39
36
34
47
60
44
35
52
45
70
13
58
43
37

877
654
2122
2159
1697
1396
2105
1680
249
2233
975
2802
1299
2007
1504
233
274
728
1158
1154

67292
87724
24160
65286
41605
100848
74245
99753
81714
103312
74843
110209
99647
99557
83198
87607
53196
38612
110037
103185

5
7
3
21
9
11
14
13
10
8
20
17
18
19
6
4
22
12
16
15
