100
425466355 142
7 409
185228 295
49980 141
7 381
1627264 20
67538512 149
9458658687 650
87981 306
22110 495
75 95
63243091 729
8768658903 163
43605 235
1146589 356
2 85
2370229144 814
8950616753 766
1 375
384509201 758
31 606
0578631 145
6 218
91174131 832
426 284
943778 496
686313 611
432103617 271
96065795 165
0 160
0793222 777
69715188 169
4160877277 814
92537 230
373564 783
30825907 120
435381209 346
8237504221 976
192209 772
5 897
049278 91
8218012 593
5919031 663
32110 262
935953985 308
8 162
69398 944
98040 742
0241812 456
23115 743
9022 711
841 47
688413 529
31785 642
92937 360
1333 944
7 342
325938 388
10605946 945
914350 917
3 359
75291129 841
30 711
899436 857
19417466 663
1624 359
6889104 60
5551124267 663
4 511
91128 922
498328910 275
5707255177 126
2505986927 541
08610225 523
460979 438
810061 542
051 801
111516 368
8236433328 414
0491 718
4446 610
713190095 694
980309 29
1443 922
9645545876 358
8841342492 426
66221522 742
892371170 650
521147 691
29501947 902
0149399 25
8 998
54 487
5057976 547
0 277
99011 486
66 853
90 461
548 145
19 549
