3
0 1 0 
0 0 1 
0 1 0 
11
0 0 0 1 0 1 1 1 1 1 0 
1 1 0 0 1 0 1 1 0 0 1 
1 0 1 1 1 0 0 0 1 1 0 
0 0 0 1 1 0 0 0 0 1 0 
1 1 1 1 0 0 1 0 1 1 1 
1 0 0 1 1 0 0 0 1 0 0 
1 1 0 1 1 0 0 0 0 1 1 
1 0 1 1 0 0 1 1 1 0 1 
1 1 0 0 1 0 1 0 1 0 1 
1 0 1 1 0 1 0 1 1 1 1 
0 1 1 0 0 0 1 0 0 1 1 
16
1 0 1 0 0 0 0 0 1 0 1 0 0 0 0 1 
1 0 1 0 1 0 0 1 1 0 1 1 1 0 1 0 
0 0 0 1 0 0 1 1 1 0 0 1 0 0 1 0 
0 0 0 1 0 0 0 1 0 1 0 1 1 0 1 0 
0 1 1 1 0 0 0 1 0 0 0 0 1 1 0 1 
1 0 1 0 1 1 1 1 1 0 1 0 0 0 0 0 
0 1 1 0 1 0 1 1 0 1 0 1 1 0 1 0 
1 0 0 0 1 0 1 0 0 0 1 0 1 1 0 1 
1 0 1 0 0 0 0 0 1 0 0 0 0 1 1 1 
1 1 1 0 1 1 1 1 1 0 1 0 1 0 1 0 
0 0 1 0 0 1 0 0 1 0 0 1 1 1 1 0 
1 0 1 0 1 0 0 1 0 1 1 1 1 1 0 1 
1 1 1 0 0 0 0 1 0 0 0 0 0 1 0 1 
0 1 1 1 1 1 0 1 1 0 1 0 1 1 0 0 
0 1 0 0 1 0 1 0 1 1 0 1 1 0 0 1 
0 1 0 1 1 1 1 0 1 0 0 0 1 0 0 1 
12
1 1 1 1 0 1 0 1 1 1 0 0 
1 1 0 1 0 1 0 1 0 0 0 0 
0 0 1 1 0 0 1 1 1 0 1 1 
0 1 1 1 1 1 1 0 1 1 1 1 
1 1 0 1 1 0 0 0 0 1 1 0 
0 0 0 1 0 1 1 0 0 0 0 1 
1 1 0 0 1 1 1 0 1 1 1 0 
1 1 0 1 1 1 0 1 1 0 0 0 
1 1 0 1 1 0 1 1 0 1 1 1 
0 1 1 1 0 0 0 0 0 0 1 1 
0 1 0 1 1 0 1 0 0 0 0 1 
0 1 0 0 0 0 1 0 1 0 0 1 
17
0 1 1 0 1 0 0 0 0 0 0 0 1 0 0 1 0 
0 0 1 0 0 1 0 0 0 1 0 0 1 1 0 0 0 
0 1 0 1 0 0 1 0 1 0 0 1 0 1 1 0 0 
0 0 0 0 0 0 0 1 0 1 0 0 1 1 0 1 1 
1 1 0 0 1 1 1 1 0 1 0 0 1 1 0 1 1 
0 0 1 0 1 1 1 1 1 1 0 1 0 0 1 1 0 
1 0 1 0 1 1 1 0 1 0 1 1 0 0 0 0 1 
0 1 0 0 0 1 1 1 0 1 1 1 0 1 1 0 0 
1 1 1 1 1 1 1 0 0 1 0 0 1 1 1 0 1 
1 1 0 0 0 1 1 1 0 1 0 1 1 0 1 0 1 
0 0 0 1 0 1 1 1 1 0 0 0 1 0 1 0 0 
1 0 1 0 1 0 1 1 1 0 1 0 1 0 0 1 1 
0 1 0 1 0 1 1 1 0 0 1 1 0 1 1 0 1 
1 1 1 1 0 0 1 1 1 0 0 1 1 1 1 1 1 
0 1 0 0 0 0 0 1 0 1 1 1 1 0 0 1 1 
1 1 1 1 1 0 1 1 0 1 0 1 0 1 0 1 1 
0 0 0 0 1 0 1 0 1 1 0 1 0 1 1 1 1 
6
0 1 1 1 1 0 
1 1 0 0 1 0 
0 1 0 0 1 1 
0 1 0 1 0 0 
0 0 0 1 1 1 
1 0 0 1 1 0 
9
1 1 0 1 0 0 1 1 0 
1 0 1 1 1 1 0 1 0 
1 1 0 0 1 1 0 1 1 
1 0 1 0 1 0 0 1 0 
0 0 1 0 0 0 0 1 1 
1 0 1 1 1 0 1 1 1 
0 1 0 0 0 1 1 1 0 
0 1 1 0 0 0 0 0 0 
0 0 1 1 0 1 0 1 0 
3
1 0 0 
1 1 1 
1 0 0 
9
1 0 1 0 0 1 0 0 1 
1 0 1 1 1 1 1 1 1 
1 1 0 0 1 1 1 1 0 
1 1 0 0 0 0 1 0 0 
0 1 0 0 0 0 1 1 0 
0 1 1 0 0 0 0 0 0 
1 1 1 1 0 0 1 0 0 
0 1 0 0 0 1 1 0 1 
1 1 1 1 0 0 0 0 0 
7
0 0 1 0 1 0 1 
0 0 1 0 0 1 0 
0 1 0 0 0 0 1 
0 1 0 1 1 0 0 
1 0 1 0 0 0 0 
0 0 1 0 0 0 0 
0 1 0 0 1 0 0
3
1 1 1
1 1 1
1 1 1 
