total:0

1 4 5
1 4 10
1 6 9
1 7 10
1 8 9
2 5 7
2 5 9
2 5 11
2 7 11
2 8 9
2 8 11
3 4 5
3 4 10
3 5 10
3 5 11
3 9 11
3 10 11
4 5 7
4 5 10
6 5 1
7 2 1
7 5 1
7 5 2
7 10 11
8 3 1
8 7 1
8 7 2
9 2 1
9 5 1
9 5 3
9 7 1
9 7 5
10 3 1
10 6 1
10 6 4
10 6 5
10 8 1
10 8 3
10 8 4
10 8 7
10 9 1
10 9 5
10 9 7
11 7 2
11 7 5
11 10 8
11 10 9
total:47

1 3 8
1 3 9
1 3 12
1 11 12
1 11 13
2 3 7
2 3 15
2 5 13
2 5 14
2 5 16
2 8 13
2 8 14
2 8 16
2 9 14
2 9 15
2 9 16
2 11 13
2 11 14
2 11 15
2 12 13
2 12 14
2 12 16
2 13 14
2 13 16
2 15 16
3 4 10
3 4 12
3 4 13
3 7 10
3 7 12
3 7 13
3 8 11
3 8 13
3 8 14
3 9 14
3 12 13
3 12 14
4 8 14
4 8 16
4 12 14
4 12 16
4 13 14
4 13 16
4 15 16
5 8 14
5 8 16
5 13 14
5 13 16
6 7 10
6 8 11
6 8 14
6 8 16
6 9 14
6 9 16
6 11 14
7 5 3
7 8 16
7 10 15
7 12 16
7 13 16
7 15 16
8 5 2
8 5 3
8 5 4
8 7 2
8 7 3
8 7 5
8 11 12
8 11 13
8 11 14
8 13 14
9 15 16
10 5 4
10 8 7
10 11 12
10 11 15
11 6 1
11 9 1
11 12 14
11 13 14
12 5 2
12 5 3
12 5 4
12 8 7
12 10 2
12 10 3
12 10 7
12 11 3
13 8 5
13 8 7
14 6 5
14 8 5
14 11 9
14 13 8
15 5 2
15 5 3
15 5 4
15 7 2
15 7 3
15 9 3
15 10 2
15 10 3
15 10 7
15 10 9
15 12 3
15 12 10
15 12 11
15 13 2
15 13 3
16 2 1
16 6 1
16 6 5
16 7 5
16 9 1
16 13 1
16 13 8
total:116

1 2 8
1 3 7
1 3 8
1 3 9
1 4 5
1 4 7
1 4 9
1 6 7
1 8 9
2 4 5
2 4 7
2 4 9
2 4 10
2 4 11
2 4 12
2 6 7
2 6 12
2 8 9
3 4 10
3 7 10
3 9 10
4 2 1
4 5 10
4 5 11
4 7 9
4 7 10
4 7 11
4 9 10
4 9 11
4 10 11
5 10 11
6 4 2
7 5 4
7 6 4
7 9 11
7 9 12
7 10 11
7 10 12
7 11 12
8 2 1
8 4 2
8 4 3
8 5 1
8 5 2
9 2 1
9 4 3
9 5 1
9 5 4
9 7 1
9 8 1
9 8 4
9 10 12
9 11 12
10 2 1
11 4 3
11 5 4
11 7 5
12 7 6
12 9 4
total:59

1 2 10
1 2 14
1 3 7
1 3 9
1 3 12
1 3 14
1 5 7
1 5 10
1 5 14
1 5 16
1 13 14
2 3 9
2 3 14
2 3 15
2 6 8
2 6 9
2 6 10
2 6 15
2 6 16
2 10 13
2 10 15
2 13 14
2 13 15
2 14 15
2 14 16
3 4 14
3 4 16
3 7 9
3 7 12
3 9 14
3 12 16
3 14 16
3 15 16
4 8 11
4 8 14
4 10 13
4 13 14
4 14 16
5 6 7
5 6 9
5 6 12
5 6 16
5 7 9
5 7 12
5 7 17
5 8 12
5 10 12
5 10 17
5 13 17
5 14 16
5 14 17
5 16 17
6 3 2
6 5 2
6 7 9
6 7 11
6 8 10
6 8 11
6 9 10
6 9 13
6 10 13
6 12 13
7 6 3
7 6 5
7 9 10
7 9 13
7 9 14
7 9 17
7 11 13
7 12 13
7 12 16
7 12 17
8 6 5
8 7 5
8 7 6
8 10 12
8 10 13
8 10 15
8 11 13
8 11 15
8 12 13
8 12 16
8 14 15
8 14 16
8 15 16
9 6 3
9 7 3
9 7 6
9 10 12
9 10 17
9 13 14
9 13 17
9 14 17
9 15 17
10 6 5
10 7 5
10 7 6
10 8 2
10 8 6
10 12 16
10 12 17
10 13 15
10 13 17
10 15 16
10 15 17
11 8 7
11 9 7
11 13 15
12 7 3
12 7 6
12 8 6
12 8 7
12 9 3
12 9 6
12 9 7
12 11 6
12 11 7
12 11 8
12 13 14
12 13 15
12 13 17
12 16 17
13 6 5
13 7 1
13 7 5
13 8 2
13 11 4
13 11 9
13 12 1
13 12 5
13 12 9
13 12 11
13 14 15
14 3 2
14 7 3
14 7 5
14 8 2
14 9 2
14 9 3
14 9 4
14 9 5
14 12 3
14 12 5
14 12 8
14 12 9
14 13 2
14 13 4
14 13 8
14 15 16
14 15 17
14 16 17
15 8 6
15 10 6
15 10 8
15 11 6
15 11 8
15 11 9
15 12 3
15 12 8
15 12 9
15 12 11
15 13 6
15 13 8
15 13 11
15 16 17
16 5 1
16 7 1
16 7 5
16 7 6
16 8 6
16 10 1
16 10 6
16 12 1
16 12 5
16 14 1
16 14 4
16 14 12
17 7 5
17 9 4
17 9 5
17 9 7
17 10 7
17 12 5
17 12 7
17 12 9
17 14 4
17 14 7
17 14 9
17 14 12
17 14 13
17 15 10
17 15 12
17 15 13
17 16 4
17 16 5
17 16 7
17 16 10
17 16 12
17 16 14
total:199

1 3 6
1 5 6
3 2 1
4 2 1
5 4 2
total:5

1 2 3
1 2 4
1 2 6
2 3 8
2 4 8
2 5 8
2 6 7
2 6 8
3 5 8
3 5 9
3 6 8
3 6 9
4 3 1
4 3 2
4 5 9
5 3 2
6 3 2
6 4 3
6 5 3
7 2 1
7 6 1
8 2 1
8 3 1
8 3 2
9 4 3
9 6 3
9 6 5
9 8 3
total:28

total:0

1 3 7
2 3 5
2 3 6
2 3 7
2 3 8
2 4 7
2 5 7
2 5 8
2 8 9
3 2 1
3 5 7
3 8 9
6 2 1
6 3 1
6 3 2
7 3 2
7 4 2
8 6 2
8 6 3
8 7 2
8 7 3
9 2 1
9 3 1
9 3 2
9 4 1
9 4 2
total:26

2 3 7
6 3 2
7 5 1
7 5 3
total:4

1 2 3
3 2 1
total:2

