56098
30875
2912
75069
56322
34510
51384
26388
89741
11829
49772
97474
47856
74626
90667
78344
79909
15926
46865
12784
13982
33076
50322
44779
40276
3402
84146
85495
13440
65958
9965
89263
75377
63533
42286
5641
94216
85429
83260
85494
87428
78152
70205
80813
40890
27395
76692
54985
56961
70811
10983
20312
49470
9045
73589
78949
360
57321
71074
87218
99069
29087
42734
53532
90237
90055
26359
77349
59353
30981
78803
68430
32951
20212
67682
4013
11077
74428
28037
99860
51379
44333
97779
42091
53072
53520
24135
48114
79812
71109
69842
29753
6388
87849
30862
93924
46825
20023
96419
65475
53140
80418
62775
55749
35474
1082
91418
34994
75278
321
94778
61526
46719
5374
57636
70941
6414
79143
89200
97465
36882
9174
28146
38982
82597
5635
17790
15408
99120
80377
38872
34040
97460
75566
9310
82275
13903
83827
75702
61767
5668
55705
50694
30867
96761
49106
13772
98561
93904
62290
15255
95081
62673
23207
23827
2972
82069
64794
35069
31594
86737
46168
9305
81426
46207
60234
46496
93435
76852
93867
26546
49007
64466
13395
92500
46488
33226
23640
18859
17905
21520
27928
97316
95267
29337
48725
53466
88595
70025
17912
88070
7432
34433
76868
84499
62251
71554
57086
99970
62297
18154
66221
37048
27033
24907
25874
15342
69446
49411
8363
23774
68704
41748
50767
44698
6194
88938
53088
25688
43964
1159
64907
95250
72928
38236
39751
43594
13272
14066
3360
41781
69840
28197
43676
8372
18419
49643
39839
1817
32473
37283
7163
28230
85253
62230
4120
62670
58362
77190
61557
32692
80502
90601
39571
94840
48969
57932
92294
86964
4853
2615
57562
68729
97852
85228
338
4479
64580
96192
72497
99544
30273
19492
30204
93009
76732
15189
70345
82697
10896
64723
38448
69839
62564
60425
64762
48234
29919
27190
6102
41002
65673
37123
24938
78656
63471
86383
80583
1316
55537
45133
36699
43494
6978
23503
16402
98496
14139
81346
93063
53741
55866
70751
35236
29339
45376
71300
64661
72057
18385
75104
33646
31356
69998
16654
52144
92845
56011
47282
14438
38997
9029
44872
19000
73861
38314
44892
87055
11146
80036
38930
48052
38854
69451
56535
12377
92156
52253
37930
93140
88813
66369
46419
73102
64327
22771
20223
52780
77108
14928
25092
50104
25549
33281
97379
14185
45141
31046
79144
27283
12145
76540
89142
81390
13193
20144
75214
68585
44103
40282
61731
4865
40332
70088
28521
45641
48795
6877
64170
19098
138
97083
20210
44351
26310
75517
20697
75958
96013
41971
33608
44849
35891
99908
57847
91962
57058
41986
48663
71445
40287
60711
57942
62183
68279
27457
40820
35145
11438
76410
10498
62474
22405
62442
79199
52712
27295
19007
26885
35157
282
16306
8254
6711
1327
14295
50247
19380
32589
94635
69852
84689
75848
80287
84963
87681
70271
85418
67099
52467
56658
57228
49077
41472
24857
21804
86784
29905
52916
14124
95882
31382
56102
9053
21210
75374
70394
58463
92359
4038
66797
47617
57797
64249
3630
76156
71566
79424
75388
75402
29842
61815
66166
82045
89792
14592
77486
57272
5219
36546
4841
57101
65063
37030
60628
44545
2036
44655
23029
36000
30005
52186
57570
54904
6331
11612
84239
47294
77690
33706
34678
22844
55099
75162
13273
94852
73265
12703
75437
25768
19809
40698
20612
70574
52849
29
52189
95631
80012
61093
5919
83810
82835
53723
64688
94803
95571
28990
95894
71012
12918
77429
97275
85914
60447
28300
41658
88730
80195
9804
98904
58771
94284
65597
44678
50844
77606
71941
98728
18778
82450
55077
99083
25892
60587
49843
51993
3703
23166
97967
45594
19154
26120
70796
38276
18627
48372
84808
15561
35045
13128
41072
59840
54444
55878
81382
98610
98261
10964
49019
546
52706
31173
28958
59599
50548
61620
79733
75704
59992
17779
18597
23763
80995
13212
71882
72625
84021
4568
25604
87955
15568
39153
37432
46794
93035
81385
65569
98697
48697
5133
53750
83002
91938
47780
96819
27188
53243
34183
32688
91730
85305
62373
35442
88034
12996
79410
84366
11429
54122
15551
46420
36356
22888
68656
96444
19215
27130
5860
4295
79128
12746
39641
3747
24966
59108
27437
26651
45516
67202
3182
31506
90998
33593
68898
68070
86469
92705
21556
59134
44045
75361
32980
32287
12608
93780
60935
60585
8396
9744
37368
74079
26376
60415
93569
52123
80847
10715
82512
93473
88088
71699
6664
17385
27145
55928
35034
26217
93362
28932
34951
80757
7040
67835
24595
5655
31120
66161
4260
69816
13942
58046
60542
53079
98846
25780
83825
56353
19731
13240
66478
7119
48967
13787
92409
40998
14666
34765
58443
56134
72486
87628
70099
42688
51001
90399
165
16118
73634
65836
86159
98223
26544
79748
46043
33809
79416
81272
10772
75251
73666
51230
40960
84732
63836
64683
31608
28045
73713
45375
84821
15694
98503
37080
34985
31778
54301
75368
74704
5986
84797
2670
13871
60650
7693
39198
22850
40330
36086
19507
58133
45605
69431
6875
36032
2828
67665
93559
36251
11733
13708
88985
537
95455
19835
27683
44611
98114
45040
53788
61536
54626
38661
44983
13966
77215
44878
49258
1210
80624
9627
30127
12526
2709
55485
81434
47100
54457
54960
83072
821
82261
27618
99588
64764
45671
73402
21303
65203
35336
86114
87902
96253
67329
42854
43073
62311
50658
56860
6206
63762
47864
4623
60256
63415
80985
44786
15553
40048
94032
37571
7256
74979
69126
67364
78799
50762
8720
1713
43006
72413
345
61755
62069
15893
72445
42142
64658
84584
62379
25332
76494
27078
17099
61682
74589
6627
87763
68392
26426
88923
5966
50103
52147
56782
35943
56496
58383
99190
40297
8727
76927
25076
76801
891
9932
82366
739
85085
78979
56641
47844
41623
24155
97085
90129
82386
84159
72670
86340
87812
97807
98414
94836
94854
74033
63044
40523
3308
3935
5714
65789
20385
83741
56546
95257
18466
81030
7300
1435
64583
72869
11552
93865
9868
61085
40893
52484
20686
17295
99131
18762
76747
67802
85650
16759
7285
16018
7791
34649
82743
22035
8062
43269
8814
93457
60893
80143
99134
2961
29744
11973
88235
48070
51328
92015
14603
21834
14378
85489
17921
40769
89861
52766
88498
44099
50186
81247
7556
67975
16498
7369
37497
79773
58193
55614
74884
87692
94514
20576
46781
50512
36182
60220
30505
1904
88688
25948
20676
63194
99999
