# Cards Overhang
56098     5.756
30875     5.457
 2912     4.277
75069     5.902
56322     5.758
34510     5.513
51384     5.712
26388     5.379
89741     5.991
11829     4.978
49772     5.696
97474     6.032
47856     5.677
74626     5.899
90667     5.996
78344     5.923
79909     5.933
15926     5.126
46865     5.666
12784     5.017
13982     5.061
33076     5.492
50322     5.702
44779     5.643
40276     5.590
 3402     4.355
84146     5.959
85495     5.967
13440     5.042
65958     5.837
 9965     4.892
89263     5.988
75377     5.904
63533     5.818
42286     5.615
 5641     4.608
94216     6.015
85429     5.966
83260     5.953
85494     5.967
87428     5.978
78152     5.922
70205     5.868
80813     5.939
40890     5.598
27395     5.398
76692     5.912
54985     5.746
56961     5.764
70811     5.872
10983     4.941
20312     5.248
49470     5.693
 9045     4.844
73589     5.892
78949     5.927
  360     3.232
57321     5.767
71074     5.874
87218     5.977
99069     6.040
29087     5.428
42734     5.620
53532     5.733
90237     5.994
90055     5.993
26359     5.378
77349     5.917
59353     5.784
30981     5.459
78803     5.926
68430     5.855
32951     5.490
20212     5.246
67682     5.850
 4013     4.437
11077     4.945
74428     5.897
28037     5.409
99860     6.044
51379     5.712
44333     5.638
97779     6.034
42091     5.612
53072     5.728
53520     5.733
24135     5.334
48114     5.679
79812     5.932
71109     5.875
69842     5.866
29753     5.439
 6388     4.670
87849     5.980
30862     5.457
93924     6.014
46825     5.666
20023     5.241
96419     6.027
65475     5.833
53140     5.729
80418     5.936
62775     5.812
55749     5.753
35474     5.527
 1082     3.782
91418     6.000
34994     5.520
75278     5.903
  321     3.175
94778     6.018
61526     5.802
46719     5.665
 5374     4.583
57636     5.770
70941     5.873
 6414     4.672
79143     5.928
89200     5.988
97465     6.032
36882     5.546
 9174     4.851
28146     5.411
38982     5.574
82597     5.949
 5635     4.607
17790     5.182
15408     5.110
99120     6.041
80377     5.936
38872     5.573
34040     5.506
97460     6.032
75566     5.905
 9310     4.858
82275     5.948
13903     5.059
83827     5.957
75702     5.906
61767     5.804
 5668     4.610
55705     5.753
50694     5.705
30867     5.457
96761     6.029
49106     5.689
13772     5.054
98561     6.038
93904     6.014
62290     5.808
15255     5.105
95081     6.020
62673     5.811
23207     5.315
23827     5.328
 2972     4.287
82069     5.946
64794     5.828
35069     5.521
31594     5.469
86737     5.974
46168     5.659
 9305     4.858
81426     5.942
46207     5.659
60234     5.792
46496     5.662
93435     6.011
76852     5.913
93867     6.013
26546     5.382
49007     5.688
64466     5.826
13395     5.040
92500     6.006
46488     5.662
33226     5.494
23640     5.324
18859     5.211
17905     5.185
21520     5.277
27928     5.407
97316     6.031
95267     6.021
29337     5.432
48725     5.686
53466     5.732
88595     5.985
70025     5.867
17912     5.185
88070     5.982
 7432     4.745
34433     5.512
76868     5.914
84499     5.961
62251     5.808
71554     5.878
57086     5.765
99970     6.045
62297     5.808
18154     5.192
66221     5.839
37048     5.549
27033     5.391
24907     5.350
25874     5.369
15342     5.108
69446     5.863
49411     5.693
 8363     4.804
23774     5.327
68704     5.857
41748     5.608
50767     5.706
44698     5.642
 6194     4.654
88938     5.986
53088     5.728
25688     5.366
43964     5.634
 1159     3.816
64907     5.829
95250     6.021
72928     5.887
38236     5.564
39751     5.584
43594     5.630
13272     5.035
14066     5.064
 3360     4.349
41781     5.609
69840     5.866
28197     5.412
43676     5.631
 8372     4.805
18419     5.199
49643     5.695
39839     5.585
 1817     4.041
32473     5.483
37283     5.552
 7163     4.727
28230     5.413
85253     5.965
62230     5.808
 4120     4.450
62670     5.811
58362     5.776
77190     5.916
61557     5.802
32692     5.486
80502     5.937
90601     5.996
39571     5.582
94840     6.019
48969     5.688
57932     5.772
92294     6.005
86964     5.975
 4853     4.532
 2615     4.223
57562     5.769
68729     5.858
97852     6.034
85228     5.965
  338     3.201
 4479     4.492
64580     5.826
96192     6.026
72497     5.884
99544     6.043
30273     5.448
19492     5.228
30204     5.446
93009     6.009
76732     5.913
15189     5.103
70345     5.869
82697     5.950
10896     4.937
64723     5.828
38448     5.567
69839     5.866
62564     5.811
60425     5.793
64762     5.828
48234     5.681
29919     5.442
27190     5.394
 6102     4.647
41002     5.599
65673     5.835
37123     5.550
24938     5.351
78656     5.925
63471     5.818
86383     5.972
80583     5.937
 1316     3.880
55537     5.751
45133     5.647
36699     5.544
43494     5.629
 6978     4.714
23503     5.321
16402     5.141
98496     6.037
14139     5.067
81346     5.942
93063     6.009
53741     5.735
55866     5.754
70751     5.872
35236     5.524
29339     5.432
45376     5.650
71300     5.876
64661     5.827
72057     5.881
18385     5.198
75104     5.902
33646     5.500
31356     5.465
69998     5.867
16654     5.149
52144     5.719
92845     6.008
56011     5.755
47282     5.671
14438     5.077
38997     5.574
 9029     4.843
44872     5.644
19000     5.215
73861     5.894
38314     5.565
44892     5.645
87055     5.976
11146     4.948
80036     5.934
38930     5.573
48052     5.679
38854     5.572
69451     5.863
56535     5.760
12377     5.000
92156     6.004
52253     5.721
37930     5.560
93140     6.010
88813     5.986
66369     5.840
46419     5.661
73102     5.888
64327     5.824
22771     5.305
20223     5.246
52780     5.726
77108     5.915
14928     5.094
25092     5.354
50104     5.700
25549     5.363
33281     5.495
97379     6.032
14185     5.069
45141     5.647
31046     5.460
79144     5.928
27283     5.396
12145     4.991
76540     5.911
89142     5.988
81390     5.942
13193     5.032
20144     5.244
75214     5.903
68585     5.857
44103     5.636
40282     5.590
61731     5.804
 4865     4.534
40332     5.591
70088     5.867
28521     5.418
45641     5.653
48795     5.686
 6877     4.707
64170     5.823
19098     5.217
  138     2.754
97083     6.030
20210     5.246
44351     5.639
26310     5.377
75517     5.905
20697     5.257
75958     5.908
96013     6.025
41971     5.611
33608     5.500
44849     5.644
35891     5.533
99908     6.045
57847     5.771
91962     6.003
57058     5.765
41986     5.611
48663     5.685
71445     5.877
40287     5.591
60711     5.796
57942     5.772
62183     5.808
68279     5.854
27457     5.399
40820     5.597
35145     5.522
11438     4.961
76410     5.911
10498     4.918
62474     5.810
22405     5.297
62442     5.810
79199     5.928
52712     5.725
27295     5.396
19007     5.215
26885     5.388
35157     5.522
  282     3.110
16306     5.138
 8254     4.798
 6711     4.694
 1327     3.884
14295     5.072
50247     5.701
19380     5.225
32589     5.484
94635     6.018
69852     5.866
84689     5.962
75848     5.907
80287     5.935
84963     5.964
87681     5.979
70271     5.869
85418     5.966
67099     5.846
52467     5.723
56658     5.761
57228     5.766
49077     5.689
41472     5.605
24857     5.349
21804     5.284
86784     5.974
29905     5.442
52916     5.727
14124     5.066
95882     6.024
31382     5.466
56102     5.756
 9053     4.844
21210     5.270
75374     5.904
70394     5.870
58463     5.777
92359     6.005
 4038     4.440
66797     5.843
47617     5.674
57797     5.771
64249     5.824
 3630     4.387
76156     5.909
71566     5.878
79424     5.930
75388     5.904
75402     5.904
29842     5.440
61815     5.805
66166     5.839
82045     5.946
89792     5.991
14592     5.083
77486     5.918
57272     5.766
 5219     4.569
36546     5.542
 4841     4.531
57101     5.765
65063     5.830
37030     5.548
60628     5.795
44545     5.641
 2036     4.098
44655     5.642
23029     5.311
36000     5.534
30005     5.443
52186     5.720
57570     5.769
54904     5.745
 6331     4.665
11612     4.969
84239     5.959
47294     5.671
77690     5.919
33706     5.501
34678     5.516
22844     5.307
55099     5.747
75162     5.902
13273     5.035
94852     6.019
73265     5.890
12703     5.013
75437     5.904
25768     5.367
19809     5.236
40698     5.596
20612     5.255
70574     5.871
52849     5.726
   29     1.981
52189     5.720
95631     6.023
80012     5.934
61093     5.799
 5919     4.632
83810     5.957
82835     5.951
53723     5.734
64688     5.827
94803     6.018
95571     6.022
28990     5.426
95894     6.024
71012     5.874
12918     5.022
77429     5.917
97275     6.031
85914     5.969
60447     5.793
28300     5.414
41658     5.607
88730     5.985
80195     5.935
 9804     4.884
98904     6.040
58771     5.779
94284     6.016
65597     5.834
44678     5.642
50844     5.707
77606     5.918
71941     5.880
98728     6.039
18778     5.209
82450     5.949
55077     5.747
99083     6.040
25892     5.369
60587     5.795
49843     5.697
51993     5.718
 3703     4.397
23166     5.314
97967     6.035
45594     5.652
19154     5.219
26120     5.374
70796     5.872
38276     5.565
18627     5.205
48372     5.682
84808     5.963
15561     5.115
35045     5.521
13128     5.030
41072     5.600
59840     5.788
54444     5.741
55878     5.754
81382     5.942
98610     6.038
98261     6.036
10964     4.940
49019     5.689
  546     3.440
52706     5.725
31173     5.462
28958     5.425
59599     5.786
50548     5.704
61620     5.803
79733     5.932
75704     5.906
59992     5.790
17779     5.182
18597     5.204
23763     5.327
80995     5.940
13212     5.033
71882     5.880
72625     5.885
84021     5.958
 4568     4.502
25604     5.364
87955     5.981
15568     5.115
39153     5.576
37432     5.554
46794     5.665
93035     6.009
81385     5.942
65569     5.834
98697     6.039
48697     5.685
 5133     4.560
53750     5.735
83002     5.952
91938     6.003
47780     5.676
96819     6.029
27188     5.394
53243     5.730
34183     5.508
32688     5.486
91730     6.002
85305     5.966
62373     5.809
35442     5.526
88034     5.981
12996     5.025
79410     5.930
84366     5.960
11429     4.961
54122     5.738
15551     5.115
46420     5.661
36356     5.539
22888     5.308
68656     5.857
96444     6.027
19215     5.220
27130     5.393
 5860     4.627
 4295     4.471
79128     5.928
12746     5.015
39641     5.582
 3747     4.403
24966     5.351
59108     5.782
27437     5.398
26651     5.384
45516     5.652
67202     5.846
 3182     4.321
31506     5.468
90998     5.998
33593     5.500
68898     5.859
68070     5.853
86469     5.972
92705     6.007
21556     5.278
59134     5.782
44045     5.635
75361     5.904
32980     5.490
32287     5.480
12608     5.010
93780     6.013
60935     5.797
60585     5.795
 8396     4.806
 9744     4.881
37368     5.553
74079     5.895
26376     5.379
60415     5.793
93569     6.012
52123     5.719
80847     5.939
10715     4.928
82512     5.949
93473     6.011
88088     5.982
71699     5.879
 6664     4.691
17385     5.170
27145     5.393
55928     5.755
35034     5.521
26217     5.376
93362     6.011
28932     5.425
34951     5.519
80757     5.938
 7040     4.718
67835     5.851
24595     5.344
 5655     4.609
31120     5.461
66161     5.839
 4260     4.467
69816     5.865
13942     5.060
58046     5.773
60542     5.794
53079     5.728
98846     6.039
25780     5.367
83825     5.957
56353     5.758
19731     5.234
13240     5.034
66478     5.841
 7119     4.724
48967     5.688
13787     5.054
92409     6.006
40998     5.599
14666     5.085
34765     5.517
58443     5.777
56134     5.756
72486     5.884
87628     5.979
70099     5.867
42688     5.619
51001     5.708
90399     5.995
  165     2.843
16118     5.132
73634     5.892
65836     5.836
86159     5.971
98223     6.036
26544     5.382
79748     5.932
46043     5.657
33809     5.503
79416     5.930
81272     5.941
10772     4.931
75251     5.903
73666     5.892
51230     5.711
40960     5.599
84732     5.962
63836     5.821
64683     5.827
31608     5.469
28045     5.409
73713     5.893
45375     5.650
84821     5.963
15694     5.119
98503     6.038
37080     5.549
34985     5.520
31778     5.472
54301     5.740
75368     5.904
74704     5.899
 5986     4.637
84797     5.963
 2670     4.234
13871     5.057
60650     5.795
 7693     4.763
39198     5.577
22850     5.307
40330     5.591
36086     5.535
19507     5.228
58133     5.774
45605     5.652
69431     5.863
 6875     4.706
36032     5.535
 2828     4.262
67665     5.850
93559     6.012
36251     5.538
11733     4.974
13708     5.051
88985     5.987
  537     3.432
95455     6.022
19835     5.236
27683     5.403
44611     5.641
98114     6.036
45040     5.646
53788     5.735
61536     5.802
54626     5.743
38661     5.570
44983     5.646
13966     5.061
77215     5.916
44878     5.644
49258     5.691
 1210     3.838
80624     5.937
 9627     4.875
30127     5.445
12526     5.006
 2709     4.241
55485     5.751
81434     5.942
47100     5.669
54457     5.741
54960     5.746
83072     5.952
  821     3.644
82261     5.947
27618     5.402
99588     6.043
64764     5.828
45671     5.653
73402     5.890
21303     5.272
65203     5.831
35336     5.525
86114     5.970
87902     5.981
96253     6.026
67329     5.847
42854     5.621
43073     5.624
62311     5.809
50658     5.705
56860     5.763
 6206     4.655
63762     5.820
47864     5.677
 4623     4.508
60256     5.792
63415     5.817
80985     5.940
44786     5.643
15553     5.115
40048     5.588
94032     6.014
37571     5.556
 7256     4.733
74979     5.901
69126     5.860
67364     5.848
78799     5.926
50762     5.706
 8720     4.825
 1713     4.012
43006     5.623
72413     5.884
  345     3.211
61755     5.804
62069     5.807
15893     5.125
72445     5.884
42142     5.613
64658     5.827
84584     5.961
62379     5.809
25332     5.359
76494     5.911
27078     5.392
17099     5.162
61682     5.803
74589     5.898
 6627     4.688
87763     5.980
68392     5.855
26426     5.380
88923     5.986
 5966     4.636
50103     5.700
52147     5.720
56782     5.762
35943     5.533
56496     5.760
58383     5.776
99190     6.041
40297     5.591
 8727     4.826
76927     5.914
25076     5.353
76801     5.913
  891     3.685
 9932     4.890
82366     5.948
  739     3.592
85085     5.964
78979     5.927
56641     5.761
47844     5.676
41623     5.607
24155     5.335
97085     6.030
90129     5.993
82386     5.948
84159     5.959
72670     5.885
86340     5.972
87812     5.980
97807     6.034
98414     6.037
94836     6.019
94854     6.019
74033     5.895
63044     5.814
40523     5.593
 3308     4.341
 3935     4.428
 5714     4.614
65789     5.836
20385     5.250
83741     5.956
56546     5.760
95257     6.021
18466     5.200
81030     5.940
 7300     4.736
 1435     3.923
64583     5.826
72869     5.887
11552     4.966
93865     6.013
 9868     4.887
61085     5.799
40893     5.598
52484     5.723
20686     5.257
17295     5.168
99131     6.041
18762     5.208
76747     5.913
67802     5.851
85650     5.968
16759     5.152
 7285     4.735
16018     5.129
 7791     4.769
34649     5.515
82743     5.950
22035     5.289
 8062     4.786
43269     5.626
 8814     4.831
93457     6.011
60893     5.797
80143     5.934
99134     6.041
 2961     4.285
29744     5.439
11973     4.984
88235     5.982
48070     5.679
51328     5.712
92015     6.003
14603     5.083
21834     5.284
14378     5.075
85489     5.967
17921     5.185
40769     5.596
89861     5.992
52766     5.725
88498     5.984
44099     5.636
50186     5.700
81247     5.941
 7556     4.754
67975     5.852
16498     5.144
 7369     4.741
37497     5.555
79773     5.932
58193     5.774
55614     5.752
74884     5.900
87692     5.979
94514     6.017
20576     5.255
46781     5.665
50512     5.704
36182     5.537
60220     5.791
30505     5.451
 1904     4.065
88688     5.985
25948     5.371
20676     5.257
63194     5.816
99999     6.045
