Yes
944 141 66 859 260 99 784 89 603 527 716 583 538 796 233 217 285 409 722 758 601 646 310 25 544 948 280 757 40 399 854 983 891 919 193 150 370 328 591 972 854 306 906 392 453 138 608 737 547 681 846 499 327 156 523 870 455 154 627 495 553 832 477 443 102 22 945 471 349 535 794 203 192 699 946 644 837 905 380 735 585 577 585 911 732 108 133 187 261 111 681 165 294 509 608 395 882 904 218 231 438 11 785 629 62 730 272 250 986 3 984 570 579 568 833 663 27 317 201 640 779 881 804 424 741 763 170 793
Yes
178 574 898 43 178 402 879 38 300 692 706 669 504 247 592 324 849 707 549 65 794 712 70 158 944 52 258 700 726 314 157 904 887 406 298 417 808 176 454 107 868 511 127 371 757 718 46 957 776 946 21 921 657 443 79 952 846 688 4 571 1 160 826 378
Yes
526 422 340 479 597 71 754 784 41 107 996 943 198 417 695 262
Yes
60 929 195 8 999 948 792 39 406 139 333 603 555 407 297 169 850 42 483 852 234 96 957 841 903 518 306 94 156 895 458 764
Yes
370 884
Yes
600 241 27 159 137 336 273 792 294 906 647 644 22 706 228 232 73 4 697 957 437 606 997 764 973 954 267 342 837 943 14 789 183 392 299 671 80 923 462 373 829 461 16 850 518 595 433 590 598 481 546 34 87 894 150 411 200 416 104 388 358 117 528 892 861 827 562 940 749 376 312 929 836 679 130 705 274 563 646 871 395 543 257 833 789 758 243 988 173 347 727 882 815 255 125 675 433 686 966 533 413 629 462 600 308 591 304 581 505 301 803 252 844 411 84 632 168 327 971 692 25 697 925 839 303 49 866 87 87 183 620 499 812 433 99 471 375 402 403 880 703 557 131 898 968 566 881 487 892 851 531 268 899 455 459 554 504 676 640 590 858 259 440 669 43 538 491 418 940 893 297 994 450 779 891 769 696 123 255 588 973 137 207 223 592 665 776 447 340 768 388 550 378 827 570 421 365 61 838 656 953 134 649 402 264 891 522 959 13 129 898 337 265 457 911 856 121 687 654 813 454 41 362 831 220 931 603 584 343 440 239 296 925 239 49 188 481 923 499 845 51 748 533 315 204 443 523 325 481 176 489 286 569 202 469 788 484 71 371 827 511 961 474 435 551 874 975 31 796 473 227 846 220 759 161 776 553 683 452 34 210 940 319 778 141 139 917 624 210 287 450 720 599 275 506 149 149 480 531 944 952 757 790 524 867 950 299 420 984 750 805 545 41 123 675 533 262 591 156 823 230 958 542 828 232 47 329 380 879 859 676 182 968 465 705 186 766 355 605 101 456 761 645 848 884 319 380 497 910 536 319 491 845 212 318 428 610 998 160 488 857 835 22 176 299 726 361 416 433 318 516 240 78 512 88 313 831 467 161 92 354 831 582 198 394 251 978 356 249 137 195 457 971 216 632 621 942 344 36 726 13 903 965 443 414 52 107 596 519 268 687 224 450 620 422 844 871 751 199 119 887 393 575 209 609 558 829 902 253 216 627 618 118 943 60 883 995 166 479 865 785 165 88 235 785 861 78 7 611 628 477 497 20 51 705 980 960 885 881 564 452 859 181 569 802 240 804 148 758 282 12 542 798 451 776 934 312 205 940 274 832 416 771 204 818 827 183 129 64 416 693 515 626 225 436 779 817 239 926 574 872 289 467 669 740 595 603 403 799 894 676 983 310 798 186 479 977 720 608 40 135 652 906 761 876 341 539 692 931 817 617 802 105 84 471 196 678 425 598 828 318 626 162 979 423 347 458 399 67 417 790 553 420 696 665 295 388 204 339 319 372 955 472 476 390 294 672 419 718 621 599 388 246 760 366 21 459 175 419 877 943 561 429 362 256 94 9 643 649 347 313 20 653 785 847 395 430 870 813 500 843 411 887 88 523 604 460 981 779 231 857 73 791 637 435 46 82 443 40 730 141 705 101 145 841 948 539 270 169 352 769 11 114 7 451 988 611 910 968 741 140 176 813 930 813 599 327 894 41 367 976 533 71 76 678 911 375 216 532 544 919 653 906 385 659 356 372 621 266 340 361 757 867 526 687 679 476 365 925 869 731 252 401 153 327 78 415 54 646 299 949 564 951 854 948 609 562 320 230 827 11 942 583 229 819 621 908 647 986 184 515 68 435 915 573 113 345 339 518 990 637 466 553 587 672 853 548 233 524 129 411 886 422 993 114 593 966 373 239 951 556 753 370 342 19 942 455 363 281 972 352 269 790 257 208 461 109 107 693 984 235 103 869 8 447 982 600 412 355 190 714 262 942 84 604 961 377 58 675 9 381 27 278 170 635 837 630 95 943 674 78 529 128 946 536 575 927 488 338 633 677 404 895 971 839 850 283 215 907 957 576 639 335 205 809 969 41 790 415 335 464 492 863 943 437 750 869 716 237 559 700 266 962 594 236 800 443 870 366 701 826 941 340 513 145 500 833 537 289 248 871 104 739 733 399 528 483 267 595 71 825 294 336 786 240 923 937 34 792 655 735 970 947 426 482 444 277 666 980 917 913 851 373 4 935 771 883 769 37 477 840 214 770 527 351 361 802 288 395 593 294 481 562 240 906 395 683 534 61 15 450 325 217 822 680 151 944 562 272 981 38 463 194 160 989 544 520 790 183 914 735 828 394 648 68 651 43 102 536 455 116 986 131 332 159 811 835 103 372 106 435 410 568 980 921 908 875 440 50 58 354 784 885 99 431 304 102 825 758 637 631 873 622 114 557 133 924 743 235 647 848 21 408 767 1000 328 674 874 768 723 283 473 858 520 923 641 823 24 817 580 661 448 805 634 561 713 766 836 455 352 482 302 724 890 420 723 217 93 949 336 168 231 377 268
Yes
908 270 547 397 432 774 434 480 123 718 274 839 996 460 692 652 582 500 7 654 728 691 570 79 845 984 724 103 199 75 350 458 344 896 854 128 670 288 607 144 357 880 982 352 691 25 4 273 525 10 278 252 53 199 330 249 182 405 351 732 480 700 189 175 948 395 302 969 34 260 112 742 492 445 93 182 470 448 806 346 810 83 597 214 633 278 462 814 682 812 897 513 863 438 688 810 832 341 778 217 601 241 958 92 38 402 625 859 202 431 204 363 865 800 576 498 429 37 663 110 200 560 623 62 997 662 224 180 2 353 748 602 594 57 45 983 458 670 841 11 452 44 373 668 195 948 165 623 336 180 84 887 739 706 301 87 719 524 618 721 876 717 674 821 773 719 803 230 740 643 593 543 38 965 210 232 265 727 206 952 906 290 839 644 995 139 82 714 14 51 786 889 767 459 62 539 529 864 120 620 859 712 162 896 29 724 480 293 450 685 596 355 974 786 350 969 276 431 34 289 833 171 530 599 629 591 137 510 806 608 481 664 320 643 912 700 366 391 344 167 75 939 521 49 725 870 369 1000 652 754 641 484 924 522 434 805
Yes
718 846
Yes
395 90 342 925 537 733 426 128
Yes
649 819
Yes
721 962 190 3
Yes
200 800 947 241
Yes
162 296 615 289 135 263 428 853 203 893 985 786 893 803 119 613 116 309 165 140 311 858 233 862 657 321 808 897 398 679 25 911 326 640 552 812 902 979 16 456 223 1000 594 116 155 712 80 270 372 245 762 34 102 346 896 110 666 703 358 415 733 382 326 59 373 877 222 627 207 238 434 429 589 27 896 743 91 328 365 462 924 126 496 25 471 391 486 137 445 195 903 530 928 228 940 653 104 161 279 310 750 712 91 339 91 338 81 181 665 797 642 588 922 489 964 745 231 801 233 28 995 135 557 275 715 496 818 473
Yes
935 763 859 161 994 406 207 783 901 903 277 627 212 507 620 346 423 134 793 360 189 987 952 578 987 10 391 298 830 899 814 764 13 673 276 358 430 482 140 682 737 769 309 300 275 280 645 697 413 789 408 601 776 712 178 762 721 921 412 902 819 225 666 184 249 293 541 31 127 33 712 863 801 20 514 427 651 511 475 63 299 883 15 426 946 193 540 18 465 951 919 635 175 936 818 424 229 359 454 707 391 165 921 543 537 434 969 187 944 795 602 595 677 616 20 974 160 559 991 624 861 910 259 36 197 76 811 690
Yes
625 127 63 242 785 421 483 786 875 545 935 301 454 780 112 171 584 899 565 178 97 26 4 128 242 269 823 283 864 667 478 716
Yes
621 299 339 932 862 406 470 321 759 307 233 539 256 316 255 456 962 148 752 986 44 527 251 912 124 150 292 739 527 510 500 499 161 838 430 374 595 251 694 353 910 278 243 165 593 497 620 907 644 723 892 39 601 494 951 724 643 594 815 521 455 314 19 615 503 801 340 449 51 385 153 960 663 395 477 607 244 448 513 887 171 756 278 771 601 580 847 244 173 661 116 979 326 135 946 828 935 285 276 337 670 428 649 332 174 477 290 417 924 155 656 446 262 933 217 863 512 415 458 36 427 573 14 752 707 311 579 993 596 206 682 617 985 330 948 158 158 589 575 81 743 230 527 5 514 95 867 25 509 676 412 287 248 777 38 307 88 968 651 683 525 332 299 509 13 598 666 170 186 592 603 281 173 129 285 686 223 503 62 83 178 473 369 777 250 758 83 337 77 734 371 601 417 669 461 430 618 478 951 155 70 553 435 594 681 71 280 255 573 341 689 102 166 409 879 767 518 961 103 594 46 825 546 463 845 6 244 462 484 194 616 905 747 403 498 779 473 777 34 398 470 74 499 987 483 377 753 1000 690 207 594 87 31 491 549 875 497 792 688 332 338 655 236 84 409 733 214 882 862 599 279 683 673 777 669 155 506 773 506 195 979 451 281 361 942 182 587 790 325 274 121 662 280 708 97 689 440 311 922 653 909 200 687 933 328 355 87 833 127 945 379 457 395 12 817 336 545 403 125 869 28 597 883 660 304 331 348 96 993 269 748 254 820 787 186 147 141 625 332 620 569 710 428 315 73 245 3 617 999 127 838 379 76 72 38 379 754 385 826 99 5 926 352 824 712 889 322 204 865 653 823 785 363 603 100 787 847 102 756 197 580 593 575 655 16 612 386 769 348 211 867 704 136 570 527 847 811 849 51 675 501 225 460 215 827 911 354 25 12 109 222 943 53 148 950 68 112 335 188 459 545 407 163 33 328 41 231 138 241 281 165 94 858 976 660 36 886 13 61 249 121 634 543 525 781 492 944 244 826 132 703 723 890 217 107 569 609 337 707 850 970 223 295 179 198 954 214 435 967 274 35 439 259 929 964 392 421 259 635 598 390 689 320 631 905 778 200 866 115 258 67 436 832 361 614 381 314 827 167 632 453 201 71 63 129 386 454 901 644 89 499 359
Yes
318 270 815 939 212 510 166 946 800 909 38 860 599 818 59 566 533 803 444 38 472 988 94 610 21 519 123 416 572 320 957 889 941 123 179 505 984 344 450 783 604 487 642 554 304 52 119 189 855 562 226 678 549 320 639 922 838 761 689 761 432 645 649 725 119 180 229 103 875 30 237 479 516 879 384 171 930 503 359 136 64 585 165 965 256 155 886 445 916 574 205 699 570 205 775 688 384 3 790 259 384 27 89 899 257 472 70 538 974 780 26 390 716 542 354 971 697 591 767 964 164 323 14 733 528 789 772 263 143 914 873 527 292 961 777 548 785 846 437 110 978 814 499 693 356 204 16 404 794 782 719 309 457 732 393 336 872 165 598 15 78 471 893 721 783 669 268 567 867 56 677 844 870 527 536 577 83 903 980 228 37 50 537 493 133 929 828 5 445 425 19 874 247 263 594 30 931 213 948 797 269 976 992 490 503 528 418 585 782 749 812 818 798 700 310 930 981 489 934 425 266 304 651 512 566 244 893 497 457 841 645 77 816 637 918 670 516 335 606 297 83 770 467 880 469 128 161 449 617 95 226 882 750 876 745 316 471 990 164 927 182 160 355 349 796 272 19 663 958 976 312 40 745 778 919 566 905 80 366 873 526 943 106 275 818 851 942 289 192 457 567 373 617 274 721 764 897 91 427 855 67 90 894 811 867 165 728 123 596 94 996 473 36 101 99 206 951 41 846 494 849 764 866 817 37 587 581 934 677 359 140 95 448 33 906 666 549 985 788 144 78 783 616 466 884 67 671 186 107 868 32 307 631 897 124 20 483 704 305 512 414 444 606 213 476 863 878 25 848 17 520 277 152 488 94 387 554 116 924 12 983 955 318 614 852 793 985 686 848 289 549 261 732 155 825 559 369 54 935 568 71 455 845 222 294 290 608 847 406 531 210 388 486 879 353 689 672 337 374 519 625 275 132 356 429 956 915 149 10 849 717 80 655 913 653 948 202 612 146 959 142 707 347 979 586 699 19 257 388 393 127 12 667 258 720 447 214 986 947 223 186 15 654 841 279 658 140 833 269 286 791 410 992 137 741 929 188 759 185 927 503 664 938 521 921 9 319 134 994 266 708 180 632 713 372 911 370 511 743 638 148 533 400 492 22 492 420 209 250 957 135 105 620 424 977 540 785 296 26 130 913 85 661 896 150 32 806 519 895 548 509 42 433 260 533 454 751 305 14 352 261 500 456 232 275 785 123 59 432 148 541 696 585 201 591 734 233 397 604 127 296 112 520 80 371 53 885 473 709 898 825 969 749 632 552 24 416 674 434 847 174 974 542 758 527 485 843 759 881 446 237 528 910 756 960 632 160 844 105 220 742 281 540 842 912 91 865 328 765 651 526 938 976 420 47 502 904 889 612 136 686 848 15 595 956 974 579 467 818 35 687 911 315 226 752 578 317 969 257 433 619 783 370 594 554 768 448 457 656 59 944 341 259 958 288 566 932 866 32 749 900 70 11 566 648 762 143 316 730 400 748 700 534 469 294 87 236 93 895 243 151 838 583 409 795 870 974 78 87 358 178 338 427 188 903 426 950 398 741 31 149 840 731 682 660 376 120 895 468 14 137 618 203 72 379 349 293 352 427 380 709 604 717 488 792 972 913 93 369 6 123 517 845 853 550 505 228 21 751 47 34 240 665 588 663 43 936 955 746 362 334 807 318 51 294 109 22 558 553 742 563 675 258 760 880 159 616 459 179 366 506 564 957 170 151 619 564 438 574 309 152 259 115 469 309 760 929 682 318 481 423 232 507 32 343 386 542 958 845 720 676 350 635 984 871 137 603 786 575 528 446 726 786 561 546 447 672 826 128 341 306 903 925 164 286 267 550 828 225 746 899 252 95 886 235 317 22 189 102 596 716 899 673 854 459 570 300 483 395 779 823 52 33 747 216 319 366 117 498 942 862 748 193 308 633 779 624 655 968 77 602 35 975 627 888 786 196 539 620 591 318 442 994 350 541 209 20 906 677 517 847 538 617 391 845 249 169 820 255 488 248 857 523 575 483 762 712 30 653 331 972 970 124 966 671 16 526 691 921 203 559 119 92 175 861 289 776 382 460 382 869 708 590 743 634 424 857 345 454 509 675 425 478 150 742 500 166 268 542 438 822 101 557 913 627 769 553 754 150 13 136 371 720 725 113 353 149 969 49 954 829 75 378 306 224 472 158 389 739 699 827 912 151 735 176 778 503 729 531 5 741 18 375 812 743 839 516 243 808 564 196 636 638 925 294 861 396 803 602 486 501 428 397 652 162 925 781 16 653 663 20 393 746 71
Yes
266 141 816 823 376 216 25 623 796 115 262 896 503 360 133 334 457 834 468 555 887 836 21 922 925 406 739 820 708 904 209 973 44 377 795 771 592 820 745 739 286 6 986 788 365 118 122 173 951 941 727 189 776 100 110 53 505 849 872 213 752 432 537 147 808 332 917 752 503 661 842 788 19 828 576 735 945 49 908 896 341 634 84 116 733 546 520 590 746 743 802 849 175 338 995 982 21 263 85 523 275 927 663 293 754 590 380 698 990 287 945 330 920 381 445 5 278 317 594 23 59 747 871 233 436 217 567 457 831 651 331 105 577 993 750 682 934 129 732 923 415 676 252 686 408 697 42 685 365 635 59 423 381 281 656 817 497 574 625 327 224 955 784 153 300 885 834 233 13 565 156 779 593 407 816 1000 455 858 37 819 492 447 594 225 728 249 393 224 174 17 903 397 323 686 549 974 570 383 207 934 299 362 64 891 120 879 243 927 736 279 97 580 77 690 156 804 290 900 380 463 268 282 860 590 319 760 564 240 494 122 173 793 835 236 683 954 466 277 232 554 907 329 485 984 18 640 787 308 539 166 770 158 447 981 747 117 741 662 356 586 783 528 378 969 115 413 275 933 689 506 486 596 834 322 579 852 961 717 511 851 883 280 8 681 613 106 798 353 120 153 938 902 33 668 223 499 432 497 431 120 2 268 67 836 589 997 39 901 714 549 103 596 180 462 276 792 568 73 496 687 226 786 940 258 453 162 108 884 10 539 355 12 806 774 199 747 770 237 647 483 137 102 430 668 563 58 460 482 130 955 168 707 740 460 316 544 973 424 779 983 314 134 346 471 907 544 217 28 132 216 863 268 317 292 935 231 349 746 713 831 53 232 889 792 43 557 688 16 332 466 350 645 951 695 115 209 238 684 237 369 899 99 988 567 390 274 797 91 20 509 273 72 741 513 215 135 69 902 150 400 720 851 44 670 545 511 879 134 194 115 854 92 565 193 10 306 467 806 748 838 667 20 909 759 533 475 893 953 729 395 353 448 245 748 469 142 258 699 627 451 165 833 894 729 25 903 387 843 61 134 680 727 154 940 837 38 767 729 990 495 123 694 294 368 442 114 861 51 813 487 854 329 319 747 58 696 2 796 890 414 929 570 140 434 861 976 471 627 56 813 473 179 506 766 898 299 232 758 350 44 596 203 724 267 301 133 962 654 928 851 67 857 772 206 290 985 533 113 611 589 925 436 119 782 553 16 433 784 125 782 179 720 336 903 986 636 35 299 290 963 150 708 171 273 266 812 257 798 924 220 738 200 655 208 982 207 223 766 991 699 547 521 419 234 423 404 869 810 55 510 124 204 218 294 828 835 457 85 632 381 304 722 580 310 929 913 516 504 678 858 202 576 379 620 809 153 376 30 962 782 891 437 337 460 730 164 294 187 248 278 919 903 999 850 212 279 115 80 134 144 937 336 720 667 307 880 820 34 261 133 815 152 570 151 963 651 315 257 189 914 534 107 169 884 309 732 514 423 163 648 566 452 983 637 118 641 869 289 675 129 422 841 632 343 992 595 993 658 851 182 923 736 640 91 971 948 175 484 722 337 131 640 788 465 628 258 106 496 546 132 625 319 972 608 13 315 202 6 972 404 539 895 139 530 337 461 830 863 945 551 200 427 190 339 244 170 596 701 665 494 832 641 164 155 249 177 470 450 534 441 206 72 687 344 953 376 157 782 238 101 685 789 879 226 128 122 395 75 174 60 920 5 700 436 160 300 612 981 102 497 773 307 920 812 2 872 187 158 654 776 258 338 565 489 563 44 962 958 470 136 369 390 140 420 177 651 720 140 983 821 636 756 127 555 567 128 426 105 286 431 880 895 120 444 735 35 487 697 344 309 832 712 698 323 131 226 326 202 365 660 374 1000 415 500 906 333 980 683 437 617 466 669 863 585 112 598 619 951 294 314 259 477 25 308 151 508 533 828 61 249 488 435 600 254 286 505 939 265 539 727 233 4 395 96 941 859 693 911 809 338 225 419 166 601 78 316 460 962 496 521 210 335 307 809 588 592 665 878 209 555 605 441 911 999 536 851 209 228 113 17 917 689 787 82 290 864 750 101 825 597 621 386 931 927 194 870 871 210 748 79 765 352 519 675 702 55 877 911 634 989 279 551 678 66 984 319 281 733 419 458 681 392 843 611 670 389 481 540 598 228 618 714 579 489 740 632 543 616 542 528 957 821 78 986 238 414 304 518 498 74 327 179 465 522 789 135 910 269 26 859 848 644 573 778 484 664 410 26 280 951 905 588 123 335 573 360 748 876 230 245 949 556 423 787
Yes
519 223 719 697 748 538 527 139 674 777 185 521 615 151 280 327 612 522 772 820 593 166 882 781 399 221 527 707 917 600 426 435 822 496 484 922 33 10 60 706 138 597 579 752 747 210 79 358 731 850 178 676 367 59 808 117 631 335 823 899 934 248 334 107 744 817 380 128 826 440 834 963 388 764 66 134 973 144 491 55 345 20 730 711 431 890 179 413 224 1 312 509 249 645 967 344 813 347 823 990 138 656 304 525 771 369 658 743 865 500 150 209 872 879 272 654 768 450 66 343 803 729 203 403 725 170 746 537 868 920 526 357 576 829 881 698 550 890 441 414 741 942 974 612 820 597 265 940 399 683 634 201 411 837 603 488 358 700 24 225 619 902 581 546 82 813 596 631 54 388 396 794 329 722 758 148 318 22 439 68 56 73 268 819 909 222 306 618 273 329 842 244 582 774 141 664 938 736 646 991 123 42 784 451 763 541 951 432 915 389 500 970 813 767 140 721 341 445 690 613 774 531 208 355 656 349 370 593 84 16 583 207 57 719 9 171 611 959 602 525 700 101 847 512 220 986 585 560 783 274 524 908 157 732 614 812 80 984 757 515 999 691 73 407 409 82 577 372 392 178 248 91 631 94 955 850 432 539 761 566 164 284 473 320 367 86 484 446 69 240 313 419 930 385 825 691 818 753 62 210 931 309 652 913 755 958 762 538 848 874 103 12 157 927 331 524 12 166 321 433 405 985 851 687 370 28 729 187 780 142 748 62 802 752 974 908 709 87 797 557 960 251 920 469 177 602 344 541 768 16 973 524 1 175 562 722 202 642 260 334 135 8 395 937 111 721 196 819 807 993 727 119 595 646 939 772 248 282 664 367 649 988 890 1 162 804 722 716 445 982 401 580 989 795 868 451 867 63 269 26 407 348 496 2 993 434 125 592 67 140 958 715 127 200 716 640 3 437 355 799 770 755 378 110 902 245 560 120 660 829 145 66 528 640 419 520 73 895 464 491 34 773 206 512 972 273 152 326 61 858 125 831 965 854 940 866 99 852 337 110 680 482 175 207 121 946 78 546 192 893 36 226 666 593 737 989 217 888 667 278 98 143 460 62 996 751 279 446 602 615 555 633 96 82 191 569 27 621 466 218 513 853 795 530 446 884 871 14 123 889 643 220 31 454 281 26 205 559 472 158 174 378 791 621 459 333 189 837 953 654 55 818 507 201 699 304 84 569 669 207 457 312 778 487 765 59 865 321 617 688 479 142 65 621 763 524 953 951 360 906 957 766 75 815 967 773 470 402 342 138 960 150 801 738 637 566 796 853 886 764 540 716 906 604 336 20 479 289 322 191 546 278 308 620 444 626 392 913 28 733 403 339 883 203 76 871 120 223 723 6 987 614 73 244 569 409 263 400 697 584 590 242 214 249 861 657 875 252 922 254 337 324 592 219 526 20 441 646 242 515 3 580 128 75 823 696 483 85 95 531 21 36 772 234 285 984 242 511 236 163 116 924 486 59 142 364 78 934 9 672 448 363 251 575 437 74 622 272 510 69 802 882 104 926 115 740 909 709 602 496 871 717 419 357 128 912 720 205 845 80 876 644 442 479 570 230 552 192 501 413 260 655 295 715 580 409 807 840 469 760 336 340 829 106 696 956 18 767 512 214 198 740 210 639 218 779 868 769 970 721 181 581 727 475 648 306 236 806 497 704 565 832 395 393 290 442 348 659 208 212 224 405 951 433 395 168 212 615 288 533 687 468 466 413 295 113 718 882 270 214 937 834 398 684 579 687 125 278 697 333 489 920 89 439 353 836 958 564 450 245 448 136 65 913 548 359 377 617 592 998 182 880 832 579 563 762 617 688 391 313 372 880 233 812 670 937 647 628 852 96 224 299 583 288 564 482 998 940 98 589 938 280 821 121 210 735 234 827 422 624 491 145 855 723 957 877 11 955 504 862 403 79 161 985 367 76 467 364 367 916 305 656 195 125 776 405 859 361 583 633 985 73 777 191 148 85 67 158 392 922 20 794 1 532 130 367 607 596 82 973 864 386 629 58 862 756 814 721 469 396 705 453 469 833 995 616 270 62 773 661 983 144 454 983 27 583 701 985 531 783 958 394 520 938 803 382 45 617 454 513 12 158 317 832 342 312 799 611 725 924 271 707 67 76 42 94 11 94 78 541 876 387 286 396 676 88 129 73 56 582 937 420 739 606 603 80 269 402 43 993 325 665 51 743 741 444 836 751 538 266 643 765 4 280 512 32 719 640 456 127 221 392 546 311 349 148 743 617 549 785 961 225 801 364 968 541 807 155 643 696 772 637 324 635
Yes
427 443 998 240 674 369 153 292 226 213 743 298 911 488 933 423 782 928 735 422 660 750 608 884 797 646 77 494 402 330 325 181 124 674 420 797 43 925 89 620 489 831 917 399 670 202 174 452 481 908 873 140 9 832 375 806 477 451 651 230 780 327 762 903 353 534 700 395 810 140 366 298 322 282 48 991 835 221 794 315 480 18 454 841 849 828 998 677 278 648 259 57 327 20 312 679 553 11 425 362 502 790 11 823 423 59 813 258 631 607 572 111 624 26 951 825 853 948 501 131 947 759 539 625 131 850 655 683 212 79 397 713 868 407 887 291 465 700 900 96 658 471 558 633 496 508 457 701 807 310 183 105 68 721 730 198 923 384 233 486 815 629 199 34 35 85 676 852 136 575 299 145 46 856 778 893 715 586 593 873 895 127 977 315 200 58 864 122 442 96 607 608 76 157 641 111 594 317 314 81 243 964 226 288 171 355 533 885 940 477 757 187 604 85 501 803 143 364 276 936 460 234 543 535 391 535 997 336 203 662 768 446 625 993 85 795 699 617 31 639 94 139 825 49 576 677 851 718 40 126 5 851 711 547 738 101 433 86 788 636 748 556 81 724 900 165 871 599 134 901 589 227 392 765 275 967 441 477 36 480 954 40 331 664 586 68 117 370 153 904 5 252 811 85 976 63 602 198 661 735 98 601 313 841 365 587 807 805 415 842 284 368 881 966 31 818 385 147 188 890 403 544 493 565 981 820 627 582 17 639 668 467 239 980 307 603 918 466 759 332 659 43 51 540 360 81 709 97 580 248 986 334 144 830 898 124 650 877 705 666 515 724 132 106 703 439 708 620 256 467 303 914 861 353 805 572 785 514 668 716 113 5 49 256 835 299 379 484 527 435 501 41 158 633 498 212 423 206 183 30 24 485 943 236 189 748 159 974 613 827 689 725 183 90 333 369 740 63 204 266 850 705 658 359 689 156 571 463 713 753 492 88 590 434 323 778 533 481 103 145 659 144 222 194 233 554 562 972 968 766 589 817 822 246 176 862 401 746 324 465 850 815 552 791 600 226 569 133 707 23 629 717 166 850 910 398 755 824 721 723 941 309 539 762 555 714 975 307 811 298 772 13 464 675 803 63 901 723 547 959 746 528 675 911 377 937 661 484 112 733 206 942
Yes
142 766 666 430
Yes
913 396 776 748 642 586 893 575 265 184 245 758 568 426 620 589
Yes
638 176 952 631 761 844 557 377
Yes
141 471 871 726 971 708 804 884 914 594 578 502 836 978 706 474 153 657 456 913 852 13 641 231 165 126 528 743 230 73 29 504
Yes
861 939 233 819 189 982 690 384 13 414 414 668 844 918 476 635 229 899 925 904 963 797 743 151 548 677 921 372 639 413 91 851 351 324 669 891 657 358 274 669 124 687 689 967 956 516 953 536 414 877 791 376 25 886 879 925 562 151 296 552 915 387 402 265 62 423 507 718 780 132 739 903 819 427 222 126 294 526 14 707 403 804 435 779 689 665 703 602 815 351 505 730 89 259 346 150 681 853 219 460 984 957 715 154 735 288 632 28 813 997 87 567 800 521 346 841 185 400 794 351 750 651 432 838 909 778 339 589 982 558 400 317 866 466 823 601 753 454 980 918 450 66 484 601 938 181 793 474 933 939 825 34 589 256 872 497 385 210 437 718 119 836 387 985 654 209 937 406 14 916 675 815 982 511 767 271 43 560 745 975 498 921 9 438 528 232 286 913 793 722 982 912 909 368 896 562 576 832 320 941 99 346 755 80 856 522 703 899 433 447 873 282 367 233 719 894 464 4 158 257 77 140 168 337 859 415 251 787 598 570 727 696 915 834 128 123 355 830 21 787 276 245 420 994 478 138 239 293 493 397 549 921 888 68 257 314
Yes
426 311 730 243 604 25 296 658 92 639 550 981 752 202 114 535 62 128 986 424 492 225 523 840 540 56 808 105 540 726 72 317 37 801 559 640 825 207 650 916 845 199 249 948 752 362 483 165 841 820 940 684 397 463 523 936 518 330 40 409 56 463 725 639
Yes
81 921 952 787 150 824 127 684 681 851 886 708 477 594 373 944 845 424 362 512 796 304 221 232 474 83 490 652 189 536 473 269 456 424 408 957 600 886 641 632 88 526 339 917 471 711 860 315 486 574 826 633 877 398 864 703 832 353 706 372 888 178 993 695 954 400 652 553 637 292 184 724 169 874 992 639 584 852 306 421 425 483 53 653 233 268 355 416 620 61 788 859 238 780 553 543 531 204 95 167 847 630 242 367 503 234 6 438 437 663 210 861 497 262 865 729 529 220 145 500 632 284 710 221 415 615 764 945 170 210 463 17 840 56 735 694 289 740 484 77 754 693 289 251 307 154 331 187 725 475 687 356 110 748 576 524 362 691 820 884 901 282 900 92 338 986 137 978 78 620 55 831 313 343 433 971 848 764 157 572 590 195 927 700 943 855 575 656 897 747 539 149 28 790 240 717 776 377 47 853 348 453 35 12 147 468 982 995 231 139 918 172 333 197 871 627 403 798 283 299 544 173 448 923 963 39 992 90 767 38 942 115 842 976 126 340 795 108 334 25 598 604 197 282 800 419 261 202 568 895 500 111 67 299 386 381 338 377 470 104 766 763 570 607 91 696 946 885 155 632 262 104 235 810 385 34 580 645 587 148 539 438 610 958 737 995 338 426 371 160 881 136 922 451 94 12 498 392 249 4 23 862 107 609 23 843 994 602 840 580 101 378 17 63 687 105 57 25 882 780 184 115 267 457 917 361 821 766 752 421 769 126 282 875 86 304 69 79 257 908 10 710 638 378 772 324 483 828 700 716 959 883 830 226 692 746 586 512 511 689 932 631 166 565 857 251 868 926 329 476 833 338 185 470 715 956 146 549 136 845 617 94 80 446 671 771 544 256 282 406 296 565 37 813 129 245 63 348 170 743 823 355 432 360 176 499 667 321 47 154 166 15 600 245 461 270 15 356 878 648 113 173 212 149 986 692 746 400 39 915 143 213 269 574 924 445 424 591 765 471 96 282 837 695 526 297 965 892 4 842 891 117 366 102 617 703 145 362 103 183 277 597 748 897 522 671 693 946 261 810 768 357 91 604 403 969 253 367 212 256 560 103 372 926 556 341 980 701 702 82 883 330 30 630 227 552 653 271 497 913 80 264 621 171 867 376 491 119 742 702 727 614
Yes
526 160 872 510
Yes
38 325 493 222 233 138 929 912 161 535 257 764 960 253 979 22 893 703 469 331 122 672 552 647 183 776 474 45 688 396 13 77 720 506 299 304 995 227 567 155 113 823 271 424 76 249 445 320 952 265 650 425 288 553 71 471 328 896 867 368 643 879 444 363 736 94 18 82 672 585 589 784 407 859 207 834 459 4 505 762 620 506 186 908 59 608 730 738 855 596 457 498 826 253 212 562 346 229 995 18 813 583 801 572 793 360 757 252 715 614 365 334 119 903 241 529 862 322 267 717 917 75 214 743 327 425 656 673 653 650 42 818 233 194 741 25 553 849 628 619 462 345 953 581 247 545 461 108 867 727 824 783 802 389 877 480 813 532 152 818 182 545 987 766 739 79 142 291 279 122 262 741 466 566 673 64 110 133 523 328 212 347 463 365 87 339 844 900 871 348 69 404 892 407 521 630 485 662 273 763 783 534 855 600 451 879 663 560 364 186 240 575 884 702 291 970 392 486 221 262 833 641 17 77 47 537 58 883 551 330 998 685 215 852 285 665 731 299 577 94 836 816 20 71 869 662 393 260 147 965 874 980 606 890 408 652 779 465 887 329 147 884 13 713 735 649 378 817 948 306 262 135 473 633 206 341 294 950 600 441 914 473 772 519 715 179 523 493 643 409 173 141 292 185 854 378 186 583 195 485 888 808 619 360 441 176 700 734 125 651 174 39 476 945 909 190 475 431 34 470 191 558 610 482 742 463 860 279 45 406 763 284 213 734 643 5 909 694 739 34 697 264 424 172 561 684 713 35 115 98 504 657 655 466 139 748 928 350 27 325 107 141 960 671 874 955 676 783 648 414 168 696 677 943 219 237 626 283 624 92 380 127 749 386 944 887 134 872 588 512 548 46 652 507 716 526 461 743 660 461 156 827 508 185 769 727 773 746 9 396 838 741 875 586 126 818 824 259 41 411 122 940 808 774 447 875 651 259 618 310 71 773 488 579 309 256 305 434 1 665 829 190 405 55 775 531 225 598 141 265 360 263 557 167 388 355 42 38 613 659 347 36 783 186 614 444 441 270 877 793 934 57 983 339 464 109 221 688 707 361 304 66 975 860 585 362 566 978 751 531 988 449 566 122 634 179 565 426 800 793 571 733 850 553 423 313 13 643 352 719 356 613
Yes
648 844
Yes
560 623 879 894 300 682 885 345
Yes
445 445 899 491 252 907 543 931 963 343 351 962 186 519 764 97 141 994 342 793 27 549 29 150 432 345 85 128 340 91 554 785 888 804 627 491 710 169 421 25 863 124 986 49 642 102 497 134 447 191 278 474 739 659 975 523 355 60 650 694 502 556 478 741 359 104 231 421 625 4 445 487 127 782 887 120 883 384 605 682 574 235 507 664 245 481 186 599 892 836 644 746 743 474 486 101 577 69 521 553 72 317 40 550 99 926 669 333 661 625 14 586 859 520 250 455 353 435 405 596 622 49 341 364 522 827 318 976
Yes
369 734 878 366 875 816 287 646 459 732 365 308 329 165 743 489 132 78 538 332 308 876 769 579 393 606 395 715 451 564 635 819 297 864 536 524 679 822 521 137 554 885 444 234 401 539 722 533 968 611 216 275 486 336 205 878 942 599 945 392 514 579 562 163 443 449 686 473 623 206 610 528 442 405 761 842 943 835 726 910 445 942 536 283 629 740 160 570 690 456 313 204 387 874 366 181 675 403 653 297 608 614 824 401 19 584 594 313 770 320 575 215 613 110 497 241 202 8 163 891 816 475 446 202 701 811 734 375 213 386 671 172 1000 494 924 370 429 518 682 199 189 256 765 153 718 613 745 271 972 907 161 787 734 607 340 434 769 73 160 334 811 830 505 162 675 781 531 455 650 564 653 190 172 769 342 889 381 438 511 705 697 671 843 430 629 183 215 750 607 374 83 417 555 939 930 581 719 460 35 368 376 688 909 547 808 250 787 541 688 297 245 384 319 87 165 948 621 379 697 228 104 131 996 658 69 926 590 140 737 624 859 112 663 768 10 471 17 796 11 56 92 607 791 763 693 307 710 666 685 758 245 140 888 240 149 308 517 738 447 606 362 658 69 24 425 79 846 793 226 856 201 670 462 991 432 507 650 141 524 334 250 768 826 489 359 974 796 876 64 595 833 425 252 901 800 28 331 646 820 557 501 20 226 315 363 657 173 12 149 48 697 398 815 874 886 173 848 33 400 911 627 232 687 230 485 486 257 815 131 429 371 984 800 596 650 514 252 174 877 400 221 574 149 35 799 386 559 998 419 311 260 397 894 946 979 378 784 235 545 266 15 915 249 815 863 250 328 466 423 205 218 995 130 366 381 280 752 940 278 522 250 537 918 143 483 896 873 618 483 417 883 497 331 484 663 545 733 343 11 508 547 228 502 28 945 883 307 48 174 584 569 423 473 839 917 955 86 141 572 920 557 806 417 240 289 431 784 22 773 146 881 671 373 382 698 670 616 357 717 789 292 638 563 764 476 832 70 561 972 993 833 529 799 601 768 87 31 903 460 804 49 340 474 773 74 524 794 41 232 511 830 523 148 744 287 975 575 356 887 547 349 719 427 499 319 546 585 350 448 397 505 848 88 330 973 161 205 766 202 436 628 383 959 775 126 597 101 53 304 988 599 524
Yes
810 442
Yes
712 756 767 253
Yes
887 610 947 530 729 660 296 174 933 155 62 100 625 868 477 75
Yes
359 655 51 87
Yes
853 674 698 829 894 81 584 370 929 921 655 217 995 754 569 177 585 40 962 221 789 671 742 147 677 145 234 991 195 846 941 399 871 990 227 764 422 163 133 350 83 140 919 78 245 839 606 181 878 919 401 666 589 495 813 266 991 46 608 185 243 900 583 113 241 809 877 662 971 361 12 406 500 282 483 744 120 440 925 998 358 677 663 299 171 827 916 161 872 875 345 466 774 279 579 14 440 807 27 762 167 38 167 667 671 649 762 791 440 38 140 798 715 802 96 237 981 11 398 852 885 94 670 10 373 248 375 164 406 401 925 572 791 92 590 461 92 352 603 532 741 742 329 455 896 776 44 876 138 793 79 374 238 748 383 962 347 109 125 752 861 50 676 651 141 265 464 232 968 418 763 709 160 443 515 407 218 558 634 355 702 64 80 940 164 814 901 862 922 26 966 783 75 641 785 215 257 248 798 577 18 561 285 177 355 151 935 573 61 920 279 762 335 359 701 498 524 954 712 446 979 677 580 405 669 364 619 925 964 768 501 981 680 137 509 35 640 795 959 700 66 589 813 400 947 866 250 823 819 961 268 149 637 199 553 657 914 523 933 229 290 434 561 970 922 69 356 913 215 314 964 280 902 777 32 201 994 281 23 164 241 642 312 229 192 864 237 105 738 169 334 27 602 894 348 876 315 55 788 881 368 752 161 622 880 544 174 225 824 548 388 416 189 699 996 380 914 232 836 3 400 169 381 354 415 81 581 81 135 368 961 855 471 121 828 702 16 1 926 839 548 313 606 88 363 601 819 628 184 654 982 584 175 363 289 941 443 869 21 577 588 981 783 411 454 610 112 469 610 390 660 509 54 265 596 769 218 414 748 401 420 730 336 594 92 624 534 534 844 906 462 784 886 245 194 339 206 657 808 816 46 467 676 452 83 272 220 300 37 967 53 808 696 740 753 139 364 286 24 559 191 838 342 429 82 887 767 639 544 926 806 589 744 482 392 179 105 611 830 141 930 882 949 625 622 53 116 337 339 139 895 881 976 589 661 409 475 780 48 18 705 853 959 801 334 350 979 790 313 808 931 242 42 231 218 663 283 333 351 973 824 597 206 151 185 218 912 12 997 959 381 702 163 339 854 849 41 832 638 705 991 920 946 32 502 163 46 137 848 396 461 321
Yes
448 835 611 88 970 177 628 235
Yes
745 503 250 753 904 849 698 698
Yes
813 33 349 561
Yes
903 607 684 132 717 267 347 461 770 948 565 25 796 12 510 845 61 983 513 876 961 288 489 126 320 190 259 881 517 898 505 344
Yes
627 523 635 955 475 19 23 967
Yes
309 600 45 1000 39 95 11 19 756 253 867 314 170 135 728 797 9 362 751 483 380 155 857 698 327 574 975 834 831 623 954 491 574 350 491 612 797 853 982 904 105 849 217 275 983 944 71 343 657 173 177 36 327 34 733 6 607 59 839 789 681 144 280 607 494 770 218 642 622 200 545 726 48 761 352 382 56 774 76 712 947 252 99 625 637 183 982 244 241 173 384 273 316 663 879 161 784 449 802 405 1000 346 483 47 458 834 780 513 608 207 224 906 458 322 882 95 504 864 690 96 36 73 369 703 88 247 864 871 695 665 628 694 363 462 92 820 647 223 685 254 429 908 511 239 582 745 685 437 608 726 533 995 150 901 697 237 499 560 108 194 577 87 239 291 548 683 462 194 905 146 800 686 406 310 276 987 406 960 775 13 685 307 7 186 559 56 423 58 615 882 603 543 968 193 833 515 875 295 708 132 440 507 169 197 169 444 535 574 755 310 939 791 968 297 976 527 352 750 936 967 631 890 861 598 434 694 464 661 340 172 144 779 30 312 328 550 107 862 476 861 171 414 3 139 62 978 17 414 728 304 732 710 545 592 308 978 285 123 990 624 646 133 755 676 796 82 577 902 943 52 114 466 817 116 956 879 446 972 292 525 627 375 234 171 966 893 500 603 16 490 578 661 974 332 688 770 765 617 23 60 20 489 525 837 956 832 67 753 803 358 277 781 84 863 951 49 107 802 651 122 643 229 135 969 912 174 738 29 142 112 88 162 952 964 998 908 147 64 660 949 773 937 729 856 151 31 256 257 184 907 731 827 487 217 795 398 742 884 778 884 347 217 45 299 532 394 206 678 809 217 626 581 505 706 788 655 88 43 912 624 301 994 450 787 210 596 537 951 831 314 186 529 883 230 827 414 975 384 92 783 601 69 715 105 127 502 760 566 897 23 189 197 368 990 336 577 585 872 879 767 537 417 296 771 998 122 185 973 858 276 755 458 696 470 914 822 323 25 388 219 47 576 416 414 566 751 342 502 974 573 621 862 989 916 633 986 389 817 310 246 444 65 55 491 886 969 665 208 993 52 779 392 979 194 157 896 296 499 750 621 423 370 482 763 637 466 748 25 634 410 623 429 826 677 920 711 645 584 270 990 987 48 381 317 593 537 565 240 387 666 860 809 35 694 571 23 159 671 47 145 80 21 573 905 698 492 967 694 75 588 683 413 988 63 730 932 600 294 172 986 959 383 147 345 428 717 719 939 739 765 83 818 138 655 74 187 147 392 880 573 980 915 338 967 977 67 898 928 712 421 266 22 156 412 718 583 480 436 521 571 552 603 388 689 610 814 875 756 205 107 680 536 21 17 854 997 435 104 277 498 524 542 519 679 305 588 262 136 23 134 706 575 737 446 615 698 611 842 805 815 948 484 703 968 853 556 316 639 11 944 137 535 485 7 565 141 595 178 277 617 312 334 543 400 779 510 97 389 351 253 556 650 736 610 617 940 517 284 579 528 228 67 62 64 73 978 557 19 508 833 988 171 518 530 570 297 391 18 37 741 270 944 390 357 553 358 649 70 994 579 597 573 645 10 636 69 339 192 88 846 376 75 16 246 956 937 894 347 306 930 439 927 226 181 636 778 890 284 199 235 214 795 807 858 156 795 278 495 338 717 692 66 791 708 311 99 996 204 797 302 485 235 228 710 767 863 488 657 498 38 891 711 185 698 920 340 492 198 186 181 266 230 246 57 937 556 507 284 759 303 585 244 537 165 305 304 379 144 312 877 182 202 587 366 251 859 57 94 408 243 275 673 824 520 81 760 428 587 43 538 889 980 133 778 144 438 433 522 581 744 750 762 297 689 479 900 547 536 345 954 130 619 626 953 491 707 64 270 293 458 807 534 437 940 311 932 377 743 806 309 486 555 423 134 243 901 33 141 436 378 94 917 348 72 869 190 130 284 459 774 742 618 307 530 557 969 462 285 711 619 593 548 173 15 34 768 916 418 908 703 795 354 620 495 777 840 36 906 124 847 31 865 464 338 746 20 658 559 304 369 177 896 268 702 263 301 821 178 719 80 232 865 433 851 711 209 43 747 466 518 945 497 382 408 186 479 779 843 38 434 563 214 681 183 267 943 483 87 472 553 167 704 770 951 906 480 512 948 578 977 465 874 825 198 281 362 677 411 205 66 844 119 631 525 301 898 467 136 336 939 688 854 994 809 805 899 641 316 847 570 644 663 444 821 213 76 182 241 487 386 306 330 857 936 206 157 185 673 292 521 963 332 374 956 492 530 854 132 197 52 54 841 67 497 661 279 572 194 519 410 580 824 740 135
Yes
460 776
Yes
176 562 967 153 627 839 979 287 513 614 471 468 916 428 303 786 476 252 125 438 892 410 688 782 546 929 314 357 56 646 346 231 208 313 735 186 503 713 472 367 679 294 835 946 74 489 83 549 740 208 986 632 969 673 765 514 601 78 223 656 724 568 239 283 232 973 820 734 38 291 453 68 585 639 365 658 127 799 558 867 358 543 850 326 215 966 840 168 395 62 175 470 981 413 104 213 738 923 298 127 566 750 546 150 740 262 159 867 60 716 85 418 610 286 95 176 251 934 343 997 347 870 467 680 634 570 892 723 845 541 201 410 643 746 911 382 359 69 248 419 136 684 188 97 969 282 272 571 568 967 568 266 836 386 945 469 307 188 192 151 729 392 560 371 490 470 104 848 890 352 618 377 387 157 473 356 791 745 926 710 711 493 975 898 230 920 366 537 459 909 687 187 301 599 909 142 420 13 341 310 716 311 38 102 467 511 809 609 607 735 318 669 579 293 566 809 564 283 697 22 192 383 561 844 333 821 337 753 833 677 414 900 987 451 354 806 961 162 414 919 896 732 587 827 376 504 987 939 787 683 312 330 417 224 173 842
Yes
766 559 514 61 113 484 809 575 33 894 203 920 377 270 634 677 604 977 181 964 114 303 848 905 874 962 270 40 95 505 63 662
Yes
24 582 363 38 366 816 84 43 470 401 449 394 703 530 273 981 792 468 372 708 157 20 849 160 290 29 257 711 874 566 899 898 499 614 935 864 781 370 906 250 122 706 996 176 236 620 156 379 87 879 439 596 251 639 755 540 20 363 602 893 280 853 142 778 466 76 993 246 797 250 847 918 956 842 445 543 462 600 273 900 831 63 495 433 702 249 324 721 963 277 965 242 129 107 371 594 182 363 191 331 613 38 600 920 231 45 462 44 996 734 944 826 149 438 610 850 39 933 922 1 210 886 595 338 992 965 526 292
Yes
661 710 274 115 212 190 986 561 214 76 215 492 460 616 221 420 69 733 846 357 572 483 79 238 599 581 717 550 781 928 887 442 637 512 908 200 701 893 113 266 320 679 758 780 294 330 199 362 414 396 70 985 230 500 574 829 80 291 378 860 570 264 653 558 775 912 109 828 157 221 93 476 251 202 607 544 531 805 257 945 200 678 281 430 529 207 610 608 849 987 820 418 250 824 327 376 736 435 555 244 656 1000 719 258 201 326 154 84 482 410 28 34 440 660 815 968 866 424 928 714 410 747 483 11 570 809 738 657 244 293 900 251 292 971 508 844 648 661 927 129 423 954 162 214 966 328 181 183 751 108 897 160 206 731 522 128 540 260 784 135 552 36 737 195 358 596 38 5 609 965 485 31 270 999 596 235 326 776 770 77 236 666 588 441 748 110 568 639 369 704 773 272 91 509 818 448 105 855 804 65 171 288 95 441 286 42 27 612 817 796 40 404 813 627 845 561 88 764 551 456 819 324 79 909 184 248 708 640 103 511 704 625 151 150 417 436 191 444 399 360 591 438 763 756 65 959 668 152 723 218 960 893 893 390 154 319
Yes
500 221 271 539 434 715 378 672 698 925 516 707 554 848 912 72 245 354 866 555 815 148 153 177 816 214 888 593 35 141 691 886 361 962 776 146 676 154 170 373 78 685 432 984 884 343 55 129 48 273 35 862 420 539 39 235 753 278 179 139 418 870 376 130 183 151 628 210 304 797 934 734 833 365 717 68 60 123 548 107 395 582 969 166 121 359 400 225 636 931 715 405 152 90 886 686 592 513 895 248 661 828 333 845 545 401 913 604 523 460 710 270 394 30 435 866 740 187 90 727 117 156 483 620 597 369 305 882
Yes
11 807
Yes
606 612 968 86
Yes
86 761 382 738 172 277 543 240 381 975 561 8 199 462 895 8
Yes
181 390 800 352 18 695 943 21
Yes
372 85 658 593 510 231 771 547 123 58 851 101 478 210 163 659 599 315 362 616 361 305 718 381 808 827 952 124 560 769 929 283 853 587 875 362 169 645 260 292 55 462 392 532 672 906 190 270 572 552 238 932 208 955 313 15 133 264 138 692 32 418 974 611
Yes
955 311 678 623 63 383 961 372 869 639 497 30 279 9 768 470 488 938 166 597 259 499 951 516 864 934 829 234 429 555 512 383 866 541 358 928 924 318 651 792 308 500 173 938 508 292 407 995 582 572 943 840 422 246 707 285 179 888 870 607 442 381 342 659 921 699 586 844 368 589 988 27 88 512 316 947 804 722 942 385 645 236 224 66 481 283 350 12 170 571 970 963 951 311 622 871 361 559 67 80 147 406 458 586 917 773 533 72 846 826 456 490 61 32 555 894 666 256 905 835 826 874 797 128 537 418 249 905
Yes
233 783 255 851 323 125 250 764
Yes
104 760
Yes
879 996 144 376 269 405 795 109 842 3 263 75 786 518 277 460 994 526 576 214 640 918 41 67 716 345 957 50 800 69 197 678 64 692 405 684 96 552 145 938 554 407 364 691 276 640 151 270 518 78 835 509 347 227 576 62 923 532 463 722 952 12 15 51
Yes
512 22 707 779
Yes
843 516 986 894 385 593 178 937 667 393 752 487 600 399 881 614 304 855 797 217 73 500 350 937 521 409 640 651 356 135 340 551 650 325 444 34 918 974 322 936 366 73 423 318 471 655 283 126 861 79 695 934 578 44 222 450 452 861 452 160 995 791 710 996 115 505 381 384 478 702 320 844 127 94 161 949 100 443 75 312 873 769 597 450 164 818 899 616 678 702 775 24 492 836 19 606 340 751 342 818 805 13 13 931 106 525 231 557 967 305 868 191 425 817 640 589 634 890 556 312 591 682 335 434 517 706 39 856 808 380 25 612 392 37 894 849 561 477 757 879 781 977 69 558 793 708 146 426 949 53 89 891 734 424 324 250 481 363 105 640 94 482 604 838 518 497 38 79 973 795 957 106 123 378 663 915 85 160 692 386 212 781 276 945 556 600 546 388 314 2 27 407 483 630 596 1 479 634 431 803 780 739 260 902 116 274 168 553 785 211 938 996 343 213 292 250 812 837 637 125 191 16 884 673 997 479 25 475 464 455 630 243 194 889 496 309 515 15 861 299 578 798 295 920 363 938 170 174 127 158 299 317 173 534 12 144
Yes
729 641 217 722 46 960 413 378 131 711 129 566 757 144 734 2
Yes
994 692 162 391 652 926 120 134 988 601 51 744 96 136 655 643 39 802 555 319 277 947 511 143 888 721 403 248 74 879 337 419 570 850 809 573 776 280 707 763 232 109 859 327 245 513 322 635 666 228 953 943 174 815 437 413 535 840 661 960 718 349 378 639 198 186 212 325 818 270 440 49 378 298 728 974 162 49 608 827 628 913 121 153 727 558 565 614 749 225 573 818 573 951 808 123 488 19 799 657 640 238 706 370 535 785 343 696 185 303 875 812 215 347 964 293 904 880 906 4 457 831 173 381 781 981 503 620 351 302 277 991 539 334 360 426 118 54 473 302 356 347 113 922 46 428 215 949 659 472 305 115 654 829 496 786 809 998 406 160 651 34 502 542 367 861 319 484 266 791 137 622 490 601 895 535 28 461 835 686 285 491 153 938 320 648 724 128 997 481 639 1000 514 140 541 232 352 859 67 618 1 203 591 490 803 485 24 182 946 211 219 582 701 371 519 20 370 594 500 367 74 138 366 939 630 258 170 981 116 236 950 116 438 540 958 592 377 333 773 674 543 344 255 596 714 773 615 84 719 114 802 792 604 167 731 233 776 252 565 891 488 515 358 277 406 667 869 134 1000 993 807 894 336 413 489 402 538 104 485 256 569 638 47 524 804 129 756 579 381 673 821 220 539 530 496 944 197 716 430 548 709 236 441 44 1 930 445 538 385 281 793 305 918 191 829 73 672 936 3 52 608 175 623 146 705 118 442 253 834 871 800 542 458 592 937 458 873 734 347 609 366 139 914 284 682 94 708 353 29 711 756 637 885 378 782 941 847 575 545 680 445 696 573 903 288 862 712 512 595 59 121 960 549 386 595 230 479 303 934 507 365 41 495 601 418 629 542 265 203 86 296 1000 782 221 902 421 82 965 932 676 23 404 987 924 789 582 153 619 236 439 126 600 479 972 200 249 600 93 865 155 531 160 154 664 732 407 84 813 371 367 840 746 123 827 669 911 760 173 882 995 611 359 946 442 330 497 690 282 942 554 436 472 65 589 135 797 995 570 961 365 288 801 462 410 979 130 673 738 655 554 84 617 912 381 58 593 877 99 874 818 652 309 289 69 897 775 217 891 696 177 608 984 329 69 393 659 551 417 396 205 970 831 821 233 211 231 826 440 329 699 333 192
Yes
392 225 825 599 120 522 839 305 21 929 296 535 621 170 862 29 960 607 402 974 184 311 43 804 674 870 751 191 296 228 165 34
Yes
242 970
Yes
149 618 337 256 844 456 335 437
Yes
813 423 612 460 451 997 755 58 547 87 820 788 408 506 243 556 123 931 163 318 386 849 261 823 290 263 198 239 649 696 7 813 470 970 625 272 966 379 329 864 817 501 652 225 6 246 132 480 176 295 149 561 495 410 735 785 24 285 23 25 332 381 189 153 350 813 425 668 543 105 531 360 605 534 584 962 779 715 441 954 361 942 867 856 703 953 992 726 589 14 102 920 395 291 73 96 103 849 763 998 953 294 357 558 179 940 519 958 6 312 263 719 253 129 574 307 434 917 384 22 930 486 294 676 776 366 772 230 566 886 227 518 179 935 427 710 226 298 667 232 609 281 950 213 410 875 871 195 791 254 216 72 739 509 748 866 226 871 448 791 756 26 661 287 961 439 996 186 736 662 769 696 942 718 260 703 944 130 249 86 384 465 158 122 325 257 340 903 127 787 45 882 812 705 168 124 144 163 310 231 176 78 927 470 148 186 524 443 668 773 529 51 589 38 524 913 646 863 815 772 1 860 5 165 916 525 288 411 687 597 642 215 27 920 36 174 457 911 968 124 683 848 526 623 885 50 888 882 264 702 5 265 913 10 181 389
Yes
572 871 988 555 32 305 988 787 597 760 997 178 50 307 130 467 756 585 213 671 639 628 466 493 801 894 858 97 881 975 343 804 197 682 711 228 986 698 366 935 809 715 464 210 21 945 676 128 530 889 798 168 868 615 12 21 860 869 117 740 195 811 492 524
Yes
50 532 910 464
Yes
419 639 110 71 468 507 662 698 476 58 593 380 279 362 736 694
Yes
713 661 646 532 520 307 229 995 364 821 375 643 535 462 141 984
Yes
848 798 273 713
Yes
674 439 462 560 252 602 543 858 564 571 702 916 705 648 763 829 604 398 757 633 936 909 727 783 706 351 853 161 204 566 628 230 356 441 789 960 394 684 817 957 254 870 224 959 869 338 139 824 87 895 809 23 803 535 157 860 237 10 21 441 575 1000 22 282 793 162 241 186 845 409 143 451 631 718 761 499 56 899 323 142 793 131 164 948 17 321 807 253 330 179 45 256 179 418 889 323 580 482 508 776 890 2 226 872 720 986 371 127 236 45 620 29 527 784 328 895 456 134 147 137 665 544 392 195 961 632 517 892 113 24 668 355 378 893 226 449 231 948 575 466 992 194 494 518 329 173 412 784 659 911 272 323 806 15 517 118 647 385 10 759 408 677 465 137 921 691 585 151 638 511 617 630 57 462 499 385 635 263 521 293 525 144 967 330 159 483 799 805 867 808 915 626 484 380 115 405 70 699 907 59 562 523 688 618 985 539 354 971 153 226 263 677 370 229 358 528 63 156 332 281 964 598 258 799 977 372 555 46 423 462 105 984 336 144 953 672 34 306 642 186 884 256 862 253 836 571 132 250 727 815 530 42 412 788 389 134
Yes
986 187 333 390 770 355 561 15 323 698 549 825 416 549 357 444 518 244 941 400 755 612 818 27 483 323 20 292 169 355 947 154 893 631 896 662 338 456 676 660 505 576 484 273 476 192 716 345 435 8 745 189 619 914 567 102 588 586 745 756 292 43 262 786
Yes
531 5 908 304 843 487 230 241 158 432 686 340 607 315 337 850 316 118 722 256 490 515 72 195 984 54 629 38 36 167 537 918 171 796 573 365 635 803 606 144 234 643 484 192 309 820 41 624 937 115 232 778 629 655 973 613 708 953 2 743 471 891 12 993 38 585 357 672 387 314 816 620 956 651 164 264 470 204 240 758 318 471 888 299 477 860 263 184 164 264 279 634 154 290 626 192 874 334 215 260 648 382 232 603 32 395 219 853 950 458 611 268 280 498 566 756 709 828 939 224 443 217 857 949 859 834 140 732 167 706 344 166 88 927 121 119 673 339 972 622 796 934 241 427 783 158 182 491 985 472 714 780 41 922 728 899 755 219 982 273 924 677 791 11 955 911 482 979 249 805 953 396 738 193 822 520 351 355 362 687 826 75 818 218 348 545 116 454 763 450 78 687 478 868 49 433 778 882 411 378 686 363 773 423 908 946 294 610 300 655 648 478 81 466 695 780 10 163 233 125 612 311 163 441 530 563 873 308 445 636 685 130 350 810 905 257 755 198 866 407 205 866 884 637 331 930 417 692 92 649 816 55 311 330 496 841 893 720 500 337 355 184 818 705 345 722 313 100 272 531 858 476 396 93 464 78 22 880 769 466 881 937 872 191 266 719 383 158 791 882 846 145 66 664 201 410 385 866 861 8 396 70 835 143 162 299 220 184 178 340 1 58 276 224 601 894 943 983 403 733 865 249 229 282 912 782 43 648 647 904 8 394 973 842 536 487 140 755 22 670 446 22 79 722 245 679 967 539 14 369 623 878 617 204 159 880 337 201 880 335 456 887 728 781 80 615 267 220 369 288 241 814 661 319 887 257 350 853 148 363 574 770 240 542 325 750 774 661 302 653 995 110 891 74 890 970 688 508 541 408 147 781 574 159 452 460 415 801 665 914 163 238 684 754 779 360 503 552 21 156 556 367 265 798 441 506 120 128 365 660 536 511 793 461 21 596 920 788 396 936 701 910 525 736 663 656 96 517 559 468 24 115 834 289 264 274 794 383 754 511 395 641 373 539 101 394 134 372 181 529 308 233 790 184 969 804 839 416 320 398 883 343 864 68 983 127 342 129 862 447 639 256 439 11 794 539 404 927 262 936 807 569 169 596 753 489 399 943 904 70 340 786 764 555 853 747 682 546 875 543 344 865 150 782 875 295 672 631 221 934 566 379 854 86 326 958 574 724 901 829 145 240 614 908 795 819 6 828 716 232 722 412 96 223 545 323 517 217 953 737 150 870 467 3 956 792 961 881 867 861 710 11 452 675 270 598 845 628 777 561 859 498 324 307 720 868 629 236 84 933 324 585 802 790 588 109 933 900 990 799 112 699 809 915 373 431 865 218 58 641 130 268 491 453 574 210 320 554 798 756 486 473 340 640 615 279 748 547 530 737 346 641 787 506 908 160 288 772 729 345 412 210 965 902 662 890 464 333 444 613 88 281 85 780 272 51 58 20 598 940 108 295 580 247 152 839 758 440 610 486 136 374 695 100 275 708 342 90 392 785 702 480 417 139 611 689 189 20 60 138 959 519 784 891 765 288 729 522 727 339 359 214 712 405 666 338 464 7 428 856 143 481 687 559 971 297 599 160 316 10 649 275 881 785 165 997 72 245 871 150 583 229 363 646 986 380 336 449 386 115 656 528 947 342 439 918 638 389 77 306 751 77 932 631 861 448 627 284 692 497 433 627 78 148 624 415 527 959 215 913 425 871 792 372 212 582 289 202 323 717 507 73 145 790 55 6 237 33 641 928 882 74 554 311 221 530 725 99 488 939 11 265 161 155 636 373 88 276 574 410 992 432 482 136 221 888 493 457 921 134 736 802 559 642 112 779 171 836 877 10 126 240 274 287 746 261 11 833 536 936 243 879 367 76 367 939 964 859 747 884 344 482 37 902 475 148 32 645 335 261 7 812 500 632 98 597 245 460 429 780 395 23 11 113 451 377 51 414 235 149 649 931 631 685 832 457 184 864 454 518 124 460 681 975 443 779 923 687 590 351 467 985 726 829 97 176 205 500 941 439 648 941 721 630 625 553 87 160 768 540 29 243 351 709 217 793 839 139 480 429 841 298 765 918 126 861 93 682 712 33 472 360 973 193 341 949 745 779 460 512 318 488 754 20 549 322 165 387 812 644 167 4 293 931 922 770 144 14 451 855 399 922 566 723 114 259 24 210 37 835 721 707 675 826 78 223 499 242 961 310 237 480 314 529 410 587 650 905 600 452 112 350 374 29 425 839 287 800 49 676 634 121 734 308 299 811 882 797 53 195 459 289 674 392
Yes
751 111 835 9 131 80 902 604 505 977 103 193 57 503 329 657 289 686 476 355 559 305 633 593 350 157 486 229 425 537 47 527 999 233 887 482 312 789 85 168 117 188 361 173 42 41 182 683 726 657 37 284 313 21 228 662 529 713 242 305 602 640 832 952 873 718 433 536 858 518 704 975 57 64 147 450 456 328 132 181 336 521 816 648 541 395 661 70 460 902 726 413 894 557 364 766 275 149 301 132 666 356 458 74 771 957 875 226 284 7 758 972 527 925 971 419 672 632 840 483 885 566 895 778 122 610 895 957
Yes
119 847 999 523 279 236 135 436 470 617 471 949 562 167 651 930 806 473 467 168 444 604 957 849 122 43 382 555 366 972 671 836 170 21 710 449 256 197 884 77 813 707 377 374 873 380 655 30 852 121 197 295 725 153 495 846 547 228 753 264 199 775 99 156
Yes
367 133
Yes
920 845 878 914 99 726 844 900 289 561 370 410 712 233 299 791 685 150 376 480 227 19 390 331 440 211 272 806 342 404 873 614 601 102 879 699 828 722 950 116 634 320 877 346 552 528 488 588 677 215 419 255 234 809 586 25 371 209 830 64 964 702 677 218
Yes
567 256 671 903 695 287 120 459 861 475 779 584 202 979 318 72 667 1 245 778 305 91 170 410 673 157 369 21 303 986 392 221 241 414 123 935 700 595 745 560 421 523 143 622 853 812 45 519 813 641 297 469 731 818 230 755 974 950 775 276 935 518 496 527 931 971 813 630 917 557 541 337 431 683 310 284 847 706 154 11 346 802 479 428 619 60 182 592 9 309 219 296 826 67 174 109 389 987 738 657 895 279 993 326 313 654 961 511 711 466 521 408 268 351 835 238 410 368 182 771 676 752 418 854 818 591 962 558 577 51 214 472 329 558 149 994 211 109 504 921 926 25 328 545 727 514 783 489 882 964 259 909 715 28 762 885 618 75 442 547 126 8 370 806 565 518 799 776 978 655 48 903 31 728 448 757 593 582 245 474 897 855 735 611 882 848 847 852 923 641 750 48 648 119 853 212 988 4 339 965 658 739 219 688 466 18 796 410 599 41 236 495 247 970 458 481 817 656 332 739 296 433 786 295 551 991 859 538 994 197 854 651 287 424 690 104 442 485 514 392 877 749 239 124 718 696 956 886 703 287 625 351 71 762 645 621 104 503 510 97 52 363 99 338 138 788 442 579 625 307 323 853 55 561 976 124 608 283 9 310 921 985 660 991 99 657 611 202 159 472 299 562 186 397 252 324 537 45 254 161 351 576 13 405 488 341 880 95 623 888 757 544 225 768 886 323 424 497 876 935 968 174 848 154 923 99 829 811 143 82 971 493 10 335 249 497 27 128 944 2 368 700 897 944 819 782 266 595 630 141 529 598 667 376 103 941 827 283 751 969 364 73 814 373 407 62 222 786 542 165 787 261 216 35 204 34 816 821 628 446 313 508 395 979 236 849 919 62 131 21 30 846 93 195 219 852 257 440 637 150 956 775 410 171 809 965 204 976 785 832 421 97 691 167 428 926 15 698 987 145 719 369 991 811 915 561 662 171 352 650 672 307 776 433 477 584 397 32 560 533 863 332 630 906 499 57 831 513 106 170 10 824 890 352 635 804 264 648 327 615 650 998 273 425 783 101 361 179 132 272 712 347 603 693 252 453 101 434 318 206 603 327 30 844 30 16 648 293 15 326 259 664 675 883 441 457 983 801 636 114 72 699 460 26 391 63 479 843 497 796 48 451 474 429 295 855 796 294 499 811 619 757 826 645 991 618 102 973 418 89 438 841 787 898 219 529 960 697 371 808 844 770 259 317 551 553 523 698 846 21 508 816 777 686 460 119 303 913 91 73 1 528 265 787 777 483 667 89 531 389 896 726 511 154 394 61 58 916 758 255 936 618 422 64 655 882 182 957 794 272 381 147 152 998 933 928 832 600 368 715 340 264 440 850 769 834 910 827 101 20 81 37 989 855 100 643 736 634 951 881 257 332 27 408 681 312 688 512 263 55 226 602 670 18 452 439 851 713 617 303 732 49 339 720 903 791 714 990 424 665 223 32 348 601 440 28 912 479 539 526 885 117 128 555 134 931 345 336 643 313 638 727 361 329 446 616 119 160 605 894 176 827 925 523 428 716 550 691 546 440 217 431 556 696 337 41 626 681 376 268 993 366 994 705 694 792 320 164 303 925 409 830 103 685 352 882 401 901 573 298 692 141 728 600 836 64 640 461 96 368 80 88 733 426 793 426 569 112 941 871 388 349 52 491 33 403 372 785 655 296 83 346 436 810 297 271 226 937 83 321 304 163 409 388 940 553 813 508 16 753 730 756 453 781 598 485 183 969 270 837 617 352 534 52 513 831 675 738 119 109 59 774 271 819 161 562 371 325 69 738 429 798 493 881 578 442 365 112 411 986 300 379 337 186 430 850 368 456 587 486 565 997 259 187 815 771 749 537 447 817 627 875 967 471 107 544 913 823 8 323 809 307 53 497 492 482 698 859 290 637 696 854 633 306 40 448 76 140 336 522 957 962 748 923 433 206 818 345 29 825 19 189 484 71 685 327 904 383 538 193 371 233 398 3 891 790 802 966 929 138 840 237 99 939 159 531 145 329 227 525 505 245 713 340 667 397 667 571 131 204 763 501 788 513 856 678 302 657 996 230 794 835 467 245 125 977 127 621 657 354 145 162 950 857 501 617 606 519 187 88 722 301 589 862 813 444 539 466 452 534 696 246 720 514 842 197 842 968 817 499 673 962 12 623 170 864 239 775 383 777 863 456 429 803 669 242 598 208 707 49 93 754 646 813 619 487 361 461 455 177 311 479 490 674 101 660 537 691 434 271 467 296 79 248 450 747 489 47 306 547 96 399 653 741 563 271 580 923 83 386 451 745 864 581
Yes
348 805 223 958 922 638 627 388 389 752 714 33 593 682 429 331
Yes
932 33 536 853 671 514 592 411 617 306 443 209 987 223 672 442 499 383 428 339 404 535 6 131 865 568 698 447 695 509 25 626 893 912 831 563 777 422 974 393 79 768 954 65 991 625 859 489 360 286 827 763 820 832 246 37 751 295 483 445 803 859 70 696 122 252 610 250 26 935 643 104 703 948 521 693 924 379 181 283 664 7 398 835 190 995 871 940 289 706 384 444 916 805 491 38 57 100 287 82 35 281 537 737 580 57 429 504 787 961 786 802 967 535 637 156 529 859 95 818 564 830 261 832 634 103 869 42 202 507 475 588 140 12 324 719 420 104 574 207 64 360 8 382 246 644 537 775 855 983 944 418 164 556 249 798 658 469 839 859 328 314 447 819 677 122 889 96 578 463 302 641 174 662 23 419 657 911 545 511 246 488 281 761 43 881 558 52 702 749 911 381 414 709 199 90 182 439 537 759 901 191 752 74 852 126 845 860 388 389 371 985 877 3 746 271 883 655 323 936 403 585 316 168 645 866 609 826 305 146 937 205 336 40 631 539 165 475 398 552 215 120 889 91 122 634 714 5 288 36 292 43 972 608 562 727
Yes
248 850 201 438 273 422 826 821 753 757 828 256 904 926 849 974 228 623 331 168 938 92 584 281 238 743 361 482 640 641 913 887 490 465 324 114 886 149 934 990 906 113 245 161 391 446 486 970 420 168 137 709 612 72 990 849 167 350 682 806 990 594 692 831 59 16 944 296 516 229 286 773 342 530 933 732 327 770 701 746 938 189 455 549 260 444 749 426 145 431 231 487 24 275 669 434 642 965 730 157 193 367 930 886 896 214 617 575 336 669 320 273 209 774 173 469 569 921 894 66 703 477 904 79 751 572 512 392 536 593 900 729 959 181 614 207 395 583 781 82 603 100 706 812 226 878 632 794 150 877 859 853 353 762 283 455 686 794 198 221 739 98 301 697 278 267 255 24 201 35 105 155 487 810 966 712 39 597 857 541 474 68 745 178 181 27 633 866 172 830 439 910 279 91 959 557 709 213 932 909 600 37 64 438 198 381 149 589 330 357 481 155 424 225 332 957 251 316 822 774 498 612 684 128 703 994 684 763 558 968 672 509 356 87 946 553 819 446 493 148 803 973 302 578 197 986 534 799 653 708 925 502 671 960 630 725 953 665 488 510 632 511 19 987 597 316 892 767 762 384 915 916 709 568 493 257 553 379 56 558 86 332 59 756 291 688 481 243 353 320 104 984 830 474 323 426 790 214 192 903 597 458 818 305 26 310 562 930 688 969 487 125 300 898 233 590 585 65 184 289 384 639 625 213 113 947 990 254 160 533 156 108 991 973 765 368 634 678 649 322 998 488 798 649 385 30 590 321 94 773 962 477 411 586 41 875 884 30 128 43 563 635 502 905 607 266 624 593 295 272 266 292 759 63 940 495 93 529 816 538 653 129 367 416 714 407 290 597 437 770 991 351 404 492 255 363 110 878 955 404 501 220 696 260 634 987 106 78 868 273 616 520 401 982 287 114 740 929 62 176 698 404 878 453 248 484 167 709 713 473 112 214 692 159 825 678 498 930 755 365 203 370 236 603 703 523 69 443 451 482 970 500 238 848 952 837 331 471 545 44 943 8 609 987 167 433 664 16 714 418 380 268 140 615 871 194 137 291 636 939 124 958 438 713 805 742 549 487 212 93 882 506 101 842 492 619 274 507 634 340 277 365 607 416 331 829 609 820 119 597 758 595 554 196 307 710 289 208 548 500 300 430 357 752 271 849 370 897 707 355 236 983 719 842 398 50 671 359 869 141 955 978 87 860 525 746 569 813 953 116 664 252 897 21 356 520 221 725 768 927 432 3 910 502 196 659 903 218 369 123 359 675 101 797 534 625 542 454 790 494 570 453 98 818 825 453 689 397 529 456 324 960 810 585 814 6 595 716 223 964 839 933 638 291 82 524 267 623 977 56 469 898 861 566 716 685 370 404 434 898 860 757 210 669 693 23 26 639 738 601 602 928 885 592 218 966 115 485 589 91 892 409 989 752 974 56 789 343 811 222 592 670 330 153 691 374 175 68 12 265 668 966 544 905 909 762 870 23 598 810 465 841 218 805 945 543 860 733 885 671 306 829 692 987 981 734 360 508 802 723 772 821 688 315 725 948 428 947 322 377 756 787 570 974 943 514 516 155 246 753 177 903 933 868 889 913 954 600 772 107 322 543 279 362 210 4 309 989 302 631 718 57 769 287 382 711 152 898 865 749 2 41 651 934 261 539 198 566 138 970 672 811 864 950 172 425 305 481 766 606 463 835 663 231 473 396 293 624 293 510 372 646 902 374 579 162 912 129 727 401 450 750 211 665 700 735 90 356 567 207 962 29 41 976 611 865 371 255 488 16 764 211 661 666 584 592 827 847 72 906 247 521 655 809 185 706 543 626 62 109 832 375 489 224 702 99 88 424 354 927 439 469 137 452 134 72 395 313 918 466 570 516 338 224 325 874 282 219 500 343 328 683 69 168 259 770 267 346 193 972 625 984 440 761 435 926 185 181 238 102 998 159 618 335 382 942 208 15 160 59 709 839 742 777 7 1000 898 625 697 91 948 321 426 387 434 212 664 618 392 253 71 389 411 688 723 793 981 282 159 493 341 868 331 434 644 689 785 542 313 833 984 260 506 409 999 939 620 14 908 363 267 330 751 677 18 825 821 350 106 980 842 798 847 525 583 842 213 367 735 878 200 718 489 705 478 839 995 449 853 254 811 119 583 913 795 952 89 616 302 547 595 143 344 793 667 927 634 232 645 369 109 844 438 949 900 268 788 894 68 640 499 231 758 82 143 552 385 232 519 38 778 113 181 473 905 199 751 891 782 396 611 242 591 400 191 491 667 978 384 87 617 235 317 581
Yes
94 140 972 577 134 820 680 364 613 552 389 450 974 142 384 529 517 17 509 710 627 567 453 301 643 951 90 100 925 594 110 18 85 82 946 218 253 978 933 866 529 321 667 855 462 403 735 330 419 243 40 397 809 844 49 803 794 138 902 718 83 364 88 519 445 385 736 49 362 20 266 891 341 285 745 154 687 831 484 457 425 875 205 233 718 253 36 864 742 289 933 176 652 372 694 448 757 429 849 470 800 114 712 140 398 808 646 436 638 129 244 62 355 448 647 424 52 34 287 145 322 572 320 326 943 13 125 51 793 973 521 593 87 232 84 836 40 729 272 29 209 867 91 563 667 737 987 718 770 273 863 443 844 534 120 139 899 245 189 43 217 709 635 655 293 71 843 684 799 114 712 8 332 154 922 998 890 908 68 11 533 282 806 376 815 277 866 713 521 55 756 90 763 742 96 407 164 938 90 315 403 154 674 735 307 595 732 549 503 799 911 35 80 68 762 247 345 628 311 217 682 418 658 796 512 754 555 675 691 644 989 446 149 662 180 456 257 263 356 111 414 618 145 845 686 258 443 382 237 754 598 918 523 256 66 34 361 620 709 403 615 49 848 764 711 379 571 319 994 278 429 759 895 925 955 580 534 398 961 771 503 911 40 25 518 457 59 878 76 119 632 43 167 832 806 877 562 728 547 555 5 327 313 899 251 620 831 137 17 143 907 519 53 946 543 570 403 953 799 830 71 783 872 238 614 29 466 175 108 13 82 464 339 746 715 942 365 545 78 381 39 984 251 92 281 146 13 35 98 164 217 521 946 440 758 911 821 575 85 928 587 166 392 278 912 106 219 276 2 648 9 40 983 611 483 615 756 848 2 206 11 218 726 308 9 835 218 829 409 654 109 348 172 500 625 83 957 195 710 310 842 70 701 824 681 184 438 788 383 439 993 393 8 70 52 17 904 269 845 665 274 305 12 445 804 636 879 112 830 941 773 671 362 474 846 42 9 283 182 391 74 526 135 81 596 186 449 851 806 646 515 431 950 526 876 106 161 754 217 342 46 342 364 408 815 209 801 175 492 982 917 917 508 51 997 455 588 446 657 745 91 172 175 392 49 50 497 562 156 714 903 201 55 267 608 221 475 761 395 318 742 311 234 601 713 583 407 300 380 64 396 822
Yes
731 345 657 303 936 132 224 697 787 254 586 645 630 962 370 388 959 270 8 467 473 736 473 905 933 419 163 833 50 326 191 132 670 848 434 605 331 9 654 117 262 591 113 891 552 834 630 862 456 990 328 280 77 153 184 9 571 698 194 620 23 384 751 45 583 184 1 266 192 654 734 805 597 847 696 500 680 325 714 487 314 393 766 743 545 949 103 116 998 296 87 21 32 838 417 614 373 417 879 917 423 613 721 19 811 768 870 842 445 583 329 110 976 94 852 520 395 955 987 392 250 74 764 281 263 180 247 987 949 125 903 723 89 976 93 251 95 962 93 539 545 421 649 872 866 852 743 260 806 730 652 408 803 767 40 65 299 286 403 599 763 658 321 203 633 413 454 79 726 546 618 270 966 618 493 831 469 236 443 627 965 446 386 119 212 425 535 862 711 937 460 473 594 780 675 578 544 128 657 270 25 274 891 342 243 384 525 63 971 967 689 935 412 74 405 975 499 939 837 561 875 296 385 821 428 411 398 971 539 54 592 915 679 483 257 273 218 781 336 188 747 24 474 158 450 878 484 300 168 320 212 394 616 596 214 395 6 964 365 896 369 957 811 48 791 67 320 8 199 7 195 945 383 20 454 832 897 937 483 64 609 694 809 224 289 23 618 646 986 334 542 354 290 704 753 80 122 425 439 320 431 633 616 813 4 421 996 900 357 478 315 965 523 124 540 163 498 509 809 835 843 702 540 484 405 293 916 526 69 706 197 499 691 812 664 694 232 659 594 940 489 260 257 363 735 148 526 232 657 686 66 851 387 606 686 143 250 953 20 318 659 216 168 349 379 831 394 610 842 987 901 682 599 509 44 333 657 569 565 665 254 982 867 992 939 552 134 188 857 153 857 867 368 25 567 98 207 960 59 48 299 960 729 897 468 125 581 476 693 497 140 299 479 6 290 417 910 424 957 118 576 813 984 296 189 902 393 396 213 452 795 511 763 876 759 582 1000 340 58 44 836 197 342 666 555 632 435 816 55 391 933 982 555 268 277 96 521 22 491 733 825 637 244 587 864 354 168 863 693 577 907 881 126 600 898 32 231 332 847 637 74 131 619 981 750 247 76 270 268 918 2 444 554 597 382 418 303 550 632 995 478 890 227 603 490 125 634 720 808 832 882 804
Yes
976 472 549 980 15 892 650 660 344 16 351 758 327 13 923 299 224 147 962 409 381 952 57 609 500 430 442 966 983 950 624 310 774 173 289 140 64 291 151 759 306 853 517 632 218 791 931 441 937 244 201 669 195 257 278 694 686 719 660 668 20 283 330 145 807 618 284 870 908 786 981 565 639 497 197 856 287 479 648 575 722 848 595 268 456 224 961 493 942 972 513 314 607 842 810 413 811 446 283 71 231 263 635 869 111 183 76 749 13 75 675 86 274 269 353 729 493 666 222 786 637 86 451 243 927 261 656 737 706 290 807 288 904 794 509 366 976 584 466 989 659 140 74 284 760 779 13 604 444 586 742 80 671 544 675 597 804 682 685 861 323 844 149 578 637 657 295 612 592 760 952 602 251 378 886 362 156 250 966 599 835 59 30 505 602 704 453 406 737 489 618 59 332 118 988 968 774 282 932 718 41 883 319 291 612 556 653 767 805 970 365 639 28 395 495 629 450 299 386 187 788 356 597 471 473 585 439 247 866 722 316 259 604 634 901 216 542 905 334 346 874 699 337 253 445 831 234 894 482 971 432 621 326 29 91 799 965 529 397 182 250 712 440 206 697 693 773 238 597 106 936 823 156 272 75 600 102 660 846 935 631 277 555 956 657 646 106 973 526 502 155 128 565 946 333 262 638 457 851 587 914 786 409 70 57 483 21 511 495 218 445 125 495 352 80 503 997 538 828 522 39 982 1 604 279 333 865 269 141 67 855 55 853 263 476 261 97 848 771 591 66 568 715 912 919 147 766 915 684 593 788 74 574 789 677 205 473 893 473 966 960 327 372 164 589 199 424 37 46 547 628 463 114 694 374 32 192 140 298 227 732 85 301 658 225 329 862 50 222 334 15 533 660 386 48 600 584 823 636 629 369 615 444 482 309 817 865 500 956 162 79 40 599 379 697 823 707 558 224 280 243 238 164 254 623 211 205 558 34 840 539 754 807 982 236 115 798 452 966 106 614 44 145 564 774 193 738 481 102 962 112 344 199 276 597 174 486 153 731 871 992 621 625 798 602 212 264 400 663 582 857 628 625 353 191 751 545 281 231 646 242 694 341 792 969 937 965 807 441 48 29 432 668 653 582 270 216 197 21 231 778 229 858 755 581 401 505 125 681 87 770 209
Yes
239 173 562 953 175 154 130 302
Yes
88 320 885 551 393 100 746 657 565 335 886 356 368 823 280 606 347 842 911 874 995 40 387 493 59 765 686 422 418 968 257 505 288 494 55 32 593 800 688 509 135 925 217 854 99 496 460 445 337 370 318 683 761 57 528 819 821 213 240 238 180 849 742 506
Yes
841 334 85 896 942 253 763 350
Yes
542 808 830 489 268 376 51 421 412 759 410 383 785 928 85 625 261 522 872 554 774 634 113 834 527 146 502 904 847 951 791 388 758 972 228 378 348 278 798 111 36 207 846 820 486 282 796 99 803 667 652 577 653 764 762 179 261 615 82 107 565 225 846 675 196 73 404 895 350 201 358 738 759 203 557 596 484 705 694 639 371 346 215 375 461 328 553 722 942 987 180 859 211 378 885 758 802 288 5 504 840 362 241 598 916 149 545 751 853 239 389 576 584 955 950 44 282 855 117 576 841 649 786 403 26 670 160 827 957 516 330 796 229 922 745 144 423 289 247 275 879 635 202 462 942 504 858 223 710 326 150 902 974 935 304 351 604 815 530 912 331 211 707 911 133 803 55 555 92 653 181 322 287 735 136 580 238 345 803 299 670 304 200 996 239 503 346 194 669 227 106 351 438 164 262 922 967 668 476 410 320 8 731 958 742 866 538 331 210 692 629 232 995 828 227 585 682 924 779 351 151 236 701 940 399 314 861 365 981 688 126 300 695 857 258 789 722 795 471 284 486 100 515 832 279 93 769 313 16 899 15 518 134 67 601 932
Yes
159 723 262 588
Yes
564 577 284 856 675 125 465 591 594 451 854 395 767 396 440 912 871 291 412 692 640 918 423 798 992 36 737 666 269 245 933 185 173 569 40 200 693 504 790 639 307 996 33 425 391 824 689 261 114 100 305 753 369 79 903 360 467 639 25 735 236 310 919 408 878 310 607 922 166 749 560 824 96 944 600 486 767 288 98 233 739 754 337 107 833 239 819 651 878 843 385 465 504 656 872 733 317 831 655 482 931 214 657 26 158 257 863 276 896 312 508 635 66 845 93 250 435 911 900 664 106 636 128 609 643 352 342 960 534 348 793 464 561 450 841 70 58 703 346 953 14 205 939 431 49 32 32 836 942 283 499 399 919 979 8 913 330 701 224 863 48 17 326 960 818 166 382 227 220 727 179 585 283 118 16 684 501 399 519 794 682 17 193 952 995 552 864 676 252 88 538 651 456 215 962 625 732 343 203 951 421 381 888 704 850 255 387 350 653 905 144 334 273 688 285 620 239 501 295 842 940 185 492 747 751 453 723 483 148 925 785 568 305 672 271 507 926 9 856 579 913 351 264 538 38 901 157 628 401 803 469 340 339 312 438 826
Yes
753 220 142 337 797 284 289 338
Yes
581 661 317 200 485 567 400 204 422 194 580 211 560 486 784 664 57 277 1 854 560 641 380 656 330 897 901 340 996 812 135 576 472 451 775 957 369 526 160 143 719 91 353 278 577 488 294 633 764 294 838 676 286 217 331 616 113 583 955 460 394 441 387 94
Yes
156 649 452 976 933 516 571 674 966 868 713 448 852 813 607 712 1 375 666 959 73 825 270 653 1 326 909 932 698 380 428 853 380 231 181 312 746 751 986 64 970 698 511 173 863 117 236 215 844 901 174 268 725 795 272 77 120 181 361 817 912 140 22 291 371 202 603 468 304 588 531 625 637 394 149 499 862 384 714 705 285 239 972 361 33 596 790 152 776 150 321 687 289 694 329 11 247 931 479 902 870 361 526 507 754 26 357 968 409 70 24 45 308 348 758 692 943 547 196 70 48 868 756 688 561 436 699 808
Yes
75 557 36 285 210 179 303 749 735 506 27 895 603 365 780 281 562 925 272 180 447 111 343 421 625 384 217 542 718 622 889 792 531 925 428 740 455 731 840 189 588 866 84 191 231 215 823 144 491 94 323 289 204 18 709 828 753 926 721 822 899 610 429 243
Yes
750 30 488 658 772 297 790 830 61 82 416 602 676 374 661 247 991 145 812 328 882 475 310 943 705 539 291 170 93 809 909 194 838 397 203 962 45 345 791 458 778 206 411 453 931 424 699 921 568 862 600 801 336 909 744 392 800 386 561 244 194 821 789 32 569 992 345 966 336 135 775 113 340 185 917 271 960 967 543 528 828 143 680 163 403 775 554 202 160 466 445 354 638 586 737 207 577 81 524 264 215 298 728 906 834 644 528 794 962 71 673 789 565 352 303 319 127 208 873 286 673 669 639 310 254 375 868 830 455 391 445 21 40 172 927 226 167 454 19 128 876 691 268 792 394 922 111 520 129 983 158 801 651 148 463 905 875 682 86 681 425 531 702 816 54 980 41 221 433 59 700 661 101 320 452 495 241 562 366 370 896 523 522 547 23 336 803 897 18 888 577 794 770 630 609 824 609 650 44 394 60 95 54 513 414 505 7 655 419 724 376 314 599 897 212 621 233 14 517 602 254 445 747 23 427 707 846 35 708 241 428 768 336 481 280 101 338 638 107 756 713 482 69 311 379 633 931 963 646 799 916 899 596 662 274 22 368 471 408 428 712 836 195 399 668 826 851 5 815 958 112 527 439 533 838 169 165 120 131 810 919 398 61 866 411 686 887 131 156 294 558 219 481 104 969 501 281 820 857 95 777 969 973 567 501 810 736 17 282 218 178 552 968 590 417 378 275 303 508 431 948 417 649 781 520 618 281 800 789 137 246 917 457 219 483 309 380 570 325 661 788 503 212 107 92 628 484 367 282 344 149 582 760 149 362 632 118 994 431 906 130 677 822 939 247 657 247 626 226 572 287 365 426 850 471 517 830 955 235 463 650 383 44 409 884 757 40 1 102 823 259 584 851 432 522 97 88 768 722 666 339 360 30 116 210 501 633 391 807 219 853 808 954 249 216 837 5 608 189 459 782 447 42 632 879 563 728 318 330 801 983 21 161 13 136 722 865 120 464 23 339 316 830 644 564 397 480 921 356 668 379 489 467 420 120 345 334 199 14 663 1000 997 35 512 361 523 585 577 642 48 599 332 715 780 975 631 528 806 551 236 826 281 724 292 52 844 988 385 394 1 399 745 997 786 608 709 308 192 285 949 591 235 633 306 14 959 936 894 765 838 129 590 470 852 233 873 47 220 257 793 572 7 537 921 792 145 629 99 688 914 400 631 148 384 936 514 342 223 407 458 412 887 399 233 90 631 105 137 202 713 281 126 719 817 46 863 313 26 313 1 939 64 631 439 447 918 304 141 492 710 950 903 948 349 487 37 331 591 525 885 303 805 10 373 974 55 587 286 432 900 286 371 315 268 161 114 185 464 606 676 525 555 930 824 903 416 860 586 358 737 470 660 541 479 385 514 885 971 152 316 222 437 38 537 57 550 2 241 13 607 269 889 161 550 712 416 318 924 1 675 660 470 687 552 948 423 418 184 745 569 499 967 357 889 855 413 438 856 6 803 814 626 691 974 175 755 741 492 30 741 519 41 210 557 944 509 979 361 692 723 281 543 41 990 431 247 754 868 454 759 22 267 384 713 593 911 819 333 754 200 74 272 240 635 180 183 144 510 896 187 233 528 729 625 869 511 872 623 731 325 733 752 944 469 816 536 379 634 868 484 185 293 108 424 928 287 959 423 797 206 609 381 85 690 5 954 200 228 928 282 553 660 34 496 480 849 383 210 835 602 694 19 895 801 795 174 439 105 596 235 662 556 615 746 245 972 699 797 199 626 78 103 638 463 950 469 664 332 679 498 934 724 868 180 524 14 353 962 470 300 549 131 855 515 877 452 486 927 248 685 905 677 139 542 492 89 362 155 772 40 652 705 763 871 236 638 237 588 952 706 887 500 837 94 14 65 545 852 991 144 888 895 820 26 788 311 466 150 817 238 189 468 294 304 691 530 293 927 469 244 632 708 95 820 801 461 884 345 312 875 488 551 769 659 576 909 322 394 58 138 631 598 958 924 901 1000 453 194 278 922 789 909 629 236 81 781 696 964 125 359 190 964 261 311 974 188 219 647 581 276 137 211 873 446 135 126 445 939 671 722 860 459 982 840 46 62 620 741 378 96 451 567 411 711 229 737 899 447 383 479 722 871 42 947 316 176 72 112 114 94 185 326 552 167 517 598 580 489 690 309 936 493 228 347 203 456 435 453 255 817 932 976 40 325 274 707 500 697 819 965 790 3 642 694 521 511 643 453 999 332 761 286 176 340 632 379 796 66 831 50 235 114 377 626 438 3 332 289 699 150 606 489 505 599 182 25 109 824 829 459 507 942 745 686
Yes
985 205 262 471 742 248 168 223 159 698 560 260 924 575 6 881 85 398 42 173 163 748 410 811 112 649 975 956 591 305 306 927 510 568 397 603 167 564 825 677 261 736 937 537 310 294 769 395 691 810 567 854 557 329 16 20 977 990 328 920 647 633 846 156 552 595 758 70 510 582 747 771 318 683 659 627 328 427 373 19 236 292 224 144 620 239 516 948 580 843 867 226 827 65 381 379 11 490 448 520 424 546 642 93 228 300 71 556 78 444 926 665 735 149 809 706 387 324 653 966 518 872 544 344 936 276 722 298 766 522 817 541 67 459 633 647 110 703 554 188 146 479 852 232 627 12 937 365 687 942 682 204 813 577 548 100 853 269 397 970 142 565 510 561 23 142 207 133 196 112 672 342 590 875 925 568 887 214 284 573 155 317 777 319 894 324 770 746 944 518 715 438 82 576 998 457 69 204 941 264 667 612 957 256 486 882 175 724 95 458 297 601 126 73 271 19 748 392 764 43 909 830 480 990 405 477 798 473 32 738 89 698 701 45 305 187 926 831 910 372 640 558 324 766 982 946 784 729 337 900 772 245 729 603 587 486 432 384 310 815 474 398 513 174 443 169 360 720 1000 622 444 991 179 767 756 161 713 540 241 49 439 364 646 519 967 232 4 398 967 666 212 440 63 76 614 857 597 973 577 948 946 20 938 125 138 46 637 202 585 877 251 375 241 896 245 559 479 601 308 445 266 519 885 680 947 850 537 895 822 465 842 120 836 779 596 973 824 232 175 760 460 777 486 700 24 731 610 502 683 917 298 948 788 534 627 734 383 515 628 557 979 821 676 814 599 271 139 775 854 665 886 313 441 724 13 816 806 974 669 488 891 966 435 678 852 413 763 234 280 390 142 258 562 169 424 160 439 914 286 292 578 524 605 370 247 969 185 404 942 205 891 184 170 677 861 373 441 623 959 720 364 100 978 925 269 753 437 59 18 74 703 595 597 659 316 195 627 852 598 920 56 840 104 577 516 316 950 957 291 908 676 6 359 5 931 979 109 719 38 126 792 740 72 741 398 387 287 376 238 237 647 645 76 102 222 592 418 523 900 60 430 575 65 140 932 995 119 40 65 156 166 209 247 237 949 996 976 587 371 213 823 17 858 899 471 431 842 240 953 741 299 985
Yes
458 777 523 709 188 18 257 483 385 3 565 835 206 779 952 918 710 941 57 443 483 430 857 207 990 994 191 112 270 249 157 727 26 31 787 565 48 396 47 432 398 964 267 956 742 570 873 803 510 282 246 344 711 102 902 52 447 444 515 717 44 671 421 533
Yes
305 652 909 107 874 201 606 244 877 897 685 458 429 56 577 799 350 944 814 170 314 215 961 849 774 413 923 935 651 236 955 796
