32767
255
65535
2047
15
2047
2047
511
61
255
8191
255
125
524287
255
1023
127
57
16383
262141
511
255
4095
8191
2047
25
131065
63
524287
63
131071
524281
1048575
1023
125
2045
63
524287
131071
16381
1048573
65535
524287
8191
65535
29
262143
1048575
4095
65535
131071
511
255
65535
4095
2047
65535
63
15
511
1021
511
65529
65535
8161
16381
31
131071
63
262143
32765
16381
8191
4095
1023
255
15
65533
2047
2041
8191
16383
1048575
32767
255
511
65533
127
32767
15
1048575
2047
127
524285
32767
131071
524287
16383
262143
16383
16383
63
255
127
1023
2047
255
65535
1048573
4093
65535
127
1048573
8191
29
255
127
1021
255
131071
8191
65533
253
4093
63
524285
262143
32767
131071
31
131071
16383
63
262141
131071
2047
15
4095
4081
15
32765
32753
1021
255
262143
31
4093
65535
524287
29
16381
13
4089
121
2047
4095
131069
65533
131071
63
8191
16383
2047
1021
131069
15
127
262143
32767
32767
255
2047
2045
1023
127
32767
65535
524287
61
31
131069
262143
8191
15
262143
511
511
8191
32767
511
131071
127
1048575
524287
4095
8189
4095
65535
63
61
65535
511
13
65535
31
255
32767
127
15
2045
65535
29
2047
61
1023
4095
509
65533
13
15
2047
524287
65535
65535
1048573
262143
13
1021
8191
1023
2047
65535
1023
61
4095
13
125
262141
1048575
255
65535
31
1048575
1048575
524281
2047
2045
63
31
31
65535
65535
1023
524285
524287
63
65521
4095
32765
262143
65535
524287
1048573
262143
15
4095
1023
8191
29
16383
131071
31
2047
16383
1023
1048575
127
511
1048575
31
32765
4095
262143
16383
32761
253
16383
262143
8189
262143
32767
32767
1048575
8189
262143
524287
32767
4095
8191
65535
8191
4095
524287
16383
1023
8191
2047
262143
511
524287
131069
4095
1048575
65535
4095
2047
262143
511
524287
2047
524287
524285
1023
63
131071
13
131069
125
29
524287
4081
1021
262141
524287
4095
1023
15
15
524287
127
255
65535
65521
131071
16381
57
8191
511
15
15
524287
15
1048575
131069
2041
1048575
497
16381
121
4095
15
8185
1048573
1023
262141
65529
65535
255
29
1023
16381
15
131071
1021
31
1048575
63
31
262141
509
127
1048575
127
2047
131065
8191
25
1048575
8191
131069
262143
31
1048575
262141
4095
262141
8191
8191
63
262143
1021
524281
31
1048575
8191
32767
13
1048575
61
31
8191
262143
131071
32767
15
4095
32767
32767
131071
1048575
29
262143
255
31
253
8191
4065
8191
131071
1048575
262143
32765
255
255
131071
131065
2047
61
1048575
8189
32767
2045
2047
8189
1048575
4095
4095
8191
1017
524287
255
509
16381
65535
8191
524287
511
16381
15
262141
131071
16381
127
2047
127
1021
4095
524287
2045
63
8191
131071
8189
16381
32765
8191
15
113
1048575
15
16381
1023
1048573
29
8189
127
65505
125
131071
1023
31
32767
524287
262143
255
2047
1023
127
511
125
8177
127
127
524287
1048575
65535
4095
131069
1021
262141
4095
8191
509
31
125
65535
31
15
2047
262143
29
1048573
2047
127
262143
131069
31
511
1023
127
131069
4093
16383
65535
32767
16381
524287
127
2045
63
32767
262143
8191
65535
1023
524287
65535
15
1017
65533
2045
4095
2041
511
262143
63
249
2047
511
8191
31
65533
4095
31
65535
524285
63
255
63
65535
8191
131069
32765
8191
32767
1048575
131071
32765
31
65533
131071
32767
63
16383
9
8185
127
255
29
31
524287
1023
524287
255
249
15
32765
4093
8191
2047
15
1023
16383
125
65535
524281
131071
16383
65535
1023
524287
16383
16383
31
31
253
13
65533
32767
2045
63
61
32767
31
31
1048569
65535
15
63
1048573
57
262143
2047
8191
65535
1048575
131071
262143
511
4089
2041
1048573
113
65535
65521
262141
511
16383
65521
253
131071
1021
262143
255
2047
255
262137
1023
63
511
65535
8191
262137
262143
8191
524287
131069
65535
127
32767
524285
15
255
61
2047
15
1048573
131071
524287
253
262141
262143
16383
8191
16381
32767
127
524287
32767
8191
4095
125
32767
15
255
2047
16383
63
16383
127
2047
1048573
131071
61
524281
262143
131071
63
4093
8191
63
524285
524281
524285
8191
255
511
29
63
262143
127
32767
31
16383
113
63
131069
2045
29
61
31
255
32767
65535
1023
131069
16383
4095
16383
1048575
32767
32761
32767
524285
32767
65535
262141
262141
31
131071
2047
8191
524287
4095
16383
131071
511
509
524287
524287
2045
13
1048575
29
65535
65535
131071
131071
63
65533
255
15
65535
65535
262143
31
131071
32767
32767
4093
253
125
16383
255
32767
31
524285
262143
1021
4095
15
253
29
2041
511
262143
131071
511
131071
511
1048575
63
2047
511
2045
63
63
524287
524287
125
1023
65535
57
131071
524287
262143
65535
255
127
255
31
511
509
57
524287
32767
511
253
524287
29
262137
127
255
31
63
63
131069
524285
524285
1048575
509
4093
65535
2047
16381
1048575
1048575
31
29
32767
8189
255
127
31
4095
1048575
511
511
16383
524287
255
63
497
511
524287
1023
1048575
262137
61
262141
16383
511
262143
63
4095
63
1023
262141
1048575
1048575
1048569
2047
8189
524285
1048573
13
49
1048575
13
63
4093
32767
127
1021
31
1048573
1023
262143
255
32767
32767
32767
31
8191
31
255
1048575
31
16383
32767
4095
4089
511
63
2047
262143
4095
511
29
524287
2047
15
127
131071
127
511
8191
262143
31
63
63
15
1023
511
8191
1021
65535
524287
131071
1048575
15
16381
32765
131071
8189
61
4095
16381
2047
65535
63
8191
524285
255
127
1048575
16383
29
127
13
505
255
8191
16381
255
509
511
65535
1023
4093
262141
255
1048561
31
524287
2047
125
65535
8191
4095
131071
1048575
15
249
2047
15
262143
2047
8191
1048573
1048561
497
63
253
2047
65473
2047
32767
63
32767
