80.00 -29.66
59.56 -84.00
-83.08 36.00
22.50 -33.69
-30.00 110.04
-30.00 -53.15
13.72 -180.00
45.00 159.96
-54.00 -92.07
-15.73 -108.00
30.00 -168.20
-44.03 -36.00
-54.00 61.47
24.59 -18.00
22.50 -148.19
22.50 -132.00
22.50 -165.85
-66.00 -142.92
-36.00 -84.87
67.46 -180.00
-40.00 21.22
37.20 -112.50
-16.57 100.00
36.00 -143.30
-9.91 60.00
30.33 156.00
-18.00 -34.49
27.00 30.46
11.56 -20.00
6.00 80.50
-21.61 -180.00
15.00 101.00
-10.00 127.99
16.19 -120.00
-11.25 -168.28
-20.00 -106.60
-54.00 147.93
-22.50 26.58
-30.90 -156.00
-40.92 90.00
36.00 -10.28
35.67 140.00
80.23 -180.00
0.00 -150.89
20.00 140.44
-70.48 150.00
58.76 -36.00
0.00 -38.86
29.50 -84.00
30.00 126.96
-22.50 2.33
-72.25 -90.00
45.00 -72.39
0.00 -47.84
46.92 -180.00
18.00 -162.32
19.05 -60.00
-33.86 60.00
-30.00 -108.23
11.25 -163.57
-50.00 -31.38
0.00 5.47
-10.00 -38.00
0.00 -30.52
-31.52 90.00
33.75 -33.08
6.00 85.73
-0.73 90.00
-18.00 139.24
30.00 -47.29
25.30 -180.00
-10.00 -133.95
11.55 60.00
10.00 175.77
-22.43 -135.00
-18.00 50.74
18.00 168.60
-18.09 -150.00
3.78 60.00
86.05 20.00
0.00 -143.99
-18.00 25.82
18.00 115.50
-59.18 -60.00
30.00 22.29
-30.00 -47.25
11.25 160.74
0.00 62.96
-6.00 165.09
0.00 -117.52
30.00 96.47
-54.00 -25.79
0.00 148.62
-9.00 161.64
18.00 -98.72
-16.39 -60.00
-44.31 -36.00
45.00 92.57
0.00 -120.35
-9.00 -144.79
30.00 170.74
-14.47 36.00
38.86 150.00
-90.00 -154.26
63.55 120.00
0.00 91.86
-22.50 43.81
-90.00 -153.01
-81.84 0.00
-27.53 60.00
-72.57 36.00
0.00 27.94
-30.00 179.25
-28.07 -180.00
40.00 -7.00
21.35 90.00
-45.00 -21.00
30.00 -52.90
-15.00 81.17
10.00 8.32
-41.89 -60.00
6.00 -33.38
25.55 -90.00
-27.00 163.01
0.00 -1.00
65.99 -180.00
-11.25 92.67
44.77 108.00
-30.00 -20.45
30.19 112.50
-22.50 129.51
-45.72 -132.00
18.00 -167.58
-30.00 -178.58
24.05 -90.00
-36.00 80.70
-54.00 70.01
30.00 49.50
16.74 -144.00
-9.00 144.15
6.00 -147.03
10.00 104.85
-28.34 -180.00
0.00 102.84
6.00 88.32
42.14 160.00
50.00 -162.73
49.51 112.50
-34.92 -100.00
0.00 -78.72
-18.00 -34.71
-65.80 -60.00
-27.14 -180.00
0.00 116.03
10.00 -68.93
7.58 36.00
18.00 149.55
0.00 80.49
30.00 68.17
36.00 -170.78
10.00 19.75
-33.07 0.00
-36.00 20.85
-63.00 -168.08
-68.50 120.00
-30.00 73.22
0.00 75.11
0.00 36.84
-90.00 37.10
0.00 -79.52
30.27 -108.00
50.00 -56.94
-39.25 84.00
-60.00 -146.81
11.01 -20.00
34.23 -140.00
-30.00 -141.63
0.00 -74.67
40.00 -89.77
-40.02 140.00
-6.00 -2.64
27.00 -30.76
-36.00 -62.31
-70.00 -75.12
0.00 -78.74
30.00 125.25
0.00 -127.88
-42.00 -24.03
-27.00 0.41
-22.50 -155.73
15.64 -60.00
0.00 4.53
-18.00 151.63
-28.85 -180.00
20.00 -163.03
0.00 -107.73
30.00 -130.10
9.00 -74.41
18.00 -107.30
0.00 19.65
54.00 92.76
-15.00 -145.34
-18.00 -126.54
-10.00 -157.00
6.40 60.00
0.00 -77.48
-11.25 -41.38
19.78 -180.00
0.00 29.42
-9.00 -71.67
-46.46 108.00
-22.50 87.66
-60.00 21.57
30.00 55.27
33.23 -180.00
-80.95 -67.50
-6.00 -2.68
11.25 12.33
-70.00 169.98
42.00 -57.45
0.00 174.46
-45.00 -110.22
42.00 -177.62
0.00 30.12
30.00 78.48
54.00 -175.47
-30.00 141.37
-45.00 -155.60
18.00 -23.92
30.00 48.50
0.00 103.31
-15.21 20.00
-60.00 4.27
11.25 21.38
10.00 -93.12
-6.00 -145.10
54.00 173.73
-22.50 -173.06
-40.00 -111.46
-9.00 -157.24
35.40 -180.00
-17.07 60.00
-47.18 -40.00
-10.00 20.77
0.00 -98.14
-24.62 -135.00
6.00 -36.05
-33.30 -112.50
-75.00 -166.10
30.00 -54.90
-20.33 -126.00
-18.00 105.40
-36.00 18.45
30.00 -142.17
-18.00 84.29
21.43 140.00
-41.92 60.00
24.46 -60.00
0.00 44.86
58.14 -180.00
-10.00 45.78
20.00 46.24
0.00 117.16
-22.50 114.20
77.05 108.00
54.00 -143.25
0.00 -131.60
-6.00 127.85
-11.25 57.86
-36.00 29.40
30.00 -110.89
57.14 -90.00
45.00 -75.10
36.00 161.47
30.00 -142.43
6.00 -127.52
18.00 -176.26
-10.00 -145.26
-30.09 60.00
-30.00 49.53
0.00 -3.03
0.00 -21.89
30.00 -95.44
-18.14 -120.00
-51.73 -90.00
53.97 -140.00
-20.00 -15.06
-25.87 144.00
20.00 29.49
50.00 24.79
-29.68 -20.00
0.00 -7.92
-10.00 -66.03
-30.00 -143.57
-72.83 120.00
-44.54 90.00
0.00 -29.73
10.48 -180.00
-6.00 37.72
-30.00 142.09
-8.69 -150.00
-26.28 -36.00
-78.35 -60.00
45.00 -71.53
78.36 72.00
36.94 132.00
53.78 90.00
56.25 -79.02
48.39 -60.00
30.00 -78.67
18.00 -168.62
0.00 -53.66
-66.53 -180.00
0.00 -3.74
36.00 -161.00
30.00 155.21
-59.38 0.00
26.41 12.00
18.00 164.79
-22.50 2.03
-36.65 72.00
22.50 -68.90
-30.00 43.81
-54.00 -63.98
0.00 -167.01
18.00 67.37
11.89 -150.00
10.00 82.17
-33.75 114.69
33.75 66.41
0.00 -46.08
-60.00 64.51
0.00 122.27
22.50 97.20
-54.00 -104.94
20.00 67.37
-11.25 -72.07
30.00 -145.21
-30.00 -166.59
-45.00 -110.44
10.00 -168.93
-20.00 70.47
-18.00 -51.55
-66.00 -63.15
-6.86 -80.00
30.00 -169.19
-89.01 -60.00
18.00 -150.99
-38.80 -18.00
-36.31 90.00
30.00 13.58
-42.00 144.37
50.00 56.04
6.55 36.00
30.92 -22.50
0.00 50.12
0.00 176.92
0.00 35.67
-18.00 67.61
2.33 -108.00
-45.49 108.00
17.26 -144.00
-30.00 52.60
18.00 -77.70
20.00 -136.67
0.00 102.79
49.66 120.00
-40.87 157.50
88.82 80.00
-15.47 36.00
30.00 62.68
0.00 -82.18
-90.00 151.38
-78.75 0.38
-45.00 -85.45
0.00 -114.42
-18.00 65.01
27.00 -26.05
30.00 -117.70
27.97 144.00
9.00 54.00
18.00 7.58
-40.46 -84.00
54.00 141.30
-45.00 -14.52
-18.00 125.60
54.00 76.32
15.59 -180.00
-87.62 -90.00
11.35 -72.00
45.66 -90.00
14.38 -135.00
0.00 -132.09
18.39 140.00
-23.97 0.00
-30.00 139.54
-20.18 -60.00
-54.00 -171.86
27.97 -30.00
-54.00 -169.89
45.00 -129.72
45.85 -36.00
-54.00 166.53
9.00 -8.60
30.00 -178.59
0.00 -38.66
16.45 -60.00
0.00 11.48
-48.08 -180.00
-47.09 -180.00
-30.01 0.00
32.45 -162.00
-30.00 -45.19
0.00 -126.79
-90.00 -140.79
89.82 -180.00
-65.07 45.00
-27.00 -59.42
-10.00 -43.48
10.00 27.06
0.00 32.81
-15.00 -2.61
-14.46 -20.00
-11.25 46.19
-43.51 -180.00
-10.00 -22.12
-46.62 -60.00
-6.00 -148.51
0.00 -133.45
40.00 -141.44
15.00 -87.52
-45.00 100.37
-90.00 -169.36
-60.00 -1.31
-40.00 -60.39
-30.00 -38.36
24.23 0.00
43.91 0.00
11.25 -52.96
40.75 60.00
-54.00 132.09
14.76 -108.00
-61.73 36.00
22.57 -60.00
-54.00 -6.31
-64.16 -120.00
-30.00 -119.72
-18.00 -177.25
-12.18 144.00
9.13 -180.00
-18.00 116.78
11.25 -134.37
0.00 -65.41
39.48 60.00
47.63 -60.00
-41.26 60.00
-33.75 27.87
0.00 -66.13
-70.83 -84.00
0.00 53.92
54.00 55.19
0.00 -49.96
-74.45 100.00
22.50 151.16
-25.91 -180.00
-18.00 117.03
-10.25 -180.00
-46.03 -120.00
-11.42 -72.00
-52.09 0.00
36.53 22.50
-60.00 76.79
-60.23 -180.00
-18.20 -180.00
-21.67 22.50
-18.40 90.00
22.50 -170.12
-62.16 90.00
-10.00 -60.42
30.00 -68.74
44.46 108.00
6.00 86.75
30.00 102.78
26.67 45.00
0.00 -129.16
-30.00 85.66
42.00 64.55
-54.00 50.24
9.00 64.40
-53.17 -100.00
25.65 -180.00
28.03 156.00
-54.00 -101.63
6.42 -60.00
45.05 72.00
25.82 -90.00
30.00 117.49
45.00 -37.77
-18.00 49.85
-6.00 175.11
0.00 13.51
87.37 12.00
9.00 -42.92
-42.18 60.00
-90.00 137.57
-30.23 -180.00
0.00 -130.62
60.00 102.80
-33.75 168.31
15.00 11.14
10.00 98.06
-30.00 130.44
0.00 -151.89
0.00 138.80
-50.00 -30.76
-56.25 92.67
-15.00 -51.76
17.69 -180.00
-18.00 -114.22
6.00 -36.35
36.00 129.77
41.36 -84.00
-30.06 36.00
-18.00 -138.69
-50.03 -156.00
-16.20 144.00
39.62 -40.00
0.00 22.40
-22.50 -16.06
30.00 80.43
56.25 -43.19
-30.00 67.15
27.00 -161.74
30.00 -72.71
40.00 103.17
45.00 133.06
21.39 0.00
0.00 -11.40
-22.50 -20.22
-72.00 -145.03
45.00 -115.94
0.00 161.85
-30.00 -139.59
-50.00 170.40
-36.00 88.39
-54.00 43.10
0.00 25.36
22.50 179.56
-66.87 -160.00
-27.00 -149.65
-30.00 -81.09
10.00 50.07
30.00 -139.79
-6.78 -36.00
66.62 20.00
10.00 88.28
45.00 -47.77
27.61 -84.00
-15.18 20.00
-28.26 20.00
-56.25 -136.37
-6.00 -97.70
36.00 174.75
-20.00 75.62
52.99 -60.00
36.00 -81.66
36.69 -60.00
18.00 -77.95
30.80 54.00
-31.41 -156.00
-22.50 -96.59
56.25 -120.26
24.61 150.00
36.00 -159.09
-27.00 -33.76
-24.98 -140.00
73.46 -180.00
22.50 27.12
16.19 36.00
18.00 19.76
-61.78 157.50
-18.00 32.86
27.62 140.00
-14.39 40.00
-10.00 87.98
0.00 -130.13
30.00 -47.73
12.60 -60.00
-90.00 -129.55
-18.00 34.23
-36.68 -180.00
35.32 -36.00
45.00 -89.93
54.38 -45.00
-6.00 137.25
-22.50 -159.43
18.00 111.47
0.00 -38.49
30.00 173.35
10.00 -167.35
0.00 -98.38
-26.52 -90.00
34.32 -180.00
0.00 -10.28
19.36 -100.00
-11.25 32.82
10.00 163.91
-16.60 -72.00
-54.00 139.52
79.13 -100.00
-16.77 -60.00
51.28 -180.00
-20.00 -130.74
-44.32 -120.00
-39.01 150.00
-70.00 -173.75
35.15 40.00
-18.00 -107.55
0.52 -135.00
0.00 -98.66
11.25 98.24
30.85 -72.00
40.00 8.03
0.00 -65.07
11.25 148.82
20.00 -7.75
-15.00 -171.26
-72.00 -87.51
-40.00 87.92
-30.00 -65.92
0.00 138.69
-45.00 63.80
47.84 -180.00
-14.92 90.00
24.72 36.00
-56.25 -66.41
24.28 -60.00
-0.27 -180.00
30.00 129.40
6.00 -176.79
11.25 166.30
-44.96 -126.00
-31.58 -60.00
-9.00 -158.25
30.00 -162.44
-0.26 -60.00
-45.00 -42.93
-67.03 120.00
25.61 90.00
-9.00 -95.82
36.00 -90.53
39.02 144.00
-18.00 14.75
-30.00 159.29
30.00 -117.96
9.00 23.02
-45.00 -60.63
18.00 127.09
-10.00 48.45
37.21 54.00
-22.50 41.69
-24.15 -108.00
-52.06 -180.00
-45.00 -132.56
-44.60 -132.00
-18.00 -128.93
-33.75 -104.25
10.00 -164.28
-90.00 27.48
-11.25 132.89
55.16 -180.00
-30.00 -12.37
6.00 -40.55
12.89 -60.00
22.14 140.00
-23.17 -180.00
-63.58 80.00
28.46 0.00
20.85 67.50
-72.87 18.00
0.00 -123.74
0.00 159.28
0.00 149.92
18.00 -103.03
-34.08 -157.50
0.00 59.93
28.54 60.00
-21.70 0.00
-30.00 -54.05
21.73 -120.00
-40.00 -33.90
22.50 -103.24
-0.59 -60.00
-18.00 -15.23
30.00 -96.82
-60.00 156.17
0.00 -4.91
10.00 -136.16
0.00 115.25
-50.00 -89.57
30.00 34.23
36.00 -82.88
28.79 -18.00
-10.00 -169.01
0.00 46.59
-9.00 -144.53
36.00 29.86
-30.00 -90.47
-23.01 112.50
-18.00 -132.81
-58.66 -126.00
-36.74 -180.00
-45.00 152.82
-30.00 3.20
11.25 15.12
20.36 -72.00
-30.00 167.83
-39.77 -60.00
20.40 -140.00
33.75 -105.27
-30.00 -34.21
-90.00 35.77
18.00 156.90
-8.22 60.00
0.00 -1.34
41.33 -120.00
-30.00 139.15
-15.93 54.00
-30.70 60.00
-50.00 63.53
0.00 -98.20
22.50 42.04
-80.93 -126.00
-50.00 -143.82
0.00 -35.82
30.00 -115.71
-11.25 -161.53
45.00 115.61
-53.30 -180.00
-10.00 -94.08
-12.16 -144.00
0.00 -118.68
-51.73 0.00
-6.00 -74.01
60.21 140.00
65.89 132.00
0.00 -149.06
0.00 -111.87
0.00 -63.19
71.56 36.00
-50.44 -180.00
0.00 -27.37
-22.50 161.58
-8.22 60.00
35.73 -72.00
20.00 -120.12
9.00 -162.64
36.00 109.99
18.00 12.77
25.00 -140.00
39.85 -67.50
-45.00 -36.37
-50.42 -140.00
24.69 -36.00
-86.69 -180.00
11.19 -120.00
-6.00 115.61
30.00 151.55
-30.00 156.70
0.00 -32.89
27.22 -54.00
-54.00 114.12
18.00 -23.24
26.67 108.00
-36.00 -35.66
10.00 46.98
6.00 129.85
-10.00 -117.25
22.50 -31.18
0.00 159.09
48.44 112.50
0.00 85.22
-6.00 83.33
-22.50 171.57
-20.67 144.00
15.00 -156.24
27.00 102.87
5.55 -180.00
32.93 -90.00
11.25 127.94
0.00 -128.30
0.00 29.81
-16.10 -180.00
-15.90 -54.00
-34.07 -180.00
-11.25 -37.88
18.00 -174.88
45.00 -87.58
25.39 -60.00
-54.00 33.44
-10.00 -155.39
18.00 65.27
0.00 -95.14
0.00 54.02
-30.00 -80.52
-30.72 40.00
-10.00 -62.23
-45.00 -57.79
72.43 -180.00
-78.52 -120.00
50.00 168.32
6.00 135.42
-15.00 84.50
68.95 0.00
35.53 -180.00
54.00 43.53
12.64 -20.00
-39.86 -30.00
7.69 -36.00
-6.00 107.22
-6.00 -91.30
34.27 -60.00
34.15 -60.00
0.00 -91.67
0.00 162.75
26.65 90.00
47.95 0.00
-33.75 -26.97
22.50 -171.72
0.00 104.65
-24.91 135.00
6.00 99.84
-60.00 -8.49
-10.00 -79.30
0.00 -157.82
18.00 24.48
0.00 95.67
16.97 -54.00
50.00 -21.62
0.00 -176.35
-22.50 64.37
0.00 -178.12
57.41 135.00
-30.00 -96.69
-62.04 -60.00
-42.00 -168.64
-30.00 146.85
27.99 -60.00
-33.42 -18.00
-40.48 -36.00
-6.00 119.10
18.00 -21.47
-9.00 -171.43
0.00 -123.08
36.00 116.90
30.00 103.45
-20.00 116.86
30.00 177.09
6.00 -161.51
22.50 -50.24
-18.00 -100.00
-18.00 -159.71
20.30 45.00
-15.00 116.87
0.00 -99.80
-22.50 -109.55
36.00 -112.12
10.00 171.30
21.26 30.00
-11.25 91.84
52.92 135.00
-67.50 -123.91
-53.99 -22.50
45.00 -53.36
29.90 36.00
0.00 -147.83
-90.00 172.64
42.16 108.00
0.00 -103.72
-15.00 -137.18
10.00 55.10
10.00 -123.40
0.00 32.23
30.25 -60.00
-6.00 160.03
-30.00 -169.75
18.00 -96.59
9.00 14.43
-10.00 31.44
45.00 160.91
-75.00 76.67
16.94 156.00
-21.55 -135.00
48.26 -108.00
9.00 -53.44
59.40 90.00
-17.54 -156.00
54.00 -72.86
-15.00 104.72
-16.33 36.00
-50.76 140.00
-20.00 109.18
54.30 -150.00
-36.00 -111.26
52.98 90.00
0.00 -55.25
-30.89 60.00
50.00 66.55
-18.00 129.94
-45.00 77.52
-45.00 -165.33
0.00 -15.04
10.00 -27.19
-44.72 90.00
-52.20 -45.00
31.22 -60.00
30.00 -53.34
18.00 71.47
-30.00 -168.65
43.78 -90.00
0.00 -104.22
-30.91 -180.00
42.00 164.31
26.76 160.00
27.00 -37.17
-10.00 -43.83
30.00 35.49
25.45 -30.00
-40.00 11.36
45.00 55.86
16.29 -180.00
-52.66 -36.00
-33.75 -122.49
26.74 -180.00
57.28 -180.00
0.00 -139.75
51.32 0.00
-40.00 -100.99
0.00 -53.25
29.56 -150.00
0.00 -151.17
0.00 -64.88
-32.31 -90.00
-61.08 40.00
30.00 -129.13
-44.44 135.00
60.40 -180.00
-45.00 47.35
10.00 -106.74
-30.00 -57.83
69.44 -180.00
-10.00 76.02
46.50 -162.00
0.00 52.59
-18.84 45.00
6.00 -165.87
-49.32 40.00
-45.00 -126.27
29.88 60.00
-54.00 -42.83
-30.00 -61.36
-49.73 0.00
9.00 -110.19
-45.00 109.13
-18.00 -76.16
18.00 -9.96
-29.85 -144.00
15.00 -132.88
53.62 -120.00
0.00 -42.09
-30.00 141.05
10.00 -137.87
45.00 -161.32
-28.68 -67.50
-15.00 -62.74
-60.69 -36.00
59.00 100.00
-19.07 -100.00
45.00 -121.25
70.00 -176.55
0.00 94.18
-45.69 162.00
-9.00 -78.42
54.00 16.23
-31.17 -162.00
45.00 -49.49
88.80 -54.00
-40.00 62.60
1.49 -180.00
25.00 0.00
37.36 -84.00
0.00 2.70
-90.00 1.23
26.54 0.00
-27.60 60.00
30.00 121.72
-18.00 -117.60
10.00 -46.96
56.67 -150.00
19.09 -60.00
