999982506
1
1000000000
16580816
517583378
852588772
507117488
749171062
419934391
986618943
7
769400180
541293484
49652004
361852205
166393580
728426647
182401437
448430776
435456343
540199428
546856066
613152965
240031572
17262050
761647593
767503135
755835125
99990803
617801161
17944827
612522108
11963844
481100516
481619275
529547222
186205639
841253114
131234635
606140029
827872057
752290526
228056561
221681892
801942529
589908765
3880
382885527
772310201
83650
818341869
165025980
235878664
431494833
405057552
253140713
45658777
25077038
8975837
145649579
495394550
879437016
101
507358394
213053883
92307313
889421967
399259521
786076778
20656601
857915902
466465186
625463478
85972462
688147078
427406006
675881226
76222548
810291532
300707778
912728794
481149752
465733757
2
912644585
870791308
254264521
810819713
748384697
115756710
956469292
243779247
995193725
419673681
45
60763959
364497345
493075958
460023479
150574123
366248910
170455732
617039308
