45440575443911
83666626122217
37173944584387
92943367757890
7726459268547
68906794025172
57444502742918
66764564427269
4201380925382
79840068527794
75189967342913
38351042847603
23605610161849
55486146013875
57497848233833
66303945134106
85911207382125
87030396446255
34326733552918
1738064360898
31419028670366
62137099181433
87678388167041
76010634114103
16508232903228
59004544855277
69554841863424
63370490417161
28173048423536
45189969995433
77518852058273
60839915059412
42020778769790
36597403315351
75177933174425
92329533627197
34806295963346
82106359481432
61829910261530
63366101391335
69996248268625
22016926348361
34023727079508
27821192843046
66251001699420
96015303853337
7026380732179
58037358317431
85310709014410
35361926101100
85436238758026
38634348554598
69131087324342
29501838874387
97035217716419
23019957796839
19322763768055
22265201692856
93573598198618
511583226
99879543533391
70712157783663
37698049844746
44925796361073
95198886494363
13601470177300
36195871494935
60004707569939
85525122695706
84541539643260
72714351283607
54781544354094
9871118826040
46043568946245
95632878406422
77785644876731
7703500850110
4468581647414
63104370180100
29670024695120
43153353235688
64868678004529
19851102509752
89330453932852
36521720959558
96907669543514
75779047521086
28824958426520
62210377797994
36305704891874
62534534668674
59248800850645
34892490153439
92780267847658
29199408650761
75159758822744
15053100995417
47256955648098
48519748521007
18014973910699
5562701662998
13736823833909
48610307652780
64545651052778
89175302247251
75089645489162
29369642213754
75253262256920
53441094706436
30883594144560
81549951848552
38938444755908
93425238313455
78742832504316
47246338650533
74443407495594
36360153784830
39581977781871
80123095062610
29267292590681
18659882033297
87640779053266
39380268541703
72381877344769
1730815070132
14173545942254
15916874762277
77600252011377
98320260079136
25789475209499
79581824248162
20305742829065
34585497802707
34204719790917
32308353817402
52290443033590
69091732070492
51996348106597
4954435102165
21154864056542
42084701753461
12387308602990
14693925837318
45721387338927
44240855237998
40411449979022
30343851806390
55182775625015
64808268669017
11415216922781
35545575862364
49643203051468
18129974947414
77616762781752
99102092110228
49786383598492
63334013434034
37980882880923
30946983418980
79661946240443
35432615097606
59561227761782
6692863249027
15106006626131
13338892736211
18904191223255
6271532984711
58126132182705
62467089387282
14644753231574
15604122368049
45123149344481
5000049163148
21534633986173
61071138722037
3103565617850
1930691105634
84118627380594
37356812786799
12444730212152
84417393359261
26407795443815
90076079026837
87944675953748
61090440593538
62529685174371
54393367487914
10498852587089
22982468725817
61436468782316
5917814388135
24171759556787
29177498307129
14733458125096
94580593619770
55837881506071
87576978748028
53436910306527
32483015499793
35364805758247
61472127099509
5227416263373
72728392274087
91398090734791
71305223118881
45941836987730
84298144107736
59192274676656
96782040686223
64641935464429
42848548573144
11502697610016
20106690549701
90019160533610
19532409435723
24258265094744
49084675915339
3369293378936
52014025348012
38918195866164
34841057150715
48204340954768
10103855138499
70600895624128
9940451216441
68876100706782
77912554016469
10046833749409
19668460939517
46383677690311
39802426150129
41367684884077
39061181466165
94547881204664
64594948861763
81312795830295
76350168550745
58435775211992
17098690806225
11668522137301
50320894800532
35090038677087
25462072711655
52933519726275
30391467975224
68190647422690
73372383052346
43751118722360
52871649476963
42524387963414
81246777851777
9778018761560
2155704041374
8458330000132
50631062028810
69967467874404
21093013628764
62273041693281
18516262831376
69562112922227
12483436666996
24175187105378
15225986278961
19725648650536
5572530005175
38827863271806
83654667760057
68954834258664
25224417542356
73664392866856
40309988124908
14614387640028
2362979951373
22501390554345
75571464541711
59017368992236
56235427138711
28288580881331
96712642863766
2316983168670
95101825338783
6565333143213
34417238177297
67015618833217
22263588049514
51275074832638
99725451407417
74388477576300
38734389301716
61675934317744
37645695242412
44205814052002
19948361486449
95315134260322
92458098333636
4123467092682
80256251020232
46822422325604
61905600976211
32859813630661
41339531952826
37294003399101
60607308861703
59546039839250
67089603973825
34943595712341
83570813347996
23320028706407
86230258908236
64971094790867
33470627357613
23179805252993
11508651822494
6382417092652
12096907471173
82983477888416
98842721658151
26634838854733
66893421538788
24916888068482
38047833336479
311832526561
57737242219561
13648931966125
93247553633520
56076421852653
96093041317700
90646370973063
28342278020642
86611838224826
66327494591057
22366879256277
26380609902081
43240809124649
1523225152034
81287467577709
67110377893813
70490863407560
87991014003163
65721150207178
10419558292319
60269799026785
55498960446025
2656100137300
5534922412591
19446530772726
72765525344877
21488863959940
61903488197558
82809445241546
14595751611092
54024973451309
90844771546862
90640057049830
57885862844157
12153047285055
23729936126247
82792510110185
83575507335609
83560215229750
34704007031066
5121500723677
84294168075617
49995551964075
5112870622216
30780867075059
66879229981945
28524478945286
8824226354449
99161045042365
48597684363568
22977923078783
60482280171371
55826278941870
37618109979047
39666625835788
25569422131563
22227043034260
80911424010564
15311159290246
13552033448396
40502536952146
59038610513867
28991244611795
76315025135940
79154994752615
96511081752466
40567390341819
87621029940389
41344582118112
74457165364817
66156398522700
11660810942149
39099919457292
51551664649488
82951356745810
20821276807963
34968221444368
21319909786985
81926486730002
53988783154000
8661770170970
19477902778813
77590546426523
55961773385752
3560444426759
26505343065328
78228344549014
76384237952864
89089292678807
16948926146252
66173303452001
40046625909869
51540774891126
45854852351392
29019476794175
70485392140600
72451932655140
26565281924739
76279118844786
78658495388449
87427703384041
95736592437326
89535991735099
49041516470695
83507708761542
41450333211569
32306861628816
96227119987843
99719221354655
65249559044043
23876741412190
37551751120583
90289091143443
78553681954345
32397303488120
68359197975869
42372193804232
2083566663619
1408982694233
26808042765264
4754865586244
51907180724457
16673651829393
34187338895352
78334860246666
64531683856106
169879652158
50338680363654
68155092984715
12672602635663
65358211094446
34867232575706
11075694888976
95318612484424
83866247321219
11930016445226
50777102772539
47626493952808
48937729795411
51597413298395
62655407380186
78048450535556
59434291987192
80134201660545
52047671449625
14915947988402
4850907250592
39884413001699
34402171382984
63660496711171
78210949562203
74398843852652
62989874029720
31607822027201
8944842284254
39775220023710
70762830445282
87001928563535
65950182104274
1754089251410
61867539646671
4015537000456
79187263387039
82276402699073
33299479650304
8610097957674
87940398073233
2966683262076
11217207498239
79119297899331
21941023226194
5078799583735
36998535438021
5152356747832
9212022056475
16981983966223
47890135500665
15940126960327
607825366391
88354665801827
2467953891294
20247794547680
37897127596803
59133833939608
57411776466244
97430436555133
74294712476357
86285322879436
90874131283398
42736798194077
6165842911817
8991736255126
27791078362549
63969761338530
35248797235666
2969177604340
14358628663263
34624238649381
29766079189355
75710830209592
62699558036107
992293592659
87761624089667
9170175145244
5255807982397
75437516855978
62846127906914
13490586326620
65771741803574
26243358786537
66809683343013
63273795762742
48831079352036
95217036946398
2576880952352
9126582064983
35299565131133
2510153602482
8306427697327
46072020869050
91120388217615
72872344917014
90489178270074
29454016515842
80489263584681
33239800647836
62833974611680
1599617019667
79827462838499
8201479984964
9247742753
33531882594015
9118971695426
77680804154466
55871350735163
72148794113553
31869668438102
67600802035261
72747367324371
53772924964667
93036723428388
97662569398863
35824889306111
74084651166879
42484205516945
74109295509102
88732052443602
71069498858783
68118133435985
94382697895961
1090202917173
32709691750231
65199005279830
14752302884585
74058837517908
46991385955870
3877457870910
65153740966792
66834310448202
97830586511946
94804457371575
61039560248120
98595273203934
94785947474938
46458201367202
74427973467401
38414742811424
38488445831114
10942012255614
57462572861890
73529171241759
85200447992490
79468971838500
27138583310152
31202224656298
60813992187617
13541478779544
58897918987541
51306193707678
14111530049050
35651874465705
30108743648825
74057338545750
62870813334263
57520016816774
22843113839921
27826769466363
40327317801907
80784976738590
35038164064596
98444878717123
99529351591024
31128926209002
6807152694702
24599917088025
12393799127270
1831168273674
12740761755736
91843196864998
16032412592364
57677430062874
90775562359406
41576770320278
92400232029826
52819988144935
2314693649619
80621960503281
1887826113067
84933627171444
41302489671419
20082494837254
84444278978151
29382825308336
36853668774987
60806684587575
2145164442402
44578878860130
98110090286710
98599919333644
45001638197230
64280734801452
3387816696494
76232634825213
90142689679569
9938140745957
37499721282889
28915567772170
50702583849504
39628228543045
60213360123134
51947566770922
26708233027318
93888349123462
73432079297645
83798533162262
41472861911016
79910451717051
59672774606769
56941077165212
90183574608724
48351921911651
34004425099853
17450773029418
55470132638660
39515135689798
0
