276.420
30.154
18.477
56.097
49.885
170.955
132.554
403.935
311.892
692.815
207.800
195.793
180.467
130.021
141.421
200.087
362.805
367.136
340.366
98.884
1.331
100.926
351.954
231.098
121.721
653.993
29.112
267.316
236.955
117.104
273.681
502.402
603.953
545.311
677.298
188.947
51.358
255.093
243.594
640.796
67.024
560.333
368.082
49.879
46.413
289.897
44.688
378.307
253.798
167.935
31.601
78.662
367.955
167.373
647.591
73.984
274.570
75.451
152.419
55.077
474.000
27.693
318.567
76.552
202.341
105.182
214.060
11.279
145.833
885.784
57.400
112.318
412.067
659.825
909.103
597.980
299.289
765.665
401.838
79.714
431.312
181.302
58.733
214.063
665.899
17.601
774.763
596.131
176.037
663.788
232.740
48.017
36.885
140.987
278.740
87.384
30.114
271.956
322.194
226.797
