1
889 554 1 704 54
70656 36383 78065 43535 57997
27368 17355 64176 93026 89024
15066 80897 17868 89462 94292
12454 9770 89451 14007 93926
70200 94268 81457 50671 93240
49948 10559 11793 89300 11615
77198 59955 64349 55263 3489
22345 98982 37196 2872 92007
26219 17937 89255 44086 7399
83547 72891 33520 89349 86897
27445 59548 81165 25253 26571
90756 91552 53481 18900 80852
81447 96098 57158 45795 67712
76999 84492 66693 30546 87363
75052 73116 5300 64306 33553
29050 64204 6443 62569 69904
9691 6365 29452 90855 31617
72374 97962 23168 25854 33214
20371 23653 29311 77529 69447
13374 70879 53938 96418 17776
57653 71469 90891 79304 52127
40795 8353 16330 47237 87273
86234 56927 93637 32037 64134
25253 20762 78447 48420 62967
11660 68791 86619 57322 62671
72418 70695 49901 26355 67113
84028 84007 54933 74918 79662
7059 15712 88014 39741 79300
75286 42326 36226 68922 74362
16711 10526 11475 95158 75298
74441 6817 44088 61060 80491
23110 33477 51185 89362 76183
34649 73389 76542 89582 64658
56203 96640 96721 60569 36380
76020 35854 95057 28597 21128
85770 45308 48005 97244 56817
23302 71685 79985 67389 49096
60475 6850 98924 11660 12563
75106 62660 85951 67999 52241
66960 40554 48881 63680 1122
1612 39699 53327 96669 84648
90806 82438 46307 38811 96034
3123 62112 67718 99459 45853
33165 59934 69054 32088 87945
81617 23545 50604 83919 7896
2845 50879 48449 68077 30910
65922 86040 86961 19248 99060
71608 10054 81498 17914 65216
77531 37388 27327 61600 53198
73179 94764 29483 42233 43203
17427 40201 66747 84383 24119
74642 3579 91349 39442 88007
22259 5363 74046 9219 24611
73106 97178 51016 70955 31443
