1000
785.14 995.87 91.73
579.26 220.66 853.05
541.29 949.08 209.09
489.03 960.96 596.88
901.13 751.88 925.41
455.01 91.00 701.62
783.95 304.11 950.87
834.75 695.70 884.15
87.97 83.76 613.40
431.26 84.70 430.83
642.83 461.70 924.48
284.73 591.04 636.03
664.19 885.98 425.57
495.72 623.34 270.36
890.25 786.85 895.16
671.63 907.40 129.93
607.95 307.03 93.33
470.29 474.04 497.34
384.21 395.24 643.80
124.04 187.41 255.84
322.19 295.82 66.52
524.65 476.27 128.21
786.62 965.44 840.21
657.68 872.19 652.80
362.53 525.92 458.57
657.79 969.40 301.07
127.51 636.21 850.38
724.18 87.48 939.49
737.92 966.20 999.97
267.60 771.50 255.81
930.46 51.99 9.89
446.69 968.02 205.46
255.48 992.66 254.24
228.44 759.80 612.19
578.40 393.33 209.11
631.49 105.44 630.36
190.59 132.89 458.34
406.36 309.99 722.52
444.27 825.01 783.93
185.67 167.46 250.62
857.20 170.64 723.57
652.36 962.97 651.87
405.63 978.88 409.66
404.96 985.74 714.21
424.71 333.69 238.51
943.00 195.42 442.67
58.74 597.88 88.17
561.97 996.51 982.96
388.38 593.35 374.42
549.45 492.67 752.60
820.19 590.27 263.04
144.13 989.08 711.76
336.59 640.72 309.92
95.96 483.33 458.11
858.18 371.38 141.93
617.11 907.56 952.94
322.86 514.66 787.15
612.49 841.50 55.73
772.22 779.29 341.72
806.92 900.65 28.76
882.61 893.10 954.51
343.10 67.54 976.61
575.70 124.33 283.23
849.44 124.75 512.01
366.62 19.48 54.98
604.91 333.64 1.33
651.45 233.51 380.14
271.50 918.01 400.45
783.17 181.59 370.35
885.73 126.12 504.72
459.43 147.96 254.65
952.84 220.89 817.53
362.45 712.12 63.60
39.49 749.22 291.28
64.62 991.79 741.94
172.24 811.39 677.85
86.32 867.53 429.23
898.49 827.55 519.03
156.88 538.68 603.58
220.11 722.17 679.61
201.65 106.37 358.63
611.20 242.09 131.12
713.63 723.36 606.34
866.31 914.00 128.12
454.68 342.85 34.17
165.40 733.68 371.29
932.96 913.08 797.58
196.16 677.23 677.07
136.40 233.02 614.18
810.14 930.82 831.63
800.93 710.74 97.14
629.22 749.45 977.63
991.38 146.35 494.26
5.89 114.33 397.00
248.45 880.38 898.30
598.18 554.95 498.03
287.21 705.93 741.64
61.52 782.04 25.24
688.57 442.36 163.46
552.61 93.88 520.77
322.37 662.36 369.61
486.68 374.13 263.33
585.78 794.88 318.14
818.38 920.18 363.54
919.24 834.80 486.84
256.73 167.69 523.76
34.83 804.52 412.27
654.49 47.30 232.08
651.91 947.44 232.05
473.00 566.05 283.34
187.99 533.80 548.09
850.70 85.71 87.34
606.12 570.09 619.10
226.85 738.28 242.42
358.11 239.34 449.60
930.63 179.45 103.06
488.42 611.24 541.80
978.16 938.58 119.56
377.68 749.16 21.09
549.52 440.46 235.03
732.06 282.60 988.21
916.00 300.28 985.71
475.78 850.46 141.46
537.39 300.54 933.98
4.11 676.02 169.15
205.81 701.73 127.77
184.10 522.08 584.89
960.18 179.89 996.13
573.06 559.92 796.45
820.12 927.22 61.38
176.90 942.97 73.71
846.02 367.03 309.14
364.40 526.37 539.08
99.47 752.25 960.38
174.48 36.20 342.78
899.98 173.00 783.44
520.48 671.29 826.91
936.88 924.31 787.19
507.30 704.26 219.13
899.33 704.31 670.19
333.56 813.41 865.15
614.09 855.89 357.07
499.86 154.30 141.67
418.43 121.06 697.27
952.33 360.28 310.73
379.97 335.92 54.21
999.39 899.34 385.86
530.74 432.13 283.26
602.11 439.63 27.10
59.94 595.54 746.65
621.82 18.73 388.07
555.58 800.71 891.28
887.32 946.33 656.59
192.89 654.04 172.72
816.82 423.17 832.08
616.79 616.58 178.98
900.88 670.01 413.29
94.60 309.07 706.18
317.05 660.52 867.13
85.14 400.24 99.60
203.39 466.36 814.50
496.56 620.77 48.66
536.45 604.95 317.68
242.95 822.67 369.35
565.64 398.65 65.06
747.60 325.03 300.85
387.37 784.44 152.00
234.04 35.13 706.89
647.46 782.18 536.60
265.71 558.17 257.93
808.23 873.78 649.58
73.15 987.07 154.63
443.13 289.74 949.91
736.77 308.40 484.01
189.93 344.06 585.54
961.52 290.98 236.42
464.40 968.83 121.33
265.97 877.44 99.95
901.91 155.96 309.54
181.45 825.56 740.37
100.73 664.93 388.19
62.51 422.44 985.45
253.25 737.63 525.87
801.48 896.53 628.08
992.47 613.46 663.02
832.30 156.13 806.47
440.33 265.10 293.34
547.07 817.12 473.90
915.27 574.49 806.46
666.15 363.20 842.08
60.06 475.92 682.16
827.99 749.99 739.44
491.26 453.94 348.10
563.83 753.60 27.37
349.63 416.68 539.83
394.80 421.77 221.18
119.77 925.60 303.36
214.09 641.49 255.70
772.98 391.81 680.26
450.08 126.55 392.43
843.57 155.34 424.35
731.24 241.30 942.16
322.94 513.30 409.95
107.60 113.83 226.04
204.15 238.18 874.61
630.83 192.78 532.51
84.43 889.44 186.78
812.01 400.01 258.30
545.31 986.02 89.73
21.80 89.79 454.71
967.49 854.51 423.80
839.27 511.79 966.42
721.56 252.50 56.16
753.64 71.09 997.76
225.11 709.66 637.94
676.32 448.54 258.24
684.87 551.23 290.13
404.17 30.87 782.76
284.96 279.38 238.78
952.41 812.67 597.97
468.92 566.89 181.97
814.92 981.77 178.35
283.18 657.26 166.11
127.83 728.92 276.69
675.45 566.87 657.01
795.41 826.17 225.56
369.68 477.08 920.82
19.08 587.81 177.11
654.34 966.44 778.57
614.50 164.47 53.76
80.40 51.22 425.36
910.07 959.62 713.92
176.41 152.14 438.67
504.04 498.45 361.61
142.67 825.39 650.48
619.77 813.43 164.74
482.48 626.49 716.47
737.87 279.10 965.47
217.89 995.39 181.87
611.73 624.18 63.65
894.93 740.16 582.12
489.11 305.10 532.39
532.71 181.08 56.48
968.19 707.35 571.47
62.14 599.10 484.34
571.89 922.13 513.33
317.65 861.29 88.05
577.42 264.23 640.88
779.24 627.26 349.12
684.63 406.13 633.42
659.44 432.28 108.68
902.73 205.28 341.58
123.34 66.88 502.97
673.89 585.39 819.42
798.33 522.88 541.74
28.07 816.56 361.28
395.25 416.50 916.81
455.10 669.45 24.71
279.49 289.11 348.47
906.05 451.81 304.56
145.99 355.05 599.06
841.22 117.42 93.14
463.19 791.17 922.12
555.33 604.23 634.66
622.52 666.92 175.14
118.56 402.11 831.44
225.44 531.36 526.59
450.64 137.35 438.85
244.74 165.18 965.17
333.87 711.43 928.21
597.22 892.23 508.11
591.47 165.47 827.17
557.20 728.47 527.90
629.71 246.88 39.59
980.73 776.83 643.10
356.03 747.90 176.29
14.13 518.48 261.87
12.60 795.00 296.13
22.46 461.78 666.44
781.56 760.85 806.77
154.54 60.55 76.22
453.85 364.00 984.24
161.40 784.94 138.48
787.76 558.49 870.01
465.94 987.18 711.46
617.76 653.34 219.91
188.29 606.45 107.90
892.11 115.55 761.30
185.49 259.00 579.24
853.49 181.26 522.04
915.93 570.57 576.64
414.21 271.99 245.39
241.73 887.33 919.25
474.15 139.41 148.99
547.84 96.63 764.23
390.73 879.28 20.37
173.51 263.97 92.65
0.48 902.85 647.02
440.71 781.98 571.64
6.92 925.96 790.05
638.74 769.13 746.95
17.27 255.72 990.59
827.00 991.07 607.54
258.35 815.91 92.06
425.90 660.68 28.05
217.74 857.20 669.57
244.56 521.95 754.39
414.16 346.88 724.63
729.17 166.12 558.97
965.62 125.58 924.85
241.92 795.03 257.81
310.28 971.43 251.61
252.65 250.46 211.24
118.05 572.66 285.45
34.16 687.61 508.05
486.97 543.22 955.14
763.26 310.99 311.61
220.73 779.95 264.40
476.35 940.27 878.53
307.30 517.39 765.42
209.42 504.99 624.81
754.87 599.97 833.47
300.97 52.90 821.79
813.09 481.74 196.01
128.57 259.01 839.14
126.72 578.03 317.44
412.47 455.56 610.51
720.06 679.58 622.42
879.91 483.35 546.44
760.90 906.01 15.48
722.07 37.79 379.98
660.57 472.59 890.27
422.52 774.78 47.80
173.52 717.19 348.02
39.92 792.08 458.93
967.15 646.71 386.03
841.03 236.79 869.75
847.83 645.47 149.02
719.36 209.82 831.99
298.77 12.85 345.16
104.71 406.61 61.81
477.24 254.36 463.70
758.70 291.27 877.37
896.88 57.84 895.12
435.73 406.96 24.72
944.38 127.61 332.42
282.94 192.19 61.76
507.82 479.91 708.24
558.88 663.62 235.50
297.41 612.93 106.84
664.58 281.62 989.89
493.68 657.44 198.74
230.95 545.37 735.88
559.15 200.44 538.85
483.32 686.36 107.38
696.84 529.61 549.22
587.63 502.70 573.75
939.92 366.22 506.50
897.43 767.47 95.83
782.00 911.93 46.94
740.03 643.80 875.03
963.90 45.52 262.19
936.36 516.30 583.31
903.83 303.34 263.40
708.17 13.76 644.75
204.05 943.80 114.82
817.47 984.41 786.16
132.69 236.33 422.96
2.00 197.93 60.82
380.86 982.75 885.53
269.60 38.44 296.24
499.57 313.22 721.20
944.73 289.69 48.95
10.37 258.57 488.35
645.30 844.76 121.68
801.56 510.86 736.74
871.58 187.81 179.94
57.75 404.28 866.15
424.68 430.96 249.38
820.23 281.45 774.13
237.61 517.05 623.96
889.34 633.11 540.09
781.55 725.37 275.50
217.42 876.29 400.46
967.52 878.68 602.53
489.98 425.46 6.02
416.52 318.00 749.15
246.89 682.84 837.09
922.13 174.03 730.70
795.40 338.90 453.88
380.43 242.12 340.79
818.41 214.22 926.37
119.74 456.42 702.28
644.15 744.69 572.36
690.69 934.24 532.12
662.31 18.07 313.25
812.86 944.59 709.71
718.65 922.93 144.25
920.87 50.01 785.45
70.11 844.53 23.86
963.63 259.92 435.03
607.75 383.23 840.86
921.70 754.43 809.29
364.36 356.90 281.45
632.73 730.30 314.24
588.61 77.78 507.73
528.40 366.29 144.21
908.70 408.48 298.73
914.35 450.20 234.08
566.82 732.75 483.42
772.13 571.80 626.29
785.33 673.17 100.04
363.78 782.65 745.79
636.27 793.53 266.83
998.61 914.61 871.31
112.69 245.25 429.73
499.40 195.91 79.67
806.68 417.09 667.45
860.22 705.75 727.26
312.02 524.00 898.12
765.10 618.61 950.36
610.77 742.09 581.62
793.43 345.90 902.13
202.48 460.42 52.48
281.07 765.80 326.41
584.18 515.71 677.72
234.36 320.87 464.38
649.80 807.63 632.07
884.95 571.14 569.47
165.68 583.46 999.88
332.27 706.09 527.47
20.62 658.48 85.32
570.67 222.35 499.35
644.04 121.65 502.97
142.66 916.01 828.55
274.52 660.00 932.08
647.69 43.66 275.14
844.77 341.63 411.18
809.39 47.55 506.89
685.36 223.72 153.32
919.97 153.13 325.75
480.46 436.19 774.66
570.00 613.58 59.06
964.02 516.96 880.20
660.01 987.49 183.35
875.34 571.84 636.35
615.12 797.04 744.09
591.75 268.93 733.69
813.63 535.41 536.32
919.89 171.17 523.95
381.28 0.93 12.23
111.51 716.60 137.15
76.00 892.18 569.15
388.09 712.24 297.76
494.27 790.48 668.36
652.09 568.00 94.46
189.61 120.30 337.81
330.23 520.43 614.36
593.33 87.00 735.90
934.54 282.63 686.35
353.91 117.96 148.54
288.12 771.87 292.27
911.82 176.47 815.94
916.54 33.63 301.46
893.19 951.30 23.93
351.70 924.30 405.82
511.08 252.15 448.19
82.19 775.37 8.77
134.78 452.95 134.33
756.58 288.79 795.58
605.11 168.07 184.46
6.25 839.76 809.02
297.95 253.18 194.51
327.04 699.57 920.79
489.62 224.89 437.82
655.35 138.37 284.59
621.13 973.69 115.62
932.54 725.09 614.83
63.29 249.36 276.73
558.94 368.79 512.73
835.93 458.88 878.29
311.39 322.55 32.42
897.81 185.98 567.45
540.99 515.48 497.65
951.58 351.93 832.28
623.27 987.99 756.69
893.28 263.59 37.52
159.15 129.64 831.73
19.21 531.99 863.92
307.40 546.20 355.15
976.75 785.60 812.73
489.35 352.57 337.70
175.48 151.24 425.57
145.51 852.47 575.33
894.89 103.15 856.88
342.75 963.48 405.60
739.84 552.53 191.73
330.17 351.83 172.71
734.39 541.49 167.02
146.71 65.70 992.81
859.39 403.71 650.69
582.29 810.23 512.52
928.78 964.37 660.55
830.84 206.58 510.06
949.78 327.29 883.02
248.38 657.19 178.84
245.31 264.17 909.43
764.51 481.39 876.33
740.96 260.49 839.65
200.58 546.99 610.49
874.48 468.90 172.98
730.99 532.26 605.59
65.93 785.05 803.83
844.67 77.00 259.82
729.05 694.14 598.80
371.38 16.65 80.94
716.07 50.75 288.63
779.40 863.23 242.79
858.03 541.57 827.55
536.74 399.84 203.14
385.39 837.38 145.45
692.27 874.23 680.16
504.60 686.68 897.82
426.33 733.50 554.24
228.03 52.03 449.18
917.36 354.82 716.59
900.36 683.76 914.65
902.00 854.08 620.46
990.97 693.48 607.52
268.73 457.61 118.47
109.81 829.56 632.44
829.48 235.92 897.54
478.63 568.75 479.89
955.71 788.30 523.15
878.88 273.99 961.57
934.48 321.67 515.44
878.10 563.73 27.20
307.78 994.95 453.73
31.46 696.87 680.90
358.74 183.67 543.23
386.52 661.35 593.55
156.15 338.31 585.45
534.65 697.13 993.22
39.64 625.56 62.42
610.63 641.43 412.54
250.87 555.67 428.55
899.64 427.76 555.50
231.87 624.62 641.02
300.66 146.76 431.60
774.26 737.24 323.92
378.35 610.51 532.78
392.01 530.49 417.46
981.85 903.50 603.75
59.63 534.83 792.20
621.54 198.06 676.74
448.99 179.65 438.07
158.11 176.02 207.54
697.13 445.84 942.23
968.99 305.51 876.93
521.35 781.50 163.30
788.22 844.18 396.20
411.68 829.21 904.67
558.11 877.16 394.71
981.77 74.01 156.59
519.84 770.34 58.47
768.33 517.90 479.60
190.12 133.90 545.08
985.59 88.00 41.38
892.55 598.93 573.02
786.45 190.71 147.99
632.58 72.06 287.89
403.17 184.20 925.20
540.09 687.00 546.63
41.33 726.24 182.80
799.24 634.39 658.06
928.38 944.27 356.19
830.00 504.55 632.97
229.20 368.64 750.61
994.23 151.87 256.01
517.14 391.35 444.54
190.82 706.88 927.53
883.27 56.64 212.20
856.24 255.47 54.04
593.64 455.52 807.95
424.04 650.23 135.16
212.53 461.75 431.51
752.07 749.84 679.82
426.84 209.29 519.20
400.31 886.88 569.74
567.48 352.79 381.05
767.42 900.80 396.76
954.52 561.93 691.21
442.31 702.76 825.42
487.96 465.24 481.08
814.11 11.57 983.14
871.08 92.45 904.67
5.35 755.57 107.48
130.38 677.01 410.55
584.07 842.77 607.12
53.57 81.17 158.84
663.73 381.17 575.24
137.08 159.55 601.76
783.65 279.19 227.40
654.16 382.12 223.99
606.16 669.94 106.26
282.52 347.71 691.18
803.37 390.93 795.46
810.27 826.68 307.48
124.84 480.26 19.52
86.45 640.95 251.37
869.54 606.65 330.49
674.21 167.97 678.94
262.44 924.33 690.07
528.85 230.71 4.67
615.08 919.30 301.78
825.72 853.47 288.83
875.94 265.96 799.73
322.83 939.87 227.52
798.72 896.86 521.25
841.51 33.32 405.04
7.18 454.55 272.30
954.56 138.23 128.27
153.91 827.69 722.18
593.41 97.67 200.07
732.32 256.14 486.71
182.07 606.18 888.02
964.16 80.66 649.80
139.13 888.42 572.44
723.88 875.58 219.71
724.06 630.14 553.19
415.26 79.53 923.03
827.81 779.60 55.46
836.86 667.28 557.96
453.81 758.07 991.76
168.59 731.20 897.01
851.32 720.97 615.27
352.96 393.43 849.39
32.91 507.64 660.61
405.90 42.59 689.42
118.04 899.15 17.33
225.59 287.96 547.40
210.90 754.79 465.28
205.46 123.61 211.41
120.88 262.04 658.75
519.48 529.73 170.11
875.60 782.37 39.22
474.17 454.86 92.20
572.35 300.56 569.70
154.81 695.07 813.77
672.86 581.76 586.76
434.25 641.36 706.48
156.76 881.27 48.56
836.48 786.84 187.28
510.20 159.15 259.37
61.40 620.83 665.25
666.39 232.61 644.39
239.56 533.40 767.13
147.92 289.85 405.24
181.43 987.68 708.41
238.26 143.92 604.69
397.33 877.29 36.48
623.00 553.03 175.09
341.67 925.30 66.00
830.19 386.47 267.68
729.73 162.48 482.74
829.68 513.28 810.34
784.92 413.29 438.38
301.88 473.64 501.63
92.85 68.55 272.00
362.07 217.33 767.00
272.22 20.01 834.48
633.41 334.27 235.14
144.39 58.83 190.32
400.81 798.28 740.59
977.14 715.51 737.30
542.08 370.55 825.59
529.80 209.82 102.64
492.90 84.60 530.86
208.67 848.32 382.04
926.03 985.79 77.57
306.78 228.89 632.48
388.37 510.50 342.50
201.14 655.20 436.47
146.43 975.12 992.35
198.41 131.29 441.20
775.30 187.62 710.61
422.87 622.44 55.60
803.01 380.79 772.58
671.61 899.12 800.02
675.41 886.44 866.00
849.28 829.36 766.76
39.58 845.62 919.98
492.66 648.02 19.73
147.47 279.50 236.05
698.41 236.85 536.16
856.68 579.06 413.43
71.51 82.75 342.78
382.84 198.66 104.64
382.82 636.90 546.68
731.86 884.18 424.44
519.61 160.25 677.85
793.42 396.13 808.80
292.37 544.60 390.18
991.67 958.96 425.25
187.09 322.86 29.77
766.76 356.15 411.31
159.42 241.64 998.97
463.98 755.27 939.17
269.89 820.35 580.55
50.76 259.50 264.97
183.16 639.27 219.90
370.78 360.90 529.49
572.24 766.82 228.22
827.85 374.03 982.20
875.29 778.80 666.55
763.19 457.38 606.94
575.42 276.58 31.02
892.10 763.21 70.82
873.27 294.02 246.62
211.79 46.29 133.12
723.31 582.85 736.19
175.88 395.43 930.78
170.89 808.01 681.90
354.77 730.63 562.52
251.80 560.73 403.54
197.23 615.48 924.83
880.88 937.09 721.39
508.85 100.94 491.13
925.52 163.68 896.02
588.23 71.37 757.85
817.43 887.44 163.04
701.84 119.84 629.71
892.69 562.33 772.23
75.22 610.93 56.20
163.63 652.73 393.42
609.49 403.34 905.11
251.63 156.88 654.24
463.70 825.60 243.90
654.23 962.70 952.71
403.01 509.32 799.96
336.66 351.65 439.59
544.50 611.93 829.59
389.24 840.48 371.33
783.18 404.27 232.59
488.47 202.12 653.06
570.50 592.90 883.83
551.71 880.20 635.43
542.16 683.63 827.73
872.92 470.00 943.47
877.05 382.29 642.04
9.98 714.57 633.47
238.73 875.23 799.71
888.34 653.91 399.37
915.66 158.91 50.87
391.75 228.71 918.44
169.67 356.60 306.89
833.71 379.11 644.05
30.65 194.74 379.31
888.42 987.96 184.51
402.11 39.29 529.60
195.47 387.74 590.28
253.91 75.03 544.65
382.79 500.81 174.26
593.18 471.77 873.39
385.69 301.22 108.23
267.75 18.69 799.16
25.47 863.92 275.18
253.23 745.30 689.04
728.73 454.17 493.22
754.99 440.17 158.28
807.54 198.21 343.16
664.89 947.64 59.60
687.79 153.39 306.28
379.80 893.43 745.14
263.95 485.04 126.35
500.25 730.55 287.25
448.56 1.58 138.36
687.42 135.06 204.32
770.21 470.30 5.56
57.48 807.34 977.31
139.67 764.16 624.62
301.13 641.92 63.46
769.64 599.63 206.23
994.53 685.58 997.15
148.23 848.85 348.85
540.04 11.49 519.84
412.68 876.92 575.44
201.90 389.90 705.79
483.94 514.20 931.52
542.50 282.62 392.95
416.04 977.97 1.86
185.03 596.97 620.21
233.53 645.17 216.00
441.54 536.88 135.52
834.89 444.85 142.11
340.49 209.50 200.11
953.91 322.04 439.90
558.16 335.16 706.90
930.91 607.93 994.55
237.30 222.65 19.98
781.08 645.19 930.17
263.11 702.18 29.49
402.39 443.99 944.61
705.56 241.47 17.43
725.50 990.52 265.68
997.48 657.83 563.19
824.41 135.19 255.72
538.77 390.89 672.38
969.85 336.72 488.72
647.67 293.31 124.00
270.59 162.65 697.82
180.49 838.79 101.01
288.86 698.23 269.08
496.25 67.97 686.71
921.81 978.54 804.95
931.47 684.20 254.31
640.90 806.71 350.96
526.57 692.53 519.88
670.07 392.67 40.68
281.75 303.36 437.68
255.26 796.74 39.31
635.99 131.89 649.55
550.45 731.12 28.68
945.73 624.12 598.50
170.51 319.65 582.25
794.17 829.94 739.25
335.58 974.83 232.67
439.75 289.20 684.06
357.78 268.53 915.31
176.88 499.77 178.53
219.65 321.74 429.98
804.00 583.88 694.69
344.96 842.59 935.99
6.39 180.55 234.17
358.12 571.90 53.82
0.76 170.07 672.84
300.50 52.99 493.50
994.31 494.31 221.86
620.56 852.39 734.53
647.17 380.54 651.55
549.96 522.14 459.51
523.96 298.95 675.89
575.74 23.40 758.36
667.87 464.96 214.10
788.70 449.16 88.75
544.86 939.43 170.09
933.05 637.02 667.34
758.89 643.00 516.29
238.41 437.94 341.74
40.46 572.62 49.58
645.52 971.15 251.11
26.77 74.20 63.11
543.77 575.35 184.40
242.79 3.44 966.50
453.27 214.31 536.98
650.66 624.64 738.41
166.48 449.75 333.87
964.49 628.99 919.28
697.45 124.68 496.33
100.04 857.17 574.44
404.62 547.79 767.43
770.73 324.60 621.46
180.76 117.40 283.00
22.56 619.87 116.38
653.25 587.24 12.86
947.67 237.69 882.03
520.24 914.22 296.41
971.06 315.91 272.98
317.37 965.25 28.89
563.88 954.24 228.39
256.03 505.67 692.38
303.86 34.96 685.46
303.14 938.42 407.77
697.95 334.33 663.45
458.34 638.85 572.32
273.29 869.21 677.25
980.97 760.19 10.45
57.35 596.59 950.03
625.77 538.41 930.34
291.81 140.50 372.86
115.74 643.08 55.28
805.17 167.69 388.75
776.70 64.17 405.86
15.52 577.57 454.40
269.64 460.87 11.35
934.22 732.32 280.44
860.89 904.06 483.98
844.37 674.41 481.49
80.16 339.75 707.12
338.97 57.68 157.08
529.69 536.84 651.22
774.13 32.44 294.54
291.06 536.70 30.11
363.59 639.21 384.71
811.29 956.46 500.79
676.46 209.35 598.64
871.82 627.73 153.68
818.64 840.35 450.47
349.87 136.32 630.99
236.94 158.83 277.11
491.88 428.41 566.78
902.36 241.31 947.59
391.53 856.68 942.20
914.48 166.69 944.78
314.10 526.08 884.36
289.22 351.80 133.25
457.43 195.10 878.57
708.61 969.51 239.97
806.44 972.31 769.24
77.64 756.11 616.98
818.08 150.04 966.16
634.88 639.94 50.52
828.19 776.58 316.40
33.91 575.35 437.48
805.31 374.77 827.82
971.85 441.59 967.10
205.03 661.54 161.09
542.37 831.09 29.56
372.83 381.11 108.78
970.98 499.43 420.61
955.88 765.37 953.27
494.01 686.43 116.05
393.01 848.56 412.80
820.60 716.18 213.68
228.36 733.82 122.01
865.99 6.97 117.47
807.34 544.79 420.05
129.64 844.96 480.64
255.82 705.35 921.31
641.92 184.22 454.47
472.20 45.85 342.77
181.09 504.65 966.82
869.33 925.38 464.28
971.27 803.82 914.83
611.67 20.50 601.58
113.78 400.92 433.60
500.61 621.06 98.81
228.54 934.33 559.22
983.70 211.48 262.22
443.75 415.70 961.86
359.42 302.60 248.30
113.71 569.68 438.36
259.26 179.37 795.50
111.01 137.37 13.60
857.31 684.85 598.84
938.56 259.70 538.91
287.83 66.35 814.02
554.62 366.99 606.69
803.59 642.40 124.18
638.86 511.76 401.73
168.73 537.31 888.01
106.30 236.77 717.14
351.45 76.65 757.86
485.15 199.05 892.16
32.27 964.92 226.20
860.35 689.52 549.73
57.34 121.08 401.40
925.94 340.16 170.59
327.90 761.58 184.73
172.95 488.57 981.48
260.65 848.96 551.40
471.70 921.96 764.75
792.41 291.15 608.44
216.06 843.40 342.72
170.08 297.57 523.22
832.77 338.50 102.80
67.10 898.51 978.31
435.18 848.88 455.56
480.02 378.00 278.59
731.33 578.28 122.31
278.12 877.76 330.88
850.89 428.54 430.76
744.86 315.32 486.91
840.84 158.07 152.25
778.20 377.75 622.99
641.46 796.01 261.88
155.25 94.96 647.39
488.10 828.57 448.81
922.43 309.12 770.42
234.64 737.96 29.15
441.67 102.11 16.94
482.20 431.23 225.44
660.69 345.81 649.65
985.67 80.61 813.32
591.15 403.70 18.51
914.66 875.90 598.04
424.18 581.20 333.17
361.30 280.14 388.71
750.20 982.46 583.93
270.23 695.25 904.59
39.29 379.52 221.40
350.96 418.47 539.73
278.63 29.69 586.44
21.68 981.69 7.06
258.25 946.06 449.54
290.89 610.82 997.45
822.05 838.70 19.14
243.51 48.02 406.32
721.97 759.39 768.93
664.17 0.99 304.47
