13943.080693
29770.855730
28267.300538
65431.009987
117443.781862
9413.378391
50875.518894
102663.042875
2593.419285
6968.011969
64477.024793
33276.890255
60243.811721
28346.241385
117849.454216
18828.810978
7400.189202
37200.851172
32936.885045
4987.506536
3948.139389
12445.643820
118922.021963
82738.854786
31257.953292
45873.009704
17509.266832
12447.400647
127080.595209
19096.648518
170.120751
24735.482810
19839.515873
30203.159249
18822.250355
12466.950606
6911.245731
29997.518389
66575.721125
6212.675541
25790.642031
86895.964526
42849.013564
63782.276866
16228.575683
23186.062703
1841.825318
103210.240498
30562.585375
54614.166318
35077.356315
22497.556315
24727.866661
8645.119882
14478.552465
103406.781683
38005.645698
6410.415286
50831.558245
3092.339000
133287.991955
6254.972393
9284.627294
15244.500255
366.141252
27.309550
21438.568224
29233.446950
17944.745621
15527.759333
9355.930113
37764.097543
5547.103868
2814.177290
8827.989538
24622.258516
9190.801369
82155.620532
17403.528364
30062.397625
5336.108502
8968.607662
74011.158394
20911.812675
2223.254138
16025.261132
124216.145497
25901.591278
9075.486250
117851.639692
13183.346893
94101.130579
18722.261534
131.527575
43057.103972
48386.485598
40173.495341
576.764016
17232.890775
9488.770280
27771.818029
20386.976706
40961.196493
60668.226661
79333.245516
11109.235872
2921.320270
2974.713659
35043.279932
27265.514863
19790.068705
2772.337282
57631.051569
15693.006751
17568.330519
6271.298757
47596.681353
20517.100377
1438.048377
21864.481601
46388.345279
55613.857919
16764.617156
39614.733045
104.845040
8086.288092
19796.294392
33344.277025
63798.543720
8428.396377
4380.650107
29700.555546
34755.356719
14881.606902
1560.917365
27791.035030
68772.727456
124367.821376
25143.892207
90057.731287
54078.118321
48437.484971
6386.200547
12284.199329
30767.521834
3576.396913
70525.470695
24879.661459
2010.611356
6662.058513
1188.077951
84638.914546
106562.581708
9910.048138
65727.687659
21523.278794
59603.392676
7899.619227
45837.290891
2664.723654
23630.859207
4477.312554
33627.047211
23941.863919
5557.654605
25153.258819
15496.513183
2129.423977
66568.845829
16796.481651
94889.543685
3945.086783
33778.896640
33992.267768
15903.862431
20542.290340
14595.123257
8046.026438
14274.562524
27401.328658
9493.983064
6436.636993
30067.111284
93458.057505
85445.485439
24336.138253
16455.551271
55266.335881
88652.183226
51311.818508
5862.100338
95810.692508
28912.523252
2403.268522
28963.583494
16864.015678
10817.586877
14822.007044
53040.525387
10353.040377
17209.619736
38790.947017
26205.520667
2943.676275
14894.512908
21706.043863
5220.645680
26641.907016
11361.605395
609.685934
73340.805936
85330.109632
3909.875663
10029.723734
29475.820123
26597.081840
33760.101245
2462.817128
11436.788880
94061.993248
18180.237341
30381.587795
12862.611066
10153.249698
64000.856047
35626.094900
43453.436199
821.477955
98812.722896
2718.853184
1401.769902
116361.580686
7209.320984
32065.567569
19819.746235
22448.680607
57093.562104
45554.581113
12897.694629
6786.280535
83641.561996
28612.583607
2964.560059
83565.973025
5883.739898
64570.202736
7844.786752
30825.021793
45912.823262
48877.851837
10911.415804
20010.252150
2658.955946
74970.719615
58371.002888
2085.646454
41369.651543
1864.550612
14828.919049
35136.450558
12752.316791
3909.726416
73758.429062
57385.717268
21967.470552
12455.288500
22934.685672
11912.872800
12868.077531
51927.614447
64961.062202
22149.449657
56964.258175
2474.527942
98200.960173
16702.086076
660.448195
653.955606
1652.126197
98782.906063
1156.773203
42521.919173
7366.271526
82946.687335
71838.015146
27187.109310
6166.804326
17356.640704
12717.350505
22972.765417
70114.050652
14236.905188
42495.371469
6015.782581
11411.718367
1444.756645
3734.993323
8.252209
52591.745107
430.186933
82277.151076
958.643744
98529.101563
7096.110935
2131.112674
31955.696190
29271.107140
33379.883483
20474.229587
21488.837063
17866.241127
22926.500203
9040.307778
8844.723463
2992.609279
60746.684224
25202.198809
16747.423014
81292.547711
36050.083436
22717.049872
83141.304745
4169.322486
23236.794357
10138.950046
10192.140112
37357.275363
72818.143531
58247.720043
1307.359521
3029.653420
65624.086896
4355.909236
15954.234840
3638.246431
56861.202268
39455.659278
20930.064289
31541.435071
550.237449
2061.249243
22374.709008
46103.732261
7984.779430
1561.411636
12376.275824
2759.070993
48992.264311
27688.568070
8391.973690
43703.625997
21839.810707
28148.390213
21370.577260
11596.269991
55080.589791
49226.760757
45409.024691
14009.480371
5844.063101
89026.429802
3310.532759
66302.244492
22884.021130
979.440106
7763.927589
118055.916480
7784.226924
20.039058
68484.090444
1973.406560
34812.473421
3824.663894
428.720649
16685.426889
70671.541877
10888.696086
5529.168615
19710.059169
43612.019786
25895.259379
70800.469607
40269.372180
23419.113746
100342.120306
244.376830
31703.150047
36224.861156
27297.233874
36518.655508
15646.844366
36132.471347
12779.039790
67580.764823
76274.308131
1047.578898
106582.994480
22035.126695
6371.363565
604.078816
30362.331313
50695.199130
109397.221687
17609.988710
40669.022877
7770.567493
12189.518398
32150.598390
27640.737122
54194.303851
67704.692262
13219.242167
52847.565748
36587.264516
138176.330097
6883.639542
4426.666639
56554.203899
93015.436170
39624.980668
92701.601085
65796.081941
56367.007315
2820.627787
24096.974034
55438.042486
16338.979771
76637.917870
68267.964466
23648.507866
37521.087651
577.142912
22826.112669
13229.351372
23206.250950
41361.260708
2976.978192
35141.690165
4775.329974
10167.126764
14617.210581
45972.960829
5984.254248
88455.365203
28112.717635
73548.542430
81656.322784
34023.880868
59572.016192
22314.112028
2.945429
5143.490417
9237.048316
27888.926608
64208.001848
10646.287356
5582.045482
34379.999465
10348.735668
43581.496028
4688.203680
22614.502863
29122.803142
2447.894880
2541.162234
37003.844530
22610.769681
197.437096
5285.868461
43474.536822
9103.941187
364.897891
9463.338848
50242.513917
19729.968698
10825.343081
16255.474463
88041.340879
3218.657907
35266.899721
73615.398006
1770.097551
25256.696560
43189.663579
60456.557262
94589.135327
2587.415427
6938.400575
1519.662709
23633.534313
116970.518546
23784.631606
7061.119939
19242.294083
16005.946917
36806.229219
23693.784437
11104.820467
20297.913763
3377.590772
55980.886682
61016.018347
111423.762439
25566.454001
58246.805067
12497.569214
19271.514415
72531.277466
39977.359421
22531.816406
20710.498224
60806.058365
8606.952340
5905.941282
72403.033603
401.279293
3750.861602
38797.886148
82779.506773
17880.730813
15091.152747
88435.797266
71297.064815
48479.725464
2972.612520
54826.696488
108626.667521
96767.079147
87490.875800
7850.024388
14601.878483
39625.475817
41331.579640
83048.472047
49085.139575
40956.611443
2487.475942
36918.832970
3018.135661
15331.716873
44226.801932
13090.161862
79578.783117
927.265329
46585.181742
22886.954177
54065.061442
28496.149300
10058.599656
47030.775364
38811.222854
31250.404474
103137.042690
6436.612187
25035.912200
15383.572628
5146.836730
66711.052695
54824.995350
19915.520903
61293.646759
67774.200334
50139.853097
4030.867147
6147.479086
51919.297007
7373.155832
1356.756822
71315.807368
9007.596701
5430.746738
20408.332697
55200.777150
2234.209119
77029.077640
64652.289618
64689.308316
21896.371140
12381.782065
32090.644014
29681.399252
3679.681626
3907.545650
56353.122747
13536.516088
18034.602966
84971.001277
18795.986703
51726.512763
28159.124807
62547.693486
80568.508160
62096.223079
36833.694617
912.136155
14191.723458
120.191625
12997.785158
70758.152907
1101.975814
42971.658189
6749.318617
17969.995217
20766.509343
12673.659772
24321.809816
59250.085599
48817.928099
666.022457
6113.587764
45226.016286
22059.153641
40480.327113
138.932475
43077.392531
47202.900602
43371.085882
21377.701245
80580.406106
2767.287477
261.196656
6242.323919
22695.703454
5807.583053
28857.326167
25538.114720
10834.052546
18557.594180
33949.249138
63872.369483
8347.811089
6987.074666
72732.374821
73340.953069
26083.878702
83242.135093
34992.003966
2816.618572
3584.422969
600.688160
15869.893395
23698.010902
4744.756292
8963.321844
17396.937106
4567.906015
8178.816794
32222.882935
22259.724725
60294.207730
52934.101400
2498.859518
29362.848592
10564.950467
6696.234203
29642.957342
29308.390870
9619.218014
28883.895521
9652.175574
3107.524152
20015.120525
5997.832113
27066.169151
18450.303634
76745.254088
41503.303095
26878.990007
1848.157268
20772.016651
1170.123558
19493.187153
1881.146590
57903.880743
102282.327323
45277.402581
6100.398515
8094.584040
21549.031887
12111.209931
17895.035105
26335.482447
20493.860375
26562.566761
6941.702596
27032.262476
4904.839730
56934.590551
98310.804186
103001.517947
106802.140103
4832.819791
1415.161752
6993.713708
27856.237418
52812.041039
1872.568385
5340.471626
40794.871341
63824.300153
18381.721543
60078.498416
24208.359425
79584.495427
1267.395919
34829.122834
12417.496700
72479.918097
35580.886164
2536.491576
11504.445731
27041.355914
29161.545329
64800.534411
94497.335713
55622.049128
1908.899715
9659.512067
20842.933860
1480.303938
73352.015983
19272.631751
24446.679049
42056.555874
22198.966948
28446.923538
113168.202309
9654.131979
28178.393989
8236.100515
26415.955418
15050.033222
83583.453676
1543.374352
15729.474867
55013.173319
11178.682306
28153.982223
112222.999537
45768.257986
22268.201694
66969.113249
35984.223148
24056.884061
21993.533570
70194.191286
71737.302730
71867.761504
80209.560258
53518.693323
625.835592
38904.571192
56586.516130
2674.705609
24594.618732
10549.724009
51894.771020
1404.696166
32960.861702
2977.478859
17699.244616
5035.345633
14634.288026
60327.806131
7146.990211
1053.046466
1618.183398
35277.093763
46786.977439
17239.852205
18707.938565
7500.511862
12795.219298
58873.913669
8450.665069
32513.497555
23.530372
8428.399098
253.148240
7846.691997
18389.305610
4847.186378
27145.792206
122078.385161
14474.601300
656.906005
53120.497536
19748.904899
57348.461469
23618.258476
52.546993
21957.275385
13933.445931
12806.004184
16085.598341
9122.318101
36946.236632
39202.111849
106428.935924
762.819719
95834.196240
1827.712251
44651.099152
891.482662
43472.084680
79812.658240
10511.170388
42355.749812
41727.547475
9866.920020
12458.722026
6047.206650
20376.288980
6947.243200
129674.276955
39187.856342
47574.368019
52582.741122
3306.259631
17585.855215
2630.738601
16242.902232
2509.090609
78271.436166
13681.364966
99694.148869
22740.839545
29129.627966
26588.734680
8660.648859
14917.298225
75512.045195
59246.626702
160.425208
4236.038953
9.417376
3630.156324
28799.759602
84880.414553
45611.013678
41631.874354
33372.370307
1971.910702
22788.009354
9448.469194
22856.801430
85349.371340
63239.421837
16752.805171
764.468217
38086.588999
353.539472
20096.010437
101.069808
20236.029757
72031.571942
12277.512813
106568.499249
13928.983781
12661.992590
47259.107141
42580.872006
4884.249476
789.468837
845.004540
42240.778025
37937.925564
24974.575979
2094.919841
31726.198355
28781.679796
2425.812754
32929.939859
43096.740770
48380.516822
40501.508898
772.532099
6815.052020
71759.117259
8854.674509
2183.868535
17304.085259
6103.840060
963.058824
485.890225
44892.730296
79649.420714
65635.861056
6966.834211
2431.433988
52070.511953
2233.510522
1852.560904
30860.825350
81596.634333
25925.004721
21569.390467
69819.880596
12039.716687
7415.252499
38760.394163
43392.203212
67451.215666
29283.111775
39697.730591
8153.498188
23058.910698
38382.222519
114312.535610
9298.134841
24960.461192
5233.097648
49062.510406
2636.434799
58430.879950
81821.165739
9825.749926
2691.673397
7994.994430
51176.238762
125878.762917
12774.006927
39542.697378
31860.005862
8463.121588
182.650469
49807.225942
15317.413318
39909.851255
19129.748394
3217.361735
23540.262821
78332.842186
128297.342488
1570.847630
9234.246962
10351.369723
31323.110390
17199.209108
46171.910835
14290.143403
10898.044289
13780.854909
292.536204
79135.140215
34704.449950
5281.783841
38705.996338
16707.218420
40658.797885
22021.373791
7515.230211
6889.462251
24557.948759
1985.387339
74676.926037
2125.217382
16818.337330
16608.053008
22112.967958
33875.439901
73339.948765
38634.882658
20562.390428
12450.858375
9598.090812
9956.246069
46151.810609
21314.327255
15029.742308
25421.432387
43757.032653
34965.634572
8007.490171
48889.508022
36163.177794
4772.402060
49169.279104
50435.612253
1708.094270
488.187363
19437.151668
42517.437519
12049.904810
1172.540940
96316.179714
29412.165178
18404.098168
89137.663017
41424.978803
2012.618864
29128.757678
1822.750174
58.123585
30673.067036
42929.680272
1754.085034
2725.302681
90615.990690
17.485366
