67 34
27 52 16 52 22 63 16 27 51 1 55 4 15 1 9 3 23 48 11 19 25 0 16 62 40 32 43 65 3 47 27 12 40 36 1 1
1 52 51
28 40 36 39 47 11 31 16 9 19 44 0 33 2 29 23 10 43 36 5 33 47 29 48 38 13 46 4 49 22 25 24 31 9 11 10 21 42 28 4 29 36 42 28 40 37 48 4 52 26 38 21 8
12 15 5 8 3 21 17 6 77 36
28 44 43 66 47 1 14 31 18 13 30 71 1 39 17 36 47 55 19 40 19 56 9 45 72 42 47 65 58 18 29 75 30 67 55 6 31 25
30 0 11 8 7 19 4 1 12 20 19 2 30 1 11 3 6 10 10 21 30 21 16 11 0 3 3
1 3 1 85 5
34 11 45 24 74 13 3
11 7 11 70 38
54 41 15 11 22 1 13 56 28 47 28 3 15 31 44 28 68 69 10 8 21 61 31 46 12 41 35 56 46 19 34 13 46 46 9 50 49 35 34 35
18 5 8 9 26 8 1 27 11 34 20 20 22 9 17 27 25 13 34 3 4 26 23 23 34 31 16 1 33 18 23 31 12 34 0 74 44
32 59 2 28 59 25 64 70 10 59 25 32 22 54 4 73 50 59 49 40 62 40 30 47 55 34 35 36 27 34 31 2 42 5 53 0 42 63 66 18 25 73 40 30 78 66
48 36 60 78 7 65 64 76 3 61 72 10 68 68 58 34 16 13 45 63 30 40 42 52 64 77 2 10 23 47 77 11 12 75 23 64 71 6 71 30 37 6 55 41 11 50 36 33 72 66 43 66 46 57 30 53 67 55 1 74 12 74 0 61 55 13 47 31
30 3 40 39 2 25 35 43 33 35 31 21 2 43 34 25 1 17 13 16 46 30 20 17 41 25 16 2 45 30 18 28 7
25 1 7 18 2 13 21 74 47
40 4 37 22 11 14 64 72 2 50 41 66 6 30 70 53 45 17 44 66 42 64 59 45 68 11 15 12 50 17 10 71 34 43 14 53 19 38 68 30 55 27 53 16 7 17 64 2 3
2 1 2 65 52
2 26 9 38 59 24 36 40 13 7 23 31 39 6 27 16 9 39 54 31 42 15 25 47 41 4 50 44 23 37 63 41 41 60 35 46 36 8 7 42 6 35 59 42 47 53 47 0 23 56 49 38 50 17
49 47 21 42 42 14 38 36 4 18 37 27 50 22 23 48 41 40 8
25 2 37 15 23 2 15 37 10 10
0 6 9 9 5 7 2 9 4 9 51 9
50 2 49 12 28 28 5 29 19 44 31
19 26 8 25 40 34 38 3 9 39 4 7 29 0 20 42 2 25 4 33 35 8 36 39 19 3 21 35 9 33 1 13 8
7 11 13 4 8 13 7 7 82 7
69 31 28 15 74 18 12 51 7
19 4 30 42 18 50 23 71 69
3 52 13 12 65 12 65 69 53 58 47 30 1 1 2 45 4 45 32 25 35 44 28 36 34 29 15 53 12 39 18 29 23 13 31 17 36 24 49 71 6 54 9 28 24 34 10 45 19 60 55 69 24 51 44 63 19 40 35 28 50 60 64 14 45 68 30 38 61 1 2
1 1 81 6
59 77 17 3 57 52 13 1
9 2 1
1 6 1
4 27 18
27 6 10 7 26 26 14 0 16 7 3 6 19 10 25 16 5 1 7 2
1 1 63 52
63 34 14 61 10 10 4 20 24 30 11 56 0 45 3 27 56 41 45 10 40 35 32 14 3 22 61 21 22 39 37 13 33 43 41 17 39 42 1 7 1 34 1 8 55 15 10 2 17 42 61 27 84 1
44 80 33
2 57 64 22 66 37 2 20 33 3 72 49 57 54 35 46 31 29 46 28 15 9 45 28 58 49 54 68 32 35 45 77 77 24 24
9 15 0 21 1 11 24 6 1 16 16 4 14 16 3 12 5 2 20 7 6 23 21 16 70 35
36 66 33 69 11 14 15 61 65 61 18 53 25 32 6 64 44 44 61 20 13 9 36 24 8 66 34 45 22 66 13 45 50 39 47 43 30
21 42 30 2 10 5 23 42 22 32 0 17 34 31 39 14 41 24 19 18 17 28 25 31 36 29 19 31 32 21 34 5
6 28 6 33 13 87 10
39 51 42 17 42 51 73 18 24 56 49 49
3 46 35 5 12 15 13 17 1 19 8 31 24 35 19 1 29 19 6 15 41 12 42 47 47 6 27 43 9 36 18 30 38 39 46 26 2 10 28 40 1 43 7 5 23 47 11 15 2 84 44
18 15 61 68 55 84 56 54 51 58 72 80 23 20 3 2 84 20 17 43 16 38 25 7 32 74 81 52 23 51 35 58 55 36 49 33 78 37 64 2 36 4 71 44 82 37
69 20 53 67 19 57 20 5 49 46 25 1 72 3 66 13 6 38 1 75 60 69 53 51 21 60 26 64 33 54 25 35 43 59 43 25 75 8 7
3 8 8 7 4 8 2 50 22
12 5 28 50 36 38 19 25 30 33 3 1 3 11 38 7 27 21 17 27 46 9 61 1
25 16 15
4 11 6 1 13 4 15 5 4 1 6 0 5 7 3 27 12
14 15 23 5 8 3 4 16 14 7 22 0 0 0
