268340561
713996471
2
818084216
685454675
327080653
77379564
340139447
171814497
836597174
214790560
251087387
541739976
34909094
700396220
940234322
851200542
282753401
8
473095273
184726845
403551200
184361344
884570980
82717959
648492912
10655822
697014211
252357256
92
955718462
440423812
507053523
748
376594182
170900938
501888716
748570905
94368751
181393926
421755427
571974
83809014
1570
104797100
550619750
884384
885206951
50075785
463362192
294543038
389864955
603360512
173591547
868965629
828664769
885987628
10910875
38401744
393875815
721289645
952630041
95855085
966258719
355209500
797105402
527357854
816762341
320836986
983266866
892622351
594043464
241661079
350059434
667989875
218896564
278746452
170971444123
627727733
321575726
898864745
585587631
596941770
903866398
106067981
34747303
295837544
313697719
991290071
575139339
938229223
48503070
46976306998332
808331450
690810117
978581371
104327107
2943063723434
767422556
99999999999999
1
