0
2
3
4
5
6
7
8
9
0
0
2
3
4
5
6
7
8
9
20
2
22
23
24
25
26
27
28
29
30
3
32
33
34
35
36
37
38
39
40
4
42
43
44
45
46
47
48
49
50
5
52
53
54
55
56
57
58
59
60
6
62
63
64
65
66
67
68
69
70
7
72
73
74
75
76
77
78
79
80
8
82
83
84
85
86
87
88
89
90
9
92
93
94
95
96
97
98
99
0
1
0
3
4
5
6
7
8
9
10
11
1
13
14
15
16
17
18
19
0
1
0
3
4
5
6
7
8
9
30
31
3
33
34
35
36
37
38
39
40
41
4
43
44
45
46
47
48
49
50
51
5
53
54
55
56
57
58
59
60
61
6
63
64
65
66
67
68
69
70
71
7
73
74
75
76
77
78
79
80
81
8
83
84
85
86
87
88
89
90
91
9
93
94
95
96
97
98
99
100
1
2
0
4
5
6
7
8
9
10
11
12
1
14
15
16
17
18
19
20
21
22
2
24
25
26
27
28
29
0
1
2
0
4
5
6
7
8
9
40
41
42
4
44
45
46
47
48
49
50
51
52
5
54
55
56
57
58
59
60
61
62
6
64
65
66
67
68
69
70
71
72
7
74
75
76
77
78
79
80
81
82
8
84
85
86
87
88
89
90
91
92
9
94
95
96
97
98
99
100
1
2
3
0
5
6
7
8
9
10
11
12
13
1
15
16
17
18
19
20
21
22
23
2
25
26
27
28
29
30
31
32
33
3
35
36
37
38
39
0
1
2
3
0
5
6
7
8
9
50
51
52
53
5
55
56
57
58
59
60
61
62
63
6
65
66
67
68
69
70
71
72
73
7
75
76
77
78
79
80
81
82
83
8
85
86
87
88
89
90
91
92
93
9
95
96
97
98
99
100
1
2
3
4
0
6
7
8
9
10
11
12
13
14
1
16
17
18
19
20
21
22
23
24
2
26
27
28
29
30
31
32
33
34
3
36
37
38
39
40
41
42
43
44
4
46
47
48
49
0
1
2
3
4
0
6
7
8
9
60
61
62
63
64
6
66
67
68
69
70
71
72
73
74
7
76
77
78
79
80
81
82
83
84
8
86
87
88
89
90
91
92
93
94
9
96
97
98
99
100
1
2
3
4
5
0
7
8
9
10
11
12
13
14
15
1
17
18
19
20
21
22
23
24
25
2
27
28
29
30
31
32
33
34
35
3
37
38
39
40
41
42
43
44
45
4
47
48
49
50
51
52
53
54
55
5
57
58
59
0
1
2
3
4
5
0
7
8
9
70
71
72
73
74
75
7
77
78
79
80
81
82
83
84
85
8
87
88
89
90
91
92
93
94
95
9
97
98
99
100
1
2
3
4
5
6
0
8
9
10
11
12
13
14
15
16
1
18
19
20
21
22
23
24
25
26
2
28
29
30
31
32
33
34
35
36
3
38
39
40
41
42
43
44
45
46
4
48
49
50
51
52
53
54
55
56
5
58
59
60
61
62
63
64
65
66
6
68
69
0
1
2
3
4
5
6
0
8
9
80
81
82
83
84
85
86
8
88
89
90
91
92
93
94
95
96
9
98
99
100
1
2
3
4
5
6
7
0
9
10
11
12
13
14
15
16
17
1
19
20
21
22
23
24
25
26
27
2
29
30
31
32
33
34
35
36
37
3
39
40
41
42
43
44
45
46
47
4
49
50
51
52
53
54
55
56
57
5
59
60
61
62
63
64
65
66
67
6
69
70
71
72
73
74
75
76
77
7
79
0
1
2
3
4
5
6
7
0
9
90
91
92
93
94
95
96
97
9
99
100
1
2
3
4
5
6
7
8
0
10
11
12
13
14
15
16
17
18
1
20
21
22
23
24
25
26
27
28
2
30
31
32
33
34
35
36
37
38
3
40
41
42
43
44
45
46
47
48
4
50
51
52
53
54
55
56
57
58
5
60
61
62
63
64
65
66
67
68
6
70
71
72
73
74
75
76
77
78
7
80
81
82
83
84
85
86
87
88
8
0
1
2
3
4
5
6
7
8
0
100
