500
65 91 4799 7398
26 30 1025 8766
57 62 1483 5949
93 99 2469 3542
87 90 322 2609
12 58 4119 6370
46 97 8054 9738
27 38 5499 5701
24 58 7055 9015
85 95 1813 3064
54 93 6936 9550
95 97 3417 8530
67 93 2971 7860
91 94 8877 8887
44 80 450 4701
20 69 6892 7568
65 95 4257 8939
52 59 8605 9392
58 75 9464 9922
14 48 8011 8360
38 63 3676 7247
73 94 3988 6038
28 71 3940 5072
35 80 1575 3461
12 36 4232 6418
77 96 6623 9291
93 96 6659 8938
49 70 25 8378
70 97 9019 9745
23 68 5395 6863
70 85 7525 9319
72 94 6222 9941
14 53 3217 6625
34 99 2075 5055
18 40 7222 8286
77 83 4660 9650
97 99 1496 8817
71 80 9248 9368
64 89 1615 4390
60 82 3510 9252
59 97 3883 5018
43 84 1182 3645
57 80 7500 8232
10 58 1485 8435
77 82 5226 9096
39 60 6419 7454
18 81 2897 4592
23 56 3786 6419
51 59 6804 7613
43 85 9326 9450
55 67 158 1175
92 99 1892 6756
35 51 8650 9298
76 86 7008 7051
86 95 1146 4473
27 32 1695 9771
27 57 4571 8434
23 89 5871 6062
78 94 6153 8759
11 67 6102 9087
85 98 9205 9667
81 88 8279 9837
73 84 5569 6894
67 98 8466 9358
61 88 2514 6985
46 68 6952 9769
52 66 7777 9220
67 97 8372 9491
93 97 807 5620
43 44 3607 3708
63 71 5755 7753
54 66 1824 1886
66 96 492 2071
97 98 3440 5357
73 75 3471 6184
83 92 3831 4412
31 82 4902 6727
84 93 2758 6853
93 99 2677 6074
43 70 6807 9562
72 97 7609 8306
33 37 34 7613
38 84 483 7700
63 68 7750 9542
39 81 91 1776
16 75 1096 8939
19 94 6370 9480
55 69 6303 8363
95 99 6432 8062
92 99 7939 9752
16 34 3043 4767
85 93 6970 9718
21 80 56 2687
90 92 2715 5777
92 95 7920 9707
10 96 6729 8341
74 89 622 7640
50 67 9196 9472
84 89 456 3267
24 70 70 1164
18 36 5878 7585
40 49 8322 8714
85 86 4955 6323
69 75 3934 7651
63 94 6317 7941
17 90 5655 8176
88 90 4387 8065
89 93 4953 7058
91 93 7699 9814
90 99 5468 7960
21 78 368 6838
21 69 4255 7224
37 46 5865 7151
54 91 1191 6646
29 59 8728 9277
18 80 5187 6951
87 92 743 9740
42 63 6114 6507
21 46 1951 7282
44 59 529 4637
54 55 6865 8733
61 93 2743 3508
76 97 7577 7719
83 99 6904 8519
66 99 6512 8745
13 42 7121 9482
68 98 1026 1564
12 61 8520 8878
49 51 4653 5531
46 80 3577 5517
69 91 2121 2133
17 48 1307 3065
32 54 8867 9121
93 95 4914 9555
55 72 5141 8867
90 91 4635 5010
44 71 4269 6348
41 90 4299 7873
22 94 2477 9464
84 97 2475 7166
72 83 7348 8061
75 90 1989 4730
25 71 2430 6681
33 46 9296 9779
48 67 3775 4041
46 94 9258 9963
10 77 1604 6083
13 49 2865 3812
45 50 9626 9684
95 99 7084 8863
14 38 7880 9952
55 96 6861 9453
76 96 1809 6770
18 65 5949 8051
30 47 5739 7805
48 55 3610 6180
93 94 1715 8944
63 68 7711 9773
39 87 3923 8020
61 65 9116 9462
93 98 5406 7561
17 29 4046 7838
70 97 1100 3692
55 66 3012 8999
86 91 6785 9329
31 79 5331 7165
23 76 2428 3436
98 99 59 636
77 84 5230 7706
35 52 8453 9019
19 98 2416 5132
40 56 4589 7625
44 56 681 7821
93 97 3897 7984
87 99 8867 9264
43 83 6844 9047
14 82 2138 4275
28 33 8314 8796
29 65 3484 9122
64 97 2797 5367
88 95 4451 7449
27 96 2636 3838
89 90 546 4647
30 93 4688 9240
29 36 80 5403
40 69 7434 9623
28 84 6909 8238
90 94 6168 9125
83 87 4147 7049
23 90 6437 7614
44 78 8059 8714
55 75 4260 6718
68 77 4012 5287
52 89 5355 7844
20 67 7505 9142
56 98 3939 4872
13 74 7070 9553
26 34 3059 6418
11 54 2368 2921
36 59 2458 7950
55 97 4706 4958
59 77 3009 8244
69 93 1138 6036
79 87 1671 7018
42 75 3708 9277
17 25 5363 9005
60 69 1972 6115
58 73 9918 9945
96 98 2753 5658
81 85 2750 7938
69 86 407 4481
63 68 4049 6333
44 52 5096 8146
64 85 6125 9989
65 88 9884 9964
91 92 6655 8484
23 69 1042 6756
76 93 816 4230
89 98 5769 6248
82 97 6659 7977
63 96 4802 7268
82 83 6282 9883
39 75 8627 9543
58 75 1777 5983
75 94 9598 9745
64 89 2589 4402
31 52 7730 8386
75 93 199 9839
82 95 8 2504
67 78 4750 6097
56 71 6598 6778
22 91 2905 9734
51 83 8907 9337
47 87 6110 6634
52 87 2339 7965
57 76 1072 7339
86 87 3529 9135
20 49 2689 3398
68 97 5058 6971
66 83 2346 8616
64 85 7160 8445
30 86 7308 8805
48 98 1976 8239
59 66 183 2949
52 61 1282 8576
72 99 5670 7689
40 95 1800 5196
58 89 292 1693
46 93 2835 7720
58 71 6654 9758
52 65 9458 9503
49 63 8107 8586
51 82 1175 4848
45 48 1870 5404
47 81 2796 8519
23 60 4777 6274
80 97 8037 8592
89 99 5949 9063
13 53 7943 9021
72 96 45 661
40 98 9040 9386
37 90 8161 8164
52 85 4181 4404
26 80 9746 9841
72 89 5074 7044
14 76 9697 9870
47 73 8378 9709
43 47 1898 6143
46 53 3905 8187
53 55 9081 9170
14 43 3294 5486
45 52 4050 6786
30 86 638 8778
72 83 1867 9490
37 75 2188 9042
66 86 6131 7844
96 98 1304 3474
45 97 3681 7393
14 93 3734 5330
69 91 5958 9472
30 33 8461 8576
98 99 8819 9495
91 99 5243 6656
91 94 9269 9966
44 89 2834 8118
96 99 4751 4826
51 97 4210 8300
66 86 7522 7775
43 90 9091 9241
33 56 5538 7577
10 75 2822 9180
79 86 8658 9423
92 99 6353 9613
38 51 6949 7943
61 88 1414 9030
78 97 6551 8379
60 91 8632 9965
70 78 6952 8913
86 92 4276 4643
65 91 4541 9685
67 86 4505 8162
70 79 9445 9653
24 83 2446 8556
68 95 6910 9406
19 73 7771 9987
13 22 971 9200
84 94 8175 9760
53 54 7727 9734
51 90 778 8916
83 95 1647 2286
92 99 3408 8345
89 94 4790 8836
55 84 6104 6318
73 78 4020 9471
65 94 2415 5553
15 92 2580 7963
73 88 8584 9735
57 74 6610 6754
77 86 9645 9808
54 77 5960 8391
54 57 7251 7672
82 84 7724 9237
41 77 8471 8745
32 79 4513 4719
33 97 8952 9083
89 97 5447 9168
91 95 6334 8260
12 94 1640 4330
70 82 4023 9331
95 96 750 761
45 73 1701 7860
94 95 2302 7443
11 90 5974 9999
71 90 5166 9585
49 82 2863 3082
85 86 1635 3272
89 96 1200 7776
75 83 198 8993
80 99 2616 3733
19 84 8073 9121
58 59 300 7441
57 63 4920 9954
73 93 2814 6104
18 36 8745 9606
54 92 3124 9122
79 95 262 3219
11 57 6288 9247
11 33 4192 5600
35 98 457 891
39 91 8288 9569
43 53 1923 3351
41 50 8337 8589
62 92 3638 6347
43 57 9930 9972
13 32 2244 4795
26 42 4161 7066
45 62 63 2583
20 66 6615 8284
96 98 621 4042
80 99 6543 6555
22 44 3440 6863
83 94 4771 5378
21 51 9297 9545
59 89 7755 9102
12 52 6018 8803
39 52 6801 8431
16 26 6641 8230
50 51 7294 9223
78 92 861 5301
42 76 7776 9022
68 82 888 1165
73 90 9157 9214
14 63 2101 3463
77 90 7499 7872
19 92 2211 7901
78 91 1707 9425
84 93 1631 2748
21 82 9542 9965
28 97 3776 4389
42 45 6671 9383
83 88 868 4592
32 40 327 9727
87 93 8142 8425
77 90 2073 8656
34 68 6829 7795
22 51 5414 9448
51 60 8815 9632
56 96 8598 9061
33 37 2044 3490
92 95 5246 5720
61 75 3589 7056
91 99 5534 8708
34 49 3991 4039
62 85 1967 7088
84 86 1930 2852
53 82 2281 2758
51 97 4473 9114
18 33 6213 6449
30 72 1617 4143
15 59 850 2028
73 80 5889 9707
24 85 7796 7941
67 85 8235 9842
85 86 1389 9027
80 81 4544 6336
18 97 1560 1885
85 94 7282 8987
42 88 4277 7514
31 61 4064 5564
44 51 6307 6367
80 86 545 6199
52 97 9031 9865
12 21 5029 6292
93 98 408 4310
37 96 8932 9857
60 78 8538 8838
40 91 8439 9490
36 69 2802 6252
76 98 514 5038
98 99 1214 6827
66 91 5134 7089
45 72 4327 8365
72 82 7764 8934
69 97 5154 7386
23 62 109 6299
64 65 8822 9023
33 46 2588 7578
35 45 7681 8186
26 33 963 8563
82 97 7170 8616
63 85 6937 7012
35 45 5611 9034
76 89 8620 9524
92 97 7639 9044
23 62 2171 7955
56 74 9959 9972
82 92 7195 8247
66 99 658 7312
18 69 4709 8916
93 99 3806 4403
38 70 346 4106
34 56 1724 7655
13 35 3426 5042
24 34 4691 7141
26 62 2855 9348
25 60 8650 9662
74 84 858 5164
18 26 5759 6012
51 62 1856 8238
90 99 7706 8518
72 77 9723 9805
75 84 6245 9361
20 44 7771 8956
20 42 1411 6210
68 89 6043 6264
41 69 1092 5368
61 80 9123 9917
42 89 2245 7980
41 83 3214 6302
64 73 9388 9418
36 56 5231 6892
96 98 9060 9177
84 93 225 8818
17 76 766 782
72 88 8576 9942
19 65 8531 9507
57 83 9637 9938
81 83 4888 6677
46 92 8489 8823
33 98 1351 2985
17 85 913 5866
53 54 8679 9760
31 92 1878 7404
72 95 8977 9867
27 52 7576 7625
10 27 7828 8813
38 63 8204 8358
72 75 3466 4612
64 92 9905 9939
27 85 5282 6592
57 96 7813 9443
97 98 9095 9726
41 63 9214 9819
86 98 4641 7550
73 83 4255 5837
83 90 3396 6115
40 49 9353 9719
24 62 9292 9427
14 33 8422 9186
39 87 3827 8463
77 97 282 8712
83 91 9157 9387
95 96 7964 8404
43 65 1165 4517
14 63 1564 4978
47 55 7746 8401
43 93 6460 8319
27 31 2984 2998
40 91 5750 8872
50 67 3709 7630
