666
32659 35547
20684 35506
70833 81228
54188 79090
62103 93803
13519 77410
13295 22773
6000 65914
70803 79232
14705 28248
23773 34019
5023 34908
1977 42182
9889 11370
8946 23752
1105 9610
56963 68280
6851 12041
25677 35872
62650 84083
27753 50113
5004 82750
1065 13534
6297 13932
20880 93261
29827 80327
19106 49635
252 1422
497 3790
54399 61138
38445 81690
12690 73192
23181 49311
51415 75334
14712 34030
998 3719
12409 30023
29769 60767
45912 58362
8718 14169
63875 65553
27609 87367
71 125
52284 66466
30792 44974
30416 56988
17190 32666
53001 77788
13535 30751
10025 39989
42541 57301
65840 90334
1450 18191
60525 68572
10071 49253
46500 98487
35062 39674
14760 34945
28707 71912
20050 20274
15442 55205
59714 98706
7659 7876
71633 96741
62121 72447
4061 26881
2041 59072
11180 86542
22584 32229
49878 70804
1166 2746
24946 29584
8295 18679
43688 71327
5492 18830
4828 11790
5119 6713
3831 4670
66394 75248
8580 56841
56569 80794
667 74050
4685 10845
51283 56691
36533 47757
36427 47728
34001 50878
84231 93542
40079 92003
13038 44374
27560 58731
1196 80610
13196 88780
11181 61563
5261 12526
47837 62104
405 5238
29639 73268
56377 63389
32150 42382
46708 47021
435 468
5 114
67450 80963
44756 64810
45349 52861
3825 15071
59679 81929
184 557
1263 3665
6436 36680
5791 13081
17625 32303
34340 85991
53802 60450
3827 32374
1636 9627
32961 96353
17561 70223
4604 13894
498 7680
1614 10262
289 519
22394 64725
13639 16865
21930 22402
58573 70198
27163 49909
527 8278
40929 70978
26979 40207
65580 65609
2384 10029
6495 37348
78087 91085
48617 82021
4524 32895
82550 96951
13603 40281
12879 15021
5545 6061
60832 88500
33029 46335
29236 91936
35176 47654
32234 77832
12901 91481
13326 46299
19100 22507
14205 30656
2507 11488
19831 82778
24886 30778
53702 92080
55218 71004
7235 48589
79280 98124
28069 48857
11133 33431
13077 22075
816 8877
22414 89946
18412 89906
67138 79849
5971 11612
77881 89379
32044 36316
5505 98724
30456 60238
27153 36503
2075 46641
4891 65172
5207 64635
36138 38544
1043 8546
54596 84696
28620 47334
36398 67003
28037 43739
26080 29459
9484 10668
28129 54539
80127 99998
52 69772
35214 96495
65225 92959
1534 18533
564 18811
37948 88543
53053 96470
67453 75896
31721 57603
7861 16242
74830 86537
4368 6402
1624 52010
16823 69817
16708 62076
43720 65923
5055 63959
25360 31029
61400 81646
3231 10045
13020 27113
9648 86534
40218 71339
23396 82746
19851 35324
12464 17822
3944 41363
23943 38490
29974 95237
6828 8975
248 1817
1619 50985
48824 98080
8235 22422
35079 72572
5420 19284
27012 36462
47404 97948
1031 10295
12955 31148
6679 13274
1526 12130
31643 40682
57832 85131
1895 44672
5100 10738
21586 31614
215 1847
17832 34764
340 33179
11650 64622
54130 72484
32432 66098
42916 90974
42001 43453
4269 16570
1227 4398
13339 38320
27533 46311
47120 78007
9992 12577
7204 19655
2103 50068
16408 23028
4201 55358
3263 20973
5666 26259
2222 54587
1743 33025
20947 25769
2361 2848
39522 46215
50 932
9287 33296
60451 66807
3445 8747
40927 80989
3456 25327
19192 84439
43720 60921
18993 20002
14113 42291
7298 29098
2274 3596
31535 56534
40967 95027
15704 93821
7554 34910
272 5139
19 108
29483 83916
1657 2382
27039 72307
17156 27470
44506 69157
60050 87446
18934 30836
18754 94403
6623 65852
16562 45160
19500 26280
4282 5465
80014 88545
42726 89435
67918 85009
33914 38201
51757 55670
37126 69871
2254 51107
10138 86565
13403 49271
89814 94389
23560 87561
2557 3032
243 3450
2467 56541
31693 89793
29800 57791
34521 79666
6573 16869
9806 24012
18664 87356
9428 18746
47051 51545
156 67479
12921 18681
60338 69810
29096 68879
2393 3908
51789 54628
9759 19471
1680 6978
19317 61852
33397 73747
55148 75374
2093 31721
87795 89144
21258 40249
3015 75761
5696 7250
31653 82606
29677 44830
37646 56681
18130 80359
2189 83823
26427 81496
71700 79830
50295 81047
15657 31475
11733 15512
25852 64478
61686 91431
33367 51971
54979 58285
2105 13028
14485 54417
17185 22415
23415 59910
2230 3368
9302 37787
41723 82993
14289 64327
31419 38975
17496 72462
3061 66101
1223 44026
5056 27671
4810 82741
11464 34638
2843 74870
7497 26046
24156 37272
26424 83614
36202 42516
6022 13396
40282 45215
46871 88479
6530 69728
17480 56120
44331 64214
19708 46561
37228 73002
4094 27129
8677 36386
1934 5296
47043 85522
20949 48355
7679 57185
10982 48487
10772 16762
22475 80665
2405 88866
4035 28683
827 25214
23321 80715
6683 24117
42700 53949
30177 60704
18 52
97085 99140
3869 33129
33993 43108
4688 26099
18222 32300
4130 24889
42696 48093
33770 67917
10647 38327
8383 72900
18070 76564
49633 56863
13052 54692
69682 98804
20056 94218
60867 64131
21707 91060
48778 89554
44805 51861
20109 99683
55841 63811
13174 66588
47512 68963
2096 5277
70963 86409
23957 37789
56576 82490
5488 9463
20289 25875
4270 10485
44736 84505
3645 13700
1697 53322
81611 84309
38136 53506
31503 45902
5267 5554
9846 11479
36381 56322
1879 19272
26015 34437
6953 8894
23763 93369
13673 27411
10885 68716
3760 50803
1862 2721
28398 33939
10233 78530
5626 23636
3311 81813
61793 66136
5431 9950
45208 87028
16982 63465
33751 42165
11953 66171
40651 45366
77963 96040
1193 18573
7857 12226
4993 6310
57464 70504
5288 11329
23803 36600
37105 84616
78150 92523
9816 26776
61316 63647
59672 85981
4908 38856
3304 12753
31077 60265
91331 99292
23797 35713
28477 73586
49646 60287
62220 71798
28055 35114
39766 65714
4547 14654
29649 40174
20424 24304
35178 46019
56740 59644
18873 79866
4818 64211
17402 22218
14188 58302
1630 28410
55415 85272
6830 12051
78492 97523
26083 44075
22446 81512
64590 88882
42131 46894
1641 13943
6434 32339
2886 9556
65308 97161
81754 86444
66728 87365
29735 72249
24976 65148
31562 43099
26093 28031
3230 4099
3936 12930
7701 81822
56105 73861
31549 68971
44082 57505
10888 25241
46863 69355
47864 73780
32067 43970
16747 32545
29487 29713
43746 70182
52003 90430
67808 85733
16165 49057
40735 43558
28092 99175
3036 76053
30521 98917
28483 50204
14066 96483
46074 93077
2026 48254
16823 62897
50723 78250
7106 66115
73515 90506
44401 92007
26646 67569
43361 56771
40794 41580
16 22
34397 54371
19120 65167
2349 15205
10781 72810
40563 95618
32788 48231
32915 93430
2633 48505
42714 89462
12441 21949
28645 71486
78 39566
57753 70792
9636 50716
36304 56255
1887 2575
9395 68600
5121 18172
4141 19523
10426 57134
1514 18749
16026 25285
6118 9174
23848 28444
3050 7416
91118 93270
59658 87033
3620 6632
33149 54376
4454 94308
39008 98624
19355 65821
8501 24005
1106 44982
44977 51643
12382 43690
12776 27944
9993 88475
42307 51521
62497 96274
1218 3799
2063 6448
31824 51190
18495 27453
21063 71215
6379 16233
18919 37384
8120 44112
13051 55722
4552 10200
23944 46725
1412 68626
24872 91058
2277 8816
34438 74523
46236 54382
55993 64409
67495 82378
43433 55583
26328 65996
14976 51123
25943 42452
18639 29360
2620 13986
46616 86425
10938 21292
29901 41458
25902 68379
41062 97021
57828 67679
12285 26849
45646 74673
24909 64431
22228 27061
1125 61729
9182 22716
23949 57750
21854 53483
28077 66740
62098 93135
4915 7629
15798 35186
12295 95380
2031 76893
16298 39151
9886 22607
2404 3263
33870 44020
40152 64492
2087 5820
13132 33593
30317 68274
43528 65661
2849 29876
9874 21734
67895 91993
23906 37945
13447 27780
1455 1977
8879 18183
21816 63853
71123 72812
39752 55074
31741 59019
10229 47238
28325 28981
65896 90455
47768 92313
18208 64886
2427 49961
3200 9307
26977 38057
19160 19769
4129 8654
2060 4033
118 20217
48450 97715
49587 98834
44157 73749
30410 74944
156 4725
62786 92945
11000 84972
19191 37094
25268 36131
45292 66396
74510 78396
22357 29946
19439 84734
21091 48641
22686 31710
6745 10677
3857 4126
3281 6165
62395 84217
63337 93898
84390 99918
5102 15021
12017 21178
19306 82723
35254 66488
21325 31682
10060 45487
1044 6453
