627608003
520481834
3244930563
2817532154
3897025353
955117350
214381875
377481000
3103295490
307260975
526144036
162725108
81438561
63536825
172465461
10007985
2267013474
59021365
591418341
3305257375
1005657708
401558490
13846065
67900551
1729292040
1951073551
765797139
326466
1759877
1846193262
2401543815
848282085
874387320
2551520790
392420532
3213061
295557562
1365861258
1625537316
85519221
2147158125
2030973258
6319
2108273874
910750380
1270765272
413771895
2718262287
324609905
350634400
1532752230
3780104840
25324975
2318652225
445309407
3498497250
776360335
406852020
1652317506
205482425
733240207
4111219329
30988314
4364168892
2570939706
100915850
118482091
905037770
472829916
2287629531
2521475
426838533
120534645
2161791460
88330582
45264914
21259207
10550574
2791900897
450883290
2970381621
49168572
39831870
1592285867
1077358170
1075106478
1151851877
4331663406
2884205077
493546971
1238835780
95693754
1084467074
625822932
52057595
1826655845
2039175
1732340272
1984470400
845753975
1105414882
108750
555
3186169375
1899064214
1368904914
50329350
3108619431
85468
3830679
215358214
58981335
414011250
2363295970
1804976397
116570420
14410706
2632660992
1078982962
53367266
3700389
15259563
108086
1198694835
137003755
250802445
2396280003
986750301
4223378
2067446577
720797943
2152237230
21066216
221479500
4063725567
2805784304
138581430
4596012525
455414837
110514699
18231960
3533335472
984924780
2260454430
1057584028
1989305193
1096972030
528182673
247469150
334570365
25656638
1444926322
456272367
3502900907
2396157501
325365185
4636571880
977418718
310209912
203164272
6910296
1764844739
1485839194
3107113071
51505846
3928161878
650284914
528320355
1370809332
622509678
94626225
306792866
322995417
739907481
8369032
3133673910
945132570
1776349793
833259640
428194480
56197442
1138493146
4802331618
3626766
2777944425
3936067850
27252277
10450074
2639985438
3710685979
2844425557
1324097982
96776771
3675761845
18422040
83144740
1033016315
897578822
1926412500
310533705
465317960
3128053700
27234099
268244550
788333256
2060348031
1662227310
504175698
144451528
155356132
634920474
2405398513
37967094
419740
81233325
3596742020
150733440
1930467528
89828370
620073966
3519533682
10082149
319599850
66349186
17345279
786644980
3250996964
82856980
41756250
449431313
373885
460912620
11222890
684979225
2458503405
1617756808
2983327198
943006452
61623015
4642968
422179350
896033952
2565519080
75744356
115642210
103080648
243223988
223732657
63109683
132728883
118822561
56042679
320384365
3935787
1045495227
45325
266091124
2211358031
24197680
2477106675
81556416
1436377260
1707725060
199521465
497257442
185723153
5590629
1285555810
3053803081
1350049324
235174905
1360680
1862
2039457042
2573321
1589541693
324102574
2087487171
3448101025
404591179
1594568227
414202420
610781717
322325250
14231227
3883679525
2908422909
3467179941
720452059
1541892787
1904842245
112653793
826201379
570552307
4444131441
1785388580
4482421
808704
136442369
2343570578
1278136900
2154283005
89274486
187377951
1456230604
132288982
1318321969
10514478
157894620
2391828489
1580800228
6487423
1488053337
142393569
10311000
1008212181
1905232056
2636046826
64200682
3972372570
629651331
223872795
25070944
2113755687
890042907
1425183445
1292551155
181091592
1804488414
3153330150
2811440205
370225422
113164785
1332709378
3737400525
1177421329
1693078305
25207375
683315390
237531070
1128649830
5023075
308226421
2592291713
817073598
730963035
1114731396
197648770
53095322
127120480
386413755
331372652
208812664
167160609
608574186
1860289236
883853729
62535459
1010010727
3048630453
434000125
828193660
1864029888
723411702
2024737850
102683661
278071819
8371319
2916666000
793548120
409636255
472176581
122536886
1560371825
210829515
107593275
20509600
1610408334
138839325
1391955950
1376523855
765
4912209745
120689586
887591223
111361096
422540847
94261055
1141883172
1723333755
351382941
575979164
1220239995
1590539118
628656106
4457034925
1688504612
2051035299
1741031642
3178593981
1319865690
1802329452
2004133490
790446587
2147851228
8862936
3613932701
618330170
3066504064
36871128
319145970
35652365
2779738464
43291665
89046681
3550323333
1313308500
949815450
15379640
64545453
1387243911
34445828
557475435
37664401
1936375581
281308302
688726605
183948600
3332049
560562321
751235229
117147385
265399827
2177523527
39287854
2912457588
933559977
853529039
719498882
1017901040
4448412854
21445368
65189529
19038309
2400357476
45923636
587886494
2451267615
4176922125
214651380
2022722866
3350254604
178658562
36676052
1389949902
4897716206
566701758
1690024519
1760620921
2531576250
591567730
1822495663
56291860
751572501
287804796
1000092951
1774458390
1329206517
297759627
235214133
726532010
44979035
3189909060
58980465
4574239038
809433739
1577695671
3654922035
1088159468
21533202
187367731
23412675
4212790502
3725243641
3603345364
1706224035
1315223672
862194935
390977512
8021705
43144464
600454671
2570057840
1678280604
1563302007
215544292
2152089549
2385900740
895823712
404791737
441390903
2113303641
3350449284
3514386928
662344710
944644650
2391429822
226286742
2553264776
1024305646
1258196667
3226999923
95709253
916601155
2682638024
444562019
3951284220
3099456206
1445425593
1521537490
864118905
216
1278605284
1063196280
32956470
726844239
3055854168
1043855162
2533533380
124246004
2909015613
195672048
1637434135
3083067
2420716995
442268310
1383273160
3077697
600359290
79943931
72268732
541323133
27239131
276793059
37408511
393957036
17966025
4347285339
3412646403
17453830
1253065349
410126547
3086293456
1086647765
167928754
49137921
1311259458
464306427
275393068
834195654
1284736669
4063867425
3884811
11173208
1122671160
336701475
1278166029
83201297
528294156
325218180
642056996
36067772
832113860
95902334
1955473948
17480529
1973417933
1445499186
2038817116
3282281850
1470901978
1390947732
653470272
764799640
373525560
33209810
2942238764
173066505
792585807
1435683105
3140811849
2241673506
254373210
2366722277
1294670184
354458802
68811750
166419159
1096265475
930007897
1479685977
3855385379
25415465
431072127
1097107440
154106187
505262447
174621361
4953442
917352015
1783371156
9967512
354911998
1610287455
1910726852
81056899
165848641
3940965275
621352799
283140032
1817295
122024097
1155037212
2649331750
1399171020
1369560668
430876167
419719850
3789448324
3268692588
1015669552
118308969
24660800
662770936
195211660
27205981
6185150
2378585
3560566275
3671421480
2281592190
1816647785
724854
3864572479
874186500
527714118
593709562
1981502354
3065378655
419573819
1458197146
803461645
462034419
49265480
8473829
14843244
3308120505
3941398173
4871201775
63619389
182285873
1410679767
1722528067
448230175
406992390
6191442
