1001
14
846930887 1681692778 1714636916 1957747794 424238336 719885387 1649760493 596516650 1189641422 1025202363 1350490028 783368691 1102520060 44897764
2
1365180541 1540383427
8
1303455737 35005212 521595369 294702568 1726956430 336465783 861021531 278722863
14
145174068 468703136 1101513930 1801979803 1315634023 635723059 1369133070 1125898168 1059961394 89018457 628175012 1656478043 1131176230 1653377374
7
1914544920 608413785 756898538 1734575199 1973594325 149798316 38664371
9
184803527 412776092 1424268981 1911759957 749241874 137806863 42999171 982906997 135497282
1
84420926
15
1827336328 572660337 1159126506 805750847 1632621730 1100661314 1433925858 1141616125 84353896 939819583 1100546 1998898815 1548233368 610515435 1585990365
4
760313751 1477171088 356426809 945117277
9
1780695789 709393585 491705404 1918502652 752392755 1474612400 53999933 1264095061 1411549677
4
943947740 1984210013 855636227 1749698587
10
1956297540 1036140796 463480571 40651435 1975960379 317097468 1892066602 1376710098 927612903 1330573318
13
1687926653 660260757 959997302 485560281 402724287 593209442 1194953866 894429690 364228445 1947346620 221558441 270744730 1063958032
8
114738098 7905772 1469834482 822890676 1610120710 791698928 631704568 498777857
3
524872354 327254587 1572276966
2
1703964684 352406220
15
160051529 40332872 112805733 1120048830 378409504 515530020 1713258271 1573363369 1409959709 77486716 1373226341 1631518150 200747797 289700724 1117142619
11
150122847 439493452 990892922 1760243556 1231192380 1622597489 111537765 338888229 147469842 438792351 1911165194
11
142757035 116087765 1869470125 155324915 8936988 1982275857 1275373744 387346492 350322228 841148366 1960709860
2
771151433 1186452552
3
971899229 1476153276 213975408
10
1626276122 653468859 130794396 1239036030 1884661238 1605908236 1350573794 76065819 1605894429 1789366144
7
1875335929 1784639530 103318777 1597322405 1939964444 112255764 1432114614
9
352118607 1782436841 1909002905 165344819 1395235129 532670689 1351797370 492067918 1504569918
7
706043325 496987744 159259471 1359512184 480298491 1398295500 1096689773
6
601385645 1172755591 1544617506 243268140 1012502955 1272469787
10
968338083 722308543 1820388465 933110198 6939508 740759356 1285228805 1789376349 502278612 1450573623
4
1034949300 654887344 1529195747 392035569
11
87755423 889023312 1494613811 1447267606 1369321802 745425662 396473731 1308044879 1346811306 1569229321 705178737
5
434248627 1977648523 1470503466 1402586709 552473417
13
188213259 559412925 1884167638 1473442063 201305625 238962601 776532037 1238433453 1273911900 1431419380 620145551 1665947469 619290072
4
407487132 113903882 7684931 1776808934
15
404158661 937370164 58657200 1973387982 1642548900 1501252997 260152960 1472713774 824272814 1662739669 25187191 1967681096 1850952927 437116467 1704365085
1
638422091
15
1953443377 1876855543 1069755937 1237379108 349517446 588219757 1856669180 1057418419 995706888 1823089413 1065103349 625032173 387451660 1469262010 1562402337
6
1295166343 1057467588 1799878207 1555319302 382697714 476667373
2
260401256 296864820
5
697517722 1229905 1950955940 1335939812 1797073941
3
1065311706 719346229 846811128
6
1307565985 555996659 324763921 155789225 231602423 1389867270
12
619054082 711645631 195740085 917679293 6811973 1253207673 570073851 1414647626 1635905386 1046741223 337739300 1896306641
3
1111783899 446340714 1197352299
6
1782280525 846942591 524688210 700108582 1566288820 1371499337
13
726371156 1927495995 292218005 882160380 11614770 1682085274 1662981777 630668851 246247256 1858721861 1548348143 105575580 964445885
14
1520223206 452867622 1017679568 1857962505 201690614 213801962 822262755 648031327 1411154260 1737518945 282828203 110613203 114723507 982936785
2
1486222843 950390869
4
1266235190 1242608873 1137949909 1277849959
4
653448037 1908518809 1023457754 364686249
4
1129033334 1329132134 1280321649 501772891
10
150517568 212251747 1983690369 364319530 1034514501 484238047 1775473789 624549798 767066250 1886086991
14
1750003034 1415505364 78012498 552910254 1671294893 1344247687 1795519126 661761153 474613997 425245976 1315209189 235649158 1448703730 1679895437
1
430253415
7
677870461 932026305 496060029 828388028 1144278051 332266749 1192707557
3
816504795 820697698 655858700
14
559301040 1395132003 1186090429 1974806404 1473144501 1739000682 1498617648 669908539 1387036160 12895152 1144522536 1812282135 1328104340 1380171693
1
860516128
10
1543755630 1722060050 1455590965 328298286 70636430 136495344 1472576336 402903178 1329202901 1503885239
12
2416950 12260290 655495368 561717989 1407392293 1841585796 389040744 733053145 1433102830 1887658391 1402961683 672655341
7
400000570 337453827 1081174233 1780172262 1450956043 1941690361 410409118
4
1516266762 1866000082 1175526310 1586903191
1
500618997
13
1184214678 4504235 1061730691 1186631627 16764525 1717226058 1748349615 1276673169 1411328206 137390359 9726313 696947387 1877565101
7
1369602727 1630634995 1665204917 1707056553 564325579 1297893530 1010528947
11
1708302648 1857756971 1874799052 1426819081 885799632 1314218594 1281830858 1386418628 1156541313 318561887 1243439215
11
1505193513 1112720091 1788014413 1106059480 241909611 1051858970 1095966190 104152275 1748806356 826047642 1369356621
4
309198988 887077889 530498339 873524567
11
1541027285 1232056857 1745790418 1251300607 959372261 1025125850 137100238 126107206 159473060 1376035218 1282648519
6
471990784 1353436874 1983228459 1584710874 993967638 941804290
14
45826608 37770479 1930772758 1647149315 716334472 1152645730 470591101 1025533460 39723619 1001089439 1899058026 77211389 394633075 983631234
8
1645933682 1943003494 553160359 1635550271 69110700 712633418 864101840 1204275570
14
1336092623 410228795 1026413174 773319848 1404196432 1968217463 452456683 1302539391 1858504293 235745792 802205058 427355116 1388391522 1272796158
5
1280631492 126401948 1204462952 1210359232 521035022
3
738393741 19485055 1983614031
9
1655035326 1905241082 4187517 371653517 962033003 1047372232 1707746140 1372261797 73785405
9
628974581 1894519219 786039022 1931513971 1605539863 1021784813 586235380 32894978 262692686
12
1338299905 1543324177 1985433484 395279208 606199760 358984858 435889745 1344593500 378469912 272020128 488663951 33505237
11
345367819 257675106 991810564 1392740050 1965421245 216588712 1319041806 151519935 845563292 1066077376 937558956
10
524133590 1959343769 1215828994 409544919 74552806 927376883 1747844823 1617876983 765326718 143124031
4
1124311575 431530127 1421186594 1502781487
4
1909850544 1388803075 733327815 107734714
15
1725138378 1500474763 1464415776 1941727089 672032920 1615935711 639806733 1738110295 406011018 1269400347 114760236 217871138 337745692 524305154 292423944
14
124666329 1910300926 30449292 120306711 1986894019 1007277218 551836837 1260596964 362575056 1255387091 1022963859 1751378131 1988714905 1130698572
7
1566369634 483689686 567304790 1360613074 1155722605 35756852 419806
11
441767869 1122336504 861109486 659639007 1460082196 1385414640 952062950 577721121 1510080968 714880227 460686764
13
554290597 1467963982 34740866 1814887561 1830539037 1290127956 690367771 1434433519 1131359212 1821066343 537322533 550245197 157272380
7
1910858271 1312994985 1140384173 1763794428 59344235 1582152041 738647284
3
94307399 51245831 10901064
3
628966951 1520982031 1761250574
15
1003886060 168057523 410134048 1038626925 1982945083 93189436 181271233 525829205 1527622955 1312630444 199411899 64945487 1862875641 356684279 1022089160
3
1669679263 14989684 1242561042
14
1597141724 1981208325 207026273 1691449123 32454155 217927336 590335822 513937458 1738909366 204102748 1603591172 595311777 372160270 13725219
12
207621704 106914654 1815209934 733450908 1487053960 980356729 932862807 1404515798 695748721 1289547085 279121309 174515335
14
294110992 1417076377 245798899 1891252716 1250801053 452825172 1435218190 1135771560 670752507 25554011 1649709017 262178225 82173110 1105816540
1
454333379
15
343945054 661955082 931489115 11671339 1395405990 271059427 992028068 180785148 1675575224 1687776788 1470332232 1954696533 1862292123 134591282 101323876
1
380390180
6
235202255 833215351 1280311132 1370973814 1503967858 1158381495
12
1766146082 1240554604 1979015721 476152434 1694887983 803590182 820097488 209359416 1735079297 831768826 1604765405 6138723
8
1785550552 1534230298 1364090033 1108399135 1341443182 1078898507 1242990416 1442767058
9
1623380596 1287860000 298501963 309112298 420687484 1669475777 1813080155 1579068978 395191310
13
672139933 226723383 1907895022 219544267 1030313564 580508861 428903683 617909212 1412277686 33669087 476564286 1088590931 1671735991
4
305197315 632651477 1204754117 1384095821
13
500037526 1447395529 1351538840 1787897526 1745897491 1660651137 61101361 1267889619 1326247644 1640170338 1663080929 610506583 164826622
1
370917956
14
772634226 951426816 813274571 1390543438 216220854 699460009 1867107723 1304811784 223712351 1730418658 1610009098 856363828 787689127 846621270
2
1287726652 146533150
6
928140529 1892430640 1449228399 989241889 1012836611 627992394
13
528433891 1238498977 646755200 270754553 1609416932 1031126088 1043388778 413360100 1844400658 286448567 629580953 396377018 6072642
11
620089369 1736491299 1396918185 1476453196 376696777 96055806 60975267 1664423429 242588955 1849552529 445080309
9
1151297279 1434322198 1000372556 1779289673 1916250775 1528806446 870305001 415522326 1799560998
14
1446648413 695466128 745598383 1143565422 981914694 1375179335 1539942440 987987335 1162088422 12548160 576994986 411522958 1489001355 953691762
3
1402492973 470631542 750167717
13
915711851 737703663 108375483 202550400 1738076218 1887665155 118801174 1119399016 610486507 386839852 771476365 942724791 1833488264
2
1688323173 829570038
3
916018860 222028829 1289360872
6
234576988 1866355857 342146591 1723578342 672563971 849725353
11
1143195512 1599893070 83149518 58907362 190113084 44041352 113974113 1928189301 1931706507 85291639 900104668
10
472131490 1671581033 1337434155 158136105 991039876 878273680 987706142 1292413413 1794292539 1209734970
2
1724916171 1444311957
5
67062761 1020406650 825726815 769304466 1998994315
7
221713887 1934660184 1880346040 411826970 1978701536 1994320153 192532622
14
79611791 1092637290 10150110 404259632 616734674 1347584265 562395736 1607774549 78374296 1550101878 752704314 1872666834 612353199 1186994950
6
56665156 1340157794 1369678469 929588157 18400961 138982934
14
1987323287 213213172 568275359 1720185678 625040141 399493246 1567022182 817572762 14933991 1499150324 1910210051 25084101 1903409955 379461076
5
318322043 1987235625 1451042660 1868423920 592456290
5
333293470 1779451239 478841552 242474977 972125384
15
1172063134 990526344 1840019305 1953161957 830365982 53232476 373953667 403068012 530788968 773446913 1970090193 1348361730 788380903 1321756869 1111088132
3
1077683175 1490549208 38649719
7
1330301184 1489692378 1116945488 1922757473 518434574 1450238958 1554725063
1
1692713934
13
698312497 717293419 1369893142 390848154 522971727 52775475 296596981 896925394 455843486 827385949 1670372306 278450031 28264030
15
1600206899 1139352161 1124734563 530406425 482417720 1163384281 1926411642 1812718903 505593011 895873481 1587992727 1024027584 198628790 995234141 21303709
14
1374600939 572132558 461152494 597010432 962980711 984124221 649785906 1259577691 1881049614 1105629392 86963639 1403938271 1384079422 115227668
10
836802672 1107096181 692458744 1367209096 1589513900 1855843025 1146137089 1254749155 213952387 42010570
13
1237979970 93155711 1690492374 1111800031 1984498434 917609664 1683932588 298167280 1514620095 499429650 1282291500 16922352 1759007340
15
1122551743 1698487331 272312087 359147516 1666231350 1987519916 1195950187 625843882 532495012 415675635 67874134 240854388 1561812723 1322623288 454806774
9
17881520 1692786743 1549495355 1560890245 657103125 1386510140 331016260 193552064 1684677419
9
692981713 819485270 1862558706 304505405 1835342734 837626800 2992735 107654820 1196774316
6
1947691088 245240854 100670 332702451 660916488 67974803
8
75245563 1390598090 1028363611 1531585206 1260995961 573666705 933596912 674402558
15
172623404 1005418817 1424321893 1857300822 703571523 117303606 529302444 418646580 274325362 217161529 1256273379 129834448 177332701 305564046 1651574883
8
550804900 1651675552 310242590 1211721387 1719650354 883799427 1286966949 962764795
12
671068507 76277108 338346093 1604665418 750679665 1569115922 1777288821 1756098481 845954167 1487105995 312186355 815774124
3
730832934 1090099485 86086318
3
1219933932 263419018 145186710
6
240959157 695991609 228217070 551201746 1907712996 1947867423
12
1047196296 763148570 1199680560 1718264802 839425677 1538026653 1175446572 1590105341 959658926 805251744 1198720173 1805613092
10
1510906528 473903567 13798879 94255813 1564003051 99885197 81362125 636453334 363304214 79065187
10
604263371 775056795 1588695569 1155465116 535286142 1389079343 442982640 1582482438 4744264 1642663199
6
844169940 1033206203 181226514 286791632 1992865129 986478258
5
1650994572 1131352347 848934684 124898139 1145151226
6
1541417541 1245036422 877068973 30387227 1608340635 956134159
11
65120357 1731190953 832077646 1220585473 118993447 73673340 1663568112 1701475884 78417604 1158747662 707255826
3
44470217 888482340 1209379175
5
1874960597 547407331 1540846268 858829295 1396342014
13
3980520 192048861 912194651 1101533293 1069117833 942581877 562390280 25251991 185963954 627510636 1608959296 1018041599 1848096108
7
1091714938 1364180571 1281944977 1170132541 375444585 1989200802 92720084
1
730199493
15
309766497 457676441 1702022940 1850612764 1316505736 950881305 1221389874 1173002607 1142930165 133584524 127052252 64564350 928682752 689442531 89816340
5
1316953166 1551291987 132688303 1017565626 1131761080
7
234262548 266222408 99568485 609707132 107939562 44804920 1029621932
14
1199420529 1339388428 1295815495 753959820 1042517544 464837582 1704841124 116423769 1637840188 700287640 102524644 1764892439 764851989 1031207395
11
707184681 145854099 1623804487 110993019 131058753 493886464 1242754099 1060494696 728149011 1508976506 1160063180
8
1616916067 1204868099 219994426 307571473 256804979 1559382854 1603386967 1010764798
14
68224548 568122273 570840517 1558581087 1268409913 673365160 1175989878 33261901 1704572554 1482841198 592962933 1702943004 959162036 703955952
8
1453048499 1946710050 599529155 33713862 1308202907 1759592335 1371570004 777635326
15
1591564429 1085206798 1073781764 1003463634 541110116 84546561 1457880382 461851015 505185186 28720898 20432101 1773595098 554602409 1048938330 1659373350
9
384295880 104852635 1814634317 1343457915 808808586 1353668776 649022766 608034987 1953197931
2
1916237893 1565306617
5
546389570 234799753 1498387410 1631596367 1308581516
1
25222834
14
1812247777 487073848 1750829614 1693485027 360022301 1376941063 100603787 1408960630 888830764 212295101 1793256509 993683398 26929417 989230776
3
1233114545 1638253541 263043321
2
173506519 31797566
15
80329500 578187135 691451547 1578716909 62299854 33063 1933084304 87522687 1098193843 1597848433 574596535 701539808 1143849811 934618835 78480870
2
196095816 819827985
12
1989352325 1813511383 1336194466 831099452 1468519717 421825362 321869344 1731563038 1460654188 495375862 1763360603 1917305982
6
194064089 461273880 6938621 256363942 313823294 1940022925
4
1412017136 1390387709 918483163 113556943
6
1853101997 44554164 1631207467 49197812 716898501 940472516
3
382926235 129183333 574682291
1
551008694
14
1435525340 11662881 1391927495 1051402294 1781485214 1967632855 1245466383 95275445 1974571476 1501830324 409098739 1767110752 1845716952 1821115874
12
616716466 1787189169 1396768682 322334814 1684259684 880492500 224048978 253674536 1820965015 115115465 636600770 1950148347
13
340563073 353673392 1438865741 1776088412 217852624 683309588 680007058 1999337837 503458794 1925473440 94613282 330546621 1279820115
2
97657372 978053419
7
960188535 1594769884 1817049765 209473568 1917104698 1353825801 1089966068
5
1607500336 763447434 108785491 96617458 566112133
10
437180530 919785524 1942481691 65785293 1137638148 478307630 745792350 989492336 981766423 523782141
9
1312313044 1803602256 1292850340 1262486767 634172026 1322710937 75191654 81458261 992277053
6
1998562958 198619205 1374631288 1992232984 1806119541 138078722
2
1902736998 556707206
3
192433879 1476492729 104665170
6
466647228 582972799 1004011521 1456139564 1564739222 1527793661
14
729568617 1183912268 1538128224 1992055383 1818084293 713355512 67247036 1899542554 1705632564 204428609 1750621863 1904251769 1579059896 1595371199
11
1569654969 1401422377 1318141010 126362174 1711089504 1510574888 1455371255 1815754674 1768794058 1922018482 251243824
10
1230674397 1815983045 5631943 1475952281 398068013 1189544210 866596856 242639748 860144855 1579952367
10
612203760 1138101282 366831743 215341974 894869402 1945891639 1810713172 310273414 1368062959 1064651900
8
1346941485 628257756 991505662 654829091 296528781 612816072 429363924 547772604
6
1660038321 216272001 1243769943 988506953 614340013 285830505
3
856979760 1145975359 1287572526
10
1758179118 278190159 1386214637 1973521091 1173059561 1184622627 1636750615 1483332974 405201938 553918866
14
1752143422 1182176621 1955769410 259488864 1478705401 421101833 688852787 26478005 1659239834 201407459 95266357 755526128 1189914411 709606369
7
897534570 1566586129 39848342 37623447 438485375 1798027459 315813606
6
1624064902 1488873166 861838990 1113331868 824722491 1267040927
13
1788986239 871700700 701943706 1597272001 1131189563 33165458 18373833 1820042349 59643462 1530130018 21449808 7426170 138172498
5
717032539 1179529129 1961415140 136135019 1219377471
1
574620393
1
167368543
15
346502534 1656241708 1113675744 1459834401 333480551 233233022 979601486 122466789 1104933721 1681545191 1572255141 88639635 1714710648 1443145326 1908681984
12
825791695 1782648143 1634296631 963964192 699045064 203845521 143493321 512976555 339980539 1215387143 364531493 914600931
8
531900035 1166437686 284327309 40658095 132629781 1744161709 374138645 365862803
6
349121785 1470796523 110341088 1921376926 1559436158 1825051736
13
1320634493 1304438549 42830297 955798987 791251531 859310841 1654844050 995097052 855320513 20336957 1335077590 70707655 384868449
8
8532429 916768483 1268632558 145376089 957426577 1401262338 1889537798 1331565221
10
318333695 1680687006 1090438015 428674783 1454580283 502390524 106242870 524135237 1823025016 1410681418
15
631340354 54449300 1278792725 138700755 1049546351 134113237 159037711 237140293 57337243 543906159 339335165 1918386024 1460674642 1607967722 63762112
5
861746411 1805816261 1602182791 481387903 124149956
13
1571825917 405341090 442482782 74216440 511583959 966618018 1749757807 1922265376 1386099902 233614512 1976714675 517408979 372315266
8
504038567 531352977 1115917670 413892162 1075259135 1455252834 184794537 388450128
2
101073000 659067698
12
1906889261 113766840 111387571 1883555568 1249152987 1683213487 141413009 1691635768 1609946278 652996967 510770137 1212220436
9
1896870038 1445834947 257009720 266795368 1818150213 1135787097 770833935 202019541 104221118
11
1277278675 1559473951 1369520632 1665728803 327727209 1470593631 177312852 105210526 1229999243 291079691 69114448
2
1540232677 1752327935
15
1084384796 1214790564 1760481136 1595154932 279527352 40776181 1344541321 1725362298 297785901 1611336689 1396028862 1433572997 234686975 1598048402 1537794115
15
727843429 949784417 641450053 246088583 1277511626 112043683 423401434 1235238503 1194559278 714481124 1304352950 13146791 107230152 909197236 1120630961
7
123987800 733628448 639286230 256031503 774404629 1983827550 1981393800
9
1447680590 1229939014 358279877 1682367564 680503767 1896073991 954296985 1408347195 698374760
12
1654435777 1975886385 1560307072 77837210 1063641239 607382701 644834685 220510540 620529491 752064836 1129707776 1741160451
2
1106211927 327305251
8
1362243429 1101709879 271826265 1196153580 26416759 1719506854 278608945 384696635
5
959112712 133286978 61204106 219976258 831661737
8
1874412035 660064473 1069774566 1804765596 1723705711 1677157266 302116633 1944216250
8
1054181468 926440377 1891363559 850377602 32652303 71185161 1285859964 1247412083
9
1557686228 296082015 1199311797 1129709434 574690959 1584008431 236616555 1533803670 1717295408
10
1753779928 401473496 1954771802 1480708314 1061537968 877062719 1137990261 637760030 406736336 1440106893
7
556939444 346804713 1360933008 300819354 1197182314 1246101663 372004514
4
346030097 1544899552 1893244857 642112111
10
875470642 1216803070 33252482 1112087196 603123091 1750547890 1409907855 209419370 4537737 1217196009
13
1066075705 94258727 680634296 1703835734 353511415 120741188 138328365 910450858 320062252 1351777725 1211270211 1517244565 450395739
4
1852803194 796425835 980690627 1598564402
11
1577418326 326551395 507857367 1610670807 1438638590 1110980457 1213735048 701062796 1320399827 1218272785 1918258804
6
136864841 1865033883 1543678156 1840700574 71061649 1516935696
6
981512506 1836997947 1035839367 45299068 1206758864 1486235105
1
912078409
6
461780769 363159162 1573715236 39199094 689710556 81572602
7
128349145 1045069411 568637652 681928292 217985589 1786910436 452703448
14
1923775276 170253682 477223957 1616992201 241315330 1994159652 1301053843 1222827835 1683673950 189409561 1268126902 742949165 1675644665 749217044
8
1810821956 1210997812 18186734 1237053543 1102713257 560413641 1171142497 457615860
12
68728259 1026253511 1223207429 286713847 665680298 1675910876 1367743295 441971925 1846164557 1844967251 58964126 87479886
14
1212534320 1162824072 1227833556 1401943881 283467325 1970782720 930104897 1032684368 1478326645 593443204 96198531 1349029730 1830496747 1198911787
11
854155595 1656527646 303238859 922883853 535297509 1526446287 1209597699 1200977806 1054873514 429857345 1642949731
7
127340948 1554430208 693550659 1818984201 619480879 1856374730 899334108
9
139842054 722633180 804046008 1025042773 53476176 1397489211 1121241303 1402505905 1080502309
1
1164465627
8
1829197087 1467704486 710058107 217010947 846667124 1919655805 1417988752 1901540638
7
913454834 507611411 329370449 320401393 1201162070 871001 939882272
1
900205109
2
902411557 1622838288
4
1927454329 1676314463 867874952 901211984
9
1948377260 1073881424 95802346 1735551515 755594862 1416023183 298125973 972605808 115206658
15
243110912 16747295 272327631 1156565745 376875058 601698079 1476967138 1578037127 602569079 269365761 340606629 1502774187 1083189142 1243018185 978128826
3
1022988866 506959640 1421449834
9
1438296359 1222343445 850598624 1386615056 810411311 1606193486 655154590 1108537284 431315645
7
1178835413 674426556 639624894 1451163043 1830992301 1016499951 52861121
10
447053429 507946551 1429841550 787660057 10720738 365547043 30678242 841365915 919121925 906183459
5
193088110 682900659 639138265 1415431555 1533499282
5
78359217 992209119 533424261 1186896500 1423524764
12
218248264 97951319 1943410400 1669411306 1781459971 812426702 1574788778 794452112 1259480130 82735329 76810013 47140187
8
442357056 1930334780 639854684 1361478980 689034590 1988180238 1554567090 1371935248
4
822514996 757950881 358104525 900874212
5
891528785 87770712 1026201115 47830644 158535327
5
1991241043 1827946633 610645108 656184097 1255251762
14
1915664226 1190503442 1481907232 1815320764 988992211 1924264287 1598171895 1628846895 1138259618 139722836 1469543484 545343059 1511658083 1949378338
14
122125316 159999214 121248618 1872285315 1051527999 61535681 751002781 1099358642 220071007 1727671565 943116036 48017639 190833024 1599300132
8
1595930243 1367480710 198805546 930353826 1035317825 1187797757 707134464 486006072
8
1845394081 625728907 138704486 243253492 137386990 1940599175 1611111545 112028657
9
1732360162 1984313971 1004642739 1793895842 587833103 104001380 13966849 168021019 899633767
4
358854043 351450251 922802943 1954784285
5
1121608489 737654462 606765136 161922597 1444788925
12
831083599 1142699357 1718500114 822304436 1385952848 1708403455 615419963 849580745 1820432111 568534703 434457258 1657262433
1
80869452
2
1529695172 94836300
5
281845290 1861853490 624486947 633295540 637172785
13
204742851 1758781273 1169442044 811507987 1920703869 466747320 1904279193 604303819 1609446677 1475295658 1426608254 847915876 1036215464
6
1697496620 709163926 463079270 131953878 218942710 36256710
11
316554596 1418468233 12692332 582187501 1700313523 1874545821 1206674447 186125414 364234957 1638462030 390868265
4
660420425 1202376251 1896236449 1127167745
5
353056619 589130773 286983805 1779664873 1437046648
8
1674209440 987059620 32363194 137288710 971529849 103822255 26061771 1036869529
6
1297046356 1049561860 1002564351 849876230 776624032 61755149
3
1140858989 1700217178 1426869907
9
213153955 481762509 865144370 1340321699 1440934304 1218200988 1929452471 1727918108 850382212
15
903633727 377108004 58591441 788513272 366913065 1030121289 892335527 245491187 66990817 1312712377 1542537542 969069028 167793079 244930123 1745693060
2
1280931766 739068400
15
560318024 1855459968 142919359 1042080533 573120689 1335757409 335531188 1791321677 1117726231 63449295 494220240 189258052 819599373 871328243 247849493
10
1238241307 1277970781 352964523 1483732494 1197477950 1665676899 878786387 19063329 1833469977 1123716510
13
63018203 257164627 356341139 1845299959 817482650 64317459 1840735669 1859563182 637438147 1029009429 47610721 281276175 146735659
5
775496415 188510063 783175740 1646824657 436359555
1
737582316
15
596769258 73831161 764324636 114962508 952617547 783387965 1948432484 76334056 400660704 1863967038 186015034 757001843 1561783349 1003497684 821319301
9
715577217 1458757447 136561150 763187938 1740033622 135813160 726764304 368046388 324323222
8
14871044 760682776 1753744778 604969711 327529463 203030387 678800871 1091854098
4
1631418418 1875242062 118941729 1560268825
8
1982908767 1746283859 885420960 1397208467 602297894 1706740260 504760187 1317875110
13
641321336 81063047 610564031 777134496 660343703 978610418 1101457717 22800097 845997814 1862140493 1776544875 1450967524 42186307
1
129768395
9
150084507 1613703164 861798818 269026235 1026488340 990217935 104451353 625288550 1875638894
9
1227586443 1434895505 6420006 397977905 305425914 500257693 331557303 915989945 1277392188
10
1894600362 231366257 1014701102 593114527 93506749 643762328 44082051 135693055 475853940 26366797
15
625938446 1492586312 1984048627 894964681 371591003 826782913 999416033 996879553 554938158 353592204 76982347 1989833662 212528561 474960251 147775928
8
806517554 1063765872 1990178441 1798418558 810882585 74061049 665636011 1403997112
4
1309398338 1300595514 8293555 1785252278
12
1130543364 263707075 524581325 967108343 1158671755 896172327 1793891255 10604140 1893051879 201345765 364196343 1970034226
13
576724903 297510828 191471705 1289511155 1104028381 1255237576 1132205947 754963291 66120161 1206266995 1420599301 1322633624 1226351143
1
475745489
7
220282620 1655224150 217704413 483989694 32321826 1184812755 1642661449
2
831220361 1653265588
3
1032566125 17461930 496612960
8
446703184 794123787 1267733607 1736214338 1898152168 375487535 720936637 505631810
12
1927203631 1926231110 1616757670 1006071126 361261452 92503158 93232174 581544071 1600243659 310936586 1065533765 1632565484
10
560711565 413575987 179486053 66493504 1087638369 1212052177 83955433 1584251328 140830431 383174968
7
1408564038 119389305 129043634 1784051572 692842293 487191795 78175618
11
265939256 1547449639 1478633401 627200708 1492469148 1571865574 1208744778 945229158 1882802160 126794894 430310993
1
687506458
14
1410553903 753999961 1931525348 475122432 690471745 1368293027 615952862 1073646712 1599184493 24516899 1045552369 1580744478 1661084822 1738394661
2
1591776791 63473288
5
991742781 1542106688 813592587 336728280 966488614
14
1281957437 701807125 1648610 1712268429 1932874975 689155067 408671760 1195945230 1443155028 192713459 1671067661 133626772 1561006485 139536874
11
1012707330 16570125 105342204 445968159 1677654946 1696253216 366420783 1121948089 1759726504 552812662 113690869
3
1366405248 302935501 120838156
8
1584892937 675161632 1242907572 1149677718 460552959 1932062639 1558349477 1656498188
8
1751062935 1180082200 1213877141 1164585771 1319619073 126183328 29809452 1336189197
3
475777611 866360495 1780295099
8
1988308583 1392537954 1395011054 1954515803 399403848 613932653 109967655 372758356
15
1694860592 1047919987 950615539 697054661 1508472945 735194529 107920489 1017487484 1962928546 1858983423 50086035 1029322038 876085545 1369705108 1155505366
12
558410656 1239547248 1381672607 1424771150 872358698 76387351 1265596084 117413003 1471398404 1072628239 516816851 85331056
3
889575206 1793039022 729972836
2
596170912 1427027496
9
1331365440 1534947984 168488324 1146810337 1246447758 218574359 28648727 122533303 1588279466
2
880944651 146690121
11
115133609 1423977623 1148576389 191520959 542090058 1265989391 1662919362 1614718296 1782806241 1600766769 649830541
8
1246322142 1379803376 314909342 1842493054 659347224 1613393830 1026374845 46811559
8
25701534 1293259317 456511 54350260 1268308971 1441252328 1238504351 1769973
11
1514722041 116903581 716952775 515814781 308424539 1259042832 1781804172 1971343900 726277480 1417126764 1424627020
10
1942024562 523465513 608427747 109450255 218474918 1267774970 1722844084 1244849763 1314586529 1357242588
11
460362197 1210215451 1324901555 1728671167 503984130 415922257 1730441139 1944442930 1930644297 1847344719 513912056
5
8285609 1772954888 80779601 1979629508 351748719
1
1256772879
3
1144963629 1780238391 188800836
3
1998713309 1456575806 829774318
8
623678686 39533258 219147070 1084040882 1249748708 1544048624 665228400 1753732837
5
248185890 1550692119 1743131528 95530608 64604174
12
103816216 1690075413 1975402909 1935962075 41824131 1178341977 1045251305 1622197220 175821957 678006047 1810998056 1430235840
7
1120090213 112526509 1625315129 1743768898 152059766 1844462198 680326131
3
1241027173 1345554530 1008057662
9
1593740419 411266132 649162284 1541787378 328386657 543785592 1498119945 18462070 371704853
11
1912802552 1550046829 184366027 1387516124 1725868785 862372073 1051030531 1008620976 1391607780 23637095 1121147485
5
1767405992 1273207250 566417810 300248474 527532075
2
1645803003 1535589736
3
1092059773 1946855867 1362638021
7
127758875 1906423612 1984483446 146220944 130644816 1123598168 1911539848
9
1307964194 1151572323 1259076781 22852618 55119205 120214108 1414460397 78756299 1241361592
9
1846162290 367085194 702833818 146410763 894617268 362795151 1644730117 282723355 1076270888
11
82095573 291425260 1075669742 209854447 50365224 912669539 208591743 181010039 36267706 120131590 1861701683
11
1124220264 973294815 1219600868 1179339468 1093508922 486577617 1258095766 187386866 622993625 956774407 554472059
2
955701521 1449089326
7
452947989 1731812680 617409832 1042254229 1813908252 908835091 117923970
3
959200314 883109860 84870792
8
771893917 57518733 854428387 1968642167 1181738996 1827723201 1040759386 213594815
9
1527337002 1471690580 961135339 2846978 280981338 1515607397 1328674419 1236682858 817213074
8
1689630846 401542105 1487223194 584401426 67966708 248574636 554841747 91729406
15
1437951606 29116549 200501654 62361874 86635282 1054930040 31004040 1268374277 735169592 924279778 1481969092 1508918065 304133131 806176023 322569756
9
1087157361 1838177152 1635654527 176356570 507906578 357984241 1865987416 909448682 1845207434
8
977415390 93782070 857746940 921661147 1154073371 148214897 950777695 1354575024
6
1037412976 262021415 94097162 158303605 997191006 1018376939
1
358625422
15
298965070 681195177 1629490178 1386122430 371888681 1117661056 1562479000 879795258 1475645297 1280982767 1789243939 1173369082 1583887959 619175680 1119667503
5
1540836826 126257225 442366147 344130873 1480832248
12
1381543848 1742853662 747040078 1539847452 592561019 1765417017 1032636499 951186441 940443438 1331601569 1632381617 422449967
5
4270297 1540111022 132719349 736581906 868272670
7
378342197 41641752 702622778 997517876 1013825606 996774027 390871054
1
1439140173
6
473431430 92083089 116545773 68801444 691639519 1508909577
12
309572887 394062427 1612548902 1250016324 1725663995 1097446871 1672466290 148420697 954233519 1065093663 133656397 1690815425
13
1399874864 69157621 1827524436 102497641 919191848 693866393 951788019 1310062901 1833949223 243444544 45064826 159897005 188043984
1
228698448
12
1375552879 890060909 1189256388 1769615305 355126163 291789063 1347795652 1452573033 1964255352 1496216348 259322903 881865367
14
1950138327 667748051 882263959 1871812299 347788838 837277951 643520499 1041655230 1789065970 1953583399 728120805 32510513 1851164577 888017809
13
1717807879 1116716256 952754350 945877109 6777164 142010737 568008765 214419678 286316152 1915804416 1666992710 103087855 1264537115
13
984953221 746926211 1728970291 1652701271 1629190169 1453298942 490108 318984472 96819440 894661690 108050441 1902919190 1622782494
5
1606600118 363316654 66148152 1176924348 1480032909
3
122801456 1339326424 865945942
8
1553746102 1152262093 311647340 1073255163 1255349947 1576184455 852087127 92819520
12
433573770 1745520790 1804817185 1886872711 1598527250 123801656 1836208502 345705291 84368448 1591644043 1968487784 1929962104
13
184320789 1848626608 80201212 1664353697 572561812 55519020 856196472 1438507753 598845592 262458925 443286197 910492931 1335714088
9
339193737 40317566 1791455663 514820753 473891335 1389492804 172154290 213280397 840536405
2
49488898 1186241695
2
1493649293 1007245830
5
396926157 1191566618 1716462159 477127368 708436666
8
532646387 1564633138 1580048075 1131491978 1827092062 23334272 41984909 1015322501
7
233694997 1055640067 1218458781 748515750 1529531401 460467936 920670039
3
1301004341 1069142335 1644817047
12
1154499431 990982691 1347008217 1022334983 1387908847 391091186 591313493 1865036215 1099527852 732853815 250198953 516677341
12
1381690931 196285754 41268865 1276192191 1211608255 1615755631 1509887187 119764673 686730763 110919288 1649296073 1147198698
11
1244624222 300719390 100731661 741957621 640481777 1107747443 1732940311 1987489993 130082425 973365510 231097530
15
690918076 1330625381 1306766084 941117028 1847302721 1472184325 175324310 43588475 1513453189 1451516500 1107713081 981725171 813920039 1227477753 1668455933
1
729290177
3
1956428652 1973914399 968890372
9
568388371 1609372148 869940458 153845033 1449378492 852539235 1127210542 1680476022 1426451504
7
863617754 585733939 611761997 563436827 57918264 787086306 459541653
9
91119158 1567254733 258129327 905039196 647248837 1926585259 1829878521 1376539013 447272593
9
1202969763 1416162965 1401016539 1771358133 878051464 123473349 1925203166 179946308 976012583
9
1860422329 254980438 575575028 576556434 840714376 1187337024 1139993260 751148991 1974423329
12
27553147 65542486 1019305996 285682473 823098033 1666554832 64784083 505492906 895610197 512056676 144316429 98579959
15
1397849320 1722454444 658787455 1521322668 1500173961 838733762 349851602 257620371 551672442 604832039 833195398 1128228876 1445546414 20532421 120738487
12
1847472102 1720273399 76764903 1765530939 592095746 362447375 441145324 111166930 427231457 946638229 1006777126 939288132
4
957873436 720024123 193836680 532844231
13
1715159347 33018191 70061691 65010948 143154914 621734133 522359338 976350311 1749963008 1967905752 849399084 1870701494 17117508
12
1443491244 93882410 167434827 35586990 308846136 608580150 146753919 736077592 1555218378 1006047396 1675365724 351205739
6
247906198 545042418 349281414 1626717775 112718117 234815956
1
30245416
14
171029950 552604754 1354321180 1920992957 373026857 56236615 1644210802 242660716 605624151 940218398 189059477 773058977 828321739 497905612
2
827592009 1233983203
11
1833639404 761865278 1140579594 1650076586 1009771476 1685622012 1999357999 489005602 1798340128 86690307 38301419
13
464661175 209331368 233706648 1818982354 130324324 606733504 1875218968 1627051478 849394219 333359470 419786227 1038453695 1106418447
10
1536359306 340573925 75699973 622858861 1129947780 1761855728 1384724138 123043726 1264448665 247011965
12
1116323016 736017567 1459522216 1203013322 774318985 1140624110 1667674496 983650353 1374330758 1339173202 966491028 1981064261
11
446058857 682974832 1400267991 865845083 1721428526 359202789 113953047 1110304184 699776713 42169371 1733163044
12
1656541450 970403533 1952768217 773506467 1217415498 1613950305 1889829482 1953433064 925988872 945359155 580268400 66612982
12
1563918752 1293460091 1804723203 382926132 1127040703 724148076 828984988 1810015534 124416066 1694830071 1383960412 336135206
14
346780947 1035911918 1555985192 79943990 718152761 1065042993 902863874 523437330 1838549459 120279371 137387634 1580895292 1926228786 915892858
8
359013538 835022191 844320800 1922932289 128482281 501560354 158374772 1108039335
4
987359760 770571221 1202640846 534706182
9
1538776051 48522002 353828930 427204320 1604507193 286289271 1145357081 522066538 1189153144
10
213132348 1161948867 1658698395 1794027640 940694004 427107604 25314789 1299707541 1262129794 869635588
12
1243128426 1371195942 1233530953 203684113 449420722 73407064 974255333 1652061568 608113245 981303316 1043353970 656635247
5
1470558290 113658791 1621421515 468431722 635725328
5
137226131 848857676 1825039876 1648440877 495401667
2
75548481 520716455
7
1190194626 1390352043 845630305 285839404 614064336 79161258 489523516
12
5084673 1463778848 568062976 613197918 297598515 1611416946 1269833164 1632730759 934491587 1383491954 1106668625 1402923308
7
1769759634 1392665790 720591309 1447315862 893623018 1215992975 65566093
15
1736709429 1836040216 11882476 979577823 534186873 150238231 1593642158 465864482 639761746 509643567 470949154 103540593 1077706542 1084147071 253655459
9
206496586 1886386217 1476131425 1589988540 845571193 731571084 1461722173 467847178 124236873
13
1915163039 870376243 1250822807 1833245483 1692064092 840048587 1521802051 1556462919 1819626410 55988923 1706701149 1265784919 374369756
1
1775428485
14
155036190 705651379 1929465980 408691648 1247291217 135962565 147594216 575938994 1578467456 993165408 1307510077 892705980 1461012586 1284263302
12
1228691976 7155896 30874970 914453811 1699219987 870923557 288772213 1108199258 543066318 197277487 667416758 1808851236
2
866396004 1436796073
15
1021432193 142447451 1198948481 1430123841 1242255019 1187427398 1577718056 1818194012 618411205 423399816 978220441 1511117185 1884412401 115000094 291169348
3
122155989 322044318 1880074538
15
1192967874 21363102 782091584 1736034191 218640588 1449508342 1397401778 790287829 168420697 686714202 59770331 1189852889 681678004 1258718811 472493081
8
298662560 50211137 1594643386 917073765 326127304 425380178 280707301 63056056
6
571876648 1028676783 662536259 893920965 761267673 336428586
8
782630774 1118520169 1675439380 1001271362 420544862 925357510 1791559190 588965558
6
1851329520 1778818447 146266067 962564683 103827879 70199089
2
6555367 1517358826
8
332682670 1942739004 311524658 395738725 335635626 883401306 1424415508 998171885
5
38199532 1334600470 1716727460 820830305 305636990
6
1822101666 726181852 22557052 1466177208 1315147409 1634628763
9
946482207 1780894829 132587761 1050310086 1703610269 1246331355 1056865452 1073485446 1277148712
7
868740801 1588673370 1785286846 1204376427 324591027 1062218705 55064663
1
1100418236
2
1671157107 1921248541
6
768356650 1595866558 274000324 790913701 914560117 1589147733
5
84583196 388146291 58953643 69687308 1438456376
8
1168535014 347838180 541082061 298200078 1737386301 1409822861 1886873447 1375189498
14
63980825 289924555 521780301 18410472 1390342790 1911445432 1689567579 1164107682 1459263905 310440580 612490592 1733264228 1101354280 1527050708
2
1379413095 1464150255
8
1290883089 1386353915 854047330 758479704 407405280 1201885509 1299561764 705605357
6
561900976 444995155 19494011 1028616615 508975979 309418565
5
527386451 1699761354 1314358699 69470381 716385388
15
379910960 1328875979 211919534 1481265239 708443038 1386847846 713194685 25109645 802438800 4077774 1411463559 1656486129 615073829 1818868838 710887990
12
376990547 1502676150 329052919 821985701 1522170160 1357669533 1330961680 1831588724 760582800 1858348130 1383866430 74941498
15
100251817 553596804 160245821 1281644147 765516337 1641511059 1990087184 4880534 207222096 15196828 807319333 63816221 1279176738 316321814 678890049
3
1027209803 446041992 1327552474
14
775094910 2054526 1904572464 132764443 1333016205 1588677539 745863594 1043880686 825060320 673321443 824215547 777828488 1226918246 984461367
9
1992434582 478488778 1902076170 1997315116 685710873 1769789349 657150800 749527093 901482439
3
1428417141 1852044366 682415
2
1032113191 235601071
8
1034167716 140173534 487351187 219700273 1581367424 1233214780 1263580958 258944096
12
87796505 1036772583 985970819 924774223 948761569 830921753 1403263000 703354090 680753220 88973872 325659790 1337904019
1
1227142228
14
119434456 931702945 17091750 1846409939 1963816135 252692820 200996684 850500203 245382705 688347870 1070200475 1826750129 1921562650 186297784
9
1680615223 126610640 974983158 519102394 1051384863 1923744726 1350024146 307164214 479615167
10
248654438 805274957 1221197735 939671753 32417184 1385090718 911622561 816636481 1402182468 610548851
2
1654875287 811545534
9
1900257992 1499893404 406185995 1579524472 1273972405 592483779 1517735047 807103979 719094418
1
1326206372
15
121495634 528746869 77643494 601110800 412040585 178814283 1406385756 1633238320 1118486035 1291319292 870845389 30108595 107955772 125544208 493173798
5
1780419495 1304719331 76910259 1533193838 657129086
10
965234661 1931101490 928096383 335486059 590721821 1647190801 680720614 1916928192 1270186432 802216247
8
1200346277 1403327047 710231997 1379160559 662229154 195986668 350162946 1953548445
2
232787892 1914020568
14
725961689 359978010 825312110 30681020 289404620 211022299 540326457 625017224 1176256959 323944299 1553113607 1511743017 914666119 1052820759
8
684110662 175523542 847196229 982302074 1375869819 103039627 1692534071 607546729
11
1888520738 957709674 571333577 807869146 1190497566 337870497 245410 1916459254 697848506 678073871 1799656625
15
889096170 192499434 1612270348 65353128 516443732 1017900306 1429612497 1431109850 70721064 1474592479 115220511 98760958 174305059 950038937 1474630776
11
495089359 82177504 1042613466 236126448 892403530 1613947042 1043995594 82901095 1951817538 896757355 1851876700
5
1574831225 1504049677 1489435519 316443746 1696549110
9
234313226 65509193 1972122524 1663925722 1496619042 1895359940 991034552 1464355904 1994120897
5
266911192 1321268024 1442684295 762000550 1255961879
12
998126998 881760 1951761154 42122591 83782854 1756095043 791396297 1788175906 110793790 218743873 1144741934 1600229308
9
693807395 406967878 769500844 759316587 231606754 285942917 108451980 126966693 1276977468
13
1973603941 294833429 1839719075 1147388316 1737517724 454235976 255866546 75331835 1452362973 256748306 1879609340 1347001915 193047511
10
138398211 1981223416 1599014524 209658436 978481701 1051760183 744846054 1672289095 1458728061 1514346897
13
1690334814 1800289813 392574012 1669817858 929783632 1965381895 1495938150 1224617060 1657617321 495842817 814651135 111853296 751709362
12
1416732621 1008457667 474625013 616250887 1201505178 1962845747 607165450 1035244945 1414376622 816823885 13726646 318653157
3
1538532092 1777381217 928533186
15
1320232382 581339350 67744488 842566591 1511122981 33126382 191021092 588256392 1543260054 686863908 1402907527 1507629702 1438573269 145406848 776878674
3
472548212 1393129560 1501052465
11
295009 388813761 1702286932 669635245 255056758 20940088 83821534 1793588850 1650837656 1012354719 1468759326
4
1593694068 1536503813 1666152979 957333400
12
1857174070 1545589792 817922952 396554329 801013670 178069005 1835127598 798936869 954947678 134674885 1271485080 200593590
11
1559395390 53404950 1877057461 1114198674 723040195 132114219 987655113 806861728 1778219420 491009121 1819216447
2
1314595509 1265426866
1
833264840
3
1910661807 542955261 1620866409
1
939509590
5
759170115 627153539 1073333298 1714117793 614344775
9
1914711382 102588475 1756730119 1968116331 1832162287 723445144 543672877 1816792857 1711100256
5
1447528628 54625728 1022267403 399540076 1369221237
10
888055337 55002428 215487237 651233495 597957688 1836353645 1232334605 1537467277 110750074 1991504720
12
1036599723 1558138864 631481941 1233934452 1325366597 586586767 843180922 1145999279 271265406 1566626065 1689672156 88058262
7
892723112 1388103242 1184868400 1914990514 1787643317 406605988 55201133
10
461608415 123204722 1179448500 1059566102 1959558366 264299456 449549731 1922824792 108320527 466686897
1
1666459390
13
45875317 844342338 1684755604 741572590 1990341617 1956021009 160715006 1532530124 1896595623 1290957678 277769587 1137215216 328342429
2
777374884 734948416
14
1305589889 1196556830 76198657 337554740 108639283 35757023 601854195 558189013 1811098166 710174722 1024875910 475555383 229150463 123044747
7
1073492801 1660316702 1115519641 916350769 1468854063 1276234647 301397244
12
419708676 579166830 207697604 748051104 624443281 985072487 1482999519 577437216 143178727 532072700 653635873 480733466
2
541909247 1082587661
15
205523764 1792762382 76293256 681079146 21912844 51854354 1055026197 947921996 1712171055 23062190 1864272764 1033541469 1299296836 18186359 104023857
6
597353188 311721460 319572966 1221796468 1296793947 1802572484
4
1439972673 187161535 305385908 1920706139
11
847295154 855810151 26774510 1052818917 501088884 103067765 1733898062 375518079 7438470 641440611 1323440075
15
664502800 1040229190 605667345 1963799635 1058415549 709691202 1535321497 1655768736 1021412661 1854894462 730081556 170722959 1509983297 381831591 1610695632
11
687217498 1383918122 377534698 1534512651 92244624 256825560 439847919 593333507 212409676 26262332 968851585
1
667702942
6
1939457670 1332205741 1185037201 397641366 1148521727 95969101
2
536359575 1751737836
8
243770388 334335743 151984538 1753753684 716167333 1762680169 1303414866 1403384830
12
1680949564 790413832 1091359265 1937775123 1230261750 1684692771 2701150 1256524082 506060708 222549295 1924227023 650868718
1
1108949116
13
412164682 109987194 1931875018 1519497248 646346769 1536129206 1500758827 890117156 1870464948 1652743365 496387192 439148633 1267939885
12
1842533462 119570879 1333267972 485463646 1210930143 1123559446 1715725395 748139266 1126260596 824765828 1254199973 1348809890
8
1905068690 1363333206 1710458318 1593490960 1775497887 1820445511 1377882329 1147511486
1
766527886
10
1209425787 489509186 6046381 1705812978 928657818 1273986265 1358131386 623707631 1393557143 543915710
11
457003638 1667475155 677413023 1205142903 646252102 1502178850 311859227 1995061992 103688052 69444268 1210911549
1
1662935227
12
1339624584 893333908 1986437272 1658933214 1659861793 339740288 720875352 1887330 345786668 279204681 930545147 1619772933
12
1554252778 865846427 33768128 515940405 1322850064 1701243282 1193353427 380509318 200011736 548048629 692368544 47590079
12
761812812 1258501627 23432105 277264390 97427413 1363056688 1170598297 1936381036 874506253 682976442 128637676 1595381605
11
474424343 1874586285 1615408918 94197275 1364438703 1022178047 812560054 1398206830 1538118451 135410117 951966464
10
368435787 1151978199 1132036858 1060804330 1199568277 1636289889 1822617141 310586255 1659721993 99881531
14
875295032 1122996179 49427406 1749801285 1805972620 178065081 1197699241 343352743 652489424 924801877 1958761660 599203050 141756932 833456058
3
1539963761 224090860 1399689572
1
808079089
13
1496424774 1940115946 681446039 548509402 1428922187 356579532 859095656 941160531 308977414 1119625674 1816455563 1431973592 1169053080
14
1090462564 1347118160 468988791 1433815306 1999607583 1393790667 1245093317 451326985 1535547598 78549374 1863090087 928027711 155156585 1115296010
1
963235674
9
621415412 755867971 1417383758 1169924813 37306509 1773963289 29020469 978467040 82940702
4
647438954 1367430645 22731925 66212152
10
1369850085 387717294 1744224865 1221974019 1781507960 841834533 1673301003 1169571910 772900258 1388907442
10
928056843 356719803 1222590257 1891292516 1092657522 1844005668 499676838 362557631 866446833 536983347
14
747983653 1515450386 71977972 1749146146 15405691 1291924968 1771878071 81617842 1602334528 994244507 321851487 1199075744 68734877 103359446
2
1742035880 1125447707
6
983459673 1075563678 1594383728 1340179475 150670287 1338192595
8
1994675954 1837869433 647910978 713639138 227369131 636948248 1461622790 1742819516
11
1063285288 1758225206 1853367539 687679710 1692359399 1308218418 1681924216 14210885 359810513 1750659092 1970086682
1
1345211323
11
919564027 181187347 23614418 366464106 1521366822 26801056 1704656701 1806720169 21477010 1395042485 307147499
14
1622411615 944095746 49255289 1217747482 1505538317 965056928 828489039 1211422207 1652736637 373364789 372156976 1187177204 240092025 731967488
7
62695058 985204629 135563970 1010745798 1904768655 169267668 886876568
12
1690634489 913677623 1828405812 1349871010 787670984 1075964648 1657018508 1375303483 550892614 453630605 1277075123 1768640095
6
94648402 449645485 1023107479 1747385038 823010273 1395264454
3
1063102297 127231942 1577431239
15
964952922 1565511560 136543152 722237928 1734779228 875936071 845987039 1277930068 1789613694 526909203 480317429 429801029 1602873850 137335936 1805104511
6
443482893 934695985 1774922910 255168165 1029344386 77084747
4
629245775 900095019 526056449 1416324367
1
505804742
8
941511022 1470757663 264299869 930570525 45511942 1999079096 1806506596 891498981
1
1448636641
8
1609842944 1878437669 873798384 1599695232 1536058532 880081199 43178124 323270868
6
150862640 1352615254 584605207 1429138283 1981861028 1484700225
7
1250701747 1300413892 313515825 96973704 94441265 1784273488 213789924
5
1829785429 65385372 684034737 573800761 1194910887
12
1992208943 657270182 1863625397 718523679 109481765 1252200280 1598604877 5176240 1575471148 106125337 156038880 780602753
10
1585177162 614980132 27947120 1392888245 1865681878 1180877363 1706404070 1815171933 1275318628 1343193909
12
152846769 1025495689 94347228 836881505 1599296450 1141774466 822069233 1444021744 1799044647 538210981 15061774 1908526412
11
1613666651 1913702651 1218398760 1572308339 69741530 1999001512 115555234 1507435044 466497995 1996018705 752839640
10
1029412419 311760061 1999868157 157247398 1654953969 1881346365 310094166 532966010 1828209944 1146975670
9
822500761 1969044902 1428800554 474061760 359772235 1443862328 235104523 2699847 910045330
15
1221098606 334870020 71065055 1072616469 302941605 1431016450 1539114463 151476661 36372441 1723810687 1180889080 348132502 1576195196 1338136477 3086470
2
1648230643 388568831
8
647722664 373347641 1813284968 469283918 1802148195 139863079 829056152 1098526874
1
831755998
8
376291126 52854603 195958574 299872532 977987423 498900179 1730888981 369618237
14
1767261421 93428924 1831265918 115393922 1522140471 1021918747 1970996744 684714734 522665741 212081926 1675498941 1170388404 585429567 1341300261
1
240094113
9
321244824 1338620986 1856130940 1153000821 1199709540 84938417 1058371775 1395668113 384810948
12
1894568291 115699928 258493786 397461482 1735477700 204439061 81243751 1703387974 1726579531 1103162497 1526901069 263810616
2
1738982994 1939309557
3
176928912 1133126169 140921665
14
466805859 462166489 1755644009 175453150 1615167309 807869900 260391566 526055436 56054365 645202513 414930984 1950622655 613418792 673424769
13
201412844 877863829 281844239 1904800817 456959711 1385006735 1284218237 720770327 863351324 875717582 512596235 1512084316 1052646494
13
1653005980 1469669517 112528261 115172468 1077829878 140497763 1582856129 1885699777 400889328 108911564 1941754141 1046091841 376358899
13
1659510632 1049783668 1945493635 1860923475 1927647496 79854225 1618240643 237123559 1464860960 754975231 957893885 180728635 1630692813
9
1692812950 535855658 968728873 1198335281 5525174 933773485 1166024101 935871403 1074271247
6
674087532 1475160575 562824496 468358024 373768767 939183394
8
33279398 1988967061 11261158 1746719225 1769130909 91115382 1217476219 6254467
13
1972451450 816664703 1589221327 1455660614 139671173 1134550628 1991516271 1108400045 185402261 1849557796 42173529 1351426361 637945551
8
1952822941 1312033082 296638054 368163788 1780391105 670406820 1307347181 1846158628
4
1148830594 1709936137 155438145 770477854
15
1372914364 629248672 914576915 1197882165 1445913374 356314593 506059130 1585584546 1490865221 350091752 546500942 1676267481 52165899 441190822 880210193
14
1410151949 685549485 2144530 1706790002 1053713272 1635051987 229713173 213576804 1333726966 785915742 1362407397 896179454 941353886 132885250
5
166784601 614650273 1316840589 1364666765 60563646
12
1870725894 1498664543 1016536754 73333997 45165484 545320586 125499896 338872658 1425530778 815611344 1749024606 111080262
1
1308330960
15
157840564 1538044132 1230886688 1491567529 176476225 445810437 240263334 1117830111 431212038 642527008 1284614711 1045862311 1959367597 501797828 958942308
10
225040073 310123203 354092235 298374070 207805038 899412820 423873965 546677695 177459949 1239485308
8
141056562 1909757533 1456549612 1158366446 67598096 847110095 241769485 1411681976
15
687579921 1651945309 141416430 1118791959 146988669 1278547492 17170621 106356265 1780345319 976112928 1443911746 5385392 1286236130 1798003980 156275813
8
549933151 580149777 40718862 727393099 1819635084 41453866 868449660 1581908969
7
26816105 1502023416 197629924 121101941 766221744 1221216243 808681862
4
1215149024 1927473820 417672072 346212867
10
376544688 126558186 773273719 1820456433 1984459929 59509849 1470976764 140735741 1406067368 20909914
4
1299302581 600819364 245553304 1340756447
3
1827462272 691276275 1348601479
15
888906198 1469703420 1948223783 110122440 130901633 71423538 1177787815 58375452 489095610 1524000682 1855536243 865640297 1503075219 481326313 538613082
9
393352513 9589845 1333303591 1799419880 1883016111 1906705459 951238813 336351826 4775114
6
1805620849 1832237386 835787885 1006738679 866755777 1724694083
5
667495911 1687332874 459860082 738919448 717637041
5
1228015057 94154074 78804479 93655354 1597229292
12
484784787 789797142 953483304 346890983 123100732 605419536 82423445 1882322542 1556658348 418775271 1887097655 1701169958
1
1571851392
4
1083651149 291123520 114168276 1412609599
15
1654017502 1872469680 1697538878 224170894 95737917 778070286 318324967 174542395 724241991 1915554258 734673186 1209026777 557867751 1688156490 1555917760
9
146092377 1638341204 268323727 1702750724 57116474 7937733 1256437033 134028944 1579789125
1
1070196445
9
1612595854 335322395 682048426 1119129707 60308426 232103655 1343300600 156046342 1010173940
11
330588737 1734415931 1429696175 1065261922 795959059 1987563925 605934763 204393170 373565110 752027139 1842734374
1
307294214
14
649826568 1563731246 1738912495 82132044 1062158824 661625291 1953044688 527271029 996947685 487609465 1646400735 1057256110 719713119 842217686
2
1729887058 356359603
3
1316819340 1786055777 461669461
4
1626136053 1067604224 169687920 1999701162
7
12422293 494106349 126925576 1617305844 1143932916 1543173173 1208734690
15
457848348 1870359980 1031625999 985119376 719824016 1519235463 484036462 1777080125 91464933 1326254147 842898928 1821351990 1682613749 239306467 990687682
7
700975928 955982432 799838281 1768580151 1125670351 652055794 1440727864
11
1146162142 1420169791 460431191 142611410 815859316 1669165880 1368676369 1273707663 1392042211 252818719 111343391
11
1772054181 595379852 1741462702 1863519113 1921633999 436877982 1537387454 1456764099 676184448 380591487 630466328
10
1336573918 1430304608 998256877 314760621 82360402 291501093 1305369616 1081038895 1711670883 1765800806
14
380046550 1287483037 444843024 1653754213 532041599 697661742 1765097603 496424176 322232274 212993806 90403229 38267738 134627804 527281210
7
1443908255 1203465658 1956246678 74374582 433142384 1145336948 1357195541
6
1460097568 1292072294 1722900353 617983535 225627541 1287087587
7
1449277844 1667134137 1523783728 1894120868 1173404701 55825326 444298961
15
404765853 766531235 1004012460 495169081 804798972 991156616 1022450291 232970515 287581222 78432300 41733545 214472155 511574683 1187070492 1571667695
3
499684411 716256341 1518390647
5
941883881 657994586 1353968636 243678076 177645074
15
137798943 1351049774 638610392 434614256 142068428 1043376244 1201145490 998597239 1538545324 5944461 1989753854 413511966 91431328 129851427 491944265
2
344323581 1003518948
13
1915991276 799009242 1819919773 484763968 169916241 790104069 1426647848 827910826 144072704 1670325923 1005555899 726857770 1660641218
4
1365468161 95255473 203706803 261360756
9
1202304041 1799906079 1007378126 1044574247 65934397 1098809453 1174425673 557878661 1231974324
4
1561397608 404726038 1287256881 212923202
2
1772020848 382839442
10
1051185047 1210750267 863855285 574027321 68822517 1590713054 87184890 277944540 808697566 34956714
7
1070058321 1183874027 1683955382 722480752 43768505 581045980 788415148
12
1755471653 1346293808 227068633 1126737258 760207768 631794670 266510490 973130969 708956832 38531337 1355970410 1576223061
10
419237028 292594698 1516260055 488059544 1883307751 1603444945 766004083 544521669 1638401658 1247655424
14
674792037 784127157 189577092 718560541 1365173137 977992239 1861138497 973161141 176802399 88207129 99898398 937010166 572518151 218925239
4
1281474982 109972927 1118627895 710214394
1
1537864922
6
420982067 25924465 738633194 24427011 644444899 1283154862
6
1892100322 750251202 42653409 528743830 939828294 761213949
1
1917820532
12
719594458 94622930 415592278 672009207 884149447 988110428 890934445 646806932 122101761 1000907371 1765434826 832316154
1
1155816099
15
326611450 1034256915 426274790 203554812 1678701813 1709429651 1718899832 1423318486 312197204 1761553240 1952062316 1252025497 375283540 1698495633 1022362381
7
270606443 969501662 1265744614 942615649 1853651109 106371393 1833550094
2
228473153 686973816
3
1060789306 592603199 1126741668
7
919214648 13514935 1174705691 1122769459 1692216747 736651693 694185643
5
1048848897 308255234 772630252 153390745 683538774
1
1175753125
15
594248678 145254787 651952075 1536864327 1851422247 758323467 1222930772 56912990 986796619 1909904587 27838559 47585924 355024137 1154580227 648533178
4
1168095161 1823238868 249524595 712828259
3
943710237 1680879843 1461255809
10
306026446 1614646553 1935504243 629668682 642916030 1321711704 1223917359 640687168 1973663778 613298037
1
584503596
13
401538755 1571300214 1598649747 429377314 1471402490 1953673883 1583957540 119935667 1080429019 604569052 1795690886 1329953613 1317397310
5
126180201 850793505 1521869958 1378145670 1156819950
3
1166166265 1786488631 1631948892
10
862922342 125152411 166574450 1476220378 469778176 751078045 1164965538 871316930 174894611 616131636
8
1646297100 422321870 737168134 1618749118 1502750888 1341737185 1266956355 685220852
7
1327570505 811401052 1362444351 701956814 42063074 371780652 1690989676
8
10785635 1175454919 1548623657 873707976 1300607329 1715198106 202444705 1770385504
8
1367410242 494218786 493687113 1983541877 1794913028 139984212 258380099 384597514
6
1761130986 1726334698 730722387 298868190 90501896 58292891
6
1452946246 612766057 1152332314 1824726898 156272084 213078003
2
1331727003 1761701660
14
484850683 1329416117 764181563 107752539 1648208619 131591805 601971324 141895731 1967650033 249400703 134396294 78546483 633998216 1598162326
9
212849266 181401065 138545658 303351161 92210307 1101331250 1756297407 704976363 106179916
1
861248447
3
1121569539 45491801 80959577
7
530342483 1262892046 300004311 638095021 763617016 284112467 1240066344
4
104278852 1489467047 744941744 182825334
12
195620422 22502802 188830879 377021486 13564811 492182040 469231792 967412413 100995798 1174208155 1073592328 1534536453
11
1392850245 508622343 80948401 1326326174 44445091 463807235 441734571 344449401 1101902256 1205351586 628561868
6
1963380684 732840719 1683951997 560838780 915666052 1659933611
6
790685206 1848764489 1133480686 656766368 193462880 1602712477
5
294458677 629436983 550287459 1828995129 517409935
9
190133823 450874687 1121980229 234578913 914681922 1563714799 579028314 16584177 621582736
1
63585479
2
1940430899 1747537476
1
708613302
8
1754777751 1499298507 961268278 740774788 8581227 1154731158 196003616 1632760006
9
825440599 35563817 1130701315 1342850533 1978701520 1320835137 1793725220 953198100 1555414050
8
369429250 134442363 430024021 991011985 1194548895 493609499 1428491756 987496145
11
279326658 1696109446 1353650763 34104408 1047924305 167435393 627395547 1056505531 1322166550 823399163 541781888
10
1648839761 577345704 1754574049 844206645 408563575 927925538 490448216 1361761674 335855939 1051371708
3
322814653 1481395728 574719260
12
1975005227 3211015 357376043 68668552 135054025 53485488 1274835667 21674784 953926144 1442271059 649070331 10431674
15
1472469493 404729914 1240826694 973825605 982075617 847917095 1818032249 1390639192 1775842632 160996817 604917217 111698570 1212368524 188624492 287029574
14
763343751 1804393120 373802182 619071117 14285514 294987085 754125141 67771001 1569822751 775799925 874213497 864610161 1424870255 737161522
5
749856099 1141891435 574907166 1723681703 123967052
10
1394230303 1367122595 1051183243 1555227119 1972039811 1015398164 620111995 13180654 1302427737 1166392598
9
959337208 1540194779 1395595521 973622721 1835181863 2237013 893910073 1257520966 778036937
9
122131126 55423543 357801443 1456211598 805279641 1499692877 31118763 381477695 1476176280
9
1775707998 695815226 210158968 1183451468 520371389 1225557131 1803563462 533552042 380501219
1
1310076446
11
215183541 558188318 165977498 50365404 560425330 1059887570 1160402721 1338462267 680527491 1135050198 1393885809
13
443778147 51681802 390538161 327413261 433159496 1866714441 1633872634 61383845 415046018 1844031601 1244835313 935417406 922105083
6
1468969448 1302606301 1723387537 631562245 494961078 1938571077
2
660938575 1841452832
11
1720826145 854371904 941154509 253869987 1989422102 187556670 1292198919 285716600 239238471 1682737079 613129861
1
1401967871
11
733781811 1817013889 1943550447 1978617123 604947646 718171881 732048600 73917093 20778182 307952488 557995689
1
99039917
10
1029194186 1940492748 1350438493 602536682 647381004 144109353 856406668 489319457 331666022 1121938
6
570904492 1683859016 1388165916 1243302458 938343239 1487684762
13
607873479 1283751560 1808217742 1212821124 1923440 392782693 1139254569 1875217973 700735181 1697250257 95989936 799775097 1297512859
11
592784196 500467703 1727720802 1240165199 644577055 436643821 1729484655 976243077 437765758 357037063 1547147568
8
1745202978 642966377 912484363 1085404091 472566996 1520357841 221672002 133301089
7
76111794 526083782 1724949885 1951329766 1226818962 1274716493 47319701
8
424745703 1025020173 471894605 925213405 605257326 1712059804 1569790460 1041901146
10
398549888 1479666903 1651097872 1945697455 1453808028 1248817202 441180184 218808742 186737644 913747179
13
408409646 1047048268 177378251 484521439 1573132049 1902328135 288367556 652467362 1029560979 188203609 531577771 1454306682 1213223781
5
232036438 1818481107 568048530 1801826897 712898604
10
52893136 45081859 1365723563 1998590591 1498889886 467057116 292287126 1717698627 653794760 1206034304
1
1062204405
3
1486759811 1546725843 1678730971
12
1835093398 183714684 123681628 23297006 715292454 1577988309 1089037139 1718764829 1810024746 760034597 139329710 1464367995
10
1439049 1517261130 1518015058 1219678964 1368368072 869421295 1686736079 1660655197 439636274 193047190
13
1749017834 1255251594 824804775 1088293997 654493788 356052098 182414645 342103538 539766781 306096272 217916895 1255059235 1884084580
13
826340415 1546625678 66988629 965670124 863510024 1392438181 819625525 233287505 762969590 39304488 1601655577 1632390885 1578556918
5
72027158 1771604108 1834032977 1673561343 879372053
9
614371691 1533865841 867406201 796786336 1875969378 1407172981 1102882607 93886272 514748567
4
1253356657 1341088981 238625568 1172861637
12
1102135591 417816169 978900981 1335423095 1180785759 870721820 789595023 665692995 301795089 1904422148 590236504 73399196
1
116314198
1
102325579
9
191669793 822248131 1527472224 67639170 81937464 482871182 14041793 596686030 1322354720
11
1937775011 1560980287 145292790 97050467 515632229 563108958 928467799 1851055324 1743894716 1799189618 493166698
2
100984706 250105197
5
26900254 1841076673 968654763 684704206 1795918603
11
876373998 470683086 1079329226 796529519 552620549 1562200407 663087663 1149306578 737071479 1783002464 939597940
7
1928295253 889164758 666200346 343920562 1817632556 369772021 87815278
10
862938718 202435691 1422839583 1113043915 1054776256 1302256188 806636939 23431018 1986960393 455071893
5
715850742 925754978 507133597 1512380260 1478375526
3
27984274 480198456 658921833
2
1419796395 809489950
6
161477505 1475690295 1935718903 1979110060 1845462315 1876050532
12
560917384 78486222 576320871 1673961298 985778829 1878577058 333114588 861726198 1718053802 788186481 289530569 286420895
13
796664165 1798801154 1044833336 718514520 1826785427 1525031791 1377436352 1490288516 797344537 39442653 934603208 958822041 1515132947
12
790448453 1213111613 451405345 91413389 1774028997 382407919 520250611 1300506646 1368186747 251344020 1633621234 82429297
1
274324066
5
108335067 1988265523 1168624030 1907136220 885615210
9
1586437998 263163352 1117091252 929242865 1060507889 1156533905 1863846073 19329929 524183203
1
662294733
6
890606231 606224473 1363840164 1273014149 1126475083 516863161
2
1377819102 3000746
8
1199733274 277324811 948106408 1308068340 118106686 116730437 1067720911 1003721895
7
506675261 1266885247 825992940 1435918125 179909487 1982526844 1152280549
7
359226399 1591481435 714050500 96521214 334604017 1320274972 1312877729
5
299266407 1829740889 101335411 1677085508 1832741635
6
729335134 110066445 1478104713 37403473 80689482 1447351501
11
1084411377 1156253189 1464315996 203812975 1982246128 752750472 383722461 1817289324 1905031021 435478227 29032074
12
1149528726 125553287 1683632823 322320050 1290947367 1143767339 621586456 973204607 1097619101 151188315 658462593 1627617406
3
621045390 958238470 770443273
11
258106322 1728084008 1786146247 1414359510 1044916355 1989959221 1249121990 1797666826 226198033 918927665 1555214198
10
947959738 756759356 1811204985 926029376 292908530 133525034 69493094 1436675868 607627841 1042697700
6
758816156 1701160293 14428726 1639339603 174722034 825183548
2
876456904 1083289869
9
515119503 350165731 887815940 357595075 1599287720 537999118 583793108 370731736 93213315
2
1318691473 702489023
8
97237200 995397552 895232089 166730293 284589772 1502859929 1209427992 671401092
1
763104636
9
1753532039 937826669 1363529716 15831265 1814283573 299335937 1858730851 181919427 649501667
12
539514501 101305738 1137062259 1123307608 472037473 1082791926 221293326 1790728945 1785280948 1130484029 1887966144 633194851
2
54696436 917784622
7
1116640779 1589185713 1495284833 1879745415 127531882 1101333223 670088435
4
969680839 336888359 1642913885 680928041
10
144931903 1279991183 1058322286 246237640 269569793 34146245 718275112 1352361718 255439571 361520408
2
1385923599 102002903
3
1264156067 9215690 393654841
15
1125856469 1982840554 1993049647 858118235 1962888787 946899221 1528206669 1158983087 1916580060 1865095028 654413324 450024452 236419164 799345226 1730015634
9
1045582866 1999585427 1328887694 1763857977 1204463496 1584327264 125378385 47138865 822767214
4
1670492732 86923280 89113329 64147572
1
1214969797
12
282770445 73088031 1714909615 1229669665 1453811051 726409054 998766076 1171422430 1380822377 1448790528 1407841594 32683954
3
555099394 1078266819 883424291
2
694641148 87887787
2
672535884 135026651
10
752433522 1658035734 83037546 841546850 1574699657 372758344 56516646 1326720486 655528788 1982121028
7
1885198452 1288448431 1620555505 736480880 312387212 853894233 37787759
5
886578187 1069110271 127844551 1964845005 1952534562
2
512002504 1892938700
11
1184538387 1880481702 1181292957 1936971909 1391033787 1116846855 631035110 818249795 1489605198 540068108 144970280
5
374705487 891633084 1882848788 1663153917 364704940
4
1975541129 1218599173 509633777 1548286285
4
1578744048 1676130835 1922538715 1383794961
4
287057571 1129250012 578173866 1471595957
5
1759466822 1261084217 105798203 728830028 1892119327
12
70951577 284703786 921534629 68601913 659409272 1813167712 1951450701 175079541 30389003 275813071 3137021 1248988175
3
1551423305 1206681885 216707247
7
981736952 1600502207 473065667 1268794522 582268570 1051239532 592906830
14
663222705 1853991047 1550314836 1392052733 1598626725 326879184 1463004309 1883330510 1248413812 1531606222 395256133 914097875 1335573274 570335673
13
1611386344 573472693 45991404 249349543 124895998 1252673289 466056789 1057482841 86926592 66558995 1530548507 1355721113 501343916
15
1948627942 1945860549 1097527094 1655135340 1348691736 342096178 1106278416 1675570920 1805100487 842125277 776501083 1189223060 1237381410 1690598958 377312685
2
487602187 1988699028
7
533593590 90564923 211118476 1786266878 556621711 1268601316 1873193469
3
651666174 1081430933 977040973
8
882575227 775417874 36014008 390226918 124109609 378110186 1496505334 1652196880
9
191146962 281214315 1224950083 1428528371 1971813272 1602262767 1088761805 311931810 1443478146
11
845525399 1534043068 1533586406 484308629 90664779 654704073 210018449 418878188 1306370246 1291449382 1395919160
10
26540960 23853385 280871167 416767877 479346 658981352 1913273210 1652676225 694708375 104420172
14
1919658457 1385464894 1758220162 1374437575 326743050 70151971 670432073 1649210980 768193722 56991492 1035313737 1252502350 172622 1690017809
8
419050809 848904406 606486531 1814969969 1093761565 633027490 1838823353 1374632732
12
1839302698 33614083 815584928 1344495275 580838810 772521451 1130902165 353013618 10502697 741638679 1727451193 337245746
6
250399617 1986456726 1432500722 307391108 874286814 537519423
10
416820975 40221 726614538 1265725380 459043103 394100858 212003297 1092070593 85440563 1586636028
14
1924743260 1472766462 809967238 1121754886 53605271 1582488689 105173403 259135241 1592991385 846812081 1986586433 1930237130 1511119081 89502401
2
796136155 396893508
3
1333655577 704457237 912834347
14
1431071775 31076078 1645255252 1825172632 243079374 589842196 1910613194 1829715401 584224506 1687872806 1154998215 1394191743 662144043 1061119837
8
767317445 1320255077 274704519 1614129525 1159357861 57458001 977764958 1248860261
7
1773901112 1645753769 175197931 960073040 202727357 1088032277 146285189
1
1119108355
2
1311488115 1362187728
9
1074617660 1044419481 670639844 615006817 51934047 64831586 1277150860 1113053883 746544721
14
285825312 1021249239 1511114181 1445183172 1078707239 341395490 546559785 757891798 115296601 44829905 933089728 927885992 247557261 21122005
12
1881356392 992746711 423260675 1045360858 207450790 509676013 119978517 1251870270 1180315856 587501686 1303804316 1097663794
10
269374551 1844208514 1761637200 555199862 717974104 1125267732 383033 1796681343 1466663221 399459169
7
1434476173 444289073 1340179219 214878517 691846334 1213817575 1141566048
12
59080637 1564826723 1471079934 266531427 74502735 1443574802 1518401696 1107334943 31076487 674722364 57515088 1748245383
4
1901723601 1362398935 1499296775 472214056
13
1352196159 121411750 1806846239 1751655328 528501241 1093838763 48460752 1868680460 1308717279 740307085 935014386 302799679 1166026161
8
1867626401 489622446 1260626449 1794645487 1933197248 631544496 754496781 1816790086
4
812011868 1417551821 102880124 566251820
12
1602176898 1038465876 972650124 806889409 1159877625 632012714 411061088 1688378866 1725851477 459521839 1409575677 887085107
14
197106414 1189884785 218371436 1191201436 910027537 707993882 304344236 557189376 493707481 935888732 1311686156 163013918 94671942 123698024
3
197552066 542466195 65549196
13
1580932070 1038199320 459134723 593326047 1670212033 870195810 134221264 1248579861 1329717649 1543796940 135664968 382062924 1740903353
4
600434359 784621141 88093641 1308428240
11
497799368 1802135720 24854107 1809485523 1965149638 119526049 1785699898 1398231727 169594466 180682445 1463780923
8
1761614514 354496594 280974503 207456912 24708626 1151170312 341678175 1125804839
2
1885475114 1113986158
10
1478894819 144568613 1315901594 116032311 85178605 476846185 1204997686 582977972 131498257 1082368145
12
96647894 1054410545 30679744 1347395972 1224005010 63878540 663693246 1045844789 1825493054 1018189839 1326819291 32949965
2
330505955 227144492
15
663910266 112619605 987722164 1379377501 1444030775 1132290776 547795446 1560063085 1217469381 1024641630 617577123 1800447352 1156139886 1699945267 45427198
1
606872163
4
305216455 1830877172 1992501833 968909700
7
1670511238 1987099539 56057603 1555977555 735030707 239079909 1783122046
8
902990174 1748258002 1596488876 134884026 1044805129 581296003 682679471 457384565
3
1707321101 1074961687 1451729087
8
627423305 1349672636 1821281469 1234295467 1130812281 126497923 917688990 975830466
9
1646927302 498858055 787539864 1555501256 54835609 1522570570 1794581164 1690474006 131337282
9
1291248360 1580342509 684971715 188569840 14154864 1367651185 645954404 1812920246 927488637
6
1117165684 1643465975 200855747 319354672 1317263795 1435151214
12
1296278069 205356555 278513769 96718394 1852283856 777371824 884258258 1260301463 684723784 259345179 907398978 227714142
3
1457486667 1518962501 1823541321
11
1707532340 1837696184 1362625917 206003095 1503132782 142630906 1926919185 472814817 1786096880 127774932 792169488
1
1415442497
7
104671446 1620799051 373366560 201389839 1325599259 1150738383 1085648096
13
1835462167 1344993275 1345816051 63176308 1588192087 655819069 1434655160 1264249759 650793801 994703851 954462295 13419717 1200706945
3
8566974 980142482 782926244
13
960433765 1575095732 603057230 228392613 1669948523 707728675 1849191663 43315082 909118514 1027307273 1046569817 1994766609 1465724346
15
1192276235 664056748 650240994 632984673 1319875816 84896153 1897234432 1970669616 932116355 704213078 1836605684 132823299 1014324505 1845172658 965482132
8
1492352862 1925915896 1224862831 95410092 6824860 747327705 655655118 1856016523
14
1564773631 735840147 1689728955 1412056592 54080844 276793641 456849178 718137591 927034634 1089833851 38013406 864447138 839584634 1861199373
7
1543797711 1550321409 1781903142 410638567 1248010418 599901626 60405666
11
378333873 1285268497 540806074 385158733 32596201 1196461192 93691607 528271691 613751174 829531753 70516997
15
883612597 347310637 335173295 1601750187 1274345270 1425007145 1492279945 138792407 117108130 1205995669 1787872250 1660905840 608833429 1422291744 71544406
11
22193369 131950071 302239829 253043593 1269734919 843045902 638202325 1154847472 39507093 731893931 1683119162
14
1561425684 1753636159 384098735 297554632 100946795 719272029 1899304818 1227808417 144279173 1244101114 1219117175 113903654 302613135 859505777
13
911446563 134313872 1698870250 620806761 9023592 1683336673 923046589 262067184 805587943 1766092490 900269509 1960435414 1658115935
14
1496070928 16406905 1046105474 1102223438 400505639 1343660105 1055686584 1119777668 1095481275 136011352 1116573192 192098740 1355128527 1230476846
9
67150655 857802690 1406158437 201464526 409189292 26965197 210488117 92525964 802528137
10
750630258 421136978 1372824808 563582024 79252912 857504599 59652951 95659816 1903610072 1014392740
12
1099786529 70079323 1468459474 47784155 58607027 437549017 239882894 1413735553 1668025862 734594768 1480886207 378344904
4
1682350732 787534195 20234752 1892838848
15
675279240 217910499 1483206767 1096416217 1590735307 46788790 1028185481 300756257 1958958092 976361648 56882680 825867183 1325043454 1156669208 748462858
14
1204453362 807069884 1083568296 1444336256 73321788 604110509 31447375 1554207994 982455412 24716930 1089075077 1769989606 44951681 834430276
7
572747272 1052340774 1838289234 1669163488 495592432 1737594375 549865320
8
1549068819 1526226968 853231368 227452353 703786773 9900575 975915210 1349806052
14
1782985093 285890699 363722896 1856306880 890001207 395170270 1263031225 1872456619 419887199 204622653 1494962576 317355231 1039052928 1850045043
12
91393702 1540850628 411782341 439502485 1130961354 961647661 1235851173 532546524 340390980 89082540 759998877 1044177752
6
1735914086 246500155 870886106 1371415531 532390853 1234609001
7
1422392060 1629779270 195786339 1147365030 49666468 400408991 494843957
15
1439461919 197405351 1109640551 1383371972 1738255978 1521422892 1822874456 721733684 335586904 911241980 1254280207 675977883 852840871 14279083 1720155634
14
1602709521 1966655789 1527742794 826641403 351562993 614868147 1906880164 1773955052 97163768 102666502 773836433 146830236 355591845 1268680390
2
1795053763 1466085740
13
1030942086 1056858070 702464431 706332893 1778591753 1038051334 1617574873 885388311 1714029216 322932095 752183746 1286701201 979788783
13
1105873341 360047929 1034051020 1457436334 974916075 793447535 1083907737 1072079842 748630389 1857744170 1071426429 1104222233 978940911
11
751792347 297543002 471352605 1782734432 1354401071 1173817035 341583676 985509175 64384720 1959158548 1870897486
15
134606995 475597583 917631487 1114395777 683007200 23504828 1474443705 1717058219 1333457513 301876131 363022105 269881601 1373955973 1111652493 127625770
13
68391077 959083032 1588209818 820183423 1256626034 59562422 455434206 463543456 1085895808 797017882 1449052631 1150280527 608692781
3
781210813 743299775 1648064050
5
1857695552 183587601 1574863479 1184655608 1900645819
8
1486531739 116184275 1030718943 713004063 1227836768 1010861065 1010902815 1296227844
6
451628985 116411267 1079086481 363707758 424361824 1542629937
11
1221379705 844198919 452400444 1830072486 16665386 1233611257 425888612 1517245787 784969908 136100515 1700833387
3
1320756123 1453995557 973187080
8
1570179831 3906022 1372808275 650532950 867283438 236227441 1946760794 689743886
15
1915688412 1768830366 1051564183 192566587 1163976654 353684100 1413946292 8175572 806084543 1096535129 1877357309 39695799 1522423740 1247119447 677182058
10
800469185 889531795 831796729 106981093 1862718874 1491600941 1677160924 1719141248 716925567 180210225
12
953153007 126971018 1128684922 1641009432 1895175781 750031640 545089966 87742368 1914008293 898774065 1354205011 1774700217
7
303256491 1504573877 1597070758 1825680230 604209676 126769167 1336720836
5
1016300962 21033916 1511659953 731536187 1512634856
13
303193786 82076774 1221547452 742134823 1035229781 1201034822 1870819744 528755564 948726954 473367735 1073845529 888985673 239892380
13
95707035 14592596 1529994551 398963525 1371682824 979581660 77160107 1975892499 1106350827 1413880942 1233087711 122651788 1434914858
15
706704326 800066065 1638601242 1009898112 882142839 712665045 1752032934 1917372619 1913699866 1475369029 298644534 714943172 1948736764 1372490062 1603928844
15
1197626006 1699635879 55738090 580136908 98599403 1279937265 1559718568 28275861 1108346116 518585746 1442156803 193950178 493753885 729588012 791214192
5
1529654076 282331785 62872673 264313266 994996829
1
34202236
7
1142790987 332846769 1476156218 944044102 1705336830 932601413 985189596
2
484753643 893444037
15
435869398 25897653 747851014 464145258 1134243768 1266436759 1906302060 1328193945 1760190643 488406423 119408136 813165204 18060499 254256272 876037877
6
1249253101 543459834 169092352 10466147 1686250820 501939120
6
482811273 59792302 124256480 1468000868 815271488 609010123
11
3403934 1044879520 239858909 751254947 1509024777 1374102676 17691705 1267843189 554812973 1630398699 1756249611
10
296080255 1626826461 780993732 1172118131 1761716577 30246832 1715577964 1930808928 1893229330 1254345136
9
1084884397 1737156408 345056700 1209140876 1057673628 1160328188 1818150998 1271634883 1163732121
9
1511493791 1914987068 77087998 738112819 1785195124 1344931186 1292925791 1268110175 953697148
5
1564190429 433039961 453173333 588824911 47272889
11
156919226 1978081816 81682197 1411264361 115862566 1166566593 1000937121 460919266 228223821 58610748 1621247453
13
1182761982 637495925 614438039 546772125 404999344 691526036 1284884943 42710820 36457221 430327085 1310820994 842670720 102506686
9
1275710680 555680019 1316352684 1322983568 891616534 1473271909 1153581735 973298731 737052622
1
139865323
12
1730363566 220605495 1649116841 1204127370 119496665 684395174 1841623294 733934703 1231167298 99138990 1425460738 368568592
14
1314434310 798895676 1452670802 9621381 901402362 32714927 1285332061 1457082380 1349067610 460831980 201215265 674855870 1614413715 1174513995
11
736374367 1166895670 1002414584 319254284 1387501164 504047776 1523381653 1506997828 1188442950 1217521298 93448882
4
1316660287 1518909619 640695191 1458510095
10
1439590866 763697248 695481661 193509579 796412174 1980813721 1650591958 145479783 294162052 1851807223
5
1908575766 878837569 84760495 497466484 45733238
6
816720767 1285750754 1443739206 192618771 645264933 484698507
14
738713815 756825106 579316707 110139785 1397520296 37826802 796000065 689627513 654040401 1491481725 883137092 1450452575 1324811797 386245401
4
1618973848 90568975 121300713 1380065966
14
58577560 1877532449 867656133 850785342 546769568 5923238 147040899 739388338 651188171 631739406 2044758 1389901985 1388564511 581361465
9
638601158 471704618 148558185 1328228670 1125745018 1640039909 63882113 428713944 817368057
14
1877162653 288858257 540696488 1850979717 1668924222 1510103031 1762073628 1398973022 230275516 465375321 1945742589 236198753 612416220 537647279
3
1244155625 539692036 129805259
2
1121053500 1629847028
9
1592758117 1778405212 304582665 571019487 1270961473 368464778 999733430 88329529 818592291
9
229704137 1359288778 432908503 1898628358 721908161 47498482 1150117732 952183676 512873803
7
1188382428 1125290022 1486023950 75769351 221961998 25715986 58090961
9
999285837 1687937988 1831036127 444560306 1318859552 135618791 1015579792 442337376 356599920
11
383183256 1175192210 597242007 612887393 386997340 1030150509 364032102 1108905500 1077648990 1514149833 61089175
12
315042857 1101987954 568329165 1801066806 1030273656 790291162 1679299143 1088364617 1497489645 531101332 628818956 1181042123
2
1947678507 1169177266
8
242532234 1525777185 1859071000 625715490 553485747 308829358 1238602882 940483086
6
1602634983 49388585 269145208 969301168 1962994111 1859667999
14
917498416 280513516 937927181 1947772072 1070804677 469742676 888653040 420810674 1000844007 1517471995 1601852796 1976505643 1317666854 623546413
12
1560199087 1839950 1531850773 38430928 555325696 1840680131 1277033809 1495808781 1032176348 732185144 1397713717 1301321555
11
1213224179 1013505906 838346686 130722594 1294019421 1776273866 1931011017 217340449 98532893 672180408 638151122
4
42168755 92520270 928398893 1359835608
12
601178666 772551046 717906631 133029439 810981974 1273232326 1826225921 88015782 621557458 710918620 672717277 19271174
15
226719939 1085011704 878262432 1065066624 1068250650 24798204 693856842 851778018 242138652 792389734 1523958426 880289774 1891766633 1566127180 972810043
7
778479139 1688876724 1273860543 1551030184 259299707 1259406333 214528509
2
938148605 155060643
7
1649067224 827777919 25877015 1513823750 1054497858 963405071 244602533
11
31655720 269400736 665937674 735950089 511539388 1458327408 112424866 1391829161 1202610392 1678552045 217155555
8
309547535 1906032278 1001669162 1860577719 17848336 113591846 75106227 1550380368
15
82683221 1556986209 553324026 910461140 1435379575 67147775 1964958997 251300997 164266660 1937039829 135473068 433667395 455493855 871423157 945206782
2
983848022 189552294
10
514916419 406707848 696756624 824463953 165256478 1698425786 537558023 183104813 1812017631 465180602
10
716274433 547863822 1142987740 1269598458 1458324961 430883667 1189262584 1275800309 682184663 1353529243
15
817657731 1787196638 1520850344 1689080887 584919771 1287187957 525445260 774472065 108652313 1040361678 1181179912 805408936 1864825631 1346436389 356351073
10
1529541202 20885056 720080606 1115542733 737159488 1267944428 111046825 6757945 578785740 541930491
10
1854586049 1224115153 254582475 772458890 41772883 41779112 145825585 1583370121 479215234 1433013541
1
1253687298
8
1001693410 287383562 199591140 719035392 1633819950 555942213 973935397 1015877503
3
1694016002 131420236 1313986755
15 2000000000 2000000000 2000000000 2000000000 2000000000 2000000000 2000000000 2000000000 2000000000 2000000000 2000000000 2000000000 2000000000 2000000000 2000000000
