100

13 94
91 63

7 30
37 41
50 8
80 32

35 4
61 53
80 35
88 46
90 87
94 51

20 12
63 31
74 30
82 87
84 51
90 98
91 40
96 8

4 30
4 69
18 49
19 32
31 9
36 46
38 26
55 82
76 49
93 28

11 17
20 77
39 57
48 89
53 75
61 72
64 78
69 67
71 29
77 71
85 12
93 68

1 90
9 29
13 27
16 61
24 73
37 42
40 12
58 99
70 62
73 41
75 90
88 73
91 67
92 77

5 74
5 76
9 27
17 25
21 56
39 34
50 2
56 72
56 78
63 19
84 22
88 71
91 44
94 89
95 89
96 76

5 27
6 62
6 86
10 38
12 13
12 60
13 86
23 65
26 9
27 10
32 98
33 36
42 90
59 47
64 42
70 84
76 12
87 15

1 8
1 10
2 57
3 35
3 44
11 30
12 93
15 35
21 9
28 9
29 51
37 59
39 90
64 65
66 4
72 11
79 14
79 97
94 59
97 15

9 20
10 8
20 87
24 86
25 59
32 83
34 67
37 68
37 96
40 52
42 52
43 87
48 54
54 36
55 17
58 79
67 84
73 49
92 36
99 17
99 54
99 83

8 4
19 12
27 5
28 51
40 40
52 29
53 30
55 83
57 38
60 95
61 7
69 21
71 50
73 97
76 53
77 34
79 66
82 42
85 2
88 45
90 90
92 78
94 26
100 15

8 75
9 19
10 84
17 53
24 39
24 83
24 93
26 71
29 78
30 27
36 45
51 68
53 15
55 92
57 25
60 30
63 21
67 79
70 73
77 22
82 65
87 85
89 13
90 34
92 56
92 65

1 69
3 21
15 51
27 28
28 56
42 83
44 29
54 24
55 93
56 22
59 27
59 96
60 99
61 77
65 45
72 52
74 90
75 55
77 65
77 78
80 7
81 67
84 25
86 53
88 25
98 70
99 49
99 98

1 10
2 49
2 61
8 83
14 63
20 52
24 52
29 37
31 10
34 17
39 26
39 69
42 6
44 40
44 58
46 100
50 9
50 90
60 10
63 36
63 80
68 50
69 70
70 59
73 100
78 93
79 100
80 42
86 38
88 78

2 19
10 53
14 89
17 67
19 23
19 90
22 92
24 18
28 16
29 24
31 43
34 35
35 89
40 39
47 53
48 12
53 22
53 35
55 97
57 90
60 8
62 47
69 7
78 100
79 85
89 62
89 91
91 38
93 27
96 18
98 72
98 96

11 18
12 8
14 59
14 62
18 88
29 3
29 8
30 51
33 21
35 32
40 98
43 69
45 5
46 12
53 85
54 93
58 44
60 58
63 23
69 2
71 14
75 92
76 43
77 56
79 95
81 1
81 64
84 70
87 82
89 8
93 86
94 82
95 89
97 93

1 96
11 43
11 69
12 9
13 14
24 52
26 23
27 55
28 99
31 91
33 86
34 100
35 10
38 97
40 91
41 13
42 86
43 87
46 59
48 13
48 63
52 17
52 34
56 44
63 28
73 51
78 26
80 34
82 70
84 57
87 5
89 20
90 66
96 53
97 25
97 43

5 71
6 23
8 38
12 23
16 52
17 69
18 34
21 98
23 64
24 9
27 89
29 45
30 67
30 87
39 82
40 3
41 49
43 94
44 57
53 2
54 55
56 30
61 32
63 15
66 19
66 38
68 64
72 66
76 55
78 21
79 28
79 98
80 31
86 31
89 52
95 26
97 22
97 45

3 99
12 67
18 31
20 57
21 7
23 65
24 90
29 14
29 87
30 40
38 86
39 73
41 32
41 46
43 22
44 24
44 39
47 28
49 32
50 18
51 24
52 45
53 82
56 8
62 41
64 36
67 91
69 43
71 28
71 34
74 68
75 14
83 20
85 100
87 43
88 3
91 55
96 51
98 45
99 33

3 11
3 93
4 25
4 74
8 2
14 64
15 46
20 64
21 14
22 22
22 57
26 72
27 52
32 37
38 54
41 85
47 24
52 84
53 6
56 69
59 13
60 65
62 30
62 59
66 4
67 40
67 55
69 25
73 58
75 6
78 71
79 19
82 100
86 54
86 98
89 4
89 64
90 7
93 88
94 62
97 90
100 56

1 74
2 46
3 29
6 88
7 61
10 48
11 3
13 59
19 77
20 67
22 92
26 14
30 83
30 94
35 86
36 68
39 18
40 98
48 28
50 72
54 64
55 74
56 17
56 61
57 8
60 34
63 48
63 51
66 96
68 46
69 6
74 75
75 80
78 8
78 61
81 31
81 59
84 87
85 54
90 50
91 36
95 75
95 81
100 69

1 2
4 42
4 87
5 22
5 51
7 66
8 44
9 78
14 45
15 50
19 81
23 91
25 64
33 46
36 95
38 96
39 12
44 73
45 77
46 94
54 39
54 90
54 96
56 37
57 40
58 57
61 95
64 91
65 15
66 18
70 5
71 52
72 77
72 83
73 33
76 28
77 1
77 64
78 45
81 89
83 56
86 15
94 32
98 62
98 80
98 85

1 40
5 61
6 26
7 40
8 1
8 20
9 11
9 67
14 37
17 67
17 89
18 71
19 96
20 42
23 63
25 11
26 89
26 94
28 89
30 71
32 68
33 70
37 34
37 72
43 27
44 41
45 1
46 66
49 21
50 46
57 28
58 61
63 29
64 6
66 33
66 93
67 15
69 44
70 70
74 63
82 34
85 72
87 16
88 71
92 11
95 18
95 90
96 53

1 61
1 94
5 80
6 17
9 49
12 90
12 97
15 48
16 30
20 29
20 46
22 68
22 70
22 72
22 96
24 10
29 47
30 97
31 32
33 93
36 17
38 90
44 24
44 42
46 45
47 34
47 56
48 36
50 95
60 81
61 25
61 28
65 94
66 24
66 55
67 40
72 81
73 44
75 43
76 29
77 57
79 15
80 25
83 24
83 27
85 77
87 75
93 3
94 36
95 28

1 49
1 64
2 54
4 24
4 55
4 97
5 73
13 4
14 50
19 58
22 5
23 13
24 35
26 21
26 48
31 96
32 87
33 66
35 88
37 87
39 51
40 20
42 39
42 94
46 19
47 11
51 84
52 11
53 73
55 31
57 16
60 44
61 15
63 18
66 81
69 53
73 94
77 85
79 74
81 74
83 71
84 13
86 10
87 13
87 54
88 5
92 52
93 7
93 86
95 10
96 64
98 91

1 39
3 14
4 14
6 75
7 14
7 16
8 66
9 4
12 45
13 95
14 38
14 40
16 82
19 9
19 68
20 53
23 89
24 22
29 82
30 59
30 83
31 18
40 23
41 1
43 24
44 76
47 21
47 44
47 63
49 76
53 1
54 57
56 3
58 13
60 96
61 67
63 5
63 91
64 50
65 95
66 4
70 45
74 73
77 28
77 94
80 86
83 17
84 11
92 37
93 34
93 49
96 91
99 58
100 78

2 42
2 91
4 5
5 1
10 10
12 48
13 31
13 85
18 29
23 2
23 76
26 27
26 44
32 45
35 53
37 74
39 48
42 8
42 49
45 58
45 86
46 34
46 39
50 25
52 67
55 1
55 69
56 53
57 61
58 33
59 23
60 50
60 70
61 47
66 77
67 62
69 92
70 8
70 41
70 78
70 82
72 57
74 30
75 62
76 33
76 36
78 56
79 29
83 31
83 79
84 97
86 16
89 73
90 72
91 84
97 94

3 22
3 84
7 13
8 61
8 68
9 20
9 34
9 37
12 64
13 70
15 87
16 81
17 65
19 64
20 27
22 16
22 37
31 88
32 62
40 46
41 79
42 24
42 43
44 2
46 40
47 26
49 25
50 19
50 49
57 4
57 61
59 13
60 7
62 24
62 44
64 76
65 24
67 40
67 97
68 9
69 17
69 96
70 71
73 5
73 58
75 47
75 69
78 49
78 58
80 52
86 67
87 13
92 69
96 18
96 69
97 17
98 17
100 40

2 82
3 1
7 30
8 28
9 4
10 1
10 12
10 96
11 16
13 48
15 23
17 4
18 18
18 41
18 99
28 54
31 90
33 88
34 37
34 63
37 8
37 50
38 34
38 82
39 20
40 81
41 50
41 85
43 15
43 51
43 65
43 85
44 60
45 73
46 6
50 17
53 92
54 46
54 57
57 51
59 69
60 88
61 95
64 56
66 43
69 6
69 10
71 20
72 52
74 17
75 30
77 3
78 18
79 17
79 24
81 2
82 98
85 84
94 21
95 21

2 11
2 42
4 37
4 91
9 90
11 92
12 46
17 86
19 97
20 41
21 90
21 99
27 97
29 43
31 70
35 47
36 58
37 11
38 14
38 70
40 53
40 80
40 94
42 41
45 1
46 22
46 88
47 75
54 72
60 90
63 66
64 14
65 25
66 52
69 16
69 39
69 75
70 7
71 53
72 22
73 90
75 56
77 55
78 60
78 93
81 39
81 80
86 45
86 85
89 17
89 23
89 80
91 21
91 61
92 41
93 13
93 28
94 79
94 84
97 82
99 11
99 42

7 19
8 42
10 1
10 66
11 96
12 24
15 24
17 31
18 57
20 59
20 65
25 47
26 59
29 4
29 97
30 71
31 3
31 94
33 62
34 24
34 26
34 79
34 96
35 4
35 9
35 24
36 47
37 65
38 37
38 46
40 34
44 26
44 46
48 36
50 94
54 12
54 35
55 38
61 8
61 21
63 69
63 88
64 3
64 17
66 87
66 89
74 41
74 47
75 40
75 66
76 83
77 82
79 59
79 70
79 95
83 66
89 32
91 36
92 85
94 22
94 84
95 3
95 75
97 29

1 70
3 28
3 65
4 14
5 3
5 46
5 87
7 7
10 54
12 9
20 46
20 98
25 26
25 71
27 8
27 64
28 39
30 77
30 99
31 79
35 8
36 94
38 63
38 83
44 19
45 14
45 17
46 100
47 49
51 1
51 27
53 28
56 86
58 45
58 83
59 3
59 69
61 31
61 72
63 78
66 76
67 41
67 45
68 64
70 9
78 46
78 59
79 6
79 8
79 37
79 53
81 45
82 4
83 87
85 93
89 80
89 87
93 63
94 10
94 25
94 52
95 57
97 40
97 70
99 55
100 83

1 70
2 54
4 84
6 40
7 81
8 47
9 1
11 18
13 2
16 89
16 94
17 40
17 64
18 82
20 86
28 13
29 6
29 45
30 43
30 57
30 91
31 17
32 61
33 3
34 45
37 23
38 95
40 70
42 86
44 47
44 86
45 6
46 19
46 80
51 38
52 63
56 73
57 49
59 97
60 71
62 23
62 44
64 17
64 69
66 60
68 76
71 18
72 90
73 83
74 11
74 78
75 42
77 96
82 1
82 27
87 35
87 57
90 31
90 65
91 27
92 19
93 100
94 27
95 42
95 82
97 16
99 85
100 41

4 97
8 37
8 63
8 79
9 6
12 79
13 79
13 94
15 94
18 21
19 78
21 64
25 60
28 48
34 28
34 54
37 26
39 42
40 43
41 99
42 82
43 9
43 43
44 62
45 26
45 54
46 39
46 58
48 4
50 77
52 46
52 49
54 86
61 41
62 3
62 69
63 26
63 45
66 76
67 31
68 9
70 56
71 17
71 32
77 48
78 49
78 54
78 93
79 16
79 23
79 48
79 65
79 97
81 87
83 50
83 59
85 25
86 74
92 83
93 52
94 18
94 34
95 63
95 69
95 84
96 15
96 17
97 30
97 94
100 35

2 78
2 96
3 17
5 93
8 49
8 100
9 94
10 63
10 88
10 92
10 95
11 16
12 45
13 32
14 94
23 7
23 98
24 72
25 32
25 65
26 21
27 7
28 96
29 67
30 63
33 12
34 41
38 35
39 79
40 68
42 57
43 91
44 63
47 29
48 20
49 92
50 3
50 42
52 5
52 8
55 9
57 50
57 100
58 76
59 62
61 31
64 56
66 83
67 49
69 90
70 19
72 19
73 19
73 90
75 45
76 24
77 14
78 41
80 54
83 20
83 54
83 56
87 81
89 3
89 38
90 79
92 70
92 87
94 8
97 35
98 35
98 79

2 19
2 27
3 75
4 96
7 73
10 2
10 94
11 74
11 96
12 67
12 92
13 4
13 71
14 4
15 17
15 80
15 81
19 8
19 19
20 39
20 41
20 43
24 28
28 60
29 35
29 93
30 4
30 41
33 100
35 98
36 74
37 91
38 56
38 81
39 20
39 83
40 68
43 83
43 94
45 50
49 41
49 96
50 68
54 57
54 68
56 65
57 43
57 79
60 69
62 64
64 48
64 50
66 15
68 63
71 50
72 40
73 18
76 4
76 55
77 28
77 66
79 26
81 28
82 22
85 74
89 31
93 1
93 63
94 24
96 97
99 52
99 66
99 82
100 30

1 64
1 68
2 90
6 52
9 23
10 76
10 81
15 9
16 27
18 80
19 13
19 34
21 95
22 19
22 59
22 68
23 84
25 41
30 48
31 2
33 1
33 90
37 7
37 87
40 7
40 40
40 45
44 33
45 27
46 16
46 28
47 20
49 1
49 55
50 66
50 82
51 3
51 32
51 34
51 38
52 60
54 56
55 87
56 3
57 99
58 38
59 69
59 96
61 31
62 2
62 24
62 78
62 84
63 44
64 51
71 64
71 65
71 68
71 77
74 28
75 20
75 61
76 64
79 87
82 11
83 18
84 53
88 28
88 69
88 73
93 48
94 34
94 45
96 35
97 64
100 21

2 37
3 94
4 27
5 15
5 52
7 26
7 31
8 64
9 25
9 70
12 71
13 51
14 64
15 63
16 65
18 48
19 96
20 70
20 93
22 43
23 7
23 38
23 52
25 13
28 64
33 30
38 45
38 57
38 93
41 33
43 76
44 18
44 31
45 89
46 19
46 44
46 98
51 62
52 46
56 9
57 7
57 54
63 48
65 13
66 44
66 68
67 18
67 21
67 46
67 70
67 82
68 18
68 79
71 49
71 61
72 14
73 95
74 3
74 23
75 21
75 27
75 81
76 19
78 33
81 35
82 47
83 6
84 17
84 96
86 73
88 74
90 12
91 43
95 12
96 72
97 75
97 80
98 19

3 7
4 40
4 42
4 53
6 76
7 6
7 88
8 85
10 43
11 27
11 86
13 20
13 39
13 78
14 82
15 22
16 22
16 36
17 46
17 49
18 51
19 48
21 35
22 65
23 91
24 18
24 54
24 67
25 68
25 81
26 40
28 92
30 21
32 79
35 14
35 46
35 51
39 78
40 13
43 59
44 65
45 19
48 26
48 59
49 42
50 65
51 70
52 96
52 98
58 58
60 16
60 61
61 68
65 2
65 20
65 98
66 92
68 35
68 71
69 70
72 72
72 95
75 51
76 15
77 29
78 35
79 7
79 26
80 21
80 46
82 10
82 47
83 35
88 14
89 64
91 23
93 62
94 43
97 93
98 49

5 5
5 46
8 15
8 99
9 33
9 73
9 84
15 46
15 82
16 68
19 43
19 58
20 78
21 57
22 94
23 25
23 65
24 38
24 42
28 4
29 53
31 52
32 67
32 88
34 13
34 25
35 8
36 86
37 52
37 94
39 30
40 39
40 70
40 74
41 97
43 83
45 7
46 15
47 8
47 54
47 70
49 15
49 67
50 34
52 92
56 57
57 76
59 13
63 14
63 50
65 58
66 34
66 84
67 34
67 68
67 89
71 11
72 5
72 44
74 40
74 67
74 88
75 5
76 34
78 65
79 88
80 31
80 97
81 41
81 70
82 33
82 93
85 85
89 49
91 1
91 99
93 30
93 85
94 70
97 48
99 36
100 43

2 3
3 35
3 59
5 55
9 3
10 76
11 27
12 67
12 82
12 90
14 89
15 39
15 85
15 86
17 18
17 62
18 14
18 21
18 36
19 21
20 51
20 63
20 64
27 93
31 36
33 6
33 79
34 82
34 92
36 2
36 65
37 29
37 53
38 51
39 70
40 97
41 42
42 48
42 70
43 97
46 55
47 1
48 48
51 27
52 6
52 52
53 67
54 26
54 27
55 57
57 10
61 2
64 19
64 47
64 94
65 3
66 52
68 45
68 61
69 4
70 100
71 51
72 73
76 42
76 76
78 88
79 45
79 66
80 76
80 94
80 97
85 50
85 81
86 62
88 76
89 10
90 2
90 17
90 32
90 47
96 53
96 72
98 72
100 6

2 24
2 34
3 69
3 74
7 57
8 9
8 78
9 10
9 34
10 11
12 14
12 74
12 77
13 52
14 26
16 64
18 30
22 62
22 90
24 42
24 54
25 1
25 29
25 32
25 73
27 88
28 19
30 4
30 7
32 96
33 39
33 55
33 64
34 75
36 19
37 3
37 77
39 65
40 6
41 44
41 53
41 87
41 98
44 56
52 36
54 50
57 76
58 18
58 69
60 5
63 94
66 5
68 22
68 88
69 17
69 100
70 16
70 59
71 31
71 37
73 57
74 64
76 13
78 15
79 67
81 17
83 65
85 45
85 88
86 19
89 48
92 76
92 86
93 5
93 24
93 53
94 9
94 41
97 3
97 23
97 45
98 42
98 90
98 91
99 93
100 64

1 63
2 70
3 22
3 72
5 9
7 74
8 93
9 63
13 75
14 2
14 17
15 57
16 29
16 74
19 79
19 98
21 66
21 84
22 41
25 60
26 33
26 34
27 62
29 56
30 63
34 30
35 6
35 93
36 49
37 1
38 69
38 93
39 13
40 5
40 28
42 80
43 44
45 66
47 51
48 79
49 2
49 34
50 42
50 46
50 86
51 53
53 35
54 47
55 86
57 75
58 1
59 13
59 17
62 16
64 33
64 44
64 56
66 29
66 86
70 52
70 98
71 35
74 14
74 39
76 63
76 65
78 5
79 35
79 84
85 16
85 54
85 83
87 1
88 26
88 45
88 60
88 94
91 66
92 86
93 88
94 84
96 36
96 82
97 84
98 39
98 96
99 64
99 76

1 22
1 61
1 63
4 38
4 68
4 97
5 54
6 79
7 59
8 81
8 86
10 16
10 71
11 71
11 90
12 37
15 2
15 5
15 30
16 86
16 87
17 4
17 59
18 19
18 71
18 72
18 98
19 98
27 29
27 43
28 12
28 43
28 50
28 57
30 50
30 54
31 61
33 16
35 2
35 56
36 92
37 9
39 86
40 5
45 13
45 19
50 36
50 40
50 54
51 5
52 34
52 73
54 41
55 65
57 49
58 92
59 56
60 24
61 35
61 43
66 25
66 54
66 64
66 71
66 84
67 37
67 42
67 57
68 34
68 42
68 57
69 19
71 74
72 63
73 39
75 8
75 89
79 16
82 68
83 52
87 45
87 86
92 4
92 53
92 80
95 47
97 79
98 84
99 67
100 41

2 16
2 42
3 31
3 45
3 78
4 27
5 8
5 20
5 89
9 100
10 66
18 7
20 71
22 11
22 83
23 15
24 28
25 26
25 52
25 71
26 35
27 89
29 32
31 46
31 82
35 4
35 55
36 10
38 17
38 97
40 5
40 77
41 41
41 83
42 13
43 10
43 28
44 18
45 3
45 29
45 38
45 90
50 8
50 21
52 25
52 89
55 76
55 83
55 90
56 98
58 8
58 84
59 3
59 13
59 19
62 50
64 30
64 33
65 7
66 80
69 66
70 1
70 30
70 80
70 92
71 16
72 56
72 92
74 82
75 2
75 24
77 34
78 61
83 69
85 12
87 27
88 32
89 57
89 77
89 84
90 35
91 69
91 83
92 73
93 14
94 59
95 40
99 35
100 2
100 4
100 25
100 48

2 46
3 76
5 9
6 86
7 10
7 53
8 23
8 75
8 78
10 24
10 79
13 76
14 33
14 94
15 38
17 39
20 2
20 4
20 41
20 42
21 45
21 86
23 5
23 76
24 12
24 46
26 72
27 10
27 93
28 88
29 10
29 15
30 39
30 52
31 7
31 12
33 70
34 3
34 35
34 62
34 87
35 32
36 82
40 63
41 23
41 94
43 81
44 13
47 90
48 96
49 59
50 20
52 2
55 14
56 6
56 54
57 1
59 2
59 85
62 10
64 49
66 77
68 22
68 56
68 62
69 46
69 61
71 56
71 75
72 59
72 93
75 37
77 97
78 62
81 72
83 13
83 76
83 92
84 73
85 95
86 97
87 4
88 17
88 95
90 9
91 23
92 87
93 46
93 62
94 15
95 39
95 69
95 91
97 41

1 4
1 46
1 94
3 97
4 27
4 48
6 29
6 49
6 80
7 27
10 21
10 37
12 40
14 10
16 9
17 98
18 81
18 99
19 43
23 17
24 27
25 11
25 39
25 53
26 86
28 30
28 36
29 17
29 19
29 97
32 88
33 75
33 91
34 55
35 98
38 26
40 13
40 44
40 46
40 57
40 96
42 5
45 51
47 30
48 44
49 32
49 91
49 93
50 65
51 20
52 47
53 35
53 59
55 52
55 85
56 78
59 26
60 69
62 11
62 14
62 22
63 70
64 57
65 20
65 75
68 96
69 34
69 79
70 3
70 94
73 43
73 100
74 54
79 45
80 6
82 20
82 38
84 83
85 44
87 13
87 69
88 18
88 63
89 22
90 8
90 67
91 59
93 33
93 43
94 35
95 59
96 6
96 97
98 47
98 98
100 98

2 33
5 38
6 42
7 66
8 83
9 18
9 47
9 88
10 17
12 96
13 74
15 11
15 67
17 34
17 58
18 35
19 33
19 62
20 33
22 34
23 58
24 3
24 83
26 29
26 36
26 84
28 42
28 45
29 21
29 86
31 36
31 48
33 57
35 95
37 11
37 81
37 84
38 4
38 94
41 44
42 69
43 25
44 75
44 78
46 71
46 77
51 36
51 57
53 55
53 56
56 48
59 7
60 64
60 70
61 67
63 30
63 57
64 34
65 26
65 88
66 59
67 23
67 73
67 79
68 32
68 37
68 69
68 75
68 77
72 57
74 55
76 97
78 1
78 10
80 15
81 38
83 57
84 47
85 33
85 35
86 37
86 43
87 63
88 18
89 3
89 26
89 32
90 11
90 76
91 12
92 30
92 36
92 61
93 7
95 27
98 40
99 67
100 87

1 87
2 22
2 52
6 32
6 57
7 13
7 18
7 42
8 37
8 56
8 82
12 33
15 49
15 72
15 92
15 100
16 29
17 45
18 90
18 94
18 99
20 74
21 81
23 47
23 94
26 24
26 26
27 32
28 61
30 82
30 93
33 78
35 75
35 78
35 88
38 20
38 100
39 92
40 61
41 28
41 75
44 14
45 48
45 92
46 40
46 69
47 85
49 12
49 93
51 11
51 62
52 92
54 32
54 50
55 30
55 92
56 56
60 85
65 60
66 47
66 73
68 45
69 12
69 36
69 49
69 72
72 68
73 83
74 40
78 26
78 35
78 62
78 70
79 16
79 18
79 95
80 36
80 84
81 1
81 4
84 36
84 77
85 35
87 99
88 36
88 66
88 75
89 21
89 80
90 75
91 22
91 60
92 43
92 79
92 87
95 45
96 90
98 41
98 47
100 44

2 36
2 40
3 51
4 43
5 5
6 8
6 20
8 37
8 60
9 91
10 33
13 34
14 4
14 72
15 34
15 46
16 20
17 22
19 50
21 51
22 39
23 20
23 81
24 31
25 16
27 19
28 23
28 90
30 25
31 77
32 17
33 50
34 1
37 35
37 59
38 58
40 70
41 2
41 68
41 100
42 21
42 81
43 69
43 79
45 38
46 45
47 90
49 51
50 46
50 54
50 87
51 10
51 80
52 92
53 9
54 26
55 52
56 82
57 27
57 30
57 73
60 42
63 20
64 83
64 95
64 96
68 14
69 1
70 5
70 89
71 23
72 24
75 65
75 71
76 45
79 24
79 98
80 79
81 31
83 71
84 42
85 31
85 36
85 40
85 44
86 76
86 78
87 9
87 69
88 23
88 77
89 37
89 58
89 59
91 66
93 71
95 16
96 8
97 24
99 15
100 30
100 50

4 57
6 4
6 23
6 98
7 52
8 35
10 64
10 65
11 94
11 97
12 23
13 19
14 45
14 75
15 35
16 77
17 20
17 63
18 62
19 23
19 50
19 69
19 77
20 36
21 70
24 7
24 99
25 13
25 21
25 64
26 55
27 31
27 41
27 75
29 16
30 96
33 74
33 83
35 90
36 93
38 46
39 81
42 14
42 70
42 76
42 84
43 84
45 16
45 74
46 3
46 51
47 24
48 13
50 17
50 69
51 19
51 35
51 54
52 50
52 89
53 65
54 47
54 57
55 36
56 72
56 99
57 9
58 78
59 35
61 24
62 20
62 48
63 18
64 22
66 1
66 79
69 30
69 81
71 57
72 18
73 60
73 71
74 55
75 50
75 65
76 62
79 62
83 58
86 16
87 70
88 76
91 50
92 4
92 24
92 41
92 53
96 12
96 98
97 6
97 81
98 11
98 37
99 98
100 66

2 13
2 53
2 54
5 20
5 38
6 58
7 5
7 57
9 1
9 16
9 22
9 67
10 18
13 50
16 19
16 53
16 82
16 99
17 20
17 54
19 84
21 50
22 2
22 34
22 46
23 15
23 64
23 72
25 32
25 71
26 6
30 29
30 64
32 37
32 99
33 45
33 49
35 25
38 38
40 6
41 26
42 65
43 23
43 36
44 67
44 84
48 65
49 12
49 88
50 15
51 4
51 20
52 22
52 54
53 96
54 53
54 66
57 56
58 29
58 47
58 62
58 65
59 92
60 1
60 59
60 95
63 93
63 100
64 13
64 94
65 50
65 86
70 1
70 3
70 24
70 43
71 57
71 88
72 46
72 63
72 67
74 48
75 20
77 8
77 47
81 84
82 14
82 32
82 53
83 31
84 3
85 10
88 27
89 24
91 57
92 11
92 64
93 17
94 67
95 16
95 29
96 23
97 12
98 31
100 79
100 83

2 18
2 67
2 88
3 47
7 87
7 88
8 13
9 30
9 34
9 56
10 62
10 70
11 38
12 80
13 17
14 54
14 58
15 71
16 6
16 34
18 73
19 8
19 45
20 67
26 78
27 2
27 43
27 73
28 25
28 26
28 94
30 30
30 75
31 12
31 65
33 32
33 44
34 34
34 82
36 14
36 67
40 60
41 4
41 67
41 77
42 42
45 49
46 47
48 60
49 1
49 34
49 73
52 54
52 60
53 54
53 87
54 19
56 11
56 77
57 7
58 27
58 36
62 12
63 23
63 88
64 23
66 75
67 4
67 15
67 45
69 7
69 41
70 27
70 48
70 88
71 6
71 10
72 7
72 86
73 57
73 72
74 36
74 75
75 55
75 64
75 77
77 61
77 65
78 51
79 18
79 76
82 46
84 57
84 94
85 88
85 98
87 21
87 96
89 61
92 56
93 1
93 35
95 77
97 39
97 77
98 53
99 3
99 57

1 13
1 61
4 8
4 28
4 69
5 27
5 40
6 85
6 92
7 10
10 20
14 48
14 65
16 18
16 84
18 5
18 11
20 84
21 43
21 89
23 63
24 49
25 4
25 12
25 32
27 62
27 100
28 58
29 93
29 100
30 56
31 64
31 67
32 34
32 69
34 29
35 54
35 66
35 98
36 55
37 14
37 80
38 21
44 80
44 83
45 5
46 18
46 24
47 19
47 77
48 31
48 46
48 87
50 55
50 81
52 76
53 40
53 79
54 58
55 30
55 55
55 89
56 57
56 89
57 7
57 16
57 72
58 3
58 63
58 76
59 74
61 25
61 38
61 69
63 69
63 70
65 15
66 36
66 95
68 9
68 36
68 40
68 43
69 74
69 87
71 48
72 15
72 18
74 17
74 73
77 49
78 67
80 24
80 45
81 31
81 73
85 93
86 15
88 7
93 52
94 6
94 56
95 10
95 15
97 28
97 60
97 68
98 42
98 57
100 83

1 15
1 21
2 97
2 100
3 7
4 68
4 81
5 65
7 61
7 73
8 74
8 77
9 90
10 62
12 9
13 9
13 34
13 64
13 87
17 32
17 45
20 31
23 11
23 98
24 35
25 1
27 36
27 50
29 2
29 31
30 2
30 87
32 63
34 46
35 76
35 90
36 38
38 4
38 46
40 11
40 41
40 82
40 83
41 82
41 88
45 53
45 85
46 53
47 17
47 61
47 84
50 65
52 53
52 70
52 92
54 96
56 51
56 84
57 86
57 91
58 74
59 3
60 12
60 60
60 97
62 81
63 33
64 72
64 74
65 15
65 45
66 75
66 81
67 77
69 19
69 90
69 99
71 1
73 16
73 87
73 96
73 99
74 33
75 38
78 94
79 46
81 8
82 64
84 90
86 39
86 79
88 44
90 55
90 87
91 52
92 13
93 42
93 96
94 77
94 100
95 11
95 90
95 93
96 7
96 51
97 52
97 94
98 27
98 70
99 45
99 89
100 22

1 17
2 25
3 48
4 42
4 53
5 45
6 71
7 78
8 1
8 3
8 62
9 47
9 51
9 61
11 90
12 55
13 97
15 14
16 90
18 9
18 12
20 76
21 83
22 30
22 76
22 79
25 30
27 6
27 55
29 11
29 25
29 54
31 43
31 86
32 6
32 12
32 31
32 82
33 4
33 97
37 95
39 57
40 1
41 31
44 3
44 19
44 85
46 20
49 62
51 10
51 56
52 67
53 38
53 62
54 9
54 74
57 67
57 77
58 45
62 31
64 51
64 66
65 72
66 44
68 89
69 56
69 93
70 20
70 54
70 86
71 30
72 98
73 2
73 3
75 24
76 83
78 26
78 52
78 63
78 80
79 67
80 72
81 7
81 51
82 9
82 58
83 84
84 44
85 76
85 91
85 92
86 36
86 59
86 71
88 12
89 2
89 12
90 36
90 67
92 9
92 61
92 76
93 81
93 86
94 28
94 73
95 21
96 8
96 48
97 3
97 47
99 24
99 39
100 84

1 23
1 86
2 40
3 94
6 13
6 18
8 3
8 62
9 99
10 11
10 62
11 96
12 39
12 56
14 58
14 79
15 9
15 50
18 41
18 43
18 73
19 11
19 45
20 35
20 53
22 78
23 46
23 64
24 54
24 95
25 4
27 7
27 96
28 19
29 59
29 96
30 11
30 22
30 72
32 29
32 73
32 99
34 11
36 28
37 28
40 13
41 94
44 80
45 4
45 19
47 24
48 92
49 16
50 4
50 34
50 63
53 67
55 58
56 16
56 53
57 51
57 57
57 62
58 3
58 53
58 80
59 23
59 41
60 7
60 30
60 57
61 25
63 83
64 17
67 47
67 61
68 1
68 89
70 11
70 90
72 22
72 25
73 45
76 36
76 51
76 55
77 58
78 9
80 47
80 82
80 83
81 93
82 65
84 17
84 23
84 32
85 27
87 43
87 57
90 61
90 87
91 2
92 10
92 23
92 64
93 100
95 81
96 4
96 44
96 45
97 95
98 99
99 13
99 64
100 50
100 80

1 13
2 61
3 53
3 61
3 72
5 85
5 87
9 3
9 10
9 99
10 24
11 16
11 64
16 10
18 27
18 70
19 33
20 62
20 95
21 20
21 37
22 76
24 39
24 66
25 78
26 61
26 82
27 8
27 98
28 46
28 80
29 65
30 6
31 27
31 49
33 57
33 74
34 8
34 26
37 50
37 52
37 65
37 95
38 61
39 20
39 47
40 15
43 42
43 46
43 71
43 85
44 19
45 1
45 38
45 90
45 95
48 76
51 9
52 51
53 96
56 64
58 27
58 58
59 38
60 68
61 27
61 63
62 96
64 87
64 97
66 19
66 34
66 43
66 61
67 30
71 60
71 63
71 67
74 36
74 56
74 84
75 52
75 73
75 80
76 42
77 65
78 2
79 80
79 85
80 41
81 20
81 59
83 27
83 37
83 59
84 63
87 10
87 28
88 55
89 82
89 98
90 9
90 16
91 40
92 15
93 19
94 16
94 52
94 74
94 81
95 13
95 29
95 36
96 25
98 3
99 32
99 37
100 59

2 50
2 52
5 14
5 70
9 31
11 15
11 25
11 60
12 68
13 42
15 26
17 15
17 16
17 43
17 67
18 58
20 71
21 6
21 68
23 54
23 69
24 41
26 22
26 76
28 77
30 41
30 49
30 97
31 69
31 71
33 48
34 61
34 100
35 83
36 4
37 29
37 93
39 60
39 86
41 76
41 83
42 25
42 65
43 20
43 40
43 52
44 52
45 6
45 69
47 32
47 41
47 81
48 9
49 71
49 98
50 53
51 62
54 51
54 56
55 41
55 71
56 78
57 3
57 16
57 17
57 56
57 66
57 89
57 96
58 15
58 31
59 45
62 64
63 28
64 29
65 2
65 24
66 16
66 54
68 31
68 45
68 69
70 73
73 16
74 45
74 88
75 14
75 29
75 48
75 63
76 33
76 90
77 83
79 58
82 11
83 93
84 26
86 66
87 16
87 71
88 10
89 5
90 32
91 22
91 69
92 4
92 45
93 1
93 51
94 16
94 100
95 58
97 49
97 63
97 72
98 22
99 35
100 63
100 66
100 69

1 60
2 83
3 14
3 79
4 54
4 100
5 47
6 98
6 99
8 77
11 100
12 7
14 8
14 39
14 43
16 25
16 42
18 32
18 33
18 83
18 90
19 12
19 81
19 84
20 89
22 27
22 94
23 17
25 18
25 22
25 47
26 82
26 86
29 21
29 33
31 69
32 26
35 18
35 57
36 30
36 41
37 11
37 32
37 48
39 45
39 86
40 11
41 40
41 62
41 80
42 75
42 82
43 80
44 97
46 30
46 78
47 47
47 55
49 6
49 25
50 78
51 10
51 15
52 74
53 2
53 47
53 51
56 49
61 9
61 10
62 38
63 6
63 21
63 78
64 67
65 92
67 35
68 62
68 70
72 10
73 2
73 20
73 74
74 36
74 58
74 75
76 5
76 27
77 19
77 65
77 66
77 75
77 78
79 58
79 73
80 68
81 96
83 24
84 26
86 12
88 2
88 68
88 70
88 81
89 44
89 77
90 61
91 42
93 7
93 11
93 76
94 9
95 44
96 65
96 75
97 18
98 67
98 86
99 6
99 40
100 16
100 72

1 69
2 8
2 29
3 38
3 39
3 48
4 12
4 27
7 35
7 62
7 91
9 45
10 55
10 91
11 56
13 25
14 89
17 7
18 20
19 25
20 56
22 5
23 1
24 53
25 2
25 45
26 95
27 91
29 4
30 22
30 66
31 33
31 36
33 97
34 25
36 65
37 60
37 61
39 85
39 88
40 1
40 32
40 51
41 11
41 30
42 75
43 81
45 1
45 47
45 53
46 60
46 74
47 28
47 51
48 22
48 27
48 93
48 97
49 3
50 36
50 71
52 16
53 55
53 62
54 10
54 84
55 36
55 51
56 53
56 55
57 22
57 57
58 83
60 13
60 16
62 83
63 39
63 69
64 42
65 7
66 25
67 48
67 64
68 18
69 14
69 15
71 17
71 42
71 82
74 29
74 96
75 78
76 4
76 18
76 75
76 86
77 8
77 14
78 63
79 58
80 48
81 21
81 90
82 33
83 33
83 83
83 99
86 51
86 98
88 44
89 89
90 26
90 46
90 67
90 98
91 38
92 35
94 12
96 85
97 4
97 47
98 43
100 67
100 70

1 15
3 1
3 23
3 46
5 28
5 37
5 100
7 10
8 44
8 73
11 23
11 47
12 16
12 55
12 65
13 7
13 49
15 23
15 90
15 95
16 93
17 50
17 53
17 79
18 84
18 98
21 78
22 54
22 72
23 58
24 14
25 80
26 13
29 81
30 5
30 11
33 21
33 58
33 91
34 76
35 27
35 38
36 5
36 85
37 62
39 12
39 84
40 100
42 42
42 96
43 40
44 12
44 62
44 74
45 14
46 39
46 40
47 41
47 61
48 95
49 58
49 78
50 48
51 28
51 99
53 7
55 38
55 59
55 92
56 48
56 49
57 9
60 58
62 34
64 25
64 37
65 100
66 58
66 100
67 47
67 49
67 51
68 29
69 52
70 75
72 85
73 7
73 93
74 34
74 64
74 69
74 76
75 5
77 63
78 26
78 89
78 100
79 12
79 72
80 2
80 18
80 24
81 14
81 65
86 76
86 82
88 38
88 75
89 37
89 65
89 82
90 93
91 58
92 39
93 11
94 13
95 5
95 61
95 80
96 86
98 13
98 40
98 48
99 9
100 4
100 96

1 21
1 51
1 66
1 87
3 16
3 38
5 55
6 81
6 85
7 42
7 47
7 78
7 94
10 23
10 61
10 99
13 13
13 89
18 55
18 69
19 5
20 89
21 31
21 33
22 38
22 85
22 88
26 1
26 45
26 46
27 11
27 44
28 4
29 92
30 23
30 60
31 61
31 67
32 76
33 5
33 57
33 62
33 99
34 25
35 78
36 33
36 74
37 38
37 75
37 78
37 92
38 14
39 95
40 16
40 24
40 49
41 46
41 53
41 93
42 25
43 53
44 72
45 45
45 88
49 55
50 59
50 79
51 7
52 26
52 28
52 54
53 71
54 31
54 40
54 78
55 3
55 25
55 88
58 81
60 85
61 26
61 47
62 14
62 82
64 82
65 15
67 19
68 6
68 14
68 15
68 57
69 96
70 78
71 9
72 2
73 30
73 60
75 61
78 1
78 32
78 58
80 54
81 33
81 76
81 90
82 13
82 16
82 23
83 34
83 82
84 26
85 27
85 76
87 3
87 47
87 53
87 56
88 43
89 83
92 40
93 12
93 58
94 40
95 45
96 62
97 31
99 99
100 87

2 10
2 59
3 60
6 39
7 67
7 99
9 6
9 56
10 71
10 90
11 9
11 32
11 42
11 48
12 1
12 33
12 72
14 77
16 28
16 55
17 32
17 55
17 66
17 74
18 82
19 15
19 24
19 53
19 87
19 95
19 100
20 2
20 65
21 68
21 91
22 56
24 35
25 48
26 91
27 5
28 68
29 36
30 80
31 12
31 90
33 40
33 92
34 87
35 72
35 90
36 8
37 81
40 87
41 5
42 4
42 33
42 55
42 91
43 18
44 97
46 22
47 52
48 38
49 20
49 58
54 24
54 61
54 77
55 2
55 36
56 35
58 51
59 33
60 36
61 56
61 85
63 11
63 15
63 100
64 32
65 4
65 18
65 97
67 51
68 16
69 92
71 11
71 28
72 16
72 33
72 38
72 40
73 84
74 40
74 58
75 46
76 26
78 8
79 12
79 94
80 17
80 78
81 4
82 7
82 13
84 59
86 26
86 58
86 90
87 87
88 24
88 78
88 99
90 80
91 89
92 11
92 13
92 51
92 66
93 48
93 69
94 33
94 72
96 7
97 50
97 76
97 93
99 9
99 33
100 72

2 99
4 14
4 49
6 5
8 76
8 91
9 18
9 54
10 64
10 79
10 93
12 83
16 91
16 93
17 9
18 80
18 88
20 98
21 41
21 58
22 29
22 38
22 74
23 19
23 95
24 17
24 60
24 72
24 99
25 2
25 6
25 43
25 68
26 20
27 14
27 47
27 49
28 42
28 57
28 94
30 34
32 76
32 82
33 6
33 60
34 2
34 44
35 52
35 56
35 68
37 62
39 32
39 84
40 79
41 6
42 46
43 4
43 62
44 26
44 65
45 85
46 21
47 34
47 73
49 24
50 58
50 67
51 51
52 34
53 26
53 77
53 98
54 32
54 57
55 71
56 55
56 62
57 5
57 26
57 54
58 35
58 37
58 40
59 3
61 10
61 18
63 4
63 9
63 21
63 22
63 45
64 73
65 80
67 29
67 53
68 86
69 33
70 4
70 81
72 3
72 76
73 88
75 24
76 80
77 80
78 4
81 86
81 91
82 45
83 74
84 37
85 96
86 10
86 61
86 85
87 7
88 88
89 52
90 31
92 72
93 21
93 77
94 8
94 43
94 64
94 74
95 58
96 52
96 57
96 59
97 100
99 88

2 55
3 3
3 82
6 37
6 87
7 94
7 100
9 92
10 8
10 17
10 76
11 46
13 41
14 41
15 4
15 88
16 32
16 67
17 14
20 4
20 27
20 82
21 45
21 66
23 57
24 11
25 49
26 60
26 82
26 100
27 7
27 58
27 78
27 82
28 41
29 4
29 96
30 39
30 55
30 87
31 18
31 42
32 14
32 23
34 17
34 28
34 51
34 69
35 78
37 29
38 69
38 74
42 91
42 93
43 15
43 32
47 25
48 80
48 100
50 44
50 99
51 33
51 45
52 15
52 33
52 34
52 46
52 80
52 82
54 7
54 16
54 54
55 3
55 11
55 50
55 67
56 62
56 68
57 32
58 3
60 8
60 59
63 85
64 17
64 26
64 44
64 63
64 68
65 39
66 60
66 61
66 69
67 18
67 38
68 85
69 41
71 28
71 32
71 46
72 33
74 34
74 64
74 86
75 34
75 51
75 73
78 50
78 100
79 31
79 34
79 41
79 56
80 26
81 52
82 20
82 56
84 6
87 34
87 81
87 99
88 50
88 61
89 54
89 90
90 48
91 19
92 12
93 1
93 76
94 5
94 71
96 35
96 100
97 51

1 64
2 2
2 16
2 22
3 54
4 37
4 41
4 82
4 92
8 31
9 1
9 4
9 46
9 56
10 51
11 40
12 15
12 65
12 69
15 5
16 47
17 57
18 31
20 23
20 30
21 46
22 25
22 89
25 7
25 60
25 98
26 53
27 7
27 10
27 51
27 82
28 84
29 37
29 78
31 8
31 50
31 92
32 4
32 56
34 14
34 78
35 52
35 56
35 60
35 76
35 79
36 86
39 21
39 58
39 64
39 76
40 86
41 83
41 98
43 12
43 87
44 79
44 96
45 5
45 41
45 58
45 63
46 19
46 75
46 89
47 32
47 36
47 46
47 69
50 70
51 90
52 2
53 78
54 36
55 78
55 96
56 63
58 85
60 78
61 32
62 30
63 32
63 78
65 41
65 67
66 18
66 66
67 8
67 33
68 21
68 28
68 61
68 82
69 36
69 94
70 72
72 65
74 43
74 86
75 4
75 78
76 3
77 62
77 81
78 57
78 68
79 18
79 78
81 89
82 54
82 98
83 22
83 41
83 95
84 88
85 22
86 33
92 3
92 15
92 67
94 40
94 89
95 26
95 99
96 55
96 99
97 17
98 73
99 8
100 9
100 38

1 7
1 18
2 26
2 69
2 82
4 48
4 58
5 17
5 33
6 51
7 8
7 43
7 83
8 9
9 10
9 78
10 73
11 89
12 72
12 97
13 12
13 45
15 91
16 3
17 87
19 1
19 59
19 63
20 77
20 96
21 41
21 52
22 61
22 73
25 25
25 96
26 38
26 44
26 95
27 46
27 63
28 69
28 72
28 88
29 60
30 14
30 57
32 78
33 30
33 64
34 7
34 58
35 29
37 58
41 3
41 84
43 40
43 48
43 53
43 78
45 71
45 95
46 38
48 16
49 91
50 19
50 33
50 74
51 62
51 73
52 40
52 92
52 99
53 27
53 80
54 60
54 65
54 69
54 77
55 40
55 62
56 39
56 76
57 38
57 86
57 87
58 93
59 18
61 65
62 39
64 50
65 17
65 53
65 87
67 54
67 93
69 9
70 71
73 92
74 3
74 23
74 99
75 74
78 50
78 62
79 7
81 22
81 52
82 28
82 36
82 80
83 34
83 37
84 12
85 40
85 48
86 7
86 54
87 17
87 93
89 56
89 65
91 42
91 99
92 14
93 58
93 66
94 22
94 70
94 98
95 9
95 21
95 99
97 45
97 67
98 59
100 7
100 83

1 2
1 66
2 13
3 65
4 3
4 13
4 58
4 61
5 94
6 39
7 51
7 94
8 98
9 2
10 24
10 74
12 25
14 19
14 64
16 53
17 62
18 68
18 86
19 63
19 88
20 2
20 14
20 22
20 36
21 30
21 55
21 97
24 2
24 58
24 90
25 77
25 92
26 9
26 70
27 4
27 47
30 56
31 53
31 87
33 66
34 59
35 1
35 77
35 89
36 69
38 28
38 42
39 75
39 88
40 94
41 48
43 53
43 85
44 92
44 94
45 88
46 15
46 68
49 15
50 4
50 64
51 18
53 1
53 9
53 22
54 68
54 72
54 85
55 16
55 24
55 71
56 34
56 75
58 22
59 14
59 26
60 12
61 7
63 22
63 50
63 55
63 57
63 63
63 84
64 6
64 9
64 61
65 94
66 9
66 68
67 24
67 49
70 23
71 91
72 61
73 32
74 24
76 7
76 33
76 50
78 8
78 52
78 85
79 39
80 8
80 11
80 18
80 26
81 12
81 93
82 61
84 77
85 16
86 14
86 99
87 15
87 39
87 96
88 15
89 39
89 41
90 83
93 27
96 15
96 41
96 51
96 68
96 84
97 10
97 53
97 54
97 85
99 76
100 24
100 61

1 33
3 15
3 26
4 28
5 45
5 71
6 99
7 90
8 89
9 6
9 38
9 43
10 41
10 55
11 20
11 36
11 94
12 1
12 30
12 33
13 45
14 28
14 72
14 76
14 94
15 60
15 71
15 85
16 86
17 96
19 54
20 33
20 100
21 18
21 52
21 79
21 92
23 29
23 33
23 99
24 19
24 39
24 61
25 99
26 5
26 43
26 62
26 68
27 3
31 93
32 88
33 25
33 64
33 73
33 76
34 42
35 37
35 71
36 38
36 52
37 51
38 20
38 21
38 37
38 90
40 86
41 39
41 89
41 100
43 83
44 15
44 35
44 74
47 52
50 17
52 3
52 38
52 43
53 26
54 79
54 86
55 14
55 27
55 48
57 13
59 10
59 24
62 75
62 96
63 47
64 78
65 92
66 17
66 30
66 49
67 39
67 88
68 3
68 36
70 62
71 31
71 37
71 71
71 92
72 36
72 74
73 30
73 86
74 33
77 4
77 31
81 75
82 19
82 24
84 44
86 57
87 28
88 17
88 39
88 73
90 39
90 63
91 5
91 11
91 59
92 33
92 78
92 98
93 40
94 36
94 57
95 98
96 19
96 90
97 30
97 55
97 70
97 73
98 10
99 45
100 3
100 27

1 5
2 18
2 81
2 96
4 35
4 60
4 96
7 67
7 84
10 83
11 23
11 26
12 49
12 56
12 64
12 97
13 86
14 75
14 86
15 22
15 82
16 23
18 19
18 57
19 26
19 35
20 19
20 25
20 69
21 20
22 27
24 57
24 82
25 10
26 90
27 87
28 3
29 39
29 70
29 90
30 75
30 94
31 63
32 52
34 7
35 58
36 34
36 95
37 10
37 49
37 71
37 89
39 55
40 34
40 100
42 7
42 87
44 4
44 19
44 59
45 60
45 62
46 42
47 35
47 48
48 69
49 56
51 19
53 18
53 54
53 79
54 4
55 77
56 3
56 65
57 52
58 71
59 1
60 31
62 16
63 100
64 25
65 51
66 35
66 65
68 38
68 41
68 90
69 67
70 44
71 15
71 23
72 66
72 82
72 95
73 26
73 38
73 46
73 74
73 99
76 27
77 41
77 54
78 20
78 27
79 74
80 1
80 54
80 56
80 93
81 35
81 49
82 30
82 44
82 53
83 32
84 79
84 97
85 56
85 72
86 14
87 75
87 81
88 22
89 99
90 21
90 43
90 68
90 84
91 39
92 43
92 53
93 9
94 94
95 9
95 92
95 93
96 3
96 18
96 51
96 82
97 35
99 54
99 73

1 98
3 31
3 61
4 70
6 7
6 46
6 55
7 40
8 19
8 81
9 24
9 94
10 6
10 20
10 42
10 75
11 44
11 55
11 85
13 2
14 40
15 90
16 20
16 43
16 90
17 63
18 16
18 97
22 45
23 65
24 12
25 5
25 61
27 28
27 36
28 65
30 9
30 76
32 35
32 39
33 15
33 84
34 30
35 6
35 85
37 99
38 59
38 99
39 2
39 76
40 23
40 26
40 34
40 86
41 69
42 79
44 3
45 3
46 43
46 55
47 76
47 88
48 31
49 24
49 29
49 51
49 75
49 94
50 89
53 58
54 65
55 7
55 26
55 42
56 1
57 13
57 69
58 26
58 36
58 75
58 84
62 24
62 42
64 27
64 66
65 18
65 28
65 83
68 5
68 52
68 92
69 2
69 48
70 83
71 20
72 67
73 41
73 88
73 89
73 91
74 44
74 94
75 3
75 69
75 86
76 18
76 39
76 84
77 87
78 17
78 25
80 43
80 48
80 73
80 75
81 42
86 8
86 36
86 86
87 44
87 77
87 85
88 93
89 20
90 1
90 67
90 89
91 40
91 45
91 52
91 87
93 2
93 92
94 22
94 71
94 80
94 99
96 12
96 52
96 60
97 21
98 59
99 31
99 42
99 81
100 97

1 6
1 8
1 100
2 13
2 65
3 16
3 78
4 40
5 45
5 60
8 48
8 70
9 26
9 35
9 98
10 17
10 58
11 42
12 93
12 97
14 1
14 17
14 84
14 97
14 100
15 15
15 69
15 93
16 27
17 31
19 58
19 66
21 26
21 38
21 50
21 63
22 18
22 35
22 83
24 6
24 63
25 34
26 39
26 73
26 78
26 79
27 75
28 65
28 86
29 8
29 52
30 40
30 61
30 81
33 75
33 98
34 60
34 80
36 48
36 61
37 63
38 14
38 36
38 88
39 25
39 79
40 25
41 18
44 20
45 29
45 42
46 45
47 3
47 68
49 9
50 60
51 42
51 71
53 27
53 88
54 40
54 94
55 39
55 57
55 63
55 82
56 19
56 46
57 60
57 73
58 41
58 44
59 55
60 9
60 14
60 64
62 12
62 52
63 67
63 92
65 57
67 45
68 27
68 44
68 45
70 18
71 7
71 24
72 8
72 42
72 76
73 75
74 29
76 69
76 100
77 15
77 50
77 70
78 4
79 49
80 3
81 38
83 45
85 79
86 19
86 50
86 74
87 67
88 70
89 35
90 35
90 82
90 93
91 40
92 31
92 56
92 57
92 77
94 62
94 93
95 27
95 72
96 27
97 51
98 15
99 31
100 33
100 81

1 75
1 82
3 7
3 27
3 52
3 86
4 20
4 66
4 85
5 1
5 13
5 39
5 91
7 27
7 46
7 57
8 22
8 36
9 66
9 82
10 67
11 55
11 60
12 57
12 96
13 26
13 34
14 41
19 76
20 24
22 79
23 18
23 35
23 54
23 76
24 20
25 35
27 15
28 13
28 50
28 88
28 91
29 10
29 56
31 10
31 77
31 96
32 23
32 73
33 98
36 37
36 45
36 83
36 98
39 40
39 43
39 53
42 84
43 2
43 73
44 50
45 90
47 15
47 25
48 3
48 82
48 83
49 4
49 12
50 8
50 9
51 59
53 48
53 91
55 50
55 51
55 88
56 70
58 5
59 54
61 63
61 67
63 27
63 64
63 77
64 25
64 30
64 53
64 73
64 100
65 1
66 24
66 79
66 88
66 96
67 45
67 97
68 36
69 52
69 79
70 30
71 33
72 50
72 80
74 81
75 10
75 17
76 5
76 25
76 88
77 13
77 20
77 33
78 86
79 22
79 60
79 92
80 35
80 63
80 85
81 57
81 69
82 55
83 14
83 25
83 42
84 76
85 24
85 27
86 98
87 26
88 4
88 34
89 57
90 73
91 99
92 92
93 61
93 73
94 45
95 19
95 36
95 50
95 89
96 99
98 18
98 98
99 44
99 56
99 59

2 23
2 92
3 12
3 59
4 63
4 70
6 22
6 64
6 79
6 88
6 92
7 51
8 10
8 14
8 85
9 68
9 84
10 13
10 60
10 74
12 73
13 68
14 9
14 39
14 69
14 73
16 3
17 55
17 77
17 80
18 40
18 61
18 92
18 96
19 37
19 51
21 20
21 52
21 56
21 69
22 11
22 48
22 63
22 89
22 93
23 53
23 88
24 31
24 51
24 73
25 18
25 50
25 55
25 98
26 7
27 39
28 46
30 39
30 70
33 13
35 10
35 40
36 13
37 26
37 47
38 58
39 13
39 43
41 41
43 74
44 30
45 75
45 79
46 47
48 17
49 17
50 8
51 19
51 31
51 39
52 28
52 40
52 77
52 90
52 94
53 41
54 10
54 47
56 10
56 20
57 74
58 77
59 95
60 9
60 12
60 13
61 63
65 87
66 31
66 81
68 78
68 82
69 83
70 72
70 86
70 87
72 3
72 4
72 65
73 81
74 38
75 5
75 10
75 57
76 2
76 73
77 5
77 84
78 11
78 22
78 66
79 57
80 64
81 11
81 26
81 64
82 44
82 87
82 95
83 93
84 24
84 49
84 67
85 2
85 20
86 3
87 53
87 65
87 67
88 1
88 80
89 12
90 9
91 10
92 71
93 24
93 66
93 92
95 10
96 31
97 60
100 86

1 34
2 99
3 100
4 2
4 3
5 62
7 13
7 43
7 60
8 24
8 42
9 82
10 69
11 14
11 90
13 48
15 63
15 74
16 60
17 61
18 2
18 27
19 32
19 41
19 97
20 16
20 78
22 13
22 14
24 48
24 74
24 76
25 18
25 23
25 48
26 79
27 47
28 35
28 71
29 7
29 49
32 23
32 50
32 95
33 92
34 2
34 30
34 41
36 15
37 30
37 71
38 33
38 40
38 43
38 90
39 17
39 47
39 52
41 9
41 84
43 57
44 74
44 82
44 86
44 87
46 21
46 46
46 87
47 34
47 36
48 7
49 59
49 68
49 81
49 88
50 38
50 46
50 70
50 83
51 41
53 10
53 87
54 12
55 40
58 13
58 27
58 89
59 30
59 99
60 14
61 39
62 44
62 82
64 77
65 55
66 5
66 93
67 1
67 9
67 30
67 96
69 10
69 14
70 20
71 10
71 37
73 54
74 25
75 4
77 42
77 80
78 17
78 55
78 64
78 68
78 78
78 98
79 4
79 19
79 70
80 11
80 13
81 16
81 59
81 61
82 24
82 27
82 61
82 83
83 1
84 72
85 12
85 29
85 53
85 100
87 93
88 50
89 13
90 4
91 93
93 84
94 71
94 73
95 7
95 29
95 55
96 66
98 8
98 24
99 30
99 67
99 84
100 18
100 26

1 43
1 52
1 54
2 5
3 87
4 28
4 38
4 68
5 38
5 49
6 36
7 35
7 67
8 15
8 54
11 43
12 69
13 28
14 49
14 75
15 3
15 9
15 14
15 78
15 89
18 18
18 56
20 13
20 46
20 98
21 33
21 81
22 88
22 89
24 84
26 24
26 84
27 34
27 81
28 43
28 95
30 87
31 18
31 31
31 33
31 93
32 17
32 19
33 59
33 92
33 97
34 49
34 58
35 22
37 39
37 52
38 18
38 68
39 63
40 86
41 15
42 31
42 86
42 94
43 44
43 60
44 3
44 8
44 56
44 88
46 50
46 63
46 86
47 1
49 19
49 91
50 57
50 94
53 25
53 50
53 77
53 78
54 6
54 64
54 80
54 98
56 37
57 16
58 51
58 65
59 34
59 37
59 81
59 91
60 47
60 75
62 4
62 85
64 14
64 45
64 79
65 42
65 68
65 85
66 38
66 82
69 89
70 29
70 30
70 81
71 31
72 32
72 56
73 80
74 32
74 72
74 73
75 18
75 26
76 52
76 64
78 78
80 13
80 64
81 9
81 37
82 83
83 1
84 90
85 97
86 29
86 50
86 67
86 88
86 96
87 64
87 82
88 60
88 86
90 21
90 28
91 1
91 25
91 37
91 86
92 12
93 8
94 69
96 15
96 24
96 82
97 3
97 60
98 27
100 41
100 46

2 17
2 59
2 77
3 16
4 35
4 92
5 56
5 59
5 63
6 15
6 55
7 84
7 96
8 17
11 44
11 52
12 51
13 19
13 90
14 24
15 66
16 9
17 8
17 90
18 23
18 61
19 42
19 47
19 66
19 96
20 2
20 72
20 75
21 32
22 53
24 55
24 76
24 88
25 41
27 50
28 19
28 32
28 84
30 56
31 10
31 59
31 94
32 53
32 54
34 36
34 85
35 76
36 11
36 21
37 7
37 56
37 57
38 15
38 43
38 47
38 49
38 50
39 72
40 18
41 5
41 7
42 73
42 100
43 90
44 6
44 100
45 79
46 74
46 84
47 39
48 11
48 22
48 48
48 92
49 42
50 12
50 46
50 100
51 10
53 42
54 69
56 47
57 32
57 88
58 20
58 44
58 46
58 97
59 55
60 12
60 70
60 86
61 89
62 22
64 27
64 40
65 98
66 27
68 35
69 44
69 91
69 99
70 28
70 48
70 75
70 79
70 86
71 5
71 15
71 18
72 76
73 66
73 87
73 90
74 52
75 11
77 9
77 57
78 7
78 91
80 66
80 76
82 37
82 70
83 48
83 94
84 50
85 19
85 78
85 84
86 2
87 13
87 79
87 85
88 17
88 92
89 60
90 23
90 91
91 78
91 80
92 3
92 20
94 25
94 61
94 84
95 17
97 35
98 99
99 54
99 60
99 85
99 86

1 64
2 16
2 71
3 34
3 57
5 6
5 78
6 60
7 62
7 64
7 77
9 30
9 57
9 71
9 82
10 36
10 74
11 45
12 47
13 18
13 70
13 72
14 65
17 27
18 8
19 96
20 25
21 75
21 90
22 59
22 61
22 76
23 9
24 83
24 100
25 21
25 60
26 86
27 36
27 66
27 75
28 14
28 97
30 17
30 32
31 29
32 34
33 50
33 97
33 100
34 77
35 53
35 98
37 34
37 73
38 77
39 21
39 91
40 3
41 6
41 56
41 80
42 96
43 20
43 65
44 40
44 44
45 4
45 30
45 35
45 74
45 89
46 71
47 70
47 87
49 50
49 79
50 23
50 49
50 80
50 93
52 38
52 42
52 72
52 82
53 27
54 2
54 53
55 23
55 62
55 78
56 20
56 49
56 61
57 34
57 45
58 17
58 20
58 29
58 55
59 52
60 33
61 61
62 4
63 38
63 45
63 88
64 65
65 63
65 94
66 13
66 45
66 73
67 24
67 30
69 35
69 66
71 51
72 28
73 15
73 18
74 19
74 33
75 30
75 40
76 74
77 23
78 40
79 39
79 52
79 57
80 4
81 45
84 9
84 71
85 1
85 15
85 72
86 4
87 58
87 62
87 90
88 19
88 71
89 36
89 60
91 26
93 20
93 67
94 22
95 94
97 3
97 19
97 44
97 56
97 62
98 23
98 90
99 24
100 18

1 57
1 60
3 63
3 91
4 37
4 45
4 59
4 67
4 75
5 25
5 60
5 61
5 85
8 8
8 53
8 82
8 92
10 60
10 72
11 77
14 15
14 54
14 89
14 100
15 48
16 39
16 46
17 25
17 64
17 92
17 96
18 53
18 71
19 74
19 78
20 47
20 74
20 100
21 14
21 16
22 42
22 62
23 72
24 1
24 21
24 73
25 17
25 71
25 79
25 89
26 30
26 53
26 94
27 16
27 84
28 78
29 45
29 79
29 89
30 3
30 40
31 98
32 34
33 5
34 15
34 68
35 72
36 57
36 94
37 30
40 28
40 65
40 98
41 23
41 81
42 13
43 24
44 17
44 55
44 83
45 18
45 55
45 74
46 30
46 68
47 54
49 19
50 25
51 64
52 44
53 8
55 9
56 84
58 69
58 94
59 39
59 91
60 30
60 37
61 36
63 21
63 48
63 71
63 74
63 78
64 39
65 54
65 76
65 77
65 88
66 87
67 6
67 7
67 30
70 57
70 97
72 29
73 22
73 67
73 86
73 91
75 41
75 100
76 47
76 54
77 83
78 89
79 99
80 41
80 74
80 75
81 4
81 12
83 27
83 88
84 71
84 83
85 75
85 76
87 21
87 74
88 65
89 60
90 77
90 94
91 33
91 62
92 11
92 77
93 46
93 83
94 51
95 39
97 31
97 90
98 11
98 73
98 92
99 11
99 60
99 78
100 43

1 75
2 31
2 61
2 62
2 90
3 8
3 50
3 54
3 86
5 7
5 79
5 88
6 16
7 48
7 51
7 53
7 62
10 1
11 25
11 90
12 23
12 95
13 8
13 35
14 14
14 19
14 42
15 31
15 89
16 32
16 90
17 21
17 31
17 58
18 42
18 74
18 95
21 6
21 16
21 57
22 37
23 28
23 41
24 11
24 18
24 31
24 91
26 23
26 42
26 50
28 51
29 72
32 27
32 97
35 12
35 26
36 50
37 95
38 17
38 56
39 22
39 47
39 97
40 4
40 49
41 21
41 74
41 99
42 48
42 49
42 68
43 42
43 46
43 81
44 38
45 26
45 95
46 5
46 7
46 81
46 94
47 71
47 74
47 97
48 15
50 81
51 98
52 31
52 72
54 72
55 25
55 65
55 66
55 90
56 46
56 70
56 96
58 57
58 76
58 83
59 47
59 54
60 22
60 67
61 71
61 92
62 68
63 53
64 100
67 42
68 39
68 55
68 81
69 42
69 43
71 65
72 41
72 42
72 97
73 23
73 25
73 45
73 48
73 68
73 69
73 74
74 76
74 79
75 11
75 83
77 83
77 89
78 13
79 88
81 75
83 68
83 93
84 22
84 58
86 38
86 69
87 82
88 70
89 11
90 67
91 45
91 88
91 89
92 9
93 10
93 54
93 55
94 19
94 22
95 2
95 15
95 81
95 100
96 81
97 12
97 44
97 100
99 24
100 31

1 8
1 17
1 49
1 50
2 10
2 55
4 46
6 91
7 27
7 58
8 49
9 61
9 62
10 89
11 61
11 73
11 99
12 85
13 97
14 7
14 98
16 7
16 30
16 34
16 43
16 59
16 69
17 74
17 100
20 62
21 67
23 96
24 81
24 86
26 94
27 10
27 27
27 34
29 5
29 35
30 73
30 95
31 42
32 8
32 31
32 77
33 46
33 59
33 95
34 29
34 47
34 74
35 93
36 31
36 38
36 76
36 82
37 61
38 44
38 74
39 14
39 31
39 46
39 69
40 40
40 78
41 59
42 2
42 26
44 83
45 3
45 5
45 71
45 96
46 9
46 55
47 4
47 17
47 57
47 75
47 76
48 41
49 54
50 12
50 25
50 31
50 35
50 85
51 15
51 93
52 66
52 70
53 7
53 69
53 72
53 92
55 55
55 72
56 5
56 52
57 13
58 45
59 96
60 25
60 82
61 79
61 95
62 4
62 20
62 29
63 30
64 58
65 91
66 62
68 58
69 2
71 33
71 85
72 26
73 54
73 55
74 34
75 59
75 79
76 85
77 3
77 63
77 75
78 99
79 11
79 33
79 73
79 81
79 96
80 25
80 58
82 5
82 19
83 7
83 80
83 90
86 60
86 67
87 8
87 14
87 91
88 6
88 55
88 85
88 86
89 94
89 99
92 9
92 22
93 92
95 62
95 66
95 97
96 24
96 47
96 66
97 28
97 98
98 70
99 86
100 26

2 98
3 46
4 13
4 49
4 59
7 13
7 35
7 45
7 67
7 97
8 60
8 79
8 90
9 59
11 16
11 23
12 79
13 67
14 27
14 83
16 86
17 20
18 61
18 86
19 64
19 78
19 96
20 19
20 41
20 45
20 51
20 93
21 8
21 79
22 33
23 16
23 43
23 78
23 97
24 5
25 28
25 80
26 35
26 41
26 67
26 68
26 88
27 14
29 27
29 72
29 83
30 60
31 18
31 21
31 66
31 77
33 53
34 13
34 48
34 68
36 54
36 66
36 74
37 48
38 19
38 35
38 52
38 82
40 9
42 50
42 53
42 93
43 86
43 89
44 17
45 6
45 84
46 16
46 29
46 92
48 77
49 39
49 53
50 45
52 5
52 69
52 85
52 98
53 15
53 79
53 86
54 6
55 17
55 23
55 27
55 85
57 21
58 40
58 72
60 4
60 23
60 51
61 45
61 48
64 71
65 51
65 85
66 81
67 7
67 23
67 51
67 80
68 31
68 78
69 91
70 72
72 28
72 38
73 43
73 82
73 91
74 1
74 45
75 49
75 66
76 7
78 40
78 42
79 25
79 31
79 87
80 54
81 86
81 98
83 53
84 4
84 16
84 45
85 34
85 53
85 54
85 96
86 68
86 73
86 83
90 79
91 22
92 20
92 85
92 91
93 37
93 67
93 80
94 26
94 90
94 95
95 5
95 29
95 82
96 9
96 44
96 89
97 25
98 61
99 37
99 95
100 4
100 60

1 78
2 19
2 68
2 79
2 97
3 70
5 29
5 79
6 53
6 65
7 70
7 80
8 62
8 100
9 28
9 40
9 56
10 19
10 58
10 81
11 34
11 56
12 96
14 42
14 91
15 52
15 53
15 74
15 95
15 99
16 63
19 57
20 47
21 21
21 38
21 63
22 5
22 14
22 40
25 29
25 38
25 76
26 30
26 77
27 42
28 18
28 19
28 43
29 5
29 13
29 55
31 48
31 58
31 73
32 1
32 81
33 36
33 85
33 92
34 71
35 45
37 34
37 96
38 58
38 89
39 6
39 90
41 61
41 72
43 61
44 65
45 66
46 12
47 5
48 17
48 20
48 35
48 81
48 92
49 87
49 92
49 94
51 11
51 13
51 47
51 85
52 45
52 95
53 70
53 77
54 79
55 14
56 8
56 42
57 35
58 62
59 26
60 82
61 26
61 33
61 42
61 67
62 54
62 85
63 63
63 77
64 6
64 38
65 54
66 85
66 86
67 37
67 49
68 70
68 83
69 59
69 64
69 73
71 6
71 48
72 64
74 5
74 41
74 76
74 81
75 61
75 88
76 80
77 20
77 82
78 79
79 25
79 30
79 69
80 36
80 97
81 74
83 12
84 18
84 25
84 68
85 34
85 36
86 23
86 64
87 83
88 33
88 43
89 9
89 99
90 45
90 71
90 88
91 37
91 43
91 68
92 98
93 9
93 57
93 83
95 45
95 77
95 79
95 100
96 76
96 90
97 51
99 9
100 7
100 83

1 86
2 54
3 94
4 13
5 69
6 8
7 81
8 61
8 80
9 3
11 30
11 82
14 19
14 60
14 98
16 7
16 94
17 83
18 6
18 33
19 98
20 12
21 1
21 17
21 53
22 20
22 37
23 5
23 18
23 62
23 77
23 79
24 45
24 46
24 52
24 77
25 17
25 55
25 94
26 2
26 31
26 35
27 68
27 76
28 10
28 92
30 59
30 92
31 23
31 65
32 13
33 15
34 96
35 76
35 91
36 6
37 7
37 8
39 43
39 57
40 49
40 77
40 89
43 69
44 6
44 15
44 27
44 32
44 81
44 96
45 43
46 37
46 62
47 12
47 82
48 19
48 68
49 43
49 44
50 8
50 47
50 78
51 20
51 53
52 54
53 36
53 49
54 27
54 28
56 43
56 93
57 4
57 12
57 45
57 99
58 52
59 54
60 33
60 89
61 14
61 79
61 95
63 3
63 76
64 7
64 33
64 72
66 98
67 26
67 30
67 56
68 33
68 38
68 53
69 22
69 34
70 21
70 24
70 34
70 59
70 77
71 39
72 69
72 83
73 37
74 21
74 28
74 35
75 31
75 59
76 18
76 28
77 84
78 17
78 64
78 74
79 14
80 11
81 58
81 67
82 17
82 24
82 56
82 84
83 20
83 64
84 14
85 4
86 5
86 21
86 33
86 59
86 79
88 69
89 10
90 35
90 39
90 80
91 56
94 21
94 41
94 87
95 39
95 77
95 98
96 72
96 92
97 10
97 44
97 60
97 93
98 11

1 54
1 57
1 77
3 14
3 48
3 78
4 9
4 80
5 52
6 38
6 40
6 72
7 6
7 23
7 40
8 47
8 64
8 75
9 14
9 28
10 81
10 87
11 22
11 37
11 47
11 49
12 36
12 100
13 28
13 40
13 83
15 3
15 58
15 79
16 3
16 54
17 15
18 16
19 96
20 49
20 82
21 5
22 34
22 41
22 84
22 99
23 81
23 85
25 26
26 20
26 60
27 2
27 10
27 33
27 46
27 53
27 55
27 74
28 71
29 15
29 29
29 38
29 75
29 84
30 70
32 2
32 17
32 77
33 8
34 68
35 22
36 12
36 20
36 44
36 46
36 51
36 69
36 79
37 43
37 90
38 68
38 97
39 52
39 88
40 11
40 34
40 90
41 61
42 39
42 89
43 13
43 36
43 98
44 18
44 71
44 87
45 59
46 37
46 65
46 80
47 67
47 91
49 77
50 92
51 33
51 40
52 4
53 5
54 11
54 75
54 87
54 90
55 31
56 22
56 69
58 62
59 4
59 7
59 75
60 19
61 17
62 7
62 28
62 56
63 18
64 67
65 34
66 1
66 6
66 20
66 28
67 56
68 70
69 19
69 39
70 53
70 59
71 20
73 2
75 47
75 58
75 73
76 12
76 17
76 55
76 56
76 82
76 84
77 12
77 13
77 54
78 5
78 25
78 41
78 58
79 16
80 20
83 24
83 33
84 10
85 15
85 33
89 33
91 23
92 71
93 7
93 75
94 91
95 1
97 10
97 87
98 79
98 80
98 99

1 15
1 18
1 58
4 69
5 13
5 56
5 69
6 89
7 1
7 55
7 74
8 17
8 27
9 6
9 38
10 29
10 61
11 54
11 83
12 20
12 61
12 83
13 62
13 94
14 32
14 52
15 72
16 10
16 13
16 39
16 87
17 93
19 30
19 60
19 66
19 68
19 84
19 91
19 97
21 74
21 95
22 95
23 56
23 92
24 60
25 89
26 97
27 17
27 19
27 36
28 13
29 2
29 35
29 42
29 51
29 58
30 50
30 59
31 7
31 23
31 87
31 100
32 1
32 31
33 36
33 43
34 74
35 15
35 22
35 49
35 51
35 92
36 10
37 52
38 32
40 16
40 17
40 37
40 52
41 7
43 4
43 39
44 94
44 99
46 57
46 76
47 86
48 11
48 40
48 83
49 24
50 39
51 31
52 52
52 75
53 9
55 16
56 19
56 30
56 47
57 41
57 58
59 48
60 22
60 64
61 2
61 17
61 23
61 69
61 86
61 96
62 19
62 26
65 79
65 100
67 22
67 34
67 53
68 19
68 54
68 62
69 30
69 50
69 73
70 44
70 50
70 52
71 16
71 29
71 50
72 58
72 78
72 81
74 91
75 39
75 48
75 70
76 51
76 99
77 57
78 7
78 27
78 69
78 91
78 94
79 37
80 45
80 52
82 96
84 10
84 72
85 24
85 88
85 92
86 75
86 87
87 13
88 23
88 45
88 95
89 60
89 100
92 37
92 67
94 32
94 65
96 84
96 87
97 25
97 83
98 100
99 82
100 6
100 18
100 72
100 75

2 4
3 41
3 51
4 82
5 42
5 74
8 50
8 95
10 10
11 37
12 76
12 87
14 26
14 38
14 54
15 38
15 79
15 81
15 91
17 30
17 48
18 11
18 37
18 68
18 74
19 36
19 59
20 50
20 87
21 49
24 55
24 70
24 87
25 39
25 90
25 92
27 9
27 78
28 56
28 94
29 94
30 73
32 1
32 27
32 54
33 43
35 43
35 49
35 69
36 55
36 79
37 8
37 31
37 40
37 82
38 24
38 34
38 96
39 15
39 56
40 30
40 51
40 71
40 91
42 33
42 43
43 20
43 57
43 60
43 78
45 70
45 75
45 77
45 80
45 90
47 61
47 78
48 16
49 93
50 3
51 1
51 43
51 78
51 91
53 53
54 6
56 58
56 62
57 45
58 27
58 49
59 3
59 97
60 47
60 67
61 1
62 15
62 70
62 87
63 15
64 10
64 60
65 2
65 47
65 60
65 66
65 75
66 74
67 26
67 39
67 40
67 61
67 85
68 22
68 53
68 82
69 14
70 71
71 63
71 86
72 35
72 50
73 19
73 35
74 9
74 96
75 55
76 88
77 20
77 75
78 13
78 68
78 95
79 13
79 37
79 85
80 64
80 85
81 56
81 67
81 85
82 20
82 83
83 77
83 78
84 20
84 40
84 44
85 30
85 53
86 14
86 94
88 1
89 14
89 75
90 15
90 48
90 89
91 23
91 71
91 79
92 23
92 27
92 33
92 42
92 90
93 20
93 71
95 34
95 53
96 6
96 65
96 67
98 8
98 32
98 48
100 29
100 89

1 23
3 27
3 90
4 38
4 88
5 17
6 73
7 59
8 24
8 27
8 33
8 41
8 62
10 28
10 51
11 46
11 52
11 75
11 81
13 16
13 18
13 63
13 85
14 4
15 77
16 7
16 13
16 15
16 17
16 94
17 62
18 59
19 28
20 41
20 60
21 13
22 8
22 41
22 44
22 62
23 6
23 55
24 6
24 59
25 62
26 53
27 31
27 54
27 64
28 52
29 50
30 96
31 5
31 43
31 61
32 13
32 68
33 11
33 68
34 34
34 42
34 63
34 73
35 7
35 10
35 92
35 96
36 31
37 26
38 69
39 23
39 31
40 36
40 88
40 96
41 17
42 55
42 87
43 19
43 53
43 84
44 28
44 29
44 37
44 97
45 54
46 42
47 6
47 74
48 71
49 10
49 76
49 83
51 86
52 51
54 24
55 18
55 75
57 13
57 100
58 64
59 28
59 87
60 71
60 77
61 10
62 10
62 25
62 73
63 34
63 59
65 12
65 70
65 95
66 11
66 62
67 5
68 69
68 97
69 14
69 55
69 66
70 91
71 58
72 3
72 42
72 46
74 71
74 95
75 44
77 20
77 59
77 69
78 5
78 19
78 26
78 54
78 79
79 9
79 37
79 74
79 85
80 12
80 18
80 26
80 32
80 57
80 66
81 5
81 34
83 21
83 36
83 65
83 67
84 3
84 12
85 84
87 72
87 97
88 54
90 39
90 88
91 31
92 3
92 22
92 52
93 60
94 18
94 49
98 2
98 12
98 61
99 15
99 35
99 86
99 90
100 28
100 52
100 59
100 94

1 47
2 22
2 57
2 96
3 69
4 20
4 27
4 35
4 51
4 84
4 97
5 13
5 15
5 19
5 82
6 37
6 86
7 33
7 40
7 82
9 6
9 58
9 80
11 20
12 93
14 10
15 31
15 50
15 57
15 72
15 82
16 10
17 5
17 49
18 15
18 24
18 37
19 15
19 85
21 10
22 26
22 89
23 62
24 88
25 1
25 70
25 96
26 67
26 87
26 100
27 39
27 54
28 23
28 92
29 74
29 79
30 22
30 73
30 99
31 54
31 78
31 85
33 55
34 6
34 11
35 34
35 66
35 91
35 98
36 35
37 53
37 80
38 8
39 31
39 88
40 71
41 84
42 2
42 33
42 40
43 37
43 57
43 82
44 25
45 9
45 81
46 17
46 34
46 55
46 98
48 20
48 61
50 44
51 6
51 16
52 3
52 12
52 31
53 27
53 59
54 98
55 30
55 31
55 70
55 87
57 50
57 86
57 99
58 5
58 9
58 58
59 2
59 69
59 73
59 74
59 79
60 7
60 62
60 64
61 67
63 53
64 47
64 65
65 46
65 90
65 91
66 91
67 1
67 5
67 38
67 70
68 36
68 66
69 27
69 51
69 52
69 72
70 55
72 70
72 95
74 87
75 58
75 61
76 17
76 36
76 91
77 49
78 10
79 87
81 13
81 17
82 9
82 83
82 85
83 86
83 97
85 3
86 36
86 55
86 56
86 85
87 71
87 91
89 18
89 32
89 65
90 30
90 77
91 1
91 33
91 91
92 13
92 73
94 9
94 12
95 32
96 82
97 5
97 54
98 7
99 5
100 4

1 79
1 90
2 99
3 28
3 32
4 19
5 42
5 44
5 50
6 78
7 59
7 60
7 66
7 99
8 26
8 60
8 98
9 3
9 90
10 58
10 97
11 49
11 100
13 47
14 51
14 82
15 60
17 35
17 82
17 85
18 9
18 21
19 74
20 69
20 81
20 99
21 70
22 4
22 13
23 86
23 88
24 41
26 5
26 60
26 65
27 8
27 80
28 12
28 17
28 71
29 10
29 13
29 25
29 48
29 58
30 41
30 52
30 96
31 14
32 23
32 37
32 75
32 84
34 79
37 20
37 41
37 64
38 30
38 33
38 64
39 21
39 55
39 98
41 5
41 23
41 50
41 69
41 76
41 83
43 94
45 17
45 61
45 81
46 30
46 60
46 66
47 26
47 69
47 85
48 20
48 70
50 21
51 34
51 70
54 53
54 66
54 83
54 88
55 53
55 69
55 92
55 93
56 10
56 90
57 77
58 12
59 25
59 26
59 47
59 73
59 90
60 8
60 19
60 74
60 81
61 53
62 30
63 66
63 69
63 91
64 46
64 99
66 11
66 23
66 27
66 42
67 83
68 23
68 46
68 49
69 94
70 25
72 13
72 34
72 37
72 83
73 3
73 23
73 61
73 85
74 17
74 20
75 11
75 49
76 31
76 35
76 77
77 35
77 66
77 72
78 30
78 78
78 90
82 32
82 36
82 54
82 58
83 34
83 50
84 77
85 94
86 4
86 34
86 74
87 26
88 39
89 85
90 7
90 20
90 73
91 31
91 74
93 62
93 84
93 95
94 9
94 70
94 73
95 18
95 71
97 72
99 86
100 39
100 62

1 36
1 50
1 54
2 53
2 54
2 59
3 5
3 16
4 23
4 28
4 38
4 45
4 80
4 84
6 22
6 50
6 69
7 24
7 40
7 80
7 81
7 83
8 54
8 76
9 2
9 18
10 65
10 68
11 56
13 13
13 31
13 59
14 29
14 32
14 63
15 17
16 10
16 24
16 64
17 40
17 64
18 26
18 34
18 42
19 26
19 62
20 44
20 80
21 18
21 23
21 87
22 16
22 30
23 58
23 72
24 10
25 30
25 88
26 28
27 4
28 30
28 71
28 81
29 68
30 62
30 76
31 98
31 99
32 8
32 52
32 77
33 58
33 74
33 86
33 99
34 30
34 85
36 28
36 56
38 86
39 36
39 55
39 56
41 48
42 67
43 39
44 14
44 15
44 74
44 75
44 89
45 5
47 4
47 85
48 80
49 48
49 49
49 54
49 67
49 71
49 90
50 28
50 49
51 12
52 97
53 79
54 54
55 21
55 66
57 48
58 34
59 5
59 46
59 76
60 35
61 70
62 10
62 50
62 66
63 37
64 37
64 65
64 74
65 80
66 12
66 82
67 22
67 38
68 72
69 14
70 17
71 2
71 15
71 60
71 69
71 84
72 51
73 46
73 51
74 45
76 29
76 75
77 81
78 53
78 57
78 78
78 92
79 38
79 60
80 36
81 87
82 32
82 62
82 72
82 87
83 38
84 61
84 85
85 64
85 76
86 85
86 96
86 98
87 91
88 43
88 57
88 67
88 83
89 17
90 45
91 22
92 7
93 19
93 99
94 36
96 16
96 59
97 10
97 54
98 16
98 55
98 91
99 17
99 22
99 56
100 52

1 42
1 55
1 94
1 96
1 99
2 6
2 16
2 33
2 47
2 54
3 8
3 19
4 25
4 43
8 46
9 19
10 9
10 16
10 28
10 68
11 64
12 3
13 21
13 34
14 23
14 79
15 58
15 96
16 52
16 61
16 87
17 14
17 15
17 17
17 66
18 60
19 4
20 89
21 26
21 88
23 45
23 61
24 4
24 56
24 72
25 88
25 97
26 22
26 38
26 43
26 57
26 93
27 81
29 22
29 25
30 7
30 10
30 35
30 48
31 25
32 2
32 7
32 24
32 25
32 75
34 86
35 95
36 18
36 24
36 30
36 38
37 74
38 26
39 14
39 86
40 63
40 83
41 21
42 5
42 60
43 77
44 36
44 63
44 69
44 94
45 60
46 9
46 84
46 86
48 33
49 62
49 92
51 26
51 46
54 91
55 23
55 52
55 88
56 3
58 41
58 45
58 52
58 66
59 48
59 82
61 28
61 39
61 43
61 97
62 14
63 56
64 1
64 36
64 38
64 66
64 75
65 79
66 8
66 41
66 79
67 42
67 54
67 55
68 7
68 45
69 10
69 11
69 21
69 64
69 82
70 22
70 46
70 51
72 41
72 91
73 27
73 51
74 48
74 65
75 23
75 29
76 40
76 68
77 25
77 38
77 46
78 11
78 23
79 93
80 19
81 13
81 36
82 2
82 35
82 72
82 99
83 14
83 29
84 46
85 26
86 3
86 79
86 84
88 31
88 58
90 11
90 24
90 71
91 12
91 83
92 38
92 98
93 13
93 65
94 13
94 52
95 4
95 16
95 30
96 10
96 55
96 72
97 24
97 90
98 62
98 63
98 98
100 73

2 6
3 54
3 55
3 59
4 9
4 21
4 62
5 1
7 14
9 91
10 92
11 23
11 29
11 49
12 35
12 75
13 46
13 94
14 4
14 10
15 3
15 46
16 72
17 24
17 83
18 49
19 26
19 55
19 68
19 92
19 98
20 24
20 39
20 43
20 72
20 81
21 24
21 37
21 95
23 42
24 19
24 37
24 96
25 16
25 64
25 93
27 4
27 64
27 92
28 34
29 10
29 15
29 20
29 93
30 89
31 36
32 8
32 73
32 75
32 83
33 54
33 66
34 71
34 78
35 36
35 47
35 78
36 58
36 91
36 97
37 17
38 14
38 33
39 21
40 12
40 40
40 67
41 36
41 62
41 95
42 97
43 86
44 33
44 97
47 20
47 37
47 50
47 84
47 87
49 30
49 42
51 19
52 18
52 48
52 53
52 73
52 81
53 87
54 64
57 11
57 26
57 54
57 76
57 83
58 18
58 20
58 36
58 72
58 97
60 62
60 69
61 99
63 68
63 83
65 13
65 86
65 93
66 53
66 73
67 40
68 45
68 48
68 69
68 87
69 67
69 87
70 94
71 10
71 48
71 87
72 1
72 52
72 54
73 53
74 12
77 41
77 76
77 92
78 44
78 46
78 72
79 14
79 56
79 84
79 96
80 5
80 35
81 42
81 78
82 61
82 65
82 68
83 41
83 61
84 64
85 72
86 15
86 96
87 36
87 56
87 80
88 29
88 34
88 81
89 30
90 39
90 58
91 12
91 58
92 16
93 57
94 25
94 26
94 73
95 3
95 36
95 43
96 3
96 35
96 76
97 10
97 72
98 16
98 44
98 71
99 17
99 53
99 65
99 92
100 78

1 94
2 6
2 95
3 15
3 52
3 57
4 13
4 22
4 59
5 18
5 32
6 6
6 7
7 11
7 12
7 67
7 68
9 65
10 17
10 50
10 69
11 41
11 66
12 39
12 68
13 37
13 78
13 82
14 3
14 16
14 18
14 30
14 38
15 76
16 18
16 62
16 74
17 6
17 46
18 46
18 86
20 21
20 37
20 56
21 57
21 78
21 92
22 54
22 75
22 90
23 3
23 43
23 46
24 36
24 71
25 20
25 52
26 28
26 75
27 9
27 23
27 82
27 91
28 17
28 23
29 3
29 8
29 62
29 86
31 32
31 40
31 73
32 58
32 70
33 60
34 16
35 43
36 4
37 3
37 88
37 94
38 35
38 41
39 32
39 34
40 16
42 37
42 44
42 86
43 8
43 19
43 26
43 35
43 55
43 69
44 60
45 52
46 11
46 48
47 76
47 86
48 47
49 57
49 97
50 31
50 89
51 2
51 94
52 1
52 11
52 15
54 6
54 23
54 34
54 56
54 90
55 15
55 79
58 53
58 75
58 91
59 83
60 4
60 21
61 60
62 52
62 86
62 96
63 36
64 1
64 13
64 64
64 73
65 3
65 49
65 52
66 35
66 62
66 68
66 99
67 17
67 74
68 18
68 49
68 70
69 51
71 9
71 99
75 65
76 61
76 71
76 85
78 16
79 40
79 55
79 70
80 37
80 84
81 57
81 74
83 2
83 52
84 14
85 75
86 33
87 2
87 83
88 77
88 86
89 26
90 66
91 1
91 19
91 38
91 53
91 86
92 25
92 38
92 94
93 49
93 69
93 72
94 19
94 54
96 75
96 100
97 6
97 34
97 91
99 25
99 80
100 70

1 10
1 38
1 67
1 97
2 89
3 30
4 6
4 57
5 95
6 27
6 32
6 79
6 82
6 90
7 92
7 94
8 12
8 39
8 46
8 52
8 73
8 78
8 98
9 40
9 64
11 17
11 51
11 60
12 1
12 51
12 68
13 1
15 31
16 50
16 64
17 7
17 36
17 93
18 5
18 45
19 14
19 87
20 37
20 48
21 61
21 96
22 1
22 79
23 57
23 89
23 92
24 15
24 45
25 8
25 41
25 90
25 100
26 17
26 57
26 73
26 94
27 63
28 59
29 22
29 52
29 85
30 85
32 11
32 25
32 71
33 45
34 6
34 50
34 51
34 57
35 3
35 5
35 20
35 80
35 81
36 53
36 91
37 77
38 13
38 22
38 93
39 19
40 20
41 12
41 25
41 27
41 66
42 12
42 32
42 56
43 33
43 51
45 37
46 87
47 88
48 8
48 90
51 10
52 14
52 38
52 98
53 27
53 69
54 75
54 80
55 42
57 49
57 80
58 62
59 41
59 50
60 30
60 44
60 90
61 94
62 6
62 89
62 97
63 20
63 46
63 60
64 6
64 33
64 96
67 4
68 43
69 31
70 26
71 43
71 88
72 45
73 33
73 46
73 80
73 91
74 71
74 89
75 17
75 68
76 16
76 21
76 49
76 85
77 13
78 28
78 93
79 34
79 48
80 45
81 8
82 31
82 99
83 56
83 79
84 15
84 21
84 44
84 66
84 77
84 80
85 44
86 50
87 37
87 54
87 74
88 75
89 43
89 46
89 48
89 96
90 9
91 7
91 31
91 83
91 95
92 87
93 25
93 81
94 14
94 30
95 10
95 79
97 11
98 32
98 62
99 81
100 1
100 65
100 94

1 84
3 12
3 29
3 31
3 44
4 10
4 48
4 70
5 10
5 12
5 45
7 15
7 30
7 39
7 64
7 92
8 22
8 38
8 46
9 29
10 3
11 68
13 14
13 68
14 59
14 100
15 50
15 59
16 1
16 17
16 64
17 69
18 87
18 100
19 58
19 92
20 35
20 81
22 54
23 18
23 26
23 96
24 73
25 19
25 33
25 56
25 60
26 31
26 76
26 96
27 4
27 10
27 52
28 48
28 52
28 66
29 23
29 24
29 37
29 44
29 61
29 78
31 49
31 66
32 62
33 2
33 29
33 30
35 38
35 50
35 52
35 66
35 83
36 57
36 77
37 45
37 52
37 53
37 82
37 97
37 100
38 50
38 52
38 85
39 99
40 57
40 78
42 78
42 96
43 30
43 44
43 87
45 38
45 49
45 80
47 1
48 32
48 40
48 97
49 19
49 94
50 20
51 43
53 52
54 5
54 34
54 43
54 53
54 60
54 71
55 87
55 93
56 85
56 94
57 23
58 30
58 35
58 57
58 73
59 45
59 46
59 48
59 62
59 94
60 42
61 64
62 82
63 30
63 31
63 47
63 62
63 88
63 91
65 88
66 8
66 35
67 8
67 62
67 72
68 16
68 38
68 63
69 83
70 35
70 46
71 23
72 39
72 42
73 91
74 13
74 35
74 39
74 93
75 12
76 35
76 50
77 25
78 66
79 2
79 25
81 87
83 6
83 11
83 28
84 92
85 9
85 95
86 39
87 45
87 80
88 35
88 54
90 35
90 83
91 45
91 99
92 35
92 68
92 79
93 5
93 21
93 24
93 61
94 27
94 58
94 81
94 88
95 16
95 19
96 65
96 92
97 87
98 40
98 64
98 99
100 19

1 39
2 74
3 13
5 25
5 92
7 60
8 13
8 65
8 75
8 90
8 93
9 3
10 58
10 68
10 89
11 33
11 70
11 83
12 28
12 73
12 95
13 70
13 90
14 86
16 51
16 93
17 9
17 42
17 47
17 93
17 98
19 97
20 67
21 99
22 21
22 22
22 62
22 98
23 10
23 23
25 16
25 26
26 92
27 16
27 52
28 24
28 39
28 56
28 88
29 42
29 63
30 24
30 65
30 69
31 47
32 21
32 33
32 65
32 83
33 15
33 35
33 45
33 46
34 6
35 35
36 60
36 76
37 41
37 59
37 73
38 1
38 49
41 20
41 84
42 19
42 20
42 27
42 52
43 31
43 84
43 93
44 4
44 16
44 57
44 84
45 8
45 72
46 35
46 91
47 83
49 14
49 15
49 56
49 91
50 4
50 26
50 50
50 92
51 51
52 2
53 19
53 27
53 70
54 4
55 61
56 30
56 33
56 58
56 62
56 70
58 5
58 6
58 28
58 48
58 59
58 69
59 14
59 19
59 21
59 58
60 2
60 100
61 63
62 7
62 34
62 81
63 67
63 68
63 77
64 10
64 22
64 35
65 40
66 23
66 64
66 69
66 95
66 99
68 48
69 55
69 60
70 5
70 17
70 26
70 83
70 84
71 34
71 65
73 71
74 30
75 18
75 77
76 75
77 77
78 73
78 85
79 55
80 32
80 78
81 54
81 63
81 87
81 96
82 25
82 29
82 38
83 71
84 22
84 30
85 55
85 56
85 73
86 22
86 97
87 57
88 41
89 12
89 16
89 72
89 73
90 16
90 67
92 91
93 65
94 4
94 7
94 56
95 5
95 24
95 42
95 78
95 92
96 75
97 25
97 89
98 79
99 34
100 6

1 2
1 68
1 77
1 93
2 36
2 69
2 84
2 95
3 58
5 32
5 56
5 62
7 2
7 15
8 12
8 91
9 30
9 36
9 57
9 59
9 97
10 24
10 87
11 21
11 29
11 64
12 25
12 68
12 88
13 56
14 32
14 81
15 77
16 20
16 79
17 24
18 66
20 21
20 92
21 91
23 41
23 48
23 86
24 13
24 65
25 62
26 38
27 6
28 100
29 3
29 28
30 57
30 84
30 88
31 54
31 63
31 92
32 20
32 33
32 36
32 46
32 50
32 58
32 69
32 85
33 7
33 53
33 89
34 2
34 49
35 1
35 10
35 18
35 34
35 70
38 7
38 25
38 92
39 50
39 65
40 1
40 16
40 51
41 10
42 12
43 2
44 20
46 14
46 24
46 74
46 80
46 98
47 4
47 16
47 52
47 92
49 18
50 77
50 91
51 16
52 75
53 30
53 41
54 45
54 57
55 27
55 40
55 67
56 73
57 32
57 36
57 90
58 23
58 73
59 71
59 89
60 24
60 42
60 49
61 6
61 43
61 49
62 42
62 47
63 10
63 48
64 35
64 47
65 87
65 97
66 11
67 7
67 89
68 78
69 53
69 94
70 2
71 70
72 16
73 27
75 21
75 31
75 56
75 75
76 79
77 30
77 99
78 31
78 54
78 73
78 93
79 81
79 86
80 35
81 2
81 11
81 46
81 67
82 10
82 20
82 100
83 8
83 65
83 77
84 32
85 26
85 30
86 44
87 9
89 40
89 72
89 74
90 31
90 32
90 62
91 75
91 77
91 80
91 98
92 47
93 21
93 49
93 83
93 100
94 9
94 66
94 91
95 24
96 11
96 28
97 22
97 57
98 11
98 32
98 57
98 97
99 39
99 53
100 30
100 46
