823 1647
49 132
494 989
964 1928
870 1744
550 1630
139 278
668 1337
338 677
494 989
111 224
264 528
951 1902
194 388
132 263
28 62
833 1666
917 1838
26 43
1 3
627 1255
792 1584
921 1845
524 1048
755 1510
68 137
877 1761
346 693
101 205
969 1945
708 1419
636 1276
629 1258
807 1615
758 1517
91 187
902 1805
131 263
941 1882
232 464
266 531
976 1953
848 1702
719 1440
379 758
553 1115
757 1515
381 763
10 22
438 877
781 1561
431 862
995 1990
48 97
519 1041
662 1325
150 308
282 557
686 1372
1 4
348 697
444 889
869 1744
832 1665
381 763
550 1185
81 162
950 1901
517 1039
748 1496
929 1854
677 1358
970 1940
260 520
523 1046
419 838
538 1075
684 1368
885 1771
66 133
18 42
263 525
592 1185
924 1848
795 1590
265 531
629 1258
913 1826
702 1457
62 140
336 673
562 1124
289 579
757 1518
982 1966
173 347
241 482
810 1620
788 1577
485 971
