11
32 32 124
53 169 146
70 165 41
116 84 73
141 175 68
149 45 101
189 177 43
161 55 119
187 123 121
12 174 2
161 80 6
18
194 59 166
44 176 83
184 186 96
178 182 126
115 193 22
10 194 175
197 24 103
96 187 193
163 11 177
180 96 180
116 85 103
105 70 158
0 190 101
155 37 42
143 48 57
194 124 6
191 171 178
136 25 169
4
130 -1 172
129 189 98
9 105 -1
158 33 187
14
67 113 12
93 48 75
95 127 100
170 122 64
74 89 37
11 128 126
82 137 195
95 92 107
167 24 115
18 57 37
133 162 122
26 195 59
111 27 93
4 151 60
5
42 142 13
72 153 30
68 104 12
140 164 22
77 115 57
17
71 62 101
10 145 18
94 78 112
137 43 98
93 136 157
58 110 119
87 64 13
152 110 193
116 5 108
2 176 129
59 87 129
176 176 79
133 126 137
96 90 129
39 12 31
142 192 126
141 65 30
10
144 25 174
139 166 35
187 131 191
27 197 27
-1 70 140
161 130 142
42 55 76
193 149 32
157 29 87
94 10 72
21
186 20 189
88 77 157
183 90 180
132 58 132
10 112 177
75 106 49
43 116 127
107 10 180
42 180 171
123 67 179
15 89 54
10 16 22
77 31 136
70 25 48
42 199 173
49 38 9
23 120 79
85 88 154
99 1 24
108 32 43
48 29 90
9
16 24 103
128 78 169
178 93 75
190 51 97
139 170 121
168 107 72
83 57 98
110 121 41
4 71 77
20
13 22 61
135 138 100
0 196 167
19 94 33
185 76 104
65 159 102
66 64 158
35 82 128
31 35 154
117 18 63
181 79 7
130 131 8
2 139 61
112 15 101
109 186 11
75 73 2
173 35 52
95 176 184
20 166 178
2 84 29
19
127 113 161
98 30 80
15 159 55
14 143 41
75 102 133
50 58 18
187 153 139
84 14 66
162 19 -1
12 32 13
21 121 99
2 174 100
144 82 175
23 157 166
155 63 81
104 -1 14
4 168 125
11 173 70
32 88 129
3
107 194 189
184 18 142
194 33 195
12
112 93 3
63 107 93
18 99 12
128 150 51
19 89 1
176 66 93
1 18 131
191 27 116
95 112 152
184 81 49
41 48 36
59 13 108
24
38 86 169
162 192 161
162 43 108
12 194 115
173 3 36
29 86 80
168 162 182
13 103 163
167 36 1
199 144 103
8 150 75
157 45 144
93 13 57
149 106 144
118 86 24
164 11 132
120 176 119
66 188 98
125 171 40
-1 52 173
169 119 122
99 102 7
142 132 60
19 145 134
23
132 18 136
0 142 192
74 139 17
5 157 26
1 139 81
17 64 164
132 142 186
126 174 83
145 76 188
14 136 31
43 191 179
196 109 184
152 81 83
163 166 133
88 27 108
24 99 177
169 31 92
174 77 115
50 80 18
153 128 193
57 74 0
173 143 168
180 71 109
16
141 51 41
191 37 167
123 76 123
86 151 57
165 90 73
181 96 173
66 75 32
110 199 103
31 184 155
176 192 34
64 5 22
153 121 56
163 107 70
58 76 77
194 109 16
135 170 10
14
123 16 101
194 17 32
42 85 74
70 76 169
95 89 56
22 116 79
125 47 185
71 161 161
44 73 92
102 41 198
104 182 185
179 133 73
59 176 161
34 50 198
13
120 140 185
147 186 17
2 -1 189
116 162 176
35 118 140
56 178 175
115 7 150
146 193 102
173 80 147
46 110 195
161 88 115
163 94 166
179 48 130
15
120 128 74
92 47 143
82 171 154
123 93 108
59 125 118
143 98 175
46 148 130
37 16 2
161 92 173
143 109 82
187 169 95
125 71 127
88 5 58
164 32 190
61 106 102
18
11 3 82
198 153 12
155 73 152
93 104 75
27 68 53
123 194 75
128 160 166
173 132 27
58 62 16
192 6 3
188 92 175
14 59 28
52 106 97
1 187 82
39 192 14
171 125 146
99 87 178
94 123 119
16
87 17 131
154 129 132
167 44 109
195 60 37
152 75 141
2 119 48
31 139 25
25 58 22
83 0 198
149 11 33
69 52 114
65 117 195
124 181 20
102 145 62
191 11 101
73 40 139
20
34 122 154
105 179 135
74 40 64
194 114 20
105 115 123
66 33 199
187 63 46
24 186 88
135 197 79
132 41 17
186 192 161
49 69 93
170 59 35
20 121 198
193 66 61
18 13 126
95 174 118
31 173 32
186 81 185
180 101 110
23
138 182 117
97 132 175
115 37 89
15 120 41
152 73 87
23 169 0
189 51 53
42 42 194
46 -1 43
133 174 125
121 5 18
65 15 137
109 80 103
134 195 60
50 186 151
157 140 174
98 106 175
109 199 135
29 157 14
149 72 173
79 96 157
91 20 104
141 37 43
3
138 56 178
87 110 84
37 83 172
3
106 70 14
28 84 10
10 147 110
6
19 118 173
181 38 95
13 150 36
38 189 122
175 198 48
194 100 19
8
175 154 144
157 9 106
175 159 20
94 83 85
142 71 147
140 133 84
166 150 22
34 78 41
24
136 192 76
14 197 95
13 168 130
12 154 166
182 186 5
105 65 191
120 70 139
62 133 32
21 135 131
75 114 68
26 27 161
19 149 51
153 60 72
166 33 151
50 27 138
139 108 23
118 141 134
91 105 6
166 34 111
104 85 8
16 16 96
78 170 73
22 20 37
147 14 174
12
105 196 113
113 152 182
74 3 72
139 25 77
15 187 117
8 91 21
14 120 168
194 161 153
28 28 64
111 123 59
56 153 158
92 108 94
15
146 165 179
175 98 194
38 78 175
87 198 105
196 89 114
70 155 83
196 134 4
140 0 48
99 102 130
102 70 103
112 83 72
111 129 111
69 187 106
197 171 113
96 174 -1
15
65 198 37
161 157 160
121 116 59
39 73 24
14 131 112
130 102 92
151 71 61
160 186 181
143 117 139
15 149 3
89 90 172
120 43 27
63 125 30
179 122 3
32 144 155
15
186 41 160
174 32 41
48 8 55
22 183 82
165 66 79
5 60 66
18 138 198
198 19 155
149 171 173
96 97 150
11 75 4
174 178 179
109 20 184
187 60 62
132 20 197
7
114 11 157
82 140 71
118 46 170
16 12 138
164 60 123
146 131 58
134 110 188
21
165 130 119
16 158 86
118 91 131
100 163 54
108 76 102
108 62 7
191 35 175
113 186 47
172 93 27
73 64 6
35 84 131
14 187 91
160 145 95
71 144 139
11 120 160
80 74 23
188 23 41
196 2 180
66 73 183
2 115 37
14 19 26
6
30 47 166
169 80 27
179 18 106
57 9 81
158 -1 77
114 156 79
16
4 114 182
145 105 48
149 157 42
18 14 140
71 54 74
109 138 30
23 48 21
75 71 37
113 43 109
184 174 51
146 100 29
91 8 180
197 32 79
27 178 49
144 125 166
96 143 143
12
0 153 88
192 57 29
37 95 125
162 101 148
116 97 191
129 5 1
98 103 121
137 159 4
156 68 100
75 81 128
164 30 96
170 57 14
4
95 44 73
38 167 154
88 42 93
128 110 74
9
107 41 53
185 174 14
142 117 141
56 188 53
86 173 19
71 89 161
13 16 88
179 73 64
56 26 27
6
33 76 104
110 148 40
105 95 107
125 130 72
140 53 187
170 194 79
23
14 11 94
177 86 174
130 61 182
11 5 74
178 136 158
70 86 33
195 70 159
128 41 73
41 92 198
147 61 126
12 196 55
169 43 83
67 172 183
24 129 6
40 195 38
160 106 92
23 73 16
106 66 69
60 55 -1
27 129 184
172 180 37
110 86 136
100 136 108
4
167 84 0
190 117 186
101 119 73
52 160 42
20
13 102 167
144 166 50
15 4 122
73 33 32
106 14 149
179 178 155
80 113 140
153 169 135
61 149 132
154 66 118
183 31 90
167 116 28
155 194 56
194 171 198
169 161 155
48 60 10
164 27 109
105 118 157
118 122 104
2 20 2
24
186 92 182
110 171 42
35 94 83
191 19 149
22 49 152
160 191 167
68 132 91
109 56 29
12 9 85
51 108 63
108 137 112
145 104 38
171 131 86
117 2 84
153 17 19
150 188 158
13 152 165
195 50 162
42 13 78
171 82 18
184 99 68
125 87 197
40 -1 122
45 118 8
4
28 85 173
92 39 47
8 14 10
105 80 137
16
169 31 103
19 99 24
37 131 37
95 186 -1
190 37 -1
154 47 119
87 61 12
120 11 69
112 116 173
138 132 144
35 2 114
35 187 92
84 51 73
113 102 132
79 114 49
53 94 80
4
157 166 23
198 112 57
6 121 118
40 182 55
17
119 188 169
176 146 81
47 182 25
56 97 155
172 11 75
187 135 91
165 61 112
59 16 158
88 1 75
65 86 84
156 51 48
193 126 60
43 114 63
0 97 189
54 116 172
47 128 173
2 123 145
10
83 117 83
10 98 7
66 53 147
132 162 95
148 120 93
8 14 99
175 34 186
129 34 155
148 149 151
73 52 18
21
166 59 141
172 62 30
40 -1 43
6 67 194
33 89 160
157 114 111
95 81 155
162 109 169
123 126 168
96 89 55
171 158 29
174 97 118
123 65 -1
58 171 175
179 43 152
123 43 191
32 147 168
117 137 132
183 -1 67
46 176 35
1 53 102
14
54 17 154
177 195 78
16 11 146
153 28 104
53 28 173
53 73 97
106 78 71
119 26 63
114 131 171
168 76 20
53 66 13
165 109 125
187 114 34
134 69 31
3
37 36 185
97 49 115
8 51 154
17
186 160 87
86 34 41
152 34 27
72 36 33
90 88 145
159 139 71
87 1 75
105 194 14
83 10 108
152 15 199
35 112 176
4 124 131
151 171 100
177 179 0
38 138 177
118 152 45
169 156 39
12
95 181 121
13 38 126
82 176 172
5 189 136
47 23 177
124 14 127
152 111 176
139 186 39
131 55 197
17 99 138
192 142 11
16 11 102
14
40 16 163
62 161 134
4 23 14
115 102 61
73 155 122
14 90 23
106 85 70
125 174 115
199 161 5
49 5 66
6 165 124
165 131 129
139 1 107
139 121 163
6
116 141 91
185 32 31
185 101 117
187 87 46
26 169 113
123 181 71
22
54 138 69
52 85 13
60 146 11
195 41 50
34 87 136
75 52 170
142 136 117
136 49 35
31 85 182
191 150 92
132 188 181
166 148 75
117 176 30
150 125 25
187 112 157
45 54 146
68 170 171
77 91 148
147 130 176
68 146 65
28 93 48
139 92 153
18
194 178 43
100 169 47
81 192 129
44 76 121
101 85 47
183 123 23
149 183 116
175 103 76
70 49 123
162 98 199
165 99 190
9 76 30
123 158 29
32 157 18
58 66 20
168 80 103
192 131 83
48 80 23
19
103 58 138
145 194 199
45 109 88
146 199 40
147 80 11
148 30 88
100 69 182
94 179 46
66 44 175
44 171 27
63 170 114
183 137 159
71 111 139
185 140 131
181 51 23
88 174 164
176 153 114
138 75 36
88 70 120
20
64 38 21
83 109 171
2 166 12
157 74 -1
44 25 114
55 77 176
145 12 111
106 128 133
175 155 30
87 -1 74
196 173 107
33 9 170
12 50 145
13 48 88
17 113 153
190 6 135
32 124 44
157 40 156
7 79 140
184 96 172
6
166 95 182
109 138 5
167 150 86
162 147 163
78 84 159
177 102 98
17
111 20 157
95 6 116
194 113 165
92 196 80
6 36 58
24 157 115
179 186 79
83 181 82
169 164 194
131 51 63
134 84 134
37 97 199
142 133 139
119 2 117
80 85 143
94 188 40
40 35 37
10
164 102 37
77 36 49
2 33 159
47 198 85
79 18 114
105 35 167
105 146 143
179 160 37
8 67 128
84 50 187
16
20 107 122
98 171 80
134 86 16
132 86 190
61 36 115
118 175 18
107 169 139
104 199 111
92 99 12
106 145 45
198 62 142
153 188 191
158 129 133
74 178 106
120 129 104
60 175 37
3
152 76 189
192 196 138
76 137 33
3
11 58 172
121 150 89
66 1 188
15
88 98 44
156 126 95
17 99 125
83 105 38
23 144 181
23 35 143
122 136 24
37 22 85
15 15 100
135 131 180
126 168 68
35 55 61
178 165 45
1 92 148
154 196 97
20
106 6 -1
147 173 126
175 89 180
15 179 3
45 163 170
30 170 91
89 13 23
144 73 6
190 190 55
36 150 139
75 143 52
129 0 113
9 5 7
79 2 14
17 147 10
64 71 142
183 125 37
97 155 188
168 129 74
186 142 73
23
44 82 131
41 136 20
118 86 173
188 72 38
186 108 184
59 21 194
78 18 42
91 167 184
178 138 188
146 117 189
83 154 133
77 18 7
191 192 181
118 175 164
75 27 79
14 99 154
110 169 35
122 67 40
93 8 131
80 166 106
118 181 196
85 101 123
158 78 169
25
26 184 153
14 107 109
46 37 142
35 32 123
88 162 109
97 120 71
54 64 177
152 160 44
75 43 176
9 29 109
109 161 7
72 139 91
47 136 21
60 161 79
21 149 85
123 15 47
53 49 147
8 153 4
15 114 8
103 156 80
127 30 125
184 137 127
146 54 1
16 36 104
165 143 25
13
150 48 189
115 105 39
90 23 91
37 190 187
166 50 89
52 102 80
195 39 112
16 122 199
138 114 163
34 69 104
84 148 81
149 57 53
54 31 178
14
114 193 31
106 122 170
123 145 16
26 196 46
181 43 183
11 111 82
28 138 49
187 140 105
47 109 74
136 152 199
135 164 153
156 72 79
16 35 172
48 184 169
13
108 28 21
144 127 144
58 166 156
165 129 38
12 10 163
38 178 43
36 122 16
44 112 115
120 104 98
172 52 19
39 156 72
9 63 37
101 113 144
14
176 77 40
166 135 119
105 40 4
13 136 188
135 93 148
173 87 111
187 92 47
28 65 138
40 178 133
75 103 143
-1 145 165
151 151 121
73 125 61
111 144 87
19
28 55 37
60 -1 23
109 20 69
136 50 45
146 190 158
105 103 11
150 117 66
107 122 190
147 134 128
78 121 100
161 161 130
108 80 109
78 86 192
17 168 28
174 129 125
123 15 97
68 71 81
4 84 52
80 36 124
20
169 117 48
4 10 127
70 166 185
102 194 129
130 18 11
93 24 170
195 47 45
105 76 101
92 25 160
63 77 50
140 48 74
146 21 179
74 155 -1
98 147 14
180 95 172
161 107 1
48 -1 148
169 2 54
103 53 177
160 183 118
13
69 163 56
7 193 103
117 133 131
82 133 28
138 11 95
101 199 147
48 144 150
148 173 92
63 123 150
165 195 50
144 44 8
118 145 144
147 26 22
24
130 21 128
146 78 192
49 63 118
56 85 61
87 44 64
199 96 163
82 123 60
170 55 91
123 157 122
37 34 87
187 16 180
28 144 93
148 179 42
66 143 177
116 145 162
58 136 89
11 13 38
44 142 160
85 175 122
81 47 129
185 122 53
23 46 64
40 180 180
173 166 121
25
32 167 79
109 11 117
47 182 76
47 198 193
109 82 20
26 157 3
182 151 71
7 180 54
36 95 90
175 178 154
130 126 191
0 66 128
102 4 106
156 197 159
56 91 86
188 154 70
68 7 152
26 149 141
156 172 83
75 1 197
129 199 159
81 2 101
12 65 184
107 37 69
6 197 120
16
166 155 29
41 142 145
42 1 22
180 148 94
112 158 14
97 97 198
182 8 60
118 102 187
105 45 60
70 170 69
132 98 126
81 29 40
115 0 113
131 123 38
138 98 121
84 7 136
14
181 -1 190
81 130 195
102 147 90
138 188 3
88 188 168
26 68 167
151 193 70
19 78 156
130 23 170
97 0 10
64 141 50
195 153 132
190 100 139
77 35 88
3
23 50 136
175 161 137
76 10 46
5
148 2 168
75 16 143
156 52 193
13 94 57
198 35 148
17
98 73 194
65 178 20
29 177 112
82 182 44
195 49 179
15 148 110
141 62 28
3 112 29
30 188 4
12 172 185
44 170 123
14 45 163
160 10 30
23 56 174
180 140 110
128 30 186
77 114 2
25
125 0 153
196 67 161
103 24 97
128 18 57
2 44 57
194 11 135
68 178 56
162 170 155
25 61 77
47 96 -1
192 12 64
61 88 23
114 22 43
33 36 100
22 181 164
84 76 57
155 55 41
71 70 59
147 0 58
195 34 57
15 56 13
78 9 71
190 88 14
112 165 108
149 173 149
23
138 103 155
106 70 16
127 82 27
195 114 104
82 102 194
120 68 168
172 149 103
186 90 166
19 176 110
44 21 119
28 106 119
149 83 47
136 57 94
93 67 22
12 8 78
94 85 1
32 134 148
17 153 136
158 84 135
157 169 148
187 126 12
93 144 12
178 190 53
9
65 95 147
175 178 6
123 55 173
56 172 146
69 15 22
143 98 123
189 75 94
118 49 109
110 73 135
4
148 21 46
160 20 178
132 16 89
183 23 67
18
153 104 188
159 95 104
141 179 167
178 95 137
11 131 143
186 161 66
76 177 53
86 179 9
89 95 198
189 11 17
35 116 10
159 114 8
196 116 3
27 197 145
92 87 105
108 159 2
155 137 16
164 58 36
3
161 182 120
70 58 34
88 188 122
16
179 12 84
175 22 188
106 44 40
68 189 0
128 175 68
136 189 160
24 57 34
59 74 26
130 3 133
191 68 170
2 192 144
175 192 58
143 69 29
22 1 55
21 81 49
137 185 71
6
68 196 26
107 91 10
191 143 33
59 42 76
45 140 129
4 102 127
14
44 43 104
77 112 151
189 26 18
164 181 24
174 98 165
174 117 181
178 49 184
111 48 196
102 112 44
113 32 199
67 35 151
96 88 43
50 123 83
95 16 48
22
71 101 6
199 160 165
1 118 31
49 95 20
143 19 114
1 184 -1
181 75 65
171 120 149
57 87 145
25 111 37
94 62 144
103 160 160
128 152 50
97 65 148
156 2 194
4 3 194
170 32 189
179 97 90
23 196 88
57 62 22
182 95 116
110 109 105
10
58 101 19
161 85 125
149 53 179
107 0 31
36 39 150
42 65 37
14 5 169
42 192 64
179 12 88
60 103 178
17
191 68 136
163 53 43
106 171 121
17 159 167
9 80 185
168 150 141
189 56 11
63 178 109
53 161 116
131 161 154
145 166 39
174 84 142
150 102 157
45 150 16
104 46 147
163 0 114
95 38 62
15
162 136 142
130 158 6
24 74 85
30 126 43
184 61 110
87 180 166
178 178 33
146 176 20
3 191 64
119 121 127
46 152 158
93 2 193
185 68 118
105 183 114
168 90 45
21
103 115 190
39 45 82
164 1 0
96 110 147
60 78 163
156 117 60
175 37 104
75 96 34
115 38 54
20 125 158
61 22 24
4 153 27
124 119 198
163 67 3
143 158 42
121 111 11
153 195 147
62 156 37
90 18 147
0 127 160
117 131 151
11
117 91 97
151 196 142
75 139 87
48 12 68
127 135 154
136 48 130
187 25 109
164 97 116
158 150 123
33 134 44
51 144 49
18
89 194 80
49 40 189
17 -1 67
137 6 113
140 148 48
95 2 49
99 132 126
119 198 143
93 45 61
10 99 16
129 3 110
199 3 187
94 120 35
18 177 166
165 181 74
170 49 3
66 81 155
136 27 79
12
180 138 9
114 51 167
55 146 91
58 166 153
94 64 163
88 144 13
180 183 153
199 68 36
177 51 74
33 156 134
70 74 192
198 138 191
12
102 136 85
54 75 197
145 116 83
198 74 24
198 67 173
74 170 97
147 42 80
179 30 133
195 174 23
33 132 17
197 105 116
27 72 92
24
120 122 124
177 170 25
98 177 193
139 130 58
120 1 89
23 77 57
117 30 99
140 134 113
77 151 164
19 160 68
57 111 168
183 87 137
59 134 73
-1 105 189
61 85 129
168 131 168
94 71 192
61 169 42
20 66 134
31 122 182
118 183 164
110 147 13
121 46 78
75 2 71
9
102 135 159
138 0 159
153 146 1
90 123 174
21 35 4
107 162 150
12 149 65
122 109 43
57 43 13
15
19 94 158
14 90 5
76 39 109
1 9 98
73 34 108
162 154 111
94 92 81
54 197 77
170 59 81
71 133 145
25 32 177
182 57 159
6 157 120
115 34 10
76 154 192
24
111 151 158
77 197 126
35 166 159
68 53 102
159 142 176
147 184 167
6 81 90
111 161 113
194 82 123
142 182 88
168 78 44
63 35 162
35 149 176
195 9 196
194 33 188
153 79 60
6 13 56
2 64 182
88 183 198
169 96 6
185 92 158
131 14 67
122 22 79
42 66 27
9
194 138 181
176 113 116
95 64 168
32 68 65
169 35 109
176 178 59
182 70 139
87 34 140
27 1 48
11
65 104 186
131 67 185
126 167 58
60 66 151
70 110 138
89 130 68
158 10 106
11 72 123
196 157 11
15 198 152
19 174 109
14
11 140 21
15 6 54
115 176 56
43 85 46
127 6 131
19 191 167
160 135 5
73 138 88
121 158 83
99 35 199
95 33 149
92 167 76
36 171 116
179 35 180
19
29 17 94
130 141 86
123 157 115
46 93 161
143 127 78
24 12 47
146 108 53
0 51 0
148 145 74
196 180 46
123 117 194
123 105 148
28 193 186
53 53 199
5 35 177
126 10 46
55 175 55
88 112 68
80 40 107
23
69 112 91
122 3 148
6 65 122
137 3 42
108 152 54
56 100 23
93 95 146
123 62 54
114 57 168
76 181 42
122 92 36
160 140 168
188 137 91
153 64 92
78 60 112
30 116 154
166 24 188
64 103 149
134 20 113
29 119 124
16 186 135
2 97 94
161 108 179
9
67 152 83
71 91 191
39 80 190
142 113 22
96 144 111
188 28 33
72 197 184
123 44 178
126 172 109
17
163 60 49
119 193 48
180 20 142
48 56 175
140 113 139
82 1 12
7 197 118
187 115 87
105 185 102
68 138 157
153 41 44
10 76 87
41 9 113
39 114 27
59 157 32
52 139 112
33 179 45
8
133 191 54
87 157 27
198 57 153
107 71 175
110 175 122
30 52 167
48 29 96
60 196 8
6
115 138 50
106 147 20
27 195 54
113 161 39
111 162 116
172 112 116
12
18 81 133
48 13 165
39 33 97
153 186 9
131 11 98
119 192 118
8 17 198
153 73 105
188 171 131
149 54 56
157 12 64
172 85 41
21
169 149 73
172 17 88
176 165 171
52 12 177
70 149 164
10 2 140
12 187 82
103 188 88
79 64 174
198 36 92
43 13 162
46 144 105
148 71 162
101 95 33
133 67 79
130 164 188
145 160 53
197 183 47
16 151 144
109 146 189
126 44 177
7
101 78 182
100 132 21
135 11 40
60 73 145
137 90 33
144 98 192
120 174 89
19
96 53 182
69 112 89
163 144 176
9 166 46
57 19 90
44 32 44
186 177 187
85 6 124
176 8 78
119 128 117
29 148 101
96 75 125
160 29 190
54 127 106
61 133 138
146 142 172
182 76 39
60 105 52
5 161 172
9
140 120 163
127 163 94
112 63 126
188 163 108
61 60 52
196 113 85
155 122 199
137 21 98
122 38 63
17
153 130 94
178 26 2
142 123 23
48 66 71
87 86 104
97 76 30
44 95 153
93 107 83
167 137 194
169 156 119
104 105 123
40 83 112
18 134 178
32 76 183
44 72 71
161 99 166
13 180 177
21
187 150 3
197 84 149
50 139 87
34 98 139
70 172 63
98 106 171
82 198 67
84 154 31
78 94 140
32 155 197
22 149 158
168 140 166
62 184 171
84 139 106
179 164 12
53 190 153
183 193 23
124 36 174
133 91 51
154 41 176
84 8 9
14
53 172 111
14 70 63
60 88 83
24 70 30
141 186 171
91 70 105
79 140 8
169 19 38
174 198 100
40 142 117
117 116 151
132 149 187
103 72 106
7 53 168
14
175 176 134
63 22 94
98 143 75
140 128 198
47 75 67
81 94 150
191 10 102
98 50 64
84 183 196
65 145 154
9 128 165
141 187 40
99 145 101
173 99 51
25
156 199 26
76 146 168
147 170 119
46 150 142
5 176 -1
146 170 77
73 167 88
123 45 103
148 56 11
124 187 36
101 80 178
144 17 83
144 15 99
164 43 75
179 159 144
21 143 19
170 128 149
155 102 170
167 157 99
25 40 165
23 50 104
26 104 80
36 109 149
118 195 146
34 68 140
23
107 26 3
31 155 137
90 95 158
55 0 165
27 156 179
181 93 179
128 92 172
45 9 173
143 72 108
73 101 34
136 154 188
95 8 148
139 101 190
90 108 15
96 132 38
22 191 199
182 138 175
141 81 159
151 156 91
23 77 44
82 136 150
95 63 136
33 99 195
12
196 134 108
115 59 169
131 168 124
179 99 195
142 171 104
59 99 19
99 128 17
183 183 51
60 166 129
162 73 120
98 57 0
184 38 65
17
92 117 153
183 145 -1
153 142 143
14 130 37
96 57 128
9 153 104
138 192 152
49 76 155
87 54 86
83 22 143
142 83 155
111 70 62
124 58 68
80 36 107
183 24 191
77 133 42
30 173 35
20
31 166 108
20 186 36
137 170 97
80 175 -1
71 45 44
44 44 81
33 32 137
183 61 152
177 88 172
189 44 169
35 23 125
193 112 125
47 32 92
117 186 181
122 87 107
111 10 126
54 130 137
180 122 188
3 179 18
108 164 173
13
111 9 142
95 149 141
140 151 73
97 92 85
169 183 54
128 4 31
108 154 185
65 92 175
160 69 50
164 123 148
120 48 22
196 87 0
121 70 40
4
152 53 115
147 164 86
176 151 39
109 72 194
13
17 56 132
113 81 199
164 176 95
95 23 103
172 63 57
134 173 118
32 48 66
3 179 82
80 10 141
64 89 127
26 79 8
13 41 36
121 193 76
25
175 139 181
66 110 102
84 30 160
6 9 87
128 82 55
44 108 177
59 133 5
149 172 138
25 138 77
111 118 171
99 156 0
58 106 35
162 165 140
100 30 77
6 131 41
130 39 123
85 145 146
114 144 187
96 167 145
53 75 32
49 40 34
160 195 29
48 176 52
156 48 121
83 96 83
6
131 0 199
127 170 169
66 104 76
145 65 143
92 34 180
107 64 101
6
114 131 84
73 3 77
61 72 39
27 116 40
176 199 128
98 147 -1
15
56 127 27
115 30 118
43 82 196
139 108 20
172 182 173
64 104 195
117 25 52
156 55 128
111 105 5
138 159 4
15 193 85
4 69 42
196 144 49
61 199 6
117 130 79
15
132 168 115
41 72 11
134 117 121
12 162 68
7 158 94
8 75 190
54 161 180
50 124 91
192 170 113
177 193 111
2 166 12
73 170 85
59 8 153
32 197 108
63 154 194
5
39 164 175
137 72 89
86 19 116
152 107 9
185 61 168
24
74 195 191
26 54 33
184 4 60
2 149 38
16 183 191
81 51 26
166 38 125
20 168 15
147 176 118
178 150 15
-1 79 74
73 71 129
35 24 138
10 95 160
53 68 103
55 33 98
99 102 119
42 163 127
12 79 95
175 155 196
84 195 46
166 81 94
84 100 17
2 105 138
12
81 172 122
32 118 117
75 191 136
149 18 79
131 192 41
111 169 40
34 153 54
32 12 74
160 70 159
160 4 20
49 32 13
114 126 160
9
133 109 31
191 147 6
171 95 46
104 114 9
76 142 161
71 132 149
67 21 174
157 49 159
122 81 135
20
61 19 115
170 54 96
44 69 160
183 62 65
122 102 49
99 140 135
190 115 35
85 161 74
15 169 47
169 20 55
147 73 22
154 125 10
172 114 50
45 160 83
38 189 19
106 16 161
36 159 126
84 115 175
133 184 51
33 71 64
12
72 66 189
67 67 121
50 118 142
194 165 17
88 3 159
138 196 28
147 176 191
76 162 140
17 70 56
93 25 32
4 189 192
56 78 179
8
50 112 130
187 34 188
34 99 183
131 28 133
147 64 120
73 40 103
51 85 61
17 139 44
10
191 3 184
185 65 153
32 168 157
127 130 156
65 184 136
193 142 174
142 29 27
190 163 59
164 184 88
23 63 154
21
181 175 164
129 153 195
69 47 101
89 69 176
74 115 83
43 129 24
-1 135 130
88 73 15
78 33 74
152 83 166
194 119 29
89 155 30
54 63 120
113 1 89
64 13 197
189 -1 7
174 169 111
180 98 59
11 143 35
65 183 55
83 195 76
14
109 169 152
47 166 138
79 112 7
183 159 141
118 14 60
147 77 68
48 21 94
153 11 152
77 42 130
136 105 6
31 43 177
96 100 76
110 147 127
15 99 171
21
52 95 72
78 11 3
37 124 74
99 125 118
8 188 33
52 91 4
188 70 0
147 58 196
3 5 4
13 7 186
188 14 150
171 60 41
118 12 105
3 80 59
110 79 65
78 78 144
187 166 141
64 99 19
186 61 121
127 62 128
129 72 60
14
153 140 47
19 176 159
142 186 39
86 20 96
164 152 149
101 160 139
54 130 124
3 166 31
156 33 178
29 159 61
35 56 9
64 23 42
41 79 6
144 127 93
5
147 46 144
103 93 23
90 121 33
108 164 130
148 9 43
22
194 58 89
52 71 190
107 17 176
53 74 65
45 89 100
53 109 31
151 35 5
76 27 118
47 193 68
190 146 9
5 168 176
183 23 195
136 2 150
130 89 161
177 91 168
125 105 190
15 121 20
113 155 96
16 63 192
123 153 145
46 132 26
20 156 138
6
5 167 70
72 125 137
172 7 86
183 118 14
170 140 65
196 72 198
23
8 112 121
56 4 18
161 198 121
57 98 140
178 88 43
108 33 171
44 18 121
25 74 126
111 199 171
17 164 131
46 106 41
72 128 123
152 137 -1
162 130 178
109 56 152
131 190 147
61 123 97
143 34 9
169 123 34
195 31 27
173 163 100
182 83 97
77 11 154
6
76 143 26
93 104 193
125 128 5
142 93 64
48 99 104
28 26 160
22
40 44 129
35 6 127
184 159 54
192 101 84
22 86 127
2 142 173
151 149 134
191 28 6
182 131 174
44 156 149
32 32 54
16 180 178
154 188 56
186 83 13
21 156 1
131 57 78
160 48 153
41 3 151
31 13 199
95 161 195
120 6 58
94 110 113
25
48 58 30
44 101 13
126 125 81
-1 84 47
144 43 158
111 150 164
9 125 28
54 74 110
63 73 178
57 130 10
187 27 60
6 135 118
16 32 192
181 43 83
6 152 46
24 5 27
158 109 110
2 124 112
143 133 196
184 72 151
165 143 64
108 194 99
124 175 48
17 154 171
164 136 183
7
199 192 184
175 11 131
13 107 53
140 178 144
105 186 76
196 49 -1
102 178 55
19
191 81 18
105 184 116
28 117 116
134 171 72
103 8 99
55 67 93
88 152 133
46 178 1
56 59 163
44 102 125
137 20 158
12 86 192
36 177 197
97 177 124
39 97 114
81 100 53
32 59 27
106 156 179
150 146 62
14
121 80 5
193 125 144
140 190 23
168 193 88
194 186 20
15 121 41
18 121 190
190 104 19
82 18 179
76 63 176
17 104 181
174 187 146
55 121 119
113 21 188
25
50 148 61
123 70 34
90 83 30
75 198 171
161 -1 24
166 121 182
85 137 9
75 143 145
22 70 170
58 184 67
173 162 116
182 0 121
181 54 148
121 191 96
172 108 23
120 12 143
114 113 189
133 118 27
13 2 164
90 188 42
1 87 107
168 61 190
63 35 9
135 131 12
118 44 70
18
112 81 172
28 83 129
119 144 82
133 150 44
14 60 36
117 75 192
198 5 75
159 134 183
177 169 89
90 43 77
79 178 143
127 74 156
3 186 139
47 71 155
36 87 14
21 197 173
51 192 78
71 157 132
22
178 102 18
11 96 42
63 51 130
107 33 150
2 103 60
168 19 134
84 176 33
180 86 38
14 31 186
124 117 58
103 11 110
49 198 4
193 36 127
60 78 2
44 134 199
41 180 101
33 14 6
122 109 193
1 132 68
42 173 98
93 2 36
186 163 90
20
21 133 117
194 139 193
142 191 125
107 94 146
55 28 31
189 79 75
121 44 141
124 107 150
168 150 74
111 76 92
69 150 165
79 22 188
36 116 190
98 149 11
56 71 150
134 35 163
126 101 29
13 77 98
33 175 13
132 139 40
16
167 179 31
176 95 31
106 187 110
154 46 151
80 88 190
70 191 110
30 199 61
70 97 121
83 100 187
115 17 102
3 121 161
131 8 40
68 35 117
9 95 194
7 118 162
145 121 188
24
168 104 118
13 61 137
119 92 160
119 63 170
48 70 176
122 195 120
114 171 29
149 181 94
57 176 20
37 145 23
128 58 59
112 87 153
171 141 106
85 108 42
122 15 27
58 179 14
67 190 166
111 3 45
170 48 103
157 42 105
19 105 181
104 87 162
199 90 135
197 68 96
24
191 91 133
89 125 146
18 156 6
93 65 31
88 74 80
69 108 109
88 88 99
21 133 25
147 173 139
181 107 63
33 186 169
194 120 169
18 186 194
81 122 158
51 12 143
177 146 30
118 36 8
13 124 97
61 37 149
175 102 16
187 74 63
118 34 127
110 73 26
195 168 5
8
30 139 78
70 72 23
85 116 28
116 24 8
126 61 158
60 166 154
123 181 163
110 133 195
4
119 70 68
43 4 126
189 74 160
187 125 134
25
36 85 22
95 105 162
155 86 155
69 74 73
83 127 141
184 6 51
100 47 107
140 29 15
82 148 165
158 17 0
188 78 89
179 37 23
15 172 170
34 40 88
13 11 55
63 154 10
114 197 125
106 148 120
11 158 172
71 152 186
120 55 123
127 86 91
42 58 7
176 44 50
191 177 44
25
73 130 91
81 12 125
66 47 183
72 155 29
187 63 194
23 127 29
29 13 151
113 149 30
159 145 75
58 142 48
71 163 46
26 13 106
96 160 125
87 35 132
65 190 139
181 122 166
102 155 164
18 114 180
6 89 86
91 188 184
26 100 67
120 53 35
114 87 196
113 162 8
158 93 165
7
91 65 13
22 39 102
53 187 22
128 74 39
186 155 32
141 83 71
152 82 78
15
15 49 161
160 19 115
83 133 125
159 100 57
31 22 124
98 96 91
22 91 109
141 143 4
13 20 138
6 171 32
187 48 65
102 68 159
132 198 161
132 151 129
2 64 176
14
36 144 111
43 180 19
189 43 43
181 60 179
25 144 137
21 154 13
96 85 67
8 124 163
30 123 186
13 148 2
164 14 93
92 68 86
190 68 185
162 41 123
10
175 91 29
194 58 136
189 2 161
193 77 181
16 146 25
36 56 38
116 185 110
153 117 143
42 60 47
13 65 177
7
146 119 159
179 33 32
35 89 8
120 2 113
100 -1 19
153 188 166
173 84 198
5
156 54 92
102 56 7
69 192 74
165 113 75
194 69 23
19
171 179 184
92 189 69
139 179 169
62 185 78
154 119 64
72 153 68
42 93 85
109 91 58
45 98 100
119 72 15
127 145 28
73 120 86
112 80 177
158 163 45
77 181 199
67 170 76
43 32 54
189 11 140
52 83 55
13
138 147 116
95 154 10
2 50 9
199 74 119
35 96 151
72 167 19
149 160 96
135 130 112
149 7 185
169 175 93
186 93 85
71 83 164
155 193 61
5
54 76 50
17 182 187
120 48 141
114 85 95
11 122 77
25
121 112 135
117 172 198
161 63 126
118 194 26
-1 157 26
113 119 99
161 91 119
41 199 146
91 49 131
26 10 158
51 161 79
79 28 76
44 89 199
181 190 62
80 99 161
28 63 166
8 86 63
118 184 127
85 144 128
83 106 5
78 196 194
153 170 70
68 104 44
148 6 76
82 56 14
12
2 21 78
197 65 79
52 101 96
18 147 168
97 24 45
134 135 168
160 195 119
140 97 159
177 91 123
2 88 25
185 145 85
147 111 7
7
14 88 38
178 108 135
14 33 89
50 92 194
121 187 25
140 193 11
124 131 141
6
108 106 80
152 179 193
28 133 198
151 -1 108
103 15 151
163 176 128
12
65 49 173
131 125 38
131 19 62
83 98 97
41 112 151
103 107 192
110 46 180
155 133 25
11 142 33
104 154 95
50 95 38
149 179 26
6
62 130 99
179 98 95
89 130 191
72 128 172
5 36 131
175 161 184
22
103 179 115
69 3 135
197 157 180
140 144 19
165 72 158
91 50 152
5 129 130
188 5 84
184 28 164
146 44 132
161 73 138
188 15 138
122 24 176
90 94 75
115 62 16
129 149 138
3 58 19
56 104 67
168 15 124
16 183 104
112 122 159
50 26 14
24
80 2 135
53 128 132
29 95 177
144 102 96
45 116 154
53 189 170
178 67 54
102 184 22
193 9 59
159 87 7
191 -1 149
103 128 101
125 95 187
25 141 47
38 64 148
72 149 178
121 55 91
129 102 34
50 102 1
12 171 31
153 9 35
146 92 90
162 67 168
37 36 5
3
69 32 168
94 21 103
118 4 44
5
125 160 55
104 139 146
26 163 32
160 186 172
22 63 132
19
35 165 16
8 103 44
61 100 123
189 77 30
2 90 136
187 88 49
160 198 131
14 30 49
33 140 17
112 161 188
34 45 43
155 166 36
26 165 122
188 57 7
7 143 101
101 190 108
147 65 188
159 85 67
19 129 31
20
174 34 196
23 169 22
56 42 11
187 20 168
109 5 24
182 170 92
122 40 137
175 153 185
114 8 63
97 105 -1
148 80 67
186 1 32
188 142 183
25 25 144
20 93 39
39 10 150
48 149 68
193 26 142
6 75 145
197 109 196
14
85 159 100
135 119 74
182 199 162
121 46 72
35 24 145
84 145 156
186 187 32
109 167 120
115 188 34
199 125 54
120 43 35
94 188 39
73 35 146
115 147 189
9
12 148 61
115 74 98
27 194 91
109 190 132
143 24 51
142 26 31
184 13 95
129 90 181
144 99 37
15
21 128 20
81 160 82
82 26 178
98 181 114
99 160 7
130 7 30
120 83 195
165 166 155
193 178 151
139 18 116
199 192 60
157 18 124
102 190 18
109 191 188
80 118 104
11
185 149 32
180 50 6
66 42 124
161 103 78
101 17 86
3 27 133
147 7 154
131 36 5
118 90 123
134 27 193
22 137 8
3
192 143 82
79 93 0
7 67 93
4
31 86 57
85 9 140
19 57 17
62 127 20
21
78 188 148
137 15 99
50 190 11
104 21 105
189 88 52
98 123 108
184 45 170
1 179 39
146 84 63
144 157 10
9 132 186
115 150 40
59 70 197
181 114 61
66 183 52
129 18 60
166 67 142
4 13 54
146 93 54
101 137 41
152 20 45
25
186 114 87
43 194 181
49 29 6
104 3 4
165 118 31
31 159 149
159 152 89
189 82 15
60 8 79
81 195 192
67 169 151
130 153 137
57 81 124
194 115 182
13 113 147
41 162 154
3 14 185
86 178 68
50 32 151
22 28 20
152 146 197
62 135 135
130 0 33
80 32 25
174 108 42
5
61 135 37
33 40 129
199 177 106
10 195 110
123 177 41
16
187 144 17
76 176 114
166 49 120
78 122 57
135 136 31
167 4 150
134 131 51
136 183 105
47 121 61
33 45 174
30 146 27
30 183 18
43 114 7
40 2 49
26 21 92
21 195 87
18
10 127 49
28 19 26
126 47 163
66 3 106
130 163 48
167 141 192
144 138 148
161 90 136
193 182 110
127 27 128
32 126 27
115 59 140
141 163 14
179 68 146
50 177 132
128 115 49
154 153 41
81 103 138
24
73 34 167
143 132 117
17 173 195
190 13 117
123 165 152
94 134 158
93 197 10
148 10 34
87 25 131
197 33 27
100 19 70
13 70 126
7 24 140
143 92 140
17 183 168
59 156 16
191 113 52
1 149 31
99 146 107
60 196 0
105 47 37
35 103 49
46 186 39
103 138 4
5
163 3 175
55 3 126
168 10 31
87 54 42
122 23 63
8
110 35 174
31 28 187
116 164 52
174 159 25
143 94 83
116 146 20
128 187 178
46 179 25
23
121 70 99
188 61 136
6 196 14
88 188 179
39 83 167
143 176 175
196 52 28
50 53 99
20 47 52
9 43 50
81 116 64
134 70 117
146 174 102
64 164 76
120 167 142
87 12 116
15 179 69
63 108 24
176 166 152
31 39 84
141 63 141
104 22 166
191 5 17
5
19 39 129
158 122 98
11 166 44
106 157 178
159 35 121
19
128 158 177
141 28 174
75 180 149
14 39 74
103 24 158
5 32 25
16 -1 77
191 109 122
120 104 125
100 133 79
31 83 135
161 77 31
19 108 29
18 141 34
-1 19 188
176 127 163
133 124 113
136 104 106
147 47 29
7
162 54 57
5 122 136
21 159 199
197 91 26
68 136 162
173 167 146
198 153 194
12
45 16 27
126 161 7
183 141 154
118 21 26
154 125 98
174 124 82
110 91 42
136 60 188
14 90 70
26 48 143
105 136 73
150 3 85
20
46 145 50
39 163 94
155 30 60
112 146 32
23 80 159
50 22 45
36 63 28
58 89 130
195 68 147
51 117 141
54 117 197
153 97 131
199 181 182
176 132 69
44 38 189
36 17 54
65 29 139
34 76 62
118 20 158
111 42 60
11
194 91 15
116 11 62
48 131 168
112 43 63
185 68 21
27 191 168
145 0 6
4 86 93
30 91 156
5 198 79
149 116 2
4
31 140 98
186 184 192
66 193 144
140 127 80
8
109 91 11
126 2 66
189 24 23
112 33 163
197 92 115
145 176 18
156 68 77
142 88 123
8
41 182 156
89 175 112
107 131 161
87 105 173
168 72 45
199 174 69
184 6 112
137 76 126
16
142 14 71
37 124 110
145 108 104
137 89 58
52 18 78
107 126 137
5 198 15
89 15 90
81 62 72
19 119 133
190 146 113
141 39 178
85 13 3
12 10 155
87 73 16
61 0 173
12
161 163 113
45 124 50
26 105 68
175 136 110
198 121 140
19 186 70
141 197 48
33 170 125
163 199 164
94 51 172
133 87 69
193 78 155
14
163 41 155
20 98 67
123 15 93
199 95 52
129 146 94
62 139 34
12 78 98
72 16 136
198 148 162
108 148 22
133 8 72
117 134 55
18 128 21
0 159 178
24
106 88 109
73 191 2
170 176 149
194 63 107
121 172 168
127 153 46
56 140 35
153 198 132
9 27 103
63 104 184
35 171 53
65 13 85
130 198 21
23 51 166
133 138 -1
87 36 140
145 108 195
52 88 156
36 62 109
78 142 27
192 76 119
193 90 49
193 108 109
129 68 41
18
163 116 197
100 9 75
80 102 59
29 153 26
157 180 81
15 23 182
57 66 113
142 112 162
90 5 19
173 115 22
74 121 3
92 138 85
93 39 160
33 100 169
129 86 174
152 28 61
122 126 114
124 191 160
4
98 22 88
154 147 152
190 30 42
162 34 66
18
163 19 143
144 161 167
83 107 112
15 118 76
21 173 7
165 176 50
25 84 102
16 196 181
86 136 1
14 29 52
105 33 166
102 5 157
173 101 95
148 131 112
188 197 195
96 39 94
134 155 41
0 145 194
21
49 144 59
114 45 91
195 144 22
81 62 167
173 78 109
38 117 186
73 34 73
96 160 186
38 124 120
166 -1 71
25 184 32
133 116 39
37 39 35
106 25 9
107 181 133
44 30 21
186 49 95
154 164 51
39 131 124
121 154 57
149 67 13
24
70 131 59
54 32 41
194 39 151
180 107 172
155 115 39
121 151 168
176 188 133
110 160 72
38 34 122
104 155 32
59 57 124
4 92 146
127 97 77
178 195 2
119 117 91
98 35 19
76 112 122
191 129 137
52 188 89
108 61 107
108 156 166
26 8 115
108 101 194
135 91 2
20
157 118 171
21 95 73
43 132 153
107 93 58
20 13 191
171 181 49
92 88 63
155 134 154
56 76 179
94 105 105
74 29 17
87 34 48
184 17 198
111 45 185
55 65 11
35 156 137
144 7 123
144 5 35
128 117 68
192 18 50
20
34 187 137
100 25 3
20 180 169
13 37 136
17 71 72
152 190 95
165 11 84
193 89 11
76 156 163
70 27 109
180 5 164
61 147 171
184 181 171
161 9 157
33 22 176
32 156 183
158 192 157
104 12 150
191 136 40
180 97 66
5
145 17 169
110 170 181
93 140 84
27 166 37
13 194 82
18
165 144 150
102 99 138
106 119 103
102 145 53
72 96 64
45 10 148
91 58 117
154 60 162
88 100 21
99 39 10
151 8 77
38 168 7
54 169 185
108 168 36
29 176 140
38 33 135
174 105 197
28 177 152
7
141 152 60
174 148 87
79 13 125
143 34 177
21 138 182
67 71 13
152 22 182
13
8 189 131
123 75 121
84 84 40
118 191 24
13 164 98
18 22 74
98 21 59
130 3 32
13 173 158
132 109 55
141 42 37
9 43 49
134 131 112
19
28 41 134
43 142 53
19 145 51
83 79 151
175 15 105
96 26 60
85 178 114
148 150 47
37 27 110
116 190 169
70 121 132
177 138 88
136 79 79
31 199 46
147 54 132
155 73 142
148 168 33
136 175 18
100 97 5
23
71 10 89
177 69 199
114 28 58
17 56 20
158 108 130
140 92 139
175 105 81
174 111 108
82 137 167
199 169 33
189 150 175
19 131 135
157 63 71
66 90 124
182 185 83
80 106 94
86 57 128
38 141 93
33 93 110
130 141 179
152 188 51
27 175 101
110 162 141
7
43 94 160
197 181 90
154 147 94
121 69 80
63 162 3
164 144 6
177 57 115
7
95 12 48
88 187 64
37 24 88
83 -1 93
37 198 50
68 69 76
36 130 24
25
13 20 17
98 160 139
75 125 194
44 129 178
171 50 197
101 121 62
9 85 137
93 193 71
125 74 55
175 21 180
10 170 130
103 136 141
186 57 117
-1 108 47
92 145 176
139 18 174
35 34 109
93 175 16
198 30 174
140 157 101
67 135 24
46 193 7
48 131 6
18 14 31
127 175 30
25
141 29 194
159 188 77
121 57 0
179 118 149
186 135 -1
187 49 62
14 157 191
172 181 66
46 133 194
169 137 104
85 153 0
129 59 111
81 84 129
71 103 36
17 13 80
76 34 102
38 117 37
178 98 93
32 8 147
181 118 94
199 110 199
22 20 110
111 10 169
91 17 154
99 118 77
8
178 91 160
188 96 104
101 107 74
194 5 90
32 51 132
117 64 27
67 69 119
101 1 11
17
113 114 36
129 30 149
60 32 127
82 88 194
100 47 126
60 20 142
49 107 117
146 82 70
32 93 146
57 177 75
150 114 53
111 114 113
176 101 29
113 62 39
36 63 39
123 186 196
151 149 184
7
185 0 19
2 63 16
102 140 61
194 194 112
75 3 140
174 187 118
49 129 79
19
124 86 85
23 106 88
105 187 182
15 57 185
170 -1 159
8 29 48
47 53 10
157 97 6
68 105 130
25 69 46
179 111 199
45 127 18
26 164 132
68 159 108
168 93 21
115 160 194
10 184 174
40 -1 19
128 172 188
20
93 133 103
50 160 43
47 9 172
79 199 141
106 118 174
199 84 155
141 44 33
198 196 153
156 26 96
142 124 51
104 147 41
44 11 101
113 151 60
22 34 179
192 126 101
16 83 135
22 139 92
74 132 66
54 18 45
159 148 47
13
178 96 35
135 78 185
22 1 6
135 127 110
-1 3 101
190 57 8
134 136 187
98 66 85
96 85 24
74 66 67
156 175 86
104 142 125
136 45 108
10
116 20 162
160 141 136
167 66 155
104 84 198
33 143 56
136 54 55
5 67 101
6 104 35
187 186 141
196 151 188
15
48 99 142
51 7 171
182 97 108
167 137 162
150 23 193
83 24 64
114 100 87
117 12 72
170 88 42
168 38 146
45 41 75
184 131 21
182 121 116
171 -1 197
119 132 9
11
55 155 83
159 110 189
21 124 153
179 182 75
175 140 124
102 106 126
178 108 54
35 78 115
58 84 38
-1 87 38
11 169 191
7
80 145 102
85 171 63
187 4 124
156 100 97
175 135 54
113 138 83
70 77 43
15
95 119 38
82 180 195
1 155 69
182 90 102
32 161 95
0 48 104
50 198 97
65 78 107
115 179 66
8 109 172
169 11 183
96 72 126
174 79 86
111 139 144
153 99 185
9
46 16 102
4 110 95
0 118 173
68 62 148
28 145 175
120 116 131
183 65 55
129 130 42
166 26 125
8
45 179 118
158 41 11
118 138 99
161 55 97
113 164 199
88 152 80
47 196 75
121 78 45
22
186 127 8
134 128 187
73 82 197
159 42 97
19 171 23
102 25 187
127 123 49
72 63 132
168 131 12
150 95 189
40 83 8
86 140 46
15 26 42
136 86 15
174 2 111
194 129 39
120 136 41
82 179 16
54 12 188
3 35 89
87 63 199
185 119 198
20
17 185 192
80 148 38
46 8 38
27 16 135
86 23 153
104 93 96
102 110 33
94 136 69
60 5 77
134 100 32
119 69 169
57 184 68
91 19 76
117 42 51
76 29 182
81 124 138
98 171 126
9 56 41
199 21 21
91 62 38
21
100 156 85
166 129 159
133 90 104
83 28 10
83 50 74
161 62 55
37 29 158
13 59 137
161 157 84
181 154 8
143 91 185
20 111 111
47 124 26
149 69 191
171 180 102
131 10 24
192 69 194
180 183 73
154 46 185
48 100 124
36 131 137
11
5 171 81
30 185 172
123 132 151
43 155 157
165 24 140
114 81 189
11 94 173
174 139 9
181 128 141
177 100 65
47 191 7
21
123 133 3
73 90 116
19 104 130
130 55 173
6 92 120
41 125 27
169 138 20
128 51 109
100 179 139
137 45 108
127 86 115
110 74 5
195 49 61
117 107 56
100 9 12
173 189 168
90 12 130
46 193 14
196 43 131
62 158 166
25 25 56
15
157 79 100
113 4 60
1 149 29
168 41 113
122 164 110
135 144 157
182 173 166
137 147 141
96 10 4
171 129 136
193 10 191
111 64 56
23 187 161
195 116 36
103 102 141
4
191 6 140
167 4 104
138 186 15
149 114 98
17
117 67 139
79 197 119
185 42 11
80 4 59
104 197 46
78 90 146
182 183 105
124 22 134
129 173 183
105 161 123
99 141 11
131 124 47
159 118 1
66 13 115
123 76 79
8 137 193
59 76 100
23
102 70 83
107 151 120
32 164 66
163 18 129
177 52 110
9 18 75
157 106 141
134 163 10
101 13 160
103 9 40
51 63 181
159 99 173
47 140 46
140 172 125
191 149 168
14 39 193
192 36 170
47 130 137
110 48 106
132 18 174
115 43 9
76 166 48
172 70 8
21
51 91 81
71 170 90
72 112 38
144 97 49
108 67 88
5 174 197
187 65 170
99 2 63
189 58 87
133 76 66
130 89 1
141 46 128
183 190 152
193 2 197
66 68 121
4 198 99
32 130 3
71 129 128
34 119 9
68 70 175
134 107 63
24
112 17 191
192 81 50
188 187 135
64 54 27
51 36 159
131 28 167
29 81 89
192 57 96
153 158 45
108 133 65
83 169 169
103 32 104
72 41 40
178 184 50
159 199 172
117 137 193
8 110 17
15 41 56
105 21 76
89 91 19
197 69 30
78 22 101
76 77 54
95 32 60
24
75 89 103
107 76 40
89 182 10
194 39 181
178 134 27
178 84 51
29 88 106
32 192 187
78 131 128
134 193 170
144 23 151
56 9 185
90 14 197
0 112 177
71 171 56
14 183 147
53 114 127
75 2 118
153 173 2
110 84 129
91 112 29
12 99 35
48 128 41
123 91 45
10
70 5 30
112 135 85
177 104 98
149 129 118
36 25 191
57 6 81
62 136 78
89 84 111
121 115 154
37 196 92
22
129 177 156
129 18 50
121 102 7
40 15 61
100 24 -1
10 65 20
43 113 56
68 65 3
9 59 195
124 199 102
176 180 109
106 132 80
54 14 98
115 93 71
192 14 125
103 64 146
47 133 59
123 99 44
177 137 54
82 70 167
121 155 43
183 156 109
3
38 169 76
12 100 192
149 47 128
19
70 33 96
111 184 163
188 172 4
162 188 144
195 24 172
22 136 114
126 11 186
126 133 129
186 144 9
3 25 71
125 10 92
178 130 53
151 163 76
136 60 108
101 198 12
72 4 175
184 143 90
186 173 34
120 108 12
4
146 165 179
41 61 170
107 145 99
128 116 3
3
181 172 129
24 30 165
31 88 80
5
16 16 157
157 134 183
100 179 67
15 182 37
197 174 19
13
39 58 49
129 53 63
105 0 138
51 154 113
137 147 2
117 106 46
129 159 88
80 125 100
155 128 77
94 92 106
13 43 14
63 107 150
26 44 49
25
96 75 157
93 2 24
182 -1 67
65 177 68
173 11 111
13 161 1
161 34 83
40 63 65
145 100 25
155 122 186
174 19 109
163 25 55
68 55 76
62 90 30
120 18 120
14 143 57
195 111 185
79 46 51
79 39 91
117 182 72
24 43 16
74 153 22
9 85 8
151 77 57
97 198 102
8
53 3 82
64 57 66
106 72 155
165 100 4
186 182 121
70 143 43
34 85 113
92 99 63
15
23 100 109
161 146 127
70 172 62
154 46 5
87 122 115
85 61 169
34 21 194
131 174 135
184 27 58
153 33 51
198 35 199
41 149 87
199 105 123
69 34 86
88 114 143
3
57 135 112
61 169 16
127 110 163
3
42 129 13
142 102 48
164 160 145
16
130 72 189
35 81 172
122 165 78
141 112 173
52 178 152
11 193 115
172 143 48
92 93 143
81 99 127
32 189 29
157 20 30
78 6 83
157 72 139
7 61 144
78 78 176
142 60 146
23
98 114 142
60 58 163
197 69 5
102 97 31
79 165 135
86 106 16
152 133 171
27 140 97
76 116 166
157 24 14
193 119 128
151 163 122
52 50 149
0 47 116
145 78 54
104 59 187
199 7 -1
12 87 113
174 105 132
135 93 78
192 11 113
39 50 8
29 76 155
25
182 14 37
188 119 91
69 21 134
193 53 166
158 18 113
121 145 172
155 0 62
122 1 196
150 55 164
192 43 57
21 87 11
57 155 46
180 76 174
104 151 75
10 26 113
98 136 97
9 121 157
119 167 87
149 18 41
114 188 153
148 131 26
62 76 47
111 46 2
182 190 193
69 81 27
23
116 52 129
129 52 137
151 176 87
188 48 124
0 54 78
181 124 71
49 94 87
21 5 157
67 17 188
64 133 28
182 171 137
88 123 84
0 37 91
74 137 40
67 102 122
36 98 33
35 75 40
104 62 80
113 68 123
107 39 147
60 4 81
197 120 31
2 79 153
6
100 115 102
30 86 114
104 19 167
147 156 127
184 53 43
30 36 9
12
36 30 18
22 16 103
89 190 16
37 22 31
94 45 42
185 37 150
5 14 156
29 53 9
132 181 133
64 55 100
28 95 163
150 52 141
8
80 67 3
24 191 53
97 117 70
22 77 108
48 145 18
155 108 184
100 99 134
33 73 16
24
15 168 2
130 121 123
77 78 175
1 181 148
62 157 168
192 120 188
150 76 85
112 82 2
22 139 183
55 127 166
111 146 31
3 66 61
119 36 80
125 103 170
62 188 171
78 12 173
27 181 92
81 140 9
61 22 100
5 142 131
79 156 157
83 34 86
164 24 127
167 55 156
7
7 84 127
176 -1 122
192 61 20
146 105 105
101 192 153
98 29 125
176 151 162
8
187 174 96
89 72 198
95 6 63
91 46 80
107 88 49
135 132 163
156 161 122
153 42 179
15
98 5 39
12 29 164
176 185 168
105 189 154
14 116 185
106 133 17
64 129 182
143 178 136
-1 103 48
168 115 75
103 98 194
172 88 76
118 132 196
50 138 186
197 151 178
12
13 70 7
189 30 21
138 109 55
3 185 79
126 145 154
74 136 35
125 33 112
21 188 149
131 104 131
48 85 146
162 185 53
166 88 27
8
9 47 52
99 166 80
37 87 49
86 164 81
21 72 50
157 14 177
114 52 174
13 194 98
20
173 9 37
24 17 31
29 136 46
167 111 83
97 133 168
42 91 23
35 93 194
89 48 199
79 171 93
86 150 52
175 14 12
35 184 191
123 154 69
146 22 100
136 68 7
184 65 70
101 75 74
150 112 7
64 182 154
89 135 114
3
20 125 157
13 164 37
20 140 150
10
148 88 176
94 123 52
185 12 4
69 120 128
44 128 0
83 5 80
16 60 113
71 160 103
17 36 134
63 66 64
10
-1 165 65
162 195 154
71 166 119
63 88 36
123 185 1
54 127 171
173 180 122
117 190 27
113 154 58
199 155 35
23
177 149 87
145 18 84
4 17 199
154 73 192
33 173 187
177 104 11
116 139 149
27 146 193
71 38 48
194 27 139
48 20 29
11 80 165
67 54 87
6 113 92
28 3 45
199 172 29
114 44 72
179 -1 19
164 65 57
72 132 110
107 34 94
118 179 73
135 133 52
4
107 92 156
144 30 89
22 26 86
101 32 182
5
27 146 175
159 178 124
114 25 197
67 175 196
88 111 130
21
69 95 115
122 84 66
69 75 3
34 174 1
124 143 58
98 177 130
122 14 41
174 171 101
86 106 14
157 13 95
0 5 23
38 188 170
80 120 128
132 68 9
2 40 21
23 98 179
125 159 196
13 131 3
100 193 174
110 167 162
172 159 91
15
69 177 47
93 107 76
163 26 71
27 40 109
149 17 166
191 190 186
110 143 14
93 169 160
68 54 69
66 123 58
174 110 160
35 130 72
119 84 139
162 183 199
28 0 53
8
79 10 189
78 35 192
68 172 57
190 56 193
135 86 121
166 172 103
102 105 31
60 179 178
15
4 11 187
122 46 76
36 45 77
156 142 148
49 158 28
33 54 182
76 41 180
78 172 64
123 140 49
81 130 119
15 120 70
50 37 153
159 158 75
167 7 105
134 67 135
15
196 30 102
116 146 159
181 124 4
123 10 120
131 99 57
0 25 160
84 68 104
185 185 11
116 6 122
56 82 34
28 114 80
94 175 170
26 147 133
179 164 147
30 35 81
18
165 176 160
192 87 46
69 120 159
95 137 183
73 169 159
74 183 129
170 95 193
154 13 138
76 88 91
186 55 179
196 70 57
166 97 7
121 167 90
6 123 85
98 82 26
46 49 18
83 106 60
34 49 136
20
138 139 6
124 94 37
132 129 153
16 71 120
144 60 183
118 86 179
109 59 52
115 141 95
126 46 138
137 45 146
29 26 111
58 85 185
100 111 10
66 99 22
105 184 12
198 93 4
155 20 129
78 32 145
193 181 2
27 89 71
12
135 21 138
155 0 89
171 -1 187
187 128 38
71 1 191
104 172 46
4 177 130
160 164 8
35 68 108
13 132 122
183 127 6
31 191 43
12
27 6 39
60 189 91
27 166 30
23 128 111
148 127 115
156 25 112
151 81 172
175 38 22
126 49 148
57 22 106
29 69 85
36 48 169
16
190 195 159
173 20 66
162 159 146
198 14 177
198 83 47
60 95 160
112 127 99
17 171 12
73 -1 88
81 197 188
121 33 103
23 21 104
93 146 71
67 94 33
153 71 144
197 147 145
20
165 87 1
81 111 110
143 188 114
143 133 94
34 24 70
13 28 20
0 190 17
11 11 81
98 165 180
126 148 20
74 175 131
72 65 180
19 33 121
36 118 187
92 36 197
156 132 143
84 129 53
104 48 108
181 58 78
15 117 157
13
168 58 75
74 60 122
119 42 47
197 158 64
37 128 104
92 68 167
194 139 156
70 188 75
94 10 142
199 47 189
163 154 179
173 123 41
128 86 62
23
24 42 179
107 47 1
6 88 44
199 48 107
43 43 32
163 136 185
182 178 93
139 176 77
119 124 67
179 114 196
155 89 29
195 5 63
94 30 0
39 146 22
165 131 108
178 50 83
154 158 85
3 36 135
14 96 12
118 187 117
120 11 185
186 139 90
1 4 93
19
135 0 59
122 171 159
32 109 121
5 138 67
185 34 48
151 172 72
24 59 185
46 185 104
137 13 44
32 120 75
121 138 94
181 28 84
123 139 184
27 81 196
141 101 141
63 25 101
20 154 189
122 31 122
82 182 155
8
121 135 145
138 28 54
72 163 7
25 121 49
46 69 185
163 38 199
70 165 29
169 7 127
4
70 182 116
177 67 109
81 35 161
167 180 161
12
3 172 45
89 166 20
54 150 83
1 84 103
1 36 80
13 78 174
31 2 161
100 149 44
196 27 54
157 81 130
144 96 155
155 96 186
3
122 133 137
181 35 2
193 10 144
10
136 187 181
40 1 125
127 36 96
150 95 160
2 36 175
60 7 128
123 44 131
26 58 20
63 143 150
93 25 100
4
166 83 173
52 13 170
170 40 163
45 78 128
6
38 153 48
103 31 10
130 91 57
103 58 193
139 6 1
165 132 11
10
20 109 173
195 103 177
163 159 51
162 1 155
169 2 130
163 86 18
177 2 57
138 111 45
136 81 188
192 180 92
17
168 198 147
94 178 116
178 84 167
126 130 171
32 12 72
154 143 82
143 33 24
183 186 22
63 46 22
60 147 139
157 49 150
138 134 33
72 48 159
191 140 114
138 68 136
119 148 85
174 37 77
23
100 186 38
75 183 165
30 73 10
174 147 79
6 35 197
149 108 145
14 69 25
80 98 4
61 163 10
46 139 154
181 111 0
14 137 50
101 1 199
71 2 81
137 87 28
33 154 35
151 92 113
44 31 129
131 118 21
61 177 160
195 196 110
43 75 98
24 23 123
21
96 53 135
187 150 157
40 21 191
147 150 198
91 5 87
156 38 77
155 193 130
170 178 64
115 174 45
25 51 146
191 189 65
69 116 189
183 119 46
173 72 140
53 76 74
121 129 6
125 88 40
174 87 114
126 111 124
109 49 74
42 137 127
5
158 40 47
124 199 170
28 124 103
193 4 95
178 191 171
25
102 45 139
176 94 62
136 7 60
52 84 97
75 166 36
123 84 151
109 179 178
35 102 36
54 66 15
166 85 154
1 137 77
100 128 133
142 83 39
6 7 156
198 32 35
37 142 6
103 90 110
2 61 71
122 145 188
196 151 125
34 115 16
35 188 34
22 166 78
110 183 54
-1 38 110
5
165 4 43
70 148 179
116 57 18
117 112 113
127 13 110
14
195 111 119
74 52 121
139 102 28
32 169 141
38 10 195
132 35 137
165 90 3
7 19 109
21 199 198
180 18 16
102 37 75
135 138 148
80 129 91
46 79 12
19
189 192 198
127 197 136
108 125 169
177 29 130
139 63 192
195 165 105
162 59 99
72 92 -1
72 52 18
139 174 113
91 180 4
148 91 124
11 113 154
90 68 9
126 176 24
134 132 100
15 99 53
116 53 94
73 33 181
15
169 129 196
140 46 51
75 51 146
48 125 113
143 141 168
186 27 43
176 52 20
98 53 14
90 16 2
82 145 37
114 155 138
105 35 187
129 137 11
81 119 7
59 36 86
3
153 108 91
94 192 158
28 86 147
24
153 67 113
69 5 122
46 140 168
56 164 158
187 8 55
90 89 146
141 45 59
13 112 39
140 95 90
105 174 124
24 107 15
80 81 102
169 160 76
63 19 70
100 21 70
92 128 185
105 176 139
143 134 41
100 31 173
195 83 116
71 62 123
18 104 169
1 89 31
16 128 19
14
150 165 123
101 3 61
54 52 124
49 133 91
165 144 26
126 85 192
171 45 132
127 161 85
59 138 121
162 51 26
130 170 181
196 110 127
7 20 62
189 22 124
13
112 43 144
50 141 105
60 131 55
78 162 21
118 53 76
17 177 81
124 155 129
110 61 82
84 29 138
70 67 74
135 10 25
163 37 73
146 14 156
12
111 135 154
43 -1 76
53 95 39
7 146 4
66 100 61
180 133 25
86 126 119
18 188 163
145 92 59
86 171 10
66 176 46
20 112 43
10
50 15 54
186 96 112
119 32 145
45 32 82
130 168 156
14 -1 54
148 14 29
33 184 5
157 185 189
191 182 4
23
178 93 134
99 28 96
182 146 192
69 140 16
140 15 57
41 165 142
107 31 114
113 167 117
113 179 186
45 31 121
196 42 101
30 73 184
186 99 77
73 121 71
19 136 38
11 189 27
178 85 20
168 176 195
59 189 117
62 95 85
43 -1 150
69 178 106
127 64 181
19
77 26 114
186 9 98
96 179 73
169 106 5
193 69 137
70 36 182
8 191 150
157 168 174
100 136 15
178 118 146
171 20 154
161 122 138
186 171 118
188 64 162
189 66 180
117 33 1
177 98 9
172 140 99
0 96 97
19
60 94 111
154 68 96
54 26 165
149 154 178
104 9 124
86 62 121
156 86 156
191 36 45
158 66 97
100 157 89
109 51 134
141 3 146
146 112 120
10 131 166
167 67 199
56 106 179
153 176 45
149 103 17
116 166 54
24
64 54 94
59 159 97
81 34 93
82 187 6
139 73 191
83 150 24
129 45 132
83 77 86
119 97 177
165 78 84
104 117 33
36 188 70
70 48 193
39 87 112
136 119 82
130 64 19
69 188 53
80 92 45
66 138 1
16 78 22
131 81 72
18 80 137
13 -1 198
121 24 120
17
84 157 129
175 172 69
63 33 45
122 90 18
153 47 3
74 112 40
117 4 20
199 40 78
85 71 38
96 185 107
41 76 4
80 100 28
63 171 49
46 190 116
176 172 13
28 46 93
180 161 20
11
16 97 109
128 125 60
136 84 185
162 10 184
48 92 1
106 12 19
99 184 165
149 75 49
41 136 198
168 120 83
122 22 122
14
166 176 172
156 165 113
167 60 115
167 103 68
114 26 50
101 -1 191
149 171 193
81 83 138
21 193 95
35 54 194
88 198 190
67 62 148
111 67 78
31 197 74
3
98 191 185
64 58 94
135 67 118
14
94 88 44
33 41 12
1 142 198
84 153 66
123 44 199
56 46 57
85 38 108
3 81 106
191 96 140
39 45 35
135 154 47
40 14 6
155 136 167
183 147 115
12
194 195 193
198 9 4
142 40 94
164 156 135
42 47 106
156 129 181
94 40 57
21 62 134
190 134 107
46 37 161
22 88 197
177 65 20
21
63 182 24
193 9 40
66 73 104
95 159 55
181 137 177
192 13 19
186 167 105
151 93 182
101 102 127
189 58 32
49 145 24
121 48 140
89 196 110
130 2 137
179 193 126
190 185 1
194 190 23
78 24 72
68 27 20
173 107 177
190 74 36
13
96 72 95
105 189 113
110 10 21
94 164 157
91 140 123
178 150 117
12 54 39
158 40 102
97 138 182
135 162 122
142 43 136
114 189 113
138 195 183
24
179 157 110
34 77 199
159 113 168
90 90 173
34 33 143
151 20 57
136 167 79
85 34 170
104 64 143
63 84 110
144 78 59
163 113 75
146 147 56
183 88 198
70 61 135
55 106 129
46 55 22
161 41 24
0 128 94
139 79 76
24 52 9
52 193 18
43 106 6
15 168 46
3
48 56 86
177 148 173
131 143 31
19
29 68 28
120 49 117
193 81 90
76 48 187
188 68 9
105 182 161
150 34 185
107 150 13
71 10 191
-1 107 133
106 182 149
11 167 179
67 96 128
140 114 48
145 25 7
118 131 35
2 67 50
185 161 167
76 44 145
7
116 50 196
61 47 189
137 72 77
187 118 135
142 27 88
44 132 107
154 78 113
12
155 38 142
189 143 193
110 41 175
75 1 82
101 189 110
38 172 30
94 197 12
37 96 90
26 77 71
176 51 -1
185 189 113
112 59 119
13
81 169 36
198 72 112
134 129 153
199 159 126
99 104 169
105 155 188
196 94 123
145 141 92
101 184 170
35 74 9
50 82 172
126 128 67
15 8 132
24
91 45 158
90 94 110
72 42 72
181 88 53
136 3 51
171 167 53
48 57 110
105 111 44
161 89 10
92 137 13
173 179 151
44 110 166
145 124 183
31 168 77
158 35 8
192 151 167
17 17 141
97 160 29
139 144 199
164 91 144
65 11 199
15 94 79
159 144 119
171 78 104
3
58 83 125
179 119 181
20 93 41
16
52 89 146
139 94 169
8 130 35
193 179 85
126 28 137
97 193 127
31 92 90
148 193 13
174 145 3
136 20 97
128 148 70
105 192 174
47 137 152
149 45 106
121 192 128
168 185 2
25
151 168 41
76 115 158
101 127 134
167 100 84
112 11 173
140 81 127
84 45 45
98 184 53
190 8 5
156 66 89
56 163 130
86 22 10
119 147 69
118 128 68
171 34 6
186 62 74
166 1 115
174 187 156
61 107 62
31 121 84
145 187 33
40 29 176
129 151 48
130 195 74
125 63 118
12
143 41 107
53 88 143
140 76 142
155 19 36
109 86 181
41 187 186
91 41 112
172 124 191
186 134 5
54 57 139
39 70 124
0 3 160
12
76 142 98
123 26 89
147 190 197
136 103 133
167 151 117
159 8 55
95 162 178
71 63 165
153 103 83
187 1 12
81 143 188
76 81 177
4
148 45 122
133 2 24
21 50 6
102 63 17
7
98 108 61
10 168 157
149 58 146
26 21 138
141 112 124
101 151 194
168 157 114
4
187 168 140
174 199 23
110 154 74
26 11 11
9
84 56 80
131 183 175
56 199 164
84 67 79
80 8 138
143 51 64
142 163 64
105 32 10
194 142 31
17
192 89 63
110 18 78
171 75 133
89 80 46
65 120 87
193 29 3
52 41 63
192 138 77
132 152 8
54 76 116
105 41 166
159 39 29
82 95 125
25 163 165
0 85 120
163 107 64
42 155 5
4
191 147 73
2 183 190
198 190 82
154 169 16
7
0 133 5
78 53 189
5 54 13
76 10 46
179 63 79
171 170 33
2 54 178
21
80 111 121
68 136 166
5 116 147
147 84 83
162 110 42
124 26 67
154 16 188
144 30 157
143 117 96
170 141 151
109 185 191
-1 55 129
28 189 113
55 54 196
54 125 84
21 66 37
144 120 6
150 89 62
173 14 132
46 168 160
43 150 130
14
190 1 5
85 34 96
23 40 15
95 64 10
34 119 187
30 151 92
141 106 123
173 186 126
71 184 43
146 70 101
22 70 138
184 65 114
127 171 173
76 120 199
16
81 36 1
185 54 191
159 89 30
124 95 103
168 21 2
45 43 21
137 94 98
110 100 185
135 113 61
66 32 142
89 176 54
122 155 109
127 45 30
51 167 2
161 80 74
77 69 55
8
193 16 161
137 142 106
57 109 107
26 27 76
198 3 56
6 72 0
100 195 22
179 142 176
17
77 103 105
140 94 199
82 78 34
166 143 144
101 26 15
177 198 172
84 29 181
44 166 114
150 148 83
199 174 180
172 187 55
128 2 30
61 193 34
53 7 -1
121 83 189
191 151 -1
21 162 1
10
156 0 128
73 183 78
-1 194 8
103 116 125
148 90 124
97 0 143
170 9 134
99 154 99
87 57 14
35 167 159
20
59 187 53
153 104 7
166 51 169
34 107 181
90 121 169
62 198 70
37 51 16
33 35 147
186 28 106
165 7 86
95 133 156
152 62 93
152 191 153
133 93 16
7 69 28
41 167 73
78 41 143
36 53 7
183 52 115
3 15 86
18
119 44 74
91 82 188
144 62 40
24 117 80
33 198 134
101 10 82
192 186 74
162 18 52
94 149 176
78 67 146
86 85 129
73 64 31
145 135 8
89 83 180
53 172 101
134 6 101
59 139 65
105 112 96
20
63 56 143
113 6 33
47 184 113
16 54 116
187 142 131
39 6 18
116 148 2
12 162 51
40 103 150
191 120 106
-1 164 156
39 69 108
169 36 107
161 154 153
21 169 193
66 169 106
114 170 115
199 92 103
47 72 31
15 108 195
18
19 143 123
131 38 97
112 139 176
51 178 29
174 42 150
169 26 71
180 14 139
113 166 37
75 114 125
91 100 4
82 97 176
67 59 149
162 32 172
0 21 93
17 95 45
70 20 65
184 29 56
39 75 127
13
14 21 46
162 160 133
20 160 155
140 112 66
48 99 77
31 45 92
184 181 33
101 46 59
59 0 71
20 13 119
161 70 35
119 48 143
182 184 52
10
90 147 50
73 126 107
132 96 139
189 176 125
39 172 56
161 126 98
28 87 90
4 11 140
-1 94 107
5 166 130
24
50 15 32
46 136 13
21 97 42
46 157 134
31 7 99
102 195 -1
197 15 104
44 12 65
52 181 92
180 153 20
6 109 135
164 60 59
12 48 189
59 17 131
75 85 74
117 177 133
64 104 19
80 84 138
166 41 83
160 5 32
16 33 109
67 102 78
189 34 127
57 76 21
23
81 62 38
76 168 93
65 55 9
21 44 169
111 114 12
54 47 187
23 124 98
76 -1 19
144 28 188
162 109 147
164 110 125
11 54 197
26 78 38
34 175 145
173 105 35
149 172 17
145 106 150
139 74 30
159 186 176
108 23 148
8 50 196
111 109 48
110 67 144
23
7 117 172
152 136 101
18 144 141
148 123 150
199 113 67
150 135 69
148 12 73
47 189 18
135 72 107
124 197 62
5 60 24
161 39 128
146 193 22
57 43 25
27 142 30
132 184 122
179 193 108
36 98 164
196 135 140
58 113 30
72 84 70
24 35 188
196 150 50
4
4 190 106
178 116 196
44 137 0
89 123 14
6
104 41 111
63 127 132
57 68 115
104 179 0
48 194 8
154 73 185
6
163 123 120
69 146 159
3 142 107
62 143 53
87 170 178
33 167 75
15
89 107 65
36 45 164
181 123 46
150 191 68
25 122 111
115 89 138
46 137 121
111 30 43
139 170 148
171 143 9
95 84 141
134 128 29
197 86 187
44 70 68
46 190 90
17
173 174 129
19 83 185
45 100 160
145 54 143
91 59 199
58 45 11
126 51 164
78 103 50
42 62 130
152 193 77
152 58 70
35 16 173
192 40 186
101 118 80
16 181 164
140 33 120
117 74 4
22
15 2 157
75 146 8
137 146 173
92 96 167
191 43 67
20 0 172
192 0 183
34 13 16
131 100 86
175 94 121
173 104 192
160 19 128
93 119 140
91 87 117
147 90 56
149 52 163
64 177 15
58 147 129
26 100 45
181 76 15
12 95 27
105 185 49
8
75 46 71
119 19 141
190 107 133
150 68 140
163 172 164
24 13 64
2 17 19
123 84 40
11
4 66 108
60 61 199
170 154 113
141 35 56
63 181 125
73 148 98
172 175 14
75 10 47
124 28 103
137 39 35
128 7 11
15
158 124 192
105 10 163
152 37 34
143 6 47
167 57 156
154 96 23
-1 77 34
8 9 91
194 85 122
13 128 171
176 4 9
132 177 80
103 95 198
5 107 131
79 9 109
7
134 182 25
73 91 6
13 14 153
53 44 47
52 8 50
154 133 155
137 110 26
3
97 178 89
5 34 35
122 181 38
18
120 7 198
195 195 92
36 -1 42
99 98 13
119 74 177
142 12 83
164 44 129
39 180 126
62 76 107
170 145 48
183 162 69
112 67 160
65 123 107
80 145 119
182 60 39
75 116 75
138 123 99
92 75 199
17
12 116 162
183 49 17
11 95 40
43 191 92
176 134 72
99 73 73
10 23 12
132 111 73
76 197 97
66 69 194
173 54 131
50 48 73
10 127 27
183 149 157
155 101 66
12 195 174
19 174 90
23
112 119 69
129 3 62
154 182 77
175 154 116
147 54 125
157 15 167
183 51 121
31 143 100
150 48 58
172 75 199
162 108 142
76 147 153
57 45 164
8 106 130
141 166 157
136 67 178
173 9 42
161 16 56
192 115 85
181 199 83
114 107 13
98 162 130
182 47 80
11
80 164 127
3 48 72
128 60 15
99 57 156
10 79 176
100 31 7
118 155 94
174 40 197
5 85 177
186 49 52
86 56 45
13
16 97 14
99 190 128
78 181 196
120 175 134
154 54 80
7 108 197
82 17 91
161 18 196
80 195 0
151 152 27
72 184 14
192 95 29
107 28 138
4
4 102 27
129 55 191
98 36 106
118 149 109
9
6 96 177
142 152 122
199 169 144
156 9 59
73 39 60
155 97 65
179 80 11
122 145 196
144 184 24
22
106 55 119
81 156 176
45 197 27
85 79 104
92 95 0
40 111 181
135 164 135
126 99 115
38 70 183
43 18 56
139 128 64
138 125 100
82 5 162
33 147 119
156 9 34
199 176 130
59 77 30
110 12 124
131 6 179
24 123 111
39 148 127
20 36 22
21
93 12 176
84 78 164
7 0 55
172 175 62
119 90 190
175 184 197
69 7 28
74 49 190
192 83 149
121 56 87
105 85 160
34 173 48
69 15 160
159 160 147
59 108 24
135 161 7
107 111 101
96 86 150
103 92 148
110 199 198
183 132 152
18
195 109 39
140 167 55
53 110 80
30 133 186
131 188 22
77 80 133
167 26 16
93 56 94
182 161 85
198 145 189
159 151 199
120 172 72
132 87 92
172 9 175
124 109 100
62 185 18
121 58 149
54 81 92
5
102 90 170
125 62 123
97 146 132
186 40 43
173 198 15
13
6 184 190
120 114 121
63 117 76
100 21 75
59 153 90
56 0 159
46 25 168
88 67 84
117 180 179
84 133 193
118 49 0
57 76 135
89 118 72
16
168 141 161
71 170 138
71 173 148
149 107 173
144 17 180
11 101 190
110 42 101
152 81 45
34 31 175
170 110 148
196 43 4
65 38 100
57 178 89
122 8 134
23 175 109
33 95 146
24
1 136 58
136 127 13
75 109 23
5 161 180
117 178 147
16 164 158
123 120 48
65 36 1
171 -1 18
90 52 34
51 147 69
79 121 145
20 72 88
106 60 40
151 111 44
171 133 183
150 81 118
156 27 108
144 130 8
113 185 112
112 120 24
69 20 147
192 174 2
183 126 100
12
77 136 8
185 38 170
181 124 72
194 75 185
169 171 29
94 173 159
57 172 179
41 123 157
167 16 180
150 120 121
123 81 175
149 29 119
14
173 55 157
153 70 42
169 154 142
123 193 114
17 42 4
51 129 145
148 138 106
75 3 169
104 169 154
159 147 71
196 31 153
182 163 51
7 172 67
118 167 57
15
198 109 62
46 50 160
190 153 47
11 13 150
171 122 146
195 79 143
100 144 137
96 75 99
94 170 37
97 109 94
193 180 190
79 85 121
49 67 190
193 149 33
114 23 87
5
25 63 185
60 89 93
34 147 37
188 162 33
85 51 198
25
158 53 61
75 23 87
186 15 114
125 144 180
192 177 4
199 34 173
8 130 130
29 94 119
-1 12 23
156 134 46
48 188 186
100 89 97
104 125 74
187 62 145
91 110 93
129 195 166
121 9 27
56 117 171
80 7 105
86 194 114
23 179 154
1 8 86
190 86 143
93 28 91
118 166 112
16
162 163 124
135 56 79
4 35 36
122 42 74
164 136 9
189 98 127
56 151 196
16 94 195
123 179 46
94 189 140
148 184 13
188 59 14
42 108 193
184 116 161
161 78 104
155 197 29
15
43 40 127
48 41 197
42 2 73
23 194 149
98 0 44
157 163 136
188 1 194
73 104 51
62 166 145
152 174 170
160 159 194
55 104 44
99 37 199
-1 61 36
66 148 85
14
26 93 39
33 138 17
108 26 196
50 81 139
168 162 180
56 44 169
56 149 34
155 145 195
6 152 194
161 157 92
98 190 134
82 90 197
180 152 84
83 170 126
18
184 11 46
158 153 106
24 8 127
140 80 183
175 119 38
116 34 86
190 105 87
115 60 67
24 178 193
5 154 -1
20 41 87
114 26 75
50 81 85
64 88 103
108 14 151
51 138 71
182 62 112
63 159 22
20
-1 159 25
104 132 44
67 52 181
44 22 55
26 195 163
72 199 15
137 68 63
28 180 178
122 127 64
84 116 181
162 29 39
13 74 171
198 133 58
166 19 37
16 145 63
54 169 182
66 143 185
2 109 75
62 34 170
47 24 180
13
114 105 40
53 0 19
159 66 4
45 148 126
188 17 27
165 119 11
167 16 42
192 111 191
38 177 20
2 153 68
31 196 99
155 49 69
28 140 22
17
10 127 145
80 46 99
165 44 159
102 179 161
26 20 185
147 158 111
11 5 148
121 43 105
187 78 16
28 58 125
104 167 167
129 183 107
189 47 114
57 103 31
59 155 83
75 158 26
25 177 94
21
58 169 47
179 74 150
171 32 136
130 -1 153
166 96 3
25 75 44
39 62 160
175 43 5
106 42 82
194 162 79
25 -1 143
158 119 129
44 103 81
132 167 186
132 96 99
45 130 121
6 129 27
67 3 170
141 163 59
121 109 121
119 93 71
17
187 17 183
118 62 144
5 147 164
61 2 91
21 21 78
187 148 156
48 0 54
63 164 107
71 190 33
116 171 116
198 196 174
119 161 182
120 34 44
69 147 98
18 126 49
130 58 188
78 184 115
8
68 196 141
27 2 152
142 43 46
164 46 187
84 68 10
158 29 99
31 145 42
75 169 180
16
176 46 128
41 73 176
55 73 122
162 88 38
164 127 82
138 161 64
105 157 154
82 100 39
62 14 22
48 135 122
10 144 97
31 4 49
-1 73 137
85 20 40
169 166 170
99 2 195
10
55 98 162
167 4 198
170 49 192
88 138 159
150 151 95
113 77 148
151 114 34
21 58 198
2 25 0
41 129 181
11
90 120 91
147 28 104
103 181 61
56 79 100
10 50 153
172 64 146
175 174 171
149 80 6
98 135 84
42 149 41
118 140 81
25
148 113 16
43 129 176
181 33 155
175 132 90
152 137 145
0 142 136
44 71 78
61 117 118
47 101 117
145 56 30
27 136 193
182 48 72
46 33 13
20 54 143
97 54 167
190 69 156
111 124 34
164 1 163
40 160 39
42 53 114
76 49 79
45 18 87
78 111 26
122 128 7
17 14 154
13
173 118 52
192 34 59
62 33 75
78 122 169
138 133 98
58 45 4
62 19 139
11 179 180
56 12 46
27 157 176
66 42 174
86 49 171
103 9 29
12
42 78 179
140 148 81
182 11 163
158 51 50
27 157 78
58 184 144
13 47 120
12 128 183
76 4 120
61 198 27
188 124 32
178 126 101
16
148 60 53
86 46 48
70 86 50
104 138 182
38 118 16
46 51 100
93 79 80
-1 45 144
131 143 72
24 79 4
98 142 121
65 174 2
10 69 62
135 94 144
133 115 21
140 89 149
13
71 145 42
141 38 83
169 84 106
7 163 160
25 173 17
134 8 81
75 57 189
195 118 188
165 153 161
98 68 67
176 58 108
85 122 55
152 74 185
6
108 77 185
89 163 61
170 49 182
163 34 91
37 43 96
185 55 139
5
199 79 155
28 135 163
82 131 69
72 65 20
7 71 167
17
44 110 97
199 105 114
117 170 12
151 152 118
94 102 71
82 159 98
196 175 40
70 141 78
36 92 185
28 185 117
173 64 122
39 97 180
127 76 190
48 25 151
38 130 20
182 65 186
60 139 175
19
57 150 48
106 126 64
140 67 42
159 31 194
42 189 49
140 37 187
22 78 82
137 20 53
136 158 87
83 158 109
130 17 126
81 104 140
37 30 9
78 1 95
123 180 123
146 26 192
18 97 115
66 56 39
47 160 58
15
131 62 128
141 12 90
169 17 196
123 164 21
34 110 58
80 8 64
107 142 121
104 112 113
45 18 176
131 143 44
101 67 10
40 184 133
144 113 60
149 116 84
53 189 106
23
187 94 112
49 29 49
72 136 124
173 91 195
153 41 132
118 104 45
150 21 187
173 50 44
76 28 59
54 104 60
43 14 179
47 181 173
145 1 182
138 169 35
77 52 44
156 150 189
168 140 184
189 11 167
83 136 46
186 107 59
4 119 92
21 139 39
5 23 143
23
142 181 32
61 114 194
175 121 199
72 108 29
199 81 179
55 51 14
71 123 43
23 94 123
79 167 196
174 64 165
24 72 99
169 148 199
32 53 195
96 109 19
194 61 91
129 106 119
185 94 90
41 196 67
180 128 181
34 144 131
142 95 160
7 153 168
18 1 28
18
9 81 198
172 157 34
120 99 186
190 117 58
158 20 64
87 70 14
120 63 36
133 178 63
117 192 173
161 125 93
186 44 40
22 96 192
70 179 159
165 51 45
88 113 39
133 86 117
27 155 1
117 66 82
19
40 12 165
174 72 40
65 82 34
34 140 124
49 182 22
112 9 179
181 32 5
116 40 156
53 125 69
100 137 159
170 133 13
134 179 151
109 177 8
35 79 123
23 64 64
180 170 111
140 82 1
113 56 172
148 65 115
10
66 136 48
111 16 196
197 146 18
82 30 191
26 149 114
12 0 51
100 182 57
50 59 112
97 74 88
68 99 5
21
69 137 91
124 141 85
36 111 101
92 105 181
55 165 67
199 127 136
95 -1 173
128 101 185
169 69 90
177 21 78
65 27 114
150 107 187
18 65 169
149 153 37
33 16 115
186 127 127
136 7 123
23 157 40
54 2 61
17 77 182
104 120 157
6
121 77 168
-1 29 169
93 100 95
29 108 164
38 35 156
169 58 8
13
90 110 41
150 133 100
87 19 38
47 98 181
22 43 26
103 80 43
23 168 83
66 129 15
120 129 117
79 78 43
51 74 43
79 90 3
40 118 3
3
76 41 85
59 194 170
72 73 52
8
177 110 41
47 32 66
115 12 85
101 171 109
68 136 49
196 3 2
83 78 88
68 109 110
21
64 126 98
148 15 103
193 137 26
105 128 151
140 16 126
81 193 66
17 48 42
137 70 5
142 69 64
73 188 186
107 79 126
116 50 80
73 164 6
187 169 42
105 20 3
58 165 160
160 153 72
112 128 190
46 104 163
186 23 132
145 50 34
16
191 26 176
91 42 37
119 147 135
65 36 119
143 143 6
175 132 177
174 38 152
7 27 123
53 36 90
191 43 154
157 148 165
190 56 171
118 136 34
39 70 144
180 104 11
191 123 115
15
122 25 180
43 12 169
159 20 192
0 176 58
71 154 3
48 186 83
149 159 43
47 124 38
49 55 22
128 33 129
93 172 81
85 172 20
41 12 119
46 80 26
47 17 190
10
2 198 127
119 148 61
117 53 9
2 116 88
55 94 88
48 36 133
163 52 91
0 97 2
102 -1 0
112 156 99
20
192 169 151
84 8 106
35 110 3
90 35 148
124 56 41
49 71 49
53 83 122
6 28 101
146 179 22
22 35 65
20 160 135
193 125 46
134 0 3
22 66 19
-1 135 6
134 69 127
12 132 85
22 61 163
116 42 96
129 62 57
25
4 16 13
167 90 102
63 81 67
7 80 199
61 78 68
120 188 76
45 84 150
24 195 138
90 171 163
164 190 5
20 13 174
95 53 115
89 135 40
84 167 20
70 18 157
198 192 134
86 10 122
146 14 7
62 44 135
172 67 83
196 188 88
73 175 11
108 103 6
4 121 64
30 78 0
8
189 191 198
86 195 192
187 196 95
98 85 121
28 96 184
146 194 46
76 132 178
182 24 178
10
126 79 0
146 166 84
130 173 186
171 160 156
104 0 192
119 20 182
144 93 137
173 170 120
169 189 35
99 155 33
6
196 125 178
117 120 122
5 142 137
179 25 127
103 129 162
181 145 154
21
70 36 19
138 56 109
59 49 165
165 138 121
89 117 59
101 140 158
153 128 78
80 39 59
95 46 117
166 88 53
77 13 3
147 136 5
161 94 161
148 187 126
107 113 130
164 94 127
187 175 42
75 147 111
23 10 79
7 26 85
182 108 33
15
85 195 58
54 175 93
99 44 181
121 185 8
168 172 123
39 112 189
140 80 148
41 3 26
146 50 176
31 9 57
139 110 119
27 177 38
109 179 82
158 122 118
98 120 61
9
109 153 63
67 3 20
66 57 107
184 27 150
151 38 159
20 152 8
3 119 42
36 174 176
74 93 70
16
124 42 53
178 21 63
182 184 176
121 81 129
158 76 179
192 162 148
196 59 38
175 108 125
162 118 5
70 99 49
16 163 151
104 109 79
108 28 75
180 29 186
159 180 40
46 53 58
11
180 130 60
185 50 117
59 182 119
119 135 116
177 197 163
27 120 166
172 29 47
105 35 179
107 169 150
101 19 133
187 53 1
21
67 46 104
62 88 98
111 73 110
85 186 133
93 34 147
125 144 127
42 102 45
76 71 130
173 4 102
133 105 69
106 65 55
184 107 193
48 86 32
23 131 53
101 163 8
90 48 32
157 128 130
170 38 103
178 19 38
145 117 113
166 119 198
10
164 35 175
50 24 24
131 71 75
192 15 156
127 195 184
180 85 93
132 11 178
197 42 13
128 134 153
148 180 194
12
95 83 157
123 132 92
93 127 181
195 197 95
25 22 185
149 198 128
67 37 49
193 199 42
42 174 165
7 118 16
107 140 26
95 49 2
3
192 54 64
97 161 179
50 8 84
13
117 143 114
22 96 194
192 131 104
58 119 119
70 145 96
72 116 156
13 79 197
111 26 160
23 147 30
198 151 155
180 88 131
86 17 59
121 142 37
16
151 119 70
163 4 49
107 84 102
183 189 60
25 183 78
106 67 101
76 81 52
163 86 121
71 102 141
2 189 149
66 68 26
9 118 30
34 22 181
119 117 147
37 50 183
146 123 180
3
28 51 126
77 47 20
125 191 67
12
180 149 144
190 125 39
1 90 131
6 153 32
31 129 14
66 83 71
49 157 133
131 139 68
125 150 153
48 186 63
150 63 175
58 40 76
17
85 53 92
117 2 168
9 86 4
19 23 57
81 88 156
195 104 60
46 32 130
192 24 104
6 70 47
45 55 158
185 124 184
22 156 122
62 65 144
144 139 153
58 192 195
67 74 143
24 4 186
3
76 23 124
149 120 147
68 95 58
7
162 112 52
106 180 101
66 162 148
107 87 51
52 73 183
17 83 0
81 125 41
24
15 0 4
145 14 20
83 135 146
8 137 128
88 190 124
165 33 60
157 119 114
29 131 40
94 176 188
28 96 146
146 198 174
37 125 12
153 47 31
167 71 77
57 159 189
42 93 23
59 60 118
66 171 64
172 152 110
94 4 81
103 105 190
175 48 192
87 14 37
108 82 97
21
117 53 46
53 6 119
162 25 199
25 158 30
10 130 38
128 93 171
70 1 66
169 111 60
48 124 41
106 93 69
-1 3 73
106 124 13
100 21 23
172 28 130
161 12 46
37 28 93
125 23 96
74 189 27
41 125 44
141 106 134
55 95 143
11
131 51 38
128 120 10
80 124 9
90 20 11
93 132 110
86 71 94
33 8 10
17 5 39
59 197 96
47 121 128
46 195 39
24
55 133 9
42 146 49
83 96 92
38 92 190
121 2 127
188 131 58
173 60 195
160 53 102
160 157 192
131 71 148
142 146 93
25 198 145
113 17 16
136 123 15
104 186 74
40 125 191
56 183 121
56 104 106
184 81 26
55 105 28
11 148 124
13 103 15
38 114 149
41 193 13
5
115 123 132
112 131 116
101 136 154
148 170 11
153 161 163
14
68 58 199
77 146 164
43 34 -1
78 104 136
74 174 79
28 131 147
194 81 45
80 181 43
73 122 141
101 18 76
108 178 92
155 134 167
90 137 68
170 122 196
3
150 186 52
139 118 123
85 -1 42
7
18 170 73
157 118 145
155 174 139
70 113 8
108 28 99
174 119 121
3 72 34
20
21 183 143
69 129 188
117 174 0
96 29 158
35 59 22
15 157 196
175 107 4
75 160 20
118 198 56
161 83 143
193 85 11
103 26 100
183 6 10
136 163 97
72 87 79
178 129 59
187 29 39
148 10 135
47 176 136
133 35 98
23
35 31 121
159 18 28
39 162 145
106 88 86
43 106 130
9 6 78
36 183 62
17 68 55
97 103 8
185 9 110
44 11 56
67 139 92
117 84 126
20 125 162
129 39 181
81 76 122
109 52 61
58 21 133
153 97 16
147 141 6
120 112 19
131 98 140
179 0 104
8
161 163 179
107 47 46
60 128 25
190 160 54
75 178 146
123 168 35
54 114 33
18 73 96
13
115 169 145
46 117 32
134 33 72
169 84 7
155 21 52
175 51 63
188 49 75
15 194 68
11 2 195
108 33 80
146 84 -1
57 199 76
197 109 39
11
89 58 33
36 168 171
175 0 16
66 84 136
10 56 100
2 127 74
150 13 17
8 14 111
119 46 186
178 55 134
151 196 20
15
172 23 98
8 53 73
130 168 141
190 31 26
193 96 61
18 145 111
98 142 177
149 85 36
45 99 154
154 157 160
138 110 37
143 151 124
53 94 89
62 29 58
28 166 124
18
136 30 151
150 91 170
118 56 83
72 193 139
141 198 99
73 33 195
44 164 189
177 65 89
32 139 92
180 26 103
127 92 90
119 22 85
44 126 20
180 29 118
3 23 36
21 118 180
23 128 117
3 101 22
23
192 0 8
122 76 153
194 6 192
54 129 127
79 63 99
134 110 19
55 129 176
63 198 137
137 136 157
32 125 41
188 1 100
67 61 90
163 52 96
42 149 134
182 67 13
26 13 155
178 167 118
1 121 92
198 196 126
166 123 101
48 163 188
116 48 130
141 45 199
13
179 177 151
103 139 143
181 23 76
38 139 192
148 29 150
72 33 93
60 36 152
124 159 84
119 55 14
194 172 12
65 122 58
23 197 28
117 14 -1
7
31 77 136
69 49 53
169 39 31
43 65 142
82 190 21
167 11 58
173 149 120
12
125 20 31
103 159 138
158 140 168
76 95 24
80 19 67
148 32 141
165 91 179
43 72 91
172 100 198
163 190 33
112 82 167
149 141 65
17
35 148 24
11 181 183
197 117 36
113 8 168
10 27 126
44 155 109
145 177 196
20 179 45
90 5 26
87 167 120
97 155 60
137 3 153
38 35 126
79 22 45
113 8 51
107 5 75
98 49 95
4
16 18 63
116 22 126
55 54 100
90 90 43
8
80 92 106
52 11 115
136 69 182
94 143 102
82 125 148
117 194 167
35 37 133
152 163 149
12
126 87 23
81 120 121
44 190 25
198 51 80
62 107 172
53 65 116
149 -1 131
179 98 172
112 37 94
62 100 0
178 180 97
198 184 85
21
168 17 0
148 45 120
51 65 160
164 104 46
45 154 29
154 197 111
160 46 61
100 34 59
25 172 124
145 130 122
73 34 124
55 149 103
0 102 165
119 25 91
148 188 146
21 33 139
178 121 98
105 75 93
133 142 28
125 166 93
43 11 146
17
198 9 49
121 47 120
86 55 140
141 72 144
68 80 163
177 93 1
137 133 173
104 80 25
173 136 57
171 71 143
116 157 104
127 17 148
1 198 187
110 5 35
46 70 141
12 38 63
87 34 184
19
151 55 166
24 137 126
113 122 45
45 146 147
140 143 102
114 133 32
167 18 41
124 143 111
58 11 133
29 107 119
161 137 9
185 85 143
107 7 185
118 119 37
67 98 73
66 77 46
59 144 112
84 20 120
180 53 70
25
128 155 41
110 72 183
96 157 136
170 102 128
184 67 78
61 104 5
175 47 196
170 116 88
47 70 4
170 158 62
194 38 114
142 132 127
42 120 70
72 54 25
68 86 31
15 18 50
57 77 161
146 15 142
124 135 198
179 169 89
178 18 80
173 194 93
189 44 174
197 73 67
54 148 150
11
15 100 97
28 60 34
93 10 135
102 16 98
29 160 53
113 144 69
24 148 5
44 151 198
115 19 144
74 105 170
36 41 63
23
165 138 134
8 102 184
52 14 173
173 84 61
15 187 185
165 54 192
130 86 82
195 188 62
107 26 18
123 124 152
188 10 135
160 112 6
14 28 156
173 21 29
142 110 43
106 133 152
106 1 95
159 56 91
31 73 184
97 72 116
37 126 183
0 62 187
51 158 80
7
120 151 138
118 24 102
185 140 78
163 170 164
95 81 144
188 142 191
164 113 160
15
103 154 187
198 23 57
166 111 6
18 170 0
23 153 114
189 176 167
72 94 197
31 97 67
155 164 50
57 91 152
195 65 175
157 125 96
33 15 23
178 111 146
157 178 108
11
80 45 180
122 143 182
13 46 117
8 22 172
66 12 126
85 192 27
177 145 16
72 31 187
199 149 129
9 27 171
114 165 120
17
9 179 107
198 26 71
160 121 43
32 196 159
154 47 188
7 78 114
95 80 199
98 68 82
114 157 102
36 18 149
168 80 17
145 9 184
117 184 19
112 181 172
24 91 18
27 20 94
129 51 0
19
195 53 87
150 83 62
104 9 167
70 128 73
132 188 74
43 86 172
50 131 40
40 158 103
130 60 58
67 31 49
2 182 110
48 -1 58
131 79 160
71 68 146
75 135 0
138 149 33
96 96 100
141 0 87
107 151 176
18
134 177 91
176 153 61
184 121 158
179 138 2
29 199 76
93 40 27
89 106 72
159 163 105
164 6 90
141 60 140
184 137 73
196 13 6
192 77 14
68 76 184
34 77 13
182 148 150
25 194 112
50 82 50
9
62 179 112
183 88 163
172 157 95
53 10 175
171 41 103
120 48 5
76 76 43
137 58 79
59 14 157
20
57 189 87
16 199 103
108 44 198
143 9 192
17 39 71
187 133 139
126 53 96
3 183 12
35 120 189
133 132 154
123 53 132
24 28 12
139 -1 88
39 12 151
-1 45 34
85 105 117
151 132 40
36 39 147
92 8 187
170 86 132
12
136 44 126
136 16 36
71 87 152
171 118 179
3 168 85
103 10 0
151 132 126
164 161 63
41 192 176
169 89 97
135 14 78
11 199 144
13
48 189 184
157 113 33
132 22 155
182 89 166
153 73 132
166 104 7
156 73 37
152 135 130
27 104 83
161 115 113
149 7 196
142 170 3
157 114 17
8
29 30 140
88 87 166
64 149 132
37 169 127
107 180 148
123 180 77
61 166 75
83 65 185
14
156 109 11
15 193 63
70 10 122
123 12 59
160 90 24
47 147 71
122 80 92
83 34 132
98 196 59
165 166 -1
135 25 112
182 130 117
74 4 16
38 93 -1
20
94 8 19
46 61 25
124 143 12
161 1 189
12 171 105
21 0 183
113 168 7
123 20 123
11 42 69
164 89 179
120 64 35
108 193 89
178 94 189
94 62 179
175 14 5
88 49 138
125 56 81
14 50 159
31 92 20
128 175 99
22
141 196 188
11 187 58
41 147 151
146 178 171
143 173 146
158 109 192
167 199 50
5 146 120
55 17 72
47 84 36
94 154 9
167 162 168
78 114 10
187 64 37
101 19 134
43 103 132
167 57 134
102 23 1
153 73 75
114 197 104
96 119 70
161 187 107
5
194 121 124
121 45 164
15 181 117
9 42 65
0 62 137
6
106 195 68
14 155 121
48 23 70
173 136 38
107 170 113
156 174 196
17
134 179 21
96 131 0
175 20 198
120 160 198
125 193 197
131 132 14
102 91 135
168 32 193
116 141 1
86 38 135
110 64 1
109 40 59
99 0 111
73 89 132
139 171 127
123 39 148
110 29 115
11
78 155 30
148 13 138
161 66 175
15 101 144
156 154 34
88 138 178
10 31 51
138 51 37
148 105 106
52 82 65
83 60 166
15
8 167 123
50 114 136
94 47 172
37 80 14
123 77 124
137 68 196
2 55 189
21 94 8
62 193 108
41 29 129
36 48 7
70 28 88
118 174 189
174 96 174
120 32 19
21
48 184 2
89 180 175
191 104 40
33 82 41
71 196 143
102 100 197
34 28 192
13 143 114
7 135 2
28 162 100
23 51 11
82 87 140
181 145 60
15 24 81
92 134 110
177 53 67
134 52 147
73 66 143
168 155 30
50 24 85
65 20 124
15
42 117 109
2 157 156
100 27 111
96 98 54
184 57 35
192 62 129
103 96 74
136 179 78
178 165 141
195 125 92
-1 162 86
146 160 104
21 7 40
197 191 155
102 30 85
17
4 126 130
132 170 55
50 103 170
25 63 118
164 187 125
55 100 28
123 189 107
172 196 21
97 70 23
9 141 139
173 23 150
112 175 35
46 179 116
168 51 81
40 131 0
38 141 9
139 12 141
3
87 45 137
95 42 12
186 137 61
10
27 159 106
172 115 78
16 45 128
193 187 77
70 104 22
71 156 158
49 141 27
147 136 149
138 174 78
104 69 158
20
80 54 11
143 56 27
147 199 149
36 97 68
179 9 40
60 138 53
197 31 44
23 102 170
99 31 191
91 65 130
117 146 125
107 89 67
166 2 76
150 141 66
160 148 155
58 143 91
75 119 26
141 186 13
49 125 165
166 188 36
5
187 196 101
112 64 23
154 177 197
155 144 23
83 58 97
13
13 9 136
180 4 119
1 30 196
110 198 159
177 155 147
36 51 170
157 108 76
194 82 117
109 185 190
109 189 15
81 148 12
193 164 63
174 69 110
9
59 83 29
-1 13 100
109 131 35
9 183 177
89 47 121
122 98 110
103 173 64
194 15 14
18 31 101
25
75 118 174
182 188 11
22 101 83
54 114 20
187 78 186
110 57 3
28 139 1
196 35 112
31 74 51
62 52 122
136 60 24
85 111 111
175 122 68
124 193 27
79 164 81
89 177 109
92 27 165
9 151 31
161 116 115
167 168 174
133 39 20
179 189 54
113 155 48
61 81 152
55 47 198
4
126 2 128
167 111 28
3 23 179
165 63 163
25
4 161 73
79 170 172
142 68 115
8 11 135
173 119 122
37 127 33
135 194 26
190 142 98
55 65 132
35 64 13
171 135 65
153 40 54
15 65 13
163 32 32
35 46 81
69 82 163
86 153 192
129 129 45
126 9 61
180 179 13
183 26 141
172 66 193
186 29 56
179 72 122
87 48 73
21
143 135 61
191 186 166
50 117 98
17 178 109
64 72 131
86 186 22
155 37 151
180 74 184
9 93 127
174 74 94
50 141 18
31 48 195
48 39 58
3 80 16
21 11 191
43 20 185
190 62 112
102 44 130
189 184 104
116 67 182
172 157 44
7
158 172 72
49 82 126
127 44 177
41 144 182
124 52 104
165 155 73
118 21 56
19
125 140 114
34 60 149
92 87 27
110 11 15
77 136 191
38 163 93
132 27 165
107 120 156
102 30 154
33 148 60
70 85 86
134 150 24
176 90 149
127 9 123
116 75 122
22 136 113
81 58 122
149 129 90
181 152 132
12
19 100 83
149 150 144
93 167 96
127 96 119
1 189 134
190 190 136
126 168 -1
176 112 140
44 159 192
108 37 163
192 9 38
123 161 146
14
193 50 66
112 196 28
22 169 10
64 113 174
122 81 193
128 119 178
153 68 73
167 9 197
74 120 121
42 59 105
119 45 94
49 149 138
117 134 104
138 167 112
18
64 181 37
104 71 151
192 157 47
148 29 61
19 99 194
24 97 109
70 187 17
109 185 32
119 194 120
140 112 129
100 118 86
69 92 163
133 35 40
7 86 91
27 -1 31
13 164 140
154 172 62
59 132 101
3
72 119 51
198 168 138
17 125 150
23
197 123 71
49 102 44
128 80 164
129 12 128
152 105 72
-1 162 17
17 18 166
111 172 125
124 120 98
64 103 185
13 113 123
63 81 163
39 75 192
87 159 127
181 135 122
5 162 118
78 37 32
187 130 154
177 16 138
176 169 199
121 139 32
190 107 6
81 136 115
8
199 53 104
193 58 178
48 180 71
147 79 20
146 111 48
151 34 102
98 79 126
136 139 193
19
194 109 20
122 68 53
128 126 191
78 187 104
197 188 76
147 104 159
114 24 26
138 62 190
113 1 178
15 158 47
94 61 18
48 121 54
35 71 71
114 65 69
20 20 128
1 52 113
117 66 36
177 49 118
182 165 125
11
18 129 186
191 183 48
172 30 167
66 45 62
53 123 19
29 69 36
197 155 36
191 141 42
117 94 15
53 78 43
153 97 16
6
64 57 114
35 103 136
199 75 142
166 159 120
101 139 -1
146 94 186
5
143 157 92
55 132 100
-1 5 82
113 52 88
88 111 167
25
176 36 27
32 34 153
183 183 197
53 29 102
31 117 48
127 11 88
113 114 102
125 98 164
176 4 143
27 164 71
153 174 196
110 95 51
173 92 94
141 188 172
64 140 93
99 87 163
133 103 20
197 96 39
68 36 17
117 84 9
103 69 185
169 73 133
45 29 153
85 128 104
101 69 13
22
114 150 113
122 154 159
191 105 140
175 163 9
141 6 24
55 153 108
31 25 42
106 27 118
64 172 198
59 101 161
168 114 24
172 16 19
57 90 2
33 11 64
163 4 192
114 98 83
64 197 1
108 176 95
104 11 90
44 46 132
8 16 24
44 79 155
10
9 162 128
44 179 100
23 120 56
67 137 62
122 166 23
196 97 79
44 51 157
165 134 1
172 43 187
88 105 120
14
125 114 153
137 89 24
26 186 1
120 3 142
127 16 63
197 27 80
61 194 127
91 4 195
64 89 149
117 54 126
23 68 191
189 0 72
29 23 76
192 40 143
18
148 154 105
143 116 37
116 45 164
120 31 54
170 93 141
99 45 47
109 107 89
39 46 60
81 186 183
103 33 47
46 195 178
168 83 157
78 105 8
147 117 95
176 165 80
70 150 31
160 20 106
191 160 28
6
69 146 56
9 3 1
163 176 20
2 82 187
9 129 32
187 184 82
20
108 199 90
114 81 77
132 52 198
92 149 103
191 9 17
18 153 101
81 57 32
122 13 129
190 12 30
70 83 77
28 163 16
101 169 16
55 107 151
78 136 88
115 58 15
17 178 174
15 184 77
88 117 119
105 4 82
31 119 81
21
48 184 163
17 191 32
181 162 112
60 124 189
29 158 101
132 117 178
154 70 114
178 184 155
143 43 35
91 149 143
177 94 151
163 92 0
87 8 112
77 12 120
80 12 176
148 83 133
182 176 74
89 180 134
186 121 81
3 188 85
97 69 150
22
164 169 138
68 120 74
150 56 26
153 198 3
0 124 134
163 55 78
74 183 67
157 172 138
115 108 25
132 106 51
177 122 167
123 78 118
196 148 168
2 23 90
149 99 139
108 100 136
42 134 88
9 155 86
171 174 116
156 186 22
169 123 125
71 151 181
22
176 65 81
150 41 190
8 88 118
46 119 171
172 52 95
189 196 146
30 107 102
7 38 26
87 51 33
198 39 46
11 197 85
6 85 171
187 196 -1
75 6 156
31 113 59
169 76 113
176 154 59
75 178 199
62 137 135
87 66 54
149 100 52
74 138 69
5
18 149 173
171 171 87
123 58 18
108 86 67
98 6 38
18
113 85 124
14 61 197
100 95 50
-1 101 53
41 74 97
157 129 61
63 150 154
106 9 111
163 178 162
199 129 60
93 134 55
117 139 108
191 180 192
108 63 75
149 183 -1
108 156 13
32 25 180
127 80 33
5
160 92 108
131 140 198
64 101 191
148 159 54
22 178 47
23
191 188 75
145 43 167
83 47 32
121 111 98
39 133 46
109 196 164
69 131 159
18 71 52
193 126 186
17 189 100
-1 112 106
31 70 31
102 175 120
58 83 193
108 119 134
165 63 71
142 31 67
25 181 192
101 110 -1
30 122 172
28 145 3
151 24 128
2 96 191
4
156 71 151
133 18 180
172 150 181
175 4 78
12
54 132 156
164 34 52
193 27 175
87 172 23
130 100 13
175 172 15
53 138 33
124 97 85
120 106 123
146 147 187
120 186 132
103 125 109
6
136 31 116
96 140 168
134 94 128
68 179 26
81 198 7
9 93 52
12
150 74 21
11 80 11
110 141 166
179 59 151
156 129 121
115 159 13
163 4 169
152 85 95
133 168 119
28 139 110
55 95 151
103 174 112
5
167 27 178
31 113 4
39 141 70
38 52 72
35 139 179
6
166 194 144
186 41 175
66 168 181
36 89 187
71 72 171
191 53 95
7
34 180 191
108 109 198
131 104 15
79 -1 159
1 182 55
159 166 153
189 172 165
19
49 50 87
119 193 113
86 73 113
28 21 85
82 44 51
39 144 117
51 5 99
140 106 83
139 151 143
88 79 106
171 37 16
170 35 176
46 145 63
54 42 79
53 32 99
15 69 107
104 82 160
7 109 129
69 29 194
24
81 146 144
148 129 190
43 95 53
8 16 32
17 160 29
169 94 193
141 13 141
182 111 109
130 149 190
146 74 29
85 92 13
109 87 159
126 135 164
98 170 42
180 31 44
169 16 120
42 142 139
22 67 196
27 181 129
16 189 53
100 188 135
101 150 16
124 199 131
52 115 194
7
90 168 46
70 143 23
17 195 75
11 105 157
31 199 165
162 103 155
175 35 160
20
40 126 171
9 67 15
193 174 -1
97 78 108
75 118 79
146 101 71
28 8 179
176 152 47
46 22 116
80 92 3
12 126 68
-1 54 40
120 151 110
153 100 38
192 110 82
49 145 27
68 24 181
148 111 25
164 136 69
102 96 68
11
148 150 134
23 172 78
97 64 62
147 62 105
165 161 130
171 199 38
61 34 19
164 -1 178
174 102 28
12 125 59
44 51 142
13
59 185 90
199 28 100
49 8 46
90 3 64
35 183 187
75 147 137
95 61 12
24 141 136
125 52 14
22 126 35
113 39 84
136 25 99
6 56 195
18
0 107 196
58 92 23
186 90 162
162 35 139
103 160 143
135 73 163
47 83 13
164 136 63
192 73 21
154 6 12
185 188 148
136 140 46
81 115 149
148 51 82
78 14 52
44 114 170
88 27 118
175 111 189
13
78 147 151
135 153 24
118 170 25
70 63 9
84 125 19
144 77 154
148 8 82
63 123 91
111 147 86
46 168 1
71 137 2
58 192 38
154 183 13
17
24 75 130
129 170 14
53 81 31
89 34 86
106 149 22
76 44 13
68 132 8
80 78 186
83 147 13
39 20 138
110 61 2
69 8 65
-1 101 185
115 149 38
61 175 6
176 59 92
8 10 5
23
157 167 51
180 123 21
17 104 181
-1 160 106
141 4 124
186 -1 5
188 90 6
105 183 185
156 109 194
45 19 64
44 149 116
74 152 180
22 137 62
96 183 184
72 154 162
145 29 58
149 145 62
103 90 186
-1 23 131
115 100 85
197 117 49
80 199 2
13 168 134
3
101 28 87
144 32 1
28 130 22
21
162 175 129
162 103 48
122 115 170
32 45 152
62 163 119
22 52 48
110 92 77
105 116 12
193 60 27
17 82 98
48 9 179
107 120 15
42 113 53
2 139 60
1 34 123
158 172 168
62 67 24
116 116 6
17 76 144
80 76 51
135 139 3
13
110 192 68
125 159 67
21 108 63
74 122 126
37 19 41
91 3 106
41 66 87
89 172 129
139 175 153
99 113 11
0 188 161
99 180 166
199 157 131
13
141 40 16
36 69 72
196 95 116
66 196 183
198 169 93
64 2 34
103 119 135
117 87 142
8 197 168
71 119 195
25 19 12
170 24 186
29 67 149
23
159 9 140
183 184 189
85 198 110
50 52 23
116 91 172
51 60 123
149 58 168
91 180 52
80 37 7
170 151 115
31 41 30
165 40 90
192 170 4
22 106 93
50 82 112
8 188 182
188 173 95
11 147 52
24 17 90
104 134 51
173 172 34
146 78 25
103 138 110
5
1 106 21
0 64 178
58 71 63
194 160 189
68 24 77
11
182 109 73
193 1 112
8 158 195
101 159 87
195 116 93
22 66 165
155 111 42
183 69 92
49 120 59
92 156 184
180 60 15
13
114 157 45
118 123 43
20 147 145
65 167 113
194 58 180
146 173 19
79 160 80
96 77 88
8 72 177
19 180 125
194 156 13
184 -1 57
97 97 16
23
30 81 191
181 61 197
21 185 57
176 95 107
75 127 147
181 70 169
164 151 109
172 24 90
101 173 16
177 111 152
58 59 182
193 74 82
2 4 108
156 77 122
7 3 89
117 92 85
5 119 130
76 76 184
25 160 -1
137 144 54
125 40 67
156 106 160
181 52 40
5
139 147 125
27 134 85
70 118 131
78 29 0
39 181 130
20
185 168 45
177 145 141
18 83 128
1 11 69
21 76 163
44 45 4
66 97 17
141 31 74
45 69 168
39 105 141
149 165 136
147 172 5
154 32 75
169 113 153
-1 125 25
111 -1 6
102 83 141
81 131 27
91 70 105
9 58 85
17
34 94 88
121 189 151
6 81 0
160 15 97
45 22 54
150 71 105
58 32 123
50 199 175
162 2 12
40 175 35
19 107 15
194 147 107
88 50 7
70 17 59
196 80 55
138 78 141
67 89 4
3
174 133 165
31 157 45
72 41 118
12
158 77 77
70 187 29
131 123 46
140 59 192
34 165 127
110 43 42
62 35 147
130 96 149
-1 152 180
167 8 144
183 3 152
51 20 23
14
159 5 110
158 89 55
169 191 188
152 156 2
191 82 177
21 102 25
54 197 36
177 112 135
58 75 196
121 124 98
11 52 113
96 174 52
99 29 113
8 28 154
21
48 62 179
11 172 136
126 196 11
5 46 87
137 64 41
54 105 97
100 183 165
43 102 34
109 143 28
5 115 8
87 67 140
146 62 155
42 164 48
196 104 150
10 130 149
77 86 142
191 131 18
108 107 123
117 97 62
176 1 35
156 130 115
13
48 51 43
138 4 23
144 170 149
86 176 60
30 154 0
129 32 118
150 104 52
119 50 43
112 166 39
34 197 26
104 185 31
140 156 62
181 96 68
15
148 134 176
137 72 92
155 84 179
81 97 7
4 185 122
52 66 189
159 128 119
39 121 151
31 60 42
140 199 87
87 124 169
10 8 39
94 70 138
111 84 1
3 7 126
5
145 145 180
191 153 165
157 8 100
89 127 155
171 15 167
4
66 0 94
5 70 61
173 189 159
73 195 186
10
127 108 55
12 146 117
89 20 133
157 191 118
67 157 181
9 58 28
3 142 158
14 170 192
194 140 190
139 195 191
15
60 124 129
155 91 20
89 72 173
33 157 134
11 135 150
163 187 165
146 117 154
61 194 74
160 120 103
5 110 175
152 105 177
69 23 70
96 45 143
45 104 46
-1 130 140
13
51 84 21
126 131 61
153 172 5
77 24 178
1 76 189
146 190 197
84 3 143
21 109 175
130 98 32
39 152 45
35 102 156
55 72 182
27 51 159
4
176 172 -1
184 148 164
15 162 31
158 109 111
15
73 101 165
94 163 160
153 134 49
123 163 91
48 34 74
197 52 52
143 163 108
110 186 148
87 129 59
62 2 129
34 161 199
108 23 148
47 93 135
186 127 131
81 153 70
5
115 7 193
83 109 101
35 37 17
9 109 50
197 131 50
7
59 193 168
51 35 148
99 181 128
133 32 179
126 23 131
58 55 127
127 15 152
11
163 177 14
86 99 166
94 35 12
14 34 97
19 22 116
160 136 26
105 75 148
86 19 167
116 77 103
87 130 142
140 91 24
12
173 13 182
73 154 16
190 169 105
153 23 121
104 105 164
49 3 158
-1 28 114
94 19 69
130 17 95
199 34 14
152 189 56
123 177 15
24
135 100 176
131 52 117
131 196 116
56 132 20
166 125 95
11 21 73
158 40 71
4 130 29
145 129 199
8 136 65
90 180 76
101 111 66
43 144 75
39 85 0
65 137 84
113 199 37
80 183 150
137 72 28
11 107 106
35 52 120
110 176 3
91 159 92
0 130 103
61 78 36
5
123 115 48
68 117 77
18 133 51
93 95 125
155 180 109
22
153 13 11
180 99 153
104 105 168
23 94 124
167 6 154
18 175 18
65 177 101
197 151 142
48 175 149
45 119 48
88 97 199
66 48 103
147 74 75
20 79 60
53 33 170
45 8 123
174 144 120
144 9 37
188 82 39
40 18 85
182 128 88
-1 185 50
22
103 6 42
30 132 37
36 126 109
65 56 98
142 180 46
14 29 51
42 138 149
184 182 86
91 134 98
95 103 114
156 91 12
160 61 37
22 8 164
20 60 21
25 0 64
145 154 59
133 10 14
74 196 21
119 139 5
122 122 111
183 17 68
2 104 83
20
92 46 58
133 21 96
63 131 136
121 141 142
73 127 25
103 158 192
141 99 145
69 132 39
119 189 29
72 7 196
99 70 74
21 89 133
151 183 83
97 154 12
50 162 109
83 196 141
145 25 6
20 83 9
95 111 42
66 18 65
12
15 157 66
173 58 79
1 19 91
157 54 96
155 5 55
164 104 97
66 3 18
3 116 123
147 189 26
5 172 38
113 102 142
129 170 27
25
44 162 169
162 173 98
129 84 46
22 81 85
115 105 151
189 40 113
86 46 47
24 137 145
113 30 159
36 75 11
36 64 82
73 28 30
172 151 94
70 79 19
183 70 39
139 -1 110
100 114 32
157 30 36
47 183 15
177 26 23
34 120 7
154 10 141
44 160 161
104 52 79
173 148 2
3
191 181 196
93 70 180
188 74 146
6
94 11 25
66 11 167
59 181 157
10 40 81
106 62 37
67 75 95
19
198 5 102
127 79 182
180 168 110
62 178 166
104 173 147
130 168 99
199 16 112
58 68 150
75 3 77
59 7 62
9 31 143
76 189 42
184 70 100
199 98 55
157 40 198
150 195 123
124 83 113
149 146 79
120 40 194
16
42 135 50
92 19 189
145 184 64
21 16 13
44 144 109
107 101 58
105 72 192
90 48 126
135 106 98
106 90 74
73 136 101
53 44 115
75 9 114
81 22 24
110 159 81
79 165 102
14
77 174 127
152 187 147
12 178 124
128 169 135
13 66 187
85 88 25
84 173 134
150 169 198
81 41 164
131 70 16
91 17 18
75 5 29
23 170 134
194 97 69
25
28 130 73
50 23 63
126 114 61
3 183 131
177 46 58
80 71 132
92 43 69
119 140 167
194 93 168
197 92 198
94 124 29
153 28 163
1 84 59
110 81 135
98 143 48
174 8 56
12 178 186
17 143 27
83 28 2
82 170 40
195 63 -1
131 137 52
81 106 31
3 93 58
164 83 12
18
75 127 50
73 153 198
101 190 -1
182 102 138
142 171 44
164 154 151
118 102 60
179 81 190
99 149 197
195 43 37
123 179 129
195 74 139
187 151 150
97 194 183
-1 165 188
112 187 190
97 134 175
112 144 35
22
178 160 123
69 70 5
30 87 110
90 172 94
56 135 93
121 107 31
192 163 131
186 174 106
37 97 13
156 40 165
68 39 127
58 143 171
75 86 88
4 46 197
165 120 158
122 5 87
42 140 26
136 70 126
123 6 134
183 161 22
115 154 15
69 192 113
25
28 178 103
111 90 67
155 134 141
99 199 61
55 195 193
179 171 162
41 45 54
139 140 93
33 188 19
-1 196 20
71 179 43
31 170 6
18 49 135
10 116 196
63 113 150
137 191 75
115 125 6
114 144 49
190 52 56
116 73 31
130 18 73
88 92 128
93 19 161
110 50 180
158 51 143
19
151 58 127
188 122 97
23 135 120
77 129 103
24 5 6
35 45 142
39 178 70
18 100 175
159 151 168
189 38 194
88 26 93
155 121 137
73 84 75
6 76 197
199 170 95
37 2 140
51 195 175
127 49 151
179 39 143
23
53 130 52
11 25 23
126 39 7
9 36 80
-1 69 102
107 58 91
5 180 67
103 109 74
128 82 144
118 80 146
141 13 38
122 42 194
22 151 66
27 79 177
132 13 20
184 161 147
29 79 65
45 69 50
14 61 74
183 178 145
4 164 53
84 182 22
160 195 104
5
66 102 -1
76 144 133
38 1 2
9 7 132
123 133 149
11
1 167 8
73 53 53
136 13 46
3 49 131
101 6 44
87 179 75
1 192 6
132 86 36
106 117 45
51 91 195
69 60 99
17
30 196 44
120 172 54
21 43 67
1 113 142
98 150 177
20 126 24
7 170 117
117 180 60
98 129 115
53 111 35
164 88 78
68 48 142
157 166 92
75 83 8
152 42 139
185 3 59
168 6 169
18
49 153 45
126 61 190
155 81 133
143 128 7
130 94 117
176 91 132
22 183 153
184 3 85
146 166 78
93 21 171
130 23 37
169 44 108
138 161 199
81 96 8
55 86 192
137 117 41
156 127 27
90 66 153
20
58 68 110
80 28 114
186 148 109
60 76 126
144 139 123
81 186 44
124 92 82
108 186 44
47 124 147
16 166 93
121 55 142
43 95 157
35 113 40
185 188 79
172 49 0
61 174 17
178 101 32
111 167 34
50 159 182
149 18 65
20
80 5 26
25 8 25
89 1 14
116 125 96
26 176 168
174 -1 177
6 48 66
176 80 120
22 131 74
119 13 84
165 189 148
51 59 175
164 107 68
114 167 126
102 65 15
104 197 83
28 120 95
105 6 170
43 41 25
96 48 94
17
92 194 171
37 28 74
186 165 0
95 39 55
167 57 91
97 71 14
154 158 135
65 160 50
166 154 128
114 124 98
37 136 46
155 195 41
148 104 38
19 12 33
175 120 8
161 158 186
17 35 144
21
81 167 37
150 180 40
63 38 167
196 156 196
29 81 2
79 140 50
105 68 184
147 34 133
106 69 62
129 134 163
52 98 188
195 52 81
26 147 173
173 128 99
186 166 30
52 163 180
70 80 81
50 14 131
20 185 67
199 50 17
34 48 162
17
64 27 35
172 109 29
44 14 95
12 11 27
91 17 47
191 49 56
161 131 81
51 118 53
10 65 124
44 93 28
48 172 17
195 113 106
22 197 42
134 174 -1
180 85 155
89 199 117
38 167 186
11
33 22 168
173 135 121
73 109 4
127 66 139
174 41 38
48 198 94
43 167 14
78 133 106
175 133 164
111 179 29
134 1 163
14
55 119 170
59 9 34
197 76 116
59 119 93
164 77 166
115 64 149
171 107 199
3 62 92
152 110 198
165 160 132
84 169 63
113 111 44
46 82 116
88 160 191
14
49 102 94
133 179 146
33 35 144
157 171 144
47 103 109
82 92 14
140 14 87
98 128 55
167 81 187
39 12 79
18 53 34
83 188 87
94 142 117
166 170 112
18
173 108 58
57 52 99
106 157 127
28 100 87
128 135 110
8 168 188
98 89 120
141 112 53
45 120 158
178 173 40
179 167 168
182 115 186
94 160 66
156 19 0
87 146 139
74 11 77
26 123 12
68 72 160
20
3 161 69
15 50 137
140 153 184
90 53 59
79 65 47
107 102 23
5 42 14
135 153 129
12 53 182
20 173 24
87 147 110
184 181 160
142 166 78
165 86 153
140 198 101
119 155 169
145 82 159
41 193 195
140 167 88
198 61 14
20
30 109 42
139 139 77
27 39 144
121 78 147
169 127 21
65 128 138
51 109 5
39 105 140
123 183 134
7 116 153
158 63 7
98 199 23
112 91 2
34 118 187
137 42 176
125 32 97
188 24 110
13 109 0
124 127 50
32 114 118
9
120 192 16
55 25 173
64 139 168
146 44 12
96 32 45
9 104 152
56 123 70
41 177 15
48 41 176
18
164 186 172
28 23 24
169 3 132
69 58 53
112 188 167
60 30 84
104 134 73
193 154 157
21 42 96
166 136 172
137 5 44
54 94 29
53 87 87
136 127 162
81 34 72
66 195 37
131 65 147
14 181 18
7
146 32 106
170 178 138
68 26 42
10 112 23
127 137 50
91 84 87
97 63 73
19
7 28 97
8 18 11
186 137 98
86 12 158
109 106 132
18 91 103
121 187 50
40 54 109
85 162 91
190 114 128
181 10 159
35 -1 35
107 110 106
140 31 170
158 25 102
158 49 175
54 196 142
44 81 115
110 186 1
5
142 6 117
180 12 144
99 153 47
145 108 170
106 155 163
22
165 137 93
176 22 164
14 42 121
176 14 116
148 127 196
126 180 49
183 165 193
115 46 57
173 100 117
179 154 78
27 102 89
126 79 142
82 125 168
150 25 26
135 130 2
166 46 181
173 72 163
153 80 190
78 144 20
131 105 181
101 82 143
129 48 138
11
116 31 25
172 170 161
128 105 80
153 88 143
6 62 173
129 158 118
186 108 31
32 130 144
168 92 161
175 39 113
7 49 160
13
75 0 166
34 23 32
192 154 12
39 69 183
84 113 166
18 152 20
158 3 23
1 50 198
124 173 41
170 174 100
97 61 148
35 194 66
122 40 162
5
181 88 152
5 99 37
136 29 93
196 13 85
5 159 4
4
162 62 -1
6 24 34
26 111 61
101 180 189
19
195 -1 175
104 126 139
39 132 25
150 12 69
14 85 32
31 29 131
140 26 76
113 33 93
5 81 186
13 74 16
198 167 0
65 178 180
10 98 97
18 25 27
87 28 60
124 91 176
168 164 64
4 120 159
13 177 32
3
199 91 78
63 86 107
91 97 62
22
141 142 145
111 104 109
195 150 57
164 96 161
143 137 148
71 26 126
132 167 31
9 21 24
116 186 163
99 174 133
75 167 128
170 18 129
135 19 63
106 131 89
42 69 177
88 142 91
167 82 55
179 56 89
43 41 60
132 13 138
184 126 180
122 26 1
9
40 187 20
130 5 -1
62 187 163
186 167 25
174 19 102
195 2 197
34 199 118
149 126 161
185 58 43
4
183 112 144
34 160 184
48 27 45
-1 195 138
14
59 179 17
122 151 175
60 9 198
188 33 -1
95 198 152
64 82 89
132 195 141
127 83 170
18 184 62
139 196 80
174 115 114
127 186 63
120 16 48
-1 92 152
25
149 7 -1
1 168 186
75 6 49
80 163 185
54 136 135
128 87 43
167 161 183
156 178 84
4 129 82
160 11 66
24 43 171
147 70 48
165 149 173
136 143 23
153 15 170
44 30 3
119 31 11
128 50 67
45 15 17
187 51 172
105 88 40
63 156 38
114 178 118
84 76 101
119 11 107
24
154 55 118
45 164 7
40 164 8
88 76 41
28 81 71
2 91 121
61 198 151
199 76 71
86 190 34
196 127 116
94 125 33
110 37 87
2 19 106
104 98 173
71 109 191
20 183 36
177 49 90
121 56 112
114 48 161
104 28 146
27 17 48
88 76 85
82 63 3
46 107 1
14
180 14 138
185 184 189
194 0 173
118 125 69
0 5 29
153 173 65
168 121 140
111 163 44
119 59 130
196 65 160
36 156 89
143 81 118
70 197 157
48 10 160
5
16 185 196
41 101 165
102 61 11
140 132 135
109 18 74
20
23 116 111
93 126 106
135 58 84
173 74 39
141 92 181
52 87 114
199 154 14
177 102 92
45 135 99
135 25 86
117 63 150
43 65 160
130 22 166
183 175 36
167 91 65
81 164 199
24 197 102
12 107 49
128 105 173
190 172 17
16
42 175 143
108 126 117
192 102 122
117 43 117
197 169 42
108 71 126
94 147 191
27 116 71
158 34 90
45 149 143
120 80 62
182 196 123
131 170 69
73 15 111
94 111 3
19 44 8
24
12 153 88
85 189 114
57 130 168
23 7 191
190 161 63
17 146 80
96 111 193
130 87 20
17 163 52
37 10 52
56 144 -1
34 129 100
172 12 26
175 133 10
175 120 174
136 66 12
99 89 192
30 188 23
182 66 10
181 28 47
29 59 157
148 186 198
188 110 3
192 151 57
18
196 27 41
55 38 107
189 28 155
199 82 41
151 101 93
121 129 154
14 80 149
76 143 192
140 133 72
147 76 122
24 97 150
141 11 52
67 144 77
78 85 3
129 14 79
80 81 102
86 112 57
152 160 77
3
187 134 22
7 182 45
158 133 73
17
89 196 83
169 31 195
100 72 137
188 91 113
67 181 154
173 189 194
194 66 181
160 148 89
20 4 9
172 160 108
30 119 151
47 196 96
194 59 167
79 10 153
197 123 138
186 146 34
175 0 61
10
151 166 185
96 24 78
164 84 78
65 137 187
182 46 53
128 117 134
155 26 180
35 9 29
192 168 149
38 96 29
6
10 36 80
132 56 79
182 138 7
49 3 190
40 142 53
135 112 40
25
178 182 110
123 137 152
172 165 96
90 168 129
66 189 1
60 80 125
13 125 45
85 156 8
91 19 90
93 76 39
-1 98 155
182 146 76
27 22 103
169 71 134
16 97 111
52 181 5
69 102 183
186 84 183
143 64 160
119 154 146
66 154 109
87 145 85
147 76 161
169 197 80
134 27 1
5
39 105 145
77 162 26
42 163 99
199 67 61
190 95 178
6
154 94 0
181 90 81
130 184 76
41 166 91
148 176 21
196 77 78
13
14 8 109
5 5 38
14 34 142
59 188 138
155 197 120
75 7 125
119 116 62
86 192 159
123 186 94
92 48 161
115 63 52
78 196 129
95 164 67
8
161 85 99
145 85 25
197 182 108
65 6 115
120 91 70
151 27 67
191 190 167
197 80 134
15
35 196 176
44 139 193
123 45 75
56 34 64
173 133 106
162 140 109
103 167 20
21 148 65
131 40 179
174 135 124
78 170 46
198 85 153
88 2 51
193 151 15
68 52 61
9
173 8 90
185 138 63
130 57 46
3 138 138
129 164 128
118 117 185
196 88 116
197 84 139
166 4 167
0
