100
1 0
2 2
2 4
2 7
2 27
2 63
2 74
4 88
4 93
6 39
8 6
8 31
8 40
10 12
10 48
10 81
12 18
12 46
12 89
14 5
14 43
14 45
16 75
17 48
18 4
18 38
18 48
20 13
20 38
22 12
22 21
22 45
22 73
24 42
26 26
26 73
26 77
26 80
27 94
28 24
28 47
28 48
29 58
30 31
30 62
30 76
32 1
32 10
32 68
32 70
32 81
34 19
36 53
37 4
38 2
38 30
38 34
38 42
40 6
40 63
42 45
43 1
43 51
44 13
44 59
44 62
44 64
44 94
46 55
46 88
47 45
48 26
48 42
48 47
48 79
50 62
51 96
52 15
52 42
52 75
52 79
54 51
54 55
54 69
56 65
56 70
58 1
58 13
58 55
58 56
58 66
60 41
61 91
62 21
62 46
63 65
64 1
64 21
64 38
64 100
