0.0499
0.0617
0.0496
0.0683
0.0475
0.0606
0.0516
0.0570
0.0551
0.0177
0.0526
0.0465
0.0534
0.0436
0.0394
0.0000
0.0471
0.0697
0.0226
0.0606
0.0554
0.0474
0.0437
0.0467
0.0508
0.0543
0.0521
0.0543
0.0482
0.0587
0.0539
0.0483
0.0413
0.0356
0.0329
0.0531
0.0619
0.0542
0.0383
0.0475
0.0549
0.0505
0.0485
0.0553
0.0480
0.0551
0.0548
0.0556
0.0570
0.0463
0.0530
0.0656
0.0513
0.0807
0.0552
0.0479
0.0272
0.0456
0.0528
0.0488
0.0359
0.0552
0.0511
0.0399
0.0595
0.0483
0.0456
0.0364
0.0461
0.0066
0.0556
0.0514
0.0454
0.0571
0.0442
0.0408
0.0473
0.0481
0.0492
0.0523
0.0389
0.0488
0.0445
0.0431
0.0473
0.0551
0.0536
0.0085
0.0609
0.0518
0.0439
0.0511
0.0493
0.0529
0.0466
0.0504
0.0523
0.0556
0.0471
0.0524
