477576 495008
118120 169456
87876 119970
148918 416294
76635 668581
599289 993484
352225 822969
15408 17154
294895 432759
4431 6482
587460 590183
279471 879166
215522 547144
676611 968752
389383 411216
380778 999379
12146 21518
236625 361782
4914 41671
591355 762434
35170 90133
27509 199119
68568 337307
319546 735480
243762 488902
593120 678422
76447 220222
141431 240234
574198 666740
27630 524839
808377 886848
117548 533234
566192 725754
30268 82556
176320 189442
73178 510378
93717 117259
73107 225379
22777 442121
193328 740982
58007 219171
8353 42809
464144 493341
8220 239461
452982 524731
275791 787092
159965 321220
537238 836296
340403 731692
111267 847101
37927 280192
224736 233411
312959 583327
111021 368367
522964 935999
187401 989172
439660 561455
135109 143617
683295 831373
357870 763931
73122 180081
214230 800386
166422 387699
54659 580977
16880 71883
30831 73227
305970 785556
147710 265876
615614 798130
576640 910680
129613 292646
501925 922001
274357 448182
757206 941598
53837 481398
214441 668361
104796 256550
151638 195482
359866 621778
224955 796342
138200 204535
55890 78439
204897 208909
316564 391675
26154 527612
51517 257518
197942 234908
168205 190708
137950 277839
120928 478995
155422 354185
912355 969770
164628 648805
163918 287686
351067 458060
314169 513298
857 469947
189067 201740
806121 968754
64948 718597
0 0
