47 13
-27 46 39 -3 -34 -26 13 14 -12 -15 16 23 -26 46 17 7 1 -32 20 -42 16 41 -10 13 12 17 -18 -50 -37 -31 44 -48 -36 32 -35 -19 22 -6 11 26 30 43 -1 20 38 32 43 -12 16 12 -38 -18 -31 3 11 31 36 44 -2 16
38 50
18 43 39 0 -27 -24 44 0 19 23 -8 -33 -41 47 15 -49 -16 -20 14 -37 -22 33 16 40 -21 -33 -1 -7 33 11 34 -33 -31 -12 17 -41 -19 -24 9 50 16 18 33 25 14 -3 26 14 -7 -45 27 22 4 -42 11 34 43 26 -24 -9 -48 27 8 -29 31 41 -20 28 -33 6 -7 33 -27 -25 7 3 -12 49 -34 32 -46 10 3 8 -16 30 -43 -24
48 37
18 7 -7 42 -6 40 33 25 18 16 -20 -40 -36 -31 -48 -13 22 -10 -15 4 38 -45 -37 -10 14 -2 36 21 -10 -44 -13 -43 -21 30 16 24 20 -2 -36 -13 30 -6 -37 44 -21 -35 47 -50 -28 -19 4 -41 -13 -16 -34 17 32 -49 -47 38 25 -9 12 20 37 -23 -7 6 -9 -27 9 -30 17 -11 30 12 4 26 12 -8 23 -34 2 26 0
10 8
48 -15 -38 1 26 -31 -38 -4 -45 -11 39 -22 30 29 3 16 -5 42
21 1
-38 37 -15 4 10 -33 -45 -49 -17 -11 -40 47 25 -28 -2 0 -9 10 46 -38 16 1
14 14
-21 44 28 -10 1 -28 -37 13 26 -35 34 -49 -18 39 -48 16 45 29 12 19 -50 26 35 -43 -14 -3 37 18
34 48
29 9 36 6 15 -47 -5 -5 -18 -30 10 -35 38 8 21 40 -27 15 19 2 50 -15 -23 34 -41 -21 47 46 47 -24 38 26 35 -10 48 -34 -7 -8 11 25 -22 37 7 -35 -6 -23 -45 -16 8 -10 36 7 -9 29 -44 -34 -42 -47 -39 21 46 16 -4 31 -45 -40 13 -36 2 -27 5 31 -41 -39 46 -31 -46 17 3 12 23 -46
45 30
34 42 47 42 11 -42 -22 6 -10 -9 -48 -5 1 15 -25 -48 38 30 -1 13 8 -39 -1 12 -6 -49 -26 -33 -44 -42 14 40 16 10 -3 -24 -16 -9 33 24 32 35 35 -18 -34 -41 -15 20 40 0 -17 -37 11 -2 25 -45 -1 15 39 -29 -10 2 27 -45 28 40 -18 -38 -19 31 36 -38 -19 21 -5
44 49
-4 -33 -15 46 -34 -36 -27 14 6 45 -38 -30 -1 -50 -24 17 27 49 -6 17 47 6 48 27 -42 26 -43 29 -30 -29 -26 -18 -12 -24 -22 4 -10 -33 -33 46 28 46 33 -24 12 -42 9 -11 23 -48 22 19 -25 -15 -5 -17 -40 -31 -39 -19 -10 -49 13 28 -23 7 48 18 -10 31 -21 -33 -8 -39 -41 -46 37 18 -7 9 -13 -36 -22 12 -1 -11 45 -25 8 22 -28 14 23
3 26
17 -42 -46 -50 -35 35 -21 -18 -23 -43 -42 -19 44 -8 -10 -32 29 -30 -4 -44 -15 2 -50 10 26 -12 33 -10 28
4 35
-6 -42 2 -6 -27 -48 23 -28 -21 30 -20 -24 -11 22 -18 8 -33 2 20 -27 3 -29 41 -37 48 -22 12 -13 22 46 0 -35 20 -49 -25 44 -46 15 -35
23 39
-39 43 0 33 -26 24 16 -7 -7 40 46 -19 -4 25 -22 -10 -48 -19 -38 14 -3 -23 -16 -1 3 -23 -31 -33 -42 35 44 -31 -7 -7 18 18 -34 -16 27 -24 40 -12 7 -15 30 1 25 32 -2 3 -4 45 31 -4 -41 50 23 -22 33 -3 30 26
20 38
36 50 6 -49 50 49 44 5 -13 0 40 -34 17 -19 14 -36 34 26 -41 -20 -29 -32 46 10 -37 28 -44 9 4 -12 31 -45 -12 -47 -44 -47 -49 17 9 -12 -34 -36 -30 34 -39 35 48 46 -24 23 42 -2 8 38 -43 21 15 31
6 6
-32 26 40 -28 29 13 -24 31 -21 35 35 -39
36 12
11 27 -28 -25 -12 -2 48 -21 46 5 -34 -47 42 -2 34 37 49 18 -21 5 41 24 34 33 -30 -38 -17 -45 40 48 -7 1 24 15 26 -39 -38 23 -43 -42 45 40 28 2 -13 -23 -45 -48
31 6
7 1 24 -10 -17 45 -32 -18 16 -43 -20 -42 -26 20 23 50 -2 1 -11 -29 9 50 -40 -14 1 -36 13 -28 -34 -26 -28 -11 25 13 -5 25 -27
44 2
39 -14 -48 13 -23 -11 -49 -24 3 2 -19 24 28 -20 34 30 -2 48 -41 20 -37 -17 9 -32 -43 -29 13 -2 -6 42 -29 49 45 -27 -23 -29 -22 45 -37 31 -4 -5 4 40 -9 -46
32 32
-49 29 -25 32 28 34 50 1 21 -21 50 -36 -30 -30 29 -36 -41 -45 -49 -12 50 -35 -32 -39 10 -11 18 -50 -7 -13 6 -40 32 31 42 9 -20 8 -41 -50 37 -42 31 23 45 9 4 -46 -20 5 -8 46 -14 -24 23 46 15 -10 13 -43 27 -32 -32 -26
4 6
33 11 50 9 11 2 -17 -43 42 -22
13 31
-18 -22 16 -10 -27 -48 16 46 14 48 -14 43 -46 29 27 39 -47 -43 -19 2 18 -20 27 45 -1 -40 -49 -10 -12 50 35 -14 -23 -34 -8 0 35 -43 -38 -1 -46 -2 -43 26
22 39
-20 12 42 -23 -36 -24 -26 41 -30 23 17 -28 -38 21 -29 13 23 -1 29 -36 15 14 39 27 29 9 41 36 -50 34 -14 -19 -5 45 -26 -25 -30 -2 33 -10 -30 -1 -22 49 -30 -34 11 43 -19 -44 24 46 20 12 -11 -36 -30 -21 16 38 29
14 31
-26 13 -42 -35 -1 7 48 5 -7 -3 0 -8 -17 16 19 42 47 25 15 8 -40 43 47 -26 -37 43 41 -50 21 -25 35 11 4 9 27 -48 32 -10 -27 -25 37 23 -17 36 -12
25 20
-16 -7 -42 9 3 -49 5 -6 31 -37 -50 -3 35 -25 -19 -39 29 6 38 -3 -12 -22 20 13 31 -7 12 -17 31 -21 27 32 -12 35 -10 42 2 11 -49 -18 25 -49 29 -25 -24
6 6
21 -18 41 -33 20 35 37 49 15 -21 -24 14
33 24
-10 -26 10 42 -20 -33 -7 7 -32 26 -19 -31 -30 -28 -39 47 9 32 45 -1 15 -20 -17 1 45 14 -3 -30 -22 40 -43 -16 -37 17 -25 -41 34 19 16 18 -40 14 3 47 36 14 9 -6 -39 3 9 26 -1 8 44 -7 -28
38 31
-34 -21 -13 0 -42 20 -8 34 4 27 -1 38 37 -38 -9 -1 15 -46 -42 25 33 11 -16 8 27 42 -33 -31 30 7 -35 46 2 2 -38 -24 38 4 -41 -43 -20 9 46 33 -13 -14 -19 -49 -44 -11 27 39 17 27 -37 -7 18 -20 -22 -36 4 -7 -41 -45 11 38 -18 -1 -9
34 50
-13 16 -33 -31 -47 3 -33 21 -24 -28 -37 -36 5 40 44 48 -26 41 43 -12 -6 -15 -37 -35 13 -49 -37 28 -42 -29 50 -4 37 -33 -19 6 -14 -36 -23 12 -13 -10 -7 8 47 -14 6 -30 43 -2 8 -48 -1 -13 -32 28 -46 48 5 -37 -32 5 -25 -45 22 -28 -23 24 -13 4 -14 -10 11 29 48 7 31 -31 27 24 -17 -50 -8 -1
1 43
-24 -42 -26 32 -29 -8 -48 -38 -37 -10 -16 -9 -37 -13 11 -1 -7 38 44 -43 -6 25 43 37 -36 -24 3 6 25 7 33 17 15 -44 -36 2 -2 -34 14 -22 -28 14 19 -14
45 39
1 -40 -33 -5 -33 -23 36 27 31 50 -48 50 -29 -7 6 20 -41 37 26 41 -46 41 -44 -16 -32 -21 49 37 -19 16 32 32 -8 15 43 -24 9 28 -48 -11 -7 -46 -46 15 -37 11 -16 39 -37 27 29 -32 17 2 2 1 31 -34 -47 28 32 35 9 41 -34 2 -34 25 46 -32 30 -11 39 34 20 -49 -40 20 6 41 -38 -15 25 29
44 13
46 -17 -41 49 27 7 0 -15 -3 16 3 13 -44 -35 -3 2 -30 -15 -49 40 -48 29 -25 9 19 -12 10 -41 33 -38 -49 29 -39 -40 27 38 -16 -24 39 31 8 -8 -40 14 -27 7 32 -7 9 34 49 11 12 -27 36 47 -23
8 11
-40 7 -44 39 -16 34 -19 -29 34 -26 -40 -20 32 -32 -10 -38 -43 14 44
44 22
-7 -2 -1 21 -13 -15 17 15 30 -12 -9 -47 -39 -21 -47 11 -24 -25 -6 -34 -49 24 49 36 31 27 43 -6 -14 -8 -18 -4 6 -3 -34 43 32 0 -27 -22 38 14 48 15 9 -50 -25 36 42 19 18 43 -41 16 28 40 -42 -14 50 -39 28 48 7 50 -6 23
26 22
39 32 -30 27 -38 -33 -43 21 34 -17 -28 26 18 41 -16 27 -28 -38 -18 48 -2 48 -42 43 45 15 8 -45 -47 -34 48 43 15 34 -15 27 -50 -8 -37 0 -9 -48 -25 -41 43 10 2 31
27 10
28 2 32 2 -40 -7 33 19 -36 3 35 -39 -39 -1 45 -38 42 11 4 -45 -40 12 -43 -48 21 16 -22 -28 -38 -18 23 41 34 -29 -42 11 -20
38 50
-6 -40 -37 5 -29 -21 -35 -17 -30 26 3 42 2 -36 15 -30 1 -20 -2 -10 -7 -4 -38 50 -20 50 -43 41 -21 15 36 23 25 15 -23 12 44 -42 45 31 34 -2 -12 -48 -22 -47 39 30 -17 -47 -31 -8 -1 48 -9 -5 48 -35 -49 -24 -4 37 16 38 2 9 -1 -39 18 -40 8 -33 -26 47 -31 2 50 -42 -19 49 -39 -34 -43 -24 -36 -2 22 28
2 29
20 -8 10 -15 46 -39 45 -40 39 12 -30 -3 29 -6 -41 15 13 -42 -11 10 23 -34 27 30 -8 7 45 -37 -50 40 37
13 22
-38 -45 43 -27 16 -47 28 44 40 -26 -12 -16 -17 19 13 -43 -43 -28 -3 40 49 43 -18 -29 37 -5 -29 -7 48 42 -10 -41 13 -17 49
48 28
27 38 42 17 42 42 17 11 4 -10 -16 27 3 -26 25 -4 6 13 49 17 34 -9 -19 -9 -2 -44 20 -3 -45 14 -1 -2 -33 -10 31 -41 -18 -37 -14 36 4 20 12 -44 44 -47 -32 -35 -18 -33 -1 -35 -26 30 -27 22 36 43 -32 7 -27 17 21 -10 24 2 -35 22 15 1 7 35 38 36 8 -3
43 28
-21 3 9 28 18 34 -27 7 -29 25 0 -10 49 23 23 19 29 -38 37 45 34 2 -39 -43 -48 49 9 10 -38 30 -48 -9 -18 11 -32 16 -40 -43 -27 -18 32 23 -12 -4 -39 27 -35 40 40 -49 0 -11 -31 12 -4 39 -24 21 -2 -12 0 -34 29 -2 -6 13 -36 4 -14 -13 2
2 16
40 -20 3 -17 -5 -8 -28 -37 43 -23 49 4 24 37 -4 -6 -15 35
18 9
-21 -42 11 9 39 32 45 -25 50 29 17 6 26 -31 39 -30 -22 27 50 -30 -47 49 -10 27 35 36 38
35 20
-36 20 16 39 -20 -26 28 28 35 19 28 14 -14 -17 -11 -29 38 -25 -35 14 42 -15 17 40 -9 -40 -10 44 14 43 46 28 12 -23 16 8 -33 -41 -14 -48 29 30 -18 31 29 -13 18 16 12 34 -21 -31 35 46 25
6 32
-35 36 -15 -43 -3 29 -15 25 -5 43 42 -30 -22 44 49 24 -25 -5 2 12 -37 -33 41 47 -38 26 -3 25 1 -11 -4 -18 -26 32 -11 -12 10 -10
43 43
-18 -47 8 -23 14 6 -50 39 18 -31 -33 31 -14 24 -7 -35 -35 6 40 16 46 -15 48 36 33 -48 -27 -41 -8 -15 -4 -9 -45 -47 18 19 -24 18 -27 44 37 -10 -10 40 30 -1 -46 46 -46 44 -23 16 45 42 2 -6 44 25 3 -48 27 15 -7 32 19 -40 0 11 -6 23 -30 48 30 -24 3 9 25 7 -30 -5 -34 -36 -39 27 -45 13
32 10
-47 -11 17 30 -46 -41 11 -11 36 -40 50 47 0 -31 44 -21 -5 -4 4 36 19 -9 47 1 5 24 -23 10 -14 -36 -26 -44 3 8 2 -27 -17 -37 12 -31 40 -23
23 19
-38 25 -16 -27 -30 39 25 5 -21 22 -45 0 -5 49 26 -2 -38 16 4 -18 -27 -45 -29 7 35 34 26 -9 27 7 -4 40 -19 31 -38 -33 -15 38 22 -20 -25 27
16 37
25 -29 -33 4 37 -13 36 -40 -41 -44 -17 10 6 -42 -50 -17 -19 -37 39 -22 44 17 -5 45 -30 -34 41 -5 9 -14 32 -17 7 15 37 -41 -48 -12 -31 28 -39 2 -13 17 -24 -46 16 -27 -33 -30 1 27 38
41 21
24 28 -23 -31 -14 13 -50 20 36 -19 -28 45 50 -23 31 27 -12 49 31 21 42 35 -47 -36 18 -27 -18 -6 27 -23 31 1 22 24 20 -43 -48 -14 -7 38 17 -18 -2 -17 9 -22 -41 47 44 6 -17 35 -44 -14 49 24 10 -20 34 -14 -26 -20
15 26
-47 -28 19 -45 -26 -38 9 8 -6 -43 41 19 -49 16 15 45 -28 48 29 -22 -16 -6 19 10 -10 2 46 -20 -1 -1 42 2 21 11 -26 46 23 -1 -31 33 -28
24 2
-26 25 32 -32 13 -5 14 42 29 -43 -24 -46 -37 -6 -50 -6 43 -1 -15 -39 36 46 -49 -3 -16 0
38 14
23 -9 -17 13 -34 31 31 -5 -24 -40 -48 21 34 -22 26 48 23 -8 -43 15 41 -8 -8 -8 -46 -7 40 -46 10 -29 38 -18 13 37 45 -5 18 -9 40 10 2 43 -20 -49 37 -45 49 9 -3 -45 41 -47
39 22
-38 -32 -8 -49 -28 -49 39 26 50 1 13 10 12 47 -50 2 6 -32 -40 2 37 47 -26 35 -28 21 7 29 -9 21 27 3 5 -32 -30 -7 36 -42 -31 35 -24 32 -40 38 -6 28 -45 50 12 -35 1 -2 29 25 -17 -50 -38 6 29 -31 -24
32 35
-3 -10 -26 40 42 49 -42 -7 -26 6 3 29 50 -20 34 15 43 16 -34 -10 -6 7 -11 -40 -15 45 5 -30 37 26 8 -17 -35 32 -27 -43 31 48 0 21 4 19 -35 3 16 50 -32 8 -19 -50 14 -9 -27 20 1 -25 -20 -45 -5 34 31 20 33 13 1 22 -14
48 22
2 -15 -27 -30 0 -8 36 -35 -24 -41 -4 -24 -10 3 -34 -41 -47 -9 -45 25 36 39 -28 5 22 1 23 -7 37 -14 -38 -46 21 -49 41 38 -6 27 -48 20 2 -35 13 8 18 -5 17 -12 36 -11 29 -13 -23 17 9 15 -33 48 -42 20 -17 37 -10 21 39 -19 8 49 24 -24
3 36
-43 13 34 26 -43 -34 30 9 5 8 47 -1 -25 -29 -37 -42 -32 -29 -5 -33 25 35 38 13 -35 -39 -23 39 -46 11 31 -39 -26 -20 37 -19 -38 -18 41
40 38
3 33 32 24 46 6 42 34 -50 25 8 36 13 37 17 -10 -37 -28 -6 24 -48 -28 48 49 25 46 -40 -43 2 -6 48 -46 -24 -5 28 -28 -50 -15 22 -49 -41 -21 3 -12 -35 -31 -5 -22 -9 5 18 -41 27 -18 -43 2 -23 -32 -25 29 12 39 -1 5 -17 43 27 -17 44 -2 -50 19 -7 3 24 8 -11 -32
45 3
23 -31 6 -34 1 -21 -16 -6 -3 9 39 26 -3 -13 -20 -4 -21 23 29 39 37 -4 8 -21 49 -19 37 -13 -1 -46 0 38 -27 -45 20 -9 -16 20 35 -2 45 -10 40 -43 27 36 3 23
41 30
11 -6 -6 35 23 -42 -35 -25 -4 -20 46 46 35 -32 17 4 -25 17 -26 27 -36 35 -34 20 43 9 5 -5 -19 -38 -7 9 -28 3 -7 11 12 9 36 24 5 31 19 -11 16 -49 10 7 18 0 -17 -1 -16 -35 -32 -24 25 -10 22 22 -32 31 -20 -9 -16 -10 -49 46 49 4 19
30 22
-47 9 -18 -46 -32 40 -12 18 39 3 -49 21 -12 -22 -5 28 16 -34 46 -4 -37 -48 30 3 21 -9 -33 41 -41 -14 41 29 45 40 -1 29 -5 38 -4 50 -44 -2 20 -6 -8 -36 38 -43 48 0 -31 27
5 28
46 -28 -44 -38 -38 33 -36 20 11 26 -25 -40 4 20 14 -50 19 20 -36 -11 31 -28 -31 18 46 33 34 -36 -25 -14 30 -30 -26
18 32
-47 -15 -37 -11 12 39 14 -12 -42 -17 -49 25 18 -12 5 23 35 27 43 2 22 -9 -14 3 17 -12 -18 3 -22 35 2 -19 36 -19 20 -2 36 50 36 44 49 4 19 17 8 -27 -11 -8 17 48
13 31
-45 46 7 -12 50 40 41 -22 -10 -42 -25 43 -11 12 -44 -26 11 8 35 10 -39 3 43 19 -8 48 27 25 46 -13 30 17 -18 -14 -46 49 42 11 -24 49 20 1 41 -42
23 44
50 24 -30 34 50 49 -48 42 -17 -6 39 -40 -31 0 -3 15 33 -5 -50 37 -7 43 -2 19 41 34 37 -3 42 49 -41 41 -12 -21 -10 -47 -23 -8 11 11 37 -34 21 22 -18 34 -48 -35 -22 -48 18 22 11 32 -44 -33 15 43 14 7 8 -11 -37 12 -15 4 -18
24 31
43 39 -2 -42 -25 36 -43 -42 38 -28 -47 7 40 25 -33 22 -3 -49 -14 -44 15 9 -20 21 23 42 -45 43 40 -17 38 33 -28 -48 7 -37 38 14 39 -8 36 42 49 -8 -18 32 -37 29 33 -35 1 -36 25 31 35
31 13
6 -45 -22 39 9 27 27 11 -16 41 -35 48 29 -27 0 20 -29 42 -49 19 21 -4 -32 2 14 -18 -24 -6 33 -45 -1 -46 -40 28 43 20 4 20 47 4 -24 -39 2 -46
6 2
-10 -29 9 -43 7 46 3 25
27 44
23 -10 -23 -29 -5 26 42 -28 -31 34 8 -10 -31 4 44 -5 -18 -39 -35 -18 29 5 -30 -47 12 -7 49 32 34 -38 14 -28 2 41 -41 13 -17 -50 35 2 34 -8 8 20 13 2 31 45 13 47 43 -8 1 -38 -5 30 -29 -40 11 -46 -28 -26 -24 -10 32 -15 -48 31 -15 38 49
21 37
7 -29 42 -42 -49 2 21 48 -5 29 -1 -27 41 45 -5 -50 5 -1 39 -5 -8 -22 43 27 -20 23 29 -33 22 -20 -37 -22 1 -46 -14 2 -27 23 0 18 -32 15 41 -42 9 -49 -42 30 -33 47 -26 9 41 -33 -15 -30 40 30
20 19
-41 -33 5 10 -29 7 -38 -40 47 -22 28 -36 43 -15 -28 -33 -48 47 47 -31 9 37 28 -1 20 30 19 10 9 23 37 -15 40 -42 45 28 15 23 38
44 10
-18 -9 9 17 13 -8 -15 9 -46 5 34 42 -18 -18 11 28 18 37 -13 -44 -10 -12 47 -2 49 -10 29 22 -23 -44 -12 -25 -3 14 42 27 -45 -23 -49 -40 -2 36 18 30 34 45 8 1 32 11 8 -29 49 -30
6 48
10 30 -16 3 36 -11 29 50 -48 -14 26 24 -21 27 0 27 12 -33 7 -4 -38 31 13 10 -43 37 31 22 -44 32 -16 16 11 19 36 -37 -43 14 -38 26 50 38 -1 -21 -20 50 -45 9 33 -22 21 11 25 -17
48 19
-30 17 -31 43 -2 4 9 26 39 -6 5 46 24 17 -13 23 -30 36 18 0 1 -10 25 -50 -16 -5 11 -41 29 -2 7 15 -36 -7 7 -21 47 32 21 35 42 -25 -4 15 8 33 -46 28 -16 22 44 2 -39 19 2 -4 -37 29 -29 8 -24 -6 -28 -43 37 -4 -48
3 49
23 -17 36 14 -5 0 -29 -23 -30 49 -22 43 8 30 20 -24 48 32 -10 26 19 14 19 30 3 26 16 49 -6 -35 42 -34 -36 27 -4 10 44 17 3 -37 -19 31 22 39 10 -42 -35 7 6 -29 50 42
20 37
21 -13 -41 -14 -49 3 -33 44 -15 49 -14 31 8 -21 -37 27 -41 -6 8 -3 -18 34 -29 -37 -43 28 -16 -44 19 36 -10 -11 -28 -1 -9 -26 18 -25 34 19 -27 -31 -35 -3 -35 -22 -27 41 22 31 -47 20 15 -25 0 -12 19
9 22
-47 19 0 -42 8 49 -35 -2 -18 -10 48 -50 13 33 -35 -41 48 -7 -17 4 31 30 8 -34 -40 -1 16 -2 -33 -34 8
1 19
-43 45 -42 22 -41 -28 -47 -34 -31 -47 29 -48 -32 5 16 -23 38 -30 24 -17
3 6
-6 9 6 42 26 22 0 -22 -27
2 25
48 46 48 -30 49 -37 -45 19 9 24 37 -37 -10 31 17 -24 4 50 -14 -40 -7 45 -17 -49 -14 21 -33
40 19
-10 2 8 -15 -35 -6 -50 46 -35 19 4 40 -29 17 46 -49 50 -29 -28 49 -27 -18 -8 -33 15 -41 3 -14 -24 33 12 16 -16 -31 18 -35 -21 18 -40 -5 -14 14 -50 7 47 46 -25 46 33 -3 45 -45 -5 -48 39 -40 -39 -43 -38
20 5
24 19 40 10 -14 -46 5 20 -35 16 22 -5 16 46 -8 -23 -30 -13 -41 -17 48 31 28 50 -15
11 35
-8 -18 30 48 23 -1 37 -18 1 8 37 38 23 3 9 34 35 4 -25 -38 24 -21 38 -44 -24 19 35 43 -47 -46 -15 -38 -13 -35 -41 -41 -20 13 -9 31 -30 44 18 9 -38 -23
26 46
-3 -16 26 -29 13 13 44 5 48 -6 -37 18 -1 -1 -4 36 14 5 45 44 -33 -49 -10 -47 11 25 12 -10 -49 21 -47 -36 -46 -5 -49 -17 -43 46 38 22 -45 -49 -45 4 -34 1 -45 -4 22 50 -45 6 17 -5 9 -22 -31 38 -16 37 8 -13 18 -22 32 19 11 5 14 -2 43 20
47 20
40 48 -36 46 -7 37 11 -2 -8 -22 10 -50 -28 -5 4 6 49 -39 9 16 -45 -10 -16 16 11 15 31 4 -16 46 -33 40 10 -18 1 -48 -32 -38 -33 -24 -44 -7 43 45 38 -3 -34 36 -26 25 1 -20 31 2 46 -9 -34 -8 11 -34 -46 29 -45 14 27 -27 16
39 25
-1 37 -43 42 29 18 30 -25 34 -19 -34 8 -1 -4 -46 -50 -43 -39 33 0 -11 49 4 34 20 -33 10 43 -1 -30 44 49 -44 17 6 1 -16 -15 27 -33 -17 43 -9 32 -46 -39 -2 -39 -27 -20 -23 12 45 31 -5 -20 14 21 40 -37 41 -1 28 13
9 22
-37 -34 -15 6 -16 18 -36 -9 -35 -32 3 13 47 -8 9 -27 20 -31 -46 31 -35 18 1 -46 -3 -43 -30 -26 20 -48 8
40 17
43 -45 -32 10 -31 10 -9 -46 29 -47 -50 37 -22 -27 6 -37 44 -14 -22 -22 3 50 25 10 -31 50 -21 -29 -27 -6 -45 32 -1 -26 -43 -15 0 -2 -11 -22 1 -45 -36 -5 -22 -14 8 39 -12 36 -34 41 1 7 0 20 -28
11 50
-5 39 13 -24 -46 3 -17 -11 -48 31 -6 -20 48 -1 -40 -42 -7 -38 16 -19 0 -32 -37 -10 19 21 6 -45 43 17 -22 -46 -29 7 47 -25 -41 47 -20 -39 27 -10 -9 -9 39 -33 -1 49 -21 32 -21 -5 50 -41 1 -16 -4 -44 -11 -46 23
16 7
11 41 -45 36 -50 18 33 -39 -40 -28 -31 1 28 -14 17 26 -18 -2 21 27 -37 30 45
45 47
-50 3 -20 -10 37 -46 -50 27 26 2 27 -7 -16 5 4 -27 24 21 -50 26 -13 26 24 1 -4 -33 14 -24 -39 -39 -33 -39 14 -37 -33 -34 -32 34 43 44 -14 -14 -13 -14 41 7 9 14 -23 -25 -11 -19 17 30 32 -37 47 -4 -45 -43 -27 39 35 3 -48 -48 19 -30 36 -23 -37 38 13 -34 -26 3 -11 -1 -34 17 -9 -28 48 -43 -49 -5 -30 14 41 42 21 30
38 2
49 33 7 17 19 -41 45 -2 47 -27 -19 37 27 20 -48 9 -48 -41 -3 50 -34 -36 -5 -47 28 -49 11 -2 -2 -9 20 -4 40 -24 30 8 -49 -10 23 15
31 25
-33 -11 23 -31 15 26 45 -39 -9 -39 -24 2 31 -47 -30 -9 2 18 33 38 30 -12 -37 9 13 32 49 -15 -4 -22 -46 -21 -17 -7 -35 48 -32 -41 -41 -24 -30 -15 -6 -50 -46 14 -8 -28 48 41 -41 28 45 40 -14 7
49 36
8 33 -21 12 -39 12 -45 -24 10 40 -14 -15 32 -28 -14 -24 40 -10 40 48 -21 38 4 -12 15 -2 -23 17 22 14 18 -21 -38 13 8 41 -25 -21 33 1 -32 35 36 -50 -43 38 43 13 -23 32 10 6 -15 -37 11 16 -23 4 -17 49 -32 17 -22 47 -20 2 37 -29 31 20 -12 49 4 -27 15 -23 27 7 40 -47 -45 -35 -24 -10 45
22 30
-28 -44 -45 -30 -26 22 -36 38 18 16 24 5 -4 -41 43 -39 -20 -35 -8 7 8 50 -37 12 21 45 4 27 40 -44 33 -39 -38 4 -19 -47 43 -38 7 10 28 -20 -35 -26 -44 -43 -15 -14 40 -7 43 -37
29 26
25 29 17 45 6 6 17 -46 -17 -4 9 -20 -35 -33 -8 22 27 -30 -49 8 -40 -43 -18 -39 -41 38 4 -48 -50 13 -10 -8 -9 23 -48 13 45 20 18 -23 -35 43 -26 -20 -41 16 -49 2 2 19 -40 12 -7 -42 -11
34 38
10 -30 -22 -28 -23 20 -21 50 23 43 45 -42 10 -29 40 -32 -5 -31 -23 28 37 29 -21 -29 5 8 -20 -21 13 33 41 -28 19 -31 -6 46 5 24 46 44 -18 6 -49 8 -7 41 26 5 26 -48 -18 -22 -3 -23 0 19 1 -4 48 -36 45 5 -14 14 24 -3 -25 45 37 37 39 -32
18 36
26 36 -3 -33 -10 39 -31 -12 -33 -18 15 -17 -50 33 29 49 47 24 -31 49 -47 9 -39 -22 3 14 -35 -9 32 -27 14 -27 -42 -40 -44 -36 49 42 2 32 -26 34 -36 -26 16 10 39 12 -17 -43 -24 -14 -18 -12
25 48
-49 -5 43 0 19 6 -11 -7 -18 -38 8 48 -47 26 29 -23 9 10 -32 -26 -31 23 2 -32 -3 -5 -30 29 -1 0 14 -34 12 -27 -18 47 29 22 -45 -39 0 -21 -42 3 -45 3 31 -20 -38 49 5 48 -13 23 32 34 -33 -49 13 16 -32 -24 -1 -4 -1 31 -42 45 -32 -37 -45 18 -7
6 50
-36 49 -49 -6 28 16 15 -9 -48 -12 -27 37 -29 41 -35 4 -42 -9 -48 -30 7 33 -22 1 -49 -8 -28 19 1 18 40 15 -18 7 -42 -41 39 24 1 8 28 -10 -40 49 -20 -25 2 -11 16 -30 -25 39 -47 4 -45 21
44 10
-45 -38 11 12 27 44 -32 1 19 24 -26 36 -19 18 -25 -9 17 6 16 35 11 48 -45 36 37 25 -45 8 -5 17 2 0 29 -38 -39 -29 22 47 23 -43 -14 13 43 17 -19 -32 24 48 -10 -11 -2 -50 -48 3
17 49
44 8 -37 -46 -26 15 -29 20 -7 49 41 -35 45 13 -28 -20 -24 31 13 -27 15 -14 37 -46 -9 -16 21 -6 4 -27 49 -3 -3 -39 2 -13 -8 23 -44 36 21 48 17 -18 -24 5 -22 -32 -15 42 -9 -50 44 -23 21 -49 -22 -8 -5 32 -19 -41 45 28 38 -38
12 45
35 38 31 -28 1 -3 -30 -7 -49 -2 12 -47 -45 19 -47 16 13 24 17 41 32 -39 -12 -38 37 -18 6 24 -5 -13 20 46 41 0 -33 -9 48 -13 34 15 2 -39 18 -27 31 -13 39 -41 -39 5 50 43 -18 -13 22 -31 -15
3 45
30 14 45 26 4 -5 9 11 -42 13 -39 23 31 39 -9 -47 -15 -6 43 -6 5 -37 -7 -36 -4 -4 36 -19 32 -38 6 -23 -7 1 19 13 12 45 41 20 7 18 -8 -13 6 -1 -44 8
29 32
-49 -36 29 -39 45 41 -27 30 -29 21 9 -7 49 18 10 -17 -20 -29 -23 37 41 0 4 50 37 27 -36 44 -16 -43 8 -15 39 -14 -4 33 -24 -14 -21 -37 -44 38 -27 -46 -29 33 -46 1 -46 -19 -46 45 32 8 10 -16 -16 25 44 18 -2
35 14
-14 -30 32 36 -37 -33 -36 -24 -26 18 -35 45 39 49 49 -45 19 47 -41 -21 28 -16 40 28 18 14 22 -48 -39 6 -12 -2 26 -31 50 39 -47 -37 32 -23 -3 47 38 -15 11 37 -44 -21 33
3 39
-24 -34 -36 -47 0 28 -9 2 39 47 6 -48 23 26 -49 11 -5 31 -42 -12 -23 -45 -25 -22 16 28 -15 12 -24 -33 37 -32 50 -50 -28 -1 28 -21 -49 -18 43 -27
12 24
49 -48 42 -41 34 -50 -3 27 22 23 -45 -47 -34 -44 15 -7 -27 -33 11 -28 -33 -1 -13 11 -5 -12 10 -13 -22 45 18 43 13 9 -48 -38
33 17
40 47 38 45 -50 -46 -50 -19 -37 40 -1 -10 28 -18 6 -36 10 -50 -31 -31 -13 -3 30 -46 -11 -8 -21 -43 5 -29 7 -40 -33 -6 21 34 -36 21 32 -23 -24 47 18 20 -22 40 34 4 40 19
17 27
32 2 47 38 11 42 45 32 -38 1 42 47 12 12 30 26 49 -23 20 41 -27 -47 10 -32 43 -41 22 -2 29 -5 -10 -24 13 -14 -37 -27 44 -42 -46 -44 -25 12 -48 37
36 16
-21 38 26 15 28 49 -16 -13 33 -24 -3 5 24 42 16 -37 -33 -22 -35 -19 2 -42 -45 6 31 -20 -32 -1 34 -43 48 29 46 -11 -7 -11 -13 27 27 37 19 40 -9 -8 31 -44 -29 14 -16 -48 11 2
33 21
25 -26 13 9 23 -4 16 -14 -26 -23 25 -17 17 29 -41 -41 15 28 49 -45 36 -5 28 23 -42 -39 25 20 -20 -33 -49 -46 -9 14 13 -36 26 45 0 16 -28 42 49 5 20 -43 14 -16 1 12 -45 -14 -44 33
