14641 -331103
4970 -1123936
6320 -927802
156 -48464
3920 -8272
1089 -140287
256 -1068900
900 -766476
36100 -1291004
26864 -49504
14884 -75717
4160 -444070
324 -604960
1056 -25676
3969 -287631
7744 -86505
4160 -21922
10506 -798594
1444 -12480
6561 -294840
1640 -500332
9801 -266875
2304 -259840
4624 -13601
0 -408960
11025 -667951
43472 -1039168
9648 -12892
8100 -1358461
25 -276651
5852 -67318
16002 -590060
272 -498870
6320 -164662
18906 -1286400
1764 -16192
132 -236550
11130 -696992
1024 -634185
1296 -8905
23562 -145770
33306 -446250
1892 -65448
361 -1222875
2401 -175683
0 -250500
25600 -402116
8464 -504192
256 -223473
3481 -18423
2256 -340554
1681 -565328
9312 -595194
1936 -530964
11449 -43307
676 -961685
8556 -42746
1406 -566356
1482 -454818
4290 -62016
23409 -274707
27722 -293200
13689 -691911
11664 -655825
16 -235209
15 -5760
72 -714798
324 -506620
9312 -259530
7832 -207000
20164 -142245
7482 -467928
39960 -61295
25760 -442780
4422 -120540
11328 -14805
625 -5775
2070 -17390
19044 -581581
4096 -53025
30 -183582
1444 -715965
272 -520290
1681 -636720
32942 -100648
35532 -426188
32942 -368380
225 -81000
36672 -1356908
306 -13034
12882 -535458
7225 -1066071
18360 -493580
42230 -420850
22650 -775692
6972 -467060
19600 -686000
19460 -137752
2256 -219114
1406 -475384
1849 -269592
5402 -37240
30 -691362
3782 -344908
21316 -60480
12100 -192204
3080 -395712
10712 -390610
1521 -299880
306 -449264
