57
65
49
46
48
10
40
40
34
61
71
57
37
8
24
66
52
73
27
13
28
8
18
9
39
27
35
44
32
32
36
48
72
28
81
9
66
8
64
29
19
14
34
54
10
26
86
61
7
9
15
38
24
40
10
70
3
80
30
43
40
66
45
67
56
39
81
38
67
38
67
38
56
17
21
8
22
37
22
23
58
57
55
37
44
42
44
27
60
23
3
21
61
41
32
14
10
57
29
67
12
65
44
30
56
26
54
10
23
35
14
57
17
45
30
65
38
39
64
53
51
14
23
36
60
61
17
31
7
36
74
22
10
35
60
36
31
24
55
69
40
61
63
35
58
46
43
75
40
30
8
64
83
10
2
32
37
33
70
61
10
58
37
57
54
35
64
47
58
58
75
48
16
7
44
59
40
12
22
43
20
7
57
47
25
75
23
33
51
9
16
52
38
47
41
56
69
51
46
31
48
68
10
8
34
8
49
23
25
9
52
70
59
44
51
48
49
56
31
24
44
29
58
25
28
55
58
29
48
45
20
31
26
46
32
22
53
73
57
47
10
17
25
25
41
23
45
8
37
24
50
63
61
37
61
82
7
50
74
30
32
78
32
30
53
36
45
26
5
54
18
10
16
65
19
37
13
30
74
34
54
16
34
32
77
70
22
14
63
57
54
32
6
40
55
27
10
31
8
52
71
10
52
57
36
10
37
17
52
31
14
34
70
23
75
56
70
25
25
49
56
80
5
47
46
77
41
34
48
10
23
70
8
10
33
61
63
18
26
72
23
61
26
51
18
31
1
10
35
3
43
10
26
38
64
11
58
20
53
43
52
65
10
48
54
9
53
52
39
10
40
8
44
47
57
15
36
35
63
71
13
30
41
16
61
32
29
15
18
61
72
61
58
39
78
28
57
41
43
10
27
21
12
19
50
30
73
69
25
66
47
10
55
29
17
17
54
7
79
74
57
8
34
50
27
8
10
32
23
48
38
35
14
20
26
35
36
16
61
18
53
39
68
10
36
63
34
25
64
42
26
44
26
61
83
49
37
51
57
17
44
80
24
47
69
63
18
61
10
62
21
16
65
54
67
32
58
15
84
67
10
66
53
64
68
17
68
49
53
31
70
6
10
75
20
22
77
35
42
27
66
45
37
19
42
39
44
66
43
15
8
47
65
70
56
83
24
61
47
31
29
10
56
20
23
34
9
15
50
42
65
16
78
22
68
16
18
54
27
80
70
51
20
15
78
48
57
33
6
57
80
54
41
15
67
62
46
27
75
58
45
52
75
41
17
47
30
48
16
75
18
10
25
55
29
6
35
11
46
9
50
51
48
40
6
60
61
45
21
18
39
44
10
36
44
24
22
27
22
61
59
20
25
65
8
60
35
26
5
47
50
9
33
44
74
37
67
16
62
8
54
24
50
65
72
40
55
56
26
20
9
66
10
10
47
79
38
50
46
10
48
61
34
68
46
42
59
26
16
34
56
41
9
34
77
27
16
22
46
8
58
12
45
2
56
42
