280112 69289 76771
394404 77309 99587
190734 190554 192218
140492 58295 95820
228294 135668 185170
147393 88383 184726
156454 128246 191101
75450 72144 149885
28802 76389 160008
3446 101029 140977
182383 131140 144338
189820 191895 194389
249966 182629 185692
64438 89472 160757
202635 67765 160324
150733 165157 185624
81878 187962 197587
252031 79764 101707
129885 74917 96398
399465 128362 129933
231894 127096 175269
283612 166916 169285
178992 166881 179879
31277 181318 192150
141858 183952 184416
338108 151036 165077
339093 199265 199331
218324 117648 156388
119699 197532 198593
113815 113348 185915
258960 195241 196805
151597 78852 128291
186130 74195 163004
269644 105472 111318
142631 163681 174386
149735 118140 135475
38348 157232 196340
364924 191907 197892
237616 177957 186271
85225 58123 172746
27548 117082 151689
130616 118679 125752
300599 121160 179221
103816 107156 137329
288350 116138 180961
373189 165872 170627
225416 120571 191517
210556 135495 185736
129697 139462 149841
112721 91039 145581
159094 68586 132457
100707 149201 159648
221173 66152 139354
132187 86319 191648
265024 191020 194856
245191 130560 187120
359851 155975 181977
148095 182883 194427
344598 128931 187687
269059 141651 195283
151644 50744 77251
367663 67803 159152
268713 88975 184798
157275 187513 198136
302994 52537 63517
164850 164079 177078
125283 140281 178271
389935 88375 162061
72786 132973 196046
95099 102031 136665
374804 70026 141660
139447 104040 133285
203291 122752 151564
299640 180027 184997
248659 183020 184583
338699 114221 114847
375652 155855 173611
68580 95789 144567
144391 134926 197988
165485 146377 151170
128230 87532 197442
308072 126978 133757
122069 130268 193111
358690 96259 119161
15528 144918 196708
208551 99968 146004
332005 125619 154941
345741 160550 195713
114205 121292 155971
265641 86776 107528
101813 131358 199326
58012 105781 158735
218251 177850 186699
167594 152891 175080
346965 168418 194332
92059 143320 154709
251375 191676 192108
266547 103769 104430
243860 67973 96585
372451 149965 190982
347420 101778 116092
376272 76141 119778
82103 144391 193078
184554 128336 178420
299616 91652 179662
159597 83711 180525
219546 85085 105611
287818 117983 150827
200289 78194 186831
50405 116997 133022
3649 180768 198088
188251 157039 195223
228634 105493 125373
363220 106398 187223
150696 56014 77311
6591 115610 169766
372157 101507 192691
379400 89324 158837
374060 105965 154014
19397 72721 183592
381052 176369 181949
244484 114619 158613
300410 159604 165270
250726 139175 178009
379379 89871 177097
66037 196461 198700
370053 84969 136087
291859 64369 193454
381649 104780 123053
315985 74177 185386
67318 55228 55347
383067 166063 195058
388559 66472 137198
49545 67198 113632
66930 162928 186405
173032 178964 187398
294745 65369 72826
84316 157227 177857
229564 55227 172218
130777 171211 174117
71063 188528 190774
337718 87946 198961
35344 126505 179471
308927 126049 177625
321685 59330 89162
224314 82362 187093
139756 93458 118696
40167 77773 106581
304948 57337 75350
224509 88113 89966
334599 175528 179197
216269 163245 185722
397650 164941 186636
328208 73867 142289
309612 111903 179469
270297 102568 108094
159946 192323 197656
181316 98841 181454
109913 70140 181591
160090 94648 132736
247831 95598 143518
324100 161866 199346
204667 175868 177967
278092 154075 189815
193918 180039 180441
135426 150335 166978
275649 176632 196016
392977 124299 143578
4431 100563 170787
23222 110653 138638
296479 108483 178814
211615 148934 162799
273645 119952 128803
66968 164395 174835
300510 124664 174862
212307 160090 160841
310320 135738 146019
167008 95066 147336
338890 149497 156441
214560 139070 150052
367582 101900 133595
216203 163515 189799
376691 137159 176999
395750 120479 172480
368885 137340 154434
322059 165999 170089
358272 126318 126890
121117 59678 79794
308261 98567 109452
62321 179478 185228
227033 197059 199135
366581 113262 144383
288710 106304 162571
263496 152053 196895
336326 187290 192650
133820 125700 196109
307756 133972 158492
333782 105088 140674
88522 179701 193279
325464 108373 158288
35124 185405 193869
263036 151985 165173
304464 107047 151468
149403 120542 135660
264821 73219 110675
383931 57038 116640
35393 81145 175417
213173 164926 184011
116983 53448 191454
369360 195263 197512
101215 96738 164500
196481 109773 181776
71362 180588 181997
102546 179990 185975
285784 94810 189335
22664 145093 163502
35245 80485 109844
281797 110009 155327
199790 176991 188730
213836 96350 130900
386255 63916 81270
260432 76748 121496
86594 198109 198612
386155 100655 193475
222610 102790 178937
332285 125454 189930
165351 77050 108787
29562 125198 187750
258699 91340 161267
373989 105175 138164
68189 57782 67365
125480 168213 182938
292544 71158 122853
306548 57312 71562
200543 96273 145524
355701 144910 172689
72303 126612 171089
69391 72525 132519
392839 181223 195219
243279 121563 187216
390068 139752 153409
83478 115231 199954
87284 174126 176832
305551 80673 116363
40826 181216 196477
378891 53268 123047
142410 175570 180943
399331 111312 179116
347802 154151 156864
71262 113781 128008
132601 120200 129119
1722 103677 190653
55408 157312 164276
380252 62863 165110
162408 70040 80630
257189 98930 102070
196881 57691 63957
263184 123373 138607
202013 71174 188922
388417 158787 159083
112736 141387 176811
126808 159460 198115
156110 114867 138076
209539 95118 143166
309993 173877 181175
141663 181066 186328
292953 127946 194505
36165 91129 111107
240690 159493 171779
215718 164261 178031
88175 176997 189462
197185 53804 175018
109872 76265 151699
29871 85803 131110
379086 95795 122882
398340 153809 180340
182877 113113 185600
275104 99278 177209
107057 156319 187385
310184 172037 188406
388450 126563 192434
358104 173747 183594
53571 199970 199975
213905 179841 193577
252061 108926 155266
97743 73617 80173
240843 56493 166908
361889 197949 199525
156769 55005 176697
394790 165188 172465
329776 169989 172369
241760 178093 186700
373899 131663 193081
82304 161919 196239
92865 163979 179434
315573 178074 178961
208442 185268 188469
64425 197157 198142
36038 153925 173868
363971 165066 189579
180292 111193 181326
373177 119304 147289
172514 193203 199230
371821 191858 197795
200969 151074 154851
155395 182998 185319
349790 91440 98417
50679 155864 182622
165869 191902 199699
169712 155872 184101
321447 152515 172185
376820 192044 192127
242989 164557 188307
140822 136377 171486
116925 153697 199530
23360 125443 190862
357869 75232 179606
393999 142263 167488
377285 108131 192286
297201 194195 194212
32182 65641 92591
144709 58812 167244
76541 151801 187206
317927 192622 198412
267524 59546 181289
134548 149258 161702
234570 157126 161722
376032 51124 95565
223358 194761 198624
328939 158313 158528
140391 140494 143293
70711 101555 130001
93075 194447 197107
96348 178725 185651
52350 112601 127685
162049 97148 126077
297191 98069 176940
123918 174100 193312
209259 113809 120534
319084 142747 183925
223104 199490 199963
359118 86552 91700
303944 95979 193694
300571 108678 132104
322524 61028 185009
370375 123076 145481
351133 136619 153798
55369 60536 191486
277081 186146 194660
309907 55230 90805
51045 178333 189613
49030 187450 192690
48570 91393 120334
358909 58315 167464
214326 147190 168087
282343 67565 140666
13861 135049 164108
43447 90417 122816
63486 133849 183028
297334 110107 174449
273929 127504 146697
82719 126533 134272
361709 141455 161921
353030 166715 196538
153029 97392 113191
330409 79735 116041
130865 59947 95729
367940 103393 123855
81903 83230 95535
282012 80563 157005
203704 170844 190431
353729 53562 59060
7556 131622 138883
269129 151003 187251
355370 170383 189847
188801 50791 110268
139797 148007 182733
392194 115946 195799
201360 164200 166437
244375 62564 115273
263850 182619 199546
310829 136347 194716
150694 110254 128937
348365 79383 199559
62752 184752 195967
24532 139904 178663
116046 129700 161822
183860 138245 190344
271419 139604 162453
325856 133978 137205
77209 164180 199256
315758 91360 117243
207869 58405 78600
347954 156770 192293
289042 119521 150694
300514 144052 174705
29129 176450 177853
5751 160309 181997
314672 131727 169089
354146 123934 192452
6183 167495 194714
390840 83252 139301
261843 157473 162141
375805 105426 133668
369150 94468 165562
197247 161333 184887
281600 90461 190800
362005 112563 194704
30655 77235 121105
288909 147732 151251
297494 53914 100218
36610 144753 192880
217087 122948 165327
305970 198752 199406
367974 167902 182376
349500 81500 158411
391431 113100 172724
326163 91456 144135
221205 122111 180537
180677 127371 185097
14084 191216 193577
31338 127826 136908
31845 194912 198222
56176 167233 171245
52286 85207 124313
192864 151058 189181
211127 158840 180693
19851 85003 136805
257491 172559 179791
38717 53235 136249
117676 83671 180662
100549 165008 192211
94527 163204 171671
245102 119380 122097
360781 138017 160718
294362 130881 159195
359443 108359 126214
153977 194562 196446
39967 152052 160097
164420 57120 98068
132596 91147 137511
241989 191695 192745
129208 136222 154230
127692 147675 189896
259761 158455 178774
377037 52816 182615
261723 162258 172264
305250 82586 167728
150132 172552 181404
133925 103323 146918
320954 102271 121300
158005 94259 188829
360065 73467 134960
391682 167510 183589
192678 127270 163566
48044 54306 108906
34291 182380 183362
195250 187630 190459
34418 154113 163158
158343 138038 160163
89388 125343 155733
61580 149699 197039
291820 176116 196290
74634 167797 179654
171475 176826 196106
26771 74870 193744
334883 75512 196657
87958 170761 181508
7267 121531 184136
365480 179873 194659
243369 185612 191309
173529 197191 199545
397949 105363 133937
362187 79996 121746
193936 51471 189548
152954 194593 196156
332631 79476 113355
194688 167433 170208
160727 191051 198314
380879 56530 177302
305422 99899 162309
371659 139779 140710
337596 87727 189081
396001 166266 193527
22203 60201 169192
41584 129506 154014
385834 78488 89120
121949 189527 197412
128826 150253 152182
157233 197484 198862
81866 52905 94054
392110 140915 199914
65898 194863 198724
195049 190863 198295
170549 79418 110169
47519 71001 91948
85435 173186 195416
102827 195135 199967
304004 173960 189567
296232 97544 154915
44991 179409 194481
26352 87871 134122
181141 120120 152247
56362 115169 178490
181496 85717 86107
183184 99587 101755
47082 85022 117758
273116 137848 139755
205030 141852 174047
287198 154435 194428
333201 115777 196043
132110 142129 197933
288286 89621 144567
222973 145982 172063
281227 193830 198756
252548 177013 182027
127573 140446 185260
175785 63561 85710
119132 134943 153895
319143 88492 130524
300347 71692 89721
93664 70153 112694
374852 108438 136644
242512 97762 171988
175342 178989 185277
60240 147888 182189
344726 175460 194251
314234 151245 190195
187943 136728 147244
269855 105871 107654
56203 172569 179723
224681 82584 113742
285287 107435 168258
135515 66298 161039
348078 191639 198815
304470 51879 193143
187876 62956 129408
278079 127190 140739
48196 81484 156214
103256 101338 101601
46808 123893 177288
328405 148573 185668
280155 183859 196849
190343 185726 189299
230998 183803 195639
334290 88272 167722
18174 92499 111668
377519 136930 181110
388108 85125 161359
1778 88381 112268
337671 185188 190072
96133 79944 159077
287179 110098 188530
202012 166793 169040
83144 147790 169323
222267 98432 113074
279621 116605 186477
199931 94123 104306
297432 198583 198852
192768 66712 175210
39443 54383 128140
126363 116867 181512
278208 70398 125855
263913 122409 127243
335343 55552 167201
156929 144170 160347
316787 173790 175522
319144 73721 84497
158432 137504 173921
399197 180271 185102
228343 86066 134474
209029 78780 186308
386012 106988 178610
6742 137252 146331
10616 172594 182848
112281 95874 165354
362378 112660 171273
95433 98156 122210
256259 72939 85357
98372 138487 158913
307197 183181 185988
136758 192209 193015
83186 94573 147526
266364 117666 127934
255599 78281 133217
83091 56914 91323
254754 119291 162532
366559 164723 186112
218437 87333 171003
391467 102056 157235
227472 159253 191800
333192 96010 154392
384044 195547 197492
141884 111910 142501
386976 133860 181434
371014 116951 120828
367279 138056 179480
176205 170966 197397
349638 89402 139455
362363 197220 198289
97222 174691 195962
131615 57882 127014
274569 158277 199841
112096 100160 177793
167289 103487 114750
50763 140853 146342
107504 108131 113786
299888 50687 142199
323347 166677 195519
34140 179039 197158
163342 92612 122056
101796 190578 195997
102613 165146 180662
248976 193593 194463
7250 60881 162142
265736 77996 105021
307525 101851 145550
387370 51738 121420
304533 175084 176621
277450 125576 134392
297587 188917 191813
192415 90712 183087
11478 159676 182566
255171 108652 126007
149024 132253 152154
312716 164340 183537
317262 121864 158428
246291 75585 160543
392359 80117 119453
305105 157566 195710
346889 155152 158431
47638 113918 145032
55318 191748 197312
128144 196918 197082
94563 162293 175459
121864 75008 196625
93513 158621 178655
117013 171263 180819
92251 179974 186147
58926 85078 87215
51176 148318 150861
348696 112308 163164
253280 117625 124114
267540 112120 138902
240453 106682 136411
11970 94898 104435
247828 188410 189269
55549 121775 163199
338856 64025 64850
34983 189302 199510
388677 56830 183339
97522 105525 193334
386638 58804 81832
67502 92695 115211
311636 133147 151845
68063 95117 112414
49499 159296 184271
122260 114844 171610
16284 120051 132598
356635 55034 180358
248415 93710 167256
154866 107583 189199
123625 160573 164796
326361 94426 96354
207569 122414 166090
29108 140476 195657
378248 89974 125063
315799 128585 159683
191477 161221 196766
381181 84207 129730
376539 82621 99036
228727 153839 173597
286440 77463 152124
235661 120176 146564
111225 127744 186546
386289 73203 172091
272822 67803 96522
18651 183601 191942
79325 91430 162823
226402 122610 161890
94865 99148 174152
357038 94226 180891
143146 180665 186773
356180 116325 192396
379992 93901 149911
9866 130190 184278
346568 169363 183854
123245 188014 197329
94860 167338 198803
277695 160091 175602
344738 104955 161505
144402 111992 171501
64257 71489 153991
227927 94020 142335
161774 74011 104981
306069 150228 190630
173567 196796 199170
258869 86392 127584
194124 131251 197046
170809 58946 100325
286456 53683 168882
117603 64436 189780
292976 128692 135289
299014 172970 182616
204081 134743 182924
286697 140811 188627
82208 130730 170054
30730 139598 143536
267266 50073 172712
187492 137233 192675
134161 173688 182523
369433 107642 171033
283049 150617 155751
18154 115982 148437
163632 70062 148553
66770 123110 195702
86488 55317 181760
169354 136046 164038
322260 119663 156167
72770 123506 170890
98578 107666 142668
344421 193450 195070
271052 76498 129847
226375 144652 196699
154669 58283 186785
50410 141404 189084
386962 194243 195116
370597 63596 92200
143829 152208 159195
17135 91329 154200
394025 106259 185239
244604 50679 179360
319176 71731 122049
394366 164457 178870
85537 85477 85640
113123 135886 165045
363819 89200 134789
119832 109796 148105
328244 53624 169625
172672 137110 184965
356958 81135 171199
98910 75738 120309
284313 161265 186638
112567 155630 162506
285472 191167 195331
166661 120641 153170
171959 184459 185814
155148 70642 157488
118285 165238 185710
99983 87909 158337
173010 194866 197758
152296 160127 172422
382261 144440 153427
50310 73358 111392
299168 58829 73502
367151 91842 107552
253725 113800 178749
113147 118947 149217
148717 103583 116814
387912 169917 192765
280569 142926 159096
104361 145221 178516
220243 93834 145816
147390 160495 160746
396520 159662 173095
136817 193164 199013
114107 196889 199555
292208 60035 165606
274600 125104 153220
338581 179367 183820
140472 159935 175098
153580 80647 138104
76816 117241 117794
310844 80982 128488
168230 77502 83386
50798 80670 114339
8855 161129 171776
47065 153336 175397
320573 144287 176820
264017 182868 187272
261027 139691 157163
33667 93270 198424
301528 136438 193973
79576 147281 184591
218118 131863 144381
216323 182660 198626
157692 107866 161807
12302 121282 176224
293299 58207 122750
349401 122223 173060
1221 199601 199879
212977 83267 180157
238083 151147 198939
180431 80722 153324
303761 115191 153092
320945 81513 100509
85151 105556 120562
226839 184209 187641
238215 177508 177983
393878 143260 180935
232410 60832 112852
126984 190160 197576
114829 178243 182094
105464 158673 199853
293381 162433 185551
279512 199729 199896
398304 151231 194001
207666 128069 150369
38310 132635 145155
327162 126513 195538
138237 75274 167134
365265 152257 191911
125561 83438 131774
353356 188901 195730
211873 98633 133866
35582 128145 192372
157156 92800 115218
334286 50465 68725
11978 55126 102397
167178 132287 174381
181990 186875 192764
57635 68492 133380
123440 194052 198438
333840 113760 165187
352913 175632 180205
200771 127565 189131
198358 151072 164734
263528 151710 153783
106768 113687 141499
198996 80865 82784
17736 62854 74744
28103 70488 131108
357079 160279 189673
319493 94118 115169
137160 197030 199237
103461 114152 170375
214259 162509 187394
67857 192389 198258
271920 65508 189197
297462 164503 190335
71643 98591 169387
132699 126693 170988
278600 183771 190638
234905 69615 138433
238618 156774 198293
50667 176587 187348
390282 140845 160414
330970 158702 192170
323367 146973 165642
379452 194434 196706
266402 66076 133115
282559 198775 199880
369204 143726 191321
82480 128630 171438
39875 133599 178302
194301 134265 175752
179231 124547 132046
193022 121868 177335
99203 95234 125251
120892 174686 188265
173436 157439 175353
274572 139997 173946
285104 125552 127693
329408 158032 179603
43326 197906 197958
80371 158558 194951
260355 187788 195798
164833 147162 199210
94364 196364 199717
37221 117255 154477
58161 90690 112216
61529 81613 149585
180024 166717 185908
292245 96124 98564
349448 105801 107182
190250 152524 158089
381669 62878 135116
113988 144062 188380
118174 54778 179564
317595 191998 193639
8054 166510 189355
139601 78038 153965
143849 58061 184975
273649 50305 165334
327834 116104 192149
229925 56353 196728
123278 88022 170190
354420 118361 149788
32724 86534 172116
173744 170481 171317
382019 128534 139023
147337 134486 170926
144268 128334 156165
374268 101983 172310
366744 146168 164819
165021 126092 142869
365823 115721 136797
262207 120141 133979
302653 69216 168202
297878 109312 113707
117805 91330 167912
387890 105018 126582
202366 115637 173932
141256 89904 180694
380451 122999 160438
302102 138020 163382
380107 153842 184799
312486 166048 168848
213226 185052 199949
316853 82929 148620
140960 50733 76508
209954 54975 156358
263435 123692 142007
161602 114947 134783
178104 95397 177638
240774 197499 198141
295888 127605 137770
66723 140091 199972
307700 69668 71210
84245 186520 193199
370102 143832 161037
63641 103785 116405
112199 133571 166320
92747 161524 170116
379551 89627 170330
23002 146752 194396
220826 192639 194004
138843 59362 91939
322909 183413 185100
108379 67657 68425
76778 54110 89234
178615 117750 137361
169075 146301 192010
315932 55399 163350
11384 184949 190501
268585 74302 193737
73286 111479 170397
38296 100322 105147
243397 139582 146764
334518 147960 158639
112160 74737 127189
233634 53352 86539
341598 88778 198310
183133 104709 110542
152544 82444 171704
311583 151029 163961
333727 140666 190412
114862 128961 168731
5359 188709 197772
29269 123226 167426
103540 51738 180742
365569 151723 183097
28052 93320 146766
3189 92804 126408
383724 195348 195376
349209 123282 175809
271700 57008 160799
139318 121869 174154
323611 93579 139516
347485 122847 179661
319320 192738 199226
32244 108306 110605
64872 52710 60246
302630 55898 68180
261450 105973 128492
352715 55181 169158
161360 193232 199449
160672 82550 147063
105296 122512 126418
354982 119996 181858
327894 89315 100460
368896 187910 195539
195269 52781 185389
381315 71763 143860
26518 83212 109676
367068 102278 121560
230901 163638 179026
68095 190661 195958
277158 112308 143036
296152 133641 163672
154346 111534 137930
355279 180429 185474
180870 142050 172214
59171 189716 190503
109722 66233 84196
316246 133301 152690
344304 80553 155134
181947 148647 181586
252139 92156 132754
311196 188308 194627
190249 109005 192682
324969 164283 188124
63952 95152 96401
272069 120674 176266
51948 180395 198287
65040 162993 192869
213115 73648 103950
24827 55594 188673
293553 124085 137788
324587 135280 139078
0 0 0
