13
7 7
1 4
3 4
5 2
7 2
9 4
12 4
12 8
9 8
9 10
6 12
3 9
3 7
1 7
13
9 7
1 4
3 4
5 2
7 2
9 4
12 4
12 8
9 8
9 10
6 12
3 9
3 7
1 7
13
10 6
1 4
3 4
5 2
7 2
9 4
12 4
12 8
9 8
9 10
6 12
3 9
3 7
1 7
13
5 5
1 4
3 4
5 2
7 2
9 4
12 4
12 8
9 8
9 10
6 12
3 9
3 7
1 7
13
3 5
1 4
3 4
5 2
7 2
9 4
12 4
12 8
9 8
9 10
6 12
3 9
3 7
1 7
13
6 8
1 4
3 4
5 2
7 2
9 4
12 4
12 8
9 8
9 10
6 12
3 9
3 7
1 7
13
5 9
1 4
3 4
5 2
7 2
9 4
12 4
12 8
9 8
9 10
6 12
3 9
3 7
1 7
13
5 10
1 4
3 4
5 2
7 2
9 4
12 4
12 8
9 8
9 10
6 12
3 9
3 7
1 7
*
