Impossible
Impossible
Impossible
6
1 2
1 3
1 4
2 3
2 4
3 4
Impossible
9
1 2
1 3
1 4
5 6
5 2
5 3
4 6
4 2
3 6
Impossible
12
1 2
1 3
1 4
5 6
5 7
5 8
2 3
2 4
6 7
6 8
3 4
7 8
Impossible
15
1 2
1 3
1 4
5 6
5 7
5 8
9 10
9 2
9 3
4 6
4 7
8 10
8 2
3 6
7 10
Impossible
18
1 2
1 3
1 4
5 6
5 7
5 8
9 10
9 11
9 12
2 3
2 4
6 7
6 8
10 11
10 12
3 4
7 8
11 12
Impossible
21
1 2
1 3
1 4
5 6
5 7
5 8
9 10
9 11
9 12
13 14
13 2
13 3
4 6
4 7
8 10
8 11
12 14
12 2
3 6
7 10
11 14
Impossible
24
1 2
1 3
1 4
5 6
5 7
5 8
9 10
9 11
9 12
13 14
13 15
13 16
2 3
2 4
6 7
6 8
10 11
10 12
14 15
14 16
3 4
7 8
11 12
15 16
Impossible
27
1 2
1 3
1 4
5 6
5 7
5 8
9 10
9 11
9 12
13 14
13 15
13 16
17 18
17 2
17 3
4 6
4 7
8 10
8 11
12 14
12 15
16 18
16 2
3 6
7 10
11 14
15 18
Impossible
30
1 2
1 3
1 4
5 6
5 7
5 8
9 10
9 11
9 12
13 14
13 15
13 16
17 18
17 19
17 20
2 3
2 4
6 7
6 8
10 11
10 12
14 15
14 16
18 19
18 20
3 4
7 8
11 12
15 16
19 20
Impossible
33
1 2
1 3
1 4
5 6
5 7
5 8
9 10
9 11
9 12
13 14
13 15
13 16
17 18
17 19
17 20
21 22
21 2
21 3
4 6
4 7
8 10
8 11
12 14
12 15
16 18
16 19
20 22
20 2
3 6
7 10
11 14
15 18
19 22
Impossible
36
1 2
1 3
1 4
5 6
5 7
5 8
9 10
9 11
9 12
13 14
13 15
13 16
17 18
17 19
17 20
21 22
21 23
21 24
2 3
2 4
6 7
6 8
10 11
10 12
14 15
14 16
18 19
18 20
22 23
22 24
3 4
7 8
11 12
15 16
19 20
23 24
Impossible
39
1 2
1 3
1 4
5 6
5 7
5 8
9 10
9 11
9 12
13 14
13 15
13 16
17 18
17 19
17 20
21 22
21 23
21 24
25 26
25 2
25 3
4 6
4 7
8 10
8 11
12 14
12 15
16 18
16 19
20 22
20 23
24 26
24 2
3 6
7 10
11 14
15 18
19 22
23 26
Impossible
42
1 2
1 3
1 4
5 6
5 7
5 8
9 10
9 11
9 12
13 14
13 15
13 16
17 18
17 19
17 20
21 22
21 23
21 24
25 26
25 27
25 28
2 3
2 4
6 7
6 8
10 11
10 12
14 15
14 16
18 19
18 20
22 23
22 24
26 27
26 28
3 4
7 8
11 12
15 16
19 20
23 24
27 28
Impossible
45
1 2
1 3
1 4
5 6
5 7
5 8
9 10
9 11
9 12
13 14
13 15
13 16
17 18
17 19
17 20
21 22
21 23
21 24
25 26
25 27
25 28
29 30
29 2
29 3
4 6
4 7
8 10
8 11
12 14
12 15
16 18
16 19
20 22
20 23
24 26
24 27
28 30
28 2
3 6
7 10
11 14
15 18
19 22
23 26
27 30
Impossible
48
1 2
1 3
1 4
5 6
5 7
5 8
9 10
9 11
9 12
13 14
13 15
13 16
17 18
17 19
17 20
21 22
21 23
21 24
25 26
25 27
25 28
29 30
29 31
29 32
2 3
2 4
6 7
6 8
10 11
10 12
14 15
14 16
18 19
18 20
22 23
22 24
26 27
26 28
30 31
30 32
3 4
7 8
11 12
15 16
19 20
23 24
27 28
31 32
Impossible
51
1 2
1 3
1 4
5 6
5 7
5 8
9 10
9 11
9 12
13 14
13 15
13 16
17 18
17 19
17 20
21 22
21 23
21 24
25 26
25 27
25 28
29 30
29 31
29 32
33 34
33 2
33 3
4 6
4 7
8 10
8 11
12 14
12 15
16 18
16 19
20 22
20 23
24 26
24 27
28 30
28 31
32 34
32 2
3 6
7 10
11 14
15 18
19 22
23 26
27 30
31 34
Impossible
54
1 2
1 3
1 4
5 6
5 7
5 8
9 10
9 11
9 12
13 14
13 15
13 16
17 18
17 19
17 20
21 22
21 23
21 24
25 26
25 27
25 28
29 30
29 31
29 32
33 34
33 35
33 36
2 3
2 4
6 7
6 8
10 11
10 12
14 15
14 16
18 19
18 20
22 23
22 24
26 27
26 28
30 31
30 32
34 35
34 36
3 4
7 8
11 12
15 16
19 20
23 24
27 28
31 32
35 36
Impossible
57
1 2
1 3
1 4
5 6
5 7
5 8
9 10
9 11
9 12
13 14
13 15
13 16
17 18
17 19
17 20
21 22
21 23
21 24
25 26
25 27
25 28
29 30
29 31
29 32
33 34
33 35
33 36
37 38
37 2
37 3
4 6
4 7
8 10
8 11
12 14
12 15
16 18
16 19
20 22
20 23
24 26
24 27
28 30
28 31
32 34
32 35
36 38
36 2
3 6
7 10
11 14
15 18
19 22
23 26
27 30
31 34
35 38
Impossible
60
1 2
1 3
1 4
5 6
5 7
5 8
9 10
9 11
9 12
13 14
13 15
13 16
17 18
17 19
17 20
21 22
21 23
21 24
25 26
25 27
25 28
29 30
29 31
29 32
33 34
33 35
33 36
37 38
37 39
37 40
2 3
2 4
6 7
6 8
10 11
10 12
14 15
14 16
18 19
18 20
22 23
22 24
26 27
26 28
30 31
30 32
34 35
34 36
38 39
38 40
3 4
7 8
11 12
15 16
19 20
23 24
27 28
31 32
35 36
39 40
Impossible
63
1 2
1 3
1 4
5 6
5 7
5 8
9 10
9 11
9 12
13 14
13 15
13 16
17 18
17 19
17 20
21 22
21 23
21 24
25 26
25 27
25 28
29 30
29 31
29 32
33 34
33 35
33 36
37 38
37 39
37 40
41 42
41 2
41 3
4 6
4 7
8 10
8 11
12 14
12 15
16 18
16 19
20 22
20 23
24 26
24 27
28 30
28 31
32 34
32 35
36 38
36 39
40 42
40 2
3 6
7 10
11 14
15 18
19 22
23 26
27 30
31 34
35 38
39 42
Impossible
66
1 2
1 3
1 4
5 6
5 7
5 8
9 10
9 11
9 12
13 14
13 15
13 16
17 18
17 19
17 20
21 22
21 23
21 24
25 26
25 27
25 28
29 30
29 31
29 32
33 34
33 35
33 36
37 38
37 39
37 40
41 42
41 43
41 44
2 3
2 4
6 7
6 8
10 11
10 12
14 15
14 16
18 19
18 20
22 23
22 24
26 27
26 28
30 31
30 32
34 35
34 36
38 39
38 40
42 43
42 44
3 4
7 8
11 12
15 16
19 20
23 24
27 28
31 32
35 36
39 40
43 44
Impossible
69
1 2
1 3
1 4
5 6
5 7
5 8
9 10
9 11
9 12
13 14
13 15
13 16
17 18
17 19
17 20
21 22
21 23
21 24
25 26
25 27
25 28
29 30
29 31
29 32
33 34
33 35
33 36
37 38
37 39
37 40
41 42
41 43
41 44
45 46
45 2
45 3
4 6
4 7
8 10
8 11
12 14
12 15
16 18
16 19
20 22
20 23
24 26
24 27
28 30
28 31
32 34
32 35
36 38
36 39
40 42
40 43
44 46
44 2
3 6
7 10
11 14
15 18
19 22
23 26
27 30
31 34
35 38
39 42
43 46
Impossible
72
1 2
1 3
1 4
5 6
5 7
5 8
9 10
9 11
9 12
13 14
13 15
13 16
17 18
17 19
17 20
21 22
21 23
21 24
25 26
25 27
25 28
29 30
29 31
29 32
33 34
33 35
33 36
37 38
37 39
37 40
41 42
41 43
41 44
45 46
45 47
45 48
2 3
2 4
6 7
6 8
10 11
10 12
14 15
14 16
18 19
18 20
22 23
22 24
26 27
26 28
30 31
30 32
34 35
34 36
38 39
38 40
42 43
42 44
46 47
46 48
3 4
7 8
11 12
15 16
19 20
23 24
27 28
31 32
35 36
39 40
43 44
47 48
Impossible
75
1 2
1 3
1 4
5 6
5 7
5 8
9 10
9 11
9 12
13 14
13 15
13 16
17 18
17 19
17 20
21 22
21 23
21 24
25 26
25 27
25 28
29 30
29 31
29 32
33 34
33 35
33 36
37 38
37 39
37 40
41 42
41 43
41 44
45 46
45 47
45 48
49 50
49 2
49 3
4 6
4 7
8 10
8 11
12 14
12 15
16 18
16 19
20 22
20 23
24 26
24 27
28 30
28 31
32 34
32 35
36 38
36 39
40 42
40 43
44 46
44 47
48 50
48 2
3 6
7 10
11 14
15 18
19 22
23 26
27 30
31 34
35 38
39 42
43 46
47 50
Impossible
78
1 2
1 3
1 4
5 6
5 7
5 8
9 10
9 11
9 12
13 14
13 15
13 16
17 18
17 19
17 20
21 22
21 23
21 24
25 26
25 27
25 28
29 30
29 31
29 32
33 34
33 35
33 36
37 38
37 39
37 40
41 42
41 43
41 44
45 46
45 47
45 48
49 50
49 51
49 52
2 3
2 4
6 7
6 8
10 11
10 12
14 15
14 16
18 19
18 20
22 23
22 24
26 27
26 28
30 31
30 32
34 35
34 36
38 39
38 40
42 43
42 44
46 47
46 48
50 51
50 52
3 4
7 8
11 12
15 16
19 20
23 24
27 28
31 32
35 36
39 40
43 44
47 48
51 52
Impossible
81
1 2
1 3
1 4
5 6
5 7
5 8
9 10
9 11
9 12
13 14
13 15
13 16
17 18
17 19
17 20
21 22
21 23
21 24
25 26
25 27
25 28
29 30
29 31
29 32
33 34
33 35
33 36
37 38
37 39
37 40
41 42
41 43
41 44
45 46
45 47
45 48
49 50
49 51
49 52
53 54
53 2
53 3
4 6
4 7
8 10
8 11
12 14
12 15
16 18
16 19
20 22
20 23
24 26
24 27
28 30
28 31
32 34
32 35
36 38
36 39
40 42
40 43
44 46
44 47
48 50
48 51
52 54
52 2
3 6
7 10
11 14
15 18
19 22
23 26
27 30
31 34
35 38
39 42
43 46
47 50
51 54
Impossible
84
1 2
1 3
1 4
5 6
5 7
5 8
9 10
9 11
9 12
13 14
13 15
13 16
17 18
17 19
17 20
21 22
21 23
21 24
25 26
25 27
25 28
29 30
29 31
29 32
33 34
33 35
33 36
37 38
37 39
37 40
41 42
41 43
41 44
45 46
45 47
45 48
49 50
49 51
49 52
53 54
53 55
53 56
2 3
2 4
6 7
6 8
10 11
10 12
14 15
14 16
18 19
18 20
22 23
22 24
26 27
26 28
30 31
30 32
34 35
34 36
38 39
38 40
42 43
42 44
46 47
46 48
50 51
50 52
54 55
54 56
3 4
7 8
11 12
15 16
19 20
23 24
27 28
31 32
35 36
39 40
43 44
47 48
51 52
55 56
Impossible
87
1 2
1 3
1 4
5 6
5 7
5 8
9 10
9 11
9 12
13 14
13 15
13 16
17 18
17 19
17 20
21 22
21 23
21 24
25 26
25 27
25 28
29 30
29 31
29 32
33 34
33 35
33 36
37 38
37 39
37 40
41 42
41 43
41 44
45 46
45 47
45 48
49 50
49 51
49 52
53 54
53 55
53 56
57 58
57 2
57 3
4 6
4 7
8 10
8 11
12 14
12 15
16 18
16 19
20 22
20 23
24 26
24 27
28 30
28 31
32 34
32 35
36 38
36 39
40 42
40 43
44 46
44 47
48 50
48 51
52 54
52 55
56 58
56 2
3 6
7 10
11 14
15 18
19 22
23 26
27 30
31 34
35 38
39 42
43 46
47 50
51 54
55 58
Impossible
90
1 2
1 3
1 4
5 6
5 7
5 8
9 10
9 11
9 12
13 14
13 15
13 16
17 18
17 19
17 20
21 22
21 23
21 24
25 26
25 27
25 28
29 30
29 31
29 32
33 34
33 35
33 36
37 38
37 39
37 40
41 42
41 43
41 44
45 46
45 47
45 48
49 50
49 51
49 52
53 54
53 55
53 56
57 58
57 59
57 60
2 3
2 4
6 7
6 8
10 11
10 12
14 15
14 16
18 19
18 20
22 23
22 24
26 27
26 28
30 31
30 32
34 35
34 36
38 39
38 40
42 43
42 44
46 47
46 48
50 51
50 52
54 55
54 56
58 59
58 60
3 4
7 8
11 12
15 16
19 20
23 24
27 28
31 32
35 36
39 40
43 44
47 48
51 52
55 56
59 60
Impossible
93
1 2
1 3
1 4
5 6
5 7
5 8
9 10
9 11
9 12
13 14
13 15
13 16
17 18
17 19
17 20
21 22
21 23
21 24
25 26
25 27
25 28
29 30
29 31
29 32
33 34
33 35
33 36
37 38
37 39
37 40
41 42
41 43
41 44
45 46
45 47
45 48
49 50
49 51
49 52
53 54
53 55
53 56
57 58
57 59
57 60
61 62
61 2
61 3
4 6
4 7
8 10
8 11
12 14
12 15
16 18
16 19
20 22
20 23
24 26
24 27
28 30
28 31
32 34
32 35
36 38
36 39
40 42
40 43
44 46
44 47
48 50
48 51
52 54
52 55
56 58
56 59
60 62
60 2
3 6
7 10
11 14
15 18
19 22
23 26
27 30
31 34
35 38
39 42
43 46
47 50
51 54
55 58
59 62
Impossible
96
1 2
1 3
1 4
5 6
5 7
5 8
9 10
9 11
9 12
13 14
13 15
13 16
17 18
17 19
17 20
21 22
21 23
21 24
25 26
25 27
25 28
29 30
29 31
29 32
33 34
33 35
33 36
37 38
37 39
37 40
41 42
41 43
41 44
45 46
45 47
45 48
49 50
49 51
49 52
53 54
53 55
53 56
57 58
57 59
57 60
61 62
61 63
61 64
2 3
2 4
6 7
6 8
10 11
10 12
14 15
14 16
18 19
18 20
22 23
22 24
26 27
26 28
30 31
30 32
34 35
34 36
38 39
38 40
42 43
42 44
46 47
46 48
50 51
50 52
54 55
54 56
58 59
58 60
62 63
62 64
3 4
7 8
11 12
15 16
19 20
23 24
27 28
31 32
35 36
39 40
43 44
47 48
51 52
55 56
59 60
63 64
Impossible
99
1 2
1 3
1 4
5 6
5 7
5 8
9 10
9 11
9 12
13 14
13 15
13 16
17 18
17 19
17 20
21 22
21 23
21 24
25 26
25 27
25 28
29 30
29 31
29 32
33 34
33 35
33 36
37 38
37 39
37 40
41 42
41 43
41 44
45 46
45 47
45 48
49 50
49 51
49 52
53 54
53 55
53 56
57 58
57 59
57 60
61 62
61 63
61 64
65 66
65 2
65 3
4 6
4 7
8 10
8 11
12 14
12 15
16 18
16 19
20 22
20 23
24 26
24 27
28 30
28 31
32 34
32 35
36 38
36 39
40 42
40 43
44 46
44 47
48 50
48 51
52 54
52 55
56 58
56 59
60 62
60 63
64 66
64 2
3 6
7 10
11 14
15 18
19 22
23 26
27 30
31 34
35 38
39 42
43 46
47 50
51 54
55 58
59 62
63 66
Impossible
102
1 2
1 3
1 4
5 6
5 7
5 8
9 10
9 11
9 12
13 14
13 15
13 16
17 18
17 19
17 20
21 22
21 23
21 24
25 26
25 27
25 28
29 30
29 31
29 32
33 34
33 35
33 36
37 38
37 39
37 40
41 42
41 43
41 44
45 46
45 47
45 48
49 50
49 51
49 52
53 54
53 55
53 56
57 58
57 59
57 60
61 62
61 63
61 64
65 66
65 67
65 68
2 3
2 4
6 7
6 8
10 11
10 12
14 15
14 16
18 19
18 20
22 23
22 24
26 27
26 28
30 31
30 32
34 35
34 36
38 39
38 40
42 43
42 44
46 47
46 48
50 51
50 52
54 55
54 56
58 59
58 60
62 63
62 64
66 67
66 68
3 4
7 8
11 12
15 16
19 20
23 24
27 28
31 32
35 36
39 40
43 44
47 48
51 52
55 56
59 60
63 64
67 68
Impossible
105
1 2
1 3
1 4
5 6
5 7
5 8
9 10
9 11
9 12
13 14
13 15
13 16
17 18
17 19
17 20
21 22
21 23
21 24
25 26
25 27
25 28
29 30
29 31
29 32
33 34
33 35
33 36
37 38
37 39
37 40
41 42
41 43
41 44
45 46
45 47
45 48
49 50
49 51
49 52
53 54
53 55
53 56
57 58
57 59
57 60
61 62
61 63
61 64
65 66
65 67
65 68
69 70
69 2
69 3
4 6
4 7
8 10
8 11
12 14
12 15
16 18
16 19
20 22
20 23
24 26
24 27
28 30
28 31
32 34
32 35
36 38
36 39
40 42
40 43
44 46
44 47
48 50
48 51
52 54
52 55
56 58
56 59
60 62
60 63
64 66
64 67
68 70
68 2
3 6
7 10
11 14
15 18
19 22
23 26
27 30
31 34
35 38
39 42
43 46
47 50
51 54
55 58
59 62
63 66
67 70
Impossible
108
1 2
1 3
1 4
5 6
5 7
5 8
9 10
9 11
9 12
13 14
13 15
13 16
17 18
17 19
17 20
21 22
21 23
21 24
25 26
25 27
25 28
29 30
29 31
29 32
33 34
33 35
33 36
37 38
37 39
37 40
41 42
41 43
41 44
45 46
45 47
45 48
49 50
49 51
49 52
53 54
53 55
53 56
57 58
57 59
57 60
61 62
61 63
61 64
65 66
65 67
65 68
69 70
69 71
69 72
2 3
2 4
6 7
6 8
10 11
10 12
14 15
14 16
18 19
18 20
22 23
22 24
26 27
26 28
30 31
30 32
34 35
34 36
38 39
38 40
42 43
42 44
46 47
46 48
50 51
50 52
54 55
54 56
58 59
58 60
62 63
62 64
66 67
66 68
70 71
70 72
3 4
7 8
11 12
15 16
19 20
23 24
27 28
31 32
35 36
39 40
43 44
47 48
51 52
55 56
59 60
63 64
67 68
71 72
Impossible
111
1 2
1 3
1 4
5 6
5 7
5 8
9 10
9 11
9 12
13 14
13 15
13 16
17 18
17 19
17 20
21 22
21 23
21 24
25 26
25 27
25 28
29 30
29 31
29 32
33 34
33 35
33 36
37 38
37 39
37 40
41 42
41 43
41 44
45 46
45 47
45 48
49 50
49 51
49 52
53 54
53 55
53 56
57 58
57 59
57 60
61 62
61 63
61 64
65 66
65 67
65 68
69 70
69 71
69 72
73 74
73 2
73 3
4 6
4 7
8 10
8 11
12 14
12 15
16 18
16 19
20 22
20 23
24 26
24 27
28 30
28 31
32 34
32 35
36 38
36 39
40 42
40 43
44 46
44 47
48 50
48 51
52 54
52 55
56 58
56 59
60 62
60 63
64 66
64 67
68 70
68 71
72 74
72 2
3 6
7 10
11 14
15 18
19 22
23 26
27 30
31 34
35 38
39 42
43 46
47 50
51 54
55 58
59 62
63 66
67 70
71 74
Impossible
114
1 2
1 3
1 4
5 6
5 7
5 8
9 10
9 11
9 12
13 14
13 15
13 16
17 18
17 19
17 20
21 22
21 23
21 24
25 26
25 27
25 28
29 30
29 31
29 32
33 34
33 35
33 36
37 38
37 39
37 40
41 42
41 43
41 44
45 46
45 47
45 48
49 50
49 51
49 52
53 54
53 55
53 56
57 58
57 59
57 60
61 62
61 63
61 64
65 66
65 67
65 68
69 70
69 71
69 72
73 74
73 75
73 76
2 3
2 4
6 7
6 8
10 11
10 12
14 15
14 16
18 19
18 20
22 23
22 24
26 27
26 28
30 31
30 32
34 35
34 36
38 39
38 40
42 43
42 44
46 47
46 48
50 51
50 52
54 55
54 56
58 59
58 60
62 63
62 64
66 67
66 68
70 71
70 72
74 75
74 76
3 4
7 8
11 12
15 16
19 20
23 24
27 28
31 32
35 36
39 40
43 44
47 48
51 52
55 56
59 60
63 64
67 68
71 72
75 76
Impossible
117
1 2
1 3
1 4
5 6
5 7
5 8
9 10
9 11
9 12
13 14
13 15
13 16
17 18
17 19
17 20
21 22
21 23
21 24
25 26
25 27
25 28
29 30
29 31
29 32
33 34
33 35
33 36
37 38
37 39
37 40
41 42
41 43
41 44
45 46
45 47
45 48
49 50
49 51
49 52
53 54
53 55
53 56
57 58
57 59
57 60
61 62
61 63
61 64
65 66
65 67
65 68
69 70
69 71
69 72
73 74
73 75
73 76
77 78
77 2
77 3
4 6
4 7
8 10
8 11
12 14
12 15
16 18
16 19
20 22
20 23
24 26
24 27
28 30
28 31
32 34
32 35
36 38
36 39
40 42
40 43
44 46
44 47
48 50
48 51
52 54
52 55
56 58
56 59
60 62
60 63
64 66
64 67
68 70
68 71
72 74
72 75
76 78
76 2
3 6
7 10
11 14
15 18
19 22
23 26
27 30
31 34
35 38
39 42
43 46
47 50
51 54
55 58
59 62
63 66
67 70
71 74
75 78
Impossible
120
1 2
1 3
1 4
5 6
5 7
5 8
9 10
9 11
9 12
13 14
13 15
13 16
17 18
17 19
17 20
21 22
21 23
21 24
25 26
25 27
25 28
29 30
29 31
29 32
33 34
33 35
33 36
37 38
37 39
37 40
41 42
41 43
41 44
45 46
45 47
45 48
49 50
49 51
49 52
53 54
53 55
53 56
57 58
57 59
57 60
61 62
61 63
61 64
65 66
65 67
65 68
69 70
69 71
69 72
73 74
73 75
73 76
77 78
77 79
77 80
2 3
2 4
6 7
6 8
10 11
10 12
14 15
14 16
18 19
18 20
22 23
22 24
26 27
26 28
30 31
30 32
34 35
34 36
38 39
38 40
42 43
42 44
46 47
46 48
50 51
50 52
54 55
54 56
58 59
58 60
62 63
62 64
66 67
66 68
70 71
70 72
74 75
74 76
78 79
78 80
3 4
7 8
11 12
15 16
19 20
23 24
27 28
31 32
35 36
39 40
43 44
47 48
51 52
55 56
59 60
63 64
67 68
71 72
75 76
79 80
Impossible
123
1 2
1 3
1 4
5 6
5 7
5 8
9 10
9 11
9 12
13 14
13 15
13 16
17 18
17 19
17 20
21 22
21 23
21 24
25 26
25 27
25 28
29 30
29 31
29 32
33 34
33 35
33 36
37 38
37 39
37 40
41 42
41 43
41 44
45 46
45 47
45 48
49 50
49 51
49 52
53 54
53 55
53 56
57 58
57 59
57 60
61 62
61 63
61 64
65 66
65 67
65 68
69 70
69 71
69 72
73 74
73 75
73 76
77 78
77 79
77 80
81 82
81 2
81 3
4 6
4 7
8 10
8 11
12 14
12 15
16 18
16 19
20 22
20 23
24 26
24 27
28 30
28 31
32 34
32 35
36 38
36 39
40 42
40 43
44 46
44 47
48 50
48 51
52 54
52 55
56 58
56 59
60 62
60 63
64 66
64 67
68 70
68 71
72 74
72 75
76 78
76 79
80 82
80 2
3 6
7 10
11 14
15 18
19 22
23 26
27 30
31 34
35 38
39 42
43 46
47 50
51 54
55 58
59 62
63 66
67 70
71 74
75 78
79 82
Impossible
126
1 2
1 3
1 4
5 6
5 7
5 8
9 10
9 11
9 12
13 14
13 15
13 16
17 18
17 19
17 20
21 22
21 23
21 24
25 26
25 27
25 28
29 30
29 31
29 32
33 34
33 35
33 36
37 38
37 39
37 40
41 42
41 43
41 44
45 46
45 47
45 48
49 50
49 51
49 52
53 54
53 55
53 56
57 58
57 59
57 60
61 62
61 63
61 64
65 66
65 67
65 68
69 70
69 71
69 72
73 74
73 75
73 76
77 78
77 79
77 80
81 82
81 83
81 84
2 3
2 4
6 7
6 8
10 11
10 12
14 15
14 16
18 19
18 20
22 23
22 24
26 27
26 28
30 31
30 32
34 35
34 36
38 39
38 40
42 43
42 44
46 47
46 48
50 51
50 52
54 55
54 56
58 59
58 60
62 63
62 64
66 67
66 68
70 71
70 72
74 75
74 76
78 79
78 80
82 83
82 84
3 4
7 8
11 12
15 16
19 20
23 24
27 28
31 32
35 36
39 40
43 44
47 48
51 52
55 56
59 60
63 64
67 68
71 72
75 76
79 80
83 84
Impossible
129
1 2
1 3
1 4
5 6
5 7
5 8
9 10
9 11
9 12
13 14
13 15
13 16
17 18
17 19
17 20
21 22
21 23
21 24
25 26
25 27
25 28
29 30
29 31
29 32
33 34
33 35
33 36
37 38
37 39
37 40
41 42
41 43
41 44
45 46
45 47
45 48
49 50
49 51
49 52
53 54
53 55
53 56
57 58
57 59
57 60
61 62
61 63
61 64
65 66
65 67
65 68
69 70
69 71
69 72
73 74
73 75
73 76
77 78
77 79
77 80
81 82
81 83
81 84
85 86
85 2
85 3
4 6
4 7
8 10
8 11
12 14
12 15
16 18
16 19
20 22
20 23
24 26
24 27
28 30
28 31
32 34
32 35
36 38
36 39
40 42
40 43
44 46
44 47
48 50
48 51
52 54
52 55
56 58
56 59
60 62
60 63
64 66
64 67
68 70
68 71
72 74
72 75
76 78
76 79
80 82
80 83
84 86
84 2
3 6
7 10
11 14
15 18
19 22
23 26
27 30
31 34
35 38
39 42
43 46
47 50
51 54
55 58
59 62
63 66
67 70
71 74
75 78
79 82
83 86
Impossible
132
1 2
1 3
1 4
5 6
5 7
5 8
9 10
9 11
9 12
13 14
13 15
13 16
17 18
17 19
17 20
21 22
21 23
21 24
25 26
25 27
25 28
29 30
29 31
29 32
33 34
33 35
33 36
37 38
37 39
37 40
41 42
41 43
41 44
45 46
45 47
45 48
49 50
49 51
49 52
53 54
53 55
53 56
57 58
57 59
57 60
61 62
61 63
61 64
65 66
65 67
65 68
69 70
69 71
69 72
73 74
73 75
73 76
77 78
77 79
77 80
81 82
81 83
81 84
85 86
85 87
85 88
2 3
2 4
6 7
6 8
10 11
10 12
14 15
14 16
18 19
18 20
22 23
22 24
26 27
26 28
30 31
30 32
34 35
34 36
38 39
38 40
42 43
42 44
46 47
46 48
50 51
50 52
54 55
54 56
58 59
58 60
62 63
62 64
66 67
66 68
70 71
70 72
74 75
74 76
78 79
78 80
82 83
82 84
86 87
86 88
3 4
7 8
11 12
15 16
19 20
23 24
27 28
31 32
35 36
39 40
43 44
47 48
51 52
55 56
59 60
63 64
67 68
71 72
75 76
79 80
83 84
87 88
Impossible
135
1 2
1 3
1 4
5 6
5 7
5 8
9 10
9 11
9 12
13 14
13 15
13 16
17 18
17 19
17 20
21 22
21 23
21 24
25 26
25 27
25 28
29 30
29 31
29 32
33 34
33 35
33 36
37 38
37 39
37 40
41 42
41 43
41 44
45 46
45 47
45 48
49 50
49 51
49 52
53 54
53 55
53 56
57 58
57 59
57 60
61 62
61 63
61 64
65 66
65 67
65 68
69 70
69 71
69 72
73 74
73 75
73 76
77 78
77 79
77 80
81 82
81 83
81 84
85 86
85 87
85 88
89 90
89 2
89 3
4 6
4 7
8 10
8 11
12 14
12 15
16 18
16 19
20 22
20 23
24 26
24 27
28 30
28 31
32 34
32 35
36 38
36 39
40 42
40 43
44 46
44 47
48 50
48 51
52 54
52 55
56 58
56 59
60 62
60 63
64 66
64 67
68 70
68 71
72 74
72 75
76 78
76 79
80 82
80 83
84 86
84 87
88 90
88 2
3 6
7 10
11 14
15 18
19 22
23 26
27 30
31 34
35 38
39 42
43 46
47 50
51 54
55 58
59 62
63 66
67 70
71 74
75 78
79 82
83 86
87 90
Impossible
138
1 2
1 3
1 4
5 6
5 7
5 8
9 10
9 11
9 12
13 14
13 15
13 16
17 18
17 19
17 20
21 22
21 23
21 24
25 26
25 27
25 28
29 30
29 31
29 32
33 34
33 35
33 36
37 38
37 39
37 40
41 42
41 43
41 44
45 46
45 47
45 48
49 50
49 51
49 52
53 54
53 55
53 56
57 58
57 59
57 60
61 62
61 63
61 64
65 66
65 67
65 68
69 70
69 71
69 72
73 74
73 75
73 76
77 78
77 79
77 80
81 82
81 83
81 84
85 86
85 87
85 88
89 90
89 91
89 92
2 3
2 4
6 7
6 8
10 11
10 12
14 15
14 16
18 19
18 20
22 23
22 24
26 27
26 28
30 31
30 32
34 35
34 36
38 39
38 40
42 43
42 44
46 47
46 48
50 51
50 52
54 55
54 56
58 59
58 60
62 63
62 64
66 67
66 68
70 71
70 72
74 75
74 76
78 79
78 80
82 83
82 84
86 87
86 88
90 91
90 92
3 4
7 8
11 12
15 16
19 20
23 24
27 28
31 32
35 36
39 40
43 44
47 48
51 52
55 56
59 60
63 64
67 68
71 72
75 76
79 80
83 84
87 88
91 92
Impossible
141
1 2
1 3
1 4
5 6
5 7
5 8
9 10
9 11
9 12
13 14
13 15
13 16
17 18
17 19
17 20
21 22
21 23
21 24
25 26
25 27
25 28
29 30
29 31
29 32
33 34
33 35
33 36
37 38
37 39
37 40
41 42
41 43
41 44
45 46
45 47
45 48
49 50
49 51
49 52
53 54
53 55
53 56
57 58
57 59
57 60
61 62
61 63
61 64
65 66
65 67
65 68
69 70
69 71
69 72
73 74
73 75
73 76
77 78
77 79
77 80
81 82
81 83
81 84
85 86
85 87
85 88
89 90
89 91
89 92
93 94
93 2
93 3
4 6
4 7
8 10
8 11
12 14
12 15
16 18
16 19
20 22
20 23
24 26
24 27
28 30
28 31
32 34
32 35
36 38
36 39
40 42
40 43
44 46
44 47
48 50
48 51
52 54
52 55
56 58
56 59
60 62
60 63
64 66
64 67
68 70
68 71
72 74
72 75
76 78
76 79
80 82
80 83
84 86
84 87
88 90
88 91
92 94
92 2
3 6
7 10
11 14
15 18
19 22
23 26
27 30
31 34
35 38
39 42
43 46
47 50
51 54
55 58
59 62
63 66
67 70
71 74
75 78
79 82
83 86
87 90
91 94
Impossible
144
1 2
1 3
1 4
5 6
5 7
5 8
9 10
9 11
9 12
13 14
13 15
13 16
17 18
17 19
17 20
21 22
21 23
21 24
25 26
25 27
25 28
29 30
29 31
29 32
33 34
33 35
33 36
37 38
37 39
37 40
41 42
41 43
41 44
45 46
45 47
45 48
49 50
49 51
49 52
53 54
53 55
53 56
57 58
57 59
57 60
61 62
61 63
61 64
65 66
65 67
65 68
69 70
69 71
69 72
73 74
73 75
73 76
77 78
77 79
77 80
81 82
81 83
81 84
85 86
85 87
85 88
89 90
89 91
89 92
93 94
93 95
93 96
2 3
2 4
6 7
6 8
10 11
10 12
14 15
14 16
18 19
18 20
22 23
22 24
26 27
26 28
30 31
30 32
34 35
34 36
38 39
38 40
42 43
42 44
46 47
46 48
50 51
50 52
54 55
54 56
58 59
58 60
62 63
62 64
66 67
66 68
70 71
70 72
74 75
74 76
78 79
78 80
82 83
82 84
86 87
86 88
90 91
90 92
94 95
94 96
3 4
7 8
11 12
15 16
19 20
23 24
27 28
31 32
35 36
39 40
43 44
47 48
51 52
55 56
59 60
63 64
67 68
71 72
75 76
79 80
83 84
87 88
91 92
95 96
Impossible
147
1 2
1 3
1 4
5 6
5 7
5 8
9 10
9 11
9 12
13 14
13 15
13 16
17 18
17 19
17 20
21 22
21 23
21 24
25 26
25 27
25 28
29 30
29 31
29 32
33 34
33 35
33 36
37 38
37 39
37 40
41 42
41 43
41 44
45 46
45 47
45 48
49 50
49 51
49 52
53 54
53 55
53 56
57 58
57 59
57 60
61 62
61 63
61 64
65 66
65 67
65 68
69 70
69 71
69 72
73 74
73 75
73 76
77 78
77 79
77 80
81 82
81 83
81 84
85 86
85 87
85 88
89 90
89 91
89 92
93 94
93 95
93 96
97 98
97 2
97 3
4 6
4 7
8 10
8 11
12 14
12 15
16 18
16 19
20 22
20 23
24 26
24 27
28 30
28 31
32 34
32 35
36 38
36 39
40 42
40 43
44 46
44 47
48 50
48 51
52 54
52 55
56 58
56 59
60 62
60 63
64 66
64 67
68 70
68 71
72 74
72 75
76 78
76 79
80 82
80 83
84 86
84 87
88 90
88 91
92 94
92 95
96 98
96 2
3 6
7 10
11 14
15 18
19 22
23 26
27 30
31 34
35 38
39 42
43 46
47 50
51 54
55 58
59 62
63 66
67 70
71 74
75 78
79 82
83 86
87 90
91 94
95 98
Impossible
150
1 2
1 3
1 4
5 6
5 7
5 8
9 10
9 11
9 12
13 14
13 15
13 16
17 18
17 19
17 20
21 22
21 23
21 24
25 26
25 27
25 28
29 30
29 31
29 32
33 34
33 35
33 36
37 38
37 39
37 40
41 42
41 43
41 44
45 46
45 47
45 48
49 50
49 51
49 52
53 54
53 55
53 56
57 58
57 59
57 60
61 62
61 63
61 64
65 66
65 67
65 68
69 70
69 71
69 72
73 74
73 75
73 76
77 78
77 79
77 80
81 82
81 83
81 84
85 86
85 87
85 88
89 90
89 91
89 92
93 94
93 95
93 96
97 98
97 99
97 100
2 3
2 4
6 7
6 8
10 11
10 12
14 15
14 16
18 19
18 20
22 23
22 24
26 27
26 28
30 31
30 32
34 35
34 36
38 39
38 40
42 43
42 44
46 47
46 48
50 51
50 52
54 55
54 56
58 59
58 60
62 63
62 64
66 67
66 68
70 71
70 72
74 75
74 76
78 79
78 80
82 83
82 84
86 87
86 88
90 91
90 92
94 95
94 96
98 99
98 100
3 4
7 8
11 12
15 16
19 20
23 24
27 28
31 32
35 36
39 40
43 44
47 48
51 52
55 56
59 60
63 64
67 68
71 72
75 76
79 80
83 84
87 88
91 92
95 96
99 100
