5 5
0.1 0.2 0.1 0.2 0.1
0.1 0.2 0.3 0.1 0.1
0.2 0.3 0.1 0.1 0.3
0.4 0.1 0.1 0.1 0.2
0.2 0.2 0.3 0.3 0.1

5 10
0.1 0.1 0.1 0.1 0.1 0.1 0.1 0.1 0.1 0.1
0.2 0.2 0.2 0.2 0.2 0.2 0.2 0.2 0.2 0.2
0.3 0.3 0.3 0.3 0.3 0.3 0.3 0.3 0.3 0.3
0.4 0.4 0.4 0.4 0.4 0.4 0.4 0.4 0.4 0.4
0.5 0.5 0.5 0.5 0.5 0.5 0.5 0.5 0.5 0.6

3 3 
0.0 0.0 0.0
0.0 0.0 0.0
0.0 0.0 0.0

1 1
0.5 

5 5
0.1 0.1 0.1 0.1 0.9 
0.2 0.2 0.2 0.2 0.9 
0.3 0.7 0.3 0.9 0.9 
0.4 0.4 0.4 0.9 0.9 
0.5 0.5 0.5 0.5 0.9

5 5
0.1 0.1 0.1 0.1 0.9 
0.2 0.2 0.2 0.2 0.9 
0.3 0.11 0.3 0.9 0.9 
0.4 0.44 0.4 0.9 0.9 
0.5 0.15 0.25 0.5 0.9

5 5
0.1 0.1 0.1 0.1 0.3 
0.2 0.2 0.0002 0.2 0.2 
0.3 0.12 0.3 0.9 0.1 
0.4 0.4 0.4 0.9 0.9 
0.5 0.5 0.5 0.5 0.9

5 5
0.1 0.1 0.1 0.1 0.6 
0.2 0.2 0.2 0.2 0.004 
0.3 0.7 0.3 0.2 0.1 
0.4 0.4 0.4 0.9 0.1 
0.5 0.5 0.5 0.5 0.1

5 5
0.1 0.1 0.1 0.1 0.9 
0.2 0.2 0.2 0.3 0.9 
0.3 0.17 0.3 0.4 0.9 
0.4 0.14 0.4 0.1 0.9 
0.5 0.5 0.15 0.5 0.99

10 10
0.1 0.1 0.1 0.1 0.1 0.1 0.1 0.1 0.1 0.1  
0.1 0.1 0.1 0.1 0.1 0.1 0.1 0.1 0.1 0.1 
0.1 0.1 0.1 0.1 0.1 0.1 0.1 0.1 0.1 0.1 
0.1 0.1 0.1 0.2 0.1 0.1 0.1 0.1 0.1 0.1 
0.1 0.1 0.1 0.1 0.1 0.1 0.1 0.1 0.1 0.1 
0.1 0.1 0.1 0.1 0.1 0.1 0.1 0.1 0.1 0.1  
0.77 0.1 0.1 0.1 0.1 0.1 0.1 0.1 0.99 0.1 
0.1 0.88 0.1 0.1 0.77 0.1 0.1 0.1 0.1 0.1 
0.1 0.1 0.66 0.1 0.17 0.1 0.1 0.9 0.1 0.00001 
0.1 0.1 0.1 0.90 0.880 0.1 0.1 0.99 0.00001 0.222 

0 0
