545,537 1299,630 634,871 1019,1147 1118,1401 847,810 546,1050 1079,720 615,859 911,735 1246,1037 707,1164 643,946 956,559 945,1139 662,1491 1028,1423 935,1124 756,1417 1086,688 632,1395
775,102 825,419 739,254 1093,112 451,801 611,620 779,1068 380,549 441,788 150,565 1093,640 802,490 579,373 369,127 523,463 336,298 917,1058 615,553 209,605 914,910 655,422
676,580 1217,1535 607,1556 1572,1006 1018,1562 1543,718 949,1371 1340,1568 1395,760 1280,629 1308,1447 584,820 1249,1043 674,1061 850,1578 732,878 1158,1369 1184,1536 1344,1175 961,1133 1156,1275
296,41 527,842 677,341 374,728 389,101 594,745 692,615 207,137 95,828 134,246 477,63 386,81 1018,501 675,398 54,603 444,447 899,929 600,886 581,932 572,280 991,477
951,941 950,1400 988,1003 1538,1080 1559,974 1453,1904 1013,1429 1363,998 1137,1727 1559,1539 1485,1768 1779,1043 1612,1318 1933,1495 1556,1234 1930,1498 1185,1938 1308,1583 1351,1905 1073,968 1289,1584
418,340 470,455 1167,1017 1240,785 614,1135 611,451 1236,634 827,1227 1187,442 871,527 350,466 523,1068 1107,1284 383,1238 662,730 880,1003 500,361 469,1327 1037,720 771,1311 515,393
432,69 767,341 378,965 794,908 151,803 1034,685 882,800 628,925 1050,950 314,589 964,826 962,92 812,658 471,594 980,645 998,413 1067,696 684,375 591,408 213,1025 493,529
587,570 1113,1052 1013,1093 1284,610 964,1178 1366,856 1552,1460 797,953 984,707 881,912 1050,878 890,1016 1183,764 706,678 719,1129 1138,641 717,1032 1122,1511 1554,1187 1550,1299 794,697
366,204 220,797 1144,633 933,454 327,765 761,646 210,725 1191,346 832,339 256,751 762,754 212,665 1047,547 282,1026 276,505 505,642 1062,520 586,1001 301,314 250,423 874,1158
27,11 485,1010 532,464 496,583 1011,53 485,370 514,327 713,591 500,136 243,800 925,100 116,306 248,212 415,293 782,437 598,145 464,423 143,984 876,628 907,227 21,732
573,511 547,1138 954,1036 614,538 824,527 626,1280 1173,863 832,929 1496,954 1354,1435 1088,1158 846,1219 1482,1062 1187,729 1277,1197 1450,1203 1060,1485 1181,855 1361,1284 881,1026 1299,995
449,282 469,1238 1149,806 680,343 1081,1256 341,415 316,311 318,343 880,1083 380,818 1126,929 1144,796 1272,993 568,641 859,707 476,494 1156,1015 449,374 890,1198 434,688 524,492
889,274 864,1199 609,462 352,707 349,1195 705,1210 708,1046 1273,345 756,849 770,301 1060,995 1033,578 1087,640 494,590 397,735 1152,287 361,741 1211,1047 280,288 831,355 561,1261
719,367 1125,733 510,958 660,1005 985,797 725,743 453,889 461,672 1205,935 484,1082 947,922 900,1236 694,1258 1249,1251 1338,535 589,1057 607,699 423,1101 1289,1067 1090,906 848,447
565,266 1220,978 488,1057 545,604 1123,477 1158,1007 345,837 897,578 1072,1219 1098,293 909,689 624,316 422,898 1015,1144 788,495 575,1054 413,528 1117,634 670,748 324,526 958,567
769,352 1223,1335 785,1028 1288,616 1055,930 390,764 979,545 747,1079 774,1269 659,435 408,805 696,1259 1173,452 740,582 1063,431 882,415 552,753 398,1336 780,1333 600,482 1262,989
893,887 1717,1175 1501,1490 1443,1159 1572,1499 1612,1268 1757,1784 1367,1144 1013,1077 1574,1542 1140,1125 1294,1185 1108,1722 1517,1707 1203,1778 1344,1096 1665,1525 1736,1278 1127,1643 1549,1164 1254,1625
656,235 869,371 1079,346 912,765 1001,1164 354,759 813,927 593,794 746,909 684,554 469,461 1191,669 1203,783 425,1217 411,791 954,1067 379,940 554,1222 1050,1230 1104,1167 511,1222
455,204 882,369 968,745 1042,416 415,276 994,723 709,313 270,250 294,445 806,365 628,301 1069,946 287,235 292,507 519,567 494,326 772,523 490,887 415,328 450,626 751,239
939,402 546,759 851,987 1351,804 1147,774 900,1011 867,1334 1042,954 637,708 1317,1278 829,1236 596,1114 918,1159 589,1163 580,1135 550,871 890,1045 1227,690 629,527 1091,1374 898,588
959,579 696,1150 1442,1282 1455,708 1157,1233 1541,703 945,1408 1459,1131 1521,988 1216,668 1456,1055 662,632 1342,888 1108,1030 859,603 1567,791 914,1035 713,1128 738,941 1257,1315 594,1570
858,379 551,469 663,492 877,651 932,1105 1126,1014 509,888 674,1037 1338,954 412,1325 517,1098 1132,650 647,1290 1011,676 1378,1378 666,1236 757,837 1326,392 1301,1175 663,1205 901,761
811,2 892,109 663,202 35,47 499,172 766,252 794,33 162,778 681,160 776,967 369,505 777,667 870,50 814,153 876,687 887,687 690,776 793,702 976,177 746,472 698,509
487,70 959,301 333,637 810,458 954,528 960,728 544,827 127,356 330,1000 1040,214 1037,727 339,179 426,312 354,170 134,1049 1028,204 536,917 786,150 835,878 537,718 335,779
738,656 1473,1370 1032,1084 1299,1001 1227,1265 1010,1496 1374,1365 1089,1009 816,1152 987,774 1638,805 972,1353 1236,736 1160,1055 1384,777 1115,1040 867,931 1105,1242 1359,748 1586,1281 708,939
815,120 464,369 593,623 216,276 1092,197 776,407 246,355 839,1101 753,918 221,211 653,431 838,1102 1016,540 545,298 516,596 580,332 1069,923 580,893 778,1027 1048,1101 456,703
460,267 437,605 708,421 402,1161 512,934 471,581 915,719 352,339 896,747 1167,355 958,1115 510,769 1239,1167 676,1167 499,363 1101,766 823,270 455,615 424,589 508,1020 608,712
339,65 961,567 829,941 1046,80 1028,737 279,622 590,250 873,998 149,105 93,335 955,1000 337,143 348,845 816,940 949,156 736,366 496,983 867,611 858,848 625,821 871,838
329,311 1268,431 926,704 822,953 973,711 1240,596 788,874 376,539 748,1259 981,419 560,411 336,713 1308,481 495,867 1236,1300 639,899 630,948 370,596 340,880 1237,1001 1280,517
973,796 1564,1186 820,1353 1134,1490 812,1734 941,1188 1487,938 1357,1671 845,1633 1011,1525 1221,1681 1161,1631 965,1541 1552,1243 1230,1520 1448,1555 1668,1568 945,1692 1476,1634 1737,1491 923,1233
816,85 1015,1084 128,1064 920,343 144,344 579,508 531,748 604,286 546,1037 361,549 147,232 320,295 127,351 484,419 1045,962 856,483 779,785 481,173 115,315 782,173 926,276
861,285 490,665 771,950 968,1046 413,1030 1192,1000 591,586 1265,342 1271,577 1218,393 974,1263 445,721 351,474 302,1047 914,1142 589,1127 779,793 859,1264 457,893 376,585 989,635
365,361 363,706 779,700 997,1063 808,1037 1041,967 824,1106 507,841 1219,487 697,523 681,543 1030,1254 521,554 1213,964 1205,917 665,570 1278,666 1266,1047 1004,1254 748,802 929,427
382,45 207,237 907,65 714,594 578,1033 775,246 277,287 438,129 241,281 684,544 841,952 200,746 637,842 638,1023 283,557 441,680 939,602 223,800 973,892 701,505 879,430
65,12 990,417 513,185 1005,151 683,152 57,837 852,1000 986,444 329,575 308,724 209,201 633,387 308,560 585,963 372,770 347,384 187,325 140,687 497,484 825,520 624,221
450,331 879,988 566,1196 550,861 1259,1099 1049,879 825,344 779,397 646,1138 1154,981 509,1329 645,988 1003,481 460,1168 340,1071 728,1024 873,1276 680,1107 1140,1251 988,1067 1018,1058
635,179 270,262 424,585 420,598 586,949 947,899 605,619 400,733 807,409 472,203 1101,366 1147,449 1141,307 368,1150 395,1054 876,1030 585,966 464,181 723,704 600,1129 473,367
718,668 1647,1558 1293,1626 1139,937 1650,1060 1123,969 681,1437 1449,870 1407,1664 1096,1455 866,1502 1241,1150 855,1137 674,1275 1086,1319 815,755 1389,1145 996,1013 1455,818 1282,1436 1209,736
552,419 1255,619 525,1345 966,953 1131,1163 1138,1056 644,676 524,1001 635,941 651,781 1379,1372 609,1058 1068,1395 1207,681 514,747 1101,1286 652,936 485,757 862,1384 642,925 1127,712
932,141 691,387 1007,906 909,591 619,868 895,160 859,543 488,646 805,582 326,486 800,910 354,218 247,148 182,822 654,889 1114,795 173,1015 393,1039 779,160 488,608 238,241
485,165 1018,997 836,1033 789,372 729,448 1140,942 524,597 300,564 277,1164 663,602 170,695 475,421 944,465 791,290 931,239 741,768 405,945 599,427 813,223 633,376 505,959
338,49 274,523 497,738 521,346 526,877 875,187 132,653 486,109 129,604 183,56 206,774 836,640 1035,483 1049,502 693,740 647,1032 789,871 857,588 911,680 884,387 508,62
892,475 1091,739 1428,523 1293,561 529,802 637,1315 744,622 1100,743 1426,744 1433,1023 1078,524 1196,1237 1414,1058 867,1248 1395,1325 612,1222 1218,1228 486,522 627,655 959,680 981,1120
773,44 835,713 437,785 333,746 684,287 794,404 48,84 338,440 209,610 641,345 356,735 449,366 781,600 898,264 805,403 908,201 529,50 221,921 142,510 975,781 104,76
448,63 135,805 522,299 370,470 599,682 161,356 355,249 911,208 469,1023 919,684 179,755 690,356 631,787 173,561 876,232 945,324 647,1016 65,457 603,724 864,490 694,313
718,273 708,840 1044,1113 1151,899 1086,1267 590,712 911,509 787,1020 359,599 540,1240 1211,1124 544,565 517,1083 1225,669 509,1207 918,1228 480,353 1146,1250 544,1023 1227,356 368,895
872,731 1589,1470 1561,1026 1147,1180 1344,1085 1382,1614 1376,1625 1423,1679 1021,1010 1612,1017 1316,1170 1096,1188 1147,1367 1290,1452 801,736 1074,1674 1468,931 1412,1649 1225,827 1449,837 1532,1099
796,339 953,370 435,594 1000,1315 879,585 1106,1244 1041,873 1231,951 593,1300 956,935 594,1044 1134,1274 961,979 722,679 436,874 398,775 671,1011 1157,766 1265,818 1094,805 1063,860
776,369 423,982 1110,676 942,726 1272,1197 782,418 483,403 410,1217 1094,858 752,1153 646,1083 1176,815 861,1102 645,615 567,1368 487,1288 497,540 900,589 1199,824 945,453 651,709
747,483 1208,1007 1078,933 848,1460 1068,1124 525,874 569,1017 958,845 1262,1155 1195,1380 1073,674 902,955 893,1083 1410,820 1166,1043 1159,650 790,884 525,1385 685,889 713,621 881,755
879,483 640,838 680,770 509,1391 1018,1451 934,1437 1274,1343 1036,1200 680,1071 1112,707 589,1418 1107,982 671,660 740,1253 797,1137 876,677 972,1032 1031,1168 1318,1408 1428,853 1375,878
682,674 928,1253 1425,1476 840,1053 1052,1297 1340,675 796,879 1204,1052 1648,1517 1057,1040 1062,1546 940,1609 1230,775 886,1526 1496,1129 920,1522 1163,1526 1100,914 1327,1618 1644,704 1240,1661
686,382 574,646 798,547 840,1181 913,1228 404,1178 514,1311 630,725 1163,803 1180,408 650,668 1259,428 1259,1264 1371,581 645,1288 567,1379 1327,758 642,742 1275,1100 892,1157 1297,913
921,45 857,567 786,637 987,935 662,607 572,891 652,449 124,992 999,738 897,535 735,841 911,346 553,155 415,62 929,681 945,850 727,756 371,819 699,665 708,667 226,234
466,138 730,1035 575,1035 728,426 525,769 574,742 421,1081 851,143 449,1086 778,700 890,811 762,568 584,415 187,246 1037,719 435,855 209,378 752,645 275,693 932,1013 323,367
818,477 1000,1019 1300,1311 966,940 872,1069 612,848 850,1410 1124,1250 517,1022 830,813 739,900 1405,704 1406,893 1258,552 767,794 1132,596 612,655 489,1435 840,1329 1249,586 920,1383
478,167 357,293 1107,397 189,460 1084,802 234,1011 1028,515 778,1160 941,1067 476,595 537,611 1124,548 568,486 399,339 595,194 596,1073 713,786 550,652 367,572 296,283 206,715
311,251 1146,1173 495,919 425,804 698,1146 599,655 527,999 973,1110 522,400 488,302 658,1033 272,1040 518,471 796,998 939,1187 545,1250 438,791 523,1033 458,1048 937,257 943,284
408,318 450,800 847,1072 949,1084 1123,707 1217,1143 847,835 715,392 582,402 679,1227 752,865 767,375 998,325 1172,684 330,1215 1068,1090 885,552 572,413 1305,554 530,1109 942,781
967,503 1482,867 1080,1097 950,1440 1006,735 1338,1454 791,1370 1460,996 1087,824 1244,836 595,810 1069,848 1257,1408 1083,820 550,1058 1282,517 562,1261 1232,1490 854,1030 779,1356 1261,613
154,45 373,157 935,956 829,676 289,920 982,206 617,87 110,196 404,509 103,182 522,161 291,603 147,642 129,774 846,887 884,1001 284,563 464,173 474,247 803,69 473,92
998,535 623,1488 1037,1333 951,1446 1470,1427 561,1067 1336,1014 663,1420 743,816 613,933 1123,851 1450,541 1330,1230 1094,1440 1253,873 1486,789 872,925 741,725 1075,1156 635,1361 1399,1012
664,356 663,1193 1257,1222 473,1334 971,1060 1001,1238 417,795 932,1327 1051,650 664,1353 1255,1352 1095,460 541,634 432,992 459,647 468,815 663,1127 651,563 992,1119 540,607 1174,536
229,131 750,190 331,796 483,639 793,733 634,531 836,171 808,263 806,910 554,270 720,860 1040,367 1067,1027 481,602 629,299 782,1112 880,752 171,1080 416,874 587,429 476,441
696,48 397,773 581,72 551,1003 210,492 83,470 79,370 365,428 193,863 947,843 843,696 815,234 644,451 977,451 749,321 760,445 721,461 170,253 484,1024 207,997 819,594
800,721 1588,759 902,732 925,800 878,1072 799,1644 1257,746 1399,1185 1148,1099 1457,1212 1495,1130 1624,968 1334,1411 944,845 1711,1714 742,1432 1515,1608 821,1047 971,1025 1477,1479 1375,1555
540,32 890,742 37,669 119,124 511,244 532,765 491,497 806,65 972,795 409,992 857,554 230,956 879,831 611,987 589,616 820,621 157,1029 330,161 1017,768 604,847 979,104
546,404 1292,1076 1193,1231 838,570 542,1014 443,739 938,1290 538,868 596,446 452,1383 1034,928 731,683 408,1068 418,979 882,716 1050,781 473,937 452,1261 1115,1238 778,1252 847,817
327,182 832,850 974,1023 891,1021 353,872 896,679 1150,899 694,515 473,1172 826,1119 900,894 1003,947 1103,1066 780,476 913,223 888,447 550,537 466,693 377,1174 883,899 215,596
999,565 695,642 1249,986 983,1245 1274,700 956,1094 1465,876 977,1062 1522,1060 1454,1227 676,1174 934,960 684,1480 1303,1385 1197,1336 798,762 1335,928 838,1371 700,1256 1050,1408 742,792
370,75 613,210 1000,921 1056,240 582,166 848,950 560,319 865,650 138,848 420,722 1044,541 436,316 346,570 358,830 412,535 1057,135 962,946 269,238 791,601 403,649 691,527
452,448 1143,1038 827,557 810,1171 1204,1130 636,564 722,907 1411,1357 661,747 816,994 806,1054 864,1351 1217,931 876,896 505,844 1347,1305 648,1394 1246,1026 502,959 748,609 640,1287
464,276 573,515 649,1138 1165,368 683,523 326,451 777,446 285,557 1245,341 952,495 549,503 440,346 432,494 856,1083 1006,399 921,634 864,1218 872,588 1079,1113 1032,837 711,433
934,86 412,534 301,380 598,328 598,223 554,114 292,709 683,224 867,412 346,512 770,285 453,717 949,607 553,704 519,987 860,958 922,537 405,488 182,268 730,693 404,549
875,633 1071,863 646,851 1189,905 1276,1224 1104,994 854,966 1514,1321 935,1299 1573,1060 1170,760 862,840 1162,957 1021,1157 1563,691 1619,1549 1566,1056 1130,1578 1626,1037 1201,1268 1627,671
995,214 936,442 468,589 459,407 367,995 534,595 1201,414 918,941 937,1200 998,274 1115,282 1049,611 226,1041 1015,793 1027,1008 1183,374 574,256 954,827 983,1198 1020,1135 331,691
653,454 482,811 635,1204 1148,770 615,1048 837,1449 797,1200 627,949 1131,792 1094,1451 951,1454 844,1042 1418,612 1026,1223 885,1142 1051,890 596,1078 1246,1129 1179,1292 796,1340 885,531
231,124 946,529 1095,974 866,735 970,714 1086,360 302,1049 869,225 818,651 264,766 1086,405 390,230 431,466 1067,773 351,849 849,935 326,1022 691,296 872,432 906,1069 373,867
777,531 1199,1160 1409,1244 686,548 885,1000 1181,1502 1105,839 844,1399 839,1422 1123,563 1232,676 813,798 848,912 1457,629 1208,1058 724,740 1187,743 720,1065 1455,1226 1433,1160 694,1434
951,87 298,703 1042,605 593,986 989,646 130,622 264,446 1002,542 896,678 1068,440 238,723 651,778 608,926 473,862 554,635 116,505 723,326 472,677 196,330 575,449 888,970
895,328 569,490 1111,729 432,443 1081,935 1079,644 625,951 834,1010 1077,1301 558,1106 1070,545 344,455 1134,804 697,974 1165,849 1208,412 1177,800 573,960 1201,677 1074,1305 1283,1176
644,602 1425,752 887,1173 724,1468 950,818 684,1318 1296,841 1145,1016 838,1334 1536,717 1417,736 1189,662 719,1413 1362,817 1389,668 1016,1033 1270,838 1535,906 761,656 771,1460 1223,1204
572,313 1154,781 392,741 512,325 856,326 459,794 737,575 956,848 1141,742 913,555 525,933 790,457 1236,948 862,757 1158,483 358,1082 1148,550 549,1227 978,747 590,872 1112,1087
390,221 609,254 978,436 1034,929 677,245 900,506 740,1175 492,289 618,336 810,1014 1105,996 603,340 261,267 1126,538 1177,924 663,567 1145,1050 599,253 617,763 961,1072 787,991
435,134 857,540 989,605 1006,929 398,889 704,779 360,1095 176,264 763,1131 966,205 828,889 385,557 273,780 1098,364 631,663 1133,1117 1099,856 874,305 326,746 1100,941 852,669
942,802 1649,1646 874,1278 994,1057 1700,1687 1164,950 1109,1302 1596,1073 1531,1444 953,1529 1426,1269 1602,1518 1440,1794 1481,1405 952,1198 1291,1755 1493,1137 1598,916 1612,1790 1171,1509 1026,884
530,206 787,1206 359,867 1199,509 945,1174 328,745 889,965 1088,919 919,237 667,407 541,357 1093,337 822,255 676,542 313,899 623,519 781,555 870,285 567,862 588,306 830,1061
989,657 1270,880 1028,982 1262,1488 1534,1597 990,1420 727,1605 1468,1548 941,1575 1592,709 1239,1519 1410,903 1597,770 1558,1330 869,1533 1184,1210 1191,796 1432,1561 1472,1037 1391,700 976,723
805,739 1104,1707 1369,1739 976,1655 1143,1558 1516,895 803,1456 1007,1703 1128,1571 1579,1655 1123,1112 1145,898 1367,1312 1629,1452 1354,947 869,1511 1038,1233 1479,1019 1585,1715 934,988 1533,1711
856,403 1091,1074 576,479 905,767 746,641 491,504 799,1118 1076,1040 830,690 1247,1311 462,897 804,553 1176,1001 528,1370 1249,1322 1341,652 530,1380 675,1054 808,528 417,1150 765,504
846,108 923,627 853,701 266,1048 608,676 541,361 825,313 958,949 280,156 219,569 756,698 546,1027 348,950 504,362 696,865 462,895 326,629 765,422 221,922 362,1073 489,146
568,96 339,514 386,862 913,496 322,561 1085,759 831,325 600,226 930,540 335,283 326,552 803,334 865,268 148,470 232,880 508,800 977,750 569,618 867,386 1017,1092 202,358
839,10 852,876 980,685 319,218 871,900 25,930 490,793 101,541 167,588 676,930 291,908 935,115 429,705 756,350 52,861 963,62 701,804 280,22 478,588 229,690 830,243
598,298 665,339 479,1173 916,1144 1092,1196 1042,1016 653,460 710,398 1151,1104 1249,1103 1155,1291 1248,424 302,715 354,872 747,525 1104,345 1175,822 386,707 697,1003 552,842 1253,647
308,261 1124,286 1021,328 1091,323 485,300 315,434 777,318 1203,1184 891,651 762,1048 1049,638 924,1136 1046,674 1193,652 1217,499 352,830 1159,566 1207,918 633,388 980,856 778,385
118,32 565,92 339,546 833,840 333,621 568,347 847,353 759,778 95,66 367,537 635,616 842,932 625,565 58,695 511,575 818,629 959,350 41,265 864,841 424,516 429,960
211,149 749,1025 458,811 1058,1145 315,1012 728,476 911,320 1008,289 982,838 831,1120 435,1109 437,795 693,620 603,1085 455,1000 1012,604 563,611 479,223 624,740 218,1141 954,797
918,318 488,847 376,673 536,409 643,1173 368,1282 818,911 1105,623 846,410 825,708 865,1238 521,546 1312,995 488,732 339,1293 731,1009 563,901 537,620 607,1106 710,931 1312,759
927,844 877,1558 994,1757 1002,1500 1498,1548 1772,1701 1127,1765 1729,1649 1530,1101 1623,943 1791,1219 1525,1362 1520,1165 1501,911 1777,1495 1703,1056 1339,1087 1770,1840 999,1279 1496,1653 982,1423
771,16 867,269 592,552 526,722 650,472 96,682 989,771 1002,646 189,286 648,47 498,494 642,775 490,796 209,493 956,698 71,972 821,273 225,749 808,86 454,794 541,886
