0
3
0
4485
1119
522753
0
1558
0
0
6395304
67100673
39352
0
589751
0
197
49108
174556
73914001
55
33410240947737
13
3
504687739406
130243536
561
3005850051872
143226241492
2
838
2
421435943
2
3292490
55
413
78005740158077
683711
14
206158430204
63
16
17
2773673986
0
29347
0
24
0
0
0
120
0
137882
187118812512202
0
10441526377428
175254095078
30688178637452
44715
5537636269249
1594322
0
68719476735
383
16777216
49121
16777216
0
0
68719476806
0
4
1958789677853712
0
76
757
0
0
0
22046829
191041340
0
0
9515135030160
10360
2160447889296
10
2076770658
91827856206031
1548
149129622
588
568188
0
0
0
3
0
0
2
1
