20

01210
21120
21001
12110
12101
12101
00011
22222
11001
10010

0000000
0000000
1000000
1000000
1100000
1100000
1110000
1110000
1111000
1111000
1111100
1111100
1111110
1111110

0
1

0
0

110
011
022
202
112
220

0
0

011111
111010
100010
101011
101010
011100
010110
011000
010011
100001
001010
010101

000
000
010
011
010
010

10
01
01
20

1100
0100
0101
1011
0111
0100
1101
1111

0
0

10101
10011
10001
10101
00201
11000
00010
01000
00010
10000

0011
1001
1010
0101
0100
0011
0110
1000

011
001
101
010
100
010

111
210
101
100
011
001

0
0

00
01
01
11

0
0

100111
001111
011011
011001
101010
110100
001000
100001
010111
001000
011011
000001

1111101
1111011
1111010
0110011
1100010
0000010
0100010
1011110
0100011
0110010
0010100
0101000
0100001
0110010
