     3  10 9  6  2

1    0  1  1  1  0
5    1  0  1  0  1
7    0  0  0  1  1
8    0  1  0  0  0
4    1  0  1  1  0

     14 12 10 8  6  4  2

13   1  1  1  1  1  1  0
11   1  1  1  1  1  0  0
9    1  1  1  1  0  0  0
7    1  1  1  0  0  0  0
5    1  1  0  0  0  0  0
3    1  0  0  0  0  0  0
1    0  0  0  0  0  0  0

impossible

     2

1    0

     4  5  6

1    1  1  0
2    0  1  1
3    0  0  0

     2

1    0

     12 5  2  11 7  9

8    0  1  1  0  0  0
4    1  0  1  0  1  1
6    0  1  1  1  0  0
3    1  0  0  0  1  0
1    0  1  1  1  1  1
10   1  0  0  0  0  1

impossible

     4  3

1    1  0
2    0  1

impossible

     2

1    0

     2  9  10 8  4

1    1  0  1  0  1
7    0  0  0  1  0
5    0  0  0  0  1
6    1  1  0  0  0
3    1  0  0  0  1

     5  6  2  3

1    0  0  1  1
8    1  0  0  0
4    0  1  0  1
7    0  1  1  0

     6  5  1

4    0  1  0
3    1  0  1
2    0  0  1

     5  3  6

2    0  1  0
4    1  0  0
1    1  1  1

     2

1    0

     2  3

1    0  0
4    1  1

     2

1    0

impossible

impossible
