5
84 6
-445.13 347.11
727.97 694.64
321.35 -702.51
490.54 475.34
-957.03 -867.61
412.11 154.72
504.52 752.62
-974.73 -571.11
735.84 -286.01
-273.80 918.82
444.89 -821.47
170.29 -766.48
79.71 -20.75
328.25 51.64
831.24 860.72
14.47 786.56
890.50 957.52
-299.19 -605.53
-727.72 -425.84
-571.84 890.87
517.33 -672.36
-372.38 135.56
586.24 -283.87
664.92 450.26
-742.98 -824.04
919.80 630.37
-660.58 689.09
212.83 -85.63
17.76 -995.79
392.70 -528.02
635.56 533.33
-103.94 -25.33
233.58 -13.00
92.35 -188.84
-845.15 810.00
226.62 -490.84
28.08 -519.84
772.09 927.06
442.87 733.70
5.86 777.95
628.66 -222.05
-380.80 -952.76
449.89 555.54
175.96 -131.41
-969.48 121.34
231.08 -581.97
-680.42 195.74
-78.49 391.30
910.77 -44.37
842.41 -375.12
-571.59 -873.47
-978.88 424.38
-207.52 -561.89
801.15 162.60
-325.38 -495.06
448.97 709.35
458.68 -803.77
-704.47 255.92
17.09 555.73
-773.74 96.50
616.52 -664.79
330.32 929.44
264.65 203.92
-476.99 239.99
811.22 -304.20
-46.51 -671.81
-884.95 -42.11
9.46 -456.73
590.33 -637.88
-267.15 287.90
-555.97 -957.82
-542.48 354.37
917.48 -580.44
482.54 -844.73
-155.76 -220.03
592.71 -588.81
836.79 962.65
239.56 -141.78
414.61 226.26
195.19 -463.07
386.60 352.54
490.48 226.38
799.19 50.66
-548.16 585.08
72 27
647.71 561.28
476.14 -330.02
557.56 -364.69
737.98 749.21
776.37 -543.27
-702.88 631.04
-433.23 438.11
314.88 -367.00
570.80 868.90
275.88 -756.16
-504.88 110.60
651.12 -616.52
580.87 437.07
627.81 -536.07
-328.92 -918.40
-781.98 -686.71
-311.16 -946.41
-941.35 -974.43
-662.66 287.05
-784.36 -201.11
835.82 -315.80
-696.17 824.34
-497.56 -384.70
236.82 288.21
998.23 -561.40
-82.82 -450.01
-957.52 -397.77
-818.66 558.53
-585.45 890.50
310.36 -430.73
-947.57 377.01
-580.08 -775.70
61.77 648.07
-958.37 58.78
-552.19 -143.01
208.25 -505.00
381.90 -825.81
355.16 -612.30
-183.65 -806.88
351.14 182.68
258.67 -143.19
969.97 750.73
519.35 -534.55
116.46 -39.73
-755.98 -670.72
-881.16 -949.28
43.58 -371.89
-600.59 868.96
34.61 -959.47
-162.35 -968.32
602.29 -295.04
136.29 -923.83
198.43 75.56
504.39 661.44
-12.70 -765.26
968.87 883.30
151.49 -774.41
627.99 -235.47
-329.59 966.25
158.20 -16.30
-615.84 308.59
-112.30 -95.03
-845.21 -195.92
748.78 -29.60
937.87 739.26
421.81 -480.90
576.66 -996.70
-17.27 93.75
131.59 -650.27
-632.81 298.40
-442.99 -384.52
963.62 269.47
5 83
-352.29 822.33
302.80 -816.65
570.68 -663.64
212.46 -803.89
-986.08 -559.02
50 80
-377.14 564.27
-835.33 -934.88
-668.21 408.14
-790.59 736.94
-707.09 411.44
-909.97 770.69
121.70 -736.15
129.33 23.44
-228.70 533.02
343.99 -714.36
347.90 -532.47
286.07 -992.13
-819.52 -961.73
-831.12 172.06
456.97 280.40
91.06 -129.94
738.83 998.66
170.53 151.37
667.54 -101.44
401.31 -296.81
174.68 205.63
-955.02 924.74
-491.21 -164.25
-629.21 -40.95
-609.50 178.41
-445.19 243.47
609.86 556.15
-447.57 -856.69
376.89 421.88
755.80 229.06
-261.17 357.30
-750.92 761.11
-623.41 -65.73
473.57 943.85
91.74 -497.50
115.72 511.90
-701.42 -35.03
-969.85 -789.00
-168.40 -395.69
-989.56 735.29
382.32 22.58
-779.79 685.12
-122.44 256.65
96.44 105.90
-888.49 -867.68
538.21 -827.70
-55.97 918.21
-806.76 578.98
-621.70 344.24
-345.64 -799.26
86 68
378.60 -414.49
-102.54 490.78
-858.34 -159.30
955.87 -527.59
839.78 -522.28
-129.82 -805.24
452.09 -224.98
-842.71 49.99
-24.72 224.18
898.44 -872.99
-856.51 -380.49
-280.58 522.28
746.28 -644.59
-851.14 -485.78
355.90 -507.02
-331.60 -337.46
-721.74 -841.19
-233.28 896.85
538.21 -162.11
309.75 -344.60
712.77 -875.73
-459.78 -862.98
-575.32 -509.58
-982.12 729.61
-691.47 -360.66
-185.55 676.03
261.66 -999.21
-725.40 -958.86
793.33 934.69
-344.54 -957.70
283.81 -796.14
958.50 -194.52
965.70 -720.83
-735.78 609.44
-558.96 -961.06
884.09 -318.97
545.96 425.42
-359.07 -396.30
-625.12 620.67
-409.30 401.49
278.38 304.93
498.66 361.82
645.08 -441.16
381.41 -341.25
282.35 973.51
427.98 839.23
206.12 529.05
612.49 -764.16
-345.89 -193.54
-689.51 -632.69
-866.15 92.83
-767.94 389.77
318.30 -55.85
983.28 661.62
601.99 767.94
569.58 484.01
-870.61 -12.94
152.71 -920.47
108.76 348.88
374.45 871.70
223.45 941.10
-441.35 -871.95
-46.57 476.99
105.35 28.32
-380.49 413.09
-611.63 -778.32
-37.23 460.94
-530.58 -65.67
71.35 56.03
940.92 690.25
467.77 346.74
-789.12 -291.81
168.76 264.34
540.77 36.56
-469.85 -761.47
150.57 489.20
-310.55 119.20
-297.73 444.46
418.76 868.47
474.79 -429.87
-799.74 583.86
-456.67 536.44
-663.45 417.18
-725.71 -219.91
-90.94 949.04
-550.17 381.47
