300
1 1 1
1 1
2 1 1
1 1
1 2 1
1 2
1 2 2
1 1
1 2
1 3 1
1 1
1 3 1
1 2
1 3 2
1 1
1 2
1 3 1
1 3
1 3 2
1 1
1 3
3 1 2
2 1
3 1
3 1 3
1 1
2 1
3 1
1 4 1
1 1
2 2 1
1 2
4 1 2
1 1
2 1
1 4 1
1 3
4 1 2
1 1
3 1
2 2 2
1 2
2 1
2 2 3
1 1
1 2
2 1
1 4 1
1 4
4 1 2
1 1
4 1
4 1 2
2 1
4 1
1 4 3
1 1
1 2
1 4
4 1 2
3 1
4 1
1 4 3
1 1
1 3
1 4
4 1 3
2 1
3 1
4 1
1 4 4
1 1
1 2
1 3
1 4
3 2 1
1 2
3 2 2
1 1
1 2
2 3 1
1 3
3 2 2
1 1
2 1
2 3 2
1 2
1 3
3 2 2
1 1
2 2
3 2 2
2 1
2 2
3 2 3
1 2
2 1
2 2
2 3 4
1 1
1 2
1 3
2 1
2 3 1
2 2
3 2 2
1 1
3 1
3 2 3
1 1
1 2
3 1
2 3 2
1 3
2 2
2 3 3
1 2
1 3
2 2
3 2 4
1 1
1 2
2 1
3 1
3 2 2
2 2
3 1
3 2 3
1 1
2 2
3 1
2 3 3
1 2
2 1
2 2
3 2 4
1 1
1 2
2 2
3 1
2 3 3
1 3
2 1
2 2
3 2 4
1 1
2 1
2 2
3 1
3 2 4
1 2
2 1
2 2
3 1
3 2 2
1 1
3 2
3 2 3
1 1
1 2
3 2
2 3 2
1 3
2 3
3 2 3
1 1
2 1
3 2
3 2 3
1 2
2 1
3 2
2 3 3
1 1
2 1
2 3
2 3 3
1 2
2 1
2 3
2 3 3
1 3
2 1
2 3
2 3 4
1 1
1 3
2 1
2 3
3 2 5
1 1
1 2
2 1
2 2
3 2
2 3 2
2 2
2 3
2 3 3
1 1
2 2
2 3
2 3 3
1 2
2 2
2 3
2 3 4
1 1
1 3
2 2
2 3
3 2 4
1 2
2 1
3 1
3 2
3 2 5
1 1
1 2
2 1
3 1
3 2
2 3 3
2 1
2 2
2 3
2 3 5
1 1
1 2
2 1
2 2
2 3
2 3 4
1 3
2 1
2 2
2 3
2 3 5
1 1
1 3
2 1
2 2
2 3
4 2 1
1 1
2 4 2
1 1
1 2
4 2 2
1 2
2 1
2 4 1
1 4
2 4 2
1 2
1 4
4 2 3
1 1
1 2
3 1
2 4 2
1 3
2 1
4 2 3
1 1
2 1
3 1
2 4 4
1 1
1 2
1 3
2 1
4 2 3
1 1
2 2
3 1
4 2 3
1 2
2 2
3 1
4 2 4
1 1
1 2
2 2
3 1
2 4 2
1 1
2 2
2 4 2
1 3
2 2
2 4 4
1 1
1 2
2 1
2 2
2 4 3
1 3
2 1
2 2
4 2 4
1 2
2 1
3 1
3 2
4 2 4
1 1
2 2
3 1
3 2
2 4 4
1 2
1 4
2 1
2 2
2 4 6
1 1
1 2
1 3
1 4
2 1
2 2
4 2 3
1 1
1 2
4 1
2 4 2
1 3
2 3
2 4 3
1 1
1 3
2 3
2 4 3
1 2
1 3
2 3
4 2 4
1 1
2 1
2 2
4 1
2 4 4
1 2
1 3
1 4
2 3
4 2 2
3 1
4 1
2 4 3
1 2
2 1
2 3
4 2 3
2 1
3 1
4 1
4 2 5
1 1
1 2
2 2
3 1
4 1
2 4 2
2 2
2 3
4 2 4
1 1
1 2
3 2
4 1
4 2 3
2 1
3 2
4 1
4 2 4
1 1
2 2
3 2
4 1
4 2 5
1 1
2 1
2 2
3 2
4 1
2 4 6
1 1
1 2
1 3
1 4
2 2
2 3
4 2 3
3 1
3 2
4 1
4 2 5
1 2
2 1
3 1
3 2
4 1
2 4 6
1 1
1 2
1 3
2 1
2 2
2 3
4 2 6
1 1
2 1
2 2
3 1
3 2
4 1
4 2 6
1 2
2 1
2 2
3 1
3 2
4 1
4 2 3
1 1
1 2
4 2
4 2 2
2 1
4 2
4 2 3
1 1
2 1
4 2
4 2 3
1 2
2 1
4 2
4 2 5
1 1
1 2
2 1
2 2
4 2
2 4 4
1 1
1 4
2 1
2 4
4 2 5
1 1
1 2
2 2
3 1
4 2
4 2 2
3 2
4 2
4 2 3
1 2
3 2
4 2
4 2 5
1 1
1 2
2 1
3 2
4 2
2 4 4
1 1
1 4
2 2
2 4
4 2 4
1 2
2 2
3 2
4 2
4 2 4
2 1
2 2
3 2
4 2
4 2 6
1 1
1 2
2 1
2 2
3 2
4 2
4 2 4
1 2
3 1
3 2
4 2
2 4 5
1 1
1 2
2 1
2 2
2 4
4 2 6
1 1
1 2
2 1
3 1
3 2
4 2
4 2 5
2 1
2 2
3 1
3 2
4 2
2 4 2
2 3
2 4
2 4 5
1 1
1 2
1 3
2 3
2 4
4 2 4
1 1
2 2
4 1
4 2
4 2 5
1 1
2 1
3 1
4 1
4 2
2 4 5
1 2
1 3
2 1
2 3
2 4
2 4 6
1 1
1 2
1 3
2 1
2 3
2 4
4 2 4
2 2
3 1
4 1
4 2
2 4 5
1 2
1 4
2 1
2 3
2 4
2 4 5
1 3
1 4
2 1
2 3
2 4
4 2 6
1 2
2 1
2 2
3 1
4 1
4 2
2 4 4
1 3
2 2
2 3
2 4
2 4 5
1 1
1 3
2 2
2 3
2 4
2 4 6
1 1
1 2
1 3
2 2
2 3
2 4
4 2 5
1 2
2 2
3 2
4 1
4 2
2 4 4
2 1
2 2
2 3
2 4
4 2 5
2 1
3 1
3 2
4 1
4 2
4 2 6
1 1
2 1
3 1
3 2
4 1
4 2
2 4 7
1 1
1 2
1 4
2 1
2 2
2 3
2 4
2 4 6
1 3
1 4
2 1
2 2
2 3
2 4
2 4 7
1 2
1 3
1 4
2 1
2 2
2 3
2 4
3 3 1
1 1
3 3 2
1 3
2 1
3 3 3
1 1
1 2
2 2
3 3 2
1 3
2 2
3 3 4
1 1
1 2
1 3
2 2
3 3 3
1 3
2 1
2 2
3 3 4
1 2
1 3
2 1
2 2
3 3 2
2 1
2 3
3 3 2
1 3
3 1
3 3 3
1 2
1 3
3 1
3 3 3
1 1
2 1
3 1
3 3 3
1 3
2 2
3 1
3 3 3
2 1
2 2
3 1
3 3 4
1 1
2 1
2 3
3 1
3 3 4
1 2
2 1
2 3
3 1
3 3 4
1 3
2 1
2 3
3 1
3 3 2
1 2
3 2
3 3 5
1 1
1 2
1 3
2 1
3 2
3 3 5
1 1
1 2
1 3
2 2
3 2
3 3 3
1 3
2 3
3 2
3 3 4
1 3
2 1
2 3
3 2
3 3 5
1 2
1 3
2 1
2 3
3 2
3 3 5
1 2
1 3
2 2
2 3
3 2
3 3 5
1 2
2 1
2 2
2 3
3 2
3 3 3
1 1
3 1
3 2
3 3 4
1 2
1 3
3 1
3 2
3 3 5
1 1
1 2
1 3
3 1
3 2
3 3 6
1 2
1 3
2 1
2 3
3 1
3 2
3 3 5
2 1
2 2
2 3
3 1
3 2
3 3 2
1 3
3 3
3 3 3
2 1
2 3
3 3
3 3 4
2 1
2 2
2 3
3 3
3 3 5
1 1
2 1
2 2
2 3
3 3
3 3 5
1 3
2 1
2 2
2 3
3 3
3 3 4
1 1
1 2
3 1
3 3
3 3 3
1 3
3 1
3 3
3 3 5
1 1
1 2
1 3
3 1
3 3
3 3 7
1 1
1 2
1 3
2 2
2 3
3 2
3 3
3 3 5
1 3
2 1
3 1
3 2
3 3
3 3 5
1 3
2 3
3 1
3 2
3 3
4 3 2
2 3
3 1
4 3 4
1 2
1 3
2 3
3 2
4 3 5
1 2
1 3
2 3
3 1
3 2
3 4 5
1 4
2 1
2 2
2 3
2 4
3 4 5
1 1
1 2
1 4
2 2
3 1
4 3 7
1 1
1 2
1 3
2 1
2 2
3 2
3 3
3 4 5
1 2
1 4
2 2
2 4
3 1
3 4 4
1 1
2 3
2 4
3 1
3 4 3
2 1
2 3
3 2
3 4 6
1 1
1 2
1 3
2 1
2 3
3 2
3 4 6
1 2
1 3
1 4
2 2
2 3
3 2
3 4 6
1 1
1 3
1 4
2 3
3 1
3 2
3 4 5
1 4
2 2
2 3
3 1
3 2
4 3 7
1 1
1 2
2 1
2 2
3 2
3 3
4 1
3 4 5
1 1
2 3
2 4
3 1
3 2
3 4 6
1 2
1 3
1 4
2 1
2 3
3 3
4 3 4
1 2
2 3
3 2
4 2
4 3 4
2 2
3 1
3 2
4 2
4 3 6
1 2
1 3
2 1
2 2
3 3
4 2
3 4 7
1 1
1 3
1 4
2 1
2 3
3 1
3 3
3 4 4
1 3
2 4
3 1
3 3
4 3 6
1 1
1 2
2 2
3 2
3 3
4 2
3 4 7
1 1
1 3
1 4
2 1
2 4
3 1
3 3
3 4 6
1 4
2 1
2 3
2 4
3 1
3 3
3 4 6
1 2
1 3
1 4
2 1
3 2
3 3
3 4 5
1 1
1 2
2 3
3 2
3 3
3 4 5
1 2
2 2
2 3
3 2
3 3
4 3 5
1 3
2 3
3 1
4 1
4 2
3 4 7
1 1
1 2
1 3
2 2
2 4
3 2
3 3
4 3 7
1 2
2 1
2 2
3 1
3 3
4 1
4 2
3 4 8
1 2
1 3
1 4
2 2
2 3
3 1
3 2
3 3
3 4 5
2 1
2 4
3 1
3 2
3 3
4 3 7
2 1
2 3
3 1
3 2
3 3
4 1
4 2
3 4 3
1 3
2 1
3 4
4 3 6
1 1
1 2
1 3
2 1
3 1
4 3
4 3 4
1 3
2 3
3 2
4 3
3 4 7
1 1
1 2
1 3
1 4
2 3
2 4
3 4
3 4 6
1 1
1 3
2 1
2 3
2 4
3 4
3 4 5
1 4
2 2
2 3
3 1
3 4
4 3 9
1 1
1 2
1 3
2 1
2 2
2 3
3 1
3 3
4 3
4 3 6
1 1
1 3
2 1
3 2
3 3
4 3
4 3 7
1 1
1 2
2 2
3 1
3 2
3 3
4 3
4 3 8
1 2
1 3
2 1
2 3
3 1
3 2
3 3
4 3
4 3 9
1 1
1 2
2 1
2 2
2 3
3 1
3 2
3 3
4 3
4 3 5
1 1
1 3
2 1
4 1
4 3
4 3 4
2 2
3 2
4 1
4 3
3 4 5
1 4
2 1
2 4
3 2
3 4
3 4 6
1 3
2 1
2 2
2 4
3 2
3 4
4 3 7
1 1
2 2
2 3
3 1
3 2
4 1
4 3
3 4 7
1 2
1 3
1 4
2 2
3 1
3 2
3 4
3 4 8
1 2
1 3
1 4
2 1
2 2
3 1
3 2
3 4
4 3 5
1 2
3 2
3 3
4 1
4 3
3 4 6
1 3
2 2
2 4
3 1
3 2
3 4
4 3 10
1 1
1 2
1 3
2 1
2 2
2 3
3 2
3 3
4 1
4 3
4 3 8
1 2
2 1
2 2
3 1
3 2
3 3
4 1
4 3
4 3 7
1 2
1 3
2 2
2 3
3 2
4 2
4 3
3 4 6
1 2
1 3
2 3
2 4
3 3
3 4
3 4 9
1 1
1 3
1 4
2 1
2 2
2 3
2 4
3 3
3 4
4 3 6
1 1
1 2
1 3
3 3
4 2
4 3
4 3 6
1 3
2 2
3 1
3 3
4 2
4 3
4 3 5
1 3
3 2
3 3
4 2
4 3
3 4 7
1 1
2 2
2 3
2 4
3 1
3 3
3 4
3 4 7
1 4
2 2
2 3
2 4
3 1
3 3
3 4
4 3 5
1 1
1 2
4 1
4 2
4 3
4 3 6
1 2
1 3
3 1
4 1
4 2
4 3
3 4 9
1 1
1 2
1 3
2 1
2 2
2 3
3 2
3 3
3 4
3 4 6
1 2
1 4
2 4
3 2
3 3
3 4
4 3 7
1 2
2 1
3 2
3 3
4 1
4 2
4 3
3 4 8
2 1
2 2
2 3
2 4
3 1
3 2
3 3
3 4
4 4 6
1 1
1 2
1 3
2 2
2 4
3 1
4 4 7
1 1
1 2
1 4
2 1
2 2
2 3
3 2
4 4 9
1 1
1 2
1 4
2 1
2 4
3 2
3 3
3 4
4 1
4 4 4
1 2
2 1
2 2
4 2
4 4 6
1 1
1 3
2 1
2 2
3 1
4 2
4 4 7
1 1
1 3
1 4
2 2
2 4
3 3
4 2
4 4 9
1 2
1 3
1 4
2 1
2 3
2 4
3 2
3 4
4 2
4 4 10
1 2
1 3
2 1
2 3
2 4
3 1
3 2
3 3
3 4
4 2
4 4 6
1 1
1 2
2 1
3 2
4 1
4 2
4 4 5
2 1
2 2
3 2
4 1
4 2
4 4 7
1 3
1 4
2 1
3 1
3 4
4 1
4 2
4 4 6
1 1
1 4
2 2
3 1
3 3
4 3
4 4 5
1 1
1 4
2 1
3 4
4 3
4 4 6
1 1
1 3
1 4
2 2
3 4
4 3
4 4 5
1 3
1 4
3 1
3 4
4 3
4 4 7
1 2
2 1
2 2
3 1
3 2
3 4
4 3
4 4 8
1 2
1 3
1 4
2 1
2 4
3 2
4 1
4 3
4 4 7
2 1
2 2
2 3
2 4
3 2
4 2
4 3
4 4 9
1 1
1 2
1 4
2 2
2 3
2 4
3 3
4 2
4 3
4 4 7
2 1
2 4
3 1
3 2
3 4
4 2
4 3
4 4 9
1 2
2 1
2 2
2 4
3 1
3 2
3 4
4 2
4 3
4 4 9
1 2
1 3
2 3
2 4
3 1
3 3
3 4
4 2
4 3
4 4 6
1 1
1 4
2 3
4 1
4 2
4 3
4 4 9
1 1
1 2
1 3
2 1
2 2
3 3
4 1
4 2
4 3
4 4 6
2 3
3 1
3 3
4 1
4 2
4 3
4 4 9
1 2
1 4
2 3
3 1
3 2
3 4
4 1
4 2
4 3
4 4 11
1 2
1 3
2 2
2 3
3 1
3 2
3 3
3 4
4 1
4 2
4 3
4 4 6
1 3
2 1
2 2
2 3
3 1
4 4
4 4 6
1 1
2 2
2 4
3 1
3 4
4 4
4 4 8
1 2
1 3
2 1
2 3
2 4
3 1
3 4
4 4
4 4 6
2 3
2 4
3 1
3 3
3 4
4 4
4 4 6
1 1
2 1
2 4
3 2
4 1
4 4
4 4 6
1 2
2 3
2 4
3 3
4 1
4 4
4 4 10
1 1
1 2
1 4
2 2
3 1
3 2
3 3
3 4
4 1
4 4
4 4 9
1 2
1 4
2 1
2 3
3 2
3 3
3 4
4 2
4 4
4 4 9
1 3
2 2
2 3
3 1
3 3
3 4
4 1
4 2
4 4
4 4 13
1 2
1 3
1 4
2 1
2 2
2 4
3 1
3 2
3 3
3 4
4 1
4 2
4 4
4 4 9
1 1
1 3
2 1
2 3
2 4
3 2
3 3
4 3
4 4
4 4 9
1 1
2 2
2 3
2 4
3 1
3 2
3 4
4 3
4 4
4 4 11
1 1
1 2
1 4
2 2
2 4
3 1
3 2
3 3
3 4
4 3
4 4
4 4 7
1 3
2 1
3 2
3 3
4 2
4 3
4 4
4 4 8
1 1
2 1
2 3
3 2
3 3
4 2
4 3
4 4
4 4 12
1 1
1 2
1 3
2 1
2 2
2 3
3 1
3 3
4 1
4 2
4 3
4 4
4 4 10
1 1
1 3
2 1
3 1
3 3
3 4
4 1
4 2
4 3
4 4
