100
8 44 12
7 7 4
2 21 10
6 1 2
7 52 4
7 5 9
2 19 4
3 1 10
2 48 9
7 41 11
4 37 10
9 28 8
5 48 8
11 28 12
8 35 11
9 43 7
6 50 2
4 33 11
7 28 6
7 35 4
12 1 5
9 48 7
6 8 10
9 50 5
11 29 4
4 45 10
6 20 7
10 3 8
7 35 4
5 8 4
3 39 9
5 32 11
11 55 9
10 51 9
10 50 4
7 11 9
9 17 2
11 46 8
5 4 3
9 53 4
6 31 12
5 17 6
5 16 6
7 33 8
12 46 10
5 23 3
9 11 3
2 45 4
10 50 8
10 8 12
2 20 10
9 33 6
3 9 5
2 6 5
3 23 5
5 10 8
8 18 9
3 20 10
4 4 2
12 18 11
11 55 5
4 10 7
6 26 2
7 30 3
8 49 10
7 2 8
11 28 12
3 16 2
8 28 9
4 33 11
8 53 4
10 26 9
12 47 11
6 37 5
5 8 2
3 47 7
3 23 7
3 37 9
11 23 10
4 57 8
12 33 7
12 19 9
4 51 11
6 1 3
4 56 8
12 41 4
3 29 5
6 53 9
11 37 6
2 21 11
7 1 11
3 58 9
11 26 9
4 59 6
2 31 8
10 8 6
3 56 11
6 22 10
5 20 3
11 46 4
