11
8 25 15 24 23 16 29 17 21 12 9
5
15 7 1 6 19
8
7 22 6 24 19 10 4 1
9
6 9 10 12 24 28 22 11 26
9
18 30 16 24 21 4 15 19 3
13
16 26 19 4 27 14 12 11 21 23 20 15 17
6
7 25 8 28 2 24
4
14 19 3 13
15
18 30 14 26 1 10 7 12 6 20 17 27 28 15 22
11
4 5 22 6 29 28 9 15 21 8 23
1
30
4
18 29 22 5
3
9 20 12
15
6 3 20 4 28 17 12 23 24 25 14 9 22 18 5
3
30 9 27
15
20 6 11 4 5 24 3 2 10 25 17 30 1 18 8
11
7 24 16 15 13 5 10 25 9 12 22
9
9 24 17 18 10 26 22 2 25
13
11 13 12 14 6 20 27 1 26 2 5 4 17
13
19 25 23 28 20 6 21 8 16 12 3 30 18
2
24 10
12
17 3 9 10 29 12 26 30 13 20 24 1
10
1 23 17 12 25 6 5 3 28 16
15
7 17 15 9 14 2 11 10 18 29 13 3 8 28 26
8
30 27 8 16 6 26 10 3
12
1 28 16 9 3 17 20 19 21 26 4 11
10
24 7 9 23 25 30 22 15 27 12
10
29 23 25 30 12 2 15 10 19 9
10
29 3 13 2 4 28 30 12 24 11
4
9 18 30 20
4
21 12 20 24
7
11 30 1 22 21 23 12
10
5 13 28 25 12 10 6 9 29 2
14
28 14 2 21 5 12 20 27 3 18 25 29 19 22
3
16 14 25
13
10 29 22 6 27 30 21 12 28 4 13 16 26
4
24 5 13 11
10
1 24 27 8 2 25 13 3 23 26
9
11 17 30 1 20 27 26 24 7
10
10 28 13 17 2 23 12 24 16 30
1
16
2
17 21
11
9 16 4 20 25 12 14 22 8 30 28
9
9 17 6 28 30 23 21 22 4
6
30 3 28 15 26 27
7
23 13 17 4 29 20 16
12
12 23 3 1 8 11 18 14 30 17 6 20
15
1 25 29 23 6 13 7 2 4 21 20 8 5 16 10
5
23 13 14 6 12
15
3 24 22 10 20 17 2 30 11 5 13 16 29 12 9
0
