513
38962 38962
168 878
240 377
446 480
330 389
812 817
138 361
219 866
139 641
373 537
109 453
84 630
283 818
204 576
520 888
650 814
42 880
633 981
256 779
464 644
108 275
245 812
677 988
126 815
317 352
777 850
479 804
860 973
63 113
549 633
550 951
344 798
429 778
36 328
144 908
15 679
418 842
405 611
426 518
186 882
129 731
315 932
174 561
257 674
157 237
539 658
455 706
234 487
584 913
492 522
56 553
826 858
394 469
230 264
246 464
374 801
115 546
459 657
289 913
132 877
69 141
127 415
947 1000
530 613
134 912
320 373
38 583
145 432
51 726
648 695
189 847
21 87
29 962
545 602
28 942
362 478
168 244
114 488
100 243
506 995
586 720
623 825
302 321
406 704
47 100
351 587
299 723
260 673
217 751
44 861
244 690
406 763
893 933
228 527
223 345
384 930
294 561
595 904
310 881
298 927
761 1000
59 514
538 722
670 824
530 755
350 868
219 273
113 503
340 517
381 861
765 914
142 207
46 325
153 205
707 802
484 819
801 997
874 878
547 886
640 698
429 565
342 999
189 454
705 854
145 234
411 566
59 998
674 969
104 122
162 231
275 714
76 981
62 210
301 947
108 998
587 888
914 928
102 887
92 733
159 229
325 724
639 675
134 960
348 590
433 930
707 751
83 643
134 704
292 435
3 752
432 941
639 698
220 877
151 952
309 968
293 532
384 523
319 518
18 482
107 914
209 948
590 620
292 754
646 935
188 648
686 971
325 588
20 807
171 201
110 169
641 831
215 813
131 163
644 732
190 500
447 909
398 529
41 389
34 634
173 976
33 661
143 620
515 985
186 778
685 887
515 706
518 879
42 81
164 1000
37 499
353 946
103 946
686 826
143 459
118 719
631 751
125 779
115 722
499 639
652 675
357 737
542 615
226 622
225 656
45 786
76 490
373 990
592 815
58 735
128 625
204 607
878 982
731 951
449 722
100 449
185 396
289 809
34 151
807 911
611 696
686 851
185 192
129 410
358 467
215 982
418 594
588 823
400 670
200 773
573 743
299 491
107 109
259 779
141 689
65 103
267 736
140 273
549 810
167 753
367 967
312 500
384 439
135 486
109 258
203 334
182 633
290 693
91 472
548 583
512 965
248 685
583 824
393 872
624 724
442 911
590 763
753 973
201 238
108 661
793 847
28 864
425 556
669 868
217 379
450 891
135 533
115 490
310 361
386 859
122 336
277 827
884 932
84 249
521 708
720 745
853 960
277 747
515 768
144 246
946 984
136 868
80 625
334 741
193 337
24 126
305 314
197 300
588 900
108 632
376 960
812 827
687 926
202 440
45 936
380 447
881 934
247 312
580 910
52 598
530 772
437 621
186 920
773 985
171 617
130 232
344 411
31 293
336 733
380 584
382 668
548 759
315 357
211 224
262 936
60 821
143 793
328 496
64 833
100 234
332 449
716 792
8 742
174 429
92 757
111 160
138 270
10 804
220 626
379 913
199 482
624 972
343 820
406 952
403 652
452 992
86 707
179 243
66 417
158 959
118 173
620 663
630 739
466 716
845 849
330 629
395 952
306 738
123 609
126 495
363 486
449 577
192 820
610 627
588 938
112 119
407 738
146 774
367 592
213 216
193 788
534 897
497 554
271 619
118 162
525 745
321 603
147 325
303 492
79 756
240 874
191 647
316 611
144 330
259 356
46 545
549 793
45 580
202 347
15 860
319 759
274 736
60 432
420 923
527 715
2 954
400 544
362 952
95 211
470 691
587 803
703 867
380 446
99 726
113 1000
670 937
224 673
655 943
362 732
446 929
888 930
639 752
12996 16187
22838 37781
295 39597
7653 34918
23509 39883
25605 28539
21798 36171
29005 39822
12234 20338
28027 28047
28689 37832
12719 12761
5860 38740
6440 36436
21606 32471
10689 29447
16813 22515
6078 37978
26160 37417
15370 28363
28666 39752
17511 27519
3367 17857
3582 38609
25496 35107
25506 26457
5624 35070
28212 28344
21613 25868
14004 33179
13257 14641
963 32338
21425 28862
1084 22130
558 5269
2750 36903
30101 31120
15000 33651
2248 17379
9563 32487
16477 28376
10809 20179
2031 2886
4533 33674
9067 39083
3138 38264
5342 28377
2385 19577
2817 37792
7673 34328
1690 17121
8970 15974
528 1071
15112 31140
6657 29632
26796 32830
2193 29354
541 14486
1536 4132
17926 21971
2433 17082
21802 27636
4080 32286
35430 35489
2034 32356
30456 32632
883 7878
10195 20733
8315 18614
9673 13409
405 35273
22470 31024
1745 36367
1546 28966
20304 28610
4680 36097
958 31033
28829 33563
25886 33560
5649 38300
70 23680
14194 26893
9340 23342
24244 31348
16565 36764
8083 33357
27107 38172
76 4792
1442 34836
36696 37339
5274 24440
5543 34610
28694 29285
10556 14516
26104 35460
33280 38240
20869 25402
36639 39063
13775 22567
8673 29179
25573 27295
17903 25228
16783 38254
8443 38686
6012 22416
30014 38999
13850 33764
2967 18322
11615 15516
22703 27540
13588 18178
30951 38265
