51
4 4 16
69 197 1774
581 1047 64540
5 12549 209
203 18 1957
2029 9382 1
754 614871 731
99 66 6
286 36579 716
2197 645 264
2699 58 7811
449 1526 484
1464 658 1939
4556 8765 7154
373 319 173
1664 377 1721
133 52 752
718 510 84
7180 6348 159
1 1 0
133 4495 16732
441 3783 9323
69 4598 627016
391 153 192645
8966 866 265
5175 881 01793
1670 4165 3548
934 882 1757
216 661 604
21376 47658 352
190 1270 186
46034 8062 828
392 155130 826
872760 873 6330
892 838 95
898342 4464 427
7739 2133 591
1087 12419 5825
5896 5986 57685
453 61 5343
205 460 12964
14651 6493 578
231 237 59
57 996 26731
4740 40 168
87 981 4
715 4319 35
1658 997 7845
183 853 271
1521 635 2683
8216 13909 92906143
