0 1 0 1 0 1 0 1 0 1 0 1 0 1 1 0 
0 2 0 2 0 2 0 2 0 2 0 2 1 1 1 1 
0 4 0 4 0 4 0 4 1 3 1 3 1 3 1 3 
1 7 1 7 1 7 1 7 1 7 1 7 1 7 1 7 
2 14 2 14 2 14 2 14 2 14 2 14 2 14 2 14 
4 28 4 28 4 28 4 28 4 28 4 28 4 28 4 28 
8 56 8 56 8 56 8 56 8 56 8 56 8 56 8 56 
16 112 16 112 16 112 16 112 16 112 16 112 16 112 16 112 
32 224 32 224 32 224 32 224 32 224 32 224 32 224 32 224 
64 448 64 448 64 448 64 448 64 448 64 448 64 448 64 448 
128 896 128 896 128 896 128 896 128 896 128 896 128 896 128 896 
256 1792 256 1792 256 1792 256 1792 256 1792 256 1792 256 1792 256 1792 
512 3584 512 3584 512 3584 512 3584 512 3584 512 3584 512 3584 512 3584 
1024 7168 1024 7168 1024 7168 1024 7168 1024 7168 1024 7168 1024 7168 1024 7168 
2048 14336 2048 14336 2048 14336 2048 14336 2048 14336 2048 14336 2048 14336 2048 14336 
4096 28672 4096 28672 4096 28672 4096 28672 4096 28672 4096 28672 4096 28672 4096 28672 
8192 57344 8192 57344 8192 57344 8192 57344 8192 57344 8192 57344 8192 57344 8192 57344 
16384 114688 16384 114688 16384 114688 16384 114688 16384 114688 16384 114688 16384 114688 16384 114688 
32768 229376 32768 229376 32768 229376 32768 229376 32768 229376 32768 229376 32768 229376 32768 229376 
65536 458752 65536 458752 65536 458752 65536 458752 65536 458752 65536 458752 65536 458752 65536 458752 
131072 917504 131072 917504 131072 917504 131072 917504 131072 917504 131072 917504 131072 917504 131072 917504 
262144 1835008 262144 1835008 262144 1835008 262144 1835008 262144 1835008 262144 1835008 262144 1835008 262144 1835008 
524288 3670016 524288 3670016 524288 3670016 524288 3670016 524288 3670016 524288 3670016 524288 3670016 524288 3670016 
1048576 7340032 1048576 7340032 1048576 7340032 1048576 7340032 1048576 7340032 1048576 7340032 1048576 7340032 1048576 7340032 
2097152 14680064 2097152 14680064 2097152 14680064 2097152 14680064 2097152 14680064 2097152 14680064 2097152 14680064 2097152 14680064 
4194304 29360128 4194304 29360128 4194304 29360128 4194304 29360128 4194304 29360128 4194304 29360128 4194304 29360128 4194304 29360128 
8388608 58720256 8388608 58720256 8388608 58720256 8388608 58720256 8388608 58720256 8388608 58720256 8388608 58720256 8388608 58720256 
16777216 117440512 16777216 117440512 16777216 117440512 16777216 117440512 16777216 117440512 16777216 117440512 16777216 117440512 16777216 117440512 
0
0
1
2
4
8
16
32
64
128
256
512
1024
2048
4096
8192
16384
32768
65536
131072
262144
524288
1048576
2097152
4194304
8388608
16777216
33554432
67108864
134217728
