2

8 14
7 30 7 69 44 50 21 25 3 12 89 76 15 56 91 25
12 13 4 53 48 94 46 83 52 99 58 24 71 60 91 78 47 78 80 98 75 43 55 54 30 31 87 96

19 11
10 31 84 86 32 14 49 33 84 78 2 53 13 42 20 25 56 4 54 19 62 88 42 82 13 69 66 24 21 52 83 40 78 83 49 68 53 62
40 98 51 37 31 94 72 65 21 52 23 28 16 28 10 86 7 11 35 75 27 73

2

19 11
40 63 83 43 57 42 40 88 25 97 44 44 61 8 12 16 96 82 62 36 74 64 75 72 47 81 55 11 20 27 90 72 68 12 54 73 61 25
75 47 91 38 98 19 87 52 86 11 47 35 99 49 73 21 2 27 90 73 0 9

4 18
74 42 67 2 27 29 28 28
18 2 73 19 23 16 27 60 47 9 10 26 47 99 26 36 9 2 63 68 30 61 3 97 99 4 85 22 2 27 29 13 84 20 88 3
