666
28 51
71 95
22 45
30 74
10 44
29 86
27 61
58 87
57 67
54 82
44 82
56 96
50 81
14 23
31 58
24 50
32 76
59 58
31 89
26 96
20 36
72 84
61 82
55 80
53 78
49 82
63 71
51 83
40 84
50 78
43 93
27 98
11 34
25 96
25 42
36 67
28 53
7 9
27 59
34 39
21 38
11 30
37 92
35 43
79 79
46 99
80 79
27 48
53 70
13 23
16 78
32 58
33 55
79 91
80 88
35 79
44 52
16 81
23 75
62 89
82 84
19 54
22 46
59 78
18 69
21 93
47 97
82 84
38 54
33 39
44 69
28 59
42 54
58 94
42 42
65 99
36 94
13 25
12 59
47 79
13 16
33 99
37 62
22 55
51 91
22 94
49 77
58 98
34 61
14 41
18 59
72 84
42 90
21 31
37 71
32 77
48 90
14 13
34 83
63 77
62 62
65 86
68 90
45 72
11 49
50 57
46 75
25 25
21 67
17 59
55 74
26 33
28 83
64 77
64 84
29 28
43 72
35 34
14 17
65 73
58 57
21 43
38 54
24 68
9 32
14 45
25 58
28 67
48 81
77 87
8 21
35 49
46 97
14 21
26 64
37 85
30 35
42 48
33 47
40 59
86 93
32 34
56 63
38 92
63 70
28 53
42 42
14 21
73 77
23 54
16 62
26 75
67 88
49 89
27 55
25 91
60 97
32 57
12 64
38 94
23 78
56 69
76 88
14 50
14 71
63 65
82 92
89 94
11 54
22 78
81 80
84 87
28 95
45 88
10 30
49 53
35 46
30 91
50 56
77 89
26 72
47 77
42 55
29 34
38 66
22 51
11 37
35 74
14 72
14 26
91 95
21 20
21 59
47 96
26 91
41 94
35 82
13 27
17 53
36 91
19 64
59 97
75 90
25 96
83 97
79 82
31 74
48 76
19 61
26 74
47 82
40 58
32 71
44 60
82 89
12 13
16 32
76 82
44 59
70 97
53 55
30 33
32 87
22 58
22 74
26 59
76 86
24 83
84 92
82 96
26 96
66 93
56 87
76 94
46 81
75 80
61 72
54 95
37 80
45 88
26 25
81 94
26 94
86 87
12 48
41 67
46 57
14 53
66 91
89 95
65 91
21 41
45 75
38 70
48 99
23 86
28 55
72 83
31 78
15 81
42 48
47 54
34 82
28 47
80 91
23 65
31 87
55 57
78 97
24 90
61 78
59 69
25 35
71 80
12 52
12 35
23 53
60 82
22 21
15 98
24 87
67 93
26 88
47 50
63 95
19 39
24 70
24 59
55 74
17 19
37 75
30 72
86 85
26 45
77 88
21 71
41 88
86 89
35 84
30 43
40 69
27 58
87 86
72 94
10 18
59 65
18 86
31 80
58 85
15 21
58 73
42 99
79 92
37 82
39 57
77 94
8 19
10 33
47 99
12 23
61 72
18 85
44 95
82 83
12 32
70 90
76 79
58 98
43 51
49 81
16 19
34 84
84 99
55 96
71 98
9 22
55 77
58 70
41 74
43 94
47 84
62 89
71 77
33 42
21 51
11 53
25 73
13 77
14 86
21 46
25 32
62 79
54 85
65 97
76 99
44 69
52 98
79 90
43 90
69 86
63 62
4 3
46 50
43 84
17 53
14 84
19 59
15 19
59 87
36 59
42 62
50 91
12 28
9 30
55 70
87 93
50 97
30 66
70 99
55 58
65 81
84 99
30 61
24 39
34 53
25 74
19 35
11 29
37 86
28 61
45 48
51 57
74 99
15 70
43 98
39 72
48 95
22 23
7 14
32 78
52 68
18 20
71 79
25 83
12 50
68 80
14 38
28 73
72 99
43 47
36 42
91 99
69 68
58 81
75 86
20 29
48 59
38 64
63 74
20 32
39 66
27 37
7 15
14 65
64 72
22 93
12 26
81 81
36 91
15 61
66 74
80 93
44 89
28 35
84 89
19 73
41 83
12 26
21 95
57 65
88 96
45 70
53 65
61 84
26 44
17 79
62 89
36 79
5 5
63 77
35 95
92 92
45 70
10 25
16 61
37 46
44 82
49 98
14 26
34 52
64 73
29 45
37 48
14 57
26 58
10 27
52 52
14 18
49 96
70 83
94 99
79 81
34 52
38 75
13 28
70 79
25 64
44 50
50 90
66 93
32 72
23 22
38 58
55 87
28 79
72 95
63 79
32 60
13 54
27 72
32 70
32 84
95 95
11 19
45 86
37 59
77 83
67 82
13 78
51 99
51 66
12 62
7 13
64 64
53 80
26 72
62 77
10 29
35 93
11 41
39 93
58 96
22 32
55 65
13 46
53 64
53 77
37 52
82 97
39 66
26 58
30 71
38 93
58 91
21 91
24 78
18 93
22 85
14 84
45 75
53 56
11 29
66 78
24 98
64 90
83 86
34 78
64 80
43 70
77 88
55 56
32 61
66 80
82 96
41 80
54 89
27 80
35 47
71 89
57 74
49 94
8 22
53 71
23 53
42 63
17 17
31 45
24 99
57 68
69 86
20 25
26 78
58 86
40 76
35 93
52 94
30 44
89 95
62 93
34 77
70 92
51 84
21 54
15 91
21 93
59 78
15 20
25 53
72 93
31 44
76 85
17 74
33 51
39 74
62 76
47 97
66 68
18 80
17 41
93 93
68 79
55 61
28 74
43 42
29 62
87 87
31 79
2 1
36 63
21 59
72 72
88 92
9 20
68 70
77 91
39 41
50 64
82 90
30 80
24 90
21 90
11 11
28 77
47 81
53 78
28 43
38 64
27 94
65 70
14 81
36 55
73 92
16 18
18 98
15 22
42 98
54 63
59 74
84 87
34 49
23 52
73 75
22 89
49 52
9 32
25 98
13 59
23 97
28 95
30 78
76 94
62 70
37 52
31 40
65 94
32 75
24 59
49 61
33 79
10 17
92 94
30 57
66 77
89 90
23 85
78 93
34 64
29 76
22 33
18 33
50 76
67 68
22 65
19 66
78 91
86 96
