19
62
13
19
0
16
17
48
50
44
33
45
40
8
22
15
21
58
18
12
12
65
52
46
44
39
57
41
29
40
31
13
2
11
17
26
19
3
17
29
13
3
24
29
76
34
79
18
45
6
3
23
24
72
74
24
38
3
11
53
78
9
13
51
6
7
35
78
30
27
35
18
35
47
39
55
23
6
0
37
8
19
28
12
40
8
39
47
25
5
7
65
30
14
27
20
37
13
22
56
59
56
59
36
0
44
36
22
9
6
47
20
15
57
56
28
33
34
9
59
57
12
30
13
0
4
15
17
38
70
1
28
34
8
15
25
25
36
26
32
80
28
50
26
57
19
39
8
68
13
4
14
58
38
17
11
49
23
0
25
10
49
69
3
1
59
75
84
0
9
80
79
14
34
2
44
28
17
44
70
14
37
35
24
28
12
2
24
1
7
86
20
10
35
13
29
23
6
6
23
7
48
67
11
76
74
20
38
8
14
37
32
21
36
76
8
8
70
36
61
49
25
19
11
10
16
69
11
78
75
12
57
46
68
36
70
54
43
26
34
25
74
12
82
1
32
39
3
57
83
56
13
35
28
36
10
19
65
19
1
36
41
22
20
73
12
18
51
70
10
53
52
18
65
1
3
13
51
21
0
11
58
13
42
53
11
12
14
47
13
26
19
85
18
70
9
29
81
23
23
30
17
86
63
4
53
4
19
49
9
50
29
72
25
31
69
1
1
35
5
54
4
32
78
4
62
71
47
37
39
11
22
76
44
62
2
46
51
31
31
36
53
65
27
11
0
13
0
0
12
19
54
44
55
67
35
40
72
31
61
62
3
41
32
6
0
8
10
49
27
34
39
4
0
47
81
38
19
60
50
57
76
20
16
26
13
11
3
25
18
40
45
65
2
30
29
36
18
1
20
44
14
65
12
1
61
5
16
63
38
30
85
68
49
68
14
41
29
56
13
30
20
1
2
58
8
5
78
23
3
60
73
32
22
79
7
30
5
7
51
82
36
46
52
18
4
53
25
2
56
22
89
36
2
4
31
33
37
7
26
58
21
30
3
16
2
49
9
37
63
89
75
26
27
5
64
14
38
39
57
21
22
30
45
16
63
55
22
2
15
21
20
92
5
34
28
71
59
0
39
43
0
1
61
44
14
54
2
22
1
27
47
15
48
3
46
44
29
74
30
16
19
25
48
7
12
4
9
0
35
48
3
59
10
55
78
23
56
34
70
51
22
59
75
30
44
15
28
63
49
37
1
45
13
33
14
24
10
50
61
15
14
48
29
22
41
23
83
52
23
61
41
11
1
7
51
10
15
63
24
70
4
25
29
55
35
62
5
8
90
61
49
16
42
19
84
19
1
27
10
69
83
2
64
70
35
43
76
18
10
7
8
16
37
44
20
29
13
60
0
28
65
12
3
9
29
48
51
79
26
13
69
8
44
0
11
1
9
14
18
68
56
29
25
55
21
14
42
21
4
88
21
59
85
10
70
24
17
15
10
41
63
11
7
71
79
