7 937
5 13
47 27
3 16
48 13
30 25
17 35
26 8
49 16
30 18
49 1
6 47
47 19
9 35
1 37
41 10
49 39
42 2
5 40
49 8
3 34
33 24
19 14
36 23
29 22
41 28
22 2
31 24
20 44
9 25
31 1
35 44
32 41
4 22
45 16
30 29
4 9
3 17
45 26
46 22
22 29
43 23
15 17
47 14
31 28
49 31
18 34
30 49
25 33
21 20
48 6
4 3
15 7
24 15
37 25
36 14
5 34
41 24
6 38
38 36
21 37
22 38
22 2
37 2
39 14
27 43
19 30
1 33
41 24
47 28
49 38
46 9
22 37
32 28
31 25
14 2
13 41
40 39
42 27
45 37
40 22
30 15
3 30
47 48
9 1
27 8
38 28
16 4
43 46
28 12
3 45
3 42
34 1
25 30
37 20
7 17
34 9
2 32
8 10
37 39
23 30
17 38
45 37
46 38
38 30
6 41
25 8
33 15
13 44
49 33
6 21
17 15
27 4
27 37
45 21
15 26
42 3
21 30
5 15
18 34
20 14
14 32
47 28
45 10
27 49
47 33
26 15
3 23
29 44
19 5
9 44
46 17
15 31
21 29
5 10
4 18
23 36
20 2
31 35
33 35
32 16
11 2
18 14
25 2
13 48
6 22
42 3
43 12
38 19
46 42
28 49
16 6
40 35
12 21
20 45
12 8
11 22
9 29
40 33
35 4
36 41
30 28
48 23
45 36
41 46
34 24
45 49
29 36
34 41
12 10
36 28
17 2
1 25
35 45
14 21
48 49
12 33
33 15
6 33
1 2
29 34
25 29
33 5
20 23
1 37
32 41
15 4
42 20
28 33
16 46
4 19
46 20
3 34
34 8
17 39
10 1
29 39
29 17
43 49
39 43
36 26
39 6
29 32
26 8
20 41
9 23
10 5
47 17
43 36
25 10
25 39
15 9
28 44
26 27
48 15
25 39
46 15
44 25
2 20
37 21
16 46
43 31
6 45
47 49
31 27
14 11
16 29
20 49
28 1
26 20
1 15
16 20
9 46
21 34
33 41
5 34
39 40
40 34
38 44
20 15
13 36
36 46
11 40
24 11
16 5
35 21
19 2
41 33
47 12
22 35
9 26
20 47
17 15
37 10
14 7
29 31
47 15
28 8
5 7
23 25
12 9
2 30
15 42
13 12
9 34
2 17
16 26
15 32
45 7
46 9
13 25
45 16
45 23
28 5
29 7
30 40
15 31
26 34
28 43
1 41
33 2
9 48
28 35
28 34
31 42
2 6
37 17
1 10
45 11
43 2
40 39
21 26
15 5
9 8
10 49
40 11
13 43
43 40
28 22
29 14
19 31
25 6
3 25
20 3
35 13
9 30
2 29
11 21
38 19
34 47
24 29
14 36
23 12
32 1
33 11
20 2
46 44
12 49
19 31
2 10
49 11
44 6
44 11
27 38
34 16
40 8
44 4
49 17
16 31
23 4
46 42
11 43
36 22
42 10
9 48
24 8
9 19
13 9
34 44
46 18
10 36
26 5
45 30
26 11
11 48
19 7
40 29
49 26
7 46
41 20
45 15
27 9
38 44
22 44
18 40
4 10
21 13
10 1
39 20
16 42
43 27
33 28
27 14
34 28
10 4
28 25
35 37
18 29
14 40
28 37
35 32
46 11
49 6
16 43
30 36
36 28
13 24
6 44
42 39
23 3
47 1
32 37
42 49
22 7
44 49
43 34
31 44
49 36
5 15
29 39
1 20
17 19
43 23
13 41
17 35
48 20
41 30
7 33
34 28
44 34
28 42
18 14
41 18
49 1
37 34
44 43
4 12
12 3
39 24
48 11
15 46
35 6
31 42
43 15
25 38
48 3
35 22
22 27
39 26
27 31
10 22
24 19
38 40
26 32
15 24
47 29
25 33
39 6
30 32
25 5
20 24
13 11
45 34
37 39
10 19
25 45
49 48
38 39
29 20
9 8
23 42
32 6
31 42
35 14
17 44
38 45
7 48
45 40
35 39
6 10
15 35
5 14
38 48
8 17
23 22
24 45
14 11
6 45
8 40
9 29
35 46
25 41
1 25
37 35
15 47
49 29
32 10
47 20
8 5
41 30
26 20
31 45
35 36
40 42
27 4
21 17
5 1
13 5
26 5
45 40
2 44
24 38
9 21
13 16
30 4
2 12
28 32
7 13
18 46
10 49
5 36
16 9
36 34
19 12
38 14
7 45
13 30
38 22
1 2
37 31
10 43
47 38
25 4
6 43
5 21
42 9
7 14
22 47
47 40
15 40
4 21
35 22
7 24
43 7
30 35
42 39
29 39
32 9
47 43
2 19
44 10
25 13
37 22
10 27
36 5
36 13
45 8
19 24
6 30
4 45
28 47
29 22
35 38
20 33
39 21
2 38
36 26
1 23
3 15
5 44
20 40
7 20
3 30
43 13
10 46
9 37
48 42
10 33
30 34
16 25
10 22
18 45
3 24
23 6
43 33
5 18
23 11
37 31
40 30
43 5
31 2
47 30
44 7
18 29
45 39
4 5
11 27
6 14
1 28
24 43
16 28
12 39
43 48
25 33
34 18
42 15
25 39
44 24
1 18
3 45
7 12
1 17
38 6
35 43
38 9
41 5
41 8
48 34
12 23
22 45
45 15
10 20
4 10
43 10
27 2
5 38
13 5
10 6
15 45
4 9
44 8
1 3
11 39
14 38
12 9
33 26
23 4
34 37
46 43
14 47
4 7
15 13
17 20
28 17
28 31
30 23
43 35
30 9
25 43
46 36
7 29
17 34
32 6
22 34
49 40
36 8
47 7
20 19
31 47
35 10
33 15
32 31
1 12
39 25
10 40
16 21
20 32
5 7
37 26
45 41
22 37
48 19
43 24
37 24
21 27
33 10
41 20
40 46
36 35
26 45
25 41
16 49
28 26
7 21
2 12
23 38
16 46
36 39
38 11
15 20
48 29
17 24
20 13
10 39
6 39
35 26
39 14
2 1
34 9
2 1
36 45
16 38
36 10
26 2
30 2
1 9
18 24
33 35
33 47
24 43
37 15
25 26
28 26
26 17
34 32
17 26
32 38
14 19
3 39
20 32
45 25
46 13
48 34
48 37
32 27
35 19
41 10
44 24
41 25
40 25
7 8
6 39
45 19
13 47
14 37
35 9
13 36
22 16
20 25
8 2
2 43
20 43
8 19
17 48
43 13
29 6
20 34
49 15
4 12
17 48
2 25
16 37
2 32
13 26
44 14
28 37
39 26
45 8
47 48
2 10
27 12
34 12
11 48
15 22
21 36
25 27
11 46
20 18
33 32
43 27
45 26
20 34
7 20
47 10
18 4
19 45
15 9
12 25
12 31
2 32
17 31
10 32
27 29
49 10
11 48
37 11
24 7
1 36
26 47
45 48
1 19
48 15
27 10
44 39
40 45
21 12
26 35
44 9
19 48
18 29
2 10
45 26
21 45
17 2
42 12
6 47
30 4
12 13
14 11
2 9
6 27
21 36
13 20
49 31
23 16
25 32
11 6
9 11
22 15
8 33
20 5
18 24
21 30
37 31
31 1
41 9
21 32
26 45
32 7
19 5
27 43
41 37
48 5
3 25
20 10
8 39
19 30
18 44
11 10
30 46
11 21
10 36
9 35
32 40
47 6
49 24
48 40
17 2
45 19
26 20
34 38
14 8
23 32
3 33
46 32
35 7
9 44
48 17
35 30
7 32
35 6
6 38
1 27
44 1
46 25
20 35
18 34
42 40
21 49
29 17
32 14
29 45
13 27
12 47
7 23
29 46
33 40
39 33
17 33
39 18
8 9
3 25
47 1
15 18
49 48
40 36
12 19
31 25
45 42
27 7
20 12
8 3
2 46
41 23
29 30
41 38
48 16
36 48
35 9
4 39
48 39
1 17
21 30
17 18
13 23
38 24
30 45
30 31
36 3
10 16
43 6
5 47
26 45
45 12
9 4
6 8
43 6
29 19
41 2
41 9
29 34
32 15
30 12
45 16
19 11
32 13
16 41
15 42
41 10
9 49
19 14
12 24
46 35
20 3
26 28
31 11
10 45
40 26
46 11
45 7
47 13
27 38
27 19
34 41
27 34
10 45
1 26
20 2
11 44
4 42
23 35
3 37
35 47
14 31
8 14
42 11
26 20
48 8
38 48
21 22
14 21
27 39
40 29
1 35
37 42
13 22
49 13
2 13
13 708
30 20
31 74
169 79
105 112
161 58
64 96
27 74
133 14
42 41
123 51
101 123
126 18
124 6
110 48
9 60
57 67
107 87
140 106
165 76
48 15
161 140
138 18
44 130
59 85
1 13
136 101
163 120
147 146
153 87
24 162
5 80
87 111
167 57
75 21
160 151
64 10
121 32
55 164
20 114
107 21
154 101
149 147
52 126
123 35
72 147
55 104
85 141
46 82
57 148
103 75
129 25
113 108
56 167
130 76
139 68
124 123
27 103
129 106
88 110
169 159
87 54
93 31
54 166
112 138
145 73
43 132
97 155
71 12
12 59
115 150
154 69
132 12
30 91
117 31
144 106
146 57
58 7
110 54
146 106
29 78
148 20
5 162
118 44
4 7
158 153
161 85
143 3
115 64
147 62
123 122
27 127
37 84
161 146
137 82
25 45
88 72
78 80
20 121
111 26
138 123
17 81
96 47
26 19
53 116
141 5
142 98
41 84
89 45
79 84
154 103
157 100
5 65
39 24
44 149
78 40
130 94
121 57
169 146
75 52
120 74
84 120
30 124
34 118
27 113
60 39
74 47
138 107
139 7
158 14
15 66
53 144
19 32
59 18
37 133
69 156
65 152
107 94
134 168
70 19
139 130
57 72
35 53
9 5
88 166
46 102
91 126
104 137
158 163
154 25
154 81
39 50
91 4
143 83
3 44
101 169
32 16
71 66
68 79
98 155
104 143
115 53
100 50
20 116
43 32
140 27
112 37
104 61
41 78
143 71
149 102
70 39
117 141
104 43
78 61
57 40
34 2
120 161
79 139
107 149
1 105
7 140
142 138
31 41
46 32
111 53
161 39
91 136
38 54
10 144
114 94
14 6
123 134
167 33
131 132
12 132
96 46
130 96
15 20
136 88
79 105
169 71
143 90
37 12
2 46
14 143
167 27
149 121
19 5
12 150
164 51
140 90
97 128
44 139
147 38
85 57
142 84
155 144
33 22
14 34
96 27
8 93
53 156
44 100
19 83
108 13
134 106
131 89
64 5
86 70
43 1
154 43
85 139
17 117
160 30
9 86
56 16
38 137
30 109
95 48
23 33
89 156
138 50
103 60
82 19
129 124
19 141
26 131
110 42
106 129
72 143
73 155
158 110
122 47
50 47
122 100
107 41
86 75
118 47
163 59
65 122
13 111
94 38
101 62
108 37
21 38
10 122
23 27
62 4
101 111
78 53
41 16
122 154
118 98
31 139
156 123
92 28
65 44
93 165
133 31
60 13
68 98
134 119
152 26
122 83
165 58
163 64
73 115
77 50
44 135
19 58
89 138
85 12
40 9
35 4
39 122
44 135
78 8
84 60
61 36
1 56
121 164
148 53
137 55
102 39
48 148
97 164
145 12
34 43
20 68
46 87
49 117
52 126
124 163
17 16
57 17
99 8
39 105
60 7
159 20
73 66
27 169
60 2
12 122
44 59
20 118
4 68
65 55
25 48
76 69
91 132
113 20
140 152
125 58
17 142
78 89
66 104
89 154
133 128
106 35
45 153
152 49
52 76
131 104
151 38
31 72
169 143
119 167
153 74
56 169
75 161
117 140
95 64
152 86
50 88
120 94
72 131
1 151
37 132
85 18
28 115
117 55
116 66
53 100
168 136
127 73
127 102
71 80
165 54
165 73
141 115
26 71
76 26
52 140
157 164
16 43
109 132
98 84
29 150
14 55
144 168
127 101
101 56
11 124
137 34
56 137
148 81
38 83
106 90
53 122
84 97
164 52
59 92
135 115
100 7
169 74
33 154
33 161
41 43
144 36
76 30
3 83
110 41
165 74
158 76
26 100
3 21
151 90
140 144
35 71
9 63
3 42
47 36
33 115
106 7
151 41
64 12
123 4
52 146
78 68
80 131
168 111
151 8
31 150
11 93
79 19
155 81
88 33
116 121
6 81
155 156
121 50
168 102
81 78
106 17
5 16
148 3
126 157
38 15
137 48
108 46
67 93
127 154
125 101
133 159
12 147
145 160
27 2
92 135
108 28
152 112
44 130
142 28
117 10
43 85
58 150
158 152
73 143
164 57
75 128
74 114
105 77
105 159
79 55
124 45
83 134
15 154
94 156
40 70
24 82
13 81
90 1
91 22
144 86
106 77
44 10
49 7
86 12
24 23
67 147
67 149
140 81
161 64
95 31
133 119
141 4
58 61
5 149
110 7
93 46
111 164
55 159
1 169
2 52
22 96
29 117
75 168
28 94
91 151
124 82
100 95
86 16
15 118
164 124
152 115
1 93
109 83
110 137
82 139
19 132
65 76
79 167
102 134
91 23
115 74
133 73
27 77
89 41
53 111
24 35
57 52
155 24
134 95
161 75
93 38
37 16
113 143
14 46
107 132
96 53
36 87
125 63
163 72
131 46
14 13
108 70
64 93
93 57
47 112
131 139
150 26
154 93
168 26
166 133
158 121
16 52
38 169
142 32
71 132
105 112
144 44
40 39
136 161
95 41
103 84
10 111
109 23
63 135
48 59
98 64
38 142
116 76
169 88
135 98
50 70
41 25
141 108
91 136
99 16
7 61
127 45
2 94
67 64
59 142
151 15
37 19
15 11
122 14
126 87
112 35
16 11
59 156
118 8
122 48
51 157
108 8
32 137
101 126
60 18
98 41
60 162
87 75
31 40
88 157
154 58
22 169
96 108
15 45
115 164
120 24
151 86
31 41
53 159
166 140
35 123
11 94
143 126
27 5
165 115
161 149
31 13
8 127
148 22
30 93
16 149
116 167
93 5
66 4
22 63
144 56
44 13
8 17
138 35
49 161
8 40
169 38
80 7
23 58
56 52
9 71
59 124
96 151
156 162
155 8
83 157
63 126
169 71
1 166
133 50
157 140
89 156
8 28
21 31
85 76
110 122
147 169
104 101
150 91
93 163
98 34
9 20
159 9
118 19
5 81
68 20
51 15
35 86
42 55
144 155
159 85
107 136
84 41
95 92
159 47
114 116
80 122
135 70
158 111
88 21
22 14
69 100
28 103
16 98
157 160
83 146
75 48
140 17
116 66
136 106
140 80
80 50
61 45
147 77
155 93
98 35
106 166
134 99
149 90
114 167
3 119
100 78
117 144
52 41
111 16
11 21
95 61
109 139
38 17
152 131
142 17
95 138
9 87
95 17
7 67
14 9
44 142
114 161
116 166
32 57
9 681
22 65
56 5
22 60
3 28
39 64
2 46
23 31
42 41
58 14
25 47
12 58
44 60
43 26
47 2
35 4
52 56
68 42
77 25
20 79
68 75
62 69
55 19
18 15
76 10
28 35
57 40
11 19
34 54
60 80
71 14
18 57
4 21
17 80
61 52
13 47
45 74
50 34
27 3
49 21
12 11
55 3
66 38
18 54
32 43
45 66
18 49
5 50
63 81
20 75
62 81
2 30
33 29
48 16
49 76
27 39
78 27
23 50
61 11
1 27
53 61
11 5
44 31
54 26
30 73
35 10
72 37
56 40
81 38
55 64
32 16
21 45
43 59
13 38
69 29
64 40
9 75
60 52
40 32
12 70
40 47
14 46
18 4
4 17
42 75
80 73
9 20
52 67
78 65
23 66
28 22
40 36
31 19
23 70
66 34
74 40
15 7
5 32
26 24
64 67
17 63
75 26
17 61
27 29
44 66
29 7
6 4
42 52
38 64
40 22
33 62
47 55
1 14
15 24
77 1
41 74
10 66
9 70
11 54
49 76
1 55
16 4
31 67
41 30
42 79
62 9
75 43
63 75
56 77
17 68
12 57
60 37
57 4
42 3
57 25
13 73
79 45
12 44
30 68
73 71
65 69
79 74
31 76
67 5
7 19
72 34
10 51
6 67
70 47
4 45
71 32
52 3
76 63
62 25
66 54
30 65
41 44
58 6
38 59
11 60
77 17
13 6
2 34
7 71
80 26
50 4
57 21
22 52
18 76
2 71
40 67
47 2
43 52
56 20
78 34
32 14
62 53
15 14
59 21
28 3
70 47
75 25
68 45
43 5
55 60
10 14
45 72
31 22
59 5
58 55
55 24
3 35
76 18
49 53
54 11
71 42
58 80
67 44
44 64
33 22
9 46
2 80
12 23
73 16
15 47
70 38
49 40
32 1
7 19
54 33
24 31
9 23
32 69
66 75
51 33
15 75
79 16
9 25
55 81
40 69
46 45
42 30
3 73
46 25
11 19
57 50
65 1
72 15
69 72
8 54
24 38
48 37
70 56
61 59
55 35
62 36
79 22
65 16
14 45
56 40
63 32
8 62
48 15
76 35
5 18
7 28
72 54
80 76
44 59
53 34
13 33
69 26
71 68
42 3
31 16
58 29
63 81
25 29
14 20
79 35
53 5
78 59
74 77
53 37
54 40
5 1
8 73
43 78
75 3
15 40
34 72
68 32
6 12
76 20
47 74
54 34
78 66
12 5
61 80
57 50
39 61
66 62
68 27
58 61
29 72
36 79
78 38
29 2
65 39
37 30
31 25
80 43
10 26
48 70
24 23
54 78
19 39
58 5
65 34
1 13
40 36
26 36
8 70
54 73
27 9
37 58
34 35
35 43
60 1
47 19
40 20
15 58
58 73
78 41
41 13
69 81
64 13
51 72
17 23
63 44
48 18
36 81
69 70
58 47
6 39
81 45
58 15
37 50
22 49
26 78
62 13
12 60
42 63
50 58
20 47
36 67
81 71
1 68
76 58
49 81
16 49
44 8
79 15
58 19
63 2
15 59
30 43
38 71
24 22
64 43
69 34
45 68
24 45
70 18
38 37
33 53
20 76
76 17
25 52
51 22
69 1
81 18
43 53
23 66
74 21
43 61
55 22
47 13
67 35
46 23
7 78
10 26
7 4
59 31
72 28
52 75
28 67
27 5
38 66
5 31
5 48
10 75
4 73
6 70
42 51
27 48
63 36
9 69
56 67
34 62
29 5
71 73
6 17
77 44
1 74
21 64
18 15
67 25
36 72
67 22
17 49
3 69
73 72
59 58
24 39
22 44
44 13
50 60
8 28
76 8
36 16
6 69
46 73
13 81
63 79
21 14
62 40
1 54
30 59
46 69
32 67
48 11
79 32
70 22
59 65
45 13
15 51
81 60
58 28
59 39
25 15
68 22
54 69
10 18
62 55
5 29
57 68
39 70
18 43
10 76
26 55
23 56
40 39
34 16
66 28
70 26
42 56
47 30
59 56
47 40
45 67
3 20
54 41
9 71
2 34
66 44
7 23
18 62
61 68
12 46
14 81
71 72
52 19
49 26
65 23
5 66
25 38
81 33
28 18
66 28
77 8
50 13
4 30
15 16
10 28
15 33
21 66
51 70
26 50
27 30
35 68
70 72
67 21
34 3
22 61
14 45
46 27
48 75
57 79
19 4
13 33
36 49
17 22
37 58
6 80
6 40
66 76
47 51
31 80
70 68
76 2
31 40
44 14
49 20
11 67
39 18
9 7
50 46
59 26
52 57
31 26
41 72
27 7
6 31
74 81
48 40
55 11
69 22
46 79
7 19
53 40
27 75
8 73
52 33
43 44
79 68
19 55
75 61
61 80
10 53
14 74
27 68
19 14
24 64
28 30
1 80
4 43
8 11
34 75
43 11
37 56
14 72
29 23
67 8
37 12
77 50
4 22
52 22
52 10
4 79
55 20
12 58
62 19
68 31
12 45
57 65
19 5
55 48
27 56
55 63
67 66
47 70
7 33
10 74
42 29
71 15
64 1
72 45
35 74
10 46
37 66
29 56
71 18
38 32
74 11
14 75
12 76
64 34
44 8
26 4
37 15
35 19
31 41
79 65
34 23
45 70
24 9
60 29
26 16
60 34
43 8
28 54
19 26
6 62
33 31
65 4
61 34
39 10
75 52
9 27
75 53
31 17
61 26
45 22
41 39
71 2
63 33
71 81
58 76
61 10
41 60
29 20
13 67
45 22
38 53
64 31
41 13
63 20
38 42
41 14
80 31
31 61
63 21
60 56
31 55
81 72
34 28
26 62
14 6
2 51
74 65
16 33
12 78
53 66
38 28
14 52
74 44
32 72
64 26
46 14
16 45
20 65
72 61
45 4
66 62
70 59
61 4
10 7
81 78
72 37
25 20
8 17
64 55
7 62
15 68
10 30
31 29
13 22
9 73
41 74
53 30
51 32
33 77
39 49
73 45
20 16
81 27
49 63
16 71
59 47
58 69
76 7
16 24
44 40
31 20
33 3
65 18
50 32
29 23
80 21
3 19
52 2
18 410
161 239
106 57
220 82
206 149
185 319
172 148
196 122
183 1
221 247
35 43
116 306
147 277
180 165
149 232
166 47
23 18
301 128
74 196
225 296
21 86
290 208
249 177
5 107
178 241
45 228
284 160
209 122
128 81
286 276
4 143
323 26
160 299
170 249
187 70
236 207
171 217
90 95
70 111
217 247
27 261
166 2
113 50
139 240
146 116
208 149
258 206
191 109
196 52
50 58
137 285
280 308
178 46
94 263
156 311
185 198
247 42
216 35
91 30
291 253
146 174
77 79
71 267
204 282
10 253
16 147
229 295
130 98
32 223
36 187
209 236
77 148
277 292
182 60
321 148
312 142
321 80
237 83
39 132
41 48
60 72
194 304
58 15
78 90
254 129
292 154
41 44
301 9
11 175
68 8
14 71
165 27
151 77
109 189
208 149
236 283
220 122
279 294
136 48
59 81
176 26
235 232
86 227
241 96
77 324
119 107
71 284
133 237
52 241
117 276
82 28
250 317
165 220
286 317
267 20
73 135
62 323
58 147
226 314
258 318
6 53
100 92
28 232
4 95
165 120
62 246
163 312
254 20
223 216
12 182
251 100
316 4
99 65
150 324
55 84
317 60
152 109
151 179
16 170
273 196
289 27
117 143
14 63
162 252
294 173
109 220
273 100
224 63
165 65
62 235
164 70
310 315
178 136
185 210
305 150
81 285
176 214
103 205
276 281
132 245
129 241
156 93
32 71
171 212
152 232
122 7
318 123
322 187
258 198
88 254
23 169
214 74
9 94
41 289
242 301
109 158
132 218
205 219
64 93
62 296
230 68
305 29
65 183
302 279
271 232
317 131
137 207
204 145
300 244
125 233
220 234
66 43
127 287
261 190
55 322
177 300
82 173
20 146
32 322
116 318
245 109
124 73
315 19
234 306
262 34
215 173
283 296
215 85
258 168
291 4
181 143
320 262
8 15
100 55
28 215
48 288
323 171
37 5
189 270
3 142
303 217
314 262
204 38
154 63
4 173
244 163
168 181
170 199
280 240
226 187
287 190
185 149
226 206
29 187
208 186
165 116
175 118
319 70
156 148
133 175
13 52
29 180
248 214
54 204
129 296
66 91
177 266
255 94
163 283
280 46
144 136
161 10
270 172
80 117
319 228
291 7
279 320
203 218
209 272
97 30
243 178
136 111
136 67
204 298
41 175
36 201
311 212
210 256
59 305
48 70
208 30
92 178
41 294
72 266
242 184
295 176
54 106
303 205
188 182
194 229
49 245
105 35
133 6
306 191
311 45
260 210
74 28
64 131
13 151
72 270
26 42
122 95
163 116
315 27
297 185
255 21
105 51
71 237
56 68
104 58
112 55
268 202
82 23
8 95
189 95
40 230
152 177
1 314
292 315
32 281
191 302
317 296
28 80
224 100
147 19
157 275
74 116
168 171
154 191
265 18
285 321
248 112
189 264
117 173
254 149
129 121
142 137
108 170
216 7
285 55
26 133
21 115
265 188
285 94
70 226
128 30
238 51
157 102
314 289
274 259
129 94
71 271
247 178
132 154
201 108
208 226
240 244
16 180
107 316
290 192
233 93
237 146
159 85
264 164
50 229
98 178
15 169
140 261
38 271
90 238
54 314
155 310
233 186
181 32
178 146
239 86
254 152
232 88
236 187
267 285
91 41
155 105
225 294
57 278
257 163
192 2
152 22
311 76
224 184
123 77
5 38
162 275
189 85
38 116
271 305
77 54
37 247
174 277
232 231
230 164
69 113
166 236
151 168
3 50
27 142
126 48
179 303
322 59
80 51
174 26
47 266
95 99
188 269
51 96
191 297
275 85
116 202
251 300
204 300
2 21
117 65
18 483
62 289
175 129
139 216
175 96
311 274
300 271
16 71
137 312
37 103
89 169
304 15
144 183
7 161
220 123
226 110
218 303
75 84
107 229
316 298
16 318
263 315
264 278
77 92
282 114
194 46
282 173
76 117
47 82
277 266
221 194
68 114
189 158
214 311
62 205
284 77
198 222
84 153
192 160
244 165
289 129
226 246
301 38
23 75
7 305
295 216
48 100
80 205
313 67
282 209
42 50
98 280
133 266
147 309
185 311
273 5
212 211
305 204
264 20
278 270
16 264
178 63
40 257
283 44
15 240
269 57
305 42
12 130
324 158
114 200
160 62
205 63
272 201
266 212
220 236
173 235
175 26
313 230
299 271
274 313
202 218
45 183
275 56
312 274
229 117
150 80
194 30
142 158
246 100
45 158
11 233
84 201
275 73
107 249
35 56
253 237
289 298
111 255
45 114
205 290
230 46
45 99
91 187
256 12
302 316
169 4
241 253
204 191
17 310
131 51
57 59
303 37
48 105
292 93
218 188
58 139
233 102
254 15
304 201
42 281
193 227
284 125
155 180
7 187
181 137
237 238
211 232
290 259
12 257
43 246
120 116
60 44
217 313
74 213
206 116
185 74
18 161
214 188
16 220
66 212
48 302
125 274
225 107
224 237
39 266
174 175
57 233
234 290
238 308
194 119
115 70
208 148
230 97
27 261
8 92
149 71
85 289
20 310
71 260
238 126
201 103
300 274
11 225
255 264
224 140
74 14
209 281
177 115
69 203
67 92
310 231
162 71
212 198
72 298
133 1
99 25
103 90
314 129
315 260
69 214
75 142
244 284
115 96
90 199
315 172
291 300
79 144
62 306
33 149
279 181
165 54
206 267
159 211
72 149
147 156
55 237
313 314
196 119
85 301
318 91
149 300
83 243
135 160
224 168
309 178
24 165
247 245
108 82
148 195
246 294
42 300
222 46
289 94
165 66
86 174
172 234
149 270
152 283
106 51
142 106
245 166
270 167
102 69
248 249
279 170
234 320
161 132
42 142
225 222
223 2
71 70
236 235
16 79
209 137
146 27
258 66
208 203
248 309
288 172
234 242
33 143
238 209
274 295
26 190
208 248
192 294
10 119
204 41
197 104
193 18
130 126
99 29
20 23
14 307
210 263
225 242
97 154
142 47
140 168
252 23
107 135
8 116
253 211
172 126
6 40
159 152
165 274
180 185
312 209
167 197
147 83
130 244
252 271
306 67
130 233
105 237
44 112
44 296
14 216
113 20
255 288
171 96
253 42
296 240
251 154
128 73
253 257
8 180
219 313
263 25
222 59
261 281
187 304
268 216
195 73
251 142
36 97
253 288
155 224
219 81
69 22
169 321
278 177
177 172
165 131
212 78
189 148
50 67
144 318
283 14
66 209
155 117
322 99
96 152
322 314
232 83
11 92
79 304
268 271
167 125
77 55
218 282
218 268
24 37
261 306
51 18
207 221
134 204
12 229
31 9
218 278
107 244
61 186
239 5
148 81
145 241
151 38
198 45
321 237
81 273
235 147
290 117
60 99
12 71
19 42
95 252
11 202
187 71
79 101
91 226
182 235
142 24
289 31
68 285
284 165
234 194
3 199
2 62
314 13
148 24
70 259
276 96
152 138
166 230
239 273
147 112
183 305
135 147
27 219
124 310
59 33
195 61
247 212
139 252
240 302
276 309
236 243
96 79
72 262
324 2
210 147
113 84
143 264
247 185
158 46
187 232
94 57
292 32
285 122
284 200
100 251
201 27
169 296
106 240
249 105
242 150
267 46
234 85
309 172
270 158
233 132
65 2
204 49
33 180
170 316
72 285
242 288
312 102
259 93
34 200
213 275
25 156
12 274
256 321
121 217
170 29
40 235
46 260
283 79
115 144
86 186
105 20
165 92
121 100
200 154
315 88
120 31
259 132
305 207
144 117
99 5
162 139
239 223
74 213
301 204
33 79
82 137
114 246
244 250
37 119
80 27
222 215
74 173
38 70
55 197
186 153
202 39
307 132
262 72
21 254
292 69
24 49
221 137
294 140
63 23
274 158
65 187
64 138
51 102
207 105
314 85
274 191
123 272
15 76
20 35
6 311
119 45
51 15
182 36
170 244
58 135
93 123
321 156
260 48
273 159
168 263
243 117
145 41
65 159
133 100
209 138
102 3
182 152
33 55
6 23
26 9
28 10
23 5
2 10
32 22
24 19
12 14
8 13
35 16
27 23
7 36
32 16
2 13
23 35
32 9
36 1
33 28
27 35
12 28
9 7
29 12
25 21
6 32
9 264
11 12
24 42
47 62
12 20
38 68
25 4
3 69
57 35
76 29
61 58
27 31
46 64
22 62
30 18
10 69
10 37
16 49
78 62
29 25
16 2
11 40
21 29
44 12
80 54
40 59
31 66
24 76
65 45
72 29
79 1
33 23
37 48
72 49
44 35
73 60
52 19
34 8
47 77
19 61
50 59
38 15
59 77
9 58
57 81
6 54
16 38
76 68
20 1
35 63
52 43
57 22
61 10
45 42
21 64
22 70
57 75
19 50
71 28
27 62
43 32
34 74
4 44
60 39
61 13
20 31
55 12
68 50
37 32
11 57
14 48
62 5
41 80
54 46
26 80
26 3
46 75
76 65
54 22
33 2
58 63
56 69
49 25
24 80
51 80
28 17
60 48
73 75
21 38
19 35
79 38
16 8
32 80
61 21
21 12
22 78
9 12
81 57
36 39
72 21
53 18
37 48
66 29
41 21
1 59
55 14
31 70
37 79
4 16
18 24
43 55
36 51
66 35
43 37
73 33
57 60
66 29
26 50
73 66
5 8
60 76
37 9
80 74
6 2
24 39
41 67
12 76
52 13
45 13
49 52
61 40
31 46
68 56
30 59
41 35
1 35
29 38
43 27
30 65
45 53
38 4
54 50
15 41
62 59
69 45
30 49
3 76
13 6
50 42
64 25
11 65
75 39
37 53
1 66
36 61
53 73
64 26
57 78
66 53
72 53
32 36
36 35
30 48
56 14
25 54
55 35
53 48
9 8
19 9
73 70
69 45
78 67
5 69
80 70
57 70
57 7
24 12
57 53
75 31
1 18
4 55
69 56
38 77
64 72
20 71
61 23
34 73
8 54
60 22
58 51
10 34
58 49
61 49
36 70
80 37
7 18
26 75
8 63
5 6
54 24
77 49
62 45
40 4
18 34
26 75
4 35
43 77
19 38
44 54
27 58
9 33
75 51
42 18
32 62
23 20
20 18
68 81
79 42
3 15
11 28
24 30
79 67
25 16
23 3
69 49
61 13
16 70
63 73
6 29
53 29
49 72
62 51
6 59
12 9
8 22
36 48
51 49
49 10
64 6
12 68
71 7
15 5
77 12
13 17
40 81
61 23
7 42
74 12
35 4
20 59
41 72
25 26
55 8
51 38
13 62
40 2
4 54
23 80
81 35
15 39
34 11
62 40
52 54
68 21
73 22
8 437
37 22
19 43
30 34
51 18
54 37
7 56
44 1
2 56
18 20
56 21
13 51
46 16
18 22
58 2
5 55
49 41
12 3
19 42
36 5
59 26
41 1
17 20
2 19
11 19
38 3
39 50
53 21
1 7
42 58
8 46
48 57
23 60
59 41
37 31
46 31
56 22
31 8
42 32
26 52
51 63
54 25
48 43
45 48
49 23
42 56
4 25
48 26
20 43
3 56
9 48
22 64
5 53
7 46
20 33
34 6
31 23
31 15
1 11
62 49
33 39
41 37
64 24
62 19
2 64
11 10
47 32
9 52
20 16
33 40
48 2
45 14
25 11
28 25
22 26
10 54
64 50
26 63
9 24
18 11
23 28
20 6
59 29
57 15
44 25
54 27
27 34
40 51
45 4
11 2
29 20
55 28
5 17
27 14
40 44
24 62
7 43
3 1
7 59
15 50
20 4
12 46
38 52
32 18
55 42
19 62
9 46
2 25
8 15
64 51
38 62
57 17
64 58
23 59
8 9
14 12
20 59
49 7
26 2
61 3
20 15
64 28
61 2
53 4
16 52
55 54
49 47
6 49
40 28
43 48
36 56
59 56
50 43
62 11
44 59
13 63
9 13
26 5
14 9
29 2
63 18
50 45
23 34
21 51
12 4
22 3
62 13
52 40
11 62
19 5
11 17
13 23
42 18
36 56
26 64
57 24
18 42
4 40
12 24
26 23
27 48
26 24
60 13
63 6
11 17
10 21
33 23
43 11
40 14
2 1
13 58
24 30
35 27
6 46
51 31
5 13
14 30
37 10
42 35
15 52
52 25
8 20
47 50
30 22
63 31
22 12
24 45
41 59
7 46
40 57
13 44
6 26
9 42
35 51
12 50
38 63
10 46
19 56
31 48
13 30
15 34
41 38
14 17
32 20
63 8
13 11
51 18
36 60
59 7
46 6
56 19
5 1
64 23
56 31
6 4
60 20
37 36
58 50
52 25
5 50
32 17
60 19
34 32
14 28
38 59
34 29
13 38
29 13
60 20
43 1
23 38
21 59
9 14
44 60
38 48
46 6
1 41
24 34
8 37
62 45
31 9
43 4
37 55
63 56
33 63
14 6
19 8
14 32
51 10
6 35
55 11
35 31
34 4
39 6
1 19
36 31
28 14
34 64
5 32
56 37
31 5
43 49
13 56
17 63
1 22
33 55
32 3
22 1
7 60
6 7
14 41
38 41
54 7
41 58
39 32
31 5
36 9
53 48
64 5
47 1
26 15
55 57
18 12
57 24
7 62
30 21
38 3
61 28
10 37
21 48
4 51
52 40
59 40
23 59
45 5
59 6
20 49
63 37
61 55
60 3
53 25
23 26
28 20
53 37
56 10
20 60
60 7
35 55
46 57
49 26
62 43
32 17
27 30
53 23
20 48
26 8
8 48
34 35
3 22
7 59
31 26
54 27
32 24
17 14
16 1
39 13
43 6
29 5
35 17
28 55
64 53
62 8
36 31
42 39
53 49
33 19
10 22
45 42
45 61
55 60
61 29
9 39
35 37
44 5
54 7
59 53
59 57
60 30
23 38
4 11
22 36
30 31
57 10
8 37
7 62
33 3
27 41
42 61
13 21
1 2
27 60
55 21
52 50
50 10
23 54
21 44
25 50
11 18
59 18
54 1
16 22
4 42
62 45
38 11
1 38
12 27
33 2
47 20
52 32
30 10
21 50
54 46
35 64
63 29
17 52
30 32
10 33
9 7
13 46
17 13
20 29
39 52
30 21
8 17
52 37
27 9
22 16
54 56
15 52
20 31
39 49
63 48
17 7
55 29
53 7
41 8
35 15
59 1
35 2
17 23
38 43
31 59
58 20
50 8
7 6
39 45
54 37
29 7
43 19
35 31
25 12
38 60
26 33
60 61
34 12
19 8
55 49
2 48
4 52
56 10
57 30
54 46
2 18
52 44
36 23
11 61
34 48
56 59
10 665
79 34
66 1
93 16
93 66
48 4
29 35
29 53
40 23
95 13
8 30
52 60
20 42
36 13
46 47
28 89
61 6
22 78
59 66
46 51
84 45
7 12
79 35
17 70
57 63
82 17
92 85
76 12
79 63
76 9
3 64
21 61
38 98
19 55
95 21
90 39
27 2
17 14
70 38
70 32
71 38
75 8
65 38
86 27
66 13
87 68
76 7
80 65
57 98
20 51
19 9
90 97
62 58
10 83
96 32
66 18
69 93
25 34
30 62
12 47
74 99
67 50
57 46
66 65
44 85
68 14
46 9
62 59
18 72
94 65
55 59
83 23
3 7
8 33
69 20
79 94
70 45
95 78
43 61
95 38
97 62
51 94
22 64
5 39
87 98
56 41
8 38
64 11
96 23
95 16
42 25
10 63
22 4
93 64
16 87
1 13
100 3
58 73
66 62
63 53
59 18
93 67
55 8
77 51
31 23
18 24
47 27
39 68
83 31
31 98
69 31
62 20
85 20
92 51
81 6
55 40
24 99
58 30
7 86
80 89
8 50
12 54
76 2
74 58
32 4
8 52
87 69
23 71
88 66
73 21
72 79
12 95
78 69
24 36
6 56
24 65
5 87
70 32
89 43
42 72
47 49
76 85
69 98
55 9
64 80
29 35
10 40
81 87
60 56
74 17
11 49
81 67
88 50
99 28
93 40
51 91
40 26
75 8
76 81
68 39
12 96
25 22
87 5
60 98
60 34
66 23
34 46
89 73
48 39
100 92
30 51
34 69
28 60
29 3
40 96
93 52
44 17
25 82
73 84
32 85
69 97
7 55
95 47
27 94
86 27
37 15
29 70
36 56
29 64
11 20
11 3
23 6
20 47
40 44
31 71
28 51
19 86
5 13
33 32
58 70
10 94
84 38
15 71
45 43
86 55
15 49
58 37
54 29
84 45
72 66
15 100
16 34
85 73
98 69
4 8
38 65
1 74
2 16
44 46
10 82
53 76
30 10
13 35
38 96
80 61
13 94
60 28
79 97
52 29
17 55
36 55
19 88
80 72
55 75
70 17
56 22
92 85
31 4
20 51
51 32
63 96
44 43
75 40
94 55
56 1
42 62
71 29
41 43
36 16
12 52
23 85
95 8
15 99
79 86
1 29
17 64
24 60
58 50
51 56
59 51
97 72
22 78
65 16
13 32
27 16
54 11
10 61
77 60
91 14
61 71
82 76
47 94
85 96
96 35
4 54
38 100
78 11
77 42
26 41
73 4
56 26
66 39
94 77
81 7
89 52
40 16
50 33
100 45
29 35
100 34
24 100
11 34
76 4
11 17
76 14
24 54
79 41
92 72
18 24
30 58
75 21
74 24
6 73
21 34
59 20
19 34
71 82
67 47
37 77
15 13
42 90
18 72
31 9
95 100
32 76
57 59
97 82
34 2
55 54
87 65
26 57
99 96
38 17
94 75
46 60
39 50
56 11
80 16
5 31
99 81
87 57
29 69
43 30
75 48
16 91
73 72
89 21
62 58
66 88
55 26
26 93
75 33
55 6
48 60
36 98
92 74
7 20
94 49
49 68
96 16
59 21
39 99
41 52
8 6
39 62
83 16
7 9
48 61
14 47
72 1
97 63
27 3
34 20
51 82
40 46
49 98
18 40
48 58
91 8
16 82
69 98
97 27
7 97
88 72
95 59
25 91
74 51
93 7
22 43
41 61
41 10
58 80
10 68
23 17
35 4
37 32
100 64
90 48
3 14
43 13
38 33
86 40
78 45
61 72
85 74
64 77
83 22
57 44
41 79
60 75
82 97
58 33
12 48
81 66
61 75
78 50
59 16
41 36
60 1
60 96
26 23
72 61
96 80
4 36
58 64
62 91
12 20
76 75
19 8
40 31
82 17
80 92
84 20
28 43
72 39
90 50
61 14
10 57
93 65
92 3
28 54
45 91
25 20
65 43
27 4
73 60
73 4
52 56
75 31
51 98
69 40
47 29
5 8
37 50
73 29
52 100
34 96
43 10
68 7
52 46
63 76
6 35
79 57
42 5
39 92
2 7
84 49
87 88
56 24
37 28
4 40
80 89
88 74
98 55
80 1
100 94
76 57
80 6
65 22
10 3
13 11
61 48
11 100
88 67
75 76
46 78
16 77
18 3
50 67
9 82
67 60
27 94
17 7
51 33
28 60
88 92
22 48
92 33
99 79
51 73
54 48
50 21
77 19
75 26
85 35
59 3
95 86
48 63
92 98
95 71
9 34
14 31
82 5
15 80
83 17
53 89
16 54
61 92
25 36
18 9
70 76
64 16
13 11
78 4
9 25
74 17
58 88
99 91
44 13
23 27
81 27
67 97
32 27
88 56
14 57
17 84
85 80
99 97
90 29
1 98
53 26
67 62
65 5
9 30
27 87
62 5
53 58
36 31
98 92
45 54
60 80
90 39
78 87
28 58
39 78
10 16
96 24
81 12
28 89
41 6
27 3
10 31
12 45
61 9
88 57
15 47
36 4
85 66
90 65
23 80
94 85
96 89
8 28
100 87
68 93
92 94
47 1
24 58
97 36
19 85
93 33
83 80
36 20
97 78
36 20
57 29
56 4
69 15
31 20
1 98
64 44
91 10
96 66
20 92
2 38
28 46
70 11
25 5
30 74
82 17
93 91
45 100
94 65
14 25
36 66
22 100
61 65
61 56
30 80
47 83
69 27
28 38
89 5
95 70
78 28
86 22
18 82
21 64
46 86
88 81
3 61
32 63
77 93
18 7
24 16
41 45
94 69
82 25
28 51
2 56
36 75
25 17
47 40
62 84
79 95
86 40
78 48
68 22
17 26
46 84
67 90
78 35
23 59
11 3
10 12
10 45
38 34
62 84
26 75
67 4
21 4
95 99
51 63
20 19
88 17
2 54
58 79
40 81
38 50
83 47
13 44
43 2
77 4
85 2
31 3
58 51
6 52
49 8
14 69
26 54
37 28
59 95
6 51
75 95
52 9
41 17
13 546
45 147
126 148
87 103
155 152
63 111
164 148
144 152
4 125
109 6
98 7
38 27
86 39
100 17
44 22
47 39
9 91
16 163
69 130
96 83
140 158
24 135
137 26
145 140
9 84
145 106
118 41
133 63
79 91
79 122
112 125
160 121
46 35
114 143
164 40
56 135
57 79
128 52
104 103
22 141
45 26
77 21
66 68
83 4
158 161
125 101
144 116
52 21
150 24
22 3
91 77
165 147
14 123
29 145
84 79
116 156
132 24
8 56
91 90
59 108
110 15
39 84
158 118
132 138
169 153
140 90
60 164
68 101
117 124
77 60
33 23
46 164
74 53
79 24
2 137
131 111
151 28
53 139
4 16
135 3
27 134
92 115
128 18
46 103
142 122
162 5
145 39
28 49
119 106
100 120
73 61
89 83
88 142
80 91
16 46
93 42
38 44
156 165
61 33
98 33
13 119
66 157
157 93
65 134
57 164
113 157
84 32
70 2
4 9
121 47
82 72
89 119
143 75
142 35
135 98
95 148
47 160
163 62
111 86
27 26
81 139
14 23
29 111
24 61
119 3
107 31
103 26
8 76
129 149
110 122
78 36
100 152
54 122
45 24
38 99
49 118
96 90
140 124
32 23
15 9
53 150
40 155
34 75
62 162
55 30
143 160
65 73
142 147
25 45
1 63
143 77
39 97
167 38
52 29
88 94
65 140
74 104
126 108
38 46
128 120
75 101
110 168
33 110
145 85
14 4
6 15
108 73
112 133
110 163
20 56
115 85
26 48
19 10
155 84
83 141
34 158
101 143
156 161
112 159
76 125
21 110
167 156
13 109
120 150
102 139
36 76
54 61
123 101
99 136
15 12
135 49
28 66
50 42
57 20
59 161
3 107
101 1
94 113
109 44
93 70
41 156
4 123
75 126
54 4
92 96
44 57
3 99
151 81
141 66
128 30
57 131
137 16
159 89
156 126
160 107
54 31
93 57
153 168
13 65
30 132
20 101
48 50
31 57
130 30
122 89
87 38
78 54
53 95
1 68
51 160
33 133
50 126
20 61
152 61
154 40
23 4
141 98
53 30
154 42
59 107
158 145
3 66
58 83
19 58
150 97
77 14
60 126
167 80
17 149
168 29
19 49
32 18
147 113
47 159
154 105
96 142
109 126
66 166
40 84
82 20
11 158
61 71
142 58
9 159
65 7
18 112
55 78
129 60
21 35
50 5
139 4
146 106
130 42
102 169
153 15
47 163
31 136
92 4
24 100
21 117
134 66
59 48
143 46
107 22
80 156
54 78
19 30
14 148
99 144
6 82
158 52
104 47
18 26
50 70
154 98
45 146
164 131
24 165
7 131
18 115
145 71
23 163
129 36
169 86
10 5
27 26
85 130
101 130
14 150
58 26
79 130
3 101
91 54
96 126
15 141
71 19
43 93
40 30
156 68
115 25
100 169
78 43
129 9
4 2
18 89
55 124
50 57
55 168
139 9
124 12
150 25
30 23
145 98
80 160
165 53
15 95
53 120
138 40
129 169
41 5
116 124
128 24
39 41
23 8
49 146
20 29
30 77
79 5
5 17
164 28
70 37
123 122
157 119
161 144
146 61
148 120
15 134
144 81
33 25
89 81
29 108
138 58
15 75
91 48
92 113
75 161
150 56
113 165
33 132
139 37
51 145
157 93
137 159
5 169
42 93
108 70
59 76
156 101
151 105
148 73
48 82
92 28
137 63
51 1
25 48
65 76
23 52
27 18
69 31
17 110
151 153
39 40
59 25
169 68
129 6
168 35
87 90
91 83
152 141
111 36
20 6
139 70
86 165
88 154
27 104
123 8
115 161
76 5
44 103
72 3
108 99
65 54
19 155
136 30
127 105
65 146
138 62
46 54
57 133
67 111
96 20
119 41
11 53
73 82
155 4
112 121
102 7
5 148
162 168
36 119
103 100
123 72
20 168
153 77
160 50
18 114
69 164
13 107
75 86
19 88
117 158
40 77
165 44
55 157
43 91
134 4
49 87
103 69
113 87
4 131
136 49
75 64
44 88
29 146
32 76
65 7
64 104
83 59
147 137
74 48
86 38
80 135
152 13
62 96
99 65
57 94
113 132
16 15
78 72
161 137
147 56
143 70
159 56
156 164
51 61
71 137
126 150
102 109
162 163
35 120
86 119
72 29
81 87
44 17
17 35
12 164
118 154
92 107
68 78
129 119
166 30
114 123
10 74
62 3
67 124
150 11
73 52
39 13
138 110
57 154
144 69
7 92
81 98
57 8
35 17
126 31
74 98
12 84
2 73
114 96
55 94
106 128
145 144
168 141
85 55
153 87
151 160
38 63
116 122
70 9
166 54
40 71
151 51
154 152
152 126
78 37
50 42
23 53
16 21
24 128
104 35
74 85
53 111
147 169
63 75
36 60
156 75
130 137
154 142
147 164
126 83
59 6
124 110
86 168
130 137
154 92
2 58
16 756
50 240
230 204
37 167
20 4
215 3
241 111
209 55
128 99
43 109
157 79
190 193
221 95
252 109
210 230
88 28
12 138
12 241
85 48
152 104
51 110
106 35
220 58
90 91
156 132
199 56
210 133
248 175
227 243
27 180
216 114
208 228
251 219
212 79
10 107
182 60
216 31
95 179
88 184
13 243
59 212
42 12
88 33
186 58
19 212
237 235
70 188
206 64
150 161
143 159
12 68
219 227
99 57
150 186
240 162
173 42
117 214
53 204
247 239
5 9
194 242
243 7
173 192
71 67
97 213
225 108
24 187
78 122
243 227
52 226
133 224
11 249
181 64
197 171
46 201
180 239
186 166
246 103
102 60
169 198
16 137
49 39
68 126
161 54
97 212
24 229
179 34
221 103
97 161
18 142
106 197
125 35
106 114
137 207
173 49
148 188
186 196
226 253
66 130
50 162
85 73
134 7
107 98
110 203
3 127
89 108
67 213
142 172
70 23
123 242
71 14
173 256
210 142
252 19
16 46
180 100
118 57
107 224
154 216
171 156
86 3
7 152
215 149
67 28
171 189
13 241
203 185
241 156
70 236
174 85
25 97
185 143
153 35
110 50
250 24
206 79
26 212
230 240
104 40
11 18
229 23
3 175
207 243
74 21
222 247
105 247
87 33
133 239
67 242
32 60
10 237
138 35
193 111
19 40
151 29
58 123
52 60
41 2
46 114
22 11
104 127
1 190
159 133
172 226
119 203
29 128
184 167
162 120
21 180
159 171
209 216
37 4
19 77
5 64
190 27
75 37
153 75
226 55
208 141
24 70
88 53
197 15
219 102
134 239
26 36
154 234
252 190
237 14
11 241
78 200
11 152
237 163
226 206
218 177
91 241
246 178
37 186
192 255
32 69
238 57
104 135
34 99
68 14
113 78
254 190
22 9
85 2
171 54
207 132
231 41
117 220
218 153
150 153
152 181
221 133
237 69
11 14
167 78
27 23
156 24
212 177
32 40
178 203
94 128
78 68
169 194
31 130
91 180
27 242
104 247
118 84
59 128
97 226
205 123
248 104
147 204
24 178
243 201
124 80
73 202
147 241
139 178
114 229
101 140
214 205
131 75
32 189
202 129
158 151
251 150
254 141
97 22
63 83
222 186
163 38
131 53
22 14
230 136
242 75
19 200
23 149
18 54
82 220
182 239
114 177
132 111
61 228
132 123
55 98
53 217
135 183
13 157
196 243
36 182
61 54
125 83
203 142
136 28
105 62
10 218
238 142
73 42
113 204
165 167
45 217
127 180
143 140
80 83
126 115
8 186
168 132
12 114
17 147
141 122
208 151
83 189
36 155
231 148
103 139
59 147
99 185
70 241
68 149
67 193
7 74
122 175
205 133
32 222
24 173
87 231
67 169
164 102
68 138
249 170
20 51
60 118
236 130
102 47
22 169
240 29
242 105
203 191
238 234
156 5
150 242
235 216
154 142
61 221
23 54
134 42
104 194
159 83
67 5
130 88
173 113
116 158
217 62
92 198
40 247
202 189
232 181
149 130
66 209
94 89
6 228
130 110
165 33
192 231
37 65
62 209
177 178
110 138
239 202
79 22
192 25
211 168
205 103
41 14
55 134
102 61
105 232
170 13
8 105
243 44
170 49
252 90
226 105
227 208
50 230
242 74
184 153
22 30
193 35
84 70
137 144
175 112
57 187
119 162
174 162
75 222
157 164
191 5
135 142
55 184
115 40
1 42
192 22
71 128
56 155
197 192
42 115
47 99
46 165
4 219
70 78
184 226
241 118
231 119
3 29
46 118
68 46
159 3
67 230
130 123
128 70
58 169
185 105
11 230
13 14
192 83
91 119
52 76
236 26
194 238
54 240
99 121
29 2
123 96
231 252
218 102
66 19
14 250
123 25
223 136
38 158
218 129
20 13
204 255
39 141
236 92
124 79
213 153
80 79
248 54
75 209
155 140
227 168
133 94
192 99
229 230
256 190
102 19
202 49
17 240
189 252
76 57
74 32
209 153
110 200
206 184
152 104
67 122
16 199
215 207
41 187
180 40
120 25
58 66
73 74
49 6
70 124
62 143
155 14
40 9
213 245
192 108
93 3
229 108
201 188
58 242
118 238
25 238
6 83
47 79
156 95
84 225
219 145
112 117
158 151
125 114
139 61
221 231
63 193
82 7
124 140
248 242
121 17
223 126
99 13
204 254
107 31
223 69
175 78
186 76
228 54
189 110
114 153
85 176
90 166
183 213
49 174
198 169
190 164
39 32
176 242
30 27
17 252
95 191
73 24
11 44
78 199
153 191
96 237
111 185
147 37
141 195
210 83
108 144
246 146
175 166
131 204
192 147
199 30
82 15
54 92
58 131
34 211
65 129
191 175
57 81
211 198
20 165
24 127
52 13
16 226
178 146
174 113
37 116
143 118
131 196
209 188
70 242
142 134
115 77
53 171
157 7
112 176
171 135
46 222
148 61
192 69
207 109
182 243
224 68
104 98
7 56
30 76
41 171
209 155
247 5
70 148
12 181
67 182
60 113
148 207
173 83
19 123
191 200
109 158
11 212
256 17
11 29
92 52
199 45
206 190
49 19
81 60
200 147
242 3
3 133
209 176
215 227
42 149
171 151
50 181
106 49
198 117
77 33
168 20
77 117
209 126
136 33
185 79
179 170
81 182
46 33
101 4
3 142
152 173
36 202
98 142
250 39
2 71
71 169
90 148
29 42
17 164
74 201
242 252
115 66
177 160
98 21
164 101
163 59
17 198
4 114
83 254
152 84
68 223
252 157
114 25
198 130
188 15
74 174
10 188
239 187
92 81
207 255
181 113
57 197
55 61
55 137
58 206
221 125
172 216
25 29
240 222
158 172
236 232
89 245
163 71
175 254
151 126
252 75
238 53
16 36
113 70
173 170
19 137
38 191
96 62
219 80
27 121
251 6
96 83
250 2
153 169
256 48
38 251
122 19
47 137
55 159
206 227
72 225
107 109
159 202
170 121
25 196
241 19
201 80
101 195
82 254
107 81
45 144
75 166
162 122
47 216
24 252
186 96
220 36
204 122
238 118
243 6
57 227
25 2
51 125
196 132
122 46
212 166
189 30
76 94
151 122
54 175
117 239
14 81
19 217
202 256
78 188
5 135
159 29
136 209
154 75
84 19
120 39
185 52
68 4
145 219
125 198
137 241
181 150
65 199
110 11
198 188
198 202
66 100
231 201
52 128
19 135
146 138
173 74
189 241
77 203
201 19
83 186
199 232
250 141
85 4
82 16
202 27
81 45
1 25
97 128
43 231
18 180
148 91
112 132
168 189
78 112
207 160
41 149
135 35
33 219
38 114
235 239
140 59
28 141
84 124
12 126
98 29
50 245
120 161
120 31
93 197
142 43
100 183
191 234
217 223
18 863
168 31
193 40
309 248
240 112
95 251
146 256
176 123
169 175
279 324
205 224
265 322
142 212
8 201
186 72
35 238
270 219
268 154
258 252
93 189
40 187
115 201
134 306
323 318
156 293
318 52
208 274
66 42
161 73
242 22
145 276
259 106
170 218
275 119
162 43
307 217
245 114
109 70
95 123
80 267
91 73
318 315
22 59
32 198
148 273
220 308
240 170
89 102
64 55
220 241
97 219
133 33
8 241
102 118
39 181
60 145
269 54
151 306
128 182
180 275
146 91
274 62
276 38
163 31
108 74
271 204
292 79
252 315
11 30
109 49
226 184
210 187
237 36
168 57
218 39
23 55
145 297
116 97
26 294
143 134
44 90
29 27
184 281
34 195
2 158
259 243
17 144
105 270
180 289
2 89
3 40
143 164
12 275
276 54
244 94
203 303
199 231
22 59
203 71
269 220
228 219
139 244
55 243
189 250
207 206
14 226
246 172
65 273
138 16
18 74
125 220
52 324
143 89
74 21
159 34
241 78
252 71
322 306
313 202
231 196
84 260
113 21
124 177
309 261
208 3
10 8
222 78
23 56
182 112
77 33
145 9
110 89
79 123
86 83
1 317
294 100
268 82
136 67
258 120
20 157
122 29
181 36
106 219
91 304
7 183
12 167
207 121
255 285
244 17
60 260
25 29
51 308
111 186
67 60
305 86
233 119
114 89
154 236
307 244
215 5
103 242
172 1
38 118
302 297
134 37
248 174
65 298
174 191
159 240
267 156
1 175
274 130
279 103
57 261
38 287
282 156
204 129
157 242
246 134
230 72
170 154
261 250
143 110
133 302
25 75
149 41
265 98
171 219
216 227
171 253
190 128
85 272
257 18
194 66
248 265
251 93
201 192
235 3
324 228
27 90
52 68
46 149
254 264
40 156
127 309
37 254
85 138
202 17
155 87
98 78
43 40
186 243
247 97
245 247
324 288
28 68
47 74
216 300
29 272
147 155
272 184
101 32
13 302
64 167
80 177
245 122
216 106
56 154
218 317
76 234
280 120
301 2
209 192
317 237
155 139
68 102
14 168
149 26
161 228
193 256
80 129
53 311
250 108
141 144
116 232
53 71
43 29
88 251
236 96
164 83
235 247
200 248
106 41
274 282
268 158
213 40
286 281
42 227
80 198
62 196
122 114
266 164
158 46
107 86
141 286
184 67
208 59
315 5
115 280
286 59
129 190
114 90
146 155
8 225
45 70
112 166
199 70
21 49
115 127
150 271
88 9
14 311
83 20
315 198
315 292
272 119
157 61
224 318
231 235
291 316
22 132
191 91
153 239
221 295
64 184
59 72
213 45
170 232
52 43
238 19
6 48
192 82
271 201
313 193
127 295
185 149
103 51
255 271
305 168
241 44
27 315
131 255
36 300
178 103
35 91
121 40
138 4
122 100
205 126
292 7
96 168
171 214
218 102
160 198
285 93
257 3
83 63
257 134
55 110
236 89
216 49
144 29
52 265
144 256
82 111
279 194
279 125
83 188
242 259
78 202
43 10
204 125
89 152
275 143
261 202
247 152
250 66
196 318
23 15
265 120
142 219
313 96
20 72
299 277
22 52
155 64
62 50
204 166
202 154
324 154
48 246
322 297
3 193
306 41
224 247
161 41
141 149
152 176
236 126
129 257
194 283
320 271
24 200
112 241
45 111
71 92
48 68
81 50
276 62
91 175
308 251
231 141
91 74
316 3
200 120
259 85
94 271
31 118
162 142
50 206
268 120
314 315
187 70
40 155
131 146
5 131
88 252
271 179
1 262
197 216
74 147
300 167
109 6
300 270
163 26
152 106
161 141
96 40
226 152
194 32
313 214
162 77
141 124
271 142
62 143
33 135
305 25
317 90
30 309
35 209
26 202
314 186
34 102
225 259
269 94
307 257
308 144
9 140
284 279
281 21
113 6
171 110
46 179
199 91
163 249
299 188
127 305
50 160
82 290
111 26
60 93
282 59
252 307
198 211
277 171
247 82
192 93
191 237
288 81
3 126
5 302
6 147
282 71
323 55
36 109
80 111
201 53
169 144
35 43
31 4
229 293
85 96
78 275
8 41
31 26
182 51
3 187
198 300
257 196
30 309
304 125
95 196
194 280
15 244
14 61
247 242
46 7
13 123
297 36
163 19
61 20
70 80
207 283
55 155
154 101
155 149
225 250
36 110
221 66
30 234
143 276
151 188
299 179
310 271
214 148
306 290
183 67
45 65
25 100
236 178
200 66
18 116
7 53
242 227
118 271
152 260
238 302
123 212
172 124
175 77
271 156
43 130
222 87
210 246
186 137
115 77
219 148
209 225
200 126
144 9
88 295
285 1
289 99
213 152
223 79
229 169
234 271
314 147
33 216
84 235
28 198
3 246
21 227
147 236
28 306
260 115
292 220
132 256
319 20
100 217
114 4
77 23
274 67
169 322
282 268
248 1
157 267
247 177
169 85
104 197
66 39
3 49
275 134
305 269
169 96
177 282
99 253
320 64
11 180
77 308
123 1
309 279
267 247
147 127
7 266
323 88
321 18
136 271
167 132
231 28
227 83
1 27
321 80
38 192
157 37
7 173
37 285
131 283
124 257
289 65
272 52
77 289
188 23
147 319
253 174
222 11
191 238
54 203
318 91
70 150
143 76
14 180
53 144
138 192
76 103
272 23
170 25
311 33
47 150
44 300
15 281
2 205
210 55
99 203
161 169
44 304
260 57
175 4
200 312
195 292
90 159
314 276
183 317
308 229
142 43
220 172
15 238
53 225
308 167
119 145
11 163
140 287
235 314
306 127
317 193
94 99
27 83
50 209
91 49
129 232
92 41
96 106
278 164
22 261
6 141
97 33
303 252
319 229
257 316
47 250
184 140
40 226
239 89
126 5
153 255
253 260
295 24
42 264
187 79
200 192
219 313
240 213
256 234
118 189
242 164
130 117
320 185
19 234
273 160
254 117
90 198
53 76
237 110
15 115
188 231
323 83
235 238
295 166
164 104
46 81
284 191
213 279
51 247
204 15
83 149
132 188
23 184
264 275
293 294
66 172
200 64
254 126
317 241
308 156
20 29
252 319
236 141
273 286
63 168
317 161
317 124
25 31
323 288
305 307
273 62
154 149
125 100
290 134
16 273
289 51
318 217
46 229
49 10
206 111
178 198
272 186
13 312
216 11
275 212
9 223
274 163
63 90
278 45
223 309
317 188
35 310
96 230
144 122
112 270
299 309
233 176
322 220
67 24
186 294
49 101
243 211
163 9
180 223
231 164
216 110
198 217
205 310
123 40
107 234
2 97
234 272
247 146
30 271
7 15
319 107
258 221
286 266
92 184
188 255
91 314
144 308
210 129
122 250
251 47
251 39
280 176
2 203
321 47
165 20
62 175
142 319
87 103
276 178
303 155
108 85
144 251
84 30
72 205
279 322
251 221
37 207
72 38
101 85
85 265
104 146
115 261
156 201
56 107
54 34
277 177
134 97
103 218
126 174
98 96
188 25
8 240
247 95
277 23
179 53
303 298
214 93
235 61
309 290
183 54
15 136
230 148
232 8
41 49
198 155
144 61
195 167
300 117
261 268
155 116
13 133
105 242
241 15
303 241
320 161
294 10
296 199
174 203
222 214
267 95
44 102
171 238
268 162
46 205
106 216
12 134
24 116
51 280
131 45
196 126
206 165
152 177
55 1
72 277
230 30
63 290
132 250
219 75
87 265
279 208
156 290
33 196
82 84
151 228
128 23
45 25
203 196
218 258
212 289
226 118
318 304
83 141
229 301
216 316
257 186
215 89
168 248
300 265
23 126
168 150
164 228
191 43
116 84
316 3
64 233
120 73
212 218
214 117
211 105
124 143
306 30
247 149
277 222
105 315
24 288
9 796
30 23
18 64
25 9
1 7
14 56
79 64
30 49
34 13
7 76
75 5
40 78
7 74
57 31
64 15
75 58
55 39
15 73
37 39
16 38
45 30
28 43
28 73
26 61
5 49
71 79
53 29
75 59
37 66
8 36
80 18
28 54
56 43
61 12
16 11
65 61
56 11
38 2
18 79
78 22
46 67
35 17
31 29
76 2
29 18
53 28
35 16
16 26
74 11
37 8
21 36
3 77
62 56
13 79
54 10
36 34
11 70
51 41
33 61
59 62
13 46
24 48
61 39
73 53
65 44
77 4
14 79
15 10
54 28
23 42
37 58
75 47
47 60
23 14
55 16
75 68
61 17
50 41
71 57
12 54
35 7
74 48
21 7
73 74
34 14
50 5
72 43
52 53
38 9
66 11
24 76
13 3
27 62
59 17
53 6
5 6
28 78
69 48
20 60
56 53
74 24
58 80
2 44
51 39
68 51
49 10
61 78
28 7
58 6
39 30
11 59
51 38
56 39
5 75
33 76
62 41
19 54
39 36
16 24
74 18
10 57
27 70
53 55
76 46
76 49
10 5
27 60
58 17
33 78
26 66
73 6
41 26
60 80
61 10
22 69
28 47
60 70
36 48
59 46
12 53
14 37
73 56
31 50
72 80
46 16
80 53
37 39
78 31
37 73
57 75
76 19
40 55
7 10
21 1
56 48
69 4
3 61
75 49
45 65
47 25
15 45
78 51
3 9
17 55
17 73
64 11
10 23
81 32
48 20
32 22
2 20
41 20
80 34
69 59
33 50
2 63
30 14
49 32
23 65
21 55
56 4
65 42
65 15
8 19
47 46
37 1
21 56
15 71
59 73
38 28
74 20
57 23
68 23
45 51
43 18
25 62
17 24
38 16
38 62
51 19
26 6
19 62
61 49
51 39
40 24
1 49
43 57
71 29
79 50
14 56
2 54
53 34
77 9
50 49
70 35
3 30
40 37
11 35
5 77
8 60
19 8
27 77
64 32
40 77
81 53
52 17
25 23
51 36
47 35
20 36
69 22
65 27
74 10
77 78
6 4
57 40
11 18
36 10
66 75
5 65
47 72
17 6
29 67
58 76
20 77
30 7
33 29
49 25
39 44
22 44
63 13
2 9
46 37
18 30
47 22
30 12
29 46
33 57
47 9
51 66
20 80
7 52
28 71
77 66
49 33
44 31
61 39
25 33
72 71
79 12
35 25
40 15
57 16
61 1
1 61
20 16
67 72
43 72
2 43
39 34
21 4
29 81
58 69
32 48
58 45
76 27
69 50
41 61
81 20
77 1
80 15
16 81
21 74
71 38
51 45
6 71
48 34
5 41
22 53
7 14
16 1
41 20
51 81
80 50
36 75
66 34
24 81
50 61
73 55
17 42
18 23
47 1
56 52
41 12
23 47
26 38
64 1
73 49
81 71
33 35
80 18
4 23
33 69
2 25
42 34
1 76
56 64
76 47
34 51
58 56
32 18
28 14
18 20
78 34
25 30
3 24
63 22
62 14
9 79
54 67
31 55
61 22
37 71
3 5
40 76
76 71
13 22
20 46
57 16
79 1
45 17
40 42
38 20
56 47
33 28
48 63
17 27
19 69
16 21
73 71
16 67
60 44
24 14
8 80
30 6
15 9
22 54
51 75
8 25
56 40
68 22
22 4
64 56
72 14
77 80
3 27
81 79
70 23
11 77
22 40
17 36
65 54
25 50
48 32
74 22
72 76
60 28
79 42
2 5
56 13
3 74
39 2
71 43
41 17
39 78
72 71
48 55
44 72
23 26
23 31
47 29
26 41
56 39
2 73
43 73
21 61
65 75
79 71
37 38
6 75
34 12
64 81
67 42
7 24
67 45
71 49
73 15
8 63
53 25
54 31
16 9
26 16
3 23
21 39
76 42
48 44
53 30
44 54
7 66
13 73
29 2
56 20
32 64
1 19
7 70
49 39
79 75
70 81
32 25
54 27
1 20
70 53
65 48
42 71
32 70
79 76
71 53
14 21
35 30
55 58
35 23
31 32
32 35
47 63
75 19
8 75
54 13
62 37
60 22
43 27
26 40
21 15
27 51
51 62
80 25
54 49
63 19
15 13
69 61
10 62
14 34
55 2
46 51
39 40
8 81
66 33
55 22
48 81
72 33
77 5
73 65
54 18
3 66
5 64
11 1
12 44
71 14
8 41
68 47
48 2
48 80
56 4
62 71
75 14
2 14
5 66
2 59
19 5
59 39
3 4
40 30
47 29
43 54
4 29
36 51
30 18
66 20
21 46
26 30
75 27
59 80
27 61
73 45
81 66
3 18
70 58
47 51
21 9
40 25
53 10
10 18
27 75
53 63
56 78
11 49
39 69
63 66
64 70
45 63
55 63
15 59
39 62
44 60
70 2
19 57
11 28
74 53
22 46
34 77
58 44
60 16
32 42
81 30
30 60
28 19
42 12
80 22
56 74
26 57
11 2
3 55
10 55
11 71
8 22
48 51
81 79
17 41
13 63
6 72
9 24
32 50
36 47
7 10
55 32
1 66
49 19
55 75
74 65
64 16
5 46
66 4
59 18
45 71
80 66
78 23
8 28
7 43
9 13
68 64
61 4
64 28
22 37
21 30
20 45
40 81
46 43
59 79
22 64
12 6
60 34
14 23
40 72
31 53
75 29
32 13
27 75
50 79
31 80
33 50
59 72
65 39
34 58
36 71
41 47
77 19
80 25
41 55
31 7
26 24
51 73
52 13
66 21
10 15
35 59
80 28
49 80
67 17
56 21
7 15
68 18
50 1
42 25
55 7
47 15
31 17
6 17
45 7
53 70
37 6
47 52
50 31
50 35
47 40
71 69
55 73
5 23
74 62
63 69
29 13
34 45
34 50
24 40
38 12
12 43
59 63
27 8
47 61
70 5
51 58
75 58
78 32
66 59
14 48
62 42
76 14
21 28
79 44
3 35
55 14
13 32
11 39
55 73
35 44
12 20
20 6
77 16
53 62
9 66
44 70
26 38
18 62
65 32
24 67
66 79
15 13
45 25
52 35
16 21
78 28
40 32
49 35
63 20
31 72
5 74
60 46
30 13
27 30
44 66
15 44
79 30
57 59
70 43
12 21
63 24
48 37
55 31
71 36
50 37
42 70
29 37
51 75
49 12
39 11
77 53
54 75
17 45
68 22
6 79
42 3
21 24
39 10
54 45
61 38
81 22
43 44
58 12
53 25
23 10
51 34
79 39
43 30
3 29
51 24
42 11
27 78
50 81
6 22
44 2
76 59
23 37
38 80
48 9
39 5
19 24
38 32
62 16
61 64
44 47
23 5
73 49
17 42
48 23
79 27
24 73
4 62
44 41
76 26
66 33
30 19
56 3
50 52
18 45
51 77
10 73
16 2
56 33
43 22
55 40
64 13
48 3
74 10
43 68
36 43
35 81
61 25
2 29
76 35
74 45
31 18
36 46
19 10
78 61
48 67
36 46
14 2
48 22
27 26
24 62
68 58
62 48
17 79
11 12
49 19
72 14
37 43
59 55
68 72
51 34
73 5
15 22
22 62
43 48
6 67
45 74
59 41
56 76
54 1
6 975
2 21
7 11
36 28
9 32
7 14
9 16
34 14
28 26
11 15
2 25
25 35
24 2
21 32
30 9
15 33
3 16
34 25
6 33
16 30
8 2
8 33
34 21
10 25
11 20
19 28
25 7
26 28
9 26
24 18
34 18
15 16
13 12
5 18
24 36
27 12
18 34
8 15
35 17
19 9
17 2
16 21
8 5
12 32
10 15
14 23
32 8
3 24
35 23
5 2
2 12
13 19
25 20
13 23
17 32
11 13
13 26
33 20
10 24
32 19
19 25
6 30
12 24
18 10
10 2
27 13
4 26
2 23
2 24
19 33
35 31
9 4
27 9
14 31
20 32
13 8
17 6
35 4
23 24
29 25
14 20
1 17
9 2
20 26
6 2
23 20
33 11
23 3
19 36
33 2
12 25
25 8
31 23
12 17
10 20
21 4
19 22
36 7
3 19
33 24
1 35
7 13
9 30
31 8
9 8
25 36
32 14
8 26
16 35
23 6
18 7
9 1
8 23
27 7
19 30
23 17
1 35
6 10
29 13
18 16
1 18
12 30
5 17
26 3
3 31
20 26
3 36
13 26
3 19
32 1
13 18
34 29
32 3
2 5
31 35
20 31
16 31
5 36
28 30
2 30
24 2
35 6
17 28
11 19
26 7
20 2
4 17
30 36
35 11
20 29
10 3
3 5
14 7
5 36
6 14
3 7
29 24
4 36
35 22
25 21
21 27
24 17
36 3
15 27
22 7
36 5
10 4
34 32
8 18
12 14
31 30
36 3
18 3
2 16
5 27
36 5
33 3
22 12
22 36
2 23
23 1
27 12
21 4
7 28
21 34
21 32
28 21
34 9
3 16
4 7
6 19
12 18
21 13
9 22
12 11
9 14
27 35
5 11
19 28
3 25
23 14
16 23
28 4
26 7
23 12
28 5
3 9
6 15
17 27
7 35
20 34
14 25
24 32
32 26
14 20
29 28
16 31
19 20
25 6
12 32
26 14
20 31
29 36
2 15
23 36
14 36
29 2
23 24
13 29
18 33
21 9
12 15
27 10
15 31
31 26
26 1
19 9
31 27
24 12
5 26
12 19
25 20
36 28
8 13
20 5
25 20
13 36
14 19
25 8
29 36
13 34
36 32
22 10
22 25
22 7
15 13
25 19
32 4
10 19
16 29
23 20
12 15
19 6
33 24
13 25
23 26
2 22
21 23
31 22
12 32
8 26
8 32
24 20
16 34
2 11
26 5
31 18
19 29
23 16
16 15
20 2
4 22
3 4
8 14
6 35
25 13
4 33
25 28
32 4
25 33
14 30
17 8
27 36
1 29
31 32
8 14
14 27
15 32
31 3
9 16
1 34
28 5
10 16
12 5
35 36
17 29
9 34
36 13
16 28
7 28
35 36
5 26
15 36
36 17
25 15
33 22
22 17
11 18
28 15
16 7
11 8
16 8
24 15
20 19
22 6
10 21
6 14
26 20
30 5
16 18
35 12
19 20
9 29
17 36
23 13
23 33
36 2
21 23
32 20
22 17
26 31
17 31
25 22
30 34
26 9
15 24
36 33
24 8
5 4
24 27
32 10
3 32
11 23
18 22
7 19
2 12
30 35
22 34
20 15
31 10
3 25
13 2
1 16
26 5
36 13
31 22
13 26
12 36
24 33
22 6
14 13
15 12
34 12
12 6
21 14
10 13
31 10
29 20
14 28
32 24
22 17
1 28
8 16
15 20
1 36
34 13
15 25
26 16
1 12
16 30
21 29
24 31
1 8
24 28
19 12
29 16
28 36
23 7
14 7
23 30
20 15
8 24
4 13
4 20
4 19
13 25
11 16
35 27
3 2
18 22
13 27
1 4
26 3
26 20
25 12
13 24
6 36
12 9
28 15
28 32
13 20
36 4
36 14
30 18
15 28
3 8
18 19
11 23
2 17
22 26
8 14
14 29
5 22
21 19
30 16
11 29
31 14
8 26
2 15
28 9
12 27
36 14
28 16
36 33
23 13
26 36
6 30
2 6
12 31
1 3
23 31
16 31
18 3
36 19
33 7
28 8
33 27
22 4
22 21
17 8
13 6
24 34
36 25
3 27
35 3
29 21
13 25
31 30
27 30
29 24
17 20
11 13
26 32
33 11
32 13
34 9
18 21
6 17
9 25
8 7
7 16
8 20
4 2
13 31
12 21
34 28
4 8
20 9
20 32
19 15
8 17
3 6
1 25
2 26
13 9
32 19
25 3
18 8
21 31
2 12
15 19
35 3
18 7
22 14
6 16
1 2
19 22
2 7
24 27
35 12
3 33
16 5
15 24
5 25
5 16
19 36
14 17
2 32
4 3
25 18
5 26
16 27
27 2
14 34
36 25
36 33
5 20
11 8
25 35
12 20
33 11
14 12
25 33
30 13
21 28
17 10
7 16
25 36
13 24
5 28
36 9
12 26
32 16
4 7
15 1
18 8
30 9
32 26
19 8
10 5
35 32
27 14
20 27
7 24
31 34
3 19
25 29
30 20
12 36
35 12
33 6
21 22
18 10
4 25
35 29
9 33
24 36
27 24
6 33
27 16
30 29
14 35
1 7
18 13
22 32
24 19
18 25
4 35
34 23
23 13
15 12
25 18
27 15
21 32
11 27
21 4
4 35
4 26
16 32
11 12
36 9
29 24
12 27
21 14
29 13
28 20
2 26
10 16
10 5
7 21
11 7
4 30
5 23
19 36
19 10
11 18
18 19
5 30
25 5
7 34
18 15
17 19
4 27
14 29
11 36
13 2
6 32
31 26
19 30
26 17
3 16
34 20
35 18
29 3
22 16
36 3
10 33
1 13
3 15
5 29
14 34
30 36
29 25
5 27
18 30
7 36
10 20
19 24
1 28
6 23
7 6
5 32
18 22
8 20
36 28
12 29
5 22
8 14
10 13
4 7
22 27
22 11
10 20
34 27
11 4
29 33
25 33
28 6
18 15
5 33
23 16
6 27
1 13
4 26
5 24
12 27
30 33
1 19
33 15
9 7
34 1
4 2
14 11
7 11
26 11
24 12
6 29
18 23
21 2
12 26
5 4
32 34
16 32
32 12
26 5
19 3
21 2
4 14
28 26
5 17
36 28
8 22
20 6
8 4
7 35
9 11
2 4
24 34
36 19
9 5
3 7
8 4
24 11
33 16
1 12
16 28
36 1
11 5
24 31
11 23
3 1
4 7
4 1
22 26
26 5
12 33
8 36
8 20
31 24
21 6
3 12
21 20
3 25
23 33
15 9
15 29
21 18
9 6
20 14
12 24
26 8
11 5
31 30
35 34
30 20
1 22
5 36
24 29
22 36
24 11
14 2
3 15
36 27
36 35
5 11
2 10
35 12
14 29
21 28
27 31
11 7
16 31
22 3
4 7
18 27
33 31
8 15
25 7
6 25
21 26
35 22
35 33
13 12
6 14
19 12
8 29
34 23
24 19
5 27
5 22
17 2
32 4
16 21
27 1
9 11
26 23
33 4
36 25
31 5
2 13
16 9
22 13
11 9
11 31
15 16
11 32
28 14
12 4
28 36
15 34
2 27
1 15
12 5
17 24
36 5
9 28
16 33
2 10
11 33
6 21
28 13
15 19
24 18
27 3
32 24
4 2
4 21
17 31
5 33
19 5
17 7
12 20
30 22
10 26
7 11
33 19
25 32
22 6
22 4
18 25
23 19
28 7
15 3
12 27
21 32
8 7
23 19
26 16
20 36
21 26
26 34
24 14
29 25
19 30
28 16
18 31
15 25
17 29
27 28
20 27
3 7
14 26
25 19
21 9
34 22
14 23
19 18
36 27
6 35
20 14
30 17
8 5
4 17
12 36
18 14
22 31
19 10
14 20
18 27
5 12
14 23
29 13
29 34
27 12
27 21
8 14
28 12
18 8
3 29
23 21
22 8
31 5
34 8
4 31
35 8
6 28
10 34
20 2
12 11
29 18
31 36
32 2
27 29
26 30
21 28
30 6
16 24
26 13
12 29
7 26
16 13
17 25
26 36
6 1
26 34
19 20
13 30
2 4
22 27
13 6
18 6
27 33
9 33
25 20
5 32
25 21
24 5
25 13
21 11
30 10
8 28
10 1
21 27
4 22
17 32
27 14
1 33
27 25
9 15
9 30
26 13
30 13
18 6
18 8
35 7
16 26
32 26
22 35
11 18
10 17
32 10
29 22
14 18
16 2
11 6
15 4
34 12
1 3
29 9
1 15
4 6
27 35
11 12
13 1
30 22
17 5
11 26
26 24
7 5
26 17
26 4
20 24
15 36
26 23
8 7
1 27
28 27
25 3
19 17
3 28
2 36
32 12
25 1
16 31
21 5
27 11
24 10
34 2
25 3
4 13
25 20
3 17
11 28
35 9
24 17
36 26
17 204
186 83
105 233
99 275
243 106
264 128
149 263
266 278
130 115
6 275
287 222
184 156
44 170
278 80
101 214
194 173
173 13
256 277
246 277
262 122
17 160
250 165
133 226
76 185
52 81
171 261
14 277
127 269
81 38
271 181
251 98
276 57
111 242
44 67
230 16
188 246
98 71
44 231
8 120
126 271
123 219
242 59
207 79
39 210
39 20
24 289
118 10
268 151
252 22
217 115
249 38
71 58
109 37
211 39
156 259
20 279
189 184
260 29
185 9
238 223
241 261
145 281
193 123
142 155
67 69
269 26
29 262
6 137
10 216
98 88
109 117
289 8
223 260
248 118
268 119
51 142
13 195
133 205
240 274
71 17
265 262
255 217
235 260
276 167
110 85
254 218
124 254
148 58
224 106
175 125
147 226
190 159
54 33
74 217
230 67
233 128
252 121
55 197
92 42
74 124
49 250
264 172
214 122
229 71
150 115
119 7
263 19
88 239
263 84
166 126
74 33
177 36
76 231
155 167
195 151
213 243
111 187
126 248
231 277
29 91
25 70
20 287
11 107
160 197
191 248
33 187
203 132
222 279
286 87
79 191
237 3
68 270
112 116
228 54
103 180
144 128
172 87
48 183
193 207
90 17
89 45
203 2
177 58
280 173
144 70
286 14
284 276
207 106
102 145
159 128
35 226
178 207
23 225
23 138
66 35
155 154
79 280
155 178
49 69
273 115
138 193
52 132
179 258
237 281
36 30
42 283
255 219
200 277
77 145
125 142
179 202
218 180
116 7
69 164
75 264
201 135
167 175
189 57
143 59
260 102
88 12
95 53
153 5
252 229
72 11
5 250
212 145
63 38
151 54
124 148
29 248
205 195
133 104
174 199
163 144
11 173
78 105
149 153
32 111
93 26
44 20
275 179
164 260
139 238
25 263
14 203
86 144
30 135
186 153
190 9
29 43
87 143
6 119
23 106
195 29
111 19
178 89
64 136
14 35
134 110
32 26
73 169
58 12
159 14
157 123
43 4
165 141
9 87
119 71
86 148
181 104
129 74
123 24
87 157
157 152
145 139
28 21
111 85
184 29
99 145
152 97
104 120
41 68
11 159
138 52
66 79
155 151
108 37
174 194
149 91
105 97
185 132
74 99
172 17
128 30
117 39
126 24
114 166
92 80
85 185
131 150
67 45
104 174
81 38
127 34
84 35
86 72
122 115
126 98
132 57
83 52
51 13
32 165
134 79
4 174
67 135
128 90
179 187
67 20
180 150
9 23
184 94
94 66
165 24
119 100
36 5
107 43
169 138
163 107
172 166
40 43
104 123
132 43
114 154
18 53
107 26
76 51
75 125
116 43
104 190
98 96
194 9
138 123
102 60
185 78
29 28
76 89
151 11
87 24
120 104
76 31
85 107
37 115
188 108
114 95
101 15
146 54
175 43
176 37
102 164
114 87
148 145
175 102
111 21
81 34
80 156
20 164
23 56
38 14
163 151
64 23
122 14
77 56
56 12
92 114
132 161
4 83
109 134
140 23
154 24
57 37
135 76
156 113
88 193
82 54
104 146
33 181
115 65
40 126
76 88
43 163
52 2
5 161
135 100
139 92
123 151
128 18
31 43
86 118
40 168
127 99
73 159
39 187
179 78
72 59
121 71
177 173
72 182
93 163
85 35
14 164
186 142
137 172
140 26
49 135
149 131
37 25
50 75
167 32
109 195
46 33
69 27
161 96
164 13
18 8
48 32
127 189
129 67
120 72
49 124
11 1
58 47
178 63
78 104
95 142
102 96
130 126
78 51
178 45
63 195
53 66
30 179
14 158
6 133
34 10
16 44
10 30
46 143
92 79
7 897
29 10
42 12
43 26
13 24
22 26
22 30
48 3
17 12
18 22
47 2
31 18
1 46
47 3
46 41
37 3
40 17
18 37
28 11
14 45
39 35
26 11
20 24
18 36
36 14
38 42
49 6
48 1
4 1
47 49
37 5
39 9
27 36
42 40
36 31
30 18
47 49
41 15
40 32
6 9
20 48
9 31
2 14
34 2
16 38
43 21
27 3
3 9
43 45
48 35
26 33
3 23
37 43
43 28
31 48
41 1
2 49
36 3
14 25
9 29
13 3
5 40
10 8
4 8
8 3
42 33
40 49
12 28
48 10
11 29
8 2
34 10
7 21
12 20
45 26
4 9
28 14
4 42
26 7
5 33
14 3
21 5
2 37
37 49
46 47
28 5
48 13
19 5
33 35
29 33
11 38
41 43
7 49
40 32
12 45
20 25
47 40
34 4
28 21
4 29
18 36
33 22
48 7
31 36
47 16
25 8
9 16
7 15
21 46
2 32
46 21
7 48
11 46
3 43
17 6
23 40
46 11
12 1
23 47
36 20
13 16
27 21
37 33
40 8
35 41
39 31
12 1
35 23
46 37
21 19
47 48
9 43
10 25
43 32
22 35
2 35
1 33
11 37
22 2
44 7
42 38
42 10
44 27
37 45
19 8
14 16
7 27
15 21
2 8
3 24
47 9
14 4
41 29
40 18
30 40
29 28
33 22
37 27
4 24
28 36
46 43
47 24
13 18
25 21
25 4
23 38
17 26
35 46
22 3
31 12
32 14
49 9
6 32
17 34
10 44
21 6
43 23
34 6
46 10
31 21
18 5
15 40
30 49
41 7
7 22
18 38
41 18
2 46
49 19
31 14
13 7
19 11
29 9
17 30
18 47
2 40
2 21
30 37
20 21
43 26
48 17
20 39
34 26
40 38
44 26
2 13
32 25
23 17
33 39
2 6
37 3
46 43
28 31
35 47
3 29
29 6
45 4
49 34
29 39
27 29
21 33
41 8
13 19
29 2
14 31
7 6
38 8
48 17
39 34
19 46
18 47
7 18
6 7
35 49
33 14
20 16
10 28
33 28
12 34
41 42
41 46
31 4
1 47
47 39
16 48
7 19
5 29
24 10
35 14
15 18
27 39
38 36
22 21
20 34
6 11
26 2
13 7
5 18
9 8
7 30
6 18
4 11
46 32
25 31
46 39
4 23
34 46
15 6
17 34
39 27
49 16
28 17
27 38
34 41
45 40
26 6
13 29
16 9
11 46
44 7
40 3
35 24
48 49
30 16
33 19
47 37
39 31
5 22
19 38
13 19
34 38
24 46
22 45
11 32
41 10
39 31
13 24
11 28
40 31
16 14
29 3
4 10
7 30
33 1
47 7
34 35
35 7
35 1
43 31
11 37
13 28
16 23
38 43
18 25
9 31
4 17
39 18
23 19
6 23
16 17
12 6
7 3
17 42
3 16
23 18
3 40
45 19
18 39
17 40
14 26
22 42
16 44
20 40
49 48
11 21
15 22
27 17
38 24
20 4
3 42
12 47
38 30
16 27
46 11
45 27
37 17
24 4
11 49
48 15
47 9
35 17
30 12
34 24
41 9
32 43
1 43
40 43
23 11
20 25
22 20
7 9
36 31
17 46
35 15
11 32
29 45
48 9
13 37
37 9
45 20
2 13
41 44
41 8
20 21
29 39
27 42
26 13
10 27
47 29
43 34
8 43
38 22
6 25
14 26
33 20
27 2
17 26
47 24
45 18
8 35
49 5
16 18
14 47
20 48
40 5
11 34
47 32
44 22
46 14
3 34
33 29
40 5
6 37
28 6
10 40
45 15
45 16
32 14
14 2
12 4
11 23
42 8
10 37
35 11
1 37
1 38
22 40
43 27
33 26
37 42
17 33
7 17
48 43
30 12
1 47
21 11
25 13
19 34
49 9
1 5
45 6
43 17
45 36
48 28
12 36
26 33
24 32
49 22
31 30
39 31
32 10
41 7
27 15
45 27
23 45
36 24
1 29
45 2
20 44
34 37
35 10
25 14
47 25
35 28
10 29
9 41
43 49
47 21
20 42
3 47
43 38
21 48
23 22
49 42
16 39
34 6
48 10
19 45
39 9
23 48
38 31
44 36
36 46
7 11
38 14
8 36
8 34
35 30
6 39
27 26
33 17
36 32
26 5
27 20
18 6
18 11
41 17
47 32
13 9
42 6
23 6
42 35
39 32
20 49
26 46
25 10
18 11
41 43
20 23
13 37
33 35
4 25
2 1
7 19
14 49
25 41
5 22
26 48
4 45
47 34
47 22
43 15
37 39
14 7
18 31
48 1
17 2
30 23
7 37
47 21
41 22
12 1
43 4
2 38
1 40
35 27
34 1
19 28
19 30
1 49
33 2
16 35
36 44
46 23
41 22
19 18
34 24
16 32
32 22
20 32
12 11
14 1
16 37
29 34
17 29
33 1
35 5
40 22
4 36
49 9
24 17
47 3
37 34
35 9
4 22
20 14
41 21
34 28
5 18
45 38
7 1
24 11
40 1
14 31
5 13
44 28
34 46
31 21
30 16
34 39
42 4
8 33
29 42
12 38
15 12
27 21
12 6
31 7
11 49
42 15
17 42
43 1
38 29
26 24
49 10
13 41
19 25
25 3
17 41
41 32
3 23
3 19
33 39
30 43
38 27
8 11
19 6
16 13
39 42
36 43
7 4
35 30
28 15
33 1
11 24
37 18
2 44
36 34
33 21
27 47
39 37
17 1
8 29
39 5
20 33
12 28
23 41
11 42
24 11
3 25
9 47
11 42
30 36
24 12
33 19
4 5
19 12
38 13
16 8
1 32
40 28
29 2
25 3
17 27
11 20
7 19
17 22
17 2
8 40
19 41
14 22
1 32
38 39
1 10
2 6
41 42
34 20
48 9
28 15
41 43
39 47
12 6
20 33
13 27
29 31
23 42
8 24
30 46
18 30
6 19
35 46
11 24
22 9
33 49
29 42
18 26
9 29
1 42
41 33
26 27
6 18
34 3
30 2
37 35
21 28
37 36
2 9
1 39
13 29
18 5
2 44
18 30
49 10
26 32
40 3
38 9
37 27
16 22
34 4
13 5
31 49
45 37
13 1
27 25
29 44
34 36
43 2
21 43
17 47
25 7
49 18
20 41
45 36
14 29
44 26
38 25
30 38
12 47
39 43
27 23
38 11
9 36
12 30
29 33
32 10
45 31
27 15
28 27
6 46
11 5
27 48
29 12
37 46
9 31
44 35
4 32
45 13
24 12
47 3
1 29
17 45
15 44
15 42
26 43
37 30
20 35
10 31
27 11
44 8
5 29
12 42
29 16
46 26
23 46
10 45
46 24
39 11
22 15
36 15
7 17
40 42
31 26
24 46
21 32
6 5
48 3
39 32
23 35
13 2
36 22
46 32
1 40
42 22
10 34
42 17
6 37
14 36
13 37
37 38
24 42
48 27
45 37
9 23
22 21
24 8
47 20
44 48
10 36
20 25
25 17
41 30
9 5
21 27
41 8
15 21
1 13
47 1
5 12
28 26
32 3
38 30
27 32
28 42
24 3
17 48
25 8
29 33
17 49
10 8
13 30
33 13
47 31
18 3
42 45
28 29
3 22
14 35
4 46
27 5
48 31
29 6
15 17
27 14
32 34
31 12
23 43
14 9
16 6
17 49
34 24
21 4
9 29
49 35
7 4
38 37
32 48
2 5
25 20
36 15
2 47
37 49
11 45
21 32
1 42
31 39
16 7
42 25
35 47
15 46
1 4
38 2
44 42
27 20
28 41
26 30
33 30
45 28
1 27
33 42
13 27
9 19
20 33
10 17
3 6
22 6
44 10
8 38
2 39
8 34
30 33
14 13
19 10
45 19
41 28
17 5
10 25
23 29
13 32
1 15
43 28
26 37
37 33
30 44
22 43
28 7
31 42
24 49
7 19
19 47
2 40
7 11
20 35
45 32
17 1
2 15
28 32
2 21
20 37
15 41
30 42
3 11
39 31
11 1
49 34
4 6
24 10
22 43
44 22
11 730
37 20
74 52
72 35
80 65
75 121
116 79
57 50
53 116
109 38
107 71
19 82
75 41
38 47
48 73
36 13
22 103
64 6
33 14
71 112
109 24
21 13
12 109
63 64
103 50
12 119
120 30
111 104
102 27
60 28
99 95
72 31
108 14
67 19
58 16
41 76
70 61
89 81
79 30
54 91
110 65
120 18
95 109
32 106
14 91
12 22
65 83
83 51
6 59
100 63
74 19
18 22
111 16
102 68
76 35
38 64
9 36
81 13
54 112
118 67
113 9
119 56
1 112
16 38
49 25
100 2
44 27
54 33
73 66
10 27
100 78
90 18
23 81
31 76
102 27
21 93
66 50
58 98
40 104
14 119
8 23
120 82
81 53
24 32
118 33
59 6
111 58
54 43
17 84
119 29
21 49
121 86
98 89
93 47
102 106
45 109
39 74
100 119
5 2
29 32
66 118
68 86
55 1
7 102
115 4
9 14
53 40
10 60
38 102
107 18
118 61
37 66
13 15
63 49
48 1
80 23
29 58
108 83
89 24
94 82
59 13
6 111
52 15
80 120
26 65
16 53
35 52
118 48
98 59
96 55
91 85
108 119
21 94
111 19
27 83
101 85
95 106
105 56
30 64
54 55
38 70
108 73
31 104
30 38
73 4
2 73
88 109
70 19
112 59
68 18
20 47
12 25
62 117
80 91
90 13
56 37
113 73
19 53
86 48
91 37
82 92
109 80
111 88
8 101
56 75
28 76
1 40
10 93
66 89
94 65
11 28
101 2
100 30
55 64
108 55
11 69
56 29
27 45
117 34
25 51
108 83
36 18
1 76
111 97
44 83
40 54
20 51
87 119
80 20
92 66
105 102
44 39
41 70
84 67
13 18
117 31
100 63
48 11
17 68
17 91
60 57
55 79
17 20
107 96
39 109
71 22
89 25
91 39
4 84
105 17
101 11
47 111
104 4
31 120
103 47
121 41
13 54
30 29
73 46
34 21
33 15
73 32
39 42
70 42
5 85
58 15
95 14
35 77
49 96
106 30
22 105
101 65
68 40
94 19
86 6
70 28
20 21
59 58
94 39
10 8
2 67
53 6
112 88
113 39
93 97
99 24
112 78
89 58
118 92
108 113
97 56
19 27
108 109
115 80
57 3
118 89
101 49
4 91
46 116
39 18
91 16
41 81
3 39
49 120
9 35
21 16
90 71
42 76
89 66
65 24
100 61
22 79
110 25
79 65
19 27
82 19
42 33
10 75
71 58
74 111
92 4
5 91
74 77
77 41
52 51
95 30
22 26
18 41
50 6
105 99
32 97
118 104
8 6
58 109
94 41
98 95
75 12
64 28
119 50
99 50
11 104
79 32
39 7
72 89
12 55
97 75
30 93
88 68
8 24
56 101
95 63
74 49
106 48
107 103
7 115
31 17
7 20
48 46
26 119
44 68
53 19
21 113
22 109
60 29
42 115
40 47
87 113
5 71
39 21
53 46
14 83
93 52
102 20
7 37
17 50
105 100
99 35
92 120
22 30
59 95
23 98
51 19
89 55
90 38
75 21
114 119
13 85
80 25
104 86
61 31
45 75
9 23
110 100
21 41
8 79
45 61
86 95
80 54
28 48
1 12
99 24
10 111
18 120
45 1
85 106
62 8
90 70
30 78
80 82
29 118
70 73
58 35
47 119
105 4
29 117
102 52
36 1
69 34
46 100
28 61
71 36
29 51
96 17
9 87
45 5
36 117
62 101
73 18
8 88
21 67
83 1
118 28
33 96
92 78
106 120
48 55
65 107
105 39
2 23
5 77
28 71
104 120
81 55
17 119
52 37
64 44
69 91
71 101
65 73
57 80
71 14
45 14
120 28
83 32
82 118
108 109
98 90
17 57
55 33
85 106
101 27
60 48
117 9
27 92
81 114
50 61
37 94
74 35
32 67
66 23
63 84
10 40
83 26
6 16
90 91
32 69
117 91
26 23
9 52
114 121
75 73
60 111
77 44
55 18
110 121
40 51
114 49
121 75
105 6
1 104
96 32
82 1
32 107
23 40
68 15
70 52
88 9
41 43
52 6
91 40
36 9
121 28
88 121
102 71
5 102
85 10
43 45
10 74
62 33
24 8
78 93
91 75
11 41
27 62
46 117
11 81
4 42
108 91
72 120
72 76
10 35
116 53
110 4
36 50
67 90
89 55
62 58
8 103
98 35
75 23
61 116
13 65
36 121
65 107
29 15
92 38
80 86
90 69
121 36
118 97
4 85
30 96
52 69
78 29
13 31
82 73
25 94
16 92
3 112
77 62
5 79
100 85
74 99
32 104
13 59
80 17
54 19
22 105
87 99
43 99
39 34
51 64
38 97
34 40
87 20
102 2
98 111
117 82
88 58
64 11
116 53
58 79
72 79
94 68
88 46
46 5
80 6
68 117
12 11
66 99
62 77
10 69
97 5
29 95
62 93
105 87
55 72
45 5
60 48
73 26
93 28
31 82
33 8
108 75
50 53
83 111
39 92
58 15
6 118
109 67
120 2
64 53
73 18
89 11
65 71
37 67
98 28
40 15
14 114
64 66
76 84
15 77
52 29
83 48
16 28
77 17
91 8
120 108
96 9
82 45
76 28
52 55
91 67
68 115
40 44
69 3
89 24
54 117
106 11
42 44
87 89
44 4
87 62
100 95
22 54
81 80
16 42
13 16
18 112
9 58
65 108
91 32
42 23
58 26
33 99
100 29
66 23
32 31
115 41
35 46
5 115
5 20
67 17
35 84
38 44
51 102
61 20
43 102
42 100
7 105
108 16
43 52
69 75
113 62
115 27
108 119
51 112
48 27
38 83
111 76
36 40
87 96
60 40
77 11
49 114
26 36
8 68
87 108
21 79
48 46
15 65
43 96
86 91
2 3
83 112
109 118
61 105
92 30
54 78
41 103
70 66
17 109
12 13
95 64
1 52
109 15
117 61
21 81
61 22
114 22
43 11
49 13
116 51
43 79
7 83
60 108
58 107
95 100
120 99
73 120
29 60
45 55
121 65
15 91
117 38
113 69
49 71
81 74
121 33
31 38
25 1
24 82
107 28
92 105
36 43
14 64
103 89
119 12
63 43
12 58
111 34
36 38
105 116
21 14
59 52
51 83
52 105
44 68
42 45
52 77
87 96
51 99
63 79
20 4
121 32
92 110
65 6
58 79
31 109
93 89
70 53
51 31
68 4
99 109
48 60
96 44
34 25
22 6
103 72
9 12
103 100
31 78
15 119
35 76
107 37
44 55
90 4
86 36
38 63
54 85
1 59
4 97
10 13
11 4
5 10
15 9
14 7
2 6
8 2
1 4
7 14
12 1
7 16
11 14
5 2
13 4
15 10
2 9
6 12
12 10
5 11
3 2
1 4
7 8
5 7
12 5
7 12
11 6
7 9
10 8
5 13
6 14
14 4
9 10
13 4
15 14
4 3
4 11
7 10
6 2
14 12
14 9
1 4
1 10
11 5
6 16
3 14
6 11
7 2
7 10
1 4
13 3
7 9
1 13
11 14
8 6
9 11
6 2
5 11
8 4
13 10
1 2
5 7
3 11
16 3
15 12
5 3
14 5
15 8
3 6
15 8
14 9
14 16
13 8
7 16
4 16
1 5
4 7
7 15
7 10
13 2
14 1
4 11
6 2
2 8
8 16
15 5
8 12
4 3
10 4
6 10
4 10
13 10
1 11
16 10
7 2
7 8
5 2
13 7
14 919
54 71
186 146
66 154
78 98
68 87
153 130
192 24
167 61
65 87
51 13
132 106
18 147
165 158
124 93
60 86
4 69
156 145
19 178
102 96
35 170
138 143
59 134
166 29
150 34
72 4
2 7
65 19
153 185
133 36
37 192
122 192
65 37
141 39
18 46
134 8
171 75
150 33
164 75
18 117
109 89
77 110
95 141
85 8
86 21
195 122
168 120
118 188
113 18
30 86
63 119
94 190
150 47
26 117
78 43
190 186
131 70
55 182
166 95
145 55
71 143
177 43
23 54
186 135
71 172
176 89
50 73
82 3
76 108
76 153
106 25
98 193
94 108
134 63
159 82
118 33
28 54
31 6
63 21
96 133
148 76
177 1
148 63
156 179
126 35
135 187
59 188
183 108
56 76
126 18
157 47
50 141
56 81
146 118
57 46
10 8
77 143
8 28
9 163
163 90
153 57
80 167
49 23
78 60
98 8
77 15
10 126
111 22
162 16
95 174
17 61
181 93
7 145
77 167
67 43
60 24
99 95
190 103
73 28
162 127
187 42
97 152
124 11
173 45
26 72
23 43
88 159
135 94
107 15
64 174
13 79
1 112
129 146
170 6
129 136
88 75
133 184
31 16
194 7
61 175
34 39
21 77
1 112
170 108
82 189
85 95
71 41
162 4
142 135
161 31
30 52
105 119
39 135
90 188
98 150
166 87
144 143
164 145
58 93
12 139
86 52
189 112
92 154
115 189
49 35
175 34
86 84
108 80
174 2
27 31
107 193
74 55
139 193
3 152
89 14
50 130
65 43
46 112
152 160
60 156
151 39
190 192
78 101
76 11
102 58
42 13
10 71
23 104
67 177
59 155
190 65
89 14
107 90
81 18
53 96
174 159
90 123
155 123
27 186
134 85
47 131
53 57
5 75
160 27
55 175
181 4
43 29
169 105
118 9
122 127
60 55
89 150
177 3
32 160
188 165
48 191
55 56
51 59
86 166
85 96
100 26
55 98
10 179
6 84
187 84
166 50
138 14
155 119
17 187
38 8
111 85
154 166
96 8
180 137
130 25
36 185
50 90
87 15
72 48
54 18
131 23
23 29
37 134
103 9
124 140
16 190
180 170
159 79
133 143
19 22
167 10
11 172
99 53
142 126
100 196
143 35
22 121
63 14
58 165
22 181
108 190
175 91
119 93
125 55
191 99
33 117
108 43
92 10
95 190
91 194
189 184
166 113
50 180
171 170
5 111
81 194
45 127
116 138
11 127
132 109
159 53
20 157
100 181
11 93
75 160
41 67
104 11
180 153
190 110
83 194
24 119
148 25
50 67
162 16
149 53
125 111
61 144
27 117
129 189
165 7
153 10
30 60
172 165
168 165
78 10
118 57
129 25
81 134
48 2
149 196
11 77
67 27
177 93
143 109
42 68
71 150
33 100
165 8
68 92
128 145
102 5
158 34
30 42
123 77
44 31
32 10
108 98
36 88
147 135
152 188
6 26
141 190
126 109
153 149
4 40
54 105
44 15
94 29
56 172
61 55
7 93
64 70
190 100
113 96
190 68
87 151
93 183
144 174
95 56
127 55
95 180
115 138
194 165
123 9
140 183
20 102
35 83
171 181
138 87
80 131
110 123
41 7
109 184
136 160
43 22
170 93
157 88
35 110
12 113
119 152
55 138
57 90
176 184
74 153
160 140
35 5
102 144
144 41
63 187
63 36
83 175
79 73
89 91
141 11
2 196
104 14
89 39
1 162
112 31
74 76
170 109
80 75
12 27
71 30
169 89
21 12
68 55
40 156
145 181
122 102
180 29
116 72
67 116
189 179
102 22
14 75
86 93
105 53
75 176
82 48
68 58
59 135
113 98
50 17
82 171
119 21
155 190
48 178
65 40
116 167
18 129
45 103
177 106
156 55
85 193
102 108
11 116
3 79
18 52
95 55
27 169
32 137
162 79
118 183
75 37
153 92
165 153
150 145
62 65
156 102
18 61
14 28
177 16
62 150
67 112
160 49
85 191
142 6
30 63
188 104
100 151
24 57
104 125
118 125
84 24
142 100
189 125
36 8
186 185
30 57
149 35
141 99
176 103
128 194
50 187
97 106
141 77
162 5
157 39
129 196
18 30
99 10
110 135
169 99
79 155
155 183
145 56
86 124
114 169
121 119
116 174
28 60
10 145
20 122
140 104
121 157
133 175
123 46
69 51
100 148
9 15
90 153
26 131
36 95
104 113
169 23
46 153
38 55
57 14
176 196
117 56
113 10
34 39
11 59
45 67
10 54
37 99
162 18
186 154
112 49
70 40
27 115
148 64
125 9
33 60
8 150
115 120
159 104
114 125
162 159
191 127
168 31
30 89
4 171
46 115
23 71
111 49
185 62
112 69
70 145
128 34
54 46
153 168
150 27
96 115
185 47
46 112
33 31
4 37
157 50
107 179
120 21
31 65
39 98
133 108
2 65
97 11
66 10
178 19
36 34
90 176
80 91
91 112
77 94
148 37
99 15
171 23
35 5
43 73
58 175
137 60
195 189
70 65
2 8
83 37
41 128
168 120
174 62
187 10
112 95
46 14
109 20
188 99
176 34
128 38
13 24
53 11
16 78
75 18
85 114
10 125
1 178
4 175
195 191
184 110
89 186
124 153
161 115
55 97
149 182
134 117
9 142
83 177
23 114
194 108
31 7
188 183
140 192
161 139
186 105
52 34
94 131
186 14
50 196
110 154
138 3
30 102
144 112
82 167
181 79
34 15
42 25
2 181
20 118
123 161
26 131
194 75
65 139
89 70
95 2
179 36
5 164
137 104
80 175
74 20
57 63
187 54
88 188
191 63
65 117
28 47
7 177
121 28
76 165
97 170
123 36
161 127
3 57
34 38
35 64
58 48
82 48
101 169
191 95
188 59
168 19
61 130
195 138
157 74
106 14
3 32
49 163
114 51
176 104
89 14
123 146
17 8
149 74
133 143
168 124
157 95
142 22
181 96
159 141
126 24
154 84
56 6
7 169
13 182
32 101
151 154
6 168
162 110
45 54
56 168
177 168
23 78
189 7
173 107
103 58
131 61
142 22
148 70
34 133
102 90
43 59
51 14
176 116
14 33
171 182
165 143
160 46
91 166
175 2
28 36
88 133
33 66
84 102
55 172
7 101
19 22
107 184
153 27
2 142
153 139
110 99
58 156
146 179
90 147
10 125
190 98
62 26
119 101
83 173
33 90
33 7
67 140
190 23
166 147
164 78
45 78
177 102
189 126
84 82
32 94
162 177
147 179
6 69
40 88
1 72
133 34
78 155
129 27
134 54
174 101
131 174
134 67
80 82
148 119
119 135
16 41
115 118
23 76
186 62
120 143
89 56
132 122
167 20
149 104
73 82
160 7
59 98
30 94
135 177
17 58
116 184
98 186
106 76
66 51
94 185
149 182
196 84
108 166
103 16
73 131
97 37
94 111
90 123
161 28
103 177
41 174
120 94
164 29
170 185
36 67
173 184
8 172
72 71
142 130
42 170
65 94
162 158
9 55
84 125
39 142
61 79
76 180
173 195
165 102
183 4
124 159
187 87
90 18
158 187
104 155
117 168
53 82
85 61
93 168
141 131
69 5
165 100
184 97
98 152
2 84
155 81
2 102
168 48
75 85
38 178
43 154
149 95
192 37
111 88
160 55
174 185
59 142
88 47
195 186
154 152
29 69
37 183
170 8
34 4
48 27
182 90
137 90
141 132
83 55
23 46
110 152
186 124
97 78
170 51
23 84
7 152
43 189
81 6
178 84
9 161
69 98
101 115
42 188
1 53
14 2
162 121
188 45
21 69
19 28
91 58
34 97
13 32
46 93
189 179
132 1
143 157
54 3
75 52
190 75
104 159
76 25
83 67
69 60
91 43
87 137
100 120
190 112
107 191
160 99
173 96
55 76
56 108
34 130
159 28
160 66
142 191
46 29
18 115
44 108
157 130
49 61
9 194
128 71
188 48
169 164
143 27
195 154
90 33
43 53
16 6
74 157
152 120
141 169
38 184
81 150
73 85
166 37
82 54
107 73
101 35
192 47
17 191
156 107
27 2
115 42
159 144
154 114
67 99
87 60
86 123
166 115
11 135
107 48
188 18
120 92
8 115
94 177
65 53
87 47
10 157
0 20
