1 1 1 1 1 1 1 1 
0 1 3 7 15 31 63 1 
0 2 8 26 80 242 728 1 
0 3 15 63 255 1023 4095 1 
0 4 24 124 624 3124 15624 1 
0 5 35 215 1295 7775 46655 1 
0 6 48 342 2400 16806 117648 1 

1 1 1 1 1 1 1 1 
0 1 3 7 15 31 63 1 
0 1 5 19 65 211 665 1 
0 2 12 56 240 992 4032 1 
0 3 21 117 609 3093 15561 1 
0 4 32 208 1280 7744 46592 1 
0 5 45 335 2385 16775 117585 1 

1 1 1 1 1 1 1 1 
0 1 3 7 15 31 63 1 
0 1 5 19 65 211 665 1 
0 18446744073709551613 18446744073709551603 18446744073709551577 18446744073709551531 18446744073709551553 707 1 
0 18446744073709551614 18446744073709551612 22 284 2038 12236 1 
0 18446744073709551615 7 113 955 6689 43267 1 
0 0 20 240 2060 15720 114260 1 

1 1 1 1 1 1 1 1 
0 1 3 7 15 31 63 1 
0 1 5 19 65 211 665 1 
0 18446744073709551613 18446744073709551603 18446744073709551577 18446744073709551531 18446744073709551553 707 1 
0 18446744073709551497 18446744073709551105 18446744073709550117 18446744073709548585 18446744073709551197 39809 1 
0 18446744073709551498 18446744073709551116 18446744073709550208 18446744073709549256 4232 70840 1 
0 18446744073709551499 18446744073709551129 18446744073709550335 18446744073709550361 13263 141833 1 

1 1 1 1 1 1 1 1 
0 1 3 7 15 31 63 1 
0 1 5 19 65 211 665 1 
0 18446744073709551613 18446744073709551603 18446744073709551577 18446744073709551531 18446744073709551553 707 1 
0 18446744073709551497 18446744073709551105 18446744073709550117 18446744073709548585 18446744073709551197 39809 1 
0 18446744073709190809 18446744073708002275 18446744073705006739 18446744073700362295 18446744073708285859 120731919 1 
0 18446744073709190810 18446744073708002288 18446744073705006866 18446744073700363400 18446744073708294890 120802912 1 

1 1 1 1 1 1 1 1 
0 1 3 7 15 31 63 1 
0 1 5 19 65 211 665 1 
0 18446744073709551613 18446744073709551603 18446744073709551577 18446744073709551531 18446744073709551553 707 1 
0 18446744073709551497 18446744073709551105 18446744073709550117 18446744073709548585 18446744073709551197 39809 1 
0 18446744073709190809 18446744073708002275 18446744073705006739 18446744073700362295 18446744073708285859 120731919 1 
0 18446743617015204911 18446742112618786151 18446738320995129977 18446732442252982403 18446742471567511841 152817392400595 1 

1 1 1 1 1 1 1 1 
0 1 3 7 15 31 63 1 
0 1 5 19 65 211 665 1 
0 18446744073709551613 18446744073709551603 18446744073709551577 18446744073709551531 18446744073709551553 707 1 
0 18446744073709551497 18446744073709551105 18446744073709550117 18446744073709548585 18446744073709551197 39809 1 
0 18446744073709190809 18446744073708002275 18446744073705006739 18446744073700362295 18446744073708285859 120731919 1 
0 18446743617015204911 18446742112618786151 18446738320995129977 18446732442252982403 18446742471567511841 152817392400595 1 

This is a smart sequence!
