43
16 41 78 77
28 76 54 87
19 4 30 47
21 38 48 70
19 79 31 95
18 0 23 96
45 10 85 80
64 81 74 95
59 65 88 91
30 12 41 16
63 12 68 63
1 66 83 89
36 55 45 72
7 20 69 66
30 92 98 94
41 72 74 85
15 29 50 98
62 43 97 60
7 31 76 42
8 9 72 77
2 5 64 71
25 55 89 71
2 87 16 90
11 27 75 43
25 22 77 77
20 79 35 91
22 11 23 95
40 42 56 82
65 13 88 20
21 54 43 59
1 53 41 75
32 76 70 95
5 61 70 77
52 5 57 27
22 8 68 31
13 1 51 30
2 16 67 45
57 64 71 88
15 58 69 85
81 53 87 92
14 3 70 67
60 27 94 28
36 23 58 68
51
39 8 52 77
31 84 44 97
6 17 99 47
4 70 17 84
17 20 85 96
18 4 80 45
50 60 55 70
20 31 97 88
8 52 48 72
21 79 88 80
27 87 97 96
23 1 66 93
13 3 49 68
59 46 65 61
6 55 31 73
4 3 96 12
16 44 27 49
29 4 76 55
43 18 51 78
11 69 79 80
25 36 48 77
23 66 98 81
39 43 89 81
7 64 37 85
13 57 81 75
31 26 64 94
44 3 72 67
84 56 89 66
2 60 85 84
41 41 50 52
36 23 86 82
67 1 87 43
10 1 70 53
27 24 99 75
79 24 94 83
32 17 49 63
0 2 77 4
8 70 44 94
17 72 53 80
73 46 76 57
0 61 10 84
11 5 85 79
3 35 41 65
4 32 80 42
35 55 46 81
4 57 49 79
11 19 29 87
76 3 86 38
39 2 99 38
7 73 17 85
8 0 50 82
44
65 15 89 98
2 81 50 96
44 17 98 59
41 84 45 96
35 8 70 83
34 19 77 37
21 50 96 97
11 4 40 76
71 73 74 81
30 28 54 29
88 81 97 98
34 4 77 94
64 11 77 64
53 2 83 42
44 55 99 56
12 83 31 91
24 54 56 58
34 27 87 62
9 31 13 47
4 38 77 54
3 8 18 68
10 53 62 59
9 22 14 61
52 29 57 98
56 66 83 95
28 41 74 70
41 31 53 35
37 29 74 45
37 7 65 80
39 22 60 48
61 5 96 14
3 11 95 53
19 0 58 30
0 33 93 54
37 34 68 94
23 45 79 74
77 42 82 61
61 16 64 22
21 12 88 77
66 37 88 83
37 47 66 66
32 0 72 31
17 9 95 97
84 66 94 70
84
71 39 96 60
12 71 77 89
55 89 59 95
30 29 61 45
13 17 34 79
35 13 52 61
60 83 97 84
66 1 78 63
76 53 92 63
34 45 42 56
40 50 98 80
9 53 47 81
33 22 99 37
87 0 98 86
70 0 83 48
11 49 53 87
64 45 92 98
44 35 53 51
31 36 37 84
42 75 65 92
64 6 66 16
2 24 6 62
24 41 62 74
13 7 42 77
57 28 74 58
45 53 79 82
66 63 90 84
55 22 59 83
52 23 80 54
37 0 79 86
26 55 79 73
32 7 33 91
49 46 87 90
28 37 95 67
21 37 30 46
11 32 30 34
7 45 40 91
29 8 97 71
27 60 34 75
18 20 19 66
8 4 66 7
26 8 93 95
45 15 93 75
9 7 47 57
48 30 52 50
21 1 38 48
28 24 60 46
66 32 91 99
55 17 91 33
77 49 80 73
16 15 49 22
22 32 31 58
60 26 62 82
79 7 82 52
6 43 77 68
19 18 27 72
57 27 87 89
28 44 63 64
11 22 38 64
54 34 74 35
12 16 69 92
51 45 68 51
46 57 65 73
43 37 82 39
29 82 64 92
88 37 98 44
11 34 60 99
21 50 85 65
33 1 94 90
94 40 99 45
3 16 66 85
53 61 76 69
44 57 61 94
53 1 83 13
0 90 53 94
40 73 59 92
16 10 46 34
2 35 32 97
65 19 72 68
82 0 88 78
10 2 72 63
3 8 29 56
50 62 99 81
6 22 54 39
27
52 1 58 32
35 45 67 55
69 38 89 69
31 67 78 80
36 48 40 95
50 44 76 57
63 12 95 35
13 75 71 86
70 57 77 71
13 37 16 96
34 12 58 54
22 14 93 90
62 13 85 81
70 64 77 73
29 0 60 85
71 73 75 94
44 12 51 52
48 16 49 34
47 7 71 93
49 86 59 92
73 2 99 73
37 21 75 66
7 30 66 35
8 4 24 42
16 47 46 76
81 17 92 63
8 26 77 80
73
67 40 97 65
30 52 64 86
27 15 93 96
63 57 75 75
0 28 3 80
20 2 48 18
36 16 47 36
41 16 96 25
8 55 90 90
42 22 93 38
35 38 89 50
7 64 13 65
93 62 96 97
15 14 17 53
2 62 21 98
14 14 39 30
5 23 85 99
13 30 73 48
68 14 98 81
47 27 79 57
20 37 24 40
6 8 90 91
5 45 59 63
75 25 78 35
0 12 86 14
42 12 62 62
26 13 43 57
70 42 85 90
35 61 79 93
53 10 54 21
55 13 85 15
50 82 90 91
5 40 46 88
0 19 2 27
32 55 36 98
40 21 97 27
35 40 73 77
50 27 98 35
50 58 92 82
40 39 73 52
41 30 79 93
50 34 72 82
80 9 89 72
52 17 82 87
9 14 16 25
2 44 52 60
18 10 78 52
49 4 57 50
34 29 43 36
23 68 63 95
19 11 77 12
51 67 81 71
34 0 96 90
2 20 96 36
40 27 83 49
31 17 99 84
54 28 65 95
63 77 75 92
3 45 41 95
64 15 66 84
27 29 67 50
2 64 38 79
43 74 80 85
21 32 91 87
27 42 67 97
34 43 74 68
38 56 65 89
23 29 74 53
80 18 82 91
7 36 49 50
24 82 73 95
14 41 34 67
35 1 65 91
97
34 58 69 59
76 6 84 43
38 37 66 57
64 56 72 60
34 40 58 66
54 29 90 58
23 16 63 47
13 3 82 14
26 2 61 47
42 9 60 98
66 11 87 98
7 65 72 83
5 6 49 92
2 11 87 50
10 77 18 92
43 21 47 31
24 60 31 73
58 36 82 98
9 1 35 94
36 37 59 81
29 16 39 26
27 83 28 89
60 4 81 99
30 28 77 61
87 1 88 99
90 25 97 69
19 58 22 59
92 30 96 31
10 25 46 77
61 73 66 90
29 47 89 72
27 7 85 67
18 50 60 72
27 16 42 67
26 18 27 98
1 75 80 78
52 63 55 65
6 21 91 47
19 20 68 47
67 5 79 40
29 71 42 85
40 70 53 79
20 1 49 67
42 2 79 46
12 24 18 35
23 3 56 77
24 55 75 95
47 43 52 81
5 34 29 89
59 32 65 45
12 6 33 14
52 12 68 86
62 16 99 56
71 47 85 86
54 9 81 33
5 1 14 34
68 2 90 19
16 80 34 85
51 19 86 20
58 83 83 91
7 20 91 79
58 76 78 91
24 32 37 42
28 75 33 91
62 31 77 96
11 63 33 84
4 18 34 98
53 48 89 62
34 44 79 93
72 9 84 57
4 26 41 61
2 32 4 66
49 14 81 31
47 61 99 81
11 3 51 52
0 4 17 51
0 32 44 72
82 81 89 83
9 38 42 46
64 51 70 63
66 14 95 94
27 38 75 65
20 37 42 79
40 42 83 84
56 16 74 37
18 12 99 90
28 8 58 99
2 71 24 74
40 20 65 67
37 57 57 92
46 55 71 99
39 20 94 39
36 46 76 47
58 18 90 87
48 16 69 72
42 24 43 83
44 8 50 82
53
8 59 24 91
53 29 90 31
22 69 57 74
11 3 62 50
61 30 98 77
51 22 71 75
65 25 72 54
57 54 77 65
45 53 76 87
16 30 36 58
4 66 80 73
68 89 76 91
18 18 73 25
40 5 52 90
44 1 82 24
18 12 78 76
15 54 17 95
12 32 77 33
57 44 99 86
36 20 75 61
38 79 86 94
36 80 84 91
15 19 82 46
74 0 83 52
54 76 99 89
9 19 73 31
63 51 69 61
13 44 81 71
50 51 90 74
7 10 42 39
56 41 58 93
93 30 94 93
69 45 71 48
28 31 67 82
34 25 92 97
41 47 96 84
10 93 50 99
38 17 55 48
41 11 58 52
93 34 97 64
34 1 61 18
49 89 84 93
18 70 86 80
64 19 69 67
64 56 66 74
4 19 92 50
54 75 82 97
83 3 92 18
22 5 71 23
17 7 95 81
13 46 77 87
6 72 18 77
52 82 80 96
55
36 33 84 98
5 8 17 64
56 35 82 61
6 6 8 14
43 14 75 42
21 33 55 42
37 42 60 45
26 62 96 85
83 85 96 88
49 5 50 65
0 31 18 58
24 27 89 64
21 20 31 76
61 22 62 52
16 27 49 98
83 13 90 19
59 38 98 99
4 7 55 8
17 29 40 74
46 42 53 74
3 76 14 77
50 30 81 64
15 50 58 66
31 0 69 81
80 29 90 97
4 29 37 36
11 16 12 21
15 29 43 57
34 15 57 46
62 7 97 77
28 5 74 7
59 1 87 97
78 67 98 68
56 2 97 19
24 8 35 91
17 30 21 51
18 30 76 39
38 12 68 68
69 87 75 96
46 24 88 56
76 32 92 87
41 42 51 65
2 20 9 38
23 82 69 97
12 42 88 50
62 57 63 89
5 32 76 51
28 65 40 68
0 20 4 45
14 3 63 17
37 63 94 72
12 60 54 66
54 16 69 53
6 67 10 83
19 8 67 34
100
47 19 55 76
29 1 34 84
64 3 78 88
92 52 94 93
6 59 59 60
21 27 81 65
32 40 33 68
19 58 59 92
21 2 30 75
28 44 86 64
19 11 32 65
10 16 15 26
27 20 38 74
37 0 54 87
7 52 93 69
14 35 63 79
6 34 37 93
9 28 78 75
91 3 92 62
71 6 88 26
33 51 98 87
3 35 26 96
1 71 57 86
17 64 58 75
9 18 61 47
22 15 98 91
18 41 53 42
19 32 99 41
71 70 92 96
57 14 92 50
37 57 88 93
9 18 32 95
42 17 88 93
32 37 84 38
30 2 79 79
43 1 63 88
23 81 84 87
37 28 95 77
22 83 34 85
2 18 80 75
11 42 44 47
36 28 81 60
30 25 39 66
13 43 19 55
24 31 42 49
8 52 78 71
35 89 56 94
12 75 16 89
22 13 32 60
25 58 88 70
47 17 76 47
42 13 72 14
14 18 97 92
90 57 96 98
39 15 51 84
42 55 73 57
22 7 67 64
29 2 74 48
1 29 65 89
42 8 55 44
53 4 62 52
9 12 55 49
33 59 79 94
2 21 68 22
37 63 81 91
17 8 91 62
49 18 91 85
14 4 94 29
8 47 33 69
33 40 48 82
87 12 93 41
62 13 85 22
4 47 85 95
55 49 58 54
35 4 72 87
60 68 68 81
28 53 37 76
10 70 94 81
34 19 74 55
41 25 69 36
32 78 73 90
32 57 91 80
37 49 96 78
18 64 59 87
16 7 17 63
30 64 96 78
34 55 36 70
59 29 80 43
8 5 85 92
1 27 38 76
55 14 76 97
13 83 54 94
46 22 54 36
0 86 1 95
41 36 65 76
19 26 66 74
70 4 79 17
33 72 44 88
21 21 54 35
67 60 70 73
83
35 9 68 63
62 21 81 50
63 9 68 37
29 85 68 94
17 86 18 89
62 6 82 55
13 49 75 73
8 48 19 88
3 43 10 72
22 36 64 79
46 43 68 75
37 6 60 37
75 9 95 79
17 10 37 50
59 79 76 92
19 54 92 84
26 22 79 95
59 1 75 57
32 33 44 95
40 11 84 44
21 13 75 87
15 9 49 90
40 26 82 91
27 6 81 59
2 44 33 59
1 8 12 29
76 61 94 85
24 57 30 86
25 75 70 97
84 38 87 69
48 24 81 61
19 29 35 68
13 53 40 73
2 31 61 66
44 34 52 55
41 67 91 68
42 14 66 53
52 78 75 85
46 23 54 89
4 44 57 66
39 22 97 94
25 11 89 41
18 60 75 69
79 18 89 55
9 36 32 73
22 36 51 57
46 63 59 68
59 3 86 26
72 57 78 67
20 38 60 97
18 7 50 87
5 29 63 90
26 24 54 57
14 0 60 71
21 7 86 60
16 45 85 94
13 57 54 74
13 24 54 73
32 15 60 17
7 47 45 51
9 35 23 86
6 7 86 23
15 4 36 92
37 52 98 92
10 16 18 63
41 0 88 83
17 25 99 44
24 47 95 77
63 49 82 56
9 40 32 68
72 21 84 76
28 22 65 38
55 73 85 84
67 18 73 96
21 42 62 97
19 10 44 34
18 50 36 78
18 2 19 45
73 1 75 42
40 1 64 93
26 47 29 48
43 16 67 51
13 29 94 65
92
9 39 10 52
57 12 88 85
58 11 83 25
38 31 42 59
51 43 60 98
22 9 93 73
19 57 76 61
1 37 26 87
26 29 41 63
66 35 75 58
36 24 46 37
20 39 35 78
37 81 73 95
21 70 42 83
79 23 96 92
10 22 81 80
3 23 95 89
24 23 81 69
60 17 93 81
20 21 47 80
13 7 68 9
29 89 92 90
34 9 64 67
41 26 90 37
15 40 60 93
15 60 16 93
41 10 63 75
7 21 31 61
23 0 80 15
41 10 56 27
19 12 95 72
1 66 99 85
30 45 58 61
6 70 7 73
0 8 80 99
61 36 81 64
51 57 64 61
23 60 85 94
7 80 32 83
2 8 17 99
22 29 45 60
51 3 86 86
2 15 94 83
47 27 51 63
21 55 89 64
59 51 67 58
35 7 90 66
26 0 58 89
49 3 81 35
22 13 58 32
28 15 68 68
31 32 96 37
1 4 39 6
57 52 62 60
11 44 78 57
33 35 57 69
22 35 25 39
23 44 48 91
59 29 65 61
50 52 61 90
58 8 94 51
12 67 64 94
51 49 64 75
84 21 96 61
52 59 57 75
19 20 55 57
33 78 86 99
20 14 51 83
35 51 74 61
81 86 97 97
13 1 46 9
62 66 83 83
41 92 42 97
49 12 70 88
87 3 90 10
76 74 87 91
25 2 52 85
40 22 82 53
23 37 63 81
3 58 64 98
7 91 90 97
9 52 79 77
14 67 81 68
10 43 94 62
0 71 45 86
91 69 93 82
15 6 58 79
4 14 89 94
11 72 38 97
24 17 74 55
36 46 75 91
9 69 34 79
41
61 17 86 95
9 7 11 15
17 31 20 90
32 29 42 66
3 15 4 22
58 11 91 82
16 5 38 8
0 48 66 79
65 38 74 74
90 15 97 85
28 60 46 62
28 41 89 85
8 44 59 51
7 46 34 69
6 2 74 92
50 58 71 68
42 46 97 98
61 63 83 84
23 27 46 60
53 61 64 64
12 23 61 68
14 19 92 98
53 3 63 72
23 80 31 87
26 20 85 66
2 1 84 88
0 7 28 53
24 44 66 85
5 11 67 30
29 34 82 72
44 46 89 75
33 13 55 70
79 81 90 82
22 74 82 75
34 58 79 62
58 45 95 77
75 0 89 56
42 23 72 69
44 32 69 54
45 24 76 52
57 60 86 67
94
27 6 92 34
13 10 65 37
32 85 37 94
57 46 83 59
80 20 88 26
23 27 65 35
13 30 63 41
76 25 99 43
1 3 59 24
41 18 86 25
10 23 13 48
7 20 69 58
78 73 98 88
0 38 75 96
21 65 37 88
83 1 90 97
0 85 25 93
3 11 71 16
65 33 87 56
53 4 66 24
12 87 77 97
78 30 93 82
71 86 95 99
87 48 96 54
39 65 42 95
11 15 28 65
24 4 98 28
8 17 53 90
57 32 87 37
15 15 67 35
1 82 34 86
30 40 92 84
5 24 79 34
49 42 89 88
44 73 71 76
16 3 45 52
41 2 88 61
37 3 76 23
5 29 41 33
69 36 70 75
60 2 61 48
42 10 91 14
36 52 90 86
7 31 90 87
44 79 90 95
3 20 50 43
1 60 29 71
96 9 98 98
47 38 63 59
4 5 69 57
9 46 91 81
33 69 64 75
55 61 64 67
33 10 62 35
6 19 70 91
80 4 90 89
63 43 79 84
48 83 94 91
24 3 29 62
38 40 72 89
1 35 8 45
55 70 70 77
62 4 96 28
45 28 84 99
35 24 71 71
7 29 62 36
50 57 85 86
27 40 98 80
15 40 85 58
29 37 70 43
65 1 99 66
0 18 47 44
42 27 68 88
15 2 17 4
12 22 43 65
2 62 6 91
21 2 84 70
7 25 97 54
26 19 72 48
90 12 92 79
39 32 67 36
39 31 88 54
5 51 71 77
21 8 65 86
40 37 78 57
11 35 62 37
7 29 85 41
41 91 72 97
27 32 81 69
38 18 53 62
39 58 69 87
66 12 73 96
34 14 69 32
3 41 20 48
42
13 70 27 76
57 48 64 56
39 2 84 78
24 1 31 42
8 5 92 11
26 2 36 57
6 11 43 43
83 62 85 99
38 50 69 85
7 43 86 47
25 9 45 25
26 18 51 21
32 11 75 69
20 54 71 63
17 0 59 29
28 50 62 96
35 5 46 52
48 73 99 76
37 24 98 46
67 52 95 88
21 70 52 72
76 44 88 93
74 47 93 54
4 7 95 93
59 10 99 92
39 16 65 99
40 65 97 76
17 69 18 87
10 86 93 90
32 60 34 81
67 75 80 77
21 71 85 96
15 20 59 33
49 69 71 98
34 41 74 91
12 3 29 91
77 6 93 79
39 61 92 72
39 59 99 76
30 20 72 98
31 31 92 64
81 56 85 80
74
2 74 71 99
19 45 64 70
23 84 61 98
42 1 75 33
33 51 84 53
24 7 46 82
13 45 89 62
18 18 47 97
44 12 48 73
18 63 34 93
13 56 30 96
57 5 81 14
9 85 20 93
75 18 92 40
37 33 80 79
49 8 82 83
81 51 95 93
8 21 97 82
29 11 30 27
78 39 84 45
30 60 32 98
0 48 68 75
8 38 79 43
26 28 98 79
73 73 82 81
2 79 55 85
49 84 58 95
23 7 40 27
25 71 67 93
46 6 93 20
1 8 10 24
39 27 52 77
1 8 58 21
46 11 53 12
6 71 96 95
22 47 79 48
70 68 92 98
18 28 74 37
61 65 88 76
42 8 55 27
17 0 49 2
12 15 65 61
10 32 32 72
31 63 71 93
61 32 62 75
12 25 13 35
63 1 90 19
29 30 79 84
36 48 84 49
61 49 63 73
57 46 73 96
9 23 89 88
8 27 15 50
4 21 38 53
22 3 24 94
30 4 85 66
52 16 67 69
41 28 71 96
74 36 93 99
11 34 39 55
34 19 85 75
28 15 40 39
33 16 70 53
57 56 82 61
29 0 77 49
30 56 97 71
70 9 92 90
16 4 76 13
75 16 88 51
83 69 90 75
74 53 91 83
44 39 61 74
39 5 75 74
45 67 62 88
31
6 28 7 62
38 20 45 96
61 30 86 54
4 13 89 42
4 31 5 87
6 57 83 95
54 64 86 75
26 21 57 84
47 47 50 64
37 37 43 98
43 32 80 81
74 36 94 99
75 30 82 58
25 64 68 89
39 22 53 31
67 46 96 96
13 50 45 66
0 46 3 88
21 15 78 80
16 5 67 91
1 49 35 61
25 69 90 95
78 16 92 88
64 46 86 77
12 31 79 68
14 79 71 92
59 27 60 93
70 78 98 85
80 70 98 72
18 75 41 85
25 8 91 96
95
59 46 63 85
17 27 18 96
8 61 41 86
36 35 73 51
31 22 58 30
20 54 23 96
39 61 72 68
15 47 86 50
85 2 96 74
1 66 50 94
33 52 79 58
46 4 56 21
34 16 43 39
64 9 93 65
70 9 86 55
55 1 59 92
27 7 46 28
25 5 74 96
9 53 55 59
57 65 81 76
57 43 92 50
52 8 68 75
64 6 84 19
7 34 11 95
14 57 54 80
5 12 37 40
0 33 65 46
9 21 64 22
23 2 65 70
10 26 45 91
97 56 98 81
42 8 76 30
17 8 62 23
49 1 87 99
34 53 46 62
75 43 83 93
63 6 97 60
50 47 86 60
41 69 56 84
44 14 51 98
7 8 89 14
9 11 65 76
29 57 73 95
38 8 50 88
15 17 48 65
64 34 77 70
39 67 70 72
71 30 81 42
8 70 38 74
46 76 85 99
85 11 94 84
19 35 72 86
52 20 55 29
7 20 99 29
44 15 96 90
84 77 97 93
47 35 67 46
34 4 74 80
65 39 67 59
46 50 77 89
62 33 79 69
5 30 50 49
17 47 72 56
1 14 76 76
22 36 50 68
25 92 69 96
7 5 31 86
55 9 75 37
42 86 58 99
16 9 48 40
8 65 96 84
60 82 80 98
18 43 19 82
30 39 88 89
25 53 94 71
32 1 90 26
25 1 87 3
43 70 62 74
54 71 91 92
42 60 53 67
1 24 56 84
63 89 73 96
42 20 67 52
21 9 78 84
37 56 64 99
21 60 82 73
45 28 52 94
6 50 95 96
74 14 80 90
10 6 79 30
26 47 34 73
8 64 9 99
20 2 98 73
28 37 33 72
0 73 83 95
24
41 43 50 56
18 30 24 40
8 0 71 96
34 7 57 99
16 41 19 56
7 74 26 79
2 27 79 63
2 26 98 39
47 52 69 93
44 15 75 66
11 35 18 53
43 21 52 59
52 23 77 84
15 3 49 78
30 91 93 94
30 42 72 85
37 30 87 82
49 15 96 66
19 13 50 93
4 23 34 63
48 48 99 56
4 15 34 27
62 34 70 86
71 9 76 53
84
16 31 31 43
44 57 81 97
17 27 91 92
31 40 91 55
55 70 74 92
32 34 96 54
6 19 76 29
12 11 95 67
42 6 62 95
64 62 93 76
3 7 54 86
14 69 26 98
90 38 92 53
59 35 72 76
65 30 95 43
54 29 97 59
25 49 66 70
32 30 77 32
18 4 37 86
36 26 73 45
16 9 50 17
46 41 96 42
71 13 84 69
28 20 43 91
90 21 92 46
28 18 53 22
22 71 60 97
68 70 75 95
65 11 79 92
4 4 33 28
25 41 41 84
32 6 56 76
52 46 97 81
20 50 99 81
30 21 73 94
64 5 68 33
49 82 96 96
24 1 39 65
2 26 42 64
22 58 54 75
56 51 57 77
10 7 53 78
28 40 72 96
82 47 98 89
82 30 85 61
31 25 78 73
3 12 89 80
87 0 91 57
8 13 77 95
2 30 92 40
32 30 78 64
30 12 53 90
3 26 43 64
4 78 37 82
14 7 90 57
57 25 65 29
24 78 39 87
27 31 60 59
42 39 47 53
3 24 95 98
25 77 88 99
55 29 81 95
5 46 36 53
27 52 79 62
30 28 49 70
40 43 53 52
5 34 34 37
36 46 58 53
23 61 52 85
32 30 42 78
76 4 84 37
0 1 8 15
30 90 37 91
33 67 94 70
4 0 5 14
5 57 60 93
6 35 42 48
30 74 65 94
64 64 98 66
65 18 81 58
48 47 60 82
1 25 69 55
7 12 39 58
21 9 51 51
87
4 9 15 41
5 6 40 98
40 54 96 69
54 10 87 86
56 78 71 88
37 48 90 81
21 1 52 24
11 61 74 89
30 63 71 67
65 13 69 88
9 48 19 61
35 73 72 95
62 52 73 91
24 45 52 62
15 4 22 89
18 33 30 41
0 17 4 60
0 10 30 25
58 49 87 59
22 84 54 93
36 61 88 79
58 8 93 41
49 15 97 80
56 17 65 79
34 12 91 92
2 25 38 64
13 12 36 88
6 90 24 94
21 13 55 14
6 14 74 55
71 23 94 60
2 45 77 79
37 64 92 82
7 91 28 94
34 14 56 95
8 58 85 59
23 64 24 81
37 24 78 98
73 27 84 60
72 14 91 83
65 10 78 58
4 9 53 24
19 38 23 56
49 72 66 84
6 26 48 90
2 13 40 43
40 46 55 87
53 13 82 31
41 80 75 99
76 46 90 47
4 33 84 65
49 22 58 49
13 53 27 64
19 30 59 66
12 22 69 59
5 46 24 99
46 46 80 74
21 22 92 29
14 41 39 77
0 65 90 72
70 18 88 47
0 69 13 89
1 25 91 78
24 22 77 96
94 9 96 39
31 18 68 22
15 47 95 82
7 6 12 95
43 76 76 83
45 8 72 73
38 15 99 88
84 28 89 30
37 20 69 38
42 3 56 37
3 58 72 79
16 15 74 44
72 23 98 69
30 68 96 69
35 47 57 93
23 12 75 25
32 71 63 93
26 6 82 27
37 5 85 29
45 12 49 95
18 63 81 73
32 67 42 99
44 19 66 94
45
19 58 59 64
43 30 47 70
9 5 59 90
35 3 91 64
36 38 65 83
32 0 53 20
39 3 84 83
0 33 27 46
11 11 91 34
56 3 94 10
15 15 93 58
31 81 61 96
16 50 86 69
42 18 50 86
1 28 41 81
27 41 66 57
44 47 53 90
2 52 52 67
20 51 78 95
0 39 28 44
14 43 41 86
5 56 29 58
87 55 89 71
64 17 65 66
16 8 56 60
27 18 65 85
66 5 88 46
91 38 97 88
27 57 82 84
42 6 65 63
34 81 61 99
47 55 68 77
38 3 63 85
40 43 55 73
20 28 48 45
17 63 36 96
72 37 80 70
33 22 95 68
4 3 19 56
33 23 59 87
24 22 26 80
5 66 17 67
47 64 63 77
12 64 92 99
21 55 53 92
67
48 56 70 75
42 26 94 81
58 59 85 65
44 10 77 90
9 25 95 43
17 10 58 73
31 29 37 34
39 40 96 86
13 7 96 18
41 29 44 38
4 0 89 99
62 18 89 36
61 71 62 72
81 31 97 35
17 13 64 56
51 60 96 65
31 45 72 75
57 39 83 65
16 46 91 57
16 29 94 54
0 7 26 23
58 7 90 82
16 75 95 98
63 12 87 18
57 88 94 93
53 51 84 70
49 65 79 76
30 8 94 73
31 23 33 46
28 42 83 75
17 4 74 99
23 37 63 73
25 31 66 69
53 2 72 21
30 12 38 32
20 84 58 91
30 11 66 52
86 49 94 63
0 12 67 64
2 27 37 42
10 35 11 55
9 15 56 40
48 6 52 46
49 65 82 73
76 23 77 67
69 14 86 69
27 5 85 29
8 11 48 74
47 71 81 91
83 55 86 86
2 36 44 87
1 89 12 93
61 29 64 30
44 23 51 50
4 4 56 37
15 45 63 64
87 62 88 74
60 71 70 72
58 5 60 71
12 62 50 63
45 77 91 87
10 35 27 97
86 49 91 66
31 59 94 70
44 43 73 82
5 57 15 64
14 16 87 28
91
33 28 51 80
8 21 25 22
60 50 83 95
33 10 87 46
19 3 56 39
0 9 44 63
23 58 30 60
0 51 99 91
31 34 71 97
7 90 71 91
87 32 92 74
72 50 94 77
33 43 41 85
6 38 94 89
98 50 99 69
53 32 60 52
81 84 86 93
35 4 76 63
88 80 89 82
57 42 85 61
4 26 27 63
4 67 16 73
17 3 42 55
7 70 39 93
38 20 54 82
45 26 76 65
6 15 99 34
47 52 58 84
63 37 67 79
11 5 46 71
12 15 26 34
37 51 79 92
23 0 26 70
17 54 96 72
58 58 69 68
5 68 62 79
69 29 99 32
37 78 52 98
12 2 65 3
47 29 53 44
14 10 29 73
64 8 97 98
66 71 67 85
65 28 91 86
9 43 18 61
39 6 41 7
9 4 61 63
48 8 92 62
24 31 82 73
23 88 39 89
13 57 25 90
37 4 76 46
7 40 47 46
54 63 99 99
55 55 78 60
21 22 69 55
47 70 86 93
12 58 33 78
1 25 35 73
71 29 81 81
21 30 76 79
30 37 93 72
33 6 92 24
46 61 61 94
6 39 64 99
77 13 97 76
38 35 53 98
16 9 28 56
40 22 86 89
59 31 62 47
53 2 55 3
16 22 96 66
61 12 65 43
8 46 41 59
9 46 81 89
7 48 45 49
70 53 91 83
15 70 52 82
24 2 85 57
23 72 24 88
83 38 85 78
24 10 49 91
0 6 89 97
7 97 45 98
3 67 81 96
49 55 66 87
64 43 89 87
15 0 28 65
55 4 78 11
15 3 55 44
61 15 93 20
65
45 58 90 71
26 34 59 41
60 3 98 46
18 5 87 86
14 71 60 77
32 4 49 65
17 29 32 47
22 13 63 90
23 9 61 87
21 34 50 62
65 20 81 21
25 36 58 72
7 8 49 86
3 34 13 35
63 82 82 85
50 85 72 97
6 25 73 57
60 46 71 93
13 24 66 37
48 32 73 39
40 50 77 80
15 5 84 47
40 12 84 49
46 53 98 87
62 23 64 24
17 33 69 88
12 47 22 83
22 13 79 99
63 72 79 99
77 17 98 94
43 41 82 82
21 80 94 86
55 24 62 56
12 64 42 80
12 37 63 77
88 5 90 43
4 67 15 93
13 2 62 8
36 44 49 58
76 31 96 96
8 46 52 58
11 20 90 53
42 75 49 91
18 30 96 34
49 0 79 14
2 41 22 91
49 14 86 24
20 24 46 97
23 54 55 98
26 28 51 34
9 46 19 79
65 16 76 26
68 23 92 44
14 15 86 24
38 15 91 63
12 19 39 36
17 21 42 62
48 9 49 21
67 20 89 95
36 54 73 57
51 66 80 89
33 24 65 94
9 55 39 73
92 30 93 86
7 10 93 93
84
8 3 50 29
44 97 65 98
1 37 71 74
54 0 70 90
55 11 61 46
37 34 55 67
60 41 79 89
24 6 49 57
9 53 86 74
3 4 71 94
31 5 78 85
47 3 85 53
51 47 66 88
33 12 56 21
53 63 62 68
21 35 74 77
3 27 40 59
15 44 21 46
1 0 31 5
3 62 58 68
15 1 50 21
13 57 42 58
20 53 79 67
41 48 44 93
53 20 75 81
66 48 77 78
53 49 79 64
18 34 26 85
56 28 86 50
7 0 87 66
67 63 71 80
11 64 73 78
46 23 99 38
54 17 87 92
56 85 67 86
70 27 71 82
11 50 30 57
9 76 68 89
69 43 91 91
21 2 56 55
77 32 93 72
77 9 90 31
16 33 94 88
67 16 68 31
25 34 81 49
39 8 62 49
3 48 92 54
2 25 61 54
39 80 49 91
0 16 11 80
1 46 20 69
0 39 63 40
27 33 41 80
34 27 40 89
75 44 95 56
21 30 63 70
10 54 14 73
5 14 22 75
13 28 45 77
17 58 68 97
83 69 90 95
37 30 96 84
74 24 93 95
18 8 54 64
62 32 89 36
11 11 46 95
39 8 72 41
51 8 58 41
10 41 55 44
24 59 29 98
35 74 46 89
5 64 82 96
32 46 96 94
41 43 58 66
4 62 7 97
55 11 57 65
9 28 52 65
76 11 79 90
52 25 64 98
41 57 94 89
4 26 35 97
22 78 63 93
40 23 91 48
13 38 34 95
13
75 65 89 67
82 23 98 52
5 14 16 80
70 5 75 53
27 34 40 68
25 5 83 6
92 25 97 92
5 31 91 66
50 46 83 48
23 3 98 65
18 25 98 39
30 36 44 88
8 58 70 92
16
13 50 47 73
16 5 43 26
62 60 76 82
11 24 17 83
33 14 99 38
82 25 84 58
85 18 88 98
14 77 41 88
13 75 80 79
1 29 84 99
11 77 63 81
16 22 53 52
42 49 89 73
50 24 59 99
94 36 98 87
28 45 65 64
44
41 20 79 23
73 2 86 30
42 19 55 64
35 36 53 59
1 77 95 79
24 17 29 95
83 9 93 11
39 33 52 80
53 26 56 83
14 56 29 94
66 1 72 36
38 26 96 49
27 38 57 85
56 25 80 51
14 6 86 91
39 38 71 76
3 47 22 88
44 59 93 84
13 68 20 69
46 3 70 4
42 21 88 97
0 14 46 50
41 12 72 33
23 63 89 97
62 44 85 56
28 0 67 81
21 80 50 96
52 72 83 91
40 40 93 46
6 37 96 91
49 31 76 52
49 57 94 90
34 14 65 87
20 32 67 70
13 40 19 96
20 23 31 71
17 13 63 65
2 21 57 85
37 47 52 51
56 39 94 80
78 21 95 98
21 14 53 18
54 37 67 40
60 32 63 87
6
62 48 75 97
1 2 99 99
89 0 96 28
8 29 58 77
24 38 34 56
44 53 77 69
21
59 32 81 93
20 61 64 64
60 68 78 78
19 15 21 73
11 40 81 99
57 62 64 65
43 2 97 3
22 12 98 79
24 33 97 61
75 28 98 44
13 86 58 87
2 66 60 77
6 41 76 85
51 53 56 71
25 24 55 94
55 29 58 55
62 12 69 80
41 41 76 44
28 51 83 86
4 40 29 57
43 10 81 89
82
7 40 46 42
49 30 50 83
38 58 45 70
27 23 47 57
6 54 50 88
68 8 83 44
42 11 48 92
87 31 92 33
25 51 26 75
6 73 34 76
34 3 43 13
60 42 88 63
69 46 83 51
43 43 60 52
54 2 96 84
17 11 33 47
87 43 98 85
10 45 71 57
48 53 70 60
48 10 75 31
56 44 82 99
43 42 48 45
29 82 96 97
93 47 96 98
32 32 93 64
73 42 77 77
38 43 47 95
5 62 78 65
10 10 61 61
55 4 56 56
54 2 86 36
49 31 87 80
64 81 97 93
23 23 71 70
18 61 66 71
33 40 78 49
10 17 51 47
3 9 21 58
12 34 47 59
66 7 91 61
0 63 95 70
34 0 93 23
23 15 36 64
13 23 55 57
56 11 92 58
17 14 21 64
73 16 98 85
75 64 98 93
64 14 80 28
51 9 66 40
7 41 73 86
61 6 98 14
18 54 73 90
6 45 20 91
14 26 28 56
72 52 73 89
17 21 18 88
61 23 97 36
9 20 78 28
34 23 35 59
29 1 49 5
46 7 96 24
2 36 63 60
2 19 88 74
40 12 62 59
35 53 95 73
2 60 73 96
19 0 20 89
1 21 94 42
18 48 28 92
60 20 80 62
34 20 47 61
73 26 79 27
0 5 80 60
57 28 65 54
29 37 43 89
31 30 58 38
30 43 82 49
22 62 57 69
30 14 83 91
41 50 70 56
7 73 16 94
49
25 2 44 62
20 65 83 85
17 10 48 18
92 7 93 91
0 44 90 61
14 52 44 57
50 44 68 64
23 48 45 94
10 31 48 41
26 82 96 95
66 38 93 44
45 58 87 88
20 16 84 88
45 95 68 98
14 37 92 88
82 30 86 37
13 48 78 56
31 62 52 76
6 18 14 46
76 48 86 59
16 44 47 70
68 34 92 84
71 7 73 84
38 3 73 9
58 3 59 89
65 24 66 63
70 10 81 31
10 8 90 90
34 27 78 98
32 26 63 88
62 35 96 55
38 75 65 86
64 7 89 50
13 47 31 81
57 1 64 54
44 19 61 39
46 31 89 62
50 20 57 21
7 93 28 98
20 78 36 98
48 61 85 84
8 16 17 81
69 17 88 30
21 35 37 84
15 10 97 25
83 0 97 11
50 4 57 87
2 2 65 77
14 2 64 83
71
24 17 91 94
5 73 31 89
5 18 94 56
39 20 68 82
70 50 79 83
38 9 59 37
3 28 26 40
50 81 56 86
3 8 75 41
14 58 50 60
16 7 28 96
16 7 89 68
3 39 10 69
48 75 58 93
34 61 55 90
23 3 48 6
12 14 47 50
60 14 74 89
21 43 37 62
50 6 82 60
45 85 82 93
20 40 79 65
2 2 7 76
5 31 34 33
33 69 47 94
35 56 83 74
17 19 18 72
32 23 78 52
38 14 69 69
54 8 86 41
10 3 17 93
37 16 76 62
37 21 56 36
10 79 29 91
15 0 51 94
17 42 52 83
11 3 97 38
64 49 80 50
43 71 53 74
33 32 42 90
26 41 53 89
68 0 84 34
34 19 94 39
54 3 81 63
2 34 59 45
83 23 94 89
13 36 49 92
24 46 78 57
40 24 98 29
15 50 76 66
38 44 89 70
48 22 86 40
67 7 74 62
3 31 82 57
46 16 75 76
15 55 85 99
31 48 80 83
2 8 98 40
30 39 36 68
8 81 13 84
43 25 95 82
57 90 92 98
66 32 67 82
84 16 89 52
64 72 87 89
32 14 81 15
5 18 83 19
52 92 54 98
74 18 75 47
8 64 97 84
69 5 98 75
80
39 21 66 64
38 4 96 56
62 7 89 11
47 39 62 81
33 12 65 32
29 24 39 84
45 19 92 46
50 36 96 50
23 13 52 69
18 48 77 66
12 59 74 80
13 46 50 88
0 15 30 39
15 11 51 96
57 54 67 60
10 18 42 86
39 16 99 46
34 17 94 58
49 60 69 62
8 0 48 19
87 38 92 90
2 7 34 59
20 2 65 30
16 59 72 63
5 52 31 68
10 35 85 65
26 26 97 80
27 38 51 58
0 2 77 71
14 63 78 98
17 79 81 89
52 48 91 49
17 35 52 55
1 63 42 79
5 91 95 98
37 2 49 84
4 66 55 86
29 18 36 47
50 69 88 93
41 88 71 93
28 29 95 94
9 37 60 56
29 18 54 30
32 43 54 62
9 89 48 91
7 9 38 36
2 29 6 78
69 0 71 44
81 51 90 65
7 35 54 94
12 13 18 66
9 18 28 50
9 28 91 99
8 75 17 99
4 1 78 63
7 49 53 73
0 35 38 45
80 59 81 93
11 33 24 98
1 40 52 92
20 13 43 37
64 4 65 95
67 26 96 68
42 32 75 50
37 18 77 27
11 10 38 62
8 9 96 22
14 0 54 87
13 30 76 97
25 20 53 41
9 3 46 22
24 13 88 73
31 65 52 90
53 36 75 94
68 1 97 35
1 51 22 66
1 50 97 54
27 22 91 53
8 25 96 72
85 3 99 96
15
68 46 89 62
83 0 99 77
53 18 75 26
79 19 92 42
34 43 68 86
13 38 39 39
47 44 89 64
10 18 49 93
32 90 39 99
29 4 42 15
33 25 82 95
20 35 66 62
48 6 78 13
45 44 51 69
33 35 88 41
87
25 5 98 50
31 5 37 15
9 35 38 56
22 16 69 83
83 57 88 94
35 57 39 96
48 41 90 83
24 25 27 74
76 20 82 52
19 7 25 80
36 15 94 64
47 58 83 71
16 3 65 31
27 56 60 75
16 3 92 16
42 63 80 95
35 18 47 19
78 12 98 73
37 34 79 63
86 36 93 61
16 4 67 95
22 52 60 77
20 12 32 91
75 15 86 86
4 62 34 64
37 54 74 55
69 26 89 34
47 7 63 82
11 24 29 64
28 4 93 25
89 1 95 33
16 50 71 65
66 28 79 54
60 24 83 56
11 29 82 97
36 48 80 58
22 61 24 67
65 12 92 52
46 69 53 82
71 30 99 69
84 32 97 38
46 28 57 44
25 62 78 68
62 1 78 10
68 37 71 86
49 13 90 44
47 47 65 98
17 66 28 89
27 25 99 65
53 8 61 87
28 6 49 83
7 17 45 63
1 28 6 91
87 7 93 92
7 53 42 76
42 21 43 70
46 49 87 93
1 29 36 51
36 32 87 37
0 53 1 95
44 7 75 68
12 32 67 74
37 31 50 54
4 44 77 64
13 39 38 50
53 1 69 92
25 42 90 57
52 26 95 80
48 5 86 40
24 13 79 61
44 44 67 81
9 48 25 63
50 3 55 74
28 18 48 24
33 73 61 85
17 56 51 89
48 66 94 72
79 25 85 98
6 29 43 84
77 4 99 27
30 10 83 54
29 31 30 63
1 42 56 59
49 18 50 99
23 67 36 95
21 9 66 79
63 61 90 68
66
15 47 47 69
0 58 82 65
39 33 73 63
16 33 83 35
71 34 82 77
50 19 58 39
57 18 61 30
35 29 45 60
29 63 82 82
29 82 92 83
16 14 97 54
1 21 87 52
51 72 86 96
63 1 67 72
83 29 90 81
10 39 93 77
12 4 55 75
9 36 88 59
73 56 90 78
8 26 51 95
43 2 50 66
38 11 56 91
40 29 72 50
6 18 42 66
75 3 93 97
14 15 33 75
5 32 71 87
65 15 79 57
11 22 81 67
33 20 59 25
1 59 28 83
1 22 78 95
50 5 71 56
20 43 31 64
3 37 27 68
35 6 46 57
29 14 77 17
89 88 92 90
49 20 71 25
20 65 94 79
73 22 84 56
52 4 86 41
61 39 93 79
49 67 86 96
65 54 81 78
66 73 96 89
14 39 45 46
56 14 77 86
8 29 70 46
39 31 86 74
6 0 23 44
11 14 49 72
21 68 50 92
18 15 57 17
7 24 63 93
7 19 10 63
17 29 45 83
4 10 14 57
6 37 9 58
61 17 73 63
31 79 61 94
63 27 95 41
20 2 65 75
17 14 46 27
56 12 97 64
73 12 74 82
2
63 41 80 97
59 12 66 78
11
3 37 90 75
54 26 91 68
5 9 95 42
23 14 58 73
26 53 37 83
33 38 65 58
53 32 76 83
94 36 95 88
16 70 74 97
17 12 97 65
6 2 26 54
69
47 47 64 75
64 0 65 2
56 20 85 75
52 40 66 92
8 3 34 83
0 46 29 79
25 12 28 82
3 27 19 35
35 18 54 50
50 35 72 52
8 28 27 31
20 54 24 74
29 32 89 58
5 43 63 89
54 25 78 30
9 15 60 81
31 47 33 81
68 5 99 79
10 58 86 76
3 32 65 34
19 54 91 82
26 48 44 98
23 4 30 91
6 16 85 35
35 86 49 91
48 69 65 86
45 1 98 76
33 10 62 81
64 60 65 76
10 6 24 42
97 33 98 83
21 3 51 56
42 52 94 95
21 19 81 60
72 26 88 50
32 6 36 53
13 48 82 59
42 24 65 40
9 63 75 82
38 13 66 78
8 3 82 33
45 33 75 89
68 4 83 99
5 40 9 67
67 23 99 61
1 8 47 64
27 28 91 46
6 40 11 81
44 11 66 71
44 71 60 80
37 28 70 80
68 19 99 46
69 67 80 68
31 11 77 34
9 20 14 21
1 20 61 68
31 3 91 57
80 3 84 76
8 21 31 59
67 51 78 89
9 1 18 11
64 11 97 38
58 60 84 73
45 36 80 98
7 11 92 88
39 76 43 99
49 26 59 68
9 47 77 89
0 19 48 49
58
65 38 68 61
45 43 84 80
3 23 60 72
63 91 64 92
86 12 93 62
73 62 89 63
15 36 23 42
36 1 52 65
78 20 92 23
0 12 19 28
0 17 35 22
9 3 65 50
15 3 65 38
17 40 53 56
35 21 44 32
86 64 87 87
7 59 39 78
58 10 71 58
27 1 84 58
4 37 9 74
64 61 92 71
27 18 53 71
4 77 39 88
27 86 93 90
20 78 45 84
47 16 88 31
33 16 75 36
5 49 62 89
61 26 62 88
12 15 96 87
16 68 56 83
10 9 70 30
46 67 60 93
24 0 36 63
68 9 99 73
51 12 74 61
39 36 52 88
4 12 75 64
47 92 84 94
53 69 76 99
37 25 92 88
88 57 89 69
30 39 83 81
0 9 93 91
79 46 98 54
62 47 66 55
47 0 93 65
35 24 52 70
10 44 49 99
9 89 65 96
28 28 77 44
53 23 71 51
21 51 57 83
6 5 82 75
41 28 57 76
52 8 98 9
6 23 60 53
19 69 42 70
66
18 24 49 50
21 22 45 24
30 7 31 80
15 43 48 87
41 6 45 76
12 1 28 33
13 36 75 82
7 8 99 97
47 18 84 20
45 23 92 29
30 27 62 77
15 12 20 30
6 13 18 86
19 80 66 83
14 46 19 78
39 14 43 42
15 23 84 28
5 60 51 67
39 6 96 34
18 16 64 23
9 37 81 99
20 81 79 91
21 46 27 71
12 60 65 96
24 41 36 80
8 27 92 32
13 4 38 30
53 5 72 57
4 14 46 66
9 23 95 36
34 30 46 46
42 11 43 79
20 18 92 84
68 63 97 80
36 7 93 60
16 46 65 62
12 8 28 21
9 37 31 43
19 62 41 77
40 32 41 35
5 3 69 61
66 29 93 37
44 11 89 60
9 6 74 21
29 2 80 89
85 11 91 12
73 78 89 82
14 15 15 19
22 22 28 35
3 40 73 69
3 12 82 93
34 31 51 56
11 15 73 54
28 10 65 69
51 2 88 91
58 18 74 86
53 48 60 78
48 16 89 44
57 12 61 82
90 1 96 43
56 69 58 86
31 19 56 73
64 22 74 59
61 31 77 48
9 37 96 73
82 9 89 50
92
82 34 91 63
44 35 59 80
11 65 91 83
39 50 81 82
28 4 56 56
5 59 17 90
68 78 80 94
21 19 28 30
5 3 45 4
36 2 91 82
85 47 99 76
26 33 30 38
37 54 47 55
13 34 44 52
64 27 98 76
7 52 98 85
9 32 41 56
58 43 66 45
19 27 45 66
17 88 51 97
52 64 94 65
51 19 68 90
19 15 46 26
1 42 30 96
26 39 52 62
5 34 37 92
10 61 61 76
1 78 74 79
43 15 95 47
34 9 38 95
35 32 62 63
29 17 57 33
9 46 96 83
32 53 76 86
0 8 82 93
23 1 86 70
49 39 86 81
28 20 48 91
5 34 6 35
19 61 52 64
59 15 99 27
21 3 66 91
36 60 63 66
30 49 67 68
7 59 30 68
41 46 50 55
32 56 42 95
8 51 72 72
19 40 51 68
59 17 95 48
8 3 83 58
59 89 71 90
0 31 11 52
38 2 50 81
59 82 76 83
7 4 85 84
4 16 96 59
64 12 76 91
1 24 15 60
2 25 14 86
29 2 69 8
5 16 89 79
13 65 51 99
1 58 3 59
18 46 74 52
58 38 95 97
9 25 62 28
6 33 64 63
18 23 41 87
19 30 91 32
47 1 83 42
53 23 59 39
70 33 91 86
23 37 35 80
6 45 65 70
3 23 60 78
1 30 11 45
62 44 75 75
39 46 76 92
37 28 68 35
14 38 20 43
18 50 80 76
46 7 47 97
21 2 86 32
47 39 62 74
36 75 49 76
19 11 74 25
12 32 91 87
27 48 77 58
24 7 60 59
57 23 66 30
25 4 62 72
97
32 4 76 98
31 25 48 59
30 70 38 94
47 22 86 44
4 9 50 47
24 47 66 63
72 38 81 48
34 90 62 96
46 18 95 94
29 11 72 78
72 10 81 58
32 34 54 81
28 10 44 52
25 7 51 62
11 23 97 73
64 18 71 31
1 11 64 82
89 61 93 88
72 75 98 83
17 26 56 36
89 13 90 14
73 40 76 87
12 39 16 70
9 54 53 76
36 28 39 74
42 13 62 30
48 13 57 14
49 17 92 81
31 7 48 90
31 21 46 99
38 58 92 97
52 48 87 78
7 40 74 88
22 1 53 79
15 53 44 59
41 46 71 54
36 19 61 89
18 6 62 59
4 8 69 9
57 8 87 83
48 23 71 46
2 14 47 77
30 1 73 99
45 14 55 81
53 68 55 70
76 49 79 71
9 32 32 89
24 89 40 96
12 41 94 48
25 7 55 66
9 29 65 62
44 3 95 16
25 68 37 97
20 53 69 54
86 26 94 79
27 22 67 71
15 79 19 96
3 15 98 23
4 51 78 64
6 70 33 74
23 31 90 95
48 60 85 71
39 18 97 95
40 37 66 65
33 8 96 46
31 35 62 36
38 86 53 92
8 41 18 45
36 61 76 98
58 37 84 49
68 50 84 82
39 47 99 60
68 51 94 72
38 8 60 13
0 18 51 77
11 59 22 98
12 68 58 99
18 48 36 72
30 81 74 86
29 13 46 67
18 23 37 98
63 57 83 83
34 8 53 15
6 16 74 84
15 4 53 70
19 1 76 23
35 3 61 59
16 54 26 64
39 22 52 97
6 15 57 40
0 57 82 62
78 45 93 58
29 0 49 98
21 78 53 82
81 88 94 97
3 20 4 43
17 7 69 75
76
57 67 74 88
66 26 67 66
55 12 60 58
13 7 32 91
24 49 60 66
53 74 60 81
50 37 77 49
12 78 66 93
45 13 81 69
39 0 88 48
58 46 64 77
21 65 53 90
57 17 66 97
50 1 71 20
21 39 38 53
31 2 84 76
23 11 41 18
11 80 18 82
11 31 78 70
12 69 97 84
39 5 82 63
6 8 35 41
48 77 94 96
6 22 98 32
33 20 50 47
28 6 54 97
67 18 90 31
2 36 53 39
42 42 54 92
50 0 85 32
9 50 97 95
35 15 69 85
15 43 58 55
1 12 52 71
2 43 30 85
21 55 82 89
31 63 99 85
17 13 64 33
8 26 36 71
8 9 94 30
4 37 85 66
8 57 79 61
1 10 46 35
24 17 66 68
2 7 83 99
12 19 93 29
0 44 98 73
3 8 5 88
75 6 77 9
18 19 19 85
7 18 47 65
38 21 83 83
43 36 73 37
17 7 57 85
51 13 58 17
1 4 77 56
17 30 62 35
7 15 67 82
0 14 32 38
11 40 97 67
5 62 28 84
21 32 22 45
14 72 46 92
80 49 96 99
30 59 84 97
64 43 93 93
57 7 83 97
16 21 99 94
31 53 35 80
25 40 85 56
32 31 80 60
31 13 61 80
10 46 91 84
29 27 41 51
58 64 76 92
14 9 59 42
90
15 58 49 95
38 7 80 64
47 23 91 51
12 10 15 60
22 49 52 51
25 3 33 97
13 18 56 22
64 50 84 85
45 31 95 78
38 34 42 81
4 1 37 41
1 19 12 75
23 16 77 56
53 2 71 84
58 8 72 62
12 10 46 74
5 41 88 43
27 64 76 82
18 76 23 81
51 30 52 75
83 28 98 69
5 7 83 89
51 15 68 16
25 14 90 95
7 35 91 65
47 67 51 70
0 53 98 69
51 49 80 50
30 16 70 65
5 8 25 27
23 45 43 85
32 1 59 66
1 23 66 66
43 5 88 95
0 26 74 87
27 71 89 81
49 50 89 54
62 14 77 72
57 37 59 70
38 57 88 90
65 42 75 60
47 21 56 63
2 8 99 43
15 27 89 90
29 6 44 56
70 6 79 81
3 34 96 88
30 48 43 91
8 18 33 80
34 16 54 88
25 5 32 66
32 13 57 99
20 1 55 77
10 51 60 56
42 13 91 22
4 38 70 90
8 30 22 42
47 24 83 76
82 15 90 66
66 21 80 47
1 13 50 52
55 46 69 60
20 29 73 63
1 10 19 90
4 20 73 94
22 4 44 87
2 20 23 86
34 55 41 87
0 14 59 43
3 21 60 28
10 33 84 86
23 81 48 96
68 52 75 98
40 64 54 94
15 29 51 37
24 8 84 95
9 7 52 24
45 22 88 81
55 30 67 98
31 7 79 67
20 12 57 99
58 11 64 15
52 73 93 77
25 28 34 38
52 34 97 49
8 37 30 63
35 19 46 50
17 77 78 89
1 35 76 40
55 60 98 91
86
59 21 71 87
46 32 91 61
41 92 59 96
23 25 84 56
2 3 94 79
8 68 81 84
37 48 66 97
35 10 56 15
31 58 55 77
20 79 61 98
27 2 91 66
43 11 59 13
45 37 66 99
21 53 67 59
8 9 53 86
77 27 96 95
54 74 56 84
53 17 82 25
43 80 72 83
44 10 48 86
10 45 24 97
56 4 98 77
13 11 15 17
12 42 90 66
26 61 40 98
38 40 68 93
23 22 26 82
20 23 32 96
69 19 94 42
23 2 72 39
19 32 51 89
31 10 98 93
23 39 92 60
52 61 84 62
84 27 95 68
50 17 64 19
11 35 39 58
13 14 75 32
3 78 64 87
71 15 97 63
27 20 54 38
53 29 81 79
58 9 97 37
6 61 80 70
5 71 72 85
69 32 86 41
28 34 62 86
1 3 49 25
93 31 97 81
60 46 61 71
36 42 80 57
12 12 70 94
31 70 84 71
11 1 54 17
3 36 35 40
17 15 39 56
37 50 46 84
21 6 83 71
15 37 65 53
32 49 65 78
0 54 71 63
23 35 64 51
75 44 87 78
59 24 87 78
15 57 26 98
15 30 21 47
0 18 20 86
16 4 67 16
23 39 67 84
74 1 87 98
77 27 97 64
5 20 40 57
14 67 70 82
12 19 66 91
37 84 78 94
63 8 88 56
47 38 92 73
36 13 74 31
29 16 58 24
81 47 88 70
29 7 89 59
2 32 26 94
30 19 79 63
27 19 72 42
80 68 93 71
2 13 34 19
44
63 29 76 85
17 28 26 76
31 34 57 51
34 15 60 76
48 53 94 88
20 3 80 19
12 84 57 89
23 38 27 70
24 4 99 69
80 2 97 37
36 49 41 80
25 42 96 75
31 12 80 25
15 9 44 51
40 15 93 24
54 20 95 46
67 8 76 30
32 65 98 69
18 45 97 91
18 95 88 98
62 68 72 71
22 15 77 29
30 22 53 48
47 23 95 84
14 14 32 99
31 29 68 82
73 38 74 43
85 9 93 14
77 55 85 60
27 7 84 37
38 57 81 76
0 37 94 60
51 35 59 84
64 79 66 91
17 54 86 90
57 79 63 94
34 70 54 93
52 33 59 81
10 49 91 85
86 62 97 90
25 57 98 64
7 6 36 41
12 40 83 93
24 10 35 76
22
41 75 73 80
66 6 91 41
68 3 79 30
0 9 28 69
46 44 98 87
3 48 23 56
68 63 72 96
17 82 50 92
14 6 67 42
49 17 99 85
0 78 40 92
0 80 2 98
38 52 77 80
8 28 81 61
24 27 77 53
36 2 71 94
8 38 37 90
7 7 75 15
7 7 38 90
40 17 88 61
49 73 65 78
39 16 54 30
37
24 43 31 77
14 4 66 26
31 4 35 94
12 71 84 98
11 19 57 26
15 80 84 93
30 10 85 12
48 1 64 47
24 10 96 72
51 38 66 91
32 59 47 97
83 4 95 69
23 62 95 94
8 9 27 60
21 38 22 93
85 22 94 90
46 61 52 97
35 0 52 18
11 14 67 20
18 36 89 94
41 20 99 94
6 7 29 28
0 46 66 50
24 3 88 71
20 69 64 92
62 8 69 29
28 32 95 69
5 13 79 72
59 4 92 65
63 15 93 21
23 11 61 48
14 1 71 31
0 55 93 91
36 21 99 79
48 31 53 84
56 6 97 8
62 26 74 48
22
19 31 45 93
7 8 97 45
16 7 54 28
28 49 59 61
55 38 98 81
30 39 39 97
48 39 59 48
65 37 70 84
67 67 83 90
12 28 50 65
45 4 87 26
18 16 27 98
49 80 89 82
74 32 77 74
22 88 71 89
72 61 78 92
11 23 51 92
3 1 9 54
32 43 58 76
44 60 93 82
62 20 94 45
77 48 94 91
33
10 36 17 61
61 53 73 71
62 27 74 48
4 47 85 68
1 61 40 62
7 3 57 75
80 28 89 33
22 81 65 91
53 75 69 82
35 26 98 72
26 30 99 49
18 37 77 71
84 8 98 70
11 86 97 91
19 91 71 94
24 36 37 94
11 61 76 90
33 64 68 95
13 83 25 85
22 55 54 72
25 22 80 90
60 53 82 91
35 11 99 32
5 32 68 37
79 34 93 48
43 63 98 79
16 20 99 38
10 0 75 53
74 43 96 78
34 21 83 87
19 35 33 39
23 3 24 90
3 69 24 74
1
16 19 98 90
90
54 16 94 46
47 73 59 90
12 46 20 56
19 31 91 52
23 67 95 98
22 26 67 71
76 67 98 88
29 47 35 89
58 75 94 93
66 17 67 38
15 35 94 79
39 37 62 38
4 27 36 86
5 55 58 56
75 10 96 33
0 25 81 75
0 10 68 18
9 86 79 95
17 3 82 32
69 73 93 97
60 18 76 57
13 33 26 88
67 22 98 48
75 50 99 51
22 40 60 95
81 31 87 51
83 69 86 79
29 4 42 54
14 5 72 79
19 6 39 50
6 23 24 69
20 32 27 81
24 9 76 49
12 11 32 18
32 27 50 95
52 18 81 79
36 6 97 75
8 16 33 33
8 57 85 91
24 35 42 52
36 18 62 20
82 14 91 74
22 26 93 41
44 8 72 27
36 41 85 93
9 21 26 46
4 87 13 89
42 11 74 98
16 4 31 98
30 52 65 74
15 39 30 58
37 22 48 74
16 36 67 76
23 22 57 94
12 8 81 79
19 45 77 54
10 2 44 40
29 9 45 44
19 57 36 75
2 69 79 84
46 47 72 81
4 21 94 27
35 29 52 68
22 6 26 32
24 70 61 90
31 3 86 21
60 22 97 51
20 30 58 91
12 18 39 33
39 68 60 91
36 48 72 58
42 15 54 99
5 5 21 18
8 89 40 92
14 20 40 25
11 2 55 12
31 19 87 22
66 0 87 23
33 2 48 38
18 27 89 63
68 38 98 75
67 28 79 34
48 11 59 19
66 14 83 66
37 53 86 73
49 1 53 3
56 34 93 35
62 60 98 74
49 18 50 69
3 29 46 46
1
14 9 83 80
76
29 18 50 87
42 34 44 93
27 44 88 87
22 20 70 41
53 3 90 71
40 88 84 95
61 84 86 96
20 42 71 70
9 52 12 56
49 51 87 75
19 13 38 29
33 76 70 89
60 53 79 76
48 51 64 64
0 10 99 20
4 16 90 70
23 10 73 99
2 74 37 93
6 56 55 78
54 9 97 91
62 33 67 84
49 50 87 63
25 81 70 86
8 13 97 83
45 22 64 67
49 4 60 82
82 18 90 39
9 36 49 77
13 63 22 71
21 3 78 52
36 92 38 98
57 21 82 34
8 27 88 57
14 0 62 4
18 28 44 96
33 55 57 93
8 22 78 87
42 0 74 64
44 1 62 79
22 25 65 96
35 11 76 90
63 49 94 82
45 30 62 38
37 71 83 92
31 16 93 67
16 25 31 60
4 21 61 45
94 35 99 70
46 34 60 62
44 54 83 80
11 28 93 58
20 0 29 22
16 3 41 84
29 33 44 72
7 15 69 57
45 6 85 91
53 75 92 97
4 49 7 50
7 36 77 70
10 50 71 87
53 51 72 82
68 45 75 68
60 23 78 75
33 77 66 98
47 51 52 72
0 11 73 33
69 30 82 53
80 33 92 80
16 7 31 16
4 15 85 84
11 16 90 96
66 8 73 14
17 6 80 77
39 18 88 70
48 60 75 80
13 24 40 68
85
21 65 29 83
28 7 39 88
74 24 78 39
71 26 97 40
15 75 57 77
16 37 75 77
65 7 69 33
21 2 69 45
20 19 80 43
31 48 79 62
1 22 25 53
1 2 45 72
2 18 30 68
5 22 47 57
55 17 65 86
14 77 40 95
66 3 72 60
17 45 61 86
50 70 60 95
95 61 98 97
29 80 67 87
9 2 37 15
40 17 84 50
45 18 46 33
73 6 93 64
9 12 92 91
7 53 13 60
9 57 14 96
37 27 83 77
29 44 44 80
30 22 61 59
55 0 77 28
7 51 92 53
65 7 94 99
4 19 20 73
67 29 82 72
6 2 99 3
34 60 46 80
2 9 19 65
10 37 45 49
0 17 90 46
5 56 68 73
44 15 81 25
55 11 87 13
13 11 68 86
19 2 23 21
31 12 67 95
1 41 44 96
10 78 42 92
0 47 51 81
25 47 96 80
45 23 58 36
74 13 87 93
15 10 16 35
0 1 5 98
91 1 97 2
31 45 93 91
26 16 91 35
48 75 82 93
63 37 68 45
31 55 59 75
18 75 62 98
29 39 48 62
64 9 92 26
55 61 70 75
29 33 62 45
60 29 90 75
13 10 74 33
60 36 66 96
46 75 63 94
37 53 85 92
15 41 71 77
4 67 54 70
55 35 64 68
43 38 64 54
24 8 64 82
4 2 18 36
11 34 96 49
26 81 54 97
10 15 38 69
82 44 91 99
67 43 79 46
34 16 52 62
23 58 51 79
46 21 82 58
56
78 12 82 59
13 79 22 83
26 14 70 89
23 25 94 69
44 7 73 37
71 81 82 90
28 14 93 61
43 38 70 74
38 4 97 62
83 53 97 60
2 24 20 25
47 14 49 94
3 20 53 27
8 35 62 55
48 88 70 92
18 75 26 92
90 31 96 56
37 70 68 87
11 13 48 57
59 74 71 95
1 12 15 78
85 47 99 62
50 7 91 29
56 47 99 61
17 38 79 46
8 16 34 97
62 8 73 44
3 21 70 71
1 36 85 72
34 36 36 86
17 45 94 79
41 10 45 74
20 6 48 24
56 9 92 17
13 70 17 73
44 29 92 83
7 45 18 93
30 29 83 54
33 26 75 99
37 46 73 72
4 37 96 40
57 12 98 68
41 27 83 70
53 13 56 37
6 17 34 74
80 14 99 88
88 26 92 61
59 46 98 81
19 64 86 69
37 43 76 59
65 30 86 70
19 53 83 95
21 2 23 90
16 22 78 66
48 60 80 98
42 39 44 61
56
30 25 32 82
72 43 90 54
74 29 82 60
44 79 50 86
54 28 64 52
20 81 28 83
15 26 23 54
62 0 70 36
18 42 25 94
89 23 97 67
4 24 28 71
2 55 10 57
37 26 59 32
9 66 13 76
31 15 92 88
24 93 67 94
37 45 39 80
12 40 56 86
9 11 64 60
20 26 67 27
11 14 53 58
76 24 91 68
35 40 64 74
34 3 67 58
48 23 90 60
9 18 53 46
59 26 82 69
5 2 96 49
12 16 15 88
9 6 92 56
80 44 96 99
57 47 99 83
58 0 60 20
38 13 46 57
34 30 84 72
27 39 31 41
10 2 80 47
5 41 11 86
37 37 85 59
36 53 94 95
73 93 95 96
51 48 61 63
30 15 36 35
28 38 54 62
61 66 93 86
4 4 27 17
6 10 15 42
37 42 63 84
77 4 91 88
51 28 52 39
15 44 54 83
34 10 97 61
28 27 99 79
83 85 96 99
27 2 61 64
48 76 96 87
65
25 6 67 92
21 7 96 31
13 17 80 74
52 31 74 90
15 53 71 56
1 3 83 66
79 55 99 99
19 39 99 76
31 79 82 86
11 4 45 59
73 25 85 91
9 5 34 59
13 65 64 76
20 73 94 96
28 46 47 72
11 47 22 94
73 5 85 31
42 34 61 36
12 14 80 27
39 21 71 55
21 36 49 43
16 31 84 93
65 44 77 76
43 80 70 99
56 17 63 96
4 5 32 12
33 24 78 68
41 1 79 90
33 21 37 52
46 11 52 49
40 40 45 81
20 10 81 89
6 84 7 91
55 63 89 74
31 24 50 86
14 30 87 77
50 47 82 80
48 3 92 93
33 32 36 69
59 5 94 53
89 18 96 31
57 51 81 64
37 8 88 77
38 54 54 72
53 1 54 4
46 45 59 96
29 31 65 75
36 24 80 78
9 75 42 76
28 17 91 66
74 64 94 79
37 38 85 48
5 64 91 90
60 68 87 89
20 9 43 78
2 24 87 97
24 32 52 48
50 16 66 93
47 33 57 44
45 50 71 94
14 15 84 71
4 25 39 27
5 35 86 59
8 25 11 63
73 33 96 91
50
96 42 98 84
42 81 87 88
25 20 53 89
4 48 24 83
40 49 88 75
38 12 87 47
8 1 37 41
42 47 49 81
42 38 65 59
48 77 72 81
71 27 97 73
10 13 73 21
23 10 88 98
75 5 97 26
80 12 98 29
29 11 45 40
22 3 31 71
4 70 80 75
2 69 95 77
82 12 98 21
62 12 84 23
1 59 69 81
23 68 63 69
8 39 32 44
42 54 67 71
25 72 47 74
51 1 93 2
23 28 66 80
3 4 92 7
18 42 38 62
30 38 63 53
30 16 49 95
49 24 87 26
99 2 100 86
4 6 40 44
72 75 86 80
32 58 39 79
52 23 93 70
13 15 75 24
10 11 40 95
20 71 38 79
66 6 73 37
64 6 81 30
10 1 81 50
59 13 81 74
35 10 97 63
30 63 34 92
4 74 58 78
1 42 54 72
30 27 31 64
58
19 70 94 96
4 20 78 69
5 47 32 52
2 17 78 67
2 28 75 70
26 6 34 68
7 6 51 86
43 68 88 82
79 14 90 94
16 9 87 19
13 67 18 73
40 94 84 96
19 12 75 45
18 9 66 77
64 56 68 69
37 28 91 59
26 13 74 22
31 90 84 96
15 2 64 56
2 0 99 70
12 77 15 82
12 7 39 33
3 28 15 40
68 6 87 65
78 63 80 95
60 1 85 62
9 16 65 76
38 41 76 63
75 32 93 53
39 42 40 87
34 7 67 54
13 55 72 93
9 51 50 87
13 30 40 69
45 1 98 73
65 36 66 58
42 81 90 94
33 1 75 81
8 0 87 9
16 66 46 80
54 49 83 55
31 73 76 94
96 13 98 30
18 60 71 65
11 13 93 44
45 33 94 68
30 5 86 46
38 32 65 73
22 67 39 71
40 13 65 54
36 38 78 54
15 1 55 18
14 8 63 60
29 11 94 60
57 56 66 80
29 55 64 74
22 4 45 11
58 14 76 94
5
7 0 12 8
15 30 75 76
57 6 93 87
24 13 81 68
25 52 29 80
62
65 58 84 97
60 37 72 75
21 22 96 77
37 4 41 71
31 19 65 65
0 23 22 90
47 27 68 66
88 20 95 32
17 6 90 78
67 3 81 15
25 63 44 85
19 14 56 51
70 54 80 73
45 22 96 43
22 65 40 88
20 54 85 63
69 2 84 62
57 51 77 73
58 82 66 86
49 29 89 67
83 41 92 59
33 74 84 80
45 59 62 82
74 34 89 95
96 26 97 73
25 55 99 91
29 10 89 38
19 18 77 21
29 15 62 55
35 33 41 99
58 32 67 55
27 37 89 56
15 7 30 76
31 15 50 21
11 6 77 80
27 31 50 32
86 73 99 90
6 40 89 99
83 26 95 36
73 10 82 64
38 41 71 70
43 22 56 85
54 54 91 56
37 18 40 23
49 1 60 39
0 26 79 55
33 68 62 83
32 84 45 88
6 37 29 56
22 49 30 84
55 65 92 93
35 33 68 96
49 4 72 17
25 50 30 58
78 31 85 45
67 11 85 66
3 73 67 97
33 29 74 77
42 77 74 78
25 87 62 95
12 75 91 89
0 62 77 73
71
55 41 78 45
8 21 12 85
59 53 76 57
42 41 47 72
34 62 67 77
2 21 27 29
58 38 64 68
60 21 68 99
18 16 40 31
68 1 89 18
58 53 71 80
21 71 25 88
3 2 48 59
33 30 84 97
87 19 98 42
15 34 18 48
16 57 17 58
59 70 75 85
65 38 75 99
70 0 79 70
11 82 72 96
64 56 94 62
51 33 81 66
0 1 33 51
59 17 62 21
43 72 55 86
11 7 85 70
70 34 77 42
24 2 82 88
2 9 58 28
28 36 62 47
49 28 87 49
23 53 98 60
25 18 46 84
89 11 91 88
30 6 97 21
23 33 94 80
8 49 95 70
70 23 85 24
3 1 26 19
6 49 79 77
13 8 67 32
20 55 72 57
61 17 78 53
38 8 97 58
57 33 80 94
8 12 18 50
13 0 69 44
30 65 45 72
4 28 73 43
52 45 83 82
35 12 63 45
5 62 70 74
8 51 59 68
1 23 80 26
23 20 75 45
17 57 85 73
53 5 54 11
56 37 88 71
34 39 84 75
1 6 53 61
29 11 57 61
40 61 86 63
6 61 35 76
1 72 19 73
29 55 84 92
64 17 93 79
19 0 45 46
6 16 7 72
34 74 79 88
49 8 89 65
79
49 36 76 49
33 73 37 93
3 26 38 72
17 17 42 42
36 61 48 64
23 12 95 64
61 21 95 60
62 21 91 38
57 40 88 95
14 69 88 73
51 78 93 93
87 11 95 32
27 36 93 50
14 40 52 48
13 27 60 76
49 7 65 51
54 5 92 58
31 82 79 94
28 67 72 72
35 15 51 62
3 8 65 96
8 1 36 79
7 57 28 68
16 16 72 46
3 34 74 70
16 53 69 88
55 13 77 97
27 59 64 68
28 44 55 92
45 36 72 79
56 26 88 28
24 4 44 27
14 18 26 42
23 53 30 83
32 38 66 96
16 52 97 93
38 10 48 96
32 89 41 94
17 30 72 96
75 13 86 62
32 8 55 89
24 8 61 86
57 73 76 79
24 62 77 73
22 26 72 54
43 66 72 96
44 13 48 34
27 59 47 71
19 3 61 37
41 17 46 32
11 3 90 36
28 19 50 50
57 21 97 75
41 52 69 89
23 13 65 92
4 23 85 98
26 67 35 75
8 33 84 71
59 26 88 69
19 10 45 95
68 26 85 28
67 38 81 46
51 42 91 88
65 47 86 91
10 74 22 82
7 48 54 94
17 13 72 18
23 60 65 88
17 33 86 98
71 5 96 75
48 13 63 39
5 50 86 61
24 15 43 83
31 34 62 49
4 0 63 38
89 6 99 69
55 37 56 78
53 43 95 52
56 17 92 78
68
13 29 43 91
35 36 43 78
62 62 99 77
51 3 82 90
41 9 58 30
25 37 65 70
42 59 62 68
77 90 78 92
19 21 84 71
7 14 52 62
28 59 92 74
1 32 29 94
24 40 41 59
29 2 30 71
22 91 31 99
35 9 90 19
42 61 83 87
1 50 76 68
61 62 94 81
13 23 56 55
63 32 66 92
16 9 34 95
8 47 38 73
8 91 45 98
60 87 78 88
56 31 89 50
13 2 64 26
25 41 33 72
5 91 85 99
0 1 46 84
0 9 10 10
0 55 59 71
59 31 94 84
14 27 86 67
6 47 69 51
75 80 88 91
24 25 91 89
26 76 79 79
37 36 88 49
20 37 43 41
24 32 73 38
66 60 99 69
63 38 68 72
63 6 71 8
33 64 48 95
23 61 44 74
10 5 62 84
25 49 94 82
14 66 88 68
28 6 87 91
29 45 30 55
4 48 63 52
13 23 99 52
36 40 78 57
41 19 97 98
20 47 80 91
13 60 59 87
30 48 66 52
7 12 94 70
64 64 70 98
2 32 87 83
40 34 72 75
5 5 73 69
12 25 52 72
11 4 86 17
53 42 69 76
6 70 98 99
49 3 86 69
5
25 0 45 35
7 28 25 31
36 13 40 31
51 53 83 64
22 56 76 70
62
12 1 51 76
22 37 98 61
62 27 64 99
24 15 58 55
40 38 43 71
7 56 30 95
8 16 23 60
29 37 34 93
21 41 39 71
2 18 8 61
40 23 69 64
19 30 38 79
17 14 54 47
23 13 94 83
73 17 99 59
10 28 97 83
21 36 55 75
45 15 49 90
54 14 90 80
11 14 45 26
13 15 92 65
78 3 98 8
14 88 25 97
23 11 77 50
25 1 99 30
43 36 46 70
17 49 36 81
75 20 95 80
35 9 97 27
30 34 69 94
34 13 83 96
8 58 63 59
60 41 88 86
23 0 63 3
5 80 33 92
52 69 72 81
90 59 96 88
5 57 74 78
22 34 74 92
46 38 50 90
31 6 77 94
62 52 94 67
96 68 99 80
61 3 89 52
14 37 92 66
67 19 75 93
28 13 63 98
56 19 88 74
13 33 32 46
37 33 65 60
40 17 53 53
56 13 69 42
31 50 79 70
41 5 43 6
4 23 70 44
49 26 63 82
11 29 80 48
81 46 89 81
34 84 63 86
80 11 97 42
61 5 64 28
10 57 34 91
81
30 35 33 59
71 12 99 28
44 71 69 90
5 2 53 91
36 30 72 89
86 14 94 83
1 54 97 99
34 47 62 92
6 16 27 78
58 25 80 29
15 27 53 58
29 17 49 21
10 21 99 49
15 6 57 93
12 16 45 59
6 88 8 98
15 12 66 95
20 25 94 47
4 36 57 86
9 6 55 71
20 55 80 89
0 36 47 45
4 13 52 59
1 10 57 24
20 21 75 67
20 1 44 92
80 77 87 89
35 67 61 94
8 2 49 81
47 22 69 55
66 4 87 76
0 41 14 88
7 52 62 72
53 34 65 45
11 47 35 92
14 48 86 88
81 51 90 75
25 89 30 97
73 8 93 12
0 7 1 25
11 16 98 63
8 16 50 62
8 47 61 95
35 27 95 77
2 77 28 85
66 5 82 60
17 7 20 69
28 30 32 73
45 40 89 41
8 6 54 17
1 15 64 49
26 51 94 97
80 6 82 98
11 16 58 80
49 7 75 30
4 29 90 45
21 30 85 35
41 91 47 95
44 53 58 63
2 22 66 98
28 36 96 91
4 7 71 79
37 72 86 93
1 23 39 28
5 57 64 76
4 26 68 52
31 0 67 85
22 2 83 85
21 25 93 31
4 16 38 28
21 42 88 43
17 12 71 87
41 22 45 61
26 1 39 45
30 28 54 71
31 30 56 65
55 76 96 87
15 12 45 85
27 26 55 88
53 94 66 96
18 11 55 96
65
18 17 46 41
23 40 26 47
30 56 89 58
3 27 63 76
82 31 91 89
68 17 84 61
27 30 87 90
6 84 37 85
53 1 77 25
24 6 93 79
64 3 87 82
30 1 58 20
9 29 85 65
26 5 46 69
47 34 52 89
70 47 73 53
0 54 30 79
58 94 60 98
53 77 76 87
40 58 97 83
39 25 48 26
83 86 95 99
72 30 88 94
36 14 41 66
73 3 93 94
40 68 53 85
55 6 62 59
69 90 90 96
69 9 73 20
19 19 47 52
35 8 65 71
37 6 74 67
22 10 52 92
61 10 96 76
22 24 82 68
16 90 67 91
10 88 52 99
40 30 70 75
46 35 90 64
83 36 94 46
91 5 98 46
33 52 57 68
44 31 72 89
22 63 79 75
26 41 51 92
19 13 23 97
29 18 32 78
54 12 77 52
51 55 70 68
23 8 72 44
39 13 85 68
31 16 40 83
27 67 58 81
16 0 47 98
16 22 79 76
27 56 41 63
18 48 76 78
38 42 44 77
42 30 62 45
46 4 80 35
2 59 38 70
58 26 70 37
49 1 65 6
21 76 57 85
33 40 54 92
35
48 8 78 21
6 45 15 50
4 11 26 37
1 38 95 74
3 22 45 98
8 62 71 99
5 75 83 93
9 57 27 97
17 57 70 85
3 23 88 81
18 87 86 92
67 64 77 66
40 33 62 63
62 70 95 78
16 43 54 67
16 15 52 38
25 21 75 80
44 63 61 83
56 31 70 75
91 0 97 89
33 5 52 80
10 14 76 92
33 1 87 16
32 57 39 91
12 8 37 15
30 38 91 50
13 14 81 31
14 56 20 99
62 73 79 90
34 25 39 89
6 21 26 38
47 18 64 28
36 36 85 67
6 19 86 80
50 60 94 71
29
23 48 90 59
38 27 39 80
14 64 85 87
3 13 43 23
22 31 50 58
19 17 96 99
23 16 93 95
18 41 75 53
41 2 64 17
82 63 97 81
2 67 97 92
5 57 43 65
76 55 88 59
59 48 73 72
40 4 95 59
10 70 52 74
77 36 87 94
51 11 75 72
65 5 78 73
39 2 62 22
30 55 62 67
3 73 39 80
77 51 91 87
14 43 21 61
37 12 49 91
37 53 54 84
58 21 59 54
75 6 76 49
16 7 61 37
11
17 39 40 68
30 74 41 79
63 36 93 54
4 9 90 28
65 71 67 75
47 34 85 40
2 5 16 6
19 36 68 61
53 60 56 83
9 33 39 98
52 8 69 73
54
12 69 18 87
24 29 37 89
88 10 97 46
12 25 66 55
23 35 78 54
11 14 74 61
23 7 65 48
1 26 29 41
80 32 95 71
12 4 14 53
14 11 99 78
3 17 66 41
72 34 76 35
48 3 49 23
10 13 72 91
32 25 39 35
19 61 49 64
14 34 20 85
64 15 97 66
35 20 57 59
54 54 94 85
77 42 88 51
8 1 42 99
79 27 86 28
43 58 89 64
43 40 50 56
8 9 74 15
69 17 87 41
47 15 54 43
10 18 46 24
17 40 78 57
67 11 85 56
14 57 27 74
50 56 82 77
18 58 92 79
27 81 72 87
2 12 24 19
82 22 96 74
31 30 63 52
8 16 93 22
42 72 79 77
50 42 85 81
39 3 74 18
0 45 90 98
9 66 70 76
40 62 99 92
44 4 96 23
78 85 91 90
62 12 63 57
7 30 91 48
1 33 3 46
31 1 91 2
67 52 77 76
38 59 96 92
35
25 25 35 96
74 11 87 84
25 0 75 25
29 57 59 92
23 11 58 75
18 25 89 70
44 17 67 56
8 11 90 43
8 34 68 68
31 55 70 56
7 66 34 97
7 15 10 65
29 34 90 60
11 7 30 18
35 43 63 49
61 6 86 21
7 6 74 57
14 21 65 30
27 34 40 99
14 50 52 56
16 81 36 99
7 38 51 99
0 13 82 22
28 20 34 54
11 93 79 94
14 3 24 77
28 6 38 43
9 42 51 45
45 20 75 78
16 4 71 71
26 50 85 55
9 2 23 71
65 41 95 73
45 30 50 61
25 29 68 35
78
4 26 77 97
23 27 68 82
50 1 54 91
24 0 28 61
17 26 22 95
73 34 97 59
4 28 54 91
5 82 20 83
10 24 31 33
13 8 58 51
9 23 95 67
75 2 80 85
50 36 63 93
4 60 71 99
51 25 79 85
61 71 67 72
47 5 56 51
2 69 13 97
73 68 88 75
12 48 23 76
12 25 41 97
24 4 57 35
61 60 89 74
31 8 45 78
35 14 59 53
63 1 75 63
76 36 84 40
16 59 85 78
76 29 84 60
16 77 64 85
46 5 51 77
8 25 66 48
54 29 91 43
44 55 45 72
13 80 43 81
39 75 59 81
36 79 62 87
8 52 72 70
0 12 58 24
1 8 60 66
3 0 95 45
24 92 52 95
72 64 76 89
39 33 71 35
64 27 74 46
17 73 80 90
66 17 85 97
64 32 77 67
12 11 32 64
3 28 12 57
46 69 92 88
55 49 75 83
47 19 63 43
85 16 92 77
27 51 85 62
18 43 95 83
54 10 99 79
88 11 90 87
51 26 56 34
17 11 27 80
31 75 75 76
5 29 43 60
43 32 63 34
17 38 75 81
70 58 91 68
32 81 45 83
15 2 62 85
17 89 65 96
16 45 24 60
41 21 57 29
55 36 61 84
69 24 75 45
3 24 92 61
8 1 94 62
55 20 99 22
11 16 69 80
40 71 61 93
22 35 92 81
66
47 23 92 24
15 5 92 37
0 92 93 94
49 14 52 74
13 21 37 81
90 17 95 35
9 66 57 90
8 44 10 57
32 0 67 60
65 83 90 99
29 17 91 95
21 30 31 96
30 59 51 94
76 25 81 86
28 53 43 91
35 36 62 55
15 79 89 94
14 32 45 37
50 33 84 43
73 6 82 24
65 12 70 93
31 52 89 84
37 30 43 60
48 51 85 89
68 42 97 52
31 39 37 82
24 16 25 50
22 6 75 39
70 11 84 97
49 16 95 44
27 76 28 84
66 64 87 84
17 54 27 86
45 10 69 46
26 0 97 69
76 24 91 98
10 75 73 76
19 57 44 72
0 81 94 98
18 32 63 66
5 45 38 74
55 34 72 83
34 21 52 80
79 71 97 78
46 41 54 50
22 17 50 44
16 22 78 79
11 46 41 96
72 1 93 48
34 36 84 96
17 15 18 21
86 5 99 48
55 39 89 84
2 18 36 29
49 14 51 44
10 3 90 12
3 62 13 97
11 29 33 90
11 2 96 62
50 35 67 91
19 21 83 74
3 6 91 19
51 40 85 47
2 65 52 93
8 5 14 19
47 0 48 58
3
5 20 44 31
39 13 51 96
16 50 31 72
17
56 26 75 87
19 36 34 61
78 79 94 93
45 41 98 98
43 24 52 47
4 53 64 74
77 2 84 77
18 21 46 87
74 61 99 74
35 66 97 70
50 43 59 48
47 4 85 89
3 42 13 60
65 46 68 77
7 5 48 49
78 15 88 18
76 77 92 80
100
25 46 49 69
6 13 57 50
49 43 68 95
8 28 11 38
93 9 97 95
9 2 83 27
72 9 80 50
60 4 78 52
25 10 50 59
12 31 72 61
4 40 78 86
21 14 76 67
61 38 77 73
66 7 75 97
47 26 68 38
82 29 90 92
51 55 91 59
16 20 42 75
15 36 58 72
3 20 91 35
8 36 59 64
13 25 95 61
39 5 63 64
45 36 49 73
84 0 91 26
46 42 75 59
31 56 83 74
47 52 91 86
2 6 88 16
29 35 31 46
3 44 99 68
32 52 93 77
3 31 4 75
34 1 73 69
57 1 96 56
42 43 53 45
49 32 61 93
28 80 78 90
10 33 76 55
84 9 85 41
72 71 84 87
40 49 41 97
50 36 54 96
31 55 93 80
0 6 64 81
48 10 61 94
27 12 65 89
53 35 98 49
6 77 88 80
30 29 75 46
35 32 77 66
88 40 99 71
21 15 77 26
10 34 88 37
2 54 24 74
9 44 55 55
76 15 85 60
14 1 89 6
19 66 39 79
19 19 89 70
86 93 97 96
33 55 79 85
30 35 39 47
43 28 44 91
40 19 59 73
26 17 74 29
47 45 96 89
8 2 16 67
12 5 98 44
42 82 99 83
19 14 81 81
73 24 94 32
43 21 57 34
15 62 38 83
3 86 28 96
6 11 98 70
14 11 68 48
32 3 45 14
47 26 69 72
4 45 50 63
19 13 97 64
26 9 96 77
73 30 96 54
24 24 93 62
25 56 72 91
5 4 11 70
48 32 77 50
95 33 96 44
8 14 47 95
24 72 76 87
69 14 78 98
28 54 74 98
7 2 45 53
7 18 75 23
3 50 73 84
47 21 69 68
64 7 87 63
87 15 94 40
38 64 82 65
20 10 63 17
17
70 20 91 40
27 15 43 63
40 61 84 94
41 48 49 53
69 9 95 12
0 17 1 62
44 55 89 64
23 7 27 97
27 6 90 14
21 33 29 70
79 5 83 72
58 27 73 32
37 20 97 49
66 79 82 89
53 8 86 81
15 9 30 94
0 5 23 72
7
21 26 37 27
10 62 37 95
35 16 92 55
53 41 89 94
48 67 59 68
34 63 54 81
63 28 87 36
81
1 71 44 94
31 80 81 93
17 33 80 76
20 61 39 87
73 45 77 85
33 14 52 92
27 15 78 55
36 50 54 66
21 89 60 91
21 38 37 55
24 4 83 17
5 15 17 34
0 42 31 86
35 62 52 83
51 57 69 82
8 8 48 57
47 29 52 68
36 20 59 89
58 15 76 35
2 2 49 45
88 75 89 81
37 67 64 93
25 24 75 58
16 33 32 63
14 51 83 84
23 42 25 84
29 31 99 51
34 1 48 36
63 74 82 98
66 0 67 43
11 27 19 91
76 3 90 90
88 13 93 73
49 68 68 97
19 1 29 68
2 15 56 84
34 20 41 61
4 0 72 83
10 71 43 75
62 18 78 52
78 7 84 98
76 33 95 95
15 36 34 76
43 72 72 85
44 7 46 16
52 2 59 55
26 14 77 55
67 40 74 97
48 24 95 58
43 30 71 42
18 14 71 87
11 55 99 91
23 61 50 97
16 27 99 28
42 43 84 61
10 10 35 83
20 5 59 15
45 31 99 70
37 33 70 64
7 9 88 36
34 63 70 85
14 33 91 39
34 50 46 69
12 32 53 56
13 12 99 64
35 17 47 97
50 20 61 72
60 46 81 90
32 51 54 97
42 76 82 98
46 28 48 60
36 49 44 51
15 63 61 95
32 5 92 48
20 33 25 35
25 6 79 31
10 52 28 63
61 10 81 61
21 26 90 27
30 17 75 97
12 5 13 89
38
10 63 45 80
57 43 88 47
9 38 74 89
69 13 99 80
70 13 94 73
3 4 34 49
24 1 69 13
3 10 65 26
42 65 89 78
8 52 77 82
41 10 72 86
42 24 99 46
19 23 37 65
14 23 27 90
4 93 76 96
4 59 23 64
24 84 42 98
50 43 66 71
6 61 9 91
7 0 15 52
65 26 75 31
1 3 22 29
23 26 51 78
37 13 91 79
29 32 97 85
57 15 75 18
6 21 79 33
34 38 73 51
65 18 83 49
0 5 4 7
34 72 83 75
6 25 85 35
62 71 67 82
90 4 97 95
77 14 80 69
8 25 66 51
52 1 95 8
6 41 15 95
23
28 13 49 26
50 16 89 84
81 30 83 60
2 37 11 72
32 18 67 77
22 9 95 96
4 30 54 52
45 47 74 48
60 55 73 62
46 6 71 14
27 29 89 80
53 36 69 52
6 37 29 77
46 3 73 28
7 56 10 80
27 33 55 40
2 28 88 59
18 1 95 74
55 2 81 7
39 40 59 61
17 97 98 98
26 43 52 88
23 50 44 59
93
81 42 99 80
27 92 97 98
31 1 62 69
8 33 80 69
20 21 72 22
38 17 48 81
56 36 69 80
33 7 72 84
1 5 16 98
50 12 96 95
34 27 96 57
26 14 61 85
7 26 35 46
15 7 59 36
16 16 96 81
17 76 75 89
75 34 94 96
9 23 29 78
35 43 51 64
1 13 9 97
23 27 60 61
64 16 68 82
50 25 97 80
54 16 69 67
1 81 12 82
4 7 12 73
68 47 71 78
61 25 75 73
0 6 86 50
23 35 84 64
12 66 97 72
34 66 39 92
47 4 75 99
11 41 72 87
71 0 87 35
25 46 60 98
4 32 48 77
19 27 94 91
9 84 52 91
36 44 50 50
43 63 54 67
50 17 60 89
41 12 52 31
10 29 29 66
14 15 44 90
81 33 94 46
69 72 90 90
22 26 86 81
49 28 89 91
33 9 45 98
62 74 93 75
56 73 93 89
40 34 79 70
55 25 81 60
2 23 97 89
1 71 70 90
33 48 51 71
33 66 46 78
52 61 93 86
27 26 86 60
12 6 82 38
15 20 18 45
61 64 68 69
11 38 87 84
55 40 86 45
18 8 63 85
46 23 47 84
10 66 83 73
56 22 79 49
22 71 68 88
58 74 87 83
12 69 19 75
66 50 67 82
35 33 90 86
9 37 17 44
10 79 62 94
43 18 54 74
41 28 62 65
1 20 54 21
42 8 47 18
42 15 69 56
42 33 53 62
22 11 58 84
78 69 91 97
39 74 71 81
9 33 91 92
6 48 65 64
8 3 82 12
60 32 79 51
46 54 84 58
42 5 65 8
5 65 26 73
46 28 47 38
63
8 24 68 83
48 12 58 16
44 27 76 62
11 28 74 80
45 32 75 69
58 6 64 37
36 75 63 92
6 26 74 82
9 9 58 74
22 16 42 18
30 56 46 66
36 9 94 21
5 34 31 47
40 3 84 63
47 65 91 72
98 8 99 53
17 21 79 57
25 8 92 91
9 56 64 90
77 53 99 82
29 35 87 79
34 41 98 65
6 82 37 88
35 57 48 67
66 65 88 92
0 18 9 32
22 16 74 74
56 4 69 56
35 38 91 41
3 22 83 93
4 41 81 91
58 65 99 81
9 7 98 99
31 54 78 61
28 4 78 99
8 36 60 51
74 30 93 43
17 21 23 76
17 56 65 68
86 23 89 87
74 6 95 95
9 73 12 87
38 40 77 90
28 3 41 46
33 34 42 59
10 8 81 80
16 5 48 46
21 34 44 96
54 39 82 91
30 66 64 94
58 68 84 86
15 25 89 57
12 22 16 74
2 2 34 49
7 3 47 69
17 4 89 71
43 60 62 71
6 44 37 47
13 28 33 42
37 23 67 79
49 5 54 84
7 8 86 54
11 1 75 46
51
44 15 45 24
4 57 39 83
63 5 96 51
25 60 85 76
13 56 61 71
62 45 78 71
34 82 84 84
60 56 84 87
12 29 72 51
34 2 39 28
32 69 60 83
29 25 59 37
93 42 96 56
79 24 88 26
6 13 62 22
1 65 79 90
68 3 71 10
65 2 83 15
84 25 85 97
22 7 62 65
8 48 63 70
48 10 72 42
8 61 85 78
20 16 26 91
2 54 19 94
48 19 70 86
44 6 83 58
65 5 72 32
27 75 80 81
75 52 85 83
82 54 96 70
38 22 45 57
12 17 68 99
18 14 55 34
24 38 40 64
95 22 96 90
23 76 49 98
34 14 80 86
9 30 68 47
5 66 57 73
17 21 42 88
54 47 55 97
12 79 87 82
21 44 56 60
37 57 42 69
36 5 44 28
52 56 59 64
74 61 89 92
32 84 82 89
33 21 37 86
17 1 55 38
62
12 21 50 82
65 5 77 72
8 16 64 70
75 36 91 80
22 35 71 58
67 5 91 60
23 12 49 50
12 32 68 61
53 14 96 73
78 46 86 71
63 68 93 95
27 1 57 54
59 8 89 28
13 38 88 51
15 83 40 88
2 4 67 98
19 5 71 21
44 1 52 37
58 15 96 76
21 10 77 15
70 35 95 37
73 3 88 83
24 26 39 66
24 6 70 89
47 23 79 47
13 51 48 97
18 39 73 71
38 50 49 85
20 19 39 27
54 30 83 46
12 74 56 82
72 12 80 32
79 71 87 80
22 40 29 52
75 2 79 13
4 44 98 80
23 57 51 71
17 29 88 58
11 65 32 96
29 35 30 60
58 16 92 80
21 21 72 96
10 3 75 80
35 38 76 60
83 0 96 51
10 36 29 94
11 13 32 93
26 39 80 40
9 18 71 30
26 44 40 67
99 35 100 88
1 75 73 84
79 21 85 41
35 42 57 66
11 92 55 99
39 0 83 81
0 6 30 92
2 2 59 9
37 50 97 59
86 62 87 65
58 24 84 41
35 46 90 54
46
84 24 91 98
24 39 33 85
42 68 67 76
26 44 80 91
33 28 77 47
15 39 31 95
53 25 82 99
60 51 96 88
76 19 86 33
18 37 58 52
66 52 73 53
44 81 48 92
20 73 29 88
27 12 68 74
25 50 37 61
1 22 49 35
6 25 55 29
14 17 34 59
12 70 69 80
3 8 72 45
33 54 85 84
28 64 97 86
26 5 36 75
63 86 79 90
19 5 63 21
38 60 64 78
30 28 58 83
80 22 88 33
70 65 76 67
29 7 53 56
35 90 61 93
79 50 80 51
9 62 71 95
73 73 74 83
54 42 66 56
41 11 64 98
63 45 78 92
48 10 52 84
55 6 74 39
9 13 89 34
29 18 75 54
38 49 44 98
57 56 92 98
10 57 55 70
1 40 67 50
12 50 24 72
12
1 8 67 53
18 14 35 36
41 42 80 89
79 30 99 88
23 32 43 49
33 52 59 65
33 57 76 83
68 62 95 79
16 5 87 21
87 28 94 51
70 26 92 72
57 21 60 80
72
55 64 82 72
57 33 97 34
63 14 80 94
81 4 83 43
11 14 44 39
6 11 85 72
20 30 95 68
39 49 42 52
16 66 22 74
60 23 99 79
46 29 69 79
74 37 85 51
42 29 51 79
54 10 90 49
69 63 92 87
15 32 36 61
35 10 50 95
42 1 71 88
69 7 80 40
43 37 44 54
16 48 36 90
10 2 91 59
22 12 41 89
73 8 74 78
40 23 56 82
24 57 70 79
16 39 71 67
46 34 56 60
60 22 76 73
77 19 84 58
31 5 47 18
13 21 96 89
71 21 96 22
0 24 78 94
33 31 91 94
6 19 17 47
41 8 72 93
12 18 66 44
37 66 49 85
39 14 74 35
56 40 88 98
64 77 92 86
9 7 32 91
7 26 10 79
40 51 72 84
22 6 80 11
24 63 96 81
48 23 99 36
21 13 28 55
90 26 94 45
17 51 52 59
30 2 91 79
83 5 86 31
16 14 89 19
0 48 77 64
36 28 87 60
25 30 36 65
8 14 10 16
19 26 74 49
3 17 5 40
45 89 48 90
3 13 61 61
62 17 78 33
30 49 61 98
63 25 79 55
23 43 40 88
44 23 66 66
64 48 83 83
72 51 90 61
12 5 75 76
22 74 61 75
24 4 25 88
61
55 66 83 95
6 72 13 78
7 71 23 89
13 66 53 90
41 64 62 90
28 55 51 98
73 77 80 78
37 9 54 20
5 21 86 92
16 70 99 74
59 23 97 64
13 10 31 28
18 3 74 24
23 22 58 48
0 38 25 54
10 63 15 97
36 72 41 87
14 2 43 58
33 11 67 47
22 50 27 96
26 45 51 49
49 9 67 19
25 10 99 75
59 41 90 78
65 0 66 8
58 79 63 92
91 13 92 82
32 18 61 58
15 13 60 35
6 9 74 26
36 26 88 32
4 47 25 90
47 22 51 58
1 14 2 44
9 45 96 80
63 23 90 30
36 50 65 62
12 48 88 72
27 28 56 81
23 31 75 75
33 7 53 74
3 35 88 84
16 65 80 95
25 7 88 76
9 43 90 73
67 23 74 31
56 1 59 35
62 38 84 79
54 42 97 95
79 52 82 62
9 47 69 57
54 16 85 86
81 48 89 76
7 63 23 66
53 49 64 79
39 65 59 67
59 44 62 88
58 62 92 90
19 19 38 44
6 39 60 57
33 50 88 92
66
11 10 30 43
2 31 16 83
22 19 46 62
54 42 78 69
7 16 53 24
82 45 88 51
30 22 64 66
10 73 31 74
16 0 84 13
36 18 44 70
80 34 89 68
28 35 89 81
3 91 58 96
88 15 99 40
62 24 81 70
44 13 98 29
26 23 81 66
37 17 93 26
3 32 46 74
61 35 65 64
8 23 83 35
2 78 64 96
55 63 67 84
92 53 97 75
50 8 71 26
87 96 95 99
70 83 83 85
47 8 73 48
24 7 95 88
4 23 18 98
82 31 86 73
58 31 78 50
9 4 10 61
55 49 57 79
35 38 62 60
39 61 68 63
3 25 69 64
0 21 14 96
47 77 79 86
69 37 79 78
35 7 50 90
38 26 91 90
38 20 81 52
14 7 35 35
12 37 23 38
11 10 85 12
50 20 88 64
50 4 53 67
9 1 63 85
27 2 76 9
6 20 81 66
7 0 25 16
6 17 37 71
80 22 83 86
6 43 38 68
35 8 47 45
46 63 94 70
17 23 31 25
43 12 96 20
20 55 80 86
27 9 55 62
48 21 83 35
3 6 65 91
15 9 88 64
31 48 79 86
63 14 72 59
27
20 75 58 79
52 44 54 61
45 17 51 87
17 18 42 76
43 0 83 85
31 4 73 11
35 1 75 80
4 24 27 34
51 17 65 37
79 6 81 84
23 44 75 76
20 18 94 30
3 15 30 29
19 6 40 13
7 67 93 97
1 67 21 86
23 25 36 56
41 10 83 15
54 38 91 64
68 27 82 38
42 50 67 62
63 57 68 59
27 76 54 80
47 28 62 86
5 36 94 88
51 35 98 95
33 4 52 34
32
53 3 74 24
66 3 91 88
30 23 56 84
30 10 99 11
10 37 15 46
31 55 49 67
19 57 53 96
41 5 81 34
30 15 37 73
55 4 76 11
48 58 79 61
69 47 71 79
77 15 84 38
34 26 93 98
8 53 23 56
11 49 91 93
16 28 66 71
82 64 84 95
25 22 53 82
29 13 53 49
81 30 87 33
9 15 31 84
21 32 40 39
25 31 40 56
12 43 27 96
12 62 38 92
44 26 66 90
91 20 92 78
2 63 63 72
40 61 47 95
86 40 93 79
23 35 35 70
14
4 77 15 84
48 48 73 90
14 86 81 99
41 12 43 15
55 4 75 22
4 44 61 68
13 40 19 83
27 7 49 42
43 53 71 91
34 67 53 97
6 15 48 91
7 7 79 47
29 7 51 14
3 42 83 96
35
23 30 62 32
25 38 33 56
28 68 91 77
2 58 25 70
49 17 64 63
67 42 76 56
25 74 38 80
15 53 78 74
35 29 58 91
29 60 85 65
28 20 42 31
1 47 30 68
10 2 37 13
11 49 55 77
4 33 81 34
59 17 87 48
29 15 60 22
80 62 82 89
61 43 93 75
42 32 95 46
1 5 97 12
13 4 34 38
37 48 72 94
65 24 95 59
33 67 91 77
18 72 30 79
75 75 99 94
22 17 26 23
22 57 87 75
47 0 79 69
17 41 94 72
31 17 66 35
12 31 84 57
62 32 81 66
26 37 42 64
0
