7 302003
6 100254554
10 86547374
7 2
4 133003
8 6155531
9 5
4 002012
6 4343132
4 331203
7 4241122554
8 0715761
6 421
6 51
8 51326
10 4881289
9 1722
8 6507575
7 20
8 2120715
5 434123001
6 305
6 3
5 03423422
9 2031815555
5 3
6 3505111231
10 5163977
7 15
8 374
7 1
4 233020302
7 05365
9 212725
9 105
7 01
9 88883
7 6013
9 356111
8 725252
9 16
9 1083
4 1
9 1801175
7 6050
9 27174761
10 701809
6 202505
5 110110
5 3334004
4 223
5 4314134
8 2672
8 43
9 1303
7 3603206665
4 0303
7 635014460
5 312
10 505
8 61
10 516
10 9066297
8 4264
7 1645612
6 5442453
10 69469106
6 0003234
9 8
7 6430
10 5
5 2011441
8 340
7 415030123
7 3632624543
6 42403253
6 0305411521
6 2212345115
7 6440304614
9 1177776810
9 812
6 24155
9 684
9 830
10 644718219
8 20
10 96
8 42013
8 2565
6 055133454
7 625106034
5 02
7 3624
5 221
5 03021
9 656852
8 7
7 01432333
10 3494575
8 400047255
8 7455526711
4 2122313323
10 4507779
7 4656
5 431303
5 00012
9 7
7 60
10 1473304668
8 14463141
9 733
10 558806105
10 866723
7 66321256
7 056230211
9 200806
10 6437
10 8546
6 01
10 38
10 87921879
9 881427
10 37
10 2
9 674
4 2
9 672280
8 6305273363
7 344222
8 643
9 7645457
7 2114
8 1477
8 625762
7 4403
9 5323406
9 57080641
5 33241
8 456
6 14
6 150514
8 2074
8 5414
5 1013
5 2032303323
4 33
9 732
6 131
6 005
9 760
4 02
10 97388
6 54020
5 14
7 0602
8 6372
6 2
7 100112465
8 10401
8 770372
6 1
7 31642245
9 868
8 1753527
7 014421512
9 4603
8 60103605
8 046450435
8 6
6 2152
6 44
9 405
9 586
5 2324
10 44886232
8 5
8 31
10 13437
9 524320444
8 443005535
10 5040492916
8 065265103
7 6
5 2442
9 4325
6 0045
6 423
10 122883590
7 32133
9 0425
7 03
7 30105
7 02015020
8 62
9 71758756
9 4824
9 6040253551
9 4855
10 8
5 222
8 4522524236
8 5323
9 7854805748
10 72261
4 1110
7 46
9 2
10 873234422
9 78066
8 11726
8 0136726520
9 03024
7 5
7 6661
10 181270740
10 9
9 270601512
7 3
5 4020420200
9 7582051
9 08
7 3021
10 12
10 762231
7 044
10 2965
8 2615566217
8 1554326515
8 4
8 2
9 65343156
8 2660
9 4474584
10 0531433
10 1198168
9 1
6 133151121
7 31441544
9 3482
10 1349
10 315972593
8 47077062
10 235090
9 23203
10 1
6 35205
9 483214
8 6445226373
9 427162054
5 1
8 30224
6 2300
7 53310650
10 001
9 13730
6 3514314
10 49
7 41202
7 21500323
9 0447334
10 6
7 3121151342
9 0717380401
8 37332
6 0041
6 1231123
10 6876794132
7 44240404
9 663577
10 752
8 6453
10 41
8 216
5 040
9 4
6 54350005
10 68
8 6524036673
6 323
10 85508
7 52025611
7 3333660033
9 6465405
8 073714336
9 672612
7 50
7 4
9 446
6 11041231
5 32
5 10141
9 65
4 21122111
10 25901
8 3715
8 400376162
6 53534
8 3
8 467
8 06672212
10 6035
10 90807
5 4112
9 46052
8 445031747
6 10015
6 53
8 527412
7 50420220
9 22463038
10 7746439186
6 30
7 34216
6 4222
10 3
8 1167
7 013
9 0361816138
10 15992117
10 5381
10 0944
7 2533
8 31253
7 060432460
10 5214796559
8 30
8 1143114556
4 313
9 687054443
10 7
10 4575
10 9383
9 38005731
9 335318
9 302474154
8 31166
9 646235
6 5
7 66216
8 7566
9 818
9 7516736084
10 455817753
9 3483
6 31413413
9 3721
10 0385061
10 5857535394
8 4077300
9 502014
6 20
7 622152
8 773
9 83871
7 1154101
10 142
10 2845706930
9 62152112
10 446682
8 724
7 21
6 53223
7 31
9 7442557556
5 444
8 333025714
7 526
9 124553261
10 11103849
10 4
10 265
10 691
10 671099
10 13122
9 748
10 8805148074
8 6256745
9 254521
8 10
10 5264556
7 411
10 4482
9 221
10 89
9 702086738
6 0053531
9 7855386038
6 1410314
8 37147
9 13235
10 690876063
9 783
9 1370052
9 841430133
9 634
7 66120
8 6736313023
9 27420
10 1524
9 3587
9 6
10 091
6 1052012
9 8188361
10 79878
9 5222
9 7211510
7 26
7 65060515
8 366761
8 1
7 32356632
10 476778
9 402
10 3537
9 0136231
10 15042314
9 132
5 43344
8 10730
10 0052083267
10 63792225
10 2434255
8 2752215
8 243
9 324718221
10 85
8 67235655
9 75
9 184
7 363135
8 533176030
10 47702
7 045465042
9 8612576
10 2372073565
10 467
9 6336826740
7 2611013
9 0646
10 036743
8 05236205
9 347
10 354
8 577254
10 75176
10 229974
9 88305
8 4400566122
10 7312589301
9 6077784
9 5731
6 544
10 930061
9 11011118
7 32
8 574213
8 7407510714
9 2881773101
8 5660
10 6528647712
10 099433089
7 14244166
6 154
8 34306646
10 05589743
8 641410101
9 465
10 15010333
9 8528381813
10 6959
10 1137655683
8 063676234
10 5312959112
8 4477723627
7 433230
10 774
10 345645
10 0798372
9 2076
10 60
8 40774
8 624416
8 216262014
9 6530
8 60
7 30362
8 64624724
8 152
10 675
7 340014
9 0353454450
9 584856
7 01211
7 0423466341
7 512
10 15
8 07
7 064
7 12235
6 12033000
9 48612738
8 2034366
10 42975
7 211241344
9 342755073
8 4534432
8 4265000
7 4115506
5 31
7 3450243
10 3376817898
10 06077362
10 228
7 146
9 370
9 775071703
8 7353767307
10 39
8 6020134
10 1487422
9 751
7 46061
10 55534700
7 2325543
7 266334205
9 3858884314
8 53
9 5651
9 445
9 21431
9 538832
10 600422773
10 717451347
10 57012
10 5223
7 56
10 579
10 1227
9 8663035034
9 162
10 669625305
5 03
8 511
10 343256922
9 1847
8 0471561553
8 12
10 285226
10 95033391
6 3011
9 0175268218
10 947
8 5540156170
10 5285
9 7035
10 0333958
9 651126313
9 7843
6 0442
10 05678179
10 172138
10 503796
10 667223
8 4302444235
10 92078182
9 01802
9 724571832
9 04
10 6034
7 014
10 0105
10 7944500847
8 23
8 1731615
8 173
8 123
6 2445
9 40847
9 58257
10 59151875
9 0711
7 1454
7 0645
10 73748785
9 71566837
9 42257050
8 471770
10 614
10 2115261
9 8030015356
8 3524301
10 24474858
8 635
10 247514
10 53260
10 9895039376
9 1366
10 761633255
10 422
9 58763
10 942362
8 270551524
6 55315
10 082511824
9 4677573658
9 535
8 63
9 14603853
10 146429004
8 14
8 6132163
8 05
10 3508643445
8 053
6 04
10 9120249027
10 944472926
9 3226
9 53136118
8 356672163
10 45
10 90562
9 6700211
8 037252
9 8603177
7 346
10 6416653
9 7164602
9 8005
8 36074457
8 214327
7 23661
10 27706
8 6114275306
8 05755
10 662
8 040750
9 528878233
8 7051
10 366472
10 8007790626
7 462
6 1420
9 84
10 92223
8 234407
6 34
9 5668740
9 812042
8 6646757
10 8498
7 610462114
10 57155
8 4443310
7 5355
8 67
9 6320882
10 9590
8 574
9 74577206
10 0404
9 8744616662
10 267142316
9 6882
8 44261733
8 47304017
10 069798
9 8366821
8 7214
8 50015
9 7327005
9 0341
10 63451932
10 7766395451
10 3360
9 18500
8 4562013166
6 21
8 334177157
10 5125891
10 95
8 242
8 0365
10 450044
7 425
10 5270542
10 895
10 2249
9 1004604
9 13
9 6432
8 4275621732
9 67
10 8386
9 4424
8 63674
7 6613
7 6323
9 33
10 266135
9 082753
9 4712704
8 77000710
9 772
9 3573
10 260928
7 341564
7 360354
10 42368128
10 08
10 176315774
9 802845164
9 16824
10 341238986
7 0435
7 0551
9 66866728
8 614144
9 1406648
9 287
10 8978024
9 16667
8 066716013
9 1428015
10 868066813
10 9223026787
8 0645
9 80486
10 57
10 0488455
9 046423
9 00373143
9 58
10 4732868614
10 6139120896
10 1930
10 59451
7 431414050
10 4526954
9 71
10 9551
8 4056304631
10 5416338111
8 20056
9 550412321
10 73002569
8 6770526
10 08176
10 736
10 07430
10 3140771895
9 63487
8 535463457
9 707
9 1415623488
10 5247925807
9 1028113
10 20
7 3535464
8 46601017
10 908
10 26051
10 52
8 54001
10 0435
7 0620520
9 334
10 5042118879
10 36809
8 506512510
10 3041
8 6714437134
10 33508
10 0828380
9 1244
9 8561
8 71160
9 6442612037
9 73116711
10 973760
8 0207
8 52
7 434
10 09854985
8 5051660275
9 740503
10 3685696
9 28
9 02
10 726
10 913
10 6118942
10 65087
10 41576
10 8948505814
8 01225
8 7553722034
9 38154045
8 4220
9 55082032
10 765276
9 1567647530
8 57
10 520299
10 3990743
9 854055
10 068271
10 4717
9 2474555
10 7803
10 305
10 331494046
8 534
9 411
8 23023066
8 14036
10 4397
9 2070
10 407730110
10 865124
10 85012
10 7112869036
8 1127641607
9 65535745
10 71433625
7 63
10 517467084
10 9815583
7 520
10 02215
9 540873
10 772106
9 4066458
10 9236319
10 750105
7 552
10 442240
9 334835
6 043
10 43
10 64
9 415
8 64
6 5522
9 527114
10 49616
10 592119669
8 035111
9 78
9 563064182
10 6591641
10 740
10 7760860511
10 0893
9 106
9 0808063
10 8013
7 0642
10 27071310
8 5771
10 43732
9 2410
10 7637281
8 3036
7 032305
10 4122046777
10 1397475
10 7611332294
9 3582734
9 671328
9 0561
10 75479721
9 47
10 2620240
10 5763450037
10 315
10 99633034
10 279212
10 94502678
6 11002
9 1002
8 22165
10 3042049
9 7810
10 98583571
10 850887
9 37660
7 561
9 6852083072
8 3770773
9 54625
10 38382
10 928
10 47170881
9 215764878
9 2548881
9 561732331
10 392179
10 7481266
10 983611
10 56
8 30762
10 3876788
8 156
8 40
10 26602546
9 5524
7 45533
8 20466
10 7195340146
9 3084
10 2143
10 570
9 062336317
10 29
10 09
8 733333053
10 21866
10 81883257
8 234602555
10 491324
9 84220
7 365
9 8844886341
9 36248273
9 836
9 512
10 601365343
10 836597171
9 1661240
9 835
10 63655
10 9715
10 557927975
8 23230
10 94718307
10 51748
8 564652
10 33992477
7 5544462
9 815035
9 60034388
9 382
8 7747
9 7160685808
9 600
10 20078011
9 756676
9 3612608
10 2034267190
9 2145138115
10 3043
9 756313
10 097015
10 32122922
9 7800
10 537436
9 31135
8 72
10 2867630
10 24834982
10 84392047
10 78
10 5877729792
10 6793699192
10 32
8 62075464
9 827525464
10 718222
9 067826121
10 8630
9 4458422386
10 54878755
10 759665680
7 511146
10 997782368
10 8766753
10 6901
10 749577
9 47325717
10 850558645
9 6527
10 018098
10 65833
9 258548
9 453374
10 4863
9 6143724534
9 366
10 35
10 408638
10 8070
9 650508
10 06857621
10 615077624
10 9749933141
10 68441
10 4673963592
9 14886065
