33330000
520440400
888858648
2222
3030
666
55
120012
44322
2220301
555555
765066507
44
5
666
9848
77
765066507
22220
70205250107
4022042200
500050
3
4022042200
1308532202202235
3333
52323000003
96965
555555
44344
1111
222030
330033006006
77
550
11110
3333
330033006006
66665335
727
6666
1331008800
1
8008005
555555006
71664664
18000080109
5000002
110
440000
222
4431
762
44344
1133000000
330033006006
3030
66006006353140
3333
50
666
56165
9060009660962
4624462
666651
52323
906000966096
4232400000
88
330033006006
5
4022042200
4400303030
222255000033402
663333
52323000003
52323000003
54321
330033006006
660006060800066
88
54
84666666
880880
9876
2200
9696
44344020440
666
500050400
222255000033402606
220000
663333
22
2011021100
62666626
7
20133300023100
74445
542044204044
7624621
321
540450405000
555555
3140000440
2011021100
77
66660000
80160648304884007
6664166
373733
660858165000885
8888
666651
22515306666660
6068668002200866
7476
888858648
1000
8888
9872
88
7
222
646466
222
6068668002200866
7270660066602
4444
4434463
646466
11442
74
765
44403304
603340440040226260
60686688044071081
4431
564454
44
500050400
2420742040
5454541
11330000
333300
3
373733
3
500050
770666000
2220
8888
520440400
44
66660602
762
22
621540042042000
44041010
223022303
1
666651
8866
727
441555042024
3333004004403364
366060000060
6440000036300
666
52
44
440440
88665
4242
8888
5
3
7444
44352033004000
30045450440
126402561012000096
366066105220325
6666
4242
55335335
500050400
44322
2288580030009008
3333
420200000000
33330000
55555500
2222550000
666
17666688
88
510233640466313140316
88
8888
22
6664625
523
4400008800004
6276
10
6666
22
8888
660006060800066
762
366066105220325
33330040044033
555555
6666
44720488802472002
9
570020110000
3333
4022042200
570020110000
880880
20133300023100
222
7236
44440
969252966
765
6664625
44
22
66665335
62202200
88
540450405000
9816
11
52323
555555
42333333
4444
72925232
7270660066602
90325200
3302203300
1
52323000003
44313342
7654463
44000017042624601
11
44344020440
3000202
660060063531
10
1133000000
543
4444
4022400000
20133300023100
33330040044033
666
555555
44083337084008
727
400010
22321
9876
4022400000
77335375
52525272
4434463
4444
666
440000
44
500050400
8888
46542430006044605
3232
58800008
621120060606
330033006006
6604406600
34100600660036003
62666626
55555500
4444
646466
4232400000
3333
440000
66665
222
52525200
7
34100600660036003
543
3
7464464
7270660066602
3000060000366
7800009
4242
2666465504665
740000303030
500050
5
5454541
40224000005
886266840866066000
9876
3000
666231
44
3
666
33330000
660006060800066
52525272
888858
4440009
555555
523
2046000000330033
969654726
303000
6664166
3
7535004004404804
7
74445
8888
80315313005308
88313351
77335375041302
666
66665335
5
621126
765
88
803106150080080880
74485888
3333
443
22313373
660858165000885
948858489
740000303030
42020000000015
2200
666651
7
3737338
5555040455
4444
3608528850368400786036725
62666626
8888
427424
2222
52323
3333
66626644
44
507074507030223
555555
66665335
804804003084900888
4444
525252
9696
906000966096
3212
88
5884508880848
7464464
55
10
522456246
4444
8888
22
8888
6068668002200866
500050
756680000080063
4404301
74341
55335335
68760096306076
3737338
57002011000037
40314013084044
6464663
621120060606
7270660066602
420200000000
525252
77335375
6666
900000
5000002
86338668
8888
55
570020110000
22262
606051006
666
1
663333
8888
420200000000
7
2631201100660
5040000000243
313113
3333
30300010
82285288206030082860
969252966
423252243
727
322432
82373324
888858
765
77
88
666651
366060000060
2404024020242
40266600046200
82686657
6636007260363600
7476
73688682002646602024
20133300023100
6604406600
3000060000366
366060000060
373733
44445
5424247
76565
9424
55335335003
5420442040441
2288580030009008
6600060608000664
77335375
54
9636060060003
880880
3333
7214322
545454105470
1102738208002
606006
888858648
804804003084900888
642462
54
6440000036300
804804003084900888
6664166064
646466
300000
88313351
96965
786858885
7244623064243220
22525232
7464464
4022400000
7444
663654645
882000009000
22000660007
6660066
740000
6664166
641022600660
533500000066
606006
330033006006
7464464
121
76565
44403304
33330040044033
84666666
1111020
4206330422226031
555555
5
70
66660000
555555
30322012
88626684
64400000363002
945252729
423111
55027320044033
3224325
5264022042642
11400606004
3333
222255000033402
9876
6636007260363600
8888
6666
7337003
31355357001371
366060000060
9
34100600660036003
8888
77
11400606004
744450003000
555555
222255000033402606
88313351
5
66665
55
44313342
55335335
66600664207224002
74445
52525272
22525232
555555
9
222
6600060608000664
62666626
60925200303632
333300
5
969252966
88
34100600660036003
121
828858888
9000005
3000
6068668002200866
7444
64741600044060
828858888
55335335003
90085808
66665335
3737338
42040024
765600561000660816
8888
36600696000050
7236
542424003234
882000009000
2802802200
88313351
440440
3000060000366
11400004
501
5040000090489008
322
765
7
322
54
4400008800004
88
5888589
17001
555555
5555040455
74485888
88665375
420200000000
44041010
6664
621252162
803106150080080880
5420442040441
828858888
666
52525272
3000060000366
687600963060765
66313311
663252165
4444
88665375
9696
50702250104450
5
2228044050128400125
88665375
55335335
666
803106150080080880
9060009660962400
44
666
50
546000084084000060
303000
4404
2492042400120000
9696
62666626
88313351
765
44445
9060009660962
77066671001
322052705
660006060800066
663333
663654645
44000017042624601
8008005
36303670507450
7214322
666231
627606720072
56147660642432202
50707
666
5070745070
77335375
50707
7624
7896007260960000
642462
42040024
88
222
7400003030302
443
6600060608000664
8404000000002
7464464
9848
40266600046200
7
4400303030
555555
666
6068668002200866
9000005
545454
42646666046675
444000
88626684
7624
62666626
7624621
740000303030
7680008070969
88626613
1244244
50101
55335335003
33330040044033
969252966
945654561
3000060000366
8008005
46542430006044605
22
5454541
921258882
9
42444
366060000060
540450405000
555555
52205440507220
5888589
9424
6604406600
313113
66626644
7654463
6666
8888
44
7464464
663333
663333
3333
663252165
2802802200532
4202000000001
70
77
77335375
88200000009688
666651
330033006006
8888
888000
663654645
5564866000408866205102
88626684
9848
55550404553
55555500
77682622
6664166
6600060608000664
88
74440800907200000020
17666617
366060000060
42020000000015
30000600003668
66960672306066089
405066000440
6600060608000664
7
5884508880848
603340440040226260
33330040044033
88
8888
88200000009688
900000
44445
55550404553
969252966
77
9
34100600660036003
888858648
66002250
44352033004000
6636007260363600
7270660066602
60600680107
6636
30000040
804804003084900888
86338668
7654463
770
88626684
74440800907200000020
31003333028
222000
663333
64741600044060
900000
5016060000601
525252
5454541054
540450405000
2222550000
3333
144858087000900828807
30000600003668
26102210202
30000040
7464464
58800008
8820000000
44
516886
606006
603340440040226260
73336666
9636060060003
702000
52
4444
5040000090489008
7270660066602
33330040044033
966858966
88
220000
6276
9
9848
660858885060
567654561
5040000090489008
52001
507074507030223
4400533500804031
24240200
2802802200532
525252726
110613750440040460
7
52525200
30000040
4400008800004
1260007200127200
7444
77
7080003
300000
9636060060003
545454
44
366060000060
34100600660036003
7444
770220
30000040
888858648
82885888800008
1260007200127200961
64741600044060
77335375
747654642
663333
5460000840840000607
5888589
2222550000
52525200
7535004004404804
1260007200127200
6600060608000664
9696
705
555555
2404024020242
84353333
440430
4444
6664
55
66646
52
77
9696
969252966
30300010
88
5564866000408866205102
945654561
744000
765600561000660816
900000
660006060
660006060800066
1800008010
40266600046200
1200003210
7
7472
4202000000001
8888
366060000060
222255000033
66600664207224002
74445
9696
84353333
88626613
55066011005
945252729
77
24040240202426
7444500030006
5
9636060060003
9272
9068584050968400006092
220010
220000
666
3004022430240
880880
5888589
58800008707
6666063700
666651
8206538000260268202
303000
66626644
8888
8888
4808048040484
88626684
88
77335375
9272
8888
9816
666
7270660066602
8888
666
4404
2464504020004656
55
555555
44604460662
606456963096465654
33330040044033
4444
705
203773730660620
222
900000
705030
8888
888852321
46542430006044605
9424
8404000000002
663333
86338668
88626684
86338668
55
4656064050001056
966858966
4202000000001
55335335
66365
9
52525272
223022303
804804003084900888
74485888
6664625
9424
642462
80315313005308
6600060608000664
8233
74
660006060800066
660006060
8820007200
66665
88660606081362311
1260007200127200961
88313351
30000040
77335375
9000005
9212
880880
663654645
55335335
727
66360072603636008
9848
74440800907200000020
8888
828858888
9696
222
72744040267454
88626684
8888
6068668002200866
30000600003668
88626684
74485888
7680008070969
666651
9876
786858885
906000966096
74445
77335375
546000084084000060
62666626
18000080109
66685856
88
77335375
8888
77643311
6666
5
6008044860480608
888000
660006060800066
765600561000660816
72645656402410567240
7444
8888
969654726
6600060608000664
