-1.000 -0.500 -0.000 1.000 
1.000 -0.500 0.000 -1.000 
0.000 0.500 -1.000 0.000 

-1.000 -0.500 -0.000 2.000 
1.000 -0.500 -0.000 2.000 
0.000 0.500 -1.000 -1.000 

-1.000 -0.500 -0.000 2.000 
1.000 -0.500 -0.000 2.000 
0.000 0.500 -1.000 1.000 

Case #1:
2.000
2.000
1.000

-1.000 -0.000 -1.000 1.000 
1.000 -1.000 1.000 -1.000 
0.000 1.000 -1.000 0.000 

-1.000 -0.000 -1.000 1.000 
1.000 -1.000 -1.000 1.000 
0.000 1.000 0.000 -1.000 

Case #2:
infinity
1.000
1.000

-1.000 -0.000 -0.000 -0.000 1.000 
1.000 -1.000 0.000 1.000 -1.000 
0.000 1.000 -1.000 0.000 0.000 
0.000 0.000 1.000 -1.000 0.000 

-1.000 -0.000 -0.000 -0.000 1.000 
1.000 -1.000 -0.000 -1.000 1.000 
0.000 1.000 -1.000 1.000 -1.000 
0.000 0.000 1.000 -1.000 0.000 

-1.000 -0.000 -0.000 -0.000 1.000 
1.000 -1.000 -0.000 -1.000 1.000 
0.000 1.000 -1.000 -1.000 1.000 
0.000 0.000 1.000 0.000 -1.000 

Case #3:
1.000
1.000
1.000
infinity

