6 0.12252173
19 -0.63238521
20 0.09041832
2 0.18798830
20 -0.13282278
0 0.00000000
21 0.25405329
19 -0.04101892
20 -0.03366931
20 -0.48810264
20 -0.38488445
19 -0.11723837
20 -0.01725866
20 0.02143100
19 -0.50240781
20 0.00172105
20 -0.51257969
20 0.19332044
19 -0.89979729
20 -0.57028459
20 -0.73504008
20 -0.55640337
2 -0.75935868
7 -0.54290429
20 -0.43261350
10 0.19292545
13 -0.58363877
15 -0.78478372
19 -0.42979886
18 -0.20759338
20 -0.26582954
20 -0.44488128
18 0.12702752
20 -0.34365023
20 -0.53912407
18 -0.09510080
20 0.21794182
20 -0.74121882
20 -0.81405901
19 -0.80703495
20 -0.87445600
20 -0.09806567
20 0.25571299
19 -0.46337570
20 -0.93340324
20 -0.81707078
18 -0.85329390
20 0.20809789
20 -0.63553479
20 -0.72544379
20 -0.87648489
20 -0.73402322
20 -0.92570063
20 -0.57115609
20 0.12940010
20 -0.74619008
19 -0.90657165
20 -0.44650120
19 -0.73279389
19 -0.60198897
18 -0.61623457
20 -0.58168375
20 0.02384271
20 -0.44788173
20 -0.96152578
18 -0.62278701
19 -0.35370614
20 -0.43730092
20 -0.28861172
17 -0.28509686
19 -0.01629574
18 0.13761216
20 -0.74518569
19 -0.46357906
20 -0.96380372
19 -0.88968313
20 -0.66452362
20 -0.17727050
20 0.18874327
20 -0.74582523
19 -0.59959649
20 -0.74097078
20 -0.20400818
19 -0.34578473
19 -0.42227512
20 -0.60728660
20 -0.50327567
19 -0.81113102
20 -0.24789340
20 -0.54176225
18 -0.15088795
18 -0.50992407
18 -0.10644824
20 -0.12586066
20 -0.69802895
20 -0.71877946
21 0.26126793
21 -0.51651209
20 -0.98991029
21 -0.62834245
