15 2 1 12
47 1 1
8 1 1
40 2 1 40
20 3 1 2 5
30 2 1 7
46 2 1 18
145 3 1 2 56
78 1 1
71 2 1 30
121 1 1
16 1 1
24 1 1
118 3 1 73 90
68 3 1 34 43
116 2 1 18
73 3 1 45 64
141 2 1 41
134 1 1
97 3 1 88 94
116 2 1 110
127 3 1 18 60
18 1 1
37 1 1
66 1 1
134 2 1 123
145 2 1 91
73 1 1
129 2 1 113
149 1 1
148 3 1 86 146
72 1 1
121 2 1 121
22 1 1
17 1 1
147 2 1 86
110 2 1 37
81 3 1 16 75
57 3 1 25 49
48 3 1 30 44
132 2 1 3
80 1 1
97 1 1
7 1 1
17 3 1 5 17
45 1 1
44 2 1 42
72 2 1 52
91 2 1 4
27 1 1
47 1 1
28 2 1 7
58 1 1
87 1 1
62 3 1 6 21
109 3 1 32 72
138 3 1 8 35
51 3 1 33 38
8 1 1
139 2 1 92
28 2 1 21
103 2 1 77
58 2 1 10
88 3 1 40 65
32 1 1
54 2 1 18
37 2 1 10
111 3 1 9 98
11 3 1 9 11
92 3 1 54 90
154 2 1 139
76 3 1 43 61
109 1 1
65 2 1 14
102 3 1 24 101
103 2 1 64
112 2 1 50
112 2 1 21
41 2 1 22
70 1 1
31 3 1 6 28
42 3 1 11 41
150 1 1
81 1 1
42 1 1
32 2 1 16
131 3 1 3 10
14 3 1 6 14
133 2 1 61
100 3 1 12 16
38 3 1 3 6
129 3 1 23 110
98 3 1 64 80
17 1 1
83 2 1 7
93 2 1 86
73 1 1
117 3 1 8 69
77 1 1
78 2 1 54
13 1 1
11 2 1 3
80 2 1 10
23 1 1
41 3 1 36 41
23 3 1 7 8
7 2 1 6
63 2 1 56
37 2 1 5
144 1 1
143 2 1 55
86 2 1 26
57 1 1
51 2 1 21
55 1 1
103 3 1 88 96
71 3 1 11 42
78 3 1 47 63
31 2 1 30
5 3 1 4 5
130 3 1 19 83
29 2 1 26
117 2 1 84
118 2 1 63
22 2 1 13
130 1 1
9 1 1
107 1 1
59 1 1
138 1 1
36 3 1 19 25
129 1 1
49 3 1 10 26
51 3 1 15 23
118 2 1 101
96 2 1 49
43 2 1 5
99 3 1 23 27
152 3 1 17 63
122 2 1 79
44 3 1 32 39
33 1 1
58 3 1 37 46
139 1 1
42 3 1 6 30
110 3 1 18 99
56 2 1 10
5 3 1 2 5
8 3 1 5 8
14 2 1 2
149 3 1 21 70
152 2 1 62
38 3 1 15 21
130 1 1
104 3 1 2 14
139 1 1
28 1 1
113 1 1
77 1 1
48 3 1 17 19
47 1 1
52 2 1 24
53 2 1 21
92 3 1 20 82
47 2 1 46
48 1 1
75 1 1
71 3 1 13 21
52 2 1 42
13 3 1 8 12
77 1 1
150 2 1 83
100 1 1
152 1 1
104 3 1 17 18
123 1 1
91 3 1 68 84
23 2 1 8
28 1 1
121 1 1
62 2 1 36
147 1 1
110 2 1 75
148 3 1 65 113
27 1 1
50 2 1 32
93 3 1 83 87
118 2 1 11
136 1 1
137 1 1
35 1 1
65 3 1 22 34
137 2 1 96
27 1 1
98 3 1 64 73
126 2 1 56
19 1 1
29 3 1 3 17
97 2 1 81
130 3 1 72 103
24 1 1
149 1 1
20 2 1 12
141 1 1
70 3 1 6 25
48 3 1 18 34
66 1 1
58 2 1 3
29 2 1 19
83 1 1
51 3 1 29 37
38 1 1
130 1 1
84 1 1
90 3 1 17 84
34 1 1
124 2 1 120
110 1 1
135 2 1 128
70 2 1 42
60 1 1
144 3 1 120 143
29 2 1 14
93 1 1
39 1 1
84 1 1
140 2 1 135
19 2 1 18
45 2 1 22
127 1 1
114 1 1
152 1 1
127 3 1 37 115
21 1 1
23 2 1 3
14 3 1 4 13
122 2 1 71
46 2 1 9
142 1 1
74 3 1 46 58
55 1 1
154 3 1 7 41
11 2 1 9
85 3 1 58 60
97 3 1 25 69
7 1 1
30 1 1
153 1 1
67 1 1
23 1 1
81 1 1
40 1 1
114 2 1 87
13 1 1
86 2 1 53
62 3 1 41 61
50 3 1 33 39
10 1 1
94 2 1 17
92 1 1
101 2 1 77
135 3 1 57 98
31 1 1
8 3 1 2 8
89 2 1 28
146 1 1
78 3 1 5 32
123 3 1 9 44
132 1 1
98 3 1 4 60
96 3 1 36 86
97 1 1
75 3 1 67 74
8 1 1
64 2 1 46
107 3 1 90 95
27 1 1
6 1 1
52 2 1 41
83 3 1 5 81
151 2 1 119
73 1 1
45 3 1 6 43
105 2 1 91
87 1 1
124 3 1 18 52
87 2 1 40
87 2 1 86
36 1 1
15 3 1 12 14
139 3 1 20 125
34 1 1
127 1 1
83 1 1
93 2 1 56
77 3 1 8 63
129 3 1 103 129
67 2 1 48
39 1 1
13 1 1
110 2 1 76
94 3 1 68 72
67 1 1
50 3 1 27 41
101 2 1 30
122 2 1 74
96 2 1 63
108 2 1 35
63 1 1
96 1 1
141 3 1 4 43
42 1 1
41 3 1 5 23
10 3 1 2 3
29 1 1
7 1 1
80 2 1 20
73 3 1 2 7
35 2 1 35
75 1 1
7 1 1
79 1 1
15 1 1
68 1 1
128 1 1
138 3 1 9 130
115 2 1 87
19 3 1 4 15
53 3 1 39 52
33 3 1 4 22
135 1 1
122 3 1 35 98
104 2 1 100
53 3 1 23 24
90 1 1
137 2 1 80
45 1 1
72 1 1
120 3 1 10 55
108 3 1 65 107
29 1 1
124 2 1 22
146 3 1 59 62
84 3 1 9 68
20 1 1
15 1 1
74 2 1 22
87 1 1
119 1 1
71 2 1 36
24 1 1
55 1 1
135 1 1
119 1 1
74 2 1 27
153 1 1
114 2 1 24
68 2 1 43
130 3 1 68 107
35 2 1 32
45 3 1 27 37
147 1 1
144 3 1 117 140
106 1 1
56 1 1
89 2 1 11
100 1 1
12 1 1
129 3 1 103 128
108 3 1 26 60
54 1 1
42 2 1 28
79 3 1 5 15
6 2 1 6
127 1 1
67 1 1
103 3 1 13 21
17 1 1
107 1 1
109 2 1 62
153 1 1
64 2 1 30
102 3 1 8 57
142 2 1 139
45 1 1
139 2 1 43
137 3 1 15 116
72 3 1 44 70
122 1 1
95 3 1 45 58
75 1 1
118 3 1 47 100
49 3 1 15 35
44 2 1 25
110 3 1 4 26
149 3 1 15 120
107 1 1
92 1 1
17 3 1 10 11
145 2 1 10
5 1 1
81 3 1 3 31
75 2 1 55
17 2 1 5
24 2 1 6
70 2 1 2
13 2 1 2
58 1 1
84 1 1
97 3 1 5 78
140 3 1 32 63
39 2 1 11
61 1 1
35 1 1
152 2 1 97
22 3 1 5 8
44 3 1 3 32
103 2 1 65
71 1 1
78 2 1 9
116 2 1 79
97 3 1 70 86
73 2 1 32
86 1 1
66 1 1
122 2 1 24
8 1 1
69 3 1 23 65
52 1 1
74 3 1 11 43
138 3 1 18 78
47 3 1 25 40
87 1 1
110 2 1 34
60 3 1 19 45
153 3 1 33 53
143 3 1 66 124
79 1 1
17 3 1 7 9
78 2 1 9
40 2 1 25
13 1 1
51 3 1 12 16
28 2 1 2
129 2 1 32
53 1 1
146 2 1 69
34 2 1 2
7 2 1 2
7 3 1 5 6
19 2 1 16
35 2 1 23
133 1 1
18 1 1
147 2 1 9
121 3 1 60 61
59 1 1
9 3 1 3 6
53 3 1 16 17
60 2 1 40
104 2 1 38
81 3 1 3 46
112 3 1 43 108
12 3 1 2 3
34 2 1 26
140 3 1 57 115
9 1 1
29 1 1
16 2 1 2
49 1 1
119 2 1 101
97 2 1 88
92 1 1
41 2 1 17
49 1 1
121 1 1
112 2 1 102
98 1 1
112 1 1
15 3 1 9 12
8 2 1 8
104 2 1 4
96 1 1
144 1 1
14 3 1 3 11
132 2 1 13
60 2 1 2
70 3 1 31 33
134 1 1
36 2 1 34
32 2 1 15
52 1 1
30 2 1 22
23 3 1 11 21
116 3 1 64 68
143 3 1 49 85
110 2 1 91
134 2 1 65
113 1 1
9 1 1
143 3 1 22 105
37 1 1
146 2 1 84
14 2 1 11
49 2 1 19
29 2 1 23
13 1 1
79 1 1
132 3 1 14 97
114 3 1 40 53
62 3 1 9 18
141 3 1 98 129
132 2 1 53
80 3 1 36 64
46 3 1 43 45
120 2 1 109
135 1 1
40 3 1 8 40
88 1 1
119 3 1 103 115
116 1 1
102 3 1 7 47
60 1 1
57 2 1 57
42 2 1 29
94 2 1 24
114 3 1 24 50
13 3 1 3 12
118 1 1
77 3 1 13 76
70 1 1
139 3 1 84 139
13 1 1
18 1 1
8 1 1
121 1 1
98 2 1 86
109 1 1
134 2 1 127
14 3 1 11 12
93 1 1
133 2 1 52
100 1 1
78 1 1
76 2 1 25
134 1 1
128 3 1 22 28
148 3 1 95 101
58 2 1 14
120 3 1 64 83
104 3 1 2 39
22 3 1 3 4
70 1 1
100 1 1
26 2 1 12
51 1 1
59 1 1
62 2 1 35
134 1 1
126 2 1 122
96 1 1
73 3 1 16 30
149 1 1
51 1 1
70 2 1 12
35 2 1 16
56 1 1
8 2 1 5
115 2 1 28
20 3 1 14 18
90 2 1 17
83 2 1 23
25 3 1 15 19
67 3 1 48 65
41 1 1
64 1 1
109 3 1 45 71
114 3 1 8 14
35 3 1 3 23
112 2 1 56
60 3 1 43 46
102 3 1 43 75
12 1 1
19 1 1
150 1 1
100 2 1 23
112 1 1
34 1 1
124 3 1 28 64
40 1 1
134 3 1 64 119
105 3 1 59 68
111 1 1
118 1 1
30 1 1
140 3 1 60 94
63 3 1 21 50
34 3 1 21 27
64 3 1 8 60
140 1 1
93 2 1 33
43 2 1 10
118 3 1 13 42
60 2 1 51
45 2 1 42
50 1 1
99 1 1
41 2 1 24
77 1 1
97 3 1 62 73
18 2 1 4
85 2 1 58
11 1 1
85 3 1 37 54
98 2 1 53
40 1 1
87 1 1
120 1 1
11 3 1 4 10
86 1 1
7 2 1 5
20 2 1 8
152 3 1 22 137
94 3 1 20 94
42 2 1 13
130 2 1 63
14 1 1
85 3 1 2 77
14 3 1 9 13
31 3 1 11 16
111 1 1
96 2 1 54
99 1 1
129 1 1
99 1 1
35 3 1 6 16
7 1 1
49 2 1 38
97 3 1 28 39
146 1 1
49 1 1
106 1 1
85 1 1
37 1 1
47 3 1 40 43
124 3 1 78 105
124 3 1 5 107
57 1 1
21 2 1 15
15 1 1
8 2 1 8
147 2 1 133
99 1 1
7 2 1 7
104 3 1 70 90
76 2 1 29
126 1 1
125 2 1 4
97 3 1 34 96
116 1 1
25 1 1
45 3 1 26 41
80 3 1 60 74
52 2 1 17
152 3 1 19 102
120 2 1 31
