752171581309315153
86715808326803
8049064079
20159
18008093
42705129235
647989050080018
117954107309
274443236
98850933173227355
5674418873431931
23076909294765
43094973238551825
7404
485554119618225
91416808532936544
61654518530117488
800
742719471610
4745376615093276
306299139412429
87765590505971373
831482824565
5283
6270
3916200315675
576262316144683
40917339746513683
296605861644565
34825761496
397283900961508
55979
3687
963583403994
8216598
8715601408984669
3
7
29531180117
727544545301
6
36256229337579
1377833
9890991287534985
8
104487
9669138239174141
10566817
619465
2768583600237
57575386
3348816233830776
31266544497488
232160413453141034
7126567435569802
387532846270622
58
65153642666275948
34071255451
8424152790452
947282701057694767
62756447
8
7453655569
98222101583
2089991025653
6994722176277983
5523
6445123666752
7459006996250
733098520886684026
4562383
8
405537613843822
421
231757587671846
9457210234147208
552112
7119690037778
84
705
633487510723811
810309
998810380
7761401
74088
1
3720141124
64458119530786
64026
7821452
765
702131673
12678
7688631084800
4251315100
9256335123875871
936772
53333432888325560
2732042319
8828363917897
92814162792138
2
835961282
6309
28
91718852136666915
2
78141232633
928506731407
9879495231675
601
233359291890001005
782969665688433913
1621
117433613
910677477
20945561798125868
53494652519202518
6425509859665
416683034186438456
2467345223
560328
64164729764
5
5415089338208
696
597979867225
2909188
46945
14519588498072
891391
893584933298303
89382207610101823
91596815865425
8350549750
681111282085791434
5244408375
34405830850
68
72114950302
111105823653625
53518834
545871483
9850137601277759
62950611347374
4
793
655833502
844360675069813619
831091529562228581
362472528823557560
89963302993291639
21695243919
42
70
3
79
611304487779395
3979490
5791
23714210
1
29988448327
601370622913557
5169077
848
97919056
714349808439221
313412
21301095409740769
6864084
107348
28727
793563524
33
955308671059
28532337993
175622590
586
495111
562210323
926258
6096966173
2649291
24645
51631702761
342782
1184
658
957965303522357
91793545309
701658
541496819309419
64019038
814200661279089
5011177591
264918438
368637938
5
7425
446472
9393999179
89
19500363893
1910084135238
47
768318346846184194
90
479851334613
93500348744850
7101829632171422
770036000
4
2537
68056307211731731
87989506
59
1713
765416781874
5485
724350563299767
7809829
5033807522184869
3804627638570
706096061291877
45802629
29969
22241849189266266
869210682653
85458
2060989727423
873
348
233019714910200103
8536822
164
6847144286
7860963120619
9
19066015179377
2569
157753861
49245048577604
5398362
9179942201647
77195019435
401607778930332091
68005
67652
72574463
194148349
1038752417638005
8208912053514
2609461890549746
58480530268
955776337139678
1504565538856
781678204
69108162
39444974732
1063077231624925
944488
164916478
400235399981
560
582200891
51563585030
2904682627751
10
5
32185963925
45403459746455
9344567346178321
3
14274132790063
581035674609820555
99083793857387
1326083
4378043
6408789
75
93993439622
57
882282683
829
61942
87475616
7
89829107688876008
6942317
362509693
24
623821849378714018
20491285821505897
7212
3155383253
958528733
7398580
6376832
343200907
664264672364918898
272526
87818784148923
473352267639157
44
44698969
9232
75
59
8580757854
38
594605849058549599
1
75990361312260
5
82940781
33674823758
4270651
927111400740
8951200916734
5930850
43695355685399300
2992914432136
521
660
177682689570993
7785247198
46813
8052833524
178768493322301982
1450635218
61560256309522834
59414
2
9304985758
844261689148834172
98692780658
6411
27148
18
618357119619674653
64333
41321452587
313
4453010549992270
15670020
731
9
70894948
992
256
845259438
1221059998678281
9604850201659
1122273364952335
938313555732815
9740396
51
84
450184649433
6
939199497300564
6142900504855
4
1225374026072693
2786
1
743966840
330532352533109816
3439048
7296128882134
28917025872
2489231114694435
2588527543
3795
243057
932595005593
319765134
3
893786838323
893447
974348
9423748
6438280
35699168
832130173449213
510648296119098
6077
8557161
500
177099730639
8489112889250
329236257122115
78689891892063957
9
708312625345313
74695922
1719745940068
64177222381
6
256959825529646
900298612993545
913714989
4706
164374909012758
215449630118
144707478460580081
284690922
951608894508105
7826844
6632875
1
4276412
856
295453818173470194
5966300747319293
231470
8074
9393
762
56489330
972519692
36721673357005515
579061680474272
23897354470107
86
13371
5095936174
20806729
62885738666987471
487447445194107202
52
6
178271589225269
4823
651565746026863913
27575674719
669
9661
331414
6778625192563767
840432997069
8139193
7217
36642412844
649155580601993400
4936199
35080692149945
5688210929
4239644825419
48
956816847
622924222
322385432225985
457472
21085203155630194
6151685351099200
5420797439723
44962735457
4158
9362259608
31897779716384
254597079241
29413430
3
91869
96241
93025636
7370702104645551
3
566998257710267449
821468
9239
7549
23
1152521
63955213126
750636781322
8639057
55
56309
157532
405
791187
5203
93
466571268782907
490677
7010993559
182452
150449032609771990
777
47
1195422686692
34972183386151143
9211737715835
85328153134858284
95
70193987667119146
50137977
300222
364251
349363938143860
90822147502753599
359
79574436246
88135
3953422487191
56922484065
184291344899296397
258482445116700113
9836976527
58982939400569781
6
89140825091
51342
66654253064340356
69
80200535
3867621
639263
200759822222059
708
536719636179176876
11531253953416307
1
7172458245458
5925
707
96253734963100
66971
3482925217
191386
932133589473
4798
35072864192
42216861
3650907108668
662471
6011
119996
976767
1633
2118
57079106
77
249436125781205
9578575
37258226630113463
152416284772389
401768
691
507874046
2635670
7718914935071
28444
423698155
431422781153
39565112237845210
8569986819557264
3616073010232
27407597682386027
680055395
2753624575253791
7425
277
2
89938596952806535
9
73
19
3
23084044731
256
51596203556547333
274
91279445
762644882
5705238888482
71
9511203960962
5138588476
3067124
78183
831155580
7148
3871464
1171474638745424
10838868
9333464370
86346090457
379575
34987564844
5154775911978
846
325904698633
763951444751647
882253501407935
48569914965
25
93371843983699
209071905882517653
3676966245370470
821721902968462039
37583965
2645872283
749185300414293
99
94871
351485954
3166229868138
7
688774201350023539
8356
575403382
516239500723384
69139737150634017
10813895
6590194403976402
8514476219307
228857227717369
753719581696885
53260709428087845
4626654622676701
786
902481226765141799
368050312105
590134
241456847750
32135478456748
54598
7675043648999546
1071949
8354462037072633
2439076
7729
24119
315008956284729859
143
2161270043766
41489073078918
21
7
51
7119185836
573215916201815
6875407617300226
182284824117665753
2217957172789812
6201618
1515071
9
258520410244098124
194720811
106
930193
8794
6
8424581881
9412293715
780385384
18907207
7703242
652911061799
13273193
0
