54 20 23 84 34 43
18 31 23 62 48 68 64 29
12 18 77 13
87 67 15 81 18
40 86 19 44
29 74 58
42 89 61 63 22 48 20 15 37
26 39
12 58 19 25 51 41 15 59 50 45
59 15 44 13 14 28 56 46
42 18 54 15 28 60 58 89 11
62 30 71 87 45 31 37
15 78 36 75
41 28
45 62 31 16 14 80
58 85 58 43 69 57 45
44 81 61
35 82 68 26 87
52 87 42 84 41 17 54 12 39
16 44 26 81 54 10
32 57 19 23 26
74 72 50 82 65 66 78 45 28 10
37 41 85 16 59 49 83
18 19 72 63
46 85
56 33
71 17 14 31 89 70 87
40 40 27
67 58 38 90 27 12 82 18 21 26
90 51 51 84 58 16 27
78 50 21 34 64 16 46 81
77 18
69 66 27 68 18 45 76 26 72
47 71 85 89 81 52 30 33 59 33
86 57
11 13 52 63 15 76 52 74 68
68 76 40 53 28
86 65 83 80
73 42 19 15 26 58 13 37
65 38 60 42 26 65
69 64
63 41 87 12 19 24
15 15 48 85 19
52 44 51 84
70 30 43 44
12 11 10
45 69 56 40 57
53 76 16 83 25 37 88 63
33 18 90 67
84 69 54 39
23 23 39 40
31 76 17 78 25 64
84 49 16 77
60 90 68 17 32 11 32 90 76
84 55 71 15 84 19
34 48 82 19 55 69 50
69 44 19 10 30 89 60 45 83
68 84 90 83 70
76 50 36 16 44
67 68 83 58 77 63 52 52 17 46
26 46 41 40 16 77
89 70 26 88 62 21
63 61 15 70 14 51 46 88 43 29
16 87 52 39 42 47 55 78 14 20
81 43
76 75 31 47 86 10 19 56 16 14
57 50 74 25 85 90
16 51 76
88 56 52 11
77 17 35
83 19 42
30 58
11 64 85 78 46 61 78 78 55 77
62 37 36 35 50 17 12 68
80 10 50 90 84 75 57 64 14 25
16 14 49 19 51 19 87 54 80 89
67 51 55 28 27
30 85 78 35 20 38 51 13 38 33
43 48 47 65
21 74 45 46 87 89 52
11 28 62 57 46
45 83 89 32 27 18 76 84
24 27 31
81 84
59 31 30
67 26 27 28 37
63 89 11 18 12 62 26 10 19 60
86 53 46 35 70 67 17 61 77 54
17 90 65 74 42 82 28 69 36 81
53 24 85
41 85 34 10 12 45 53
86 49 41
35 43 72 70
87 44 34 38 52 68
13 58 24 73 72 18 87 38
46 38
16 17 21
72 68 29
21 10 11 77 88 62 20 51
13 74 42 61 88 24
32 37 87 66 89 51
15 74 49 16 55
52 77 70 52 78 56 65 49
42 78 86
30 73 38 60 41 60 87 53
86 29 80 10 28 39 32 89
74 75 83 52 79 48 42 53
74 41 52
77 34 53 46 81 22 59 59 64
79 54 70 32 18 27 31 31 27 15
69 84 77 36 47 43
13 20 50 15 60 12 67 50 25 35
14 14 22 74 90 45 17 27
38 44
67 38 16 54 80 69 22
88 32 66 12 82 68 69 57
30 81 39 34 29 38 50 80 46 67
90 36 83 83 80 89 46 69 83
20 15 15
17 22 69 12 85
32 10 42 72 29 70 31
41 23 14 41 65 88 33 54 21 85
30 84 59 35 24
43 36 38 61 46 41 18
89 15
69 53 90 19
14 66 57 27
20 38 34 75 74 27 59
41 28
83 73 38 38 39 62
38 67 66 32
65 57 21
33 68 37 47 13
88 79
24 63 74
82 51 80 80 14 28 44 82 28 88
84 29 13 74 77 40
35 17 31 88 37
85 41 78 35 13
32 20 38 21 25 58
60 50
73 34
28 53
30 84 60 55
81 52 69 29 63 19 16 23 23
45 33 46
65 30 37 34 86 19 16 45 11 34
83 70 16 68 34 49 58 12
12 81 37 18 13 66 27 64 24 79
79 18 88 38 29 17 61 64 34 20
26 81 84 84 24 58 67
76 86 32 38 29 51 29
24 59
76 48 75 73 11 14 15
68 55 73 71 87 63 81 15 12
73 45 49 84
12 22 44
75 74 16 35 75
19 74 71 23 79 43 17 60
13 56 29 84 62 31
60 82 16 53 10 19 65
56 49 59 62 90 44 41
27 38
31 71 71 81
75 63
68 34 12
84 20 42 46 20 51 36 70 32
38 20 10
67 19 24 14 74 62 10 54
37 38 40 83 32 64
57 73 31 89
41 65 71 36 23 72 64 33 72
90 17 11 14 81 79 14 60 57
24 22 66 46 77
12 75 17 27 29 48
90 90 46 87 64 85 68 51 85
68 24
57 44 67 39 27 81 51 84
53 70 54 38 78 87 73 51 30 72
66 68 40 77 61 16 71
74 20 84 56 70 60 20
66 78 81 27 40 76 88 84
84 66 40 39 63 16 31 56 46 17
68 13 30 67 39 39 33 18
59 31 81 46 37 18 12 23
86 11 24 78 41 54 50
10 16 18
65 76 36 85 53 65 33 11 89
76 30 39 32
63 34
84 45 23 33
70 77 89 27 12 30
19 85 53 61 14 15 35
32 34
17 70 56
68 28
80 37 50 12 60 88 72 63
24 65 41 66
51 28
55 49 87 18 87 46 19 29
65 75 18 18 79 88
38 25 30 52 88 83 63 37 74 30
74 71
60 52 20 72 60 32 27 69 52
59 36 83
40 15 37 69 31
46 44
18 87
38 25 64
77 33 77 23 15 46 45 48 40
32 24 48 40 16 79 61
73 82 41 28 51 32
48 87 81 79 60 41 65 19
78 24 79 49 78 44 45 35 58 84
80 88 52 48 70 43 79 88 20 21
74 33 55 62 19
36 28 54 40
58 79 61 11 49
75 58 77 64 55 38 21
88 26 47 33 37 22 16 76
68 85 14
38 74 59
42 63 57 43 22 69
70 71 33 51 35 45 10 32 77
71 39 76 77
68 70 35 88 89 63 72
75 23 46
72 58 35 41
31 65 14 56 35 14 13 21 68 74
69 60 64 47 39 89
38 78 57 21 62 86 73
84 57 69 34 20 25 24 40 72
60 75 60 54 59
32 28
85 74 23 71 37 26 37 48 78 49
47 42
25 82 38 41
68 38 55 54 22 41 17 71
55 25 81 50
14 30 35 46 73 89 50 31 44
63 63 22 71 10 69 77
16 41 48 44 88
41 64 35 56 54 10 70 74 46
30 29 28 70 50 78
39 50 13 19
88 21 61 29 68
64 66 14 14 55 55 76 18
55 18 27 75 38 46 28 33 22 15
67 72 28 11 48 41 22
61 80 58 50 71 78 70 35
55 60 39 35 68
19 31 12 37
40 58 84 16 55 21 17 28
45 52 39 51 19 14 31
74 73 71 54 58
14 51
23 72 85 66
34 49 44 57 30 72 64
50 35 10 14
35 34 32 64 33
44 77 78 53
38 45 29 35 39 20 11 79 75 62
14 43 35 53 18 60 69 38 61 13
18 67 85 39 36 87 42 15 12
50 47 31 14 73 33 83
85 54 62 53
40 77 64 18 24 34 37 76
30 86 87 56 82 39 61
35 36
56 40 38
49 20 24 12 72 83
37 69 70 45 83 29 89 84
28 79 74 90 86 22
30 63 22 76 44 53 39 49
50 79 45 47 72 51 75 50 46 29
81 43 52 67 61 57
61 68 78 47
66 75 74 20 53 39 59 70 79
24 35 44 81 19 85 36 55 53 42
30 19 75 77 75 61
79 33
54 17 52 64 61 81 48 56 85
71 46 71 77
65 23 35 43 71 65 64 80 49
81 35 30 85
89 48 81 51 38
57 11 33 68 38
23 19 15
90 44 45 59
19 32 30 58 88 20 18 44
82 42 69 72 18 32
82 49 88 59 13
72 22 31 65 37 82 19 86 16
43 36
41 63 19
67 10
61 89 67 18 63 58 58
26 61 11 88 89 48 62
39 88 47 45 41 80 88 43 46
68 46 52 85 14 23 83
31 71 38 14 56 70 65 57 67
30 54 24 60 67 61 30 18 50 27
22 77 44 58 39 38 62
30 42 89 26 86 29
81 84 54 73 73 75 53 22 44 29
64 37 64 17 13 76 19 48 44
11 15
48 64 56 64 75 75
66 84
64 82 74 26 13 43 46 11 33 89
40 28 51 65
20 39
42 70 40
51 14 15 35 66
45 81 61 36 65 77 40
48 57 72 63 48 37 81
12 72 35 41 80 67 36 30
78 50 29 38 25 41 73 15
19 86 14
45 68 47
40 86 54 46 36 56 43 61 22
38 64 69 51 51 44 70
59 21 78 80 38 22 11
12 46 36 66 78
77 41
22 22 87
50 29
24 23 78 81 57 73 86 41 84 74
32 21 48
40 19 41 15 87 33 82 54 77
82 73 11 42 28
72 57 41
24 23 58 71 17 57 27 55 84
60 33 90 27 38 22 66 45 66 52
73 50
24 84
21 51 76 74 81 89 41 61 31 23
11 16 85 78 40 20
84 32 70 55 23 47
86 87
36 81
47 57 55 46 47 70 12 33 26 25
28 32
31 78 58 51
15 30 51 28 83 86 39
14 81 85 75 54 51 55 90
34 28 47 51 43 74
81 47 25 68 14
65 19
25 53 13 20
17 41 89 28 41 68 69 21 84 83
21 55
54 38 16 61 76
38 15 54
41 65
84 84 86 27 26 52 26
83 19 39 14 12 47 66 39 11
84 55 19 54 56 72 17
35 36 28 25 21 37 34 16 55
59 87 20 67 15 49
34 86 62 63 22 65 72 67 90
49 71 59 36 31 20 54
31 81 86 37 45 62 86 41 72
63 30 59 87 41 47 59 53 21 41
21 82 84 17 66 29 39 76 89 26
80 22 76 34 74 87
55 75
10 44 66 41 16 34 19 27 81 54
89 64 62 80 83 26 82 82 42 23
54 89 46 53 86 53 33
16 33 39 88 64 45 48 89
38 53 42 52 42 13 42 50
33 57 62
53 41 61 90 20 72 52 43 67
67 16 88 56
45 55 55 90 33
51 65 26 18 40 62
88 49 29 50
80 65 25 77 43 59 53
35 75 40 16 52 76 77 32
19 45 51 90
60 40 49 26 37 23 61
28 66 68 60
36 28 15 69 69 15 18 75
19 78 15 84
66 61 22 53 30
27 62 30 56 33 48
24 41 44 67
78 88 61 56 12
56 76 14 43 81 89 56 56
84 35 30 77
82 32 34 40 70 34
37 68
13 55 44
36 62 60 17 47 80 67 53 78 48
78 57 76 17 43 53 90 81 77
76 20
22 13 88 42 74 41 32 19 29
43 66 87 19 45 10 73 70 78
55 86 88 33
78 20 81
46 42 11 50 39 59 49 87 81 75
23 27 16 19 52 51 35 34
23 63
34 60
60 63 60 50 51 31
52 71
20 46 43
30 74 39 47 80 49 89 41 90
12 22 20 29 62 70
31 58 38 88 18 75 14
72 51 87 27 19 23 47 83
84 73 26 17 39 26 55 41
65 76 26 60 54 63 27 17 60 35
65 21 64
18 81 35 47 37 43 24 46
41 53 70 73 33 37 36 23
68 73 67 41 25
10 66 82 65 13 55 16 37 45 57
72 90 88
41 54 86 36 36 28 63 79 41 11
39 84 22 70 83 39 62 75 29 65
35 27 10 17
88 17
41 48 68 36 74 29
63 33 37 80 15 83 73 27 78
72 49 65 11 39 30 52 56 30 60
43 83 86 74 56 79 20 39 17 16
41 43 16 46 51 14 79 39 86 61
76 78 43 15 55
51 24 87 85 32 82 68
70 13 43 77 19 60 43
83 14 29 87 84 74 17
78 84 57 46 24 21 60 82
56 11 74 47 85 62 42 89
45 33 80 78 27 72
63 85 11
27 71
20 53 85 51 80
58 41
59 41 74
28 25 67 48 60 26 37 64 59
72 31 45 73 84 62 53 42 89
37 49 20 82 32
11 81 18 75 59 36 26 52
11 68 20
52 61 46
15 44 67
22 18 82 43 45 56
52 78 31 70 68 39 54 52 65 86
48 88 87 74 62
45 34 48 66 68
59 81 48 50 33 19 31
61 18 33 40
62 20 54
15 73 90 28 86 90 16 44
40 82 35 33 31 20 39
76 79 13 17 81
25 24 30 27 76 56 87 38 78 69
15 80 68 21 33 37 67 40 79
77 89 55 72 74 43 75 81 34
32 48 21
49 67 61 12 70
72 76
49 22 84 12 15 34 81 31 36 14
17 13 45 18 85
89 42 42 19 81 16 12
19 72 31 16 73
55 21
73 26 35 63 63
67 64 85 71 18 28 81 77
32 44 52 38 51 54 30 76 51
82 50 59 62 77 44 45
69 33 81 55
54 65 87 63 83 12 65 19 50
61 13
40 33 61 16 90 52 56
39 42 27 90 60
33 50 67 49 30 41
83 34 79 57 43 38 66 29
51 59 80 21
14 79 63 63 44 14 15 43 81 27
56 84 40 76
10 84 74 14 51 42
42 77 24 84 45 13 30
34 19 24 22 53 44 27 21
44 13 16 37 43 82 78 60
77 64 52
32 19 15
12 67
49 44 90 74
21 52 11 38 63
73 66 58 35 35 65 38 85
25 74 43 60
53 81 68 71 73
29 26 58 28 74 85
11 32 43 53 30 34 20 72
10 19 69 67 50 69
35 90 78 26 83 75 24 51 29
18 48 40 28
57 51 76 19 87 20 45 84 85 46
80 38 69
63 30 57 51 62
51 76 26 70 42 51
89 69 45 71 45 30 81 42 56 51
51 87 70 40 50 65 23
85 86 80 56 61 40
78 19 25 38
23 16
84 52 27 90 19 74 51 60
63 56 15 23 30 28
40 23 41 86 10 87 68 78
83 25 58 31 47
41 24
56 49 88 32 35 47 86 81 52
36 86 11 66 34 58 77 34
54 21 75 63 52 59 84 25 39 34
53 16 79 50
23 22 49
80 89 55
90 30 19 57
43 36 76 71 37 48 48 86
63 50 82 28 13 88 16
52 45 82 10 80 71 90 44 72
80 81 72 86 49 17 87 45 60
84 55 12 56 31 84 74 34 17 15
59 66 84 75
81 74
62 89 13 68 70 24 42
21 78 63 56
43 58 52 64 67 36 23 90 57
74 33 35 59 13 25 58 44 12
47 70 51
22 54 89 90 42 70 86
53 47
45 89 13 61 56 45 44 14 71 28
21 77 67 24 42 40 84
27 31 63 41
30 36 25 46
79 36 49 77 40 19 58 10
78 87 88 21 18 74 13 48
43 41 51 60 63 39 10
59 36 50 14 40 38 57 15 40 22
89 22 84 76 19 17 22
16 26 65 48 59 31 24 45 19 53
44 37 88 84 58 53 47 24
77 36 89 10 64
12 73 24 24 25 31 56 15 85
37 19 60 62 78 30 15 25
24 89 22 77 22 86 80 64
80 37 27 17
57 48 51 78 13 57 89 28 19 33
71 20 50 12 51
42 49 30
77 26 34
35 39 13 52
39 19 85
22 88 62 36 42 87 59
84 86 85 86 62 13 53 37 33 88
65 31 15 26 61 34
17 63 12 27 84 41
56 83 56 68 68 27 61
21 56 50 40 35 77 80 32
54 54 31 70 24 55 64 47 43
64 36
78 17 57 60
34 77 62
23 44 78 54 69
43 10 16
54 53 18 84 33
40 82 14 13 43 69 17 67
67 68 75 53 39 87 82 73 74
51 64 13 68 86 42 47 48 50 41
63 71 78 67 10 31 61
23 86 74 81 70 52 29 82 43
82 79
71 17 62 67 49
40 24
37 77 46 40 70 46
40 53 90 52 36 15
78 35 39 47 69
51 63 10 58
83 17 44 33 47 19 76 50 55
29 27 44 75 70 43
32 49 74 35 90 22 72 68 58 32
74 81 81 67 23
25 76 59 10 35 40 57 54
10 55 36 60
74 34 80 19 33 27 81 26 75 39
59 45 63 35 74 22 50 59 72 66
21 48 48 84 49
29 34 19 29
89 38 16 26 44
26 73 13 75 27 82
10 14 10 76 11 66 70 38 40
31 79 46 66 22 71 85 86 85 48
36 83 33
81 52 37 34 60 79 50 64 79
81 71 14 28 20 48 65 24 19
52 80 67
74 24 48
16 87 79
64 41 47 33 29 87 22 34
28 14 36 62 40 90
54 18 18 31 88 75 84 88 89 57
31 69 21 28 42 52 65
72 77
15 18 64
61 35 81 60 78 60 69 86 81
86 74
84 40 21 24 18 48 58 66
48 73
35 12 28 59 82 69 29 26
80 13 28 74 24 18
19 17 54
47 81 43
39 27 46 55 65 29 52 25 47
75 38 48 13 70 32 18 90
82 23 58 57 49 65
68 37 26 36 17 71 53 69 35 28
77 59 76 72 43 39
63 19 67 71 34 26 63 63 90 45
80 71 14 26
41 49 84 84 44
37 57
87 59 28 55 88
27 32 56 24 72 89 12 45 88
56 13 43
45 55 27 85 48 20 38 83
20 39
85 57 40 18 62
40 28 88
42 25 73
62 38
14 24 13 75 41
33 68 67 41 41 77
42 88 52 72 15 24
61 58 84 89 90 18 71 70 70
38 90 65 57 75 16 70 33 90
80 56
75 88 45 52
50 82 66 21 49
19 64 84 16 60 79
88 79 15 70 79 37
37 52 85 42 17
26 14 13 68 25
76 81 80 50 65 25 40
31 90 63 78 22
18 82 55 46 40 17 88
49 31 17 81 51 36
66 15 59
20 19 63 51 49 46 88 64 18 75
75 19 67 55 55
62 68 88 36 24 30
66 57 10 57 78 75 39 88 84
65 58 63
31 72 63 32 56 72 89 21 52
89 29 27 35
48 51 35 30 67 82 17
46 30 61 63 85 29 36 57
17 29 89 79
22 25 68 59 24 22 11 49 72
25 16 85
24 27 60
64 30 49 58 65 75 40
17 75 55 21
83 37
51 51 16 69
78 43 56 20 54 64 34 71
19 44 54 58 28 44 58
10 65 75
77 10 64 39 85 40 15 26 18
13 52
23 15 66
11 24 89 62 84 56 15 38 40 79
14 79 19
15 89 61 90 38 66 25 63
44 24 39 74
14 46 46 44 44 17 38 26 38 66
27 29 76
54 18 36 52 69
16 45 82 69 72 36 83
19 53 40
89 75 25 32 22 57 60 13 38
32 39 50 77
76 38 42 37 44 12 28 38 90 70
20 79
50 60 23 50 10 45 62 73 30
20 49 88
89 90 38
37 86 36 88 88 71 51 87 66 88
55 86 89 40 18 48
69 20 38 25 10
64 23
78 22 82
66 77 39 79 74 19
87 75 36 28
48 26
72 65 50 67 10
82 26 67 71 40
58 68 22 44 43
73 31 89 17 77 85 18 38 39 63
71 74 58 61 49
61 53 41 78 45 21
66 85 20 14 38 70 13 37
27 44 12 22 52 41 67 41 26
24 90 18
49 85 57 15 88 12 42 40
36 67 88 81
10 27 78 28 61 81 56 39 31
70 63 85 84
28 88 53 23 55 75 20 57
67 66 69 59 64 59 30 80 76
17 62 23 79 10 60 36 70 49
79 37 65
15 78 57 80 24 39
16 14 10 81 68 75
58 60 59 81 47 73 70 48 42 31
16 68 32 43 43 34 65 46 81 70
45 11 17 49 11
43 76 49 10 61 34
18 16 76 72 64 33 24 71
46 39
86 29 31 76 90 32
10 56 86 28
38 29 44 38 16 68 44
74 46 21 63 85 35 59
88 89 70
27 26 85
64 24 43 29 19 61 89
80 58 10 86 35 61 35 34 32 46
26 88 72 36 85
31 77 38 63 71 71
21 23
46 90 70
14 37
26 78 21 67 21 59 39 34 75
15 37 30 26 74 32 54 47 29 34
40 63 55 76 78 51 20 83 13 62
82 73 10 12 42 39 52 42
57 85 20
69 59 53 41 78 12 40 27 82
28 69 61
77 65 10 20
89 21 74
50 36 89 41 18
67 17 61
60 11 22 78 57 55 69 68 74
38 38
28 54 61 74 52 88
18 63 19 16 13
89 87 34 76 31 19 12 44 88 60
82 37 88 55 81 35 31 19 79
83 57
66 65 67 75 71 71 12 85
52 70 23 62 73
75 58
66 85 85 47 75 46 68 19
75 28 16 79 19 71
85 67
22 62 27 80 57 57 51
39 35
36 27 32 47 64
83 57 58 42 41 76 49
86 45 90
22 51 43 90 84 32 72
74 37 80 34 65 41
23 78 40 62 86 87 29
37 15 12
26 47 72 31 75 32 64 90 25 86
82 85 34 71 29 24 37 70 37 25
24 20 32 44 64 76 65 82 57 81
54 21
11 10 55 43
36 34 81 76 30 35
57 30 53 72 56 67 18 79 36 88
10 80 46 81 44 26 27 89 27
53 60 23 14 19 29 80 39 54 80
74 58 84 56 34 11 60
25 49 77 14 20 84 48 36
62 70 38
55 67 45 65 21 35 13 81
25 80 88 19 45
36 14 33
53 20 55 64 13 28 25
16 85 67 47
59 82 24 70 26 43
72 59 50 69 84 20 42
25 65 87
10 67 73 29
89 59 27 83 51 64
20 55 56 15 88 25 82
74 57 64 67 67 15 21
70 17 11 87 75 74 25 86 72
22 81 51
32 61 56
82 53 29 73 48 28
21 20 32 26
39 21 55 56 17
56 49
37 48 78 27
79 66 59 60 70 67 39 24 49
42 14 88 68 52 39
81 66 69 63 90 33 28
89 55 86 11
85 15 80 69 82 75 45 30 89
16 56 40
33 82 74
88 49 42
48 81 78 86 15 59 17
73 11 38 62 86 29
41 65
67 87 41 16 25 80 88
52 85 63 84 71 37 10
48 15 26 55 53
72 81 76 68 35 47 34
32 26 21 63 32 52 52 45
30 39 55 23
82 39
55 60 35 36
50 17 13 51 10 55
50 70 30 66 17 19 23 59 77
35 16 23 80 46
87 75 41 51
67 77 58 42 20 77 83 36 57 81
53 37 84 60
17 28 48 65 53 55 13 58 26
54 10 18 31 61 75 17 44
43 31 19 86 13 25 88 56 68
25 39 23 60 78 14 22 58 17 87
59 50 90
87 77 68 30 30 20
67 45 58 71 76 71 52 54 78 84
10 53 86
81 69 22 77 68 87
84 80 49 70 58 69 25 84 58
54 41 79
22 56 83 25
11 25 27 22 30
82 42 36 75 54 79 68 44
63 27 48 79 20 15 87 64 63 75
10 56
25 31 38 40
66 60 88 73
34 58 88 38 51 41 82 24 58 40
84 61 89 57
89 75 49 54 21
75 65 30 49 41 15 62 39 49
87 46 34 48 77 25
60 71 80 53 58 78 19 32 76
72 55
61 56 21
30 68 38 82 17 77 78 29
37 83 34 68 70 84
59 46 32
71 70 47 15 67 28 68 54 74
60 29 73 88 20 15 74
51 31 50 43 71 28
64 83 88 35 40 60
19 32 53 77 50
40 49 35 25
34 23 14 39
43 15 60 84 49
37 78 30 29 10
75 60 28 84 83 71 86 58 26
33 52 67 26 76 15 30
43 80 46 28 73
59 35 23
54 23 10 54 90 28
82 24 59 65 41 35 88 83 27 24
48 60 49 82
20 19 47 30 84
59 23 51 73 24 14 88 42 68 14
52 69 88 12
15 30 32
68 17 63 75 73 74 85 29 13
27 79 27 84 77
89 74 89 82 78 55
56 68 77 64 89 16
22 10 13 76 75 76
85 30 78 89 47 66
41 68 72 55 51 70 62 54
46 36 44 32 90 43 55
71 55 89 56 39 90
50 29 28 48 67
79 33
60 13 54 39 65
15 36 60 50 58 59 18 38
79 83 84 61 48 83 10 88
44 61 79 70 49
73 34
52 79 30 76 85
61 60 39
68 68 25 72
19 42 49 11 43
23 77
27 72 71 54 54 14
32 84 39 33
85 85 63 50 40
27 55 21 28 64
68 66 22 39 14 24 62 32 87 42
66 63 86 23 56
47 75 45 57 47 20
12 53 67 23 71
83 48 32 30
52 45 65 74 57 16 76
69 87 62 50
34 34
81 87 26 12 89 69 85 38
51 30 39 89
26 51 21 81 34
23 35 41 17
12 74 68 52 33
58 30 10
44 85 71 72 60
28 90 46
41 87 31 48 46
77 72 55 19 12 74 83
51 42 70 19 62 86
15 15 65 13 66
31 81 74 25 47
46 20 41 60 87 38
16 57 39 89 68
56 47 90 43 58 84 49 64 75 52
22 89
86 23 17 81 75 28 47 44
11 90 46 58 55
35 45 26 89 60 60 72 69
61 53 11 25 81 90 11 76
35 82 22
39 72 18 40 71 71 23
41 64 86 73 78 71 58
50 82 46 28 18 78 19
79 85 45 23 77 73 82 41 54
87 51 87 19 11 37 89 23 35
84 84 62 43 75 17
19 85 71 26 90 81 78 38 83
46 49 40 62 45
58 70 17 20 69 30 45 71 24 54
57 55 81 44 64
40 15 10
83 38 39 85 74
34 61 33 40 28 13 47 54
68 25 84 17 69 51 80 33
34 22 58 64
58 20
22 50 30 21 38 54 73 77 19 10
57 71 12 50 86 86 57
62 62 39 29 86 51 77 76 69
86 31 73 61 51 19 24 31
11 40
32 22 79 35 62 90 46 44 14 34
43 53 27 20 55 12 14 41
35 39 10 77 49 25 17
42 63 48 64 76
24 47 51 77 17 56 20 39 89 63
34 43 75
75 24 64 23
66 62 55 89 12 22 62
77 47 12 26
53 12
18 22 55 33 10 37 57 44 21
44 35 76 57
67 45 30
47 42 53 22
25 40 77 34 19 79 67 43 27
66 43 90
77 20 60 46 61
13 36 38 48 72 29 20 23
48 74 87 14 60 46 23 64 22 56
76 48 34 75 87 36 21 72 73 72
11 33 71 65 30 25 75 60
48 43 18 52 28 54 65
83 47
84 20 32 68 16 74 14 13 72
46 73 35 42
72 57 47
69 86 74 77 63 11
54 18 65 10
58 36 54 51 58 38 56 61
58 17
18 65 71 15 48 28 46 26 39 45
11 46 11
71 66 71 77 49 32 41 25 80
71 51 29 54 74
79 48
84 86 52 56 22 16 10 57
63 58 14 43 49 10 29
33 76 22 22 70 19 63 90
46 52 83 20 76 12 15 53
43 59 58 90 83
73 22 63 31
18 44 45 84 73
80 17 62
21 34 56 14 44 42 32 65
80 18 70 63 33
84 32 90 72 53 37 15
89 25 21 72 14 44
18 55 67 64 75 36 31 16
26 86 19
75 58 89 68
23 65 59 50 71 88 48 86 18
25 52 14 33 32 87 22 17 33 44
34 76 35 59 87 19
20 12 32 49 83 16 89
13 63 74 37 33 89 79 37 47 36
60 43 73 13 73 16 14 33
26 58 48 36 76 70 75 68 11 89
14 77 40 41 20 39
47 11 72 87 61 40 69 80 22 10
61 16 19 28
61 13
61 72 52 76 38 72
68 23 88 32 74 45 34 55 57
21 36 26
36 19 20 43 45 38 23
58 63 83 39 24
83 87 55 76 35 53
18 23 58 80 70 84 10 31 19 49
45 59 26 80 23
36 71
28 35 58 21 27 70 83 28 30 45
54 74 35 43 69 29 59 10
34 74 89
25 13 31
40 11 22 74 52 70 86 85
78 23 85
65 49 47 10
25 45 83 41 89 26 40 88 34
10 56
56 73 63 40 51 58
45 33 38 74 43 11 65 17 64
41 79 35
46 33 49 76 46 89 57
70 16 28 69 69 58 29 53 18 64
62 64 44
38 68 36 28 18 41 53 41 77 76
78 48 29 44 20 90 67
68 61 22
23 30 76 24 83 49 75
77 68 17 14 76 64 73 42 66
63 53 32 82
42 16 80 86 90 50
86 64 54 88 13 46 62 13 26
71 49 85
22 68 23 13 52 11 57 90 19 86
25 75 52 41
76 36 23 39 49 43 10 21
26 76
82 86 89 29 63 38 33 40 39 15
64 10 21 15
64 46
65 72 64 13 47 16 13 74
45 75 85 36 70 19
43 47 14 89 11 19 38 66 35 49
35 38 26 75 12 23 64 31 76
34 59 64 86 43 58 47 23
28 72 39
70 57 57 33 48 17
44 42
60 43 55 89 16 76 75 12 36 59
47 12 33 84
42 22 22 87 60 82
43 25 10 50 23 44 18 49 29
29 44 57 31 44 75 57
50 13 14 90
45 41 34 57 37
65 81 53
16 28 12 67 36 67 21 12 87
76 27
60 90 27 20 28 47 19
83 66 81 65 12
55 18 69 44 41 22 62 17 65
44 67
25 52 19 39 38
56 48 52 13 73 17 21 48 23 11
39 57 75 33 26 25
14 48
59 17 77
32 55 44 62 83 68 43 56 29
38 52 89 11 66 26 67 14 89
38 24 82 74 44 39 19
47 21
85 66 22 72 74 15 25 39 50
83 12 11 84
43 77 72 41 53 35
45 34 25 90 43 43 62 55 22
46 50 38 30
69 59 31 88 68 33 24 77 26 57
24 88 26 49 84 77 74 18 76 42
48 87 15 30 43 71
63 52 53
74 66 24
80 11 65 46 80 79
15 37 52 82 36 77
69 70 57 81
77 33
60 21 49 38 59 48 13 89 70
25 44 70 15 48 54 20 76 32 28
18 21
13 84 87 13 70 45 90
73 48
41 86 22 55
47 71
26 76 90 71 21 10 12
37 36
59 39
55 58 54 25
35 88 15 28
10 56 35 17 12 15 59 29 16 58
43 58 43 89 85 69 80 53
65 33 81 44 65 63 69
84 22 42 85 85 67 27 87 88
41 13 43 56 62
89 60
83 66 80 41
39 47 25
20 85 65 13 32
23 26 89 41 23 86
70 24 76 52 77 11 66 62 22
37 28 90 83 57 63
60 73 28 50 11 66 73 25 83 87
31 18 88 10 32 89 52 34 10 28
38 12 33 56 27 42 22
66 72 78 84 48 80 75 30 30
26 11 23 50 24
73 23 17 32 23
28 51 53 68 33 87 19 45 11
43 80
81 69
36 89 77 68
90 28 39 39 26 52 47 48
88 67 58 67 60 81 63 69 51 64
84 53 13 90 47
35 61 89 29 11 89 47
53 63 18 90 20 90
12 73 80 62 63 68
23 57 50
36 69 48 89 82 90 60
28 61 78 81 27 57 53 36 72
51 85 17 33 90 85 21 83
50 50 26 73 76 21 31
12 46 59
64 46
54 63 52 32 24 49
81 44 43 23 59 54 34 52 14 75
46 73 12
29 76 59 65
67 54 16 78 17 85 55 55
13 82
63 50 39 32 13 79 90 33 79 26
78 28 52 16 29 37
80 29 51 86 16 59 81 77
25 80 30 40 69 71
10 90 74 25 33
41 28 49 59 86 72 78 48 69
67 29 79 89
85 10 43 19 81
66 75 43 60 75 43 43 25 82 31
35 86 40
67 27 69 61
61 16 25
19 19 76 52 45
41 36
90 86 66 42
81 49
46 74 22
30 15 29 89 66
75 72
60 17 15 46 75 66 37 25
13 25 22 69 73 83 60 48 19 31
32 17 51 37 52
28 16 50
12 19
17 71 33 89 18 65 25
80 53
78 62 81 35 71
73 28 45
55 87 89 74 28 64 90
89 48 53 70
51 13 45 82 56 50 61 77 38
84 79 28 31 61 47
20 11
34 75 31 88 90
86 47 14 81 28 72 19 63
65 39 33 52 67 55 45 71 90 82
46 73 68 47 76 11 48
89 63 74 19 20 79 10 54
19 42 32 10 71 72 52
52 22 44 51 29 11 87 11 69 60
70 17 18 84
83 12 15 87 28 59 72 54
13 54 72
31 45
59 14 13 78 15 10 79 90 60
85 83 24 78 78 32 15 84 28 34
90 78 69 29 41 67
62 37 88 30 41 11 33 62 27 21
12 27 55 20 57 58 88 80
16 33 87 75 49 74 69 84 40 45
27 88 52
38 69 86 90 86 32 76 23 65 40
32 23 30 37 77 53 60
53 34
31 43
83 88 72
49 44 44 27 56 43 22 78 29
53 75 74 75 89 29 37
72 22
34 47 87 56 15 35 64 12 32
51 66 22 68 31 56 15
10 72 13 10 55 78 24 75 40
56 52 39 81 89 35 62
76 51 32 17 29 74
42 67 30 23 89 71 39 70 74 39
77 70 35 26 19 81 69 48 87
90 74 22
50 45 18 70
17 21 36 53 50 34 34 79 30
43 71 20 38 15 36 48 21 14
34 23 20 33
21 74 70 29 53 23 36 80 50
55 90 38 43 29 62 11 25
40 46 17 13 58 38 24 17 51 51
76 78 39 72 16
20 58
76 62 51 76 26 19 30
37 46 59 83 17 82 86
29 35 88
11 38 72 79 67 69
75 79 84
65 72 64 66 88 89 86
35 57 59 27
50 38 55
64 53 81 65 16 78
89 56 80 89 45 74 21 35
10 10
89 21 52 50 85 20 83 59
31 39 87 20 17
75 23 81 54 38 47 60
17 43 63 58 23 63 58 81 62 85
37 79 68 29 47 69 66
66 76 19 69
49 59 56 77 31 41
54 74 11
22 80 85 12
80 60 13 68 37 49 41
24 59 88 26 68 66
42 50
28 88 41 73 51 40 90 79 53 79
55 56 13 41 59 88 84 17 54
48 22 22 80 15 13 17 48
16 66 67 47 64 43 78 63
56 52 62
17 65 67
62 61
25 76 63 53 24 52 59 43
16 22 81 88
54 62 64 41 50 36
11 88 32 34 79 25 42
76 57 17 61
60 10 87 28 44 87 34 72 12 48
56 19 66 22 59 11
77 25 73 36 29 88 68 85
34 11
69 62 60 81 80 13
40 10 15 78 12 61
68 74 71 86 17
36 80
55 12
49 75 37 51
31 38 29 38 43 32 40 73 48
60 51 16 72 28 15 69 39 38 67
44 11 45
14 85
57 61 81 13 89
41 41
72 40 14 26
55 48 23 90 53 17 38 82
29 35 76
87 15
27 78 44
81 58 42 32 25 89 13 55 29
70 74 84 83 73 62 90 37 69 90
29 10 45
15 29 43 18 63 67 89 47 34
62 49 49 26
20 21 51 29 14 50
29 12 76 28 74 14 44 28 30 49
80 57 36
72 73 15 11 44 54 67 76 47 12
24 31 26 64 37 46 82
80 65 43 34 83
89 56 84 72 82 65 53 64
70 33 66 62 18 23 64
37 85 47 26
18 33 60 88
28 47 15 17 62 61 10 43
82 21 57 13 16 80
69 23 33 42 44
53 81 11 10 24
60 37 47 14 75 53 21 62
37 14 17 44
64 47 47 54 42 25
65 74 36
36 42 68 36 56 28 21
65 41 84 43
55 73 15 75 80 49 25 69
78 32 54 29 25 44 12
20 54 19 14 15
32 42 74
74 67 72 51 31
56 15 75 15 46 53 27 34
87 69 42
71 18 67
27 87 55 18 44 87
72 86
53 47 15 32
37 16 33 73
66 32 77 62 10
28 87
20 46 70 16 26 13 50 23 85 31
85 10 71 10 48 74 53 71 32 51
89 74 42
90 60 29 87 86
58 81
75 84 36 23 14 74
89 90 28
47 27 67 27 65 28 73
27 40 65 26 90 84 38 21 49 22
35 22 21
35 25 77 72 39 11 25
48 58 30 82 33 64 80 21 81 30
33 29 86 77 56
89 74 20 20 85 23 61
25 59 64 26 74 27 81 58 64
81 37 61 27 44 16 29 67 52 40
17 90 68 81 35 13 75 49 65
80 33
16 32 26 87 15 15 84 21 43 70
77 77 74 69
23 47 45
24 52 63 44 52
34 78
73 77 33 14 28 45 20 34 38 47
33 76 69 19 59
63 72 19
19 50 76 89 84 37 35 27
52 90 26 75 29 45 45
69 89
61 32 13 55
79 27 30 76
54 21 76 55 19 85 82 44 21 32
36 48 87 72 18 42 52
40 54 63 78
27 45 62
65 47 87 44 58 72 89 83 67
37 13 37 49 56 11 45
35 12
38 59 59 26 46 42 44 16
13 71 82
40 50 88 38 42 64 44 85 83 87
48 23 14 75 49 16 80 12
48 28 37 15 78 43 34 17 40 41
70 81 29 34 49 18 68 59
80 12 49
32 50 68
39 86 29
23 72 17 11
57 18 70 88 40
14 60 90 69
83 53 85 72 71 60
12 19
41 64 14 76
28 73 89 45
71 69 18 84 18
23 84 89
78 81 61 88 78 41 57 14 44
23 10 39 28
30 62 74
16 21
75 29 18 18 28 31 28
39 31 32 25 28 20 56 76 40
67 53 25 16 71 26 52 42
87 64 37 20 64 72 44 89
66 42
30 63 65 45 16 10 26
40 42
83 57 81 80 90 42
40 54 37
65 10 65
24 81 90 56 32 45 28 22 80 35
32 42 68 64 26
46 32 66 61 81 38
44 65 84
82 74 43 15 64 42 62 22 78 15
83 56 63 40 24 40 13 40
66 63 17 36 53 46 53 22 36
31 27 46 80 49 36 31 36 48 34
72 43 23 60
37 10
83 42 68 71
13 49 21 73 62 47
18 81 81 88 39 26 44 65 80 85
62 37 60 47 35
63 37 15 15 14
71 34 51
32 22
67 30 44 73 27 89 25 77 79 14
36 82 17 21 39 59 34 11 86
32 26
12 66 16
88 44
64 64
62 16 48 77 19 36 82
78 73 23 90 37 72 33 39 83
61 34 59 80 90
89 22
62 76 25 21 64 47 59 50 56
41 46 89
75 88 67 56 46
64 49 83 89 33
88 40 86 20 82 58 21 16 85 10
69 51 35 79 17 87 12
71 25 40
61 61 25 35 53 23 75 50
24 46
31 29 90 37 39 10 32 17 67 57
74 69 24 31
39 61 26
47 57 67 10 87 67 66 33 17
21 38
36 82 85
23 27 12 86 39 12 64 53 49 38
19 70 49 56 36 26 72 32 18
71 25
82 54
28 45 67 70
85 89 69
26 42 11 65 86 18 90
74 55 26 25 53 65 33 42 45 49
53 28 24 87 79 82 82
11 15 56 34 31 23 51 86 18
85 24 58 66
73 44 30
76 82 87 27 60 24
56 28 49 63 80 50 69
90 90 74 50 21 82 50 15
18 87 61 16 40 17 38
89 34 43 58 64 10 39 82
27 87 89 86 57
21 40 63 32 47 22
68 46 50 55 53 15 62 16 31
41 80 59 30 80
22 54 40 34 68 52
81 63
69 20 85
79 62 53 54 42 31 60 29
81 14
86 79 24 10
52 54 58
31 19 83 37 72
15 17 50 21 21
80 66
20 35 89 64 41 29 73 36
87 52 35 64 15 83 50 52 11
79 89 88 19 31 47 30
75 20 17 54 46 58 68
89 87 18 50 14 30 11 55 85
47 60 74 64 27 78
25 87 83 62 43 50 62 69 58
40 25 84 66 40 15 74 15
13 17 80 23 55 36 73 55 25
42 77
55 85 12 23 61 65
28 15
59 24 22 24 30
30 71 25 53 61 54
22 37 62 38 53 30 40 84 10
21 23 21 11 30 55 17
23 47 80 54 83 75 74
25 36
86 59 62 48 31 90
67 56
67 16
80 27 32 19
55 76 36 27 65 80 20 66
90 16 24 49 11 74 20 49 30 36
22 17 74
23 30 84 56 68 28 53 32
79 49 20
75 11 57 90 33 88 48
87 75 90 42 36 81 54 43 80
72 19 51 37 77
80 34 39 84 90
78 74 66 45 90
42 47 50 54 47 65 86 73 55 49
45 16 22 70 73 49
83 54 16 31
15 87 51 15
86 14 61 53 67 20 16 24 76
87 40 66
10 72 66
70 25 53 62 85 59 84 58 81
19 86 51 30 90 38 74 66 48
15 33 17 12 80 89 56
71 31 76 66 62 38 38 57 23
24 13 52
24 28 70 39 56
30 14 58 36 37 81 54 26 80
32 76 72 17 51 44 62 14 26
51 56
12 15 43
75 88 77 53 27
36 69 44 43 32 76 48 73
49 55 57 90 89 28 30
44 71 86 63 90
31 46
28 48
61 55 15 40 24 48 78
21 61 49 60 25 15 75 39
14 69 83 11 80
10 16
62 16 29
76 80
16 45 13 54 33 29 65 19 84
34 89 34 79 47 39
55 40
35 56 68 36 27 75 55 52 76
58 82 31 61 61 54 15
79 24 10 38 22 34 26
79 89 39 28
64 90 54 90 26 54 70
39 56 52 46 77
16 56 60
44 74
72 22 32 23 87 21 21 52 55
41 55 50 41 87 13 36
58 17 58 13 84 22 35 65
17 34 71 15 31 83 54 44 15 81
57 61 68 88 41 43 54 38 63
44 30 23 28 50 17 40 75
37 18 32 17 39 53 26 18
31 24 84 13 76 61
26 30
70 83 77 40 22 90 58 62 32
63 30 66 87 68 89
46 24 60 59 61 74 69 64 59
81 11
61 71 67 63
15 62 84
20 32 71
88 67 33 87 28
36 78 54 88 61
77 30 12 67
78 53 27
25 54 10 13 63 84 23 86
69 83
27 79 75 21 41 62
54 32 38 40 68 41 33 24 44 11
23 43 37 24 46
33 59 85 87 53 78 53 70 82 37
32 24 72 11 47 19 42 40 66 81
19 82
33 34 65
86 64 86 70 59 17 32 62 77 11
39 18 11 54 80 12 26 24 60
16 50 36
58 64 64 82 38 36 78 12
57 77 71
48 73 32 26 21 40 27
45 46 16 76 15 63 82 72 89 16
79 87 46 26
33 44 86 16 46 82
84 64
36 10 25 53 82 60
88 45 46 76 52 27 10
56 79 55 11 30 12
65 23 73 20 30 35 30
84 56 85 18
11 85 65 89 55 20 10 17
10 82
14 62 35 34 80 11 89 29 90 35
34 71 59 44 36
52 76 54 62 50 68 43 60 68
22 84 57 46 23 44
48 49 73 62 68 89 22 27 32 83
66 44 54 44 46
15 86 10 48 72 85 23
13 86
27 55 37
14 35 52
33 65 24 56 57 25 47 27 69 81
27 22 58 44 76 55 38 90 65 57
30 90 66
80 70
42 67 57 16 82 38 79
10 15 11 82 84 44 13 52
79 32 41 13 22 89 40
88 31 40 78 10 64 45
46 51 74
55 16 90 77 33 16 70 67 19 47
24 70
43 82 19 89 50 33
80 20 45
55 38 24 31 21 39 76
39 62 66 45 42 59 71 79
20 74 50 69
60 68
83 87 46 28 42 25
70 55 29 16 85 30 66 49 18
84 66 25 80
70 90 54 30 85 45 15 62
23 74 47
41 78 39 36 43 74
53 29 18 11 37 65 20 28
26 89 76 25 68 31 35 38
87 39 49 87 11 80 37 80 44 64
43 32 10 63
27 25 30 37 44
53 58 38 85 35 75 29 79
42 27 60 54
66 81 49 35 70 87 69 11 22
57 39 88 13
41 55 61
18 71 65 84 26 53 14
86 80 21 40 71
79 16 88 11 10 89 23 57 56 53
59 61 21 39 31 51 48 12 26 41
69 61
65 50 38
47 55 18 53
35 53 67 49 35 48 11 14
62 41 61 18 83 18
18 65 38
35 55 67 11 83 87
48 31 26 25
85 82 14
39 31 33
18 81 32 27 73 56 53 81
17 83 72
60 89 55 72 62 28 12 13 43
88 51 79 26
36 66 67 60 56 24 12
86 56 44 42 63 36 40 50 21 54
84 42 48 86
17 70 43 58 75 75 63 36 50 55
31 69 89 75 81 70
32 58 71 78 17 82 42 38 10
76 87 28
82 77 66
62 39
37 84 55 75 79 69 59 69
13 26 15 90
22 16 62 66 17 45
29 79 76 36 66 52
53 16 77 80 90 41 64 13 19
72 57 68 24 78
44 26 89 15 82
66 75 50 54 61
45 22 46 88 44 32
43 64 67 47 89
44 72 18 74 59 10
75 90 32 83 30 88 67 87 68 53
38 81 44 52 34 66 55 68 55
40 70 79
51 87 74 19 88 10 20 22 49 28
46 85 54 39 64 52 68
21 45 79 13 90 72 58 62 21 37
20 13 63 19 23 60
49 72 59
39 30 77 19 60
77 53 30 89 88 18
22 80 75
10 38 50
41 22 46 70 72 72 28 69 40 20
76 23 42 45 79 29 23
43 36 26 44 64 31 44 64 47 72
74 39 35 45 18 32
53 10 72 63 49 57 11 17 28
36 57 24 85 19 41 38 73 62 88
35 70
18 18 19 69
41 20 85 57 82 74 32
75 39
81 81
15 75 74
38 72 49 35 44 74 30 28 17
54 76 87 20 21 16 84 12 15 25
16 54 90
60 64 27 44 63 14 72
70 32 79 53 69 32 77 32 76 78
87 90 67 80 27 72 14 19 78
19 10 43
43 12
48 90 16 27 31 20 86 25 42
48 44 76 17 40 75 74 45
72 49 37
48 46 75 16 44 28
15 82 33 37 34 70 47 45 86 15
59 49 28 66 14 28 66 49
47 23 72 31 61 43 16 83 13 50
18 41 49 62 65 28 18 19 39
68 88 78 21
82 55 55 40 10 27 53 88 48
57 54 31 60
63 84 60 21 55
56 80 60 85 28 53
32 65 88 23 29 68 70 45 85 48
42 13 25 22 50 10
23 84 11 50 49 51
54 36 26 72 80 50 13
63 43 24 40 22 76 34 76
82 79 75 13 55 10 45 68 84
27 58 22 49 21 65 81 19 54
22 49 28
63 74
64 17 85
24 73 17 44 37 33 14
27 66 64 10
38 38 68 44 63
90 75 21
56 10 26 64 64 49 58 88
57 30 16 19 54 36 40 87 11 29
31 57 66 24 10
62 25 39
58 85
74 74 63 32 42 60 20 24 15
33 59 69 79 71 87 17 84
80 59 41 80 88 28 30 36 27 78
25 77
78 18 77 63 29 10 69 78 50 53
38 34 52
27 85 51 11 36 57 24 70 77
87 81 21 22 67 57
11 59 14 46 76 89 33 35
79 79 10 57 66 27 51
45 12 74 59 73 76 35 85 66 46
59 28 64 60 13 68
79 66 38 39 26 42 43
89 19 76 66 36 30 68 35
66 36 24 61 12 76 18 77 30
46 33 49 67 37 40 30 66 73 62
25 77 43 10 52 85 31 45
36 21 72 66 88 90 67 31 76 87
47 45 68 23 72
43 63 81 30 23 15 32 56 15 74
52 45 21 78 56
53 69 82
90 83 42 12
78 87 52 75
20 64 85 57 77 25
58 30 79 34 73 33 62 76
54 39 73 62 75 88
26 26 84 29 22 61 30 26 88 19
54 21 51 58 85 71 46 45 69 85
55 89 76 19 87 47 19 85
51 20 36 87 32 22 42 64 19 51
79 62 50 47 72 46 18 26 41 13
21 11 34 46 89 71
18 23
28 49 11 66 62 43 39
19 54 11 87 13 64 69
72 85 15
43 42
67 78 26 63
34 77 64 68 51 81 43
50 88 51
51 52 72 54 25 50
87 60 66 23 28 17 25 20 86
90 53 81 11
74 52 33 26 16 73 23
57 64 34 38
49 13 12 61 80 68 74 33
24 44 87 71 43
77 44 82 60 21
11 43 38 24 25
13 49 49 62 88
65 75 57 42 74 81 27 89
39 85 18 14 72 52
57 79 51 59
79 89 63 89
22 47
35 25 54 19 72 87 84 78 39
37 85 11 45 89 89 22 19 72
60 40 65 64 54 37 62 72 49 19
75 34 41 19 31 53 12
18 35
12 37
10 51
19 32 46
78 20 58 42 48
39 22 54 26 22 13 74 32 35 36
44 44 76 15 62 38
62 79 26 87 21 78 16
89 80 56 62 35 21 74 14 37
18 20 28 59 63 84 12
69 17 85 16 30 72
62 69 32 49
46 63 81 28
25 39 18 29 82 30 53 28
21 16 57 39
36 63 32
18 30 69 70 89
44 89 79 17 79 16 41 29 61
65 68 85
86 58 55 27 25 84 56 67 72 13
80 33 29 75 47 61 29 62
52 50 71 18 86
74 60 35 84
46 68 41 64 18 51
75 32 48 34 38 88 69 22 44 40
15 14 83 72 11 27
58 10 52
19 38 55 12 86 44 20 62 79 20
52 61 47 49
60 19 85 26
25 19 37 26 52
74 52 71
77 35 63 80 46 32 25 17 36 52
78 22 64 53 67 33 78 78 49
12 74 71 28 35 90 27 12 87 35
31 23 85 67 45 35 74
77 90 75 89 79 53 82 21 40
61 57 71 60 37 89 86
25 23 49 67 28 70 80 38 62
64 61 31 66 76 31 81 65 74
76 23 50 62 87 30 32 49 44 43
75 56 50
75 45 41 38 32 82 11
38 84 69
74 43 75 55 28
14 16 20 50 38 75 19
77 84 68 52 61 68 23
16 45 34 33 38 62 26 32 63 90
48 54 18
74 24 88 49 68 72 58 80 74
58 52 38 35 65 71
19 14 65 63 82 16
55 16 75 12 76
80 76 33 12
11 74 18 81 74 11 48 35
90 90
40 34 39 30 23 30 37 33 10
18 28 60 27 17 45
19 86 67 19 13 58
14 31 27
46 42 84 77 66 48
79 84 75 22 85 43
22 13
46 64 22 71 59 80 15 78 63 88
19 40
56 72 75 58
32 15 52 42
80 52 49 35 80 68 88 35 42 36
10 41 37 79 13 51
38 16 62 19 79 62
52 20 73 29 52
19 13 37 44 83 15 58 44
84 82 63
44 67 53 85 79 81 27 66
15 37
73 47 81
24 69 20
32 71 36 37 38 86 90 31
78 71 30 71 33 41
39 58 50 55 79 77
77 50 54 78
49 24
71 85 59 17 32 54 32 69 56
49 11
88 42 64 36 25 39 82
26 55 15
18 19
57 49 13 53 43 62 76 81 41
75 22 43 33 24 48 46 72 38
23 67 63 42 18 27 64 90 52 89
34 47 90 78 15 78 63 86 28
86 57 39 44 71 12 80
56 61 65 33 34 33 57 67
73 28 20 69 69 57 68
78 55 44
90 40
56 85 37 36
26 13 69 77 85 27 36 27
29 39 57 63
35 41 31 12 22
74 57 16 73 22 90 38 17 36 64
68 83 89 70
26 32 13 26 51 58
23 16
71 53 51 83 61 34 65
16 78 82
20 43 33 40 20 26 54 16 12
38 32 21 79 80 19
22 42 88 65 84 16 52 27 87 44
74 36 84 84 85 27 49 31
29 37 77 24 65 34
69 24 45 86 52 13 19 26 87 41
39 37 38 63
80 73
74 90
30 74 24 57 60 54
85 80 25
51 37 76 54 62 27 66 12
14 55
84 82 54
38 53 81 49
80 63 56
42 13 59 48 44
89 71 19 68 58 53 59 60 80 63
54 72 32 33 63 60 11 53
75 42 87 57 17 39 60 82 77 13
10 10
84 58
52 44 67 40 59 30 38 81 69
67 71
75 71 37 72 37 44 36 22
22 42 52 38 42 77 47 90
24 43 41
27 78 17 34 56 18 26 52
10 49 40 88 11
33 40
61 72 29 24 23 15 61 38
75 88 37 55 40 24 78 64
21 15 64 24 16 38
29 39 71 53 69 48 39 50 67
79 88 40 27 84 41 24 30 86 54
73 44 55 85 49 28 34 71 56
10 21 10 69 15 48
72 40 12 60 54 43 12
74 42 67
22 36 83 56 16
30 35 37 27
41 43 43 58 21 49 15 44
62 47
25 15 34 62 14 66 54
78 15 81 59 21 84 15 62 46
69 12 81 37 60 11
66 61 47 53 33
68 54 77 55 58 52 18 56 56
63 24 50 56 29 22
67 16 29 57 43 80 58 45 71 45
33 84
10 48 62 55 15 40 79
86 27 50 35 67 31 55
48 31 20 67 79 70
62 40 36
47 75 26 33 75 80
55 85 50 59 72
76 31 87 53 68 51 73 25
19 83 76 79 64 64 44 26
81 10 37 23 11 26
56 37 74 25 34 45 26 72
85 49 17 68 65 14
73 16 65 46 86 34
16 24 79 44 38 80 76
61 38 61 11 63 15 28 44 62
18 69 80 73 90
71 15 56 43
80 30
30 18 66 74 88 52 61 75
31 76 68 53 13 21 24 42 30
31 28
23 25 23 85 58 23 10 78 45 30
21 29 19 79 80 19 84
86 62 63
89 13 56 44 22 13 79
26 13 43 36
72 36 48 42 72 60 53 26
57 15 14 51 42 25
30 40 36 33 21
45 24 59 81 56 62 49 83 32
44 86 63 42
41 58 67 89 80 87 49 31 22 77
68 22 10 79 18 61 13
52 59 54 10 51
47 21 23
53 85 66 36 77 80 25 73 54
20 56
78 69 23 67 12 74 86 86
54 49 36 31 67 89 42 80 33
74 24 46
14 62 58 74 17
40 30 72 34 43
36 27
31 68 23 87 13 44
27 11 52 50 21 51 65 57 36 85
19 68
13 17 88 76 57 41 65 84
34 24 51
36 71 16 89 88 33 50 64 44 26
26 52 48
78 25 38 81 49 35 82 15
57 89
16 39 42
65 38 10 80 51 33 39
83 72 68 34 49 25 85
41 32 27 15 58 34 20 49 81 35
87 80 88 81 70
81 59 76 23 24 26 15 86 84
44 19 50
66 89 23 71 72 47 16 46 54
76 66 46 73
26 33 47 75
61 24 51 82 19 60 47 54 69
50 60 21 63 56 83
63 54 79 29 40 55 82 38 37
78 74 17 22 60 32 79 68 41
24 20 43 53
12 80 64 59 88
47 52 13 82 82 74 73 45
15 48 20 23 60 70 61 48 63 27
13 54 55 56 55
46 29 41 43
13 85 63 21 11 63 19 63 89
20 18 54 87 14 24 44 83
72 86 20 36
66 19 23 20 66 56 70 70
42 16 84 30 25
29 40 83 53 19 79 73 49 48 66
30 61 42 72 38 33 81 51
57 33 38 52 25 87
34 26 73 16 61
89 40 64 12
23 66 13 45 21
12 84 28 36 74 86 20 56 44 49
59 61 81 83 12 80 89 64 28
13 17 40 41 30
45 81 27 35 84 36 69 45
64 55 66
29 90 82 80 80 10 83 85 24
38 37 10 46 83 41 66 89 11 73
52 66 68 47 20 13 20
86 44 20
51 90 90 51 17
66 79 32 28 14
20 62 60 35 63 42
41 33 60 78 43
23 33
73 43 53 34 59 68
66 62
71 20 19 75
30 62 63 55 35
47 82 53 16
86 86 17 45 54
13 32 40 62 10 56 54 78
50 23 57 50
77 22 80 57 63 36 29 54 79 36
10 47 71 61
77 64 49
36 65 89 15 53 46 55
12 14
15 26 24 62 79 50 17 42 38 59
54 15 77 24 16 63 79
15 40 46
45 24 49 90 16
29 24 72 46 38
34 13 67 83 58 35 88
40 90 52 63
56 44 84 21 80 87 56 14 61 71
53 25 50
61 14 20 21 17 12 13 65 37
12 83 26 70 71 14 35 24 88
30 19
50 86 23 76 64 38 35 24 90 39
36 63 36 55 53 79 71 71
22 50 68 42 10 18 55 62 38 80
78 75 27 79 65 56 23 79
69 23 32 57 65 77 19 54 73
51 86 56 28 53 73 36 18
80 88 49 83 89 66 71 79 47
67 43 79 80 65
71 51 70 34 34 76 75 45 58 28
56 55 31 90 44 45
37 59
33 47 12 43 39
31 29
82 90 13 78 49 37 79 49 88 62
20 27 47 58 43
28 16 60 12 62 83 65 65 36
36 73 48 78 81
81 68 21 27 72 76 40 44 53 67
90 34 29 16 68 36 66 70
75 60 78 20 63 39
21 27 73
17 66 21 51 48 87 16 82 65 73
81 32 23 87 90 49
85 78 63 54 66 89 43 30
54 63 15 53 87 71 80 47
12 69
67 52 29 57 90 42 70 25 16
19 84 62
75 76 32 15 82 11 84 87 70
68 60 52 21 78 31 63 70 89
37 88
32 22 55 31 48
83 53 33 68
54 75 11 63
71 53 65 56 14 11 59 51 64 39
71 82 63 29 23
90 60
64 68 10 22
10 66 45 11 38 42 89 16
54 21 34 23 78 88 68 37
59 25 39 88 25
57 64 28 34
40 85 16 15 39 17 59 72 31
13 11
37 40
51 17 58 45 66 73 90
89 54 29 78 72 69 67 21 63 73
27 16 27 89 37 18 28
36 55 84
15 10 25 66 66 88
54 86 45 89
27 67
54 39 48 22
70 39 71 17
24 61 89 70 55 55 10 71 70 83
68 74 26
28 25 62 61 82 37 25 47
37 29
82 25 13 54 40 80 68 35 60
35 41 44 27
37 26 29 25 45 44 12
36 55 46 89 56
27 52 15 42 55 75 72 60 52
30 26 58 61 60 10 64 87
83 37 62 37 56 83 79 20 55 77
69 13
10 61 23 75 43 74 37 65
69 32 80
33 53 50
61 12 37 23 58 45
69 90 13
85 32 29 85 84 42 69
41 31 26 60 90 49 65 53 72 43
47 14
74 43 79 28 61
44 64
54 87 78 48 15 45 42 57
80 73 62 14 31 53
28 86 11 65 25
64 59 37 18 29 19
18 68 31 30 55 85
10 36 82 12 25 81 80 46 37
13 56 54 14 46 69 53
53 15 44 88 24 37 16 18 58 36
52 78 14 13 85 16 45 75
81 38 70 19 84
39 55 28 17 16 71 22
85 37 12 10
60 52 49 37 39 54 57 50
27 50 88 17 78
42 87 10 71 68 44
74 41 26 50 35 53 52 35
38 12 79 81
42 47 17 27 64
41 87 61 18
57 34 35 34 69 39 18 19 55 74
34 51 85 63 79 87 67 70 70
42 77 52 32 60 83 44 30 26 89
66 49 37 44 13 61
74 44 38 33 85 48 22
61 79 85 40 23 52 43 65 90 12
44 48
58 50 64 32 77 34 35 47 28
16 73 58 27 30 86 26 16
36 47 87
15 77 78 17 59 31 55
14 14 47 36
87 77 70 24 36 77 87 84 29
14 45 49 79 87 86 10 74
78 61
46 17 13 29 37 34 82
41 78 65 36 11 11 38 24 20 57
25 27 15 29
27 29 88 43 16 74
69 17 86 23 44
14 33 76
88 22 34 24 50 48 35 33 14
50 36 85 80
23 12 86 46 76 78 40 18 74
69 12 73 11 14 15 24
39 39 82 78 80 40 17 55 81
49 70 21 78 88 33 49 89
14 17 19
76 38
12 42 76 42 74 25 87 81 28
31 51 56 37 20
32 31 34 29
73 27 81 13 50 25 11 51
73 53 20 74 21 84 24 17 10
84 31 19 65 74
86 15 66
34 46 27
52 30 27 67 32
30 30 47 56 29 58
44 65 66 11 74 22
49 86 55
10 31 63 50 67 15 26 28 36
20 74 37 40 29 74
48 41 62 82 31 53 19
65 45 54 60 10 23 76
11 51 39
67 73 58 52 83 57 79 33
78 45 50 44 32
65 75 66 70
37 49 34
78 35 90 79 76 38 21 68 20
29 28 52 33 67
20 21 12 54 59 76 29 59 51
33 13 80 73 56 67 17
72 18 18 83 12 44 77 31 79
55 55 17 81 67 35 45 51 20 80
78 13 43
18 42 63 11 65 43 73 74 68 81
37 83 32
47 12 71 70 84 63 30 54
41 43 33 44 62 83
71 50 22 72 24 56
23 33 60 24 76 68 63 11
81 72 19 90 44 40 53
87 21
40 74 40 80 70 80
67 13
46 43 32
73 17 89 45 34
36 31 48 51
78 14 64
41 86 39
35 29 19 24 63
43 46 63
84 84 75
18 45 51 47 87 72 20 48 63
68 36 23 18 31 53 49
88 74 21 60 76 70 31 48 72 24
56 40 66 10 16
88 79 48
67 78 38 12 11 46 49 54 85 30
69 57 36 70 36 57 43
87 10 79 36 82 15 59 45 12
19 63 23
26 41 88 62 15 67 73
43 51 17 69 46 43 35
67 31 15 55 74 22 76 42
13 14 83 82 43
17 74 12 70 79 69 52 55
28 62 16 64 30
68 87 79 73 68 78 21
45 69 57 49 77 64 17 65 72
83 51 20 62 28 65 74 46
15 35 57 47 12 69 52 11 62 55
41 10 32
65 18 77 89 73 58 14 82
25 53 36 80 52 88 42 57 32 24
51 83 88 68
52 15
68 37 34 59
20 57 43 69 77 34 77 11 12 39
54 52 49 37 75 63 57 51 71
44 51 47 49 62 25 11 86
46 16 72 14 75 58 55 77 76 57
83 37 84 41 64 84
46 60 90
13 51 62 52 22 12 53 18
24 40 89 44 24 73 89 10 58 72
66 34 51 32 88
51 59 29 50 90 32 10
90 39 80 68 63 16 17 12
51 26 29 66 42
63 25 68 87
90 19 51 66
70 25 67 27 42 53
71 42 84 59 65 10 61 21 68
40 59 60 58
76 35 27 51 50
28 25 29 88 56 21 25 88 64 41
32 51 52 87
22 33 44 40 63
10 30 49 76
66 52 46 27 70 77 62 68 42
18 56
65 65 85
27 81 83 55 23 52 86 11
86 47 29 87 43 21 48 14 38
81 10
48 73 29 29
84 85 39 35 37 45 43 82 74 85
75 81 23 47
19 80 31
84 75 11 90 75
64 74 57 83 44
77 74 10 23
43 31
54 33 12 60
50 70 72 55 26 55 65 11 72 64
84 37 75
46 29 42 32
58 62
27 83 80 87 41 83 56 29 58
27 38 68 72 12 69 54 83
63 45 87 55 81 41 22
59 70 10 31
18 20 18 65 28 65 85
26 37 40
34 42 79 78
10 67 86 87 47 76
59 40 22
40 59 51
86 59
23 33
25 65 11
59 35
63 39 63 63 31
75 68 59
36 90 51 80 55
40 45
25 90 44 64 64 59
65 39 23 90
11 38 39 64 59 22 48
88 77 78 22 37 68 83 62
37 67 48 36 20 38 90
67 64 49 80 80
16 43 55 70 28 83 43 70
45 58 27 88 51 20 60 90 47
48 74 78 76 89 88 68 79
73 68
79 20 25 74 38 34 42 34
78 82 41 10 58 67
57 23 37 30 22 40 31
37 89 25 73
83 60 75 28 10 58 73 34 10
48 13 23 14 13 71 71 80
19 26
32 73 79 59 19
74 18 90 82 68
35 68 58 33
74 55 66 12
86 16 64 82 21 11
53 75
35 79 32 45
15 53
22 46
64 39
87 41 49
32 67 29 43 73 84 34 84
35 47 20
88 89 31 42 81 52 20 88 65
14 38 21 69 50 68 43 11 10 20
43 18 56
28 66 28 81
42 78 90 63 46
25 56 28 15 38 32 59
27 18 42
20 58 86 73 27
38 20 48 13
54 14 86 41 29 59 77 35 90 59
14 22 76 63 77 28 71 44 13
12 25 79 45 45 26 55 18
34 62 65 29 12 85 13 15 29 12
88 32 11 73 85 13 26 82 47
23 65 45 12
80 44
23 80
75 70 43 12 80 62
18 81 22 32 22 23 14
42 31 40 80 67 53 70
55 80 26 90
39 14 83 39 90 51 41
22 65 23 12 12 45 25 42 66
74 22
79 79 56 59 25
48 41 36 26
56 34 50 55 75 16
88 87 74 90 90 44 40
19 13 24 31 16 13
79 62 50 90 35 16 51 67 27
11 67 77 76 74 47 89 70
24 69
54 19 25 74 50 46 15 69 88
56 47 18 81
59 57 87 81 74 64 84 60
56 74 42 11 88 37 16 52 62 31
21 84 56 15 81 50 61
58 51 32 43 34 45 49 17 18
83 87 23 67 38 40 64
47 41 53 84 82 80 12 48 86 83
56 62 87 33 84 39
38 79 64 62
73 58
49 22 90 38 12 62 86
56 12
58 66 56 67 79 21 38 76
47 40 26 76 44 81 63 81 79
66 37 43 65 81
53 76 42 18 14 12 82 70
58 59 85 21 60
59 90
44 44 77 32 50 65 53 25 27
15 34 89 58
40 82 39 42 90 19 25 57 84
85 53 80 53 68 77 22 37 79
77 70 23 27 22 50 49 46 48
72 78 24 36 45 23 45 60
38 86 80 16 10 58
12 86 21 82
24 77 69 57 89
15 61
38 58 70 68 84
81 39 10 11 83 21 82 90
65 90 40
36 47 26 66 49 85 33 48
54 34 14 17 82
75 75
81 39 41 83 48 53 74 63
64 62 46 34 23 84 50 80 58 44
15 73 17
12 25
12 90
43 16 11
89 49 53 72
43 45 89 14
22 23 45 27 72 15
12 13 78 58 31 12 13 34 28
67 34 68 67
26 29 29 54
80 52 83 10 80 15 46
77 67 12 80 86 16
26 18 66 50 52 58 43 11 35 35
51 55 84 14 42
73 34 90 62 56 61 20 42 53 22
48 28 19
53 11 40
59 89 48 84
22 60 79 32 81 46 31 63
46 50 52 33 60 19 76
57 34 26 82 24 85 83 54 41
53 79 60 77 26
81 48
36 69 89 32 41 64 74 64 34 84
48 66 89
57 38 75 66 83 41 58 61 29
47 45 80 37 84 25 79 78 39
44 12 20 17
29 89 90 85 22 80 68 51
59 43 30 26 13 65 60 66 35
28 44 15
32 44 43 82 63 70 25 40
23 56 19 35 61 12 76 66 77
86 12 63 76 79 38 20 69 72
75 79
28 47 84 16
18 63 57 47 28 66 73
84 74 54 70 28 65 88 81
11 45 76 71 26 40
30 58
68 68 15 35 11 68 82 49 21
47 25 66 30
61 48 59 59 55
76 90 19 56 25 66 36 46
35 39 26 56 80
49 72
60 54 39
30 59 85 81
53 65 13 12 51 12 37
43 28 59 14 68 19
84 81 49 37 39 30
24 74 58
29 43 18 20 82 77 10
79 67 87 25 90
44 74
37 18 28 30 89 83 74
22 28 67 22 12 81 41 45 89
36 75 68 46 79
42 13 75 22 63 74 72
82 26 46 15 18 45 58 47 63 34
65 40 25 35 54 83
54 76 32 42 45 80
30 12 50 13 90 66 21 41 21
66 72 10 22 44 50 87 19 81
60 60 29 47
14 69 72 66 75 59 21
19 40 11 10
43 37 84 18 18 84 46
43 42 77 49 53 47 35 89
49 12
46 84 78 15 14
40 45 17 56 21 50 83 30 74
39 29
73 77 71 47 55 43
53 52 46 72 71 18 65 75 39 86
85 56
50 67 62 42 23 45 58
80 51 50 82 31 23 47 64
90 41 57 87 38
62 22 13
11 88 38 89
14 60 14
31 62 86 20 38 61 12 60
65 49 69
16 51 77 44 25 64 56 44 46
57 74 55 13
25 33 47 46 20
72 48 28 90 33
64 73 87 54
47 56 32 78 29 13 31 65
78 48 25 16 51 56 39
27 65 71 89 38 90
62 11 78 44 88 57 32
22 70 47 41 73 68 31
71 69 73 77 46
41 59 87 31 56 86 59 55 35 30
22 64 85 86 21 54 17 16 10 65
68 86 47 48 65 45 50 36
81 20 21 21 66 32 86 30
26 27 86 80
81 27 65 88
65 78 38 58 74 10 31
45 87 90 76
19 23 39 76
35 31 28 51 49 39 56 60 29 73
42 16 41 30 44 25 13
46 67 14 59 66 16 61 10 29
76 80
17 17 11 72 46 57 41
40 17 49 62 49 69 15 64 88 65
80 69 84 71 10 71 71 29 87
19 47
42 64 77 79 30 27 85 76 51
47 90 37 68 63 34 58 23
53 33 84 53 13 81
25 63
62 68
35 54 37 71 87 32 73
81 45 46
39 34
87 64 82 49 87 10 12 25
75 40 53 82 11 30 40 52 90 68
87 25 46 43
82 80 33 30 39 11 26
18 66 89 18
23 90 68 53
75 70 24 24 47 23
21 19 48 57 69 70 48 74 28
22 29 20 41 37 11
62 85
77 78 47 54 78 43 84
15 17 35
42 89 74 20 68 31 84 22 25
41 35 63 85 52 27
46 21 58 49 75 21 36 43 15 53
38 13 65 86
48 16 86 85
17 19 47 65 60 35 75 21
56 73 15 23 31 80 50
48 71 36 87
39 61 30 41 34 36 37 28 67 60
24 34 23
18 35 43
33 65 12 55 54 69 37 12 49
24 74 12 10 13 59 34 55 21 68
72 31 61 31 45
40 86 85 45 28 59 64 73 39 42
57 16 89
15 10 87 34 60 30 79 71 88
68 29 87 90 80 48 55 75 59 90
43 63 11 72
37 54 37 35
42 52 46 67 21 82
17 15 16 11 50 29 10 39 67
23 35
41 85 43 42 66 63 85 46
30 21 74 72 58 66 18 65
41 70
42 29 88 42 58 80 22
41 18 54 35 51 21 26
16 78 71 36
54 33 57 45 57 47 16 88 27 75
46 88 88 30 13
42 44 44 86 85 20 17 20 65 23
45 65 88 24 23 70 75 70 26
83 59
48 31 80 62
83 88 18 52 57 14 46
21 56 57
70 28 40 83 58 69
43 48 30 34 56 79 25
19 30 66 76 22 79
64 45 24 35 37
82 19 26 77 53 56 86
34 73
88 12 29 53 17 60 73 42
48 44 28 36 54 18 87 68 43 49
50 75
37 37 25 32 64 65 30 59 78
13 56 72 64 39
70 12 73 88 55 36
51 29 65 26 63
10 32 67 53 47 24 43
45 27
19 31 87 81 20 51 29
53 12 12 33 38 34 75 74 24
46 54 26 69 31 85 41 45 37
15 55 18 24 11 30 14
71 34 26 34
44 57 15 84 57 79 17 89
78 40 29 18 35 60 69 78 38
58 63 24 59
45 86 64
37 23 46 88 86
81 69 40 24 67 81 11
19 35 58 69 13 45 33 13 13
28 78 13 63
83 57 36 15 28 33 27 69 40 86
70 78 24 71 85 49 15 52
34 88 67 38 26 78 56 29 16
28 90 26 71 30 44 29 47 22
42 63 54 30 77 34
52 55 83 86 80
78 27 47 81 89 66 87
20 21 74 81 42 27 35
55 85 47 27 64 83 30 89
72 69 40 83 58 61
10 17 60 89 90 72 56 19
39 25 35 72
23 37 60 76 54 34
74 48 10 55 26 40
10 11 42
34 27
33 90 87 58 18 36 73 43
33 72 60 83 58 24 26
88 64 35 69 81 82 41 81 18
16 42 10
82 25 28 49 33
32 66 28 55 64 79 63 31
80 72 25 69
84 59 24 35 65 32 34 88 80
28 71 66 62 46 89
68 81 76 48
80 20 10 82 25 72 16 85 14 26
28 67 44 66 10 57 56
75 52 41 63 88 56
81 46 46 38 25 35 65 41 26 80
49 74 43
69 77 57 38 69 57 85 50 32 69
64 57 25
28 15 65
60 15
34 62 41 23 90 15 23 42 86 82
52 29 23 34 23 63 57 17 80 30
14 49 18 36 39 72 86 60 87 29
54 58 30 75 71
71 78 33 48 32 62 73 61
39 69 39 59 75 60
83 21 62 80 16 47 77
68 56 18 23 40 15 11
18 50 75 41 37 57 11 77 21 86
70 70 27 28 62 38 15
60 52 70 20 45 35
58 81 49 76 27 74 51 11 24
74 41 81 85 53 32 80 32
17 20 28
78 78 80
88 50 17 58
88 32 18 24 15 60 41 45 64
77 54 18 55 12 88 77
30 22 86 58 90
63 72
22 79 54 46 12 76 70
17 39 58 52 28 88 54 73 32
75 45 21 51 66 33 62 49 49 45
30 57 50
20 21 37 21 82 69 28 46 52
65 50 50 63 72 75 47
86 23 17 28 76 57 67 46 20
12 60 48 38 88 10
14 69 84
31 80 56 87
28 68
81 19 50 14
69 80 25 61 35 35 90 53
47 81 17
55 37 42 64 13 63 69 75 59 50
52 79 19 77 39
29 33 28 44 19 69
19 31 80 72 37 22 45
50 77 72 69 65 67 53 49 26 72
30 82 12 75 30 48 33 49 82
43 77 68 81 66 49 27 13
35 69
33 47 76 90
50 41 23 82 61 30 85 46 67
85 41 49 37 74 35 14
26 70
30 79
89 26 81 62 11 80 13
46 26 59 17 63 69
39 36 63 70 76 26 53
46 43 53 25 50 89 30 82 87 46
74 63
77 56 34 13 25 57 82
51 30 46 23
47 55 68 73 11 36 51 26 76 65
68 62 33 66 61 87 69 48 52
51 83 75 58
35 78 48 65
20 29 86 83
32 60 63 17
50 10 21 74 66 73 86 45
63 63 87 56
54 74 89 57
63 59 57
54 65 38
34 26 84 75 67
86 50 76 84
46 39 33 18 51 14 72 14
71 77 34 43 45 81 51
56 15 10 15 31 19 80 88
11 63 14
33 50 50 73 74
77 56
81 52 17 24 20
31 62 68 12 83 84 17 23 13
37 48 40 90 68 50
27 90 47 26 10
88 31 39 49 38 54 60
10 47 90 12 39 84 35 68
64 14 60 13 30
70 85
69 41 21 85 80 19 41 29
70 89 43 11 24
11 26 44 85 67 22 32 57 42
76 62 60 55 56 55 34 22 66
12 75 76 47 59 71 45 11 72
17 73 10 67 83 83
40 49 31 47 35 18 16 15
77 55 12 53 90 30 53 75 67 21
37 39
21 62 35 37 38 43 30 43 74 85
30 45
53 51 78 39 15 81 82 14
61 14 13
59 40 36 21 52 23 62 14
14 34 85 78 45 74 34 80
77 40 75 41 62 65 33 66 10
71 13
55 60 59 82 37 72 69 41
74 82 43 77 36 42 20
39 22 72 23 54 43 13 12
29 21 30 33 27 11 18 11
45 74 78 11 32 77 83 66 63 28
90 60 46 21 57 75 65 90 78
49 17 13
56 47 87 64 48 14 34 31
35 54
44 45 57 62 68 56
24 67 13
58 28 12 50 68 35 70 63 81
75 70 80 79 13 37 87
16 64 88 67 46 76 44 11 32 74
52 89 68 70 10
63 35 22 35 41 54 19 20
24 39 87 20 18 28 90
85 46 17 38 63 39 22 57
20 50 77 36 84 49 61 15 10 11
35 37 45 49 66
75 74 75 75
69 46 22 32 34 68 44
74 70
60 15 50 19 82 56
18 57
45 11 19 36 58 84 36 58 84
52 55 70 74 80 47
87 30 39 53 81 45 13 25 52
34 77 41 84 31 42
74 25
19 73 31 66 50
45 33 82 82 67 78
32 40 28 67 59
44 43 83 30 74 11 68 25
51 56 58 76
79 51 13 81 87 37 72 78 29 75
51 41 59 43 90 27 13 43
33 26
10 58
67 23 40 52
44 29 71 35 25 33
28 53 33 60 29 64
79 63
82 31 71 24 64 17 41 31 80
60 29 11 37 64 30 34
61 57 62 79 35 85 64
58 18 59 47 70 50 84 66 80
90 46 78 79
48 34 71 10 23 10 34 53
17 24 65 42 35 39 38 18
87 71 42 62 65 17 52 31 16 88
21 83
61 63
90 79
52 65 40 82 40 88 42
36 51 57 32 47
20 21 31 62 43 54 75
81 68 66 67 40 64
45 87 43 19
50 65 50 83 59 76 59 41 33 15
43 27
14 76 56 15
62 73 44 38 38 17 29
14 62
56 21 57
29 42 16 78 73 40 19
73 36 56 13 37 37 18 15 24 16
52 44 72
27 11 42 35 58 69 17 79 89
86 11 48 51 20
33 62 73
89 19 76 29 33 82 84 10
82 71 69 83 38 13 66 32 20 71
60 82 48 33
58 34 81 30 16 43 44
28 80 80 20 89 80
15 76 40 24 23 43 15 45 69
82 38 83 39 61
22 20 25 58 42 74 28 73
33 62 37
51 89 37 36 54
65 87 72 36 66
43 29 66 88 16
19 42
68 75 24 21 73 41
45 69 81 21 83 43 64 47 19
59 82 80 50 65 48 86 40 45 11
55 59 87
43 20 75 26
28 77 46 18 23 54 68 77
77 57 76 84 62 51 58 20 46
55 63 70 35 32 67 89
12 73 32 70 26 18 41 51 32 86
34 21
81 22 24 69
88 79 51 21 43 24 17 85 62
83 52 11
75 72
18 38 74 56 33 11 81 61 32
89 46 65 78 59 69 39
38 69 78 32 40 77 40 17 13
17 10 55 26 39
72 62 56
48 13 10 47 65 81 50
60 79 13 88 73 16 45
18 75 46
32 69 22 12 20
40 83 39 21 86 77 24
49 79 12 90
78 13 41 10 12
45 40
45 11 19 67 71 48 69 81 24 35
53 46 20 56 77 31 30 81 49
12 52 65 60 52 67 49 22 16 46
34 56 34 30 13
20 27 70
87 41 61 68 27 17 88 18 57
36 34 33 21 77 90
24 31 16 72 55 62 32
81 67 21 33
62 45
32 22 14 39 36 38
85 64 62 27
64 42 45 78 63
60 44 54 17 28
74 55 84 29 42 38 31 64 67
29 28 79 56 22 53 27 55 54
22 24 85 75 82 54 28 45 77 63
60 43 24 14 76 52 35
44 77 84
65 66 90 43 18 54 87 90 82
84 67 28 63
79 65 89
34 42 33 54
11 14 17 45 16 27 17 88
32 40 10
53 25 84 64
60 82 22 87 70 77 85 80
52 22 15 20 39 20 28 75 26 61
39 69 39 70 85 57 32 36 51
60 20 28 89
88 10 43 12 37 20
42 31 70 68 65 70
35 12 49
42 44 23
66 49 65 77 35 11 14 49 33
49 66
11 77
60 33 73 37 88 52
48 55 22 67 22 56 80 36 48 55
50 15 12
54 51
12 27 44 14 29 47 80 52 45
65 87 15 22 67 27 79 14 89
41 46 48 58
69 76 67 32 36 81 35
50 55 23 87 44 81 41
55 54 81 83 46
71 51 32 81 17 84 54
80 33 50
55 11 62 15 71 38 76 84 50 45
17 47
61 37
32 77 44 73
50 80 27 14 70 17 37 29 14 17
83 39 27
24 36 70 60
77 16 17 63 59 71 86 45
68 69 81 74 87
53 29 63
49 70 45 41 18 78 61 49 39
18 82 59 40
32 24 20 43 76 66 36
56 19 66 82 79 85 54 77 44 34
10 58 50
16 79 44 40 86 12 86
50 20 61 18 86 37 45 65 83
41 10 74 51 54 76 20 13
21 62 88 89 84 77
50 88 60 45 49
71 19 44 66 46 14 57 55 10 88
74 64
60 75 22 17 86 90 15 19 83 17
42 14 52 13 69
74 79 48 66 34 68 32
68 45 59 68 18 68 37 83
60 13 14 65 22 22 72
71 12 41 74 71 44 73 75
48 19 76 86 23 69 40 73 46
66 89 57
59 77 26 49 89 38 31
34 49 44 33 45
16 30 21 70 55
66 68 81 31 66
86 41 51 69 53 35 55 69 75
17 31 56 57 86 25 81 56 29
76 56 82 40 68
34 58 14 90
90 57 78 68 35 38 32 14 38 11
75 73
86 89 90 52
21 53 89 13 84 66 76 43
80 58 76 15 40
73 66 42 31 70 71 48 16
30 25 67 44 25 44 12 36 87
55 15
41 48
46 32 42 51 62 30
37 62 87 32 58 44
55 80 70 47 50 85 81 52 46 77
11 18 60 58 72 26 29
58 87 66 13 46
82 58
65 27 30 29 32
66 72 19 72 34 56 75 12 73 83
40 64 14 59 84 78 55
82 26 12 89
69 63 26 25 18 49 24 74 30 34
70 15 56 88 78 48 76 27 37 80
30 83 73
90 24 33 88 24 27
40 42 85 79 57 84
16 65 30 21 30 28 89 84 13
31 18 58 51 10 40
26 71 79
85 15 90 34 64 19
46 13 80 52
19 79 40 37
33 56 59 54
26 15 81 73 77 32 53 65 45
86 61 87
86 35 30 24
72 18 50 60 48 12 62
59 30 35 48 63 56 54 45 42
23 32 47 76 43
72 28 12 33 48 27 63 46 51
15 24 25 84 85
39 45 47 11 10 11 62 58 12 10
49 76 49 72 74 67 10
40 43 69 76 84 17 17 17
10 27 31 55 63 84
79 20
63 23 61 68 78 62 26
45 18 76 51 49 28 46
37 53 57 44 10 73
47 38 65 40 20 54
86 42 80 56 19 67 44
52 79 76 37 56 50 55 27
17 86
51 86 56 38
84 12 72 29 72 48 24
37 87 49 30 40 26
44 11 35 25 52 15 42 52 23 37
80 48 80 43 80 89 62 78
43 51 58 73 79 54 47 34 19 63
53 64 56 69 25 62 36
10 80 27
53 32 33 59 31 85 46 64 53
31 51 10 75 88 34 84
56 63 50 21 57 81 89
74 89 23 26 79 67 64 37 35 85
87 75 74 83 15
19 16 48 43 25 34 24 78 74
44 64 50 69 63 65 82 79
58 53 15 83 63 36 79 47 35
69 76 32 75 50 81 25 74
13 57 57 63 46 32 41
87 33
49 16 82 70 25 71
13 43 57 26 21 58 48
17 39 37 81
56 63 26 28 19 48 76
45 34 73 19 40 81 15 55 61
75 29 83
57 51 81 68 58 45 30 65 14
37 46 30 62 19
31 70 55 14 80
85 85 82
30 66 90 39 82 56 80 88 50
42 70 37 46 72 81 82 27 52 11
74 71
13 76
88 86 45 84 42 36 83 71 28 49
41 24 48 74 84
29 81 82
33 59 38 87
34 24 45 20 85 58 31
51 63 66 60
19 34 44 50 48 83
57 84 69 48 10 15 71
43 68 11 67 17 62
27 46 34 57
22 48 72 72 73
25 32 69 33 72
42 66 90 42 71 86 11 39 79 28
22 15 34 39 67
21 80 21
77 83 57 18 34 15
57 77 54 90
53 41 48 49 58 77
76 33 65 17 73 14 74 56 41
84 10 66 76 57 90 19 78 11 67
56 82
34 48 14 89
16 52 17 40 26 24 22 46
85 78 77 78 13 68 79 76 67
64 85 81 53 66 88 20 90 45
89 51 47 50 75 77 82
24 38 22 34 25 25 37 44 83
29 76 40 83 86 46 62 61 43
60 13 21 74 71 58 49 55 60 41
10 85 82 34 35 32 78
40 13 88 25 59 16 20
68 87 63 65 57 66
56 46 60 15 10
62 70 29
77 70 81
57 59 48 76 72 80 44 13 90 48
22 20 61 69 76 63 50
32 55 48 67
43 22 88 29 82 78 53 64 62
65 44 16 18 63 31 72 60 43 17
37 83
78 56 56 58 14 49 10 63
88 83 68 76 61 57 47 78
16 19 39 86 57
55 90 43
53 35 51 56 17 32 23 21 71
74 57 37 82 34 38
81 10 72 37 17 82 66
48 11 73 63
24 25 86 81 71 12 23 20 39
49 38
76 30 26 23 24
24 86 60 47 77 52 65
53 47 23 23 77 54
68 35 52 16 61 81 25 19
17 86
34 34
73 48 74 42 20 76 84
36 63 47 65
34 28 35 27 69
33 39 67 48 49 20
60 10 31 84 78 13 58 77 45 68
55 53 24 27 25 79 28 49
53 66 11 55 89 40
63 14 57 44 64
81 58 61 84
47 54 18 35 18 61 65 51
69 69 51 11 47 43
11 57
48 29 79
79 68 78 69 51 48 62
21 42
62 50
53 27 63 31 21 40
59 73 66 76
66 50 75 70
79 47 58 58 89 32 45 80 59
80 30 53 67 73 70
30 81
68 65 83
67 48 35 26 48 14 87
67 70 84 65 27 55 71 76 57 76
19 68 14 14 33 50
59 44 76 68 13 52
54 84 79 74 15 24 66 76
41 28 79 37 14 45 22 36
81 56 75 39 16 86 88 50 72
69 49 31 48 43 19 47 48 34 22
58 69 68 62 31
16 44 49 77 50 14 78 14
73 27 11 54 18 86 13 39 59 62
15 35 89 44 75
38 68 43 60 81 65 29 39 68 69
55 89 86 37 25 87 82 33
20 63 51
37 73 32 35 26 32 32 54
65 39 15 39 58 44 16 52
77 50 89 24 66
31 24 12
77 70 54 39
11 80 68 34 21 47 65 11
71 41 60 40
22 59 66 62 73 80 53 84 36 68
83 70 81 62
42 63
35 22 36 89 78 37 10
84 60 39
88 24
76 87 53 54
79 31 27 87 27 17 58 52 50
66 10
27 89 62 71 24 61
10 90 62 88 39 35 89 36 13
41 82 90 58 78 26 66 61 68
17 60 57 82 77 72
73 86 39 63 86 54 50
84 11
29 14 11 76 87 11 44
43 35 77 21 82 84 87 48 10 89
69 72 25
60 36 61 19 61 70 36 85 24
86 10 53 22 60 68
85 54 83
47 79 49
77 69 25
19 48 43
35 53 32 14 79 26 29 45
29 88
79 66 15 89 29 23
83 11 64 55 13 42 71 78 67 44
38 69 89 76
13 11 12
54 47 62 13
37 34 49 72 47 64 80 64 37
68 70 25 55 62 75 75 25 54 74
37 77
55 50 72 11 21 10 52 64 51 10
88 64
78 10 86 55 86 36 19 74 21
89 65
90 11 85 42 56 61 23 73 72 40
46 81 34 17 13 88 58 81
54 61 35 80 86 18
15 16
23 31 82
64 63 85 12 45 66 42 69
48 28
68 41 28 74 55 72 45 80 77
88 78 61 29 68
51 76 18 24
12 42
84 10 29 31 64 48 81 41 79
41 59 15 76 64 83 41 77 86 12
79 12 57 64 20 87 54 38
79 31 54
52 28 55 59 59 60 67 90 28
10 18
58 85 60
10 48 78 73 38
69 82 51 33 86 88
12 66 14 74 34 80
10 14 12 73 31 20
79 15 48 80 31 22 67 14 50 15
57 72 47 68 69 34 86 44 54
84 59 53 85 64
83 85 82
89 22 29 78 44 41 70 64 16 75
79 56 35 72 50 59 68 85 38
78 88 41 88 77 22 16 71 13
85 26 32 72 76 80 51
21 51 36 26 16
88 56 45 81 66 90 53 70
19 83 89 31 89 69 50
63 82 50
67 39 36 41 66 77 84
83 54
64 25 86 56 24 64 35
73 43 34 29 58 28 86 59 16 77
82 70 79 27 36 55 13 29
21 90 83 75 40 79 40 54 68
15 51 50 55 86 17 89 81 82 30
26 21 63 14 38 89
41 28 63 52
55 52 73 43 18 52 21 89
78 48
73 71
80 63 71 73 79 82 45
29 43 84 60 77 56 37 45 20 79
70 87 69 16 21 51 84 75 13 82
54 71 28
53 32 25 23 40 60 73 33
59 14 72 14 41 77 47 20 73 42
19 18 35 85 22 42 66
39 19
17 41 57 31 71 43 13 30 78
50 76 17 81 62 55 26
87 58 70 14 18 80 42
71 34 80 80 66 22 30
43 26 81 46
85 50 22 70 57 28 41 21 61
33 44 86 38 53 10 86 29 71
34 60 85
15 59
48 49 51 19 43 10 47
58 66 85
52 21 28 86 32
64 49 67 18 29 87 42 15 16 14
81 19 74
76 84 89 12 40
76 31 47 70 89 74 23 85 16
74 71 62 83 90
50 14 15
41 87 63 40 52 49 33 66 67 80
52 36
31 51
45 45 87
44 67
36 83 25 77 22 47 56 69 59
19 20 84
76 60 47 30 21 90 21
50 76 28 20 89
54 65 25
57 41 83 70 13 64 48 62
73 72 11
73 77 78 12 23 12
72 68 41 90
39 89 58 29 24 64 77
72 72 74 45 45 45 54 28 42
59 40
62 59 55 81 88 52 58
68 46 67
13 87 80 83
60 64 86 59 34 56 29 78 74
43 58 11 10 46 60 71 52
49 19
26 71 78 82
90 88 82 23 57 71 18 42 15 65
83 64 32 51 48 49 67 19
64 61 16 22 70 27 38 51
45 66 46 42 58
25 54 68 57 59 58 27
32 65 28 86 23 21
63 75 65 70 22 60
66 36 59 20 12
69 76 81 84 39 74 50
42 83 82 80 58 35 75
46 14 60 46 69 55 58
67 33 81 52 60 18 57 38 19 47
48 30 22
78 14 69 67 78 14 67
66 71 60 22
24 86 29
45 35 58 14 59 40 58 68
14 41 49 26
36 46 23
50 43 86
19 83 19 47 57 49
11 71 12 52 39
20 85 15 13 88 19
46 51 64 88 23 12 26 63 46 38
55 30 47 27 12
75 14 66 13 72 30
83 25 41 86 38 66 56 74 43
87 56 48 23 28 84 51 56 64 87
81 89 23 65
14 84
51 29
82 76 13
51 76 28
30 24
68 53 18
29 80 50 25 17 40
30 31 42 51 24 42 11
50 18 44 70 37 21
71 30
20 21
64 29 71 18 35
34 42 77 64 63
15 39 48 64 56 16 39 64 67
26 13 14 22 49 15 32 60
21 15 86 30 40 42 70 72 29 43
52 64 89 25 53 70 48
43 24 42 59 43 47 71 82 68 29
67 56 89 78 76 38
71 35 49 39
26 13 35 42
15 80 80 48 29 32 33 62 85 29
62 48 46 54 14 44 41
88 61 12 49 35 41 60
44 85 19 26 25 89 31 64
69 22 14 63 41 73 34 15 45 13
14 61 40 12 31 58 67 73 90
50 59 62 59 10 78 73 32
25 10 79 29 64 29 27
34 62 43 59 67 13
85 50 73 77 32 88 38 88
90 72 57 77
79 53 69 15 41 88 69 77 41 17
12 50 86
53 36 79 13 34
51 32 28
79 28 46 61 14
66 74
71 24 18 65 26
72 37 51 48 48
26 90
45 33 41 87 71 75
59 12 16 46 33 32 21 16
82 46 35 56 63 74 53 25 50 26
21 43 78 78 78 20 44 90
28 76
31 18 21 70
32 76 73 39 47
85 35 16 64 50 73 80 38 84
41 71 36 52 40 35
59 21 50 15 45 78
75 35 76 58
48 81 75
88 48 49
54 13 79 76 44 76 37 21
63 70 90 90 46 14 44 33
44 58 15 11 48 54
33 53 15 87 11 10 50 14 79 52
64 79 76
67 72 14 82 27 35 51
39 86 33 45
88 24 30 30 67
26 84 51 67 24 56 28
45 32 80 66 90 61 71 81
15 58 69 60 53
30 81
44 21 61 36 78 12 46 55
60 36 22 64 71 61 53
60 40 43 66 59 64 33 38 49 11
70 83 22 39 29 89 82 32 10 37
86 22 22 33 11 19
54 72 69 19
61 69 29 19 32
21 13 47 29 41 77
55 84
55 30 89 50 58 36
59 61 83 38 42 78 48 88 48 26
57 48 85 68 67 57 22 33 59
78 52 88 42 88
18 55 31 17 23 18
68 66 12 25 64 50 41 15
14 90 26 71 73 39 29
40 16 19 37 64 16
88 62 86 30
13 46
69 64 18 58 40 49
63 69
14 65 61 43 84 28 90 25
36 80
10 12 30 86 33 47 24 85
83 58 49 51 23
40 11 83 28 16 57
65 67 33 64 82 60 10
28 26 74 49 21 32 21 51 26
59 90 90 19 23 39 65
31 84 46 13 89 21 70
75 62 16
58 50
57 89 53 79 19 13 14 77 63
11 88 43 40 79 73
72 29 81 86 40 60 42 40
64 41 15 23 57
38 36 67 63 55 71 65 43 10
57 59 16 45 42
42 61 74 37
43 85 56 81 74 87 21 22 70
66 31
39 76 46 13 45
70 11 31 12 46 63 86 78 49
40 81 37 50 46 43 33
54 45 54 37 21 75
66 76 63
30 35 81 47 56
18 44 13
18 88 51 89 34 10
84 33 28 47 85 88 90
88 11 22 74 64
29 24 22 83 70 30
39 33
47 46 63 61 71 64 31
22 65
32 63 36 69 60 53 81 59 26 23
41 51 87 36 72 87
30 18
67 72 25 63 61 62 52 89 36 78
24 23 90 10 82
75 18 45 79 65 86 10 26
23 33 39
78 15 28 12 84
80 45 13 25 48 50
78 49 72
71 56 12 25 61 83 21
35 29 74 58 58 31 45 79
63 72 86
42 89 84 16 48 49 84 22
78 84
16 18 62
45 49 33 81 48 82 48 85 52
60 25 50 71 67 83 85 76 24
50 33 70 86 20
88 26 23 75 41 74 49 64
88 71
82 33 16
64 56 47 56 64
42 78 89 82 20 85
31 73 10 63 21 75 13
34 84 59 47 64 22
22 28 31
75 84 42 48 51
52 65 65
59 68 18 58 68 72 69 53 10
12 84
49 74 77 12 86
49 88 15 43 39
19 38 30 74 28 18 59
26 26 64 23 20 26 40
44 33
18 32 51 37 28
76 25 12 44 70 72 53 17 27 53
51 21 31 68 37 21 16 63 53
63 88
21 15 27 79 58 61
44 11 63 13 71 60 73
12 35 55 54 46
31 89 22
61 66 90 50 63 20 77 84 37
52 89 35
25 88 40 87
22 25
63 70 38 18
75 32 19 38 19 75 53 59 63 63
73 90 20 34 23 61 61 55 74 26
56 39 82 56 11
85 36 59 69 74 84 16
69 59 83 57 47 38 39 63 64 79
50 49 56
66 32 14 30 24 60 47
54 73 76
73 69 71 81 63
74 30 12
59 65
48 67 82 22 32 24 13 71 44
85 29 71 21 90 69 22
67 81 28 74
90 57 25 12 19 90 67 51
59 42 76 17 72 79 78 25 38 88
34 18 43 28 30 16 86 36 51
31 50 51 46 52 60 46
36 18 29 68 19 52 49 24 39 64
36 33 11 60 83 29 15 24
42 65 18 63 41 59 35
44 71 53 70 14 89 47 24 50 21
15 10 15
34 16 27 42 51 32
82 64 47
53 78 75 78 86 28 74 65 24 78
77 27 38 89 71 43 89 11 10 48
27 80 75 49 62 82 39
81 17 86 65 85 81 19 84 55 33
27 19 40 56 17 20 24
38 24 70 61 41 76
16 47 52 45 55 59 52 50
62 40 58 71 86
67 38 26 16 19 49 43 34 71 71
51 57
36 44 37 89 86 88 53
49 12 29 36 58 77 16 53
89 17 19 15
74 48 82 55 44 56 31
77 73
23 71 56 20 33 35 75 51 54
18 57 42 78 50 56 85 75 61 52
34 44 38 84 90
20 76 57 54 24 53
34 11 77 34 52 56 60 61 22
64 78 73 74 78 60 35 62 19 69
13 84 75 23 85 41 83 18 20 44
21 30 82 64 11
50 40 84 23 27
87 31 52
83 77 26 82 80
66 28
33 37 38 43 71 22
26 13 43 27 87 83 57 80 31 10
43 31 49 81 23 36 16 14 41 41
60 61 29 22 90 78 83
57 34 40 10
36 18 34 42 56 34 39
55 79 79 68 24 20 88 71 52
56 22
68 37 41 60 48 89 19 14 24 61
48 85 88
44 37 28
25 32 82 55 43 14 51 85 24
32 68 75 60 35 61 33 49 70
79 56
36 50
56 84 59 90 17 90 47 24
80 29 31 90 59 38 48 52
17 77 89 40 35
84 39 34 12 66 10 34
19 84 62
83 34 57 63 40 11 84 39
47 12 38 59 19
74 66 66 52 59 14 11
86 11 20 58 37 13
70 87 70 36 75 19 54 68 64 39
67 67 24 11 17
67 89 49 51 28 67 37 40
48 88 30 67 59 90
54 36 63 63 15 56 52 44
44 21 20 46 28 33
42 73 80 60 65
90 58 80 23 79 73 72 78 61
39 50 23 44 31 65 79 27 19
53 71 43 76 18 75 74 88 60 48
60 16 45 73 20
54 88 14 14 37 54 43 71 75 17
27 42 74 70
42 72 47
71 44 12 29 90 62 51
60 61 62 39 74 66 43 20 45 76
30 18 82 63 67 82 59 14 49
67 82 20 37 19
36 87
71 56 17 59 85
50 53
86 54 34 41 78 42 13 54 33 62
72 27 67 79
13 23 34 56 19 72 36 81 79 20
86 61
23 72 32 63 38 20 14 41 80
29 80
62 57 39 41 60 53 66 41 62
68 69 51 13 69 63 80 48 76 61
64 89 15 69 56 86 31 10
56 78 41 86
27 64 20
35 73 51 29 49
89 21
62 87 31 41 61 45 47
10 58
26 42 58 14 90
49 42 42 59 90 83 41
22 80 47 36 27
88 23 53 54 90 89 26 70
74 56 41 42 39 61 41
19 73 49 84 88 41 50 64 69
36 14
43 27 21 86 88 20 19 23 16 34
62 81 55 10 67 86
11 84 72 85 81 38 44
33 89 32 53 71 65 71 17 77
27 21 16 49 45 29
51 74 36
85 59 44 78 56 38 85 20
81 43 22 22 86 83 13 66
80 59 42 10 66 17 62 20
38 85 70 72 14 54 25 18 20 70
30 67 83 63
30 58 87 33 50 21 38 34
55 25 12 26 36 29 70 46
67 66 69 83 74 79 78
34 70 84 87 75
70 87 63 45 18 11 86
56 36 15 88 78
67 33 81 44 25 59
89 63 39 10 87 18 84 18
33 13 15
65 39 88 60 42 69 86
66 74 38 58 32 44 11 47 12 69
81 33 62 77 42 71 20 50 14
55 26 14 84 39 80 51
75 39 73 74 84 40 32 37 58
56 36 56 46 60
49 27 24 59 83 44 89 64
28 73 24 17 50
18 14 29 17 23
39 67 58 50
85 31 68 70 65 42
14 27 30 48 25
33 60
47 67 74 84 75 13 38 83 27 38
84 87 87
81 44 34 76 18 67
22 84 59 76 34 69
84 12 71 61 76 80 61 79 43 53
71 26 24 67 22
73 72
58 80 72 87 27 65 56
24 50 36 34
16 20 53 21 71 57
50 79 35 66 28 11 13 90 10 76
74 81 11 71 18 82
20 15 27 63 39 85 69 49
16 46 29 76 86 33 20 77 68 38
67 38 81 87 37 72 88 17 80
75 25 19 11 78 65 21 73
74 14 75 29 80 70
26 56 45 54 62 37
52 33 44 33 46 68 38 50 68
60 70 73 34 16 71 63 81
48 35 65 43
81 90 48 60
75 83 38 34 52 78
29 41 46 88 20 31
84 55 89
27 14
81 39 39 34 42
49 15 14 35 15 87 63 39 64 66
84 17 87 16 27 27 24
88 38 10
43 65 31 72 29
39 64 29 44 84 54 50 15 42
69 18 55 62 25 67
42 19 17 69
46 85 63 14 59 19
13 80 41
34 75 60 78 50
29 55 59
35 31
28 40 20 37 64 14
35 89 48 39 73
40 76
87 52 21 72 37 89 47
43 27 76 87 53 32 64 87 63 90
52 13 34 77 11 72 41
54 71 59
68 36 68 65 79 82
15 35 39 82
17 39 20
11 36 52 69 39
55 41 74 86 40 54
25 20 60
79 50 56 70 77
14 25 68 67 48 17
67 34 39 29 13
31 74 34 14 70 81
62 15 69 47 88
22 69
89 56 73 40 49 49 78 56
55 16 81 90 35 75 30 18
50 13 89 18 81 29 12 53 43 75
21 52 64
34 13 26 74 16
51 77 29 58 76 54 42 31
66 72 82 65 15 73 19 33 35 52
26 80 59 80 56 19 18 88 83
86 59 27 24 26
85 74
73 50 47 64 40 52
65 75
43 17 23 32 66 28 13 75
11 83 82 22 68 18 52 19 37 46
12 28 59 49
89 10 54
10 67 31 17 15 69 73 33
74 75
82 67 21 59 10 63 85 37 35 78
53 62 13 61
13 25 64 13 17
20 23 64 19 46 62
47 61 25 39 88 10 39 61 85 67
88 31 64 59 35 35
54 66 17 74 73 28 84 86 18
58 70
14 57 68 59 54 68 88 24
80 35 75 21 90 43 62 50 12
25 19 24 88 54 34
62 68
57 30 22
88 71 68 81 68 17
58 59 52 85 74 85
33 87 22 64 31 37 77 10 77 86
54 78 45 74 25 74 87
51 77 64 75 54 47
15 41 42 25 22 65 37 50
75 77 40
63 36 63 27
33 26 55 16
66 74 25 55 58 70
26 10 42
42 70 48 69 30
53 32 41
21 67 26 54 32 49 70 12 71 18
54 34 33 37 29 50
45 18 20 77 78 58 72 33 59
56 26 78 83 18 29 46 40
25 58 65 50
28 74 10 72 28 50 34 63
61 66 62 44 47
29 71 82
75 74 53 13 29 19 23 61 67 78
28 31 84
12 37
53 90 52 23 81
57 37 50 76
41 30 18 25 74 37 60 83 50 30
53 40 13 75
47 12 76 41 55
19 84 82
51 29
52 53 87 89
37 72 23 87 80 64 27 80
57 18 26 16 56 45 17 22 25
47 35 26 21 76 61 66 53 23 62
90 89 48 22 86 53 11
43 44 85 51 76
32 30
45 62 58 17 87 74 44 88
20 50 73 72 11 88 71 65 20
28 37 13 61
88 37 57 24 60 12 64 30 80
53 76 31 88 89
17 49 64 79 66 77 75 40 87 66
50 69 44
83 88 12 32
31 86
20 26 55 22
68 20 54 75 75 43 80 66 29 64
42 56 15 82 50 66
42 63
80 45 61 75 63
27 43 18 15 21 29 59 86 29
75 86 47
27 79 30
70 70 23 16 38 76
27 46 48 28 18 45 61 68 53
79 72 51 90
68 10 22
65 39 12 20 77 88 15
30 59
17 12 64
46 88 10
65 53 88 53 35 48 69 52
69 64 40 59 28 59 69 14 72
30 27 59 48 35 61 21 81 16 18
38 90 43 35 52 84 90 46 61 25
50 71 89 68 55 67 89
83 28
67 82 14 37 12 85 59 37 10 22
60 63 13 69 62 50 40 77 80 80
79 74 38
72 81 63 25 61 39 17 65 82
60 66
76 78
45 51 11 24 38 51 70 41
59 24 28 58 68
39 59 78 55 29 27 78 19 34 22
10 75 71 13 72 25 70
39 18
34 49 80 84 63 33 67
32 16 24 36 77
53 64 69 77 76 63
76 43 16 58
76 40 23 19 80 48
69 57 46 11 33
50 55 26 76
76 54 46 70
48 42 59
76 81 81 60 82 31 89
20 62 75
28 31 31 68 33 71
65 72 15 66
51 45 17 89 13 82 32 79 72
64 79 59 62 80
34 81 89 68 21 30 45
26 19 50 89 24 42 49
77 56 80
47 21 84 44 49 57 33 18 45
12 85 28
62 55 47
40 63 42 16 61 56 48
46 50 82 35 56 55 62 49 24 21
47 29 83 11 31 77
48 48 10
87 56 58 38 62
19 19 70 72 60 78 32 41 58
80 72 15 37 45
29 46 87 15 65 45
81 39 66 47 22 30 18 73
44 68 36 29
59 60
53 65 20
12 71 33
26 29 53
64 48 88 29 23 60 57 43
39 89 37 17
72 78 18 41 26 61 32 52
34 32 67 87 64 22 49 70 11
83 30 36 52 13 85 46
83 73 65 43 55 53 51
85 38 43 62
83 19 65 80 73 77 54 52 13 67
34 12 22 53 87 58 85 15 57 60
37 38 24 48
52 17 19 50
28 24 14 26 26 59 68 29
38 69 53 51 31 65 18
86 81 27 43 27 71 74
28 35
53 75 39 71 24 44 87
28 80 11
44 86 63 85 43
28 75
35 11 82 52 88 81 59
26 73 68 26 22 64 57 72
38 25 81 39 19
51 72 28 84 34 63 68 73
85 81 65 82 71 34 32 87
90 39 44 79 21 41
49 72
14 16 14 55 13 48 48 38
25 36 33 35 26 24 42 88 48 64
70 79
40 67
87 56 50 69
54 10 55 18 14 13 56 58 39
84 79 47 20 12 79 33
52 42 45 40
10 32 16 88 13 56
54 19
19 43 21 22 24 85 67 36 79
73 24 73 61 47 48 38 14 19
36 19 25 59
44 40 39 89 66 47
18 74 45 49 69 37 75 73 18
87 16 44
55 89 79 80 17 41
33 90 63 83 39 11 81
64 23 39 64
78 42 21 78 24
61 36 51
20 15 29 89 20
55 35 75 54 88 68 19 24 74 39
88 84 68 71 87 35
75 65 52 45 26 13 82 36 34
50 45 63
70 63 75 83 56 84 32
49 36 53 58 29
55 54 57 55 28
25 60 37 17 86 62 43 46
15 67 11 85 51 19 50 61
15 35 68 74 83 87
63 67 15 43 20 39 59
83 82 82 54 34 53 76 56 29
50 71 21 25
52 31 66 45 14 58
53 47 34 74 80
23 64 40 15 55 48 75
10 60 61 30 62 20 10 89 35
50 72 32 21
15 69 55 68 28 39
78 52 47 44 73
17 73 17 17
68 37 29 13 53 27 38
83 36 57 13 38 79 88 83 56
31 39 45 89 77 14
79 21 69 86 28 36 79
71 82 50 88 45 76 16 71 58 35
46 33 27 28 64 48 57 18 63 43
59 47 49
58 84 80 46 65 61 53 40 74 89
15 85 90 41 29 45 64 46
53 19 46 78 88 14 25 73 52 81
19 74 41 72 48 27 34 13 27 48
32 59 44 63 78 14 52 49 68 31
39 18 72
49 54 85 39 15 30 22 46
76 64 67 80 81 25 50 22 90 84
77 88 53
81 74 34 29 17 15 79
59 89
64 28 50 36
51 25 38 56 31 53 15 59 52 89
54 22 39 14 28 22 38
46 60
28 44 50 55 34 85 14 60
72 75 83 37
45 59 80 22 73
82 85 79 21 23 26
12 62 35 54
69 13 61 12 88 81 78
62 78 45 25 18 16 74 24 44
80 52 67
63 15 19 38
88 79 61 12 58 80 79 76 13
80 56 57 67 26 72 11 48
25 83 53 14 44 29 88 32 50
61 57 29 49 43 48
32 36 18 35 31 23
79 80 49 76 81 87 57 15
35 35 48 54 32 71 13 55
76 90 31 28
54 66 90
27 30 10 49 34 80 88
87 85 18 27 89 43 53 63 87 10
25 55 25 26 71 62
43 25 35 42 12 68 79
43 38
40 64 30 50 72 47 65 24 25 53
26 21 51 87 52 67 83 23 52 36
78 68
71 72
39 20 35
74 55 45 72 27 35 86 59
32 10 40 89 87
82 80
43 41 11 46 18
27 16 75
26 35 51
80 22 87 33 63 83 82 67
82 16 38 13 24
18 61 63
62 18 74 61 51
46 17 31 71 74 46 77 21 59
75 51 42 51 81 49 73 44 52
64 77 73 36 51 44 44
15 21 39 67 28 60 63 27
65 39 81 90 39 57
15 63 80 78 16 58
86 60
31 20
82 61 48 12 90 40 46 76
79 33 68 43
83 88 21 34
74 39 16 15
16 27 56 14 48 83 47
53 20
68 50
53 53 49 11 46 82 40 38 80
78 17 50 27 23 72 39
89 21 50 62 29 87 43 72 17 41
73 76 28 51 50
87 57 76
46 52 54 70 28 87 83
36 54 23 63 13 75 82 25 43 79
75 37 31 76
88 35 10 20 82 11 61 54 53
33 71 21 41 86 63 85
51 23 19 58 55 52 46 12 36 89
21 86 63 62 86
54 22
33 65 73 56 46 19 22 41
33 66 64 62 75 31 26 36
45 79 17
25 12
78 23 54 57 35 22 80 25 86 61
30 89 44 28 31 19
84 84 55 19 45 47 70 33 70
65 88 61 52 36 41 18 61 53
12 48 90 79 85 88
38 29 41 45 38 50
63 86 63 43 44 42 32 18 56 18
82 49 19 69 12
71 66 31 59 60 29
23 64
59 11 89 58
19 30
53 79 70 78 60 79
51 37 73 45 55 30 25 47 68 10
87 82 46 76 55 14
53 78 82 62
24 41 38 84 44 88 72 32
35 14
15 51 50 68 28 50 10 40 57
25 38 82 27 81 69 18 69 28
35 56 42 69 69 39
59 64
84 86 72 59 63
35 79 55 17 50 70 45 41
36 20 30 30 54
55 36 36 49 14 65 65
55 86 72 50 83 41 38 17
27 62
67 57 44 18 69 86 44 25 25
19 86 49 45 44 70
34 58
46 40 39 38 87 84 62 78 20
11 77 32 45 20
40 70
55 84 50 66 42 20
21 46 60 86 35 15 51 65 59
58 46 50
86 51 86 43
16 59 52 11 10
85 66 89 53 77 50 80
19 75 57 40 35 47
72 30 61 47 23 72 24
24 36
73 13 42 89 36 53
51 15 67
85 24
86 87 65 30 60 14 28 80 65
29 46 14
76 56 20 75 60 68 73 86 30 63
51 55 62 62 69 22 57 82 12
51 17 14 56 72 86
44 90
45 56 80 29 25 58 12 36 78 81
39 46 76 26 40 89 73 31 26
88 33 64 70 31 75
81 74 50 35 55 39 55 86
73 48 75 79 46 39 34
55 81 61
37 78
51 36 10 30
75 90 47 75
89 55 14
67 10 51 24 10 39 76 55 80
35 86 19 78 32 87
73 48 25 28 15 10 28 68 10 18
55 22 44 31
85 61 55 50
36 55
61 50 13 49 88
64 71 63 79 24 84 14 58
30 67 53 11 79 88 48 43 17
89 73
34 37 65 20 12 68 75 10 18
87 72 53 20
73 69 68 29 45 31 30 49 44 84
67 12 16
90 56 12 64 66 15
51 15 66 24 11
83 21 54 66 15 47 20 66 68 40
37 49 33 14 52 39 70 67
72 40 76
88 52 82 64 83 18
75 46 31 66 51 69 76 27
41 58 90 81 81 29 58 45 89
71 70 64 72 57 78 34 48
26 73 28 26 28
83 69 44 84 21 15
69 14 25 75 33 89 45 47 32
27 21 88 74 89 47 47 65
29 19 14 63 59 87 58 28
69 33 41 64 54 72 64 12
35 50 11 50 67 38 63 66
19 38
23 74 36 28 46 20 40 13 38 46
62 12 78 41 74 67 43 53 11
70 52 75
40 50 61 66 79 78 79 78 24 32
50 63 53 79 34 67 66
54 16
30 49 80
58 59 90 42 83 55
53 30 87 41 35 90 71 57 48 30
10 34 70 67 25 32 46 31 58 83
47 40 54 32 55 21 24
29 68
41 18 16
14 63 79 34 34
75 29 88 90 51 59
18 51 43
81 22 13 61 33 27 71 69 20 52
28 58
48 46 54 73
74 73 89 71 72 49 40 28
16 77 71
89 74 58 48 26 54 42 37
51 71 79 26 29
86 27 14 70 90 13 66 71 68
25 67 38 11 47
26 46 34 64 63 79 31
19 72 86 24 24 24 49 35 41 53
40 72 22 37
43 52 58 71
31 31 69 67 56 58 55 60 79
85 77 66 18 10 80 57 51
36 72 77
84 39 24 52 81 73 33
13 54 38 86 35 87 51 85 75
80 77
88 77 27 71
64 16 51 66 55 44 15 70 86 86
44 55 71 24 84 66 49 15
60 15 79 65 83 25 78
42 58 48 31 80
88 45 58 12 40 70 23 17 23
78 37 78 69 12 83 21
88 25 52 80 40 39 75
23 48 29 28 47 42 63 30 44
90 74
39 68 22 82 55 17 84 63 44
60 59 48 66 24 13 50
42 23 58 60 76
49 16 60 67 15 59 12 60 36 40
16 47 61 69 81 58 38 65
13 80 50 69 27
18 10
84 10 10 90 76 67 31 44
81 70 35 58 76
29 70 79 12 17 53 33 37
74 31 11 81 39
42 33 11
48 77 35 69 46 29 76
70 59 26 68 78 86 56 15
34 55 56
38 12 19 44 58 20 77 16 22 44
24 85 49 61 24 50 11 19 18 44
22 39 58 27 74 83
55 26 35 58 35 70 25 45 72 31
25 10
20 49 90 50 89 10
33 60 46 45 90 13
73 21 60 38 37 85 21 78 64
33 45 73 31 77 89 44 22
43 62 62 60
20 29
55 44 21 43 43 48 12 87 11
17 79 77 59 37 47 57
33 55 28 61 28 78
16 63 85 26 17 11
52 38 40 85 77 58 81 13
23 17 56 72 61 29 54 45
18 63 39 53 66 77
38 71 10 46
23 23
69 17 22
23 41 16 52 49 78 33 35 16 12
75 20 58 39 79 34 25 63
87 80 33 69 12 62 14
85 27 33 17 58 55 59 32
17 57 81 19 52 81
20 29
60 61 23 47 57 28
51 46 58 55 43 53 88
76 72 63
29 31 84 12 38 29 54 28
64 64 40 49 34 69 87 16 87 18
43 66 37 76
51 84 46 32 57 16 51 78 25
41 44 33 60 34 22 49 81 62
59 74 14 72 82 77 24 57 23
27 64 19 63 21 66 85 79
19 57 20 54 80 86 13
60 84 80 58
63 62 50 54 64 80 36
30 53 67 39 41 13
35 82 25 45
51 24 54 62 27
31 37 61 79 15 49 66 71 12 39
55 41 15 33 33
65 37 16 25 44 31 60 83
90 63 43 27 44 80 70 31 84 10
59 87 89 23 72 53 71 77
13 63 66 56 70
10 10
18 89 51 71 57 84 41
79 62 56 14 57 25 10 55 54 72
34 74 19 54 47 75 35 26 66
42 43 44 40 19 40 23 28 71
16 58 41 20 25
36 86 52 17 29 11 81 38 71 37
16 69 14 41 21
10 67 56
80 74 37 81 15 86
41 36 45 67
87 74 50 89 80
69 43 26 10 21
42 32
42 90 48
14 47 36 21 52 47 59 18 73
75 29 26 74 86
63 89 34 15 40
27 76 67 65 84 34 64 57 33
13 75 15 71 31
79 29
79 64 18
75 48 35 90 73 56 55 17 89
90 64 50 33 37 17
47 36 72 52 17 12 25 21 47 18
37 42
21 81 22 20 79 69 66 21 67
20 40 72 59 84 14
40 41 38 83
57 33 75 13
75 56 90 63
15 10 78 19 69 69
62 10 56 27
40 36 12 87 67 43 51 75 16
33 82 36 81 82 83 15 70 60
71 63 61 65 42 16 36 58 62 54
27 15 75
72 27 81 72 50 88 15
33 21 64 41
44 26 68 24 80 38 14
60 41 30
20 77 64 25 77
23 29 84 85 69
25 35 40 52 25 87 84 59 23 61
28 24 12 65 74 59 85 30 85
20 20 73 23 49 28 17
87 23 10 48 53 52
50 46 47 79 32 45 16 63 63 71
32 81 18 26 13 28 52 11 41
29 48
42 62 60 80 40 37 68
73 24 84 15 75 90 68
86 55 69
63 21 15 81
32 32 64 52 86 49 84 73 34 89
61 82 44 60
54 65 15 69 58
65 22 47 67 11 58
82 46 29 39 19 71 51 74
49 33 13 78 85 85 48 54 41
44 46 70
24 60 55 77 52 56 60 49 64 15
28 41 65 85 24 71 44
74 47
85 85 37 51 21
23 17 23 37 83 68 39
50 24 84 23 29 78 57 76 53 52
49 21 80 48 58 63 58 69 90
80 86
22 34 75 15 11 23
67 53 59 15 88 47
74 25 40 25 64 51 14 37 18 67
12 82 14 18 12 36
36 36 51 53
10 30 27
35 24 48 88 23
53 38 52 13 58 79 38 34 90 40
13 48 43 55 85 69
45 32 71 62 52 88 63 12 38 20
51 73
15 50 73 63 54 36 23
82 54 57 56 88 38 66 82 44 20
25 88 81 38 60 84
86 19 43 84
64 43 76 52 88 37 65
29 45 33 10 58 77 66
31 11 79 62 90
90 75 62 82 71 87 50
75 23 33 76 65 46 23 40 22
10 61 42 58 48 33 32
34 20 56 33 80
34 67 62 30 64 21 19 64 50
65 25 13 78 71
45 71 77 12 54 50 35 76
60 87 25 18 11 86 42 84 74
73 85 88 62 61 71 37
75 24 72 25 60
27 62 31 67 23 32
73 28 51 81 45 63 49 39 46 52
56 49 74 26
20 11
50 89 61 35
14 23 22 71
45 33 18 79 90 24 34 62 79 79
41 25 64 15 24 15 51 50 33
10 31 58 35 23 62 48
58 90 86 16 33 75 16 48 34
52 22 11 83
81 89 68 21 65 27 44 62 43
45 69 79 32
23 15 42 35 22 65 19
38 43 37 81 71 54 89 33 60
26 72 62 44 25 49 77
84 71 85 41 39 34 46 71 59 58
68 11 25 36 55 31 32 18
55 69 42
50 29 41 65 68 43 72 77 24 66
53 25 79 49 74 47 35 67 64 50
28 87 34 37
15 31 74 12 71 12 59 61 86
58 88 25
24 84 65 28 58 49
84 25 55
44 89 56 84 51 88
72 71 42 68 89 10 55
12 22 81 43
30 53 37 48 20 11 39 29 26
79 76
60 70 59 73 84 56 69 36 34
52 14 76 54 26
23 14 86 82
59 11 58 23 31 90
35 76 40 20 71 24
64 70 77
29 53 84 33 38 63 66 29
70 40 67 36 89
84 38 25 83 60
68 25 76 48
84 38 35 70
54 48 62 13 11 35 69
36 48 60 29
74 23 83 21 54 75 88 29 69 22
42 68 39 86
34 81 72 88
75 89 12 69 44 39 42 29
41 12 87 33 40
34 37 85 28 65 24
42 69 88 44 28
42 25 55 42 23 58 21
22 69 11 86
29 82 59
41 18 21 35 52 12
38 44 59
14 77 22 46 11 67 13 40 50
22 62 19 23 57
42 64 29 27 14 38 54 55 80 56
43 26 13 68 30 80 15 82 16 89
46 64 51 74 36
87 18 30 55 73 49 72
77 51 74 83
28 35 33 32 29 69 37 50 60
64 70 31 38 30 15 80
27 23 35 72 86 10 69
77 46 88 85 53 25 46
63 65 70
40 55 76 14 50 16 58 87 37
11 55 60
52 72 53 47 21 55 83 18 50
49 86 62 38 76 57 54 25 21 55
77 61 12 73 89 65 75 69 35 53
32 15 83 43
75 67 35 45 25 46 16
31 63 32 63 90 77 17 77 64
75 78 10 59 56 51 21 11 73 42
25 28 85 17 53
33 90 46 11 46
50 18 50 36 42 52 25 68 37
84 21 74 45
11 27 81 21 59
15 82 78 45 24 12 17 42 48 58
57 33
89 76 59 82 38 77 75 49
29 88 78 63 14 89
38 29 38
65 69 43 88 36 82
27 64 13 76 62 14 60 53 42
53 82 49 73 14 36 61 34 50 17
69 61 13 59 39 63 72 65 54 52
27 56 19 14 60 85 73 12 57
19 31 17 39 57 68 64 32 10
11 78 71 76 42 43 58 33
19 56 39 81 65 43 67
25 85 42 51 13
74 58
68 31
84 89 86 71 70 71 23
54 46 35 80 11
70 83 33 46 68 64 56 35 40
89 24 43 61
80 55 10 79 66 88 58 46 20
26 72 46 15 89 36
81 75
74 48 28
14 13
44 46 84 51 35 64 51
39 64 22 11
18 27 71
32 70 15 32 76 80 85 60
23 69 58 26 11 11 78 21 68 38
44 68 24 18
25 17 23 58 79 84 15 74 24
59 14
28 58 77 22
28 40 58 15 67 35
51 69 36 81 77 42
85 71 79 89 64
72 79 47 40
20 75 82 87 22 32 24 52 15 45
40 13 21 18 56 11 21 88 49
68 37 29 58 47
62 19
70 29 56
25 69 18 55 46 23 90 81
28 11 12 74 28 23 87
60 65 30 79 48
14 19 76 61 14
42 81 45 20 89 25
37 40 47 15
64 17 58 82 47
59 16 44 79 21 82 71 25 26 56
30 76 44
46 70 34 61 36 77 10 89 17 74
41 41 54 78 86 22 84 55 26
47 87 46 79
63 35 69 16 61 24
21 10 38 88 10 37
90 24 62 41 68 49 52
58 16 47 79 53 43 50
36 22 83 14 45
28 47 64 28 10 78 44 37 18
68 70 10 61 28 52 83 11 58
80 37 89 39
34 68 12 39 38
73 75
27 75 32 61 38 40 30 15 19 46
53 88
54 72 23
34 37 89 44 61 82 46 25 29
89 13 61 25 14 83 11 58 48
79 57 84 70
17 54
14 83
38 29 47 88 15 39 59
58 75 29 78 62
17 54 61 65 12 18 53
28 32 85 35
74 55 19
18 38 69 15 60 17 80 81
64 35
35 85 11 15 55
33 80 44 17
82 27 58 84 10 22 12 32 30
11 51 26 34
32 25 29 57 19
51 20 76 31 11 34 20 45 41
37 59 10 46 75 38 64 33
30 34 34
74 80 84 90 35 66 34 15 42
16 64 78 40 74 49 87 27
71 43 47
72 20 79
57 38
28 37 20 38 36 45 29
66 62 47 72 35 50
34 89
67 90 14 20 46 76 17 73
62 55 43 83 89 71 13 36 32
56 34 24 27
21 68 47 49 11 45 89 69 45
14 16
21 79 35 89
69 82 42 65 20 84 22 74
47 23 17
35 75 80 90 12 35 23 71
41 10 76 77 21 81 22 35
16 26 81 87 36 10 18
65 55 33
89 74
13 89
38 21 71 33
71 35 55 17 25 83 43
89 75
85 21 71 13 47 61 74 86 59
86 42 11 84 42 55 31 23
90 19 39 70 27 54
60 43 61 44 23 72 71 19 10 43
74 55 39 88 50 71 89 59 39
80 52 73 14 61 21 75
81 47 79 34 33
63 14 45 73 14
53 14 59 17 11 34 79 25
27 84 89
83 12 71 29 77
20 49 79 60
37 32
73 30 33 77
37 45
54 69 85 69 77 37 78 75 47 86
43 25 15 27 51
32 20
59 58 55 57 79 78 59 77 40
83 19 88 12 13
55 17
11 12
45 27 35 78 84
35 13 58 85 78 22 67 66 26
68 72 55 61 82 69 79 85 69 44
69 61 30
31 63 33 35 57 38 60 76 86
63 33 63 38 65 89 32 47
18 54 31 87 64 25 56 82 85
21 18 64 74 41 24 56 69
42 80 70 14
42 59 78 40 81
19 89 29 56 20 83
67 74 82 19 85 90 89 85 56 23
50 23 82 39 83 22
51 71 70 81 61
25 75 64 88 85 57 69 77 56 76
67 75 36 61
49 36 15
44 60 86 56 36 46 36
53 22 67 68 87 41
16 23 59
69 44 30 45
56 31 90 14 58 30 17 27 80
73 26 49 34 48
46 40 86
71 60 64 84 45
79 14 78 33
43 55 80
38 20
55 90 74 53 41 33 77 79 50
29 45 80 25 31 69
82 36 23 86 39 62 76 88 42
77 70 76 74
75 57 12 26 15 14
72 36 65 26
16 47 20 41 38 62
50 26 41 35 39 74 10 26
11 90 29 77 72 47 28
52 48 75 13 39
61 45 64 87 76 27 58 71 83
21 28 38 20 44 70 15 46 85 34
83 87 66 86
39 86 52 68
22 38 75 34
28 82 19 20
47 54 60 73 89 40 78 60
21 17 42 34 73 37
21 48 49 15 60 77 43 60 20 89
27 17 24 33 70 84 19
82 65 40 67 24 68 74 73 11
35 89 84
48 24 43
73 12 61 71 16 13
46 53 74 39 62 36
36 67 23
60 88 48 61
74 59 78 73 32 11 25
75 43
71 49 62 75 20 24
50 11 20 22
12 35 29 62 48 83 48 27 82
14 64 39 32 14 37 32 48 86
22 58 13 33
78 89 90 23 20 52 42 61
29 19 80 68 52 71 75
61 39 13 65 67 51 22 78 70 51
73 90 59 76 88 74 24 33 35 56
32 76 28 37
70 33 53 68 84 82 87 75 74
22 62 27 63
25 62 81 10 75 64
17 25 87 11 63
45 25 66 25 48 28 18 58
14 42 19 68 54 87 85 43 28
14 35
80 24 66 22 39 78 23 27 10
42 66 90 81 19 33
44 37
69 15 75 65 25
19 51 64 60 76 53 74 67
39 70 14
70 79 89
13 14 54 36 84 24 63 24 83 84
74 35 58 18 76 31 68
90 51 70 80 80 49
62 29
60 80 10 80 60 52 73 74
22 82 34 36 65 75
89 60 40 66
55 27 58 45 32 16 54 84 51 68
41 84 58 10 46 56 90
68 81 36 14 72 21
70 87 70 46 75 34
42 69 20 49 49 14 25 42
72 35 57 72 87 38 87 73 32
35 52 59 46 65 38 42
74 43 85 78 75 63 89 49 37
65 69
46 30 89 44 26 53 40 25 75
50 36 11 86 26 56 53 77 39 86
27 87 59 41 45 87 59 19 81
72 20
25 53 68 71 68 52 24 27
25 38 29 71 16 15 36
76 69
45 35 59 41 19 85 47
66 58
16 20 11 77 13 69 26 30
42 74 11 38 80 16 80 17 83 58
53 83 16 19 11
56 37
39 77
65 79 90 68 73 26 23 55
87 72 37
78 27 35 86
73 48
79 57
14 39 63 86 68 50 18 43 54 33
36 65 50 16 48 62 78 76 80 82
25 77
88 51
11 33
31 62
42 40 11 50 89 71 89 34 33 64
39 37 62 43 38 67 34 56 82 36
14 77 21 15
10 36 88 53 68 53 54 43 67 35
11 58 31 26 22
13 55 22
14 84 62 41 68 83 43 15 23
31 66 83 74 59 45 38
38 79
55 62 32 71 90
75 55 43 71 59 37 58
14 50 59 35 64 37 57 39
40 23 16 84 41 44 88 26 89 75
85 75 70 85
22 65
49 33 55 70
23 14
66 77 26 37 43 40 43 36 71
50 23 10 34 77 85
56 80 79 85 54 28 43 12
38 76
59 63 12 45
39 78 29 72 40 25 74 15 54
55 41 85
22 74 68 16 53 21 66 56 19
57 30 62 29 49
18 13 36 53 76 66 85
87 48 59 52
53 41 27 52 34 33
62 89 76 71
42 27
78 66 22 21 69 49 65 70 40
71 37 48 39
53 17 61 86 75 20
14 72
16 53 61 64 70 66 51 61
63 55 53 53 51 18
31 61 10 76 65 53 18 35 48
46 83 22
51 44 86 37 18 81 12 75
16 47 32 75 25 73 19
29 70 69 14 61 47
86 21 30 57 29
10 70 12 21 32
12 34 85
57 58 26 57 89 89 66
43 46 61 47 16
75 27 44 30 10 63 79 26 58
37 80 42 55 40 52 50 87
66 53
81 29 10 33 81 61 87 87 84 87
38 27 39 10 31 55
37 83 64 69
13 30 38 25 56 14 69 80 20 23
59 13 66 71 90 59 68 38 87
68 23 25 48 88
56 77 62 29 81 82
15 63 77 90
22 38 73 72 41 48
56 17 45 20 29 39 13 42
51 39 63 17 26 34 36 32
18 53 14 21 69 73 33 16 55
48 13 89 29
43 39 55 89 42 23 68 84 68 41
84 81
41 32 76 20 37 22 79 35
85 80
58 18 80 78
33 26 25 31 59 38 24
15 71 84 25 62 61
84 62 82 46 75 70 71 30 81 61
48 85 11 51
50 68
71 52 49 85 45 70
38 20
24 83 46 76 90 83 60 86 63
76 49 43 49 60 60 10
19 84 35 15 61
25 15 69
59 80 59 73 72 31 58 87
44 82 27 49
83 82 42 52 67
82 76 51 42 16 21 41
42 19 38 10 89 23
86 60
83 89 90
25 65 67
72 18 75 49 66 82 50
33 57 53 64 79 20 74
20 88 55 83 19 24 64
38 64 10
54 83 12 35 26 13 74 17
50 49 44
27 33 85 37 32 36 47 46
55 55 47 29 72 76 18 72 71
81 89 87 16 11 87 24 22 46
72 52 16 30 62 59 69 23
24 46 77 69 84 31
85 39 47 81 10 37
23 44 81 35 74 28 71 62
48 68 45 35 53 23 48 75
20 61 31 13 18 71 23 47 44
64 71 82 12 24
37 88 25 33 76 56 87 69
31 31 56 85 15 19 14 83 40 33
37 46
71 65 36 51 57 38 82 70 81 14
23 80 67 35
84 56 15 50 67 21
87 29 24 30 45 51
17 47
60 24 39 88
34 14 35 45 27 41 22
25 31 34 30 87 26 57 71 23
86 43 46 62 50
35 32 23 49 77 36 70 21 40 14
74 61 84
76 41 11 16 37 28 63 34
65 45 90 20 16 65
57 88 12 15 74 55 10 20 85
83 84 66 11 45 52 42
74 86 81
29 31 52 64 30 63 86 20 52
17 71 74 17 35 75 43 45 15
39 87 37 90 64 85 62 47 80
35 34 89 77 23 44 49 35
27 13
23 77 85 64 77 38 18 82 63
14 25 79 68 36 66 41 41 28 66
42 52 14 77
39 41 60 42 28 73 45 23 46 47
70 39 55 59 43
47 36 32 22 67 63 56 42 38
20 59 10 37 88 41 87 56 75
26 88 56 63 80
27 45 84 76 41 56 22 63 85
35 66 63 80 64 73
64 35 61 30
42 15 41
28 87 47
47 80 53 57 66 19 22 13 72 32
32 89 86 21 62 84 75
28 46 88 81 13 12 47 78
59 50 55
39 33 63 30 58 10 49 39
73 61 31 68 89 18 62
60 15
74 22 64 76 59 51 48 28 26
50 55
22 11 34 38 50 63 61
50 17 26 64 26 13
11 34
75 46 70 77 15 30 34 49
53 89 26 29 20 43 54 64 84
35 41 82 58 57 55 74
27 76 20 33 76
12 62 61
87 35 19 65
51 84 59 85 47 33 13
74 60 87 41 43 68 25 28 85
38 27 11 85 45 64 71 83 76
11 50 39 68 59 89 78 16
81 21 30
33 61 19 10 76
85 27 82 37 29 11 72 18 88
19 29 16 75 75 75 43 89 62
45 69 76
45 19 51
19 37 32 30 70 39 57 24
55 32 54 44 41
51 25
51 75 71 38
25 16 35 15 67
57 62 85 19 20 24 79
88 13 15 52 51
21 83 57 78 33 40
17 20 83
52 24
57 82 83 23 69 77 32 79 27
54 24
59 82 16 43 28
25 16 48 55 60 71 82
53 43 67 76 25 74 84 39
71 77 57 23 39 20 53 85
60 11 53 78 25
84 79 49 70 60 40
38 89 23 40 23
33 68 81 29 55
42 84 73
14 67 70
45 58 30 22 67 19 61
85 26
32 24 32 78
45 21 15
56 76 88 24 86 70 34 90 62
14 16 78 34 44 54
15 26 53 31 35 11
57 79 90 11 25 14 52 88 16
21 11 44 61 10
81 14 37 68 54
48 23 12 80 82 49 24 83
71 72 35
22 56 50 19 62 25 30 63 75
63 16 88 83 59 66 62 56 39
74 28
33 42 75
38 72 85 36 85 50
29 21 43 66
27 73 62 33 70 70 83 61 41 48
42 48 43 50 71 75 34 55 39 32
81 42 24
61 51 51 36 50 85 34 37 27 14
35 81 64 90 16 31 47 49
43 50 30 23 79 52 79 85 19
13 71
54 32 45 48 57 89 82 77
42 83 84 41 89 24
48 20 46 23 41
11 18 64 21 28 82 24
61 85 62 32 58 44 30
30 50 82 39 60
37 74 52 10
23 23 67
40 10 62 52 44 54 66 58 40
46 62 28 80 17 83 36
90 65 43
11 42 25 12
54 41 44 53 72 45 24 49
84 24 63 34 10 18 21 44
45 52 33 28 52 88 61 25
12 40 43 71 84 74 24 62
75 77 29 64 70 60 52 29 76
57 29 57 11 71 16 29
29 15 63 44 17 12
13 22 12 44
73 28 76
17 72
59 26 63 28 73 17 11
78 17 12
36 33 89 87 57 27 89 60 55 26
54 90 48 56 43
37 30
69 18 58 52 25
35 28 82 54 70 44
69 40 43 21 54 29
71 48
86 86 26 38 67 69 74 16
82 80 90 32
50 50 56 29 30
16 24 55 65 51 35 19 58 31 58
26 69
70 45 23 53 67 77 60 57 76 17
52 73 77 71 12
12 42 57 68
82 77 66 22 60 20 54 39 55 33
84 11 67 71 77 33 72 19 54 33
56 14 85
16 53 25 90 77
77 53 45 62 63 24
43 64
36 81
32 68 25
77 85 37 85 50 57
18 64 58 49 63 44 71 65 22
37 10 72 53 43 45
86 35 61 27 28 11 47
86 10 25 62 57
86 30 13 44
48 40
76 88 36
69 80 45 23 58 56
29 90
30 46 39
62 70 13 29 10 24 65
58 74 67 23 74
20 19 71 79 89 25 27
72 82
87 90 47 42 54 14 14 33 33 49
47 23 69 30 88
44 87 39 54 15 19 59 30
11 12 32 18 29 44 17
76 77
15 36 29 54 75 83 84
22 16 24 56 12 69 36 17 79
37 39 21
77 30
30 53 82
56 78 53 82 32
66 24 25 45 53 31 75 34
53 60 57 41 86 19 86
65 72 69 64 27 47 55
12 58 11 84 81
76 30 49 30 73 86 30
29 73 83 11 24 14 20 19 37
17 15 49 34
29 89 71 78 25 64 68 49
23 23 20
18 40 45 53 23
70 53 57 81 78 84 81 85 89
45 67
59 47 62 75
55 49 11 84 78 37 15 21 68 66
16 29 44
76 50 62 70 41 73
86 27 60 86 11 16
11 43 37 50
31 37 87 52 49 64 28 39 86
89 70 32
42 27 15 24 21
57 71 22 58 78 85 60 30 32
80 69 79 76 46 53 66 64 82
36 15 57 75 54 89 11 75
22 11 85 84 23
71 33 53 26 71 79
49 83 16 21 45 72 75
59 37 41 25 21 21 39 38 21 67
22 61 60 51 38 56 75
72 55 86 12 30 13 18 41 48
41 74 81 84 40 31 30 67
59 14 36 35 42 22 85
66 50 84 73
64 84 65
87 89
44 14 17 43 20 10
41 31 82 26 15 86 68 40 38 80
47 56 90 40 54 62 29 48
39 44 34 14 14 55 21 63 81 38
48 75 70 64 80 65 42 45 28
85 65 12
30 73 71 66
16 14 80 56
19 36 62 73 27 25 60 65
39 38 14 30 86 49 48 43 43 39
52 75 43 48 50 79 54 70
35 30 13 62 82 76 79
46 69 31 75 16 51
28 25 69 77
33 63 35 17 32
74 20
69 14 77 24 18 64 31 19
53 55 30 74 56 53 50 76
65 70 73 48 12 61 89
83 71 35 29 48 29 49 51 44 57
65 83 83 28 47 38 27
81 68
12 58 90 75 16 28
14 54 54 11 14 73 65 33 48
67 14 40 58 22 32 11 60
28 13 67 21 33 69 86
70 27 51 41 31 30 20
34 19 23 57
38 50 77 84
90 25 34 75 11 68 78
80 21 62 75 60 41
20 88 48
18 22 80
51 62 90 14 21 76 89 60
39 84
40 62 79 17
90 86 67 75 36
20 50 57 66
69 55 26
42 25 50 70 26 48 39 27 77 33
27 20 15 50 77 30 45 69 14 88
24 63 28 80 46 23 60 62 74
12 33 72 28
36 61 74 59 79 26 85 84 82
40 53 65 44 66 36 59 38 71
74 19
45 83 68 47 42 65
38 10 52 21 76 56 37 70 65 45
14 88 41 49 63
33 10 80 22
89 62 44
55 16 48 29 87 77 30 64
15 29 67 10 85 21
89 18 34 63 87
86 87 16 34 86 30 21 39 52 67
10 21 57 12 41 31 41 62 50 17
60 28 55 75 52 79 47 48
