50
185
281
261
373
299
1193
502
676
409
399
149
867
659
501
166
663
121
817
1098
911
113
361
454
697
112
450
1097
154
96
946
579
35
84
103
726
659
503
194
201
93
412
763
189
729
110
831
337
350
548
987
561
210
244
259
62
852
493
282
73
193
771
437
101
141
264
401
730
167
254
1045
569
1103
1052
341
521
369
977
307
870
577
346
211
136
318
384
195
349
242
254
622
796
97
677
568
247
605
406
650
503
871
971
181
85
935
390
823
1003
400
464
308
88
43
637
271
857
286
497
209
317
45
351
192
281
126
596
863
47
293
154
721
9
131
19
9
23
16
53
12
10
71
15
43
229
37
21
83
6
9
21
14
21
29
137
20
47
83
23
10
12
26
15
5
193
10
21
25
17
127
43
13
37
29
12
17
37
8
11
251
11
11
181
59
233
7
8
31
31
15
181
8
25
33
19
59
22
11
79
149
23
83
73
211
37
193
39
151
257
61
35
233
31
14
15
12
79
61
13
61
14
37
23
35
25
12
31
9
19
53
139
14
97
25
149
131
28
47
17
17
55
53
41
50
12
19
187
169
17
47
83
17
10
12
47
12
10
107
37
17
13
