1941629608321320734990589167287336836237554438185612889055144295660541398547744278334780572073340087256044118032029724682478776429319920539765019726010306468
319515927087221073273823940651420983745216823954795340474594175772454567800497583267878032718474231443361
115175915308776853004525206683230422335370236907101943180251993161628023599772013523035991184252046559634190446488201
121995088317934435482389810655491280971174087862410242861797724066780681680654176615278849
127225702756474856584990646785
1234960030599837928682339736709998512373739432964939784153
1847937038890446408096060244130624481196568761389760682804554570683622832538619871
47065708935313199514124194592219500230261028905374405847501819521
4324913314806649981695811705052386859709560201703618665485565642758847254850473212300626595745710022195620206186972908724861921696491265242139705031750734470691881302021077072954
22321945597077966037966845910637748939167747705732017694569758626298905087091367191775288535157478612822052920566571420573900607294266966072002116402404676237366337001
1007929952365859264880679937718236042110249
91410697783103557129072025398254040369304293716625328896943664738176063544372350504842977858958441195794458654389273072921721
28980721303228582958790810
3529895029821755
329711623067511882744559240432206670573190655622976269001
32152959645739632802260063797730950320668896354012203557469972358568404114160980062755232108956739014987458860050297787328622381393668851487873972102339476443556819583433680293313761
695969
57151958631064950698160657790647784392376663665014343080819082569766077988381631
127
95258188729509195554655425927304319875598060678860
526159998940946554620093133218663155597110823405255091790354988678417957816546421867467826517270239962743116095609956573379277294560641
18894109567975506506676824537092978752604154235660327435366550377180386143364823448050630018414901
215765669746783352219565053448054419286047004557789156632125069645539755296779077394909344442382432268476188227094941311357868243253212315912882447591026454476799097794126520488231
10774382177580007887098674705803572472729917549396629037109378018369322129272159772152327167347467369308622429820136750870236293242292014581548674369290026553
11788685385857115787517207896636312044239
2351
66576537251038867712299288037019604713860583321259598871722063887827324888030929782934510558382453644
134754409
27834222991641404923349948887774554224957129413389794411489461713633037714933169318084208804311912150488305821794837649061025
5187594877755244909607508825578214682680509938704885990290989226078775987490839766312159684079569869773624672671391180066115284161934579862199664103542063545831762780156180153274878732489659040159075574879443201
30957535678175435292073493888110201499511867022365624439959956998146572243112493804498294034275605560305211236609740802518527920976373081105029398758876130746776373898544068755961
31150370046666522789520932104155771626763602603553474801
759184341058730942535455508759460387769916628377657900584233223207973954946860830370117045385707751179579126497288175952029350732140
175448986649
48993016851434522912173099423282462938577425980143066289084573473321281055145244104373981834700203553124553135638707027892154242296121764227894
956211236042968909346817624359574095991044962524012273061609
2693724850036043383826961394655840785061438489901343224322663899498155919887016998514717745250369404857851391210090219328679973801816364794827041
251982992057322939370020078749
4059896325489896584681934944598881
3
473732126861434638923715056498266271
37929845433563170561544884880574063919796972980945006799110326269003261169355466488169
18056409971033565286000350125
8929
130255455843553
1015278730526626336109595720538654864024967475281117176585421739467467139935022963850876068262633432759105696838224237241996195935164561599860165057925229257377313280232604320610805735054126271499
11861823593067602819780269869754555842504723476147031102769029489725933511486753531541742916364457179
19619293370904484802394118582562111146234744475017651839472432403104613001993677763182444811110750457646617939244254389506319619543249650449
1684236251907847168731463421830510932076256237384954335740686418011885689201
3131082420562824097437314274623197331276614196
