100
86 09297561878478409874272213773723874720800869729819258579868353930322615611506687514663 56942591094510668905062859195943639008137780069859677864975779254375180078276181249947
26 36025142679309327356984210 32408070242970863168351012
10 8408843825 7394781999
83 05052386574992937082932322413433151409058669882882275417978233850910037894992192429 16297290538039369639798931857079910639894610756831711726104831922906197778753537730
21 226340273318524613501 355814564788442662013
79 6544890903673911778654001843973859238440738349429404926200710215340107380134398 2388405607549754017324724070369597440120086054687339723330666548402434754552940
10 7307840166 9533305768
4 5481 1025
61 1552238266161616873577035357629974390148874138847194018575457 3450860100177335192488518285733000208419538283792152126074540
21 622921532082266170453 679845507699003157367
77 06423468948022885764964281137918572040155967367833220850085999946170286794620 43577896598559549120854813770294543243092859005918123606905124778193404801001
26 15539019829341710640182574 77704870362481794334632153
50 90849730419658816907630004211721737700961828610420 28640602921359628927557866162384461441933090152944
79 2260823646412349750112014745404622826182955489357388581987728302585315520168294 9449031138858351858165986276462417332645550387692620210037606969812088553704675
79 5709109688647235677452111157027697707775551406163829232549271950623512389429157 6597949498689732557171650002379031745996774957325054311343771796870569257644678
82 9452768105934892798512108764547604981793206717186169399465032802410502022815556482 3415890052077589281326161737311654154461888538568890628811745112548106294260036827
82 8918158709826528502677377638001112147129024976959116843838850961308110042432327258 0653483253346644774019661108568523083329655519916630796837885849247789864317238191
4 8318 6066
36 604853852618056486790275453439290807 204667582352941170617972994184024482
4 5368 8004
75 314044126230336552147590300324758452896410773329865516568790198935434076265 627705478244116325140903302139613603142066697231767777218543436796222620292
10 3721300173 4780243832
27 750393505642877890846747000 033900151404980379178375059
58 7077528640384626429312318068567286231015053717379412964762 7404882043351526254735260326008949559753301463281664402436
41 56043918105436592122208860223840656967778 32319352774982686044541012680485848993260
39 781597634177389999596536729900700059012 442172271243028793885875181004549776993
44 30862651931748258378822711533968146321647711 73869549098323654267822368737845343497518551
92 38584567795888584248509561318441329978849328108722503571804879921118904837879741123490573070 16229528569159848280614542474195039981067173059197181735984515210130236045562672402585295877
24 985115362529212906518213 401498798202950313354564
92 17938491530521461867890127794405119280354516773051930175966309040160216887476981296515022672 77681403561657319341316668087734614767033391354489510498499362035601337988013452535595654511
80 16478833722525983348819396847150708503175329039563377406103818980960297942847726 35322583633724825657548966566729573723287781265740795503471075122415755623761345
66 162888269235379984950575547002531019845988645655042222878778941044 040749805560395539736505529646360346427175206982855636188272009155
88 2963645926944402985860500713483671065778462024322000071164603970176863809134766068097323 8833023112187009333011209398611616919540760481314838968819870963875921917265318904910701
67 8080828697808002877169308528754755969928620740128966818660455132828 7227057998146204012804559803654376093913727549162342710892457806628
51 295132991053418350242822628476697120519626280215251 633818985544366530704542585221486990788252800764756
42 025600043642632330614615391049351813937401 667892073545294509436729032992268160499745
43 8593709268450979923725549468013082574402247 2663707634175833878172656358517096566421841
76 4612393322805512604680474785310781133767969610803361528999640738052540257218 4107489119128779627991432901319752710831746635727617872063196271663746012697
82 6993283005658820759306786003206017345848325107495325914726246948602488242753792427 9385302560630334932377252144593742274633916961456884531745406993130805197903261851
95 24529381970213515246937575652725279329446669130766371228806088725850714692506874431876656286078 86505841769027763201060724717717397871277170068390716901382055704402521338556597688471501918508
20 50303458404165045182 26437714816319566152
34 1318653767921411561826931694348699 4579236179580243089221837375977544
47 79206384601931955259908517462021961591154277464 18107114208048479014126960656418220133876870718
47 39353140325269201237814402695479506932174892712 95565929966822538899130078116457003717704306761
36 626956045353800025742468974737419304 928665145140836182999684555588170266
48 705167903205495201757437627004986693305635476196 283138811813221892325818577288026461262545988299
76 2103408192173657499215794596483915267296533011770693362943601113951602357858 9459273637791524739612215582633590717093974226992873326894259518889509816360
52 5035988146181698976992982367989404103019840939829628 8383660749154359588350580529167227583587792349218253
24 235756845062565344067306 726191614182986492860395
69 117435374565392594682196956551582258985354193365923154779526795130920 566977425919447834088677390504670489353844718411012809750713272431666
30 426356070002103864879261892450 615440069070200608287123412979
62 50697903802052113153986229736852911823134439842389777511485270 68306637973284907796681707850578508182091640032724602774751928
18 916218511151306240 844839512453156777
28 2895528783101759164488912479 4798784304017411360427037069
37 6903810875018112345142632914701313614 9914252384822286840955676291826949466
27 163287493233308176388436377 734660981822165617536365308
52 4791059878788129076163438182385754171079149982181918 2812916412486570749018092394224605818769909776760871
88 9212356692862069678868525134063914342923112638596692467192700091758142665828997558914634 0261574222575150091988669773629655705447694321620739715694257314116650331093158241333002
85 4937098356070482543027632982127512542597225485639951917107442315769941983621384399602 5223865302082225128941245766488922401151469884316303449127766778941056312392943575030
81 647505294435611026540484181233407379909364025340116276894930392229231367780546758 395974679820063986135035089977726214993077173494227720550449311253842152069528142
40 4519045631953401944664481683214667781547 6349962806692073658962740543282836932135
98 06905490309775940360744459864556169818168237732780055490509174891792500523406894992453623741222591 96493629818877993731989313738877438990981781490965064915291270143954044334494780298802651770996482
69 085649033746256058621522610012141607520126941569631703176290604966648 770366733698798327947939528192289237100462463495202125099838256390002
64 6950705857890062261565039959274881951639540567785031634751871379 4878427967636431673429171264543142997803878432691143073399965580
18 994090880414215371 644163129629540241
83 40281714461548984398471527543687837020667843631282049394040339212034002906582600905 06646152664904347588553390591761336263449831587235002451603781034852196200350074896
21 524127028165119316718 388554363625057982718
55 2947227520325071907377868685962288900682834663755482381 1798660848060644709364012616197267233539535622092120841
91 0461565237784090648880724122552790856591469988145145338742918389684255603512648155888685998 9598175550174988528893694399497346156621948338302183744174033969606488794729579997264673297
8 85667428 39796013
50 04806645579667725310693774495988498274933910884325 30587433305381283225566884749193361026657117256770
95 48238602632160483140071919716851884766949357625932159563444041121790314462124919156202546940385 45641715459898201763789370993740516609364453475561952881070477648228277622261927314512811870534
66 886263087460489713447288251017716352850526767650995635770873576301 517789667522523208775075554284367036112064448989768586231651297013
49 3405360959769344308736258140570040599584752616249 2328698941431672263967621457618851812728892951390
77 96578825687692975267048464615604272364844705903449446414877637077423839509001 56572237397263744418969254266482159574223049535908094111758308733683015532587
33 071267599259777500185411965672992 010960807774626766408516283772195
92 83375065639225167149789376785505852661146090808512603730311063668026351962142015405771034150 61844319849662202657626556099615902553537625845122886462361243045290745407194626007865093448
70 6448365011212170552520493537136772528221554781947311471936649448890843 9904907064406079925796334144909001612410072670784453088415125037298652
99 691493277653753378494741962714775846366141638975037601919101780586122759012921645305709839937288810 315238622817369051945930870881834558512815742677861577586564877544508789356713411669519187894549291
61 8993650905123738121199067679589690958048770053087399325284162 2212382343223299478887324538892035465920262791850750605358157
97 7234093497134263782508551335823848277718443069369710865119823108047918075371339400489020104444468 1512587980410830521564868403963047417125286490444810298031547173815757396135191772913046113020423
52 0885966230449189519902032358789990488332378209350442 6751209919101789033502031303076843966157289369283845
31 4839989860201862556449234062444 0290391161365349916357501795239
3 504 106
55 6904430441076748127660808059015805471415735521435121222 2273508326099624451903338772194343693445245119877967222
24 905011354147514051181978 945387879593648055726423
56 64651665123122281547452147781267625891525158586932697104 89212890340478831436415934937177318707751011894939790595
10 0881556733 9336457736
12 422114620728 566225686932
86 81339691925317582668282962557935060949334095943101140636804697315639765184670213349525 41589754822110961720752007613969227114796019226500597919971467381012694215139981260951
60 690059363575169396726837090263332350496745582633506311232458 883231400276844238580131477622503026196316292815875900258910
75 827165454072484222119210480620024950426825263787118232400464689074136940468 957760794954202682791424030377182071152747369558947081694743653861198362391
43 6805297303462898339160046689711312061794330 7126677839895794438862023839362094861566547
43 1878178898246649462420256833205604641420265 9410994335583318733530171514881924113666336
47 87480935973344944259672159984543401696113448154 57043776285222676882753000601156053322162684864
67 4283946042056536282603222290039679273899216890718981425676971869788 3892209391011114550428320381289588020150273586061224078008146226228
4 5459 5459
87 607823991119557773214560053227887579180211267166788154372694472341551503949857425252989 378737162319499783969803659869898861670021970968274367924820921819198191580596646294988
56 80583886715634784756530369770538808196760425015600284412 41948446539618212762019141106422538684257219052541752888
23 98830216274611634769914 00159931021345629385593
