1 0
0 1
0 1
0 1
0 1
0 1
0 1
0 1
0 1
0 1
1 0
1 1
0 2
0 2
0 2
0 2
0 2
0 2
0 2
0 2
1 0
3 0
1 2
0 3
0 3
0 3
0 3
0 3
0 3
0 3
1 0
1 1
4 0
1 3
0 4
0 4
0 4
0 4
0 4
0 4
1 0
-5 5
5 0
5 0
1 4
0 5
0 5
0 5
0 5
0 5
1 0
1 1
1 2
6 0
6 0
1 5
0 6
0 6
0 6
0 6
1 0
-7 7
-7 7
7 0
7 0
7 0
1 6
0 7
0 7
0 7
1 0
1 1
-8 8
1 3
8 0
8 0
8 0
1 7
0 8
0 8
1 0
-9 9
1 2
-9 9
9 0
9 0
9 0
9 0
1 8
0 9
1 0
1 1
-10 10
-10 10
1 4
10 0
10 0
10 0
10 0
1 9
1 0
-11 11
-11 11
-11 11
-11 11
11 0
11 0
11 0
11 0
11 0
1 0
1 1
1 2
1 3
-12 12
1 5
12 0
12 0
12 0
12 0
1 0
-13 13
-13 13
-13 13
-13 13
-13 13
13 0
13 0
13 0
13 0
1 0
1 1
-14 14
-14 14
-14 14
-14 14
1 6
14 0
14 0
14 0
1 0
-15 15
1 2
-15 15
1 4
-15 15
-15 15
15 0
15 0
15 0
1 0
1 1
-16 16
1 3
-16 16
-16 16
-16 16
1 7
16 0
16 0
1 0
-17 17
-17 17
-17 17
-17 17
-17 17
-17 17
-17 17
17 0
17 0
1 0
1 1
1 2
-18 18
-18 18
1 5
-18 18
-18 18
1 8
18 0
1 0
-19 19
-19 19
-19 19
-19 19
-19 19
-19 19
-19 19
-19 19
19 0
1 0
1 1
-20 20
1 3
1 4
-20 20
-20 20
-20 20
-20 20
1 9
1 0
-21 21
1 2
-21 21
-21 21
-21 21
1 6
-21 21
-21 21
-21 21
1 0
1 1
-22 22
-22 22
-22 22
-22 22
-22 22
-22 22
-22 22
-22 22
1 0
-23 23
-23 23
-23 23
-23 23
-23 23
-23 23
-23 23
-23 23
-23 23
1 0
1 1
1 2
1 3
-24 24
1 5
-24 24
1 7
-24 24
-24 24
1 0
-25 25
-25 25
-25 25
1 4
-25 25
-25 25
-25 25
-25 25
-25 25
1 0
1 1
-26 26
-26 26
-26 26
-26 26
-26 26
-26 26
-26 26
-26 26
1 0
-27 27
1 2
-27 27
-27 27
-27 27
-27 27
-27 27
1 8
-27 27
1 0
1 1
-28 28
1 3
-28 28
-28 28
1 6
-28 28
-28 28
-28 28
1 0
-29 29
-29 29
-29 29
-29 29
-29 29
-29 29
-29 29
-29 29
-29 29
1 0
1 1
1 2
-30 30
1 4
1 5
-30 30
-30 30
-30 30
1 9
1 0
-31 31
-31 31
-31 31
-31 31
-31 31
-31 31
-31 31
-31 31
-31 31
1 0
1 1
-32 32
1 3
-32 32
-32 32
-32 32
1 7
-32 32
-32 32
1 0
-33 33
1 2
-33 33
-33 33
-33 33
-33 33
-33 33
-33 33
-33 33
1 0
1 1
-34 34
-34 34
-34 34
-34 34
-34 34
-34 34
-34 34
-34 34
1 0
-35 35
-35 35
-35 35
1 4
-35 35
1 6
-35 35
-35 35
-35 35
1 0
1 1
1 2
1 3
-36 36
1 5
-36 36
-36 36
1 8
-36 36
1 0
-37 37
-37 37
-37 37
-37 37
-37 37
-37 37
-37 37
-37 37
-37 37
1 0
1 1
-38 38
-38 38
-38 38
-38 38
-38 38
-38 38
-38 38
-38 38
1 0
-39 39
1 2
-39 39
-39 39
-39 39
-39 39
-39 39
-39 39
-39 39
1 0
1 1
-40 40
1 3
1 4
-40 40
-40 40
1 7
-40 40
1 9
1 0
-41 41
-41 41
-41 41
-41 41
-41 41
-41 41
-41 41
-41 41
-41 41
1 0
1 1
1 2
-42 42
-42 42
1 5
1 6
-42 42
-42 42
-42 42
1 0
-43 43
-43 43
-43 43
-43 43
-43 43
-43 43
-43 43
-43 43
-43 43
1 0
1 1
-44 44
1 3
-44 44
-44 44
-44 44
-44 44
-44 44
-44 44
1 0
-45 45
1 2
-45 45
1 4
-45 45
-45 45
-45 45
1 8
-45 45
1 0
1 1
-46 46
-46 46
-46 46
-46 46
-46 46
-46 46
-46 46
-46 46
1 0
-47 47
-47 47
-47 47
-47 47
-47 47
-47 47
-47 47
-47 47
-47 47
1 0
1 1
1 2
1 3
-48 48
1 5
-48 48
1 7
-48 48
-48 48
1 0
-49 49
-49 49
-49 49
-49 49
-49 49
1 6
-49 49
-49 49
-49 49
1 0
1 1
-50 50
-50 50
1 4
-50 50
-50 50
-50 50
-50 50
1 9
1 0
-51 51
1 2
-51 51
-51 51
-51 51
-51 51
-51 51
-51 51
-51 51
1 0
1 1
-52 52
1 3
-52 52
-52 52
-52 52
-52 52
-52 52
-52 52
1 0
-53 53
-53 53
-53 53
-53 53
-53 53
-53 53
-53 53
-53 53
-53 53
1 0
1 1
1 2
-54 54
-54 54
1 5
-54 54
-54 54
1 8
-54 54
1 0
-55 55
-55 55
-55 55
1 4
-55 55
-55 55
-55 55
-55 55
-55 55
1 0
1 1
-56 56
1 3
-56 56
-56 56
1 6
1 7
-56 56
-56 56
1 0
-57 57
1 2
-57 57
-57 57
-57 57
-57 57
-57 57
-57 57
-57 57
1 0
1 1
-58 58
-58 58
-58 58
-58 58
-58 58
-58 58
-58 58
-58 58
1 0
-59 59
-59 59
-59 59
-59 59
-59 59
-59 59
-59 59
-59 59
-59 59
1 0
1 1
1 2
1 3
1 4
1 5
-60 60
-60 60
-60 60
1 9
1 0
-61 61
-61 61
-61 61
-61 61
-61 61
-61 61
-61 61
-61 61
-61 61
1 0
1 1
-62 62
-62 62
-62 62
-62 62
-62 62
-62 62
-62 62
-62 62
1 0
-63 63
1 2
-63 63
-63 63
-63 63
1 6
-63 63
1 8
-63 63
1 0
1 1
-64 64
1 3
-64 64
-64 64
-64 64
1 7
-64 64
-64 64
1 0
-65 65
-65 65
-65 65
1 4
-65 65
-65 65
-65 65
-65 65
-65 65
1 0
1 1
1 2
-66 66
-66 66
1 5
-66 66
-66 66
-66 66
-66 66
1 0
-67 67
-67 67
-67 67
-67 67
-67 67
-67 67
-67 67
-67 67
-67 67
1 0
1 1
-68 68
1 3
-68 68
-68 68
-68 68
-68 68
-68 68
-68 68
1 0
-69 69
1 2
-69 69
-69 69
-69 69
-69 69
-69 69
-69 69
-69 69
1 0
1 1
-70 70
-70 70
1 4
-70 70
1 6
-70 70
-70 70
1 9
1 0
-71 71
-71 71
-71 71
-71 71
-71 71
-71 71
-71 71
-71 71
-71 71
1 0
1 1
1 2
1 3
-72 72
1 5
-72 72
1 7
1 8
-72 72
1 0
-73 73
-73 73
-73 73
-73 73
-73 73
-73 73
-73 73
-73 73
-73 73
1 0
1 1
-74 74
-74 74
-74 74
-74 74
-74 74
-74 74
-74 74
-74 74
1 0
-75 75
1 2
-75 75
1 4
-75 75
-75 75
-75 75
-75 75
-75 75
1 0
1 1
-76 76
1 3
-76 76
-76 76
-76 76
-76 76
-76 76
-76 76
1 0
-77 77
-77 77
-77 77
-77 77
-77 77
1 6
-77 77
-77 77
-77 77
1 0
1 1
1 2
-78 78
-78 78
1 5
-78 78
-78 78
-78 78
-78 78
1 0
-79 79
-79 79
-79 79
-79 79
-79 79
-79 79
-79 79
-79 79
-79 79
1 0
1 1
-80 80
1 3
1 4
-80 80
-80 80
1 7
-80 80
1 9
1 0
-81 81
1 2
-81 81
-81 81
-81 81
-81 81
-81 81
1 8
-81 81
1 0
1 1
-82 82
-82 82
-82 82
-82 82
-82 82
-82 82
-82 82
-82 82
1 0
-83 83
-83 83
-83 83
-83 83
-83 83
-83 83
-83 83
-83 83
-83 83
1 0
1 1
1 2
1 3
-84 84
1 5
1 6
-84 84
-84 84
-84 84
1 0
-85 85
-85 85
-85 85
1 4
-85 85
-85 85
-85 85
-85 85
-85 85
1 0
1 1
-86 86
-86 86
-86 86
-86 86
-86 86
-86 86
-86 86
-86 86
1 0
-87 87
1 2
-87 87
-87 87
-87 87
-87 87
-87 87
-87 87
-87 87
1 0
1 1
-88 88
1 3
-88 88
-88 88
-88 88
1 7
-88 88
-88 88
1 0
-89 89
-89 89
-89 89
-89 89
-89 89
-89 89
-89 89
-89 89
-89 89
1 0
1 1
1 2
-90 90
1 4
1 5
-90 90
-90 90
1 8
1 9
1 0
-91 91
-91 91
-91 91
-91 91
-91 91
1 6
-91 91
-91 91
-91 91
1 0
1 1
-92 92
1 3
-92 92
-92 92
-92 92
-92 92
-92 92
-92 92
1 0
-93 93
1 2
-93 93
-93 93
-93 93
-93 93
-93 93
-93 93
-93 93
1 0
1 1
-94 94
-94 94
-94 94
-94 94
-94 94
-94 94
-94 94
-94 94
1 0
-95 95
-95 95
-95 95
1 4
-95 95
-95 95
-95 95
-95 95
-95 95
1 0
1 1
1 2
1 3
-96 96
1 5
-96 96
1 7
-96 96
-96 96
1 0
-97 97
-97 97
-97 97
-97 97
-97 97
-97 97
-97 97
-97 97
-97 97
1 0
1 1
-98 98
-98 98
-98 98
-98 98
1 6
-98 98
-98 98
-98 98
1 0
-99 99
1 2
-99 99
-99 99
-99 99
-99 99
-99 99
1 8
-99 99
1 0
1 1
-100 100
1 3
1 4
-100 100
-100 100
-100 100
-100 100
1 9
