50
1 3
0
0
1
1 1
0
2 3
1 0
0 0
0 0
2 3
0 1
0 1
1 1
3 3
0 0 0
0 1 0
1 0 0
3 9
0 1 0
0 1 0
0 0 0
1 1 1
1 1 1
0 1 1
1 1 0
1 0 0
0 0 0
4 11
0 0 1 0
0 1 1 0
1 1 1 1
0 1 1 0
1 0 0 1
1 1 0 0
1 0 0 1
0 1 1 1
1 0 1 1
1 0 0 0
0 1 1 0
4 6
0 1 0 0
1 0 0 1
1 1 1 0
0 1 1 0
1 0 0 0
1 1 0 0
5 5
1 0 1 0 0
1 0 0 0 1
1 0 0 1 1
0 1 1 0 0
0 1 1 0 0
5 30
1 1 1 1 0
1 0 1 1 1
1 0 0 1 1
1 1 1 0 1
0 1 0 1 1
0 0 0 0 0
0 1 1 0 1
1 0 1 1 1
1 1 1 1 1
0 1 1 1 0
0 0 1 1 0
1 1 1 1 1
0 1 1 1 1
0 1 1 1 1
0 0 1 0 0
1 1 0 1 1
0 0 0 0 1
1 1 1 1 1
1 1 1 0 1
0 1 1 0 1
0 1 1 0 1
0 0 1 1 0
1 0 1 1 1
1 1 0 1 1
1 0 1 0 0
1 1 0 0 1
1 1 1 0 1
1 1 0 1 0
0 0 1 0 1
1 1 0 0 1
6 2
1 1 0 0 1 1
1 1 1 1 0 1
6 47
1 0 0 0 1 1
1 0 0 1 0 1
1 1 1 0 1 1
0 0 1 1 1 0
0 1 1 1 1 1
0 1 0 0 0 0
1 1 0 0 0 0
1 1 1 1 1 1
0 1 1 1 1 0
0 0 1 1 0 1
1 1 0 1 1 0
0 1 1 0 1 1
1 0 0 0 1 1
1 1 1 1 0 1
1 0 0 1 0 0
0 1 1 0 0 1
1 0 0 0 0 1
0 0 0 1 0 0
0 0 0 0 0 0
0 0 0 1 1 1
1 1 0 1 1 1
1 0 0 0 0 1
0 1 1 0 0 0
1 0 0 1 0 1
0 0 1 1 1 1
1 0 1 1 1 1
1 0 0 0 0 1
0 0 1 0 1 0
0 1 0 0 0 1
1 0 0 1 1 1
1 1 0 1 1 0
0 0 1 0 0 1
1 0 0 0 0 0
1 0 1 1 1 0
0 1 1 1 0 1
1 0 0 0 0 0
1 1 1 1 1 1
0 0 0 1 0 1
0 0 1 1 0 0
0 0 1 0 0 0
1 1 0 1 0 1
1 1 0 1 1 1
0 0 0 0 0 0
1 1 0 0 0 1
1 0 1 0 0 0
0 0 1 1 1 0
1 0 1 0 0 1
7 69
1 0 1 1 1 0 0
0 1 0 1 1 0 0
0 0 1 0 1 0 1
0 1 0 1 0 0 1
1 1 1 1 1 0 0
0 1 1 0 0 0 1
0 1 0 0 1 0 1
1 1 0 0 1 0 1
1 1 0 1 1 0 0
1 1 1 0 1 0 1
0 0 1 0 1 1 0
1 0 0 1 1 0 1
1 1 0 0 0 1 0
0 1 1 1 0 1 0
1 0 1 0 1 0 0
0 1 1 1 0 0 0
0 1 1 0 1 1 1
0 0 1 1 1 0 0
1 1 0 1 1 1 1
1 1 1 1 0 1 0
0 1 0 1 1 0 0
0 0 0 0 1 0 1
1 0 0 1 0 0 0
1 0 0 0 1 0 0
0 1 1 0 0 1 1
1 0 1 0 1 0 0
1 0 0 0 0 1 0
0 1 1 1 1 0 0
1 1 0 1 1 1 0
0 1 1 0 0 1 1
1 0 1 1 1 0 1
1 1 0 1 1 1 0
0 0 0 1 0 1 0
1 0 1 0 1 0 0
0 0 1 0 0 1 0
0 1 0 1 0 0 0
1 0 0 0 1 0 0
1 0 1 0 1 1 0
0 1 1 0 1 1 0
1 0 0 0 0 0 1
0 0 0 0 0 0 1
1 1 1 1 1 1 0
0 1 1 1 0 0 0
0 1 1 0 0 1 1
1 1 1 0 1 0 0
1 1 1 0 1 1 1
1 1 1 0 0 0 1
1 0 0 1 1 0 0
1 1 1 0 0 1 1
0 0 0 1 1 1 0
1 0 0 0 1 1 1
0 0 1 0 1 1 0
0 0 1 1 1 1 0
0 0 1 1 0 1 1
0 1 1 0 0 0 0
1 0 1 1 0 1 1
1 1 0 1 1 0 0
0 1 0 0 1 1 0
1 0 1 1 0 1 0
1 0 0 1 1 0 0
0 1 0 1 0 0 0
0 0 1 0 0 1 1
1 0 0 1 1 0 1
1 0 1 1 1 0 1
1 1 0 0 1 1 0
0 0 0 1 0 1 1
0 1 0 0 0 0 0
1 0 0 1 0 0 0
0 1 0 1 1 0 1
7 50
0 1 1 0 0 0 0
1 1 1 1 0 0 0
1 0 1 0 1 0 0
1 1 0 1 1 1 0
1 0 0 0 1 0 0
0 1 1 0 0 0 0
1 0 1 1 1 1 1
1 0 0 1 1 0 0
1 0 0 0 0 0 0
0 0 0 1 0 0 0
1 1 1 1 0 1 1
1 1 1 0 0 1 1
0 0 1 1 1 0 0
1 0 1 0 1 1 1
0 1 1 1 0 1 1
1 0 1 0 1 1 0
0 0 1 0 0 1 1
0 0 0 0 0 0 1
0 1 1 0 1 1 1
1 0 1 0 0 0 0
0 0 0 0 1 1 0
0 1 1 0 0 1 0
0 1 1 1 0 0 0
0 1 0 1 0 1 1
0 1 0 1 1 1 1
0 0 1 1 1 1 1
1 1 0 0 0 1 0
0 0 1 0 1 1 0
1 1 0 1 1 0 1
0 0 0 0 1 0 1
0 1 1 0 0 1 0
1 0 0 0 1 1 1
1 1 0 0 1 1 1
0 1 1 0 1 1 1
0 1 0 0 1 0 1
1 0 1 1 1 0 1
0 1 0 0 1 0 0
0 0 0 0 1 0 0
0 1 0 0 1 0 0
1 1 1 1 0 1 1
0 0 0 0 1 1 0
0 0 1 0 1 1 0
0 1 0 1 0 1 1
0 1 0 0 1 0 0
0 1 1 1 0 1 1
1 1 1 0 0 1 0
0 0 1 1 1 0 0
1 1 1 1 0 1 1
0 1 0 1 1 1 0
0 0 0 1 1 1 0
8 100
1 0 0 1 1 1 0 0
1 1 1 1 0 0 1 0
1 0 1 0 1 0 1 0
0 0 1 0 1 1 0 0
1 0 1 0 0 1 1 0
0 1 1 1 0 0 0 1
1 1 0 1 0 1 0 1
1 0 1 0 1 0 0 0
0 1 1 1 1 1 0 1
0 0 1 1 1 0 1 0
1 1 0 1 0 0 0 1
0 1 1 0 1 1 1 1
1 1 1 0 0 1 0 0
0 1 1 1 1 0 1 1
1 1 0 0 0 0 0 0
1 0 0 0 1 1 0 0
1 1 0 0 1 1 1 0
0 1 0 1 1 1 0 1
1 1 1 1 0 0 0 0
0 1 0 0 1 0 1 1
0 1 1 1 0 0 1 1
1 0 0 1 1 1 0 1
1 0 0 0 0 0 1 1
0 0 0 1 1 1 1 1
0 1 1 0 0 1 1 1
1 0 1 0 0 0 0 1
0 1 0 0 0 1 0 0
0 0 1 0 0 1 1 0
1 0 1 1 0 0 0 0
1 1 0 0 1 1 1 1
1 0 0 1 0 1 0 1
1 1 1 1 1 1 0 1
0 1 0 1 0 1 0 0
1 0 1 1 0 0 0 0
1 1 1 1 1 0 0 1
0 0 1 1 1 0 1 1
1 1 1 0 0 0 0 0
1 1 1 1 0 1 1 0
1 0 1 1 0 0 0 1
1 0 1 0 0 1 0 1
1 0 1 1 1 0 0 1
1 1 1 1 0 1 1 0
0 0 1 0 0 0 0 1
1 1 0 0 0 1 0 0
0 1 1 1 0 1 0 0
1 1 1 1 1 1 1 0
0 0 1 0 0 0 0 1
0 0 1 1 1 1 0 1
0 1 1 1 1 0 0 0
0 0 0 1 1 0 1 1
0 1 0 1 1 1 1 1
1 1 0 1 1 1 0 0
1 0 1 0 0 1 1 1
1 1 1 0 0 0 1 1
1 1 1 0 0 0 1 0
1 0 0 0 1 0 0 0
0 1 0 1 0 0 1 0
0 0 1 0 0 1 0 0
1 1 0 1 1 1 0 1
1 1 1 0 0 0 0 0
1 1 1 0 0 0 0 0
1 1 0 0 0 1 1 0
0 0 1 1 0 1 0 1
0 1 1 0 0 0 0 0
1 0 0 1 1 0 0 1
0 0 0 1 0 0 0 0
1 1 1 1 0 0 1 1
0 0 0 0 1 1 0 1
0 0 1 0 0 1 0 0
1 1 1 1 1 0 0 0
0 1 1 1 1 0 0 1
1 0 1 0 1 0 0 0
1 1 1 0 1 1 0 1
0 0 1 0 1 1 1 0
0 1 0 0 1 1 1 0
1 0 0 1 1 0 1 1
1 0 1 1 1 1 1 1
0 1 1 1 1 1 0 1
0 0 0 0 1 0 0 1
1 1 0 0 0 1 0 0
0 1 1 1 1 1 1 0
1 0 0 1 1 0 1 1
0 1 0 1 0 1 0 0
1 0 1 0 1 1 0 0
1 0 0 0 1 0 1 1
0 1 1 0 0 1 0 1
1 0 1 0 1 0 1 1
1 0 1 0 1 0 0 0
0 0 1 1 0 1 1 1
0 0 0 0 1 0 0 0
1 0 0 1 1 0 0 1
1 1 1 1 1 1 0 1
0 0 1 0 1 1 1 1
1 0 0 0 1 0 1 0
1 0 0 0 0 0 1 1
0 0 1 0 1 1 0 1
0 0 0 0 1 1 1 0
1 1 1 1 1 1 1 1
1 1 1 0 0 0 0 0
1 1 0 1 0 0 1 1
8 79
0 1 1 0 1 1 0 0
1 1 1 1 0 0 0 0
1 0 0 1 0 1 0 0
0 1 0 0 1 1 1 0
0 1 1 1 1 1 0 1
0 0 1 0 1 0 1 0
0 1 1 1 0 0 0 0
1 0 1 1 0 1 0 0
0 0 1 0 0 0 0 1
0 1 0 0 0 1 1 1
0 0 0 1 0 1 1 0
1 1 0 1 0 0 1 0
0 1 0 1 1 0 1 0
1 1 1 0 0 1 1 0
1 1 0 1 1 0 0 0
1 0 0 0 0 1 1 0
0 0 0 0 0 0 0 1
0 0 1 0 0 1 0 0
1 0 0 0 1 1 0 1
1 1 1 0 0 0 0 0
0 0 1 1 1 1 1 0
1 1 1 1 0 1 0 1
0 1 1 1 0 1 0 0
1 1 0 0 0 0 0 0
1 1 0 1 1 0 1 1
1 1 0 0 0 1 1 1
0 0 1 1 0 0 0 0
0 1 1 0 1 0 1 1
1 0 0 0 0 0 1 0
0 0 1 0 1 0 1 1
1 1 1 0 1 1 0 0
0 1 0 1 1 0 1 0
1 0 0 1 0 0 1 1
0 0 0 1 0 0 0 1
1 0 1 1 1 1 0 0
1 1 1 0 0 1 1 1
0 0 0 0 1 0 0 1
0 0 1 0 0 1 1 0
0 1 0 1 0 0 1 0
0 0 1 0 0 0 0 0
0 1 1 1 0 1 0 0
1 0 0 0 0 0 0 1
1 1 0 0 1 1 0 0
0 0 0 0 1 0 1 0
0 1 0 0 1 0 0 0
0 1 1 1 0 0 1 0
0 1 1 0 1 1 0 0
0 0 1 1 0 1 0 1
0 1 0 0 1 1 1 1
1 1 1 1 0 1 0 1
1 1 1 1 0 0 0 0
0 0 0 0 0 0 1 0
0 1 0 1 1 0 1 0
1 1 1 0 0 1 0 0
1 1 0 0 0 0 1 1
1 1 0 0 0 0 0 1
0 1 1 1 1 1 1 1
0 0 1 0 0 0 0 1
1 0 0 1 1 0 0 1
1 1 0 0 1 0 0 0
1 0 1 1 0 1 0 1
0 1 1 0 1 0 0 1
0 1 1 0 1 0 1 1
0 1 1 1 1 0 0 1
1 0 1 1 0 1 1 0
1 1 0 0 0 1 0 0
1 1 0 0 1 0 0 0
1 1 1 0 0 0 0 0
0 0 1 1 0 1 1 0
1 1 0 1 1 0 0 1
0 1 0 1 1 1 1 1
0 0 0 0 1 1 0 1
0 1 0 1 0 1 1 0
0 1 0 0 0 1 0 1
1 0 1 0 1 0 0 0
1 0 1 1 1 0 0 1
0 0 0 1 0 0 0 0
1 0 1 1 0 0 0 0
1 1 1 0 1 0 0 1
9 20
0 1 1 1 1 1 1 0 1
0 1 0 1 1 0 1 0 1
0 1 1 0 0 0 1 1 0
1 0 0 1 1 0 0 1 1
1 0 1 0 1 1 0 1 0
0 1 0 1 1 1 1 1 0
0 0 0 0 1 1 0 0 0
1 1 1 1 1 0 1 1 0
0 1 0 1 1 0 0 0 0
1 1 1 0 1 1 0 1 0
1 1 1 0 0 0 0 1 0
0 0 1 0 0 0 1 0 1
1 1 1 1 0 1 1 1 0
0 0 1 1 1 0 0 0 0
0 0 1 0 1 0 1 1 0
0 0 0 1 1 1 0 0 1
1 0 0 1 1 1 0 1 1
0 1 0 0 1 0 1 1 0
0 1 0 1 1 1 1 0 0
0 1 0 1 0 1 0 0 0
9 18
1 0 0 0 0 1 1 0 1
1 1 0 0 0 0 1 1 0
1 0 1 0 1 1 0 0 0
1 0 0 1 1 1 0 0 1
0 1 1 1 0 0 1 0 1
1 0 0 0 1 1 0 0 0
1 1 0 1 1 1 1 0 1
0 1 1 1 0 1 1 1 1
0 0 1 1 1 1 1 0 1
1 0 0 0 0 0 1 1 0
1 1 1 0 0 1 0 1 1
0 1 0 0 0 0 1 0 1
1 0 1 0 1 0 1 1 1
0 0 1 1 1 0 0 0 0
0 0 0 0 0 1 0 0 0
0 0 0 1 1 0 0 1 0
1 0 1 1 0 1 0 0 1
1 1 1 1 1 0 0 1 1
10 8
0 0 0 0 0 0 1 0 1 1
1 0 0 1 0 1 0 0 0 1
0 0 1 0 1 0 1 1 1 1
0 0 1 0 0 0 1 0 0 1
0 1 0 0 0 0 1 0 1 0
0 0 0 1 0 0 0 1 1 0
1 0 0 0 0 1 0 1 1 1
1 0 0 1 0 0 1 0 0 1
10 96
1 0 1 0 1 1 0 0 1 1
0 0 0 0 0 1 1 0 0 1
1 0 1 1 1 0 1 1 0 0
0 0 1 1 0 1 1 0 1 1
1 0 0 1 0 0 1 1 0 0
1 1 1 1 1 1 1 0 1 1
0 1 1 0 0 0 1 0 1 1
0 0 1 1 0 1 1 1 0 0
0 1 1 1 1 1 0 1 1 0
1 0 0 0 0 0 0 1 0 0
0 0 1 0 1 0 1 0 0 0
0 0 0 0 1 0 1 1 0 0
1 0 0 1 1 0 0 1 1 0
1 0 0 1 0 1 0 1 0 0
1 0 0 0 0 0 0 1 1 1
0 0 1 0 0 0 0 0 1 1
1 1 0 0 1 0 1 1 1 0
1 0 1 0 0 1 0 0 0 1
1 1 0 0 0 1 0 0 1 1
0 1 0 0 0 1 1 0 1 0
1 0 0 1 0 1 0 1 0 0
0 0 0 1 0 0 0 0 1 0
0 0 0 1 0 0 0 1 1 0
1 0 1 0 0 0 1 0 0 0
0 0 1 0 1 0 0 1 1 1
0 0 1 0 1 1 1 0 1 0
1 0 1 0 1 1 0 1 0 0
1 1 1 1 0 0 0 1 1 1
1 0 0 0 0 0 1 0 0 1
1 1 1 1 0 1 0 0 1 0
0 0 1 0 0 0 0 1 1 0
1 0 1 1 1 1 0 0 0 1
1 1 1 0 1 1 0 0 0 1
0 1 1 0 0 0 1 1 0 0
1 1 0 0 1 0 0 0 0 0
0 1 1 0 1 0 0 0 0 0
1 1 1 1 0 1 0 1 1 1
0 0 0 0 1 1 1 1 1 1
0 0 1 1 0 0 1 1 0 1
1 1 1 0 0 0 1 0 1 0
0 1 1 1 0 0 1 0 1 0
1 0 0 0 1 0 1 1 0 1
0 0 1 1 1 0 0 0 1 0
0 1 0 0 0 0 1 1 1 1
0 1 1 0 0 1 1 1 1 1
1 1 0 0 0 0 0 0 0 1
1 1 0 1 0 0 1 0 0 1
0 1 1 1 1 1 1 1 1 0
0 1 0 0 1 1 0 0 0 0
0 1 0 0 1 0 1 0 0 0
1 1 1 0 1 0 1 1 1 1
1 1 1 1 0 0 0 1 1 0
1 1 0 0 0 0 0 0 1 1
1 0 0 0 0 1 1 1 1 1
1 1 1 0 0 0 0 1 1 0
1 0 0 0 1 0 1 0 1 1
0 1 0 0 0 1 0 1 1 1
0 0 1 1 0 0 1 1 1 0
0 0 0 1 0 1 1 1 1 1
1 0 1 0 1 1 0 1 0 0
0 1 0 1 1 0 1 0 0 1
0 0 1 0 0 1 1 0 0 0
0 1 0 0 0 1 0 0 0 0
0 0 0 1 1 1 1 1 0 0
1 1 1 1 1 1 1 0 1 0
0 0 1 1 1 0 1 1 0 0
1 1 1 1 1 1 0 0 0 1
1 0 1 1 0 0 1 0 1 0
1 1 0 1 1 1 1 1 1 0
0 0 0 1 0 1 1 1 0 0
1 0 0 0 0 0 1 1 0 1
1 1 0 1 1 0 1 1 0 0
0 0 0 1 1 1 0 0 1 1
1 1 1 1 0 1 1 1 1 1
0 0 1 0 1 0 0 0 0 1
1 1 1 1 0 1 0 1 0 0
1 0 1 0 0 1 0 0 1 0
0 0 1 0 1 0 1 0 1 0
1 0 0 1 0 1 1 0 0 1
0 1 0 1 1 0 0 1 0 1
1 0 1 1 1 0 0 0 0 0
1 1 0 0 1 1 0 0 0 0
1 1 1 1 1 1 0 0 0 1
1 1 1 1 1 1 1 1 0 1
1 0 0 1 1 0 1 0 0 1
0 0 0 1 1 0 1 1 1 0
0 0 1 1 1 1 0 0 1 1
0 0 0 0 1 1 0 1 1 0
0 1 0 0 1 0 0 1 1 1
0 1 0 0 1 1 1 0 0 1
1 0 0 0 0 1 1 0 1 0
1 1 1 1 0 1 1 1 0 0
0 1 0 0 1 1 1 1 0 1
1 0 1 0 1 1 1 0 0 1
0 0 0 1 1 1 1 1 0 0
0 0 0 0 0 0 1 1 1 0
11 94
0 0 1 0 0 0 0 1 0 1 0
1 1 1 1 0 1 1 1 0 1 1
1 1 0 0 0 1 0 0 1 0 1
1 0 1 0 1 0 1 0 1 1 0
0 0 1 0 1 1 1 1 1 0 0
1 0 0 1 0 1 1 1 1 1 0
0 1 0 0 1 0 1 0 0 0 1
0 1 1 1 0 0 1 1 1 0 1
0 1 0 0 1 1 0 1 1 1 0
0 0 1 1 0 1 1 0 0 1 1
0 1 0 0 0 0 0 1 1 0 1
0 0 1 0 1 1 1 0 0 0 0
0 0 0 0 0 1 1 0 0 1 1
1 1 0 0 0 1 0 0 0 0 1
1 0 0 0 0 0 0 0 0 0 1
0 1 1 0 1 1 1 0 0 1 1
0 0 0 1 0 0 1 1 0 1 1
0 0 1 1 1 1 1 1 0 1 1
0 1 1 1 0 1 1 0 1 0 1
1 0 0 0 1 0 1 0 1 0 0
1 1 0 1 1 0 1 1 1 1 1
0 0 1 0 1 1 0 1 0 0 1
1 1 1 1 0 1 0 1 0 0 0
1 0 1 1 0 0 0 1 1 1 0
0 0 0 0 0 1 1 1 1 1 1
0 1 1 0 0 1 1 0 1 1 0
0 1 1 0 0 0 1 0 1 0 1
0 1 1 1 0 0 0 1 1 0 1
0 1 1 0 1 0 0 1 0 0 1
0 0 1 0 0 0 0 1 1 1 1
0 1 0 0 1 0 1 0 1 1 1
1 0 0 0 1 0 0 0 1 0 0
1 1 1 1 1 1 1 1 0 1 1
1 0 1 0 0 1 0 0 1 0 1
0 1 0 0 1 0 1 0 0 1 0
0 1 1 1 1 0 1 0 1 1 1
0 0 1 1 1 0 1 1 0 1 1
1 0 1 1 1 1 0 1 0 0 1
0 0 1 0 1 1 0 1 0 1 1
1 1 0 1 0 0 0 0 0 1 0
1 1 0 1 0 0 0 0 0 0 1
1 1 1 0 0 1 0 1 0 1 0
1 0 0 1 1 0 0 1 1 0 1
1 1 0 0 0 0 1 1 0 1 1
0 0 0 0 0 1 1 1 0 1 0
1 1 1 0 1 0 0 0 0 1 1
0 1 0 0 0 0 0 0 1 0 0
1 1 0 0 0 0 0 0 0 0 1
0 0 0 1 1 0 1 1 1 0 0
1 1 1 1 0 0 1 1 1 1 0
1 1 1 0 0 1 1 0 1 1 0
1 0 0 1 0 1 1 1 1 0 1
1 1 0 1 0 1 0 1 1 0 0
0 1 1 1 1 1 1 0 1 1 1
0 0 1 1 0 0 0 1 1 0 1
0 0 1 1 0 0 1 1 0 0 0
1 1 0 1 1 0 1 1 0 1 1
1 1 0 1 0 1 1 1 1 1 1
1 0 1 0 0 0 0 0 1 1 0
1 1 1 1 0 0 1 1 0 1 0
1 0 0 1 1 1 1 0 0 0 1
1 1 1 1 0 1 1 1 0 1 0
0 0 1 0 1 1 1 1 0 1 1
1 1 0 0 0 0 1 1 0 1 0
1 1 0 0 0 0 1 0 0 0 1
1 1 1 0 1 0 1 0 1 1 1
0 0 0 0 0 0 0 1 0 1 0
1 0 0 0 0 0 0 0 0 1 1
1 0 1 1 1 1 1 1 0 1 0
1 1 0 1 0 0 0 0 0 0 1
1 1 0 1 1 1 1 0 1 1 0
1 0 0 0 0 1 1 0 1 1 1
0 0 0 1 1 1 0 1 0 1 1
0 0 0 0 0 1 0 1 0 1 0
1 0 0 0 1 0 0 1 1 0 1
0 0 0 1 1 0 1 1 0 0 0
1 1 0 1 1 1 0 0 0 1 1
0 0 1 1 0 0 0 0 1 0 0
0 1 0 0 1 1 1 0 1 1 1
0 1 0 1 0 0 1 1 0 0 0
1 1 0 0 1 1 1 1 1 1 1
1 1 1 1 0 0 1 1 0 1 0
1 0 0 0 0 1 1 0 0 1 1
0 1 0 0 1 1 0 0 1 1 1
1 0 0 1 0 1 1 1 0 0 0
0 1 1 0 0 1 0 0 0 0 0
1 1 0 0 0 1 1 1 1 0 0
1 0 0 1 0 0 1 0 1 0 0
0 1 0 1 0 1 1 0 1 0 1
1 0 0 1 1 0 0 1 1 0 1
1 0 1 0 1 0 1 1 1 1 0
0 1 0 1 1 0 1 0 1 0 0
1 0 0 0 1 0 0 1 1 1 1
1 0 0 1 0 1 0 1 0 1 1
11 50
1 0 1 0 0 0 1 1 0 1 1
1 1 0 1 0 0 1 1 0 0 0
1 0 1 1 0 1 0 1 1 1 1
0 1 0 1 0 0 0 0 1 0 0
1 0 0 1 0 0 0 0 0 0 1
0 0 0 0 0 0 1 0 0 0 0
0 0 0 0 1 0 0 1 1 1 1
0 0 1 0 1 1 1 0 1 0 0
1 0 1 0 0 0 0 1 0 1 0
0 1 1 0 1 0 0 0 0 0 0
0 0 0 1 1 1 0 1 1 1 0
1 1 0 0 1 1 0 1 1 1 1
1 0 1 0 1 0 0 0 1 1 1
0 0 0 1 0 1 1 1 1 0 1
0 0 1 1 1 1 1 0 1 0 1
1 0 0 1 0 1 1 0 1 0 0
1 0 1 1 1 0 1 0 0 1 0
1 0 0 0 0 1 0 1 0 1 1
0 1 0 0 0 1 0 1 0 0 1
1 0 1 1 0 1 0 0 0 1 1
1 1 0 1 1 1 0 0 0 1 1
1 0 0 0 0 1 0 0 1 0 0
0 1 1 1 0 1 0 1 1 1 1
0 1 1 1 0 1 1 1 0 0 1
1 1 0 0 0 1 0 0 0 1 1
0 0 0 0 1 0 0 0 0 1 0
1 0 0 1 0 0 0 1 1 0 1
0 1 0 0 0 1 0 0 0 1 1
1 1 1 1 0 0 0 1 0 0 1
1 0 1 0 1 1 1 1 1 0 1
0 1 1 1 0 0 0 1 0 0 1
1 1 1 0 0 0 0 0 0 0 0
0 1 1 1 0 0 0 0 0 0 0
1 1 1 1 1 1 1 1 1 0 0
1 1 1 0 0 1 1 1 1 1 1
0 0 0 0 1 1 0 1 0 0 0
1 1 1 0 0 1 1 1 1 1 0
1 1 1 0 1 0 1 1 0 0 0
1 1 0 1 1 1 1 0 0 0 0
0 0 0 0 0 0 0 0 0 0 0
0 1 1 1 1 1 1 0 0 0 0
0 0 0 1 1 0 1 0 0 1 0
1 1 0 1 1 0 1 0 0 0 1
1 0 0 1 0 0 1 0 0 1 0
1 0 1 1 0 1 0 1 1 0 1
1 1 1 0 1 1 0 1 1 0 1
0 1 0 1 1 0 1 1 1 0 0
1 1 1 1 1 0 1 0 0 0 0
1 0 1 0 0 1 1 0 0 0 0
1 0 0 1 0 1 1 0 0 1 0
12 92
0 0 0 1 1 0 0 0 0 0 1 0
0 0 0 0 1 0 0 1 1 0 1 1
0 1 1 1 0 1 0 0 1 1 1 0
0 1 0 0 1 0 0 1 0 1 1 0
0 1 0 1 0 0 0 1 0 1 1 0
0 0 1 1 1 1 0 0 1 0 0 0
1 0 1 1 0 1 0 1 1 0 0 0
0 0 0 1 0 0 1 0 1 0 1 1
1 1 0 0 0 1 1 0 0 1 0 0
1 1 1 0 0 1 0 1 0 0 0 1
0 0 0 1 0 1 0 0 0 0 0 1
1 1 0 1 0 1 0 0 1 0 0 1
1 1 1 0 0 0 0 1 1 1 0 0
0 0 1 0 0 1 1 1 1 1 1 0
0 1 0 0 0 1 1 0 0 1 0 0
1 0 1 0 0 0 0 1 0 1 1 1
0 0 1 1 0 1 0 1 0 1 1 1
0 0 1 1 1 1 0 1 0 1 1 1
0 1 0 1 0 1 0 1 1 1 0 1
1 1 0 0 1 1 0 1 0 1 1 0
1 0 0 1 0 0 0 1 0 1 1 0
0 0 1 1 0 1 0 0 1 0 0 1
0 1 0 1 1 0 1 0 0 0 0 0
1 0 0 0 1 1 0 0 0 0 1 1
0 0 1 1 1 0 0 0 0 0 0 1
0 0 0 1 1 0 0 1 1 1 0 1
1 0 1 0 1 0 1 1 0 0 0 0
0 0 1 1 0 0 0 0 1 1 0 0
1 0 0 0 0 1 0 0 0 0 0 1
0 1 0 1 1 1 1 1 0 1 0 0
0 1 1 0 1 1 1 1 1 0 0 1
0 0 1 0 1 0 0 0 0 0 1 0
1 0 1 1 1 1 1 1 1 1 1 1
0 1 1 0 0 1 1 0 0 0 0 0
1 1 1 0 1 0 1 1 0 1 0 0
1 0 1 1 0 0 1 1 0 1 0 0
1 1 1 0 1 0 0 0 1 0 0 1
0 0 1 1 0 0 1 1 0 0 1 0
1 1 1 0 1 1 0 1 1 1 0 1
1 1 0 0 1 0 0 0 0 1 1 1
0 0 0 1 0 1 0 1 1 1 1 1
0 1 0 1 1 1 0 1 0 0 0 1
0 0 0 1 1 1 1 0 1 0 0 1
0 1 0 0 1 0 0 0 1 1 0 0
0 1 0 0 0 1 0 0 0 1 0 1
1 1 1 1 1 1 0 1 1 1 0 0
1 0 0 1 1 0 1 1 0 0 0 1
0 0 1 1 1 0 1 0 1 1 0 0
0 1 0 0 0 1 0 1 0 1 0 1
0 0 0 1 1 1 0 1 0 1 1 1
1 0 1 1 1 0 0 1 1 0 1 1
0 0 0 0 1 0 0 1 0 1 0 1
0 0 1 1 1 0 0 0 1 0 0 0
1 0 1 1 1 1 1 0 0 0 0 0
0 0 1 1 0 1 1 0 1 0 0 0
0 1 0 1 0 0 0 0 1 0 0 0
0 0 0 1 1 1 1 0 0 1 0 0
0 1 1 0 1 0 0 1 0 0 0 0
1 1 1 0 0 0 0 1 1 1 0 0
1 0 1 1 1 0 1 1 0 0 1 1
1 0 1 1 1 1 0 1 1 1 1 0
1 1 1 0 0 0 0 1 1 0 0 1
1 0 0 0 1 0 0 1 0 1 0 0
1 0 1 1 0 1 1 0 0 1 1 0
0 0 0 1 1 0 0 0 1 0 1 0
1 0 0 1 1 0 1 1 1 0 1 0
0 1 0 0 0 0 1 1 0 0 1 0
1 0 0 1 0 1 1 0 0 0 1 0
0 1 1 0 1 0 0 0 1 0 1 1
0 0 1 1 0 1 0 1 0 1 1 0
1 0 0 1 0 1 1 0 0 1 1 1
1 1 0 0 1 1 1 0 1 1 1 1
1 1 0 1 1 0 0 0 0 0 0 0
1 0 0 1 0 0 1 0 1 1 1 0
0 0 0 0 0 1 0 1 0 1 1 1
0 1 1 0 0 1 0 0 1 1 0 1
1 1 0 1 1 1 1 0 1 1 0 0
1 0 1 1 1 1 1 0 1 1 1 1
1 1 0 0 0 0 0 1 1 1 0 1
1 0 0 0 1 1 1 1 1 0 0 1
1 0 1 0 0 0 1 0 0 0 0 1
1 0 0 1 0 1 1 0 1 1 1 0
1 0 0 1 0 1 1 0 1 0 1 0
0 1 0 0 0 1 0 0 1 0 1 1
0 0 1 1 1 0 1 1 1 0 1 1
1 1 0 0 1 1 1 1 1 1 1 0
1 0 0 0 0 0 0 0 1 1 0 0
0 0 0 1 0 0 1 1 1 1 1 0
0 1 0 1 1 1 0 1 0 1 1 0
1 1 1 1 1 0 0 0 0 1 1 1
1 1 1 0 0 1 0 0 1 0 0 0
1 0 0 0 1 1 1 0 1 0 1 0
12 52
1 1 0 1 1 1 1 0 0 1 0 1
0 1 0 1 1 0 0 0 0 0 1 1
1 0 1 0 1 1 0 0 1 0 0 1
0 0 0 0 0 0 1 0 0 0 1 0
0 0 1 0 1 1 1 0 1 0 1 1
0 1 0 0 1 0 0 1 0 0 0 1
1 1 0 0 1 1 0 1 1 1 1 1
0 1 1 0 0 0 1 1 0 0 0 1
0 1 0 1 1 0 1 1 1 1 1 1
0 0 0 1 0 0 0 1 1 1 1 1
0 0 1 0 1 0 1 0 1 1 1 0
1 0 0 1 0 1 1 1 0 1 0 0
1 1 1 1 1 0 1 0 1 0 0 1
1 0 0 1 0 1 0 1 1 0 1 1
1 1 0 0 1 0 1 1 1 1 0 0
1 1 1 0 1 1 1 0 0 0 1 1
1 0 0 1 0 1 1 1 1 1 0 1
1 1 0 1 1 0 1 1 1 0 1 0
0 0 0 0 1 1 1 1 0 0 1 1
1 0 0 1 1 0 1 1 0 0 1 1
0 0 1 0 0 1 0 1 1 1 0 0
1 1 0 1 1 0 0 0 1 1 0 1
1 0 0 0 0 0 0 1 1 1 1 0
1 0 1 0 0 0 0 0 0 0 1 0
0 0 0 0 0 0 1 0 1 1 1 1
0 0 1 1 0 0 1 1 0 0 0 0
1 0 1 1 1 0 1 1 0 0 1 1
0 1 1 1 0 0 0 1 0 1 1 0
0 0 0 0 0 0 0 1 1 1 0 0
1 0 0 0 1 0 0 0 1 0 1 0
0 1 1 0 0 1 1 1 1 1 1 0
0 1 0 0 1 0 1 1 0 0 1 0
1 0 0 0 0 1 1 0 0 0 1 0
1 1 1 1 1 1 0 1 0 1 0 0
0 1 0 0 0 0 0 0 1 0 1 0
1 0 0 1 1 0 0 0 1 1 0 0
1 0 1 1 0 1 1 1 0 0 0 1
1 0 0 1 1 1 0 1 1 0 0 0
0 1 0 0 0 0 0 1 0 0 1 0
1 0 1 0 0 0 0 0 1 1 1 1
0 1 1 1 1 0 1 0 0 1 1 1
1 0 1 1 0 0 0 0 0 1 0 0
1 0 0 0 0 0 1 0 0 0 0 1
0 1 1 0 0 1 0 0 0 1 0 1
0 1 1 0 1 1 0 1 1 0 1 0
1 0 0 1 0 1 0 0 1 0 0 0
0 0 1 0 0 0 0 1 1 0 0 0
1 1 1 0 0 1 0 0 0 1 1 1
0 0 1 0 1 0 0 0 1 1 1 0
0 0 0 0 0 1 1 1 1 0 0 0
1 0 1 0 0 1 0 0 0 0 0 0
1 0 1 0 0 0 1 0 1 0 0 0
13 10
1 0 1 0 1 0 0 0 0 0 0 1 1
0 1 0 0 1 1 1 1 1 0 1 1 1
1 1 0 1 1 0 1 1 0 0 0 1 1
0 1 1 0 0 0 0 1 0 0 0 0 1
1 1 0 0 1 1 0 0 1 1 0 0 1
1 1 1 1 1 0 0 0 0 0 1 1 0
0 0 0 1 1 0 1 1 1 1 0 0 0
0 0 0 1 0 0 0 1 0 1 1 1 1
0 0 1 1 1 0 1 1 0 1 0 1 0
0 1 1 1 1 1 1 1 1 1 0 0 1
13 28
1 0 1 1 1 0 0 0 0 1 1 0 0
1 1 0 0 1 1 0 0 0 0 0 0 1
0 0 1 1 1 0 1 1 0 0 0 0 1
1 0 1 1 0 0 1 0 0 0 1 0 0
1 1 0 0 0 1 1 0 0 0 0 1 0
0 0 0 1 0 1 1 0 0 1 0 1 0
0 0 1 1 0 1 0 0 1 1 1 0 1
1 1 0 0 1 1 0 1 0 1 1 0 0
0 1 1 0 1 0 0 0 1 1 1 0 1
0 0 0 1 0 0 1 0 1 1 0 0 0
1 1 1 0 0 0 0 0 0 0 0 1 1
1 1 0 1 1 1 0 1 1 0 1 1 0
1 1 1 0 1 0 0 0 1 1 1 1 1
0 1 1 1 1 1 1 0 0 1 1 0 0
0 1 1 1 0 1 0 0 0 0 1 1 1
0 1 1 0 0 1 1 1 1 1 0 1 1
1 1 0 1 1 0 1 0 0 1 1 1 0
1 0 0 0 0 0 1 0 0 1 0 1 1
1 0 1 0 0 1 0 1 0 1 0 0 0
0 1 0 0 0 1 0 0 0 0 0 0 1
0 0 0 1 1 0 1 1 0 0 0 1 1
1 1 1 0 1 0 0 1 0 1 0 0 1
0 0 0 0 1 0 1 1 1 0 1 0 0
1 0 0 1 1 0 1 1 0 0 0 0 1
0 0 1 0 1 1 1 1 1 1 0 1 0
0 0 1 1 1 0 0 0 1 0 1 1 0
1 1 1 0 1 1 1 1 1 1 0 0 1
0 0 0 1 0 0 1 1 0 1 1 1 1
14 92
0 1 1 1 1 1 0 1 1 0 1 1 0 0
1 0 1 0 0 1 0 0 0 0 1 1 0 1
1 1 0 1 0 0 0 1 1 1 1 0 0 1
0 1 1 0 1 1 1 0 1 0 0 0 1 0
1 1 0 0 0 1 1 0 0 0 1 1 1 0
1 0 0 1 0 1 1 0 0 0 1 0 1 1
1 0 1 1 0 0 1 0 1 0 1 1 0 1
0 1 0 0 1 0 0 1 0 1 1 0 0 1
1 0 1 0 1 0 1 0 1 0 1 1 0 0
1 1 1 1 0 1 1 1 1 0 0 0 1 1
1 1 0 1 0 1 1 0 1 0 0 0 0 0
0 1 0 1 0 0 0 0 0 1 0 1 0 1
1 1 0 0 1 0 1 1 0 0 1 1 1 1
1 1 1 1 1 0 0 0 1 1 1 1 1 0
0 0 1 0 1 0 0 1 1 1 1 0 1 0
0 0 1 0 1 0 0 1 0 0 1 1 1 0
1 1 1 1 0 1 0 1 0 1 1 0 1 0
1 1 0 0 1 0 0 1 0 0 1 0 1 0
1 0 0 0 0 1 1 1 1 0 0 0 0 1
1 1 0 1 1 0 1 1 0 1 1 1 1 1
1 1 1 0 0 1 1 1 1 1 1 0 0 0
1 0 1 0 1 1 1 1 0 1 0 1 0 1
1 1 0 0 1 1 0 0 0 0 1 0 1 1
0 0 0 1 0 0 0 0 1 0 1 1 0 0
0 1 0 0 0 1 1 0 1 0 1 0 1 0
0 1 0 0 0 0 1 1 1 1 1 0 0 0
0 0 1 0 1 0 0 0 0 1 1 1 1 0
1 1 0 0 0 1 0 0 1 1 1 0 0 0
1 0 1 1 1 0 0 0 0 0 1 1 1 1
1 1 0 1 0 0 0 1 1 0 0 0 0 1
1 1 1 1 1 0 0 0 1 0 1 1 1 0
0 1 1 0 0 0 1 1 1 0 0 0 0 0
0 1 1 0 1 0 0 1 1 0 1 1 1 1
0 0 1 0 0 1 1 1 0 0 1 0 1 1
0 1 0 0 0 1 1 0 1 0 1 0 1 1
1 0 1 1 1 0 0 0 1 0 1 0 1 1
1 0 1 1 0 1 1 0 1 0 0 1 0 0
1 1 0 0 1 0 1 0 1 1 1 1 0 0
1 1 1 0 1 0 0 0 0 1 0 1 1 0
1 0 1 1 1 1 0 0 0 1 0 1 1 0
1 1 0 0 0 1 0 0 1 1 0 1 1 1
0 0 0 1 1 0 1 1 0 1 0 0 0 0
1 0 0 1 1 1 0 0 1 1 0 0 1 1
0 0 0 1 0 0 0 1 1 1 1 0 1 0
0 1 0 0 0 0 1 0 0 1 1 1 0 1
1 1 0 1 1 1 0 1 0 0 1 1 1 0
1 1 0 0 1 1 0 1 0 1 1 0 1 1
0 1 0 1 1 1 0 1 0 1 0 0 0 0
1 1 0 0 1 0 0 1 0 1 1 0 0 0
1 0 1 1 0 0 0 1 1 0 1 0 1 1
1 1 1 1 1 0 0 0 1 0 1 0 0 0
1 0 1 0 0 0 0 0 1 0 0 0 0 0
1 0 1 1 0 0 1 1 1 1 1 0 1 1
1 1 0 1 0 0 0 1 1 0 0 1 0 1
1 1 1 0 1 0 0 1 0 1 1 1 1 1
1 0 0 0 1 1 1 0 0 1 0 1 0 1
1 1 0 1 1 0 0 0 0 0 0 1 1 1
0 0 0 0 1 0 0 0 0 0 1 1 0 1
1 1 0 0 1 0 0 1 1 0 1 1 1 1
0 0 0 0 0 0 0 0 1 0 1 0 1 1
1 1 0 1 0 1 1 0 0 1 1 1 1 1
0 0 1 0 1 1 1 0 1 0 0 1 0 1
1 1 0 0 0 0 0 1 0 0 0 0 0 1
1 0 0 1 1 1 1 0 1 0 0 0 1 0
0 1 0 1 1 0 0 1 1 1 0 1 0 0
1 0 0 1 0 1 1 0 1 1 1 0 1 0
0 0 1 0 0 0 1 1 0 0 0 1 0 0
0 1 1 1 0 1 0 0 0 1 0 0 1 1
1 1 1 0 0 0 1 1 1 0 0 1 0 1
1 0 1 0 1 1 1 1 0 1 0 1 0 1
0 1 0 0 1 1 0 1 0 1 0 0 1 0
0 1 0 0 1 0 1 1 0 1 1 0 0 1
0 1 1 1 1 1 1 1 0 0 0 1 1 0
0 1 0 1 0 0 1 1 0 0 0 0 0 1
1 0 0 1 1 1 1 1 0 1 1 1 1 0
0 0 1 1 1 1 0 0 1 1 0 0 1 1
0 0 1 0 0 0 0 1 0 0 0 0 0 0
1 0 1 1 0 0 1 0 0 1 1 1 0 0
1 1 1 1 0 0 1 1 0 0 0 1 0 0
0 1 1 0 0 1 0 1 0 1 1 1 1 1
0 0 0 1 0 0 1 0 1 1 1 0 0 0
0 1 1 1 0 0 1 0 1 0 1 1 0 1
1 1 1 0 1 0 0 0 1 0 0 1 0 0
1 1 0 0 0 1 1 1 0 1 0 0 1 0
1 0 0 0 0 0 0 1 1 1 1 1 1 0
0 0 0 0 1 0 1 1 0 1 0 1 0 1
1 1 1 1 0 1 0 1 1 1 0 0 1 0
1 1 0 0 1 0 1 1 1 0 0 0 1 1
0 0 0 0 1 0 1 0 1 0 1 0 0 0
1 1 1 0 0 1 1 1 0 1 1 0 0 0
0 1 1 0 1 1 1 1 0 1 1 1 0 1
0 1 1 1 1 1 1 0 0 1 0 1 1 1
14 52
0 0 1 0 1 1 1 1 0 1 1 1 1 0
1 0 1 0 1 0 0 1 0 1 0 1 1 1
1 0 0 1 1 0 0 1 1 1 1 1 0 1
0 1 1 1 0 1 0 1 0 0 0 1 1 1
0 0 1 0 1 0 0 0 1 1 1 0 1 0
1 0 0 0 0 1 1 1 0 1 0 1 1 0
1 0 1 1 1 1 0 1 0 1 1 1 0 1
0 0 0 1 1 1 1 0 1 0 0 1 1 1
0 0 1 1 1 0 1 1 1 1 0 1 0 1
1 0 0 0 1 1 0 1 1 1 0 0 0 1
1 1 1 1 1 0 1 1 0 1 1 0 0 1
0 1 1 1 1 1 1 0 0 0 0 0 1 1
1 0 0 0 1 0 0 0 0 1 0 1 1 0
0 0 1 0 1 0 0 0 0 0 1 1 0 0
0 0 0 1 1 0 1 0 1 0 1 1 1 1
0 1 1 1 0 0 1 1 1 1 1 1 0 1
1 0 1 0 1 0 0 1 1 1 1 1 0 1
1 1 0 0 0 1 1 1 0 1 0 0 1 0
1 1 0 1 1 1 0 0 0 0 1 0 1 1
0 1 0 1 0 0 0 1 1 0 0 0 0 0
0 1 0 1 0 1 1 1 1 0 1 0 1 0
0 1 0 1 1 1 1 0 1 1 0 0 1 1
1 0 0 1 0 0 1 1 0 1 0 0 0 0
1 0 1 1 0 1 0 1 1 0 1 1 0 1
1 0 0 0 0 1 0 1 1 0 0 0 1 0
1 0 0 1 0 0 0 1 0 0 0 0 1 0
0 1 1 0 1 1 0 1 0 0 1 0 0 0
0 1 1 0 1 1 1 0 1 1 0 0 1 1
1 1 1 1 0 1 1 0 1 1 1 1 0 1
1 0 0 0 1 1 1 1 1 0 0 1 1 1
0 1 1 0 1 1 1 1 1 1 1 1 1 0
1 1 0 1 0 0 0 1 0 0 0 1 1 0
1 1 1 0 0 1 1 1 0 1 0 0 0 1
0 1 1 1 0 1 0 0 1 0 1 1 1 0
1 1 1 0 0 0 0 0 0 0 0 0 0 1
1 1 0 0 0 1 0 0 1 0 1 1 0 1
1 0 0 1 1 0 0 1 1 0 1 0 1 0
1 1 0 1 0 1 0 1 1 1 0 0 1 1
0 1 0 0 0 0 0 1 0 0 0 1 0 1
1 0 0 0 0 0 0 0 0 1 1 0 1 0
1 0 1 1 1 0 1 1 1 1 0 1 1 0
0 1 0 0 0 0 0 0 1 1 1 0 1 0
0 0 1 1 0 1 0 1 0 0 0 0 0 1
1 1 0 1 1 0 1 0 0 1 0 0 1 0
0 0 0 1 0 0 1 0 0 0 1 0 0 0
1 0 1 1 0 0 0 0 0 1 1 1 0 1
0 1 1 1 1 0 0 1 0 1 1 0 0 0
1 1 1 0 1 0 0 0 0 0 1 1 0 1
1 1 1 1 1 0 0 0 1 0 1 1 0 1
1 1 0 1 1 0 0 1 0 0 1 1 1 0
0 1 0 0 0 1 1 1 1 1 0 0 1 0
0 0 1 0 1 0 1 0 0 1 1 0 1 0
15 8
1 0 1 0 0 1 1 0 0 0 1 0 1 1 0
0 0 1 0 1 1 0 1 1 1 1 1 1 1 1
1 1 0 1 0 0 1 1 1 1 1 0 0 0 0
1 0 1 1 1 1 0 0 1 0 1 0 0 0 1
1 0 0 0 1 1 0 0 0 1 0 1 1 1 1
1 1 0 1 0 0 0 1 1 0 1 1 1 1 1
1 0 1 0 1 1 0 1 0 0 0 0 0 0 0
0 0 1 0 0 1 1 0 1 0 0 0 1 1 1
15 3
1 1 1 1 0 1 1 1 0 1 0 1 0 1 1
0 0 0 1 0 1 0 1 1 0 1 1 0 1 0
1 1 1 0 1 1 1 1 1 0 1 1 0 1 1
15 57
0 0 0 0 0 1 1 0 0 0 0 0 1 1 0
0 1 1 1 1 1 0 0 0 0 1 1 1 1 0
0 0 1 0 1 1 0 0 0 1 1 1 1 1 0
1 0 1 1 1 0 1 1 0 1 0 0 1 1 1
0 0 1 0 1 1 1 0 1 0 1 1 1 1 0
1 0 1 1 0 0 0 0 1 1 1 0 0 0 1
1 1 0 0 0 1 1 1 1 1 0 0 1 0 1
0 1 1 0 1 1 1 0 0 0 1 1 0 1 1
1 1 0 0 1 1 1 1 0 1 0 1 0 1 0
0 1 1 1 1 1 0 0 0 0 0 1 0 0 0
0 0 0 0 1 0 0 1 0 0 1 1 0 1 1
0 0 0 1 0 1 0 0 1 1 0 1 0 0 0
1 1 1 1 1 0 1 1 0 1 0 1 0 0 1
0 1 1 0 0 0 0 1 0 1 1 1 1 0 0
0 1 0 0 0 1 0 0 1 1 1 0 1 0 1
0 1 0 0 1 0 0 1 0 1 0 1 1 1 0
1 0 0 1 0 1 1 1 1 0 1 0 1 0 0
0 0 0 1 1 0 1 1 0 1 0 0 1 0 0
0 0 1 1 1 1 1 0 0 1 1 1 1 0 1
0 0 0 0 1 1 0 0 0 0 1 0 1 1 1
1 1 0 0 0 0 0 1 0 0 1 0 0 0 1
1 0 0 0 1 0 0 0 1 0 0 1 1 1 1
1 0 1 0 1 0 1 1 1 0 1 0 1 0 1
1 1 0 1 1 1 0 1 0 1 1 1 0 0 0
1 0 1 1 1 0 1 0 1 0 1 1 0 1 0
0 0 1 0 1 1 1 1 1 1 0 1 1 1 1
1 0 0 0 0 1 0 0 0 1 0 1 1 0 0
0 0 0 0 0 0 0 0 0 1 1 0 0 1 0
0 0 0 1 1 0 1 0 1 1 1 1 1 0 1
0 1 1 1 0 0 0 0 0 0 1 0 0 1 1
0 1 1 0 1 0 1 0 1 0 1 1 0 0 1
0 0 1 0 1 1 1 1 1 0 0 1 1 0 0
0 1 1 1 1 0 1 1 0 1 0 1 0 0 0
0 1 0 1 1 1 1 0 0 1 1 0 1 1 0
0 1 1 1 1 1 0 1 0 0 1 0 1 0 1
0 0 1 1 0 1 1 0 0 1 0 1 0 0 1
0 0 0 0 1 0 0 1 0 1 0 1 1 0 0
1 0 1 0 1 1 0 0 1 0 1 1 0 0 1
0 0 1 0 0 0 1 1 1 1 0 0 1 0 1
1 0 1 0 1 1 0 1 0 0 0 1 1 0 1
0 1 1 0 1 0 1 1 0 0 0 1 0 1 1
0 0 1 1 1 1 0 1 0 0 0 0 1 1 1
0 0 0 1 0 0 0 0 1 0 1 0 0 0 0
1 0 0 1 0 1 1 1 0 1 0 1 1 1 0
1 0 1 1 1 0 0 0 1 1 0 1 1 1 0
1 0 0 0 1 0 1 0 1 1 0 1 0 0 1
0 0 1 1 1 0 1 1 1 0 1 0 0 1 0
0 0 0 0 0 0 1 1 0 1 0 1 1 1 1
0 0 0 0 0 1 0 0 0 1 0 0 0 0 1
1 0 1 0 0 0 1 1 0 0 0 1 0 0 0
0 1 1 1 1 0 0 1 0 1 1 1 1 1 1
1 0 1 0 0 0 1 1 0 1 1 1 0 1 1
1 0 1 0 1 0 0 0 0 0 1 1 0 1 1
1 1 1 0 1 0 0 0 0 1 1 0 1 1 1
1 0 1 1 0 1 1 1 0 0 1 1 1 0 0
1 0 0 1 1 0 0 1 0 0 1 0 0 0 0
0 1 1 0 1 1 0 0 0 1 0 0 1 0 1
15 44
0 1 1 1 0 0 0 1 0 0 1 1 0 1 0
1 0 1 0 1 0 0 0 1 0 1 0 1 1 0
1 0 1 0 1 0 0 0 1 1 0 1 0 1 1
1 1 0 1 0 0 1 1 0 0 1 0 1 1 0
0 0 0 1 0 0 1 1 1 0 1 0 0 0 0
0 1 0 0 1 0 0 0 0 0 0 0 0 0 1
1 0 0 1 1 0 1 0 1 0 1 0 1 0 1
0 0 1 1 0 0 1 0 1 0 1 0 1 1 0
1 0 0 0 1 0 1 0 1 1 1 0 0 1 0
1 0 0 0 0 1 0 0 0 1 1 1 0 0 0
0 1 1 1 1 1 1 0 1 1 1 0 0 0 0
0 1 1 0 0 0 1 0 1 0 0 1 1 0 0
1 1 0 0 0 1 0 0 1 0 1 1 1 0 0
0 0 0 1 1 1 0 1 1 1 0 0 1 0 1
1 0 0 0 0 0 0 1 0 1 0 0 1 0 1
0 1 1 0 1 0 1 1 0 0 0 1 1 0 1
1 0 0 1 1 1 0 0 0 0 0 1 0 0 1
0 1 1 0 0 0 0 0 1 1 0 1 1 1 1
1 0 1 1 0 1 0 0 0 1 0 0 1 0 1
0 1 1 0 0 0 0 1 0 0 1 1 0 0 0
0 0 0 0 0 0 1 1 0 1 0 0 0 1 0
1 0 0 0 0 1 1 1 0 0 0 0 0 0 1
0 0 1 1 1 0 0 0 1 1 1 1 1 0 0
1 1 1 0 1 1 1 0 0 1 1 0 0 1 1
0 1 1 0 1 1 1 0 0 0 0 1 1 1 0
0 0 1 0 0 0 0 1 1 1 1 1 0 1 1
1 0 0 0 1 0 1 0 0 1 1 1 1 1 1
0 0 1 0 1 0 1 0 0 0 1 1 0 1 1
1 0 0 1 0 1 0 0 0 1 1 0 0 0 1
1 0 0 1 0 1 0 1 0 1 1 0 1 1 0
1 0 1 0 1 1 1 0 1 1 0 0 1 1 0
0 1 0 0 0 1 0 0 1 0 1 0 0 0 1
0 0 1 1 1 1 1 1 0 0 0 0 1 1 0
1 1 1 1 1 0 1 1 1 1 1 0 1 1 0
1 1 0 1 0 0 1 0 1 0 1 0 0 0 0
0 0 0 1 1 1 0 1 1 0 1 1 0 1 1
0 1 0 1 1 1 1 1 1 0 1 0 1 1 0
1 0 1 1 0 0 1 1 0 0 1 1 1 1 0
0 1 1 1 1 1 1 1 1 0 0 0 1 1 0
1 0 0 1 1 1 1 1 0 1 1 1 0 1 0
0 0 1 0 1 0 1 0 0 0 1 1 0 0 0
0 0 0 1 1 0 1 1 1 1 0 0 0 1 0
0 1 1 0 0 1 1 1 0 1 0 0 1 1 0
1 0 0 1 0 1 1 0 1 0 0 0 0 1 1
15 92
1 1 0 1 0 1 0 0 0 1 0 0 1 0 0
1 0 1 1 0 1 0 0 1 1 0 1 1 0 1
0 1 0 1 1 1 1 0 0 1 0 0 0 1 1
0 1 0 1 0 1 0 1 0 1 0 0 1 0 0
0 1 1 1 1 0 0 1 0 1 1 1 0 0 1
0 1 0 0 1 0 0 1 1 0 1 1 1 1 0
0 1 0 0 1 1 1 1 0 1 1 0 1 1 1
1 0 1 0 0 1 1 1 1 1 1 1 0 0 0
1 0 0 0 0 0 0 1 0 1 1 1 1 1 0
0 1 1 0 1 0 1 1 1 1 0 1 1 1 0
0 1 0 1 0 0 1 1 0 1 1 1 0 1 0
1 1 0 1 0 1 1 1 0 0 0 0 0 0 0
1 0 0 0 1 0 0 1 0 0 0 1 1 0 1
1 0 1 0 0 1 0 1 0 0 1 1 1 0 0
0 0 0 0 0 0 0 0 0 1 1 1 0 0 0
0 1 1 0 0 0 1 1 1 0 1 0 0 1 0
1 1 1 1 1 0 0 0 1 0 0 0 1 1 1
0 0 1 1 1 1 0 1 0 1 1 1 1 1 1
1 0 1 1 1 1 0 1 0 0 0 1 1 0 1
1 0 1 0 1 1 1 1 1 0 0 0 0 1 0
0 1 1 1 1 0 0 1 0 0 1 1 0 0 0
0 1 1 1 1 1 1 1 0 0 0 0 1 1 1
1 1 1 1 0 1 1 1 1 0 0 1 0 1 1
0 0 1 1 0 1 0 0 0 0 1 0 1 0 0
1 0 1 0 0 1 1 1 1 1 0 1 0 0 0
0 0 1 0 0 0 0 0 1 1 1 1 1 0 0
0 1 0 0 1 0 0 1 1 0 1 0 1 0 0
0 1 1 1 0 1 1 1 1 0 1 0 1 1 1
0 1 0 0 1 1 0 0 1 1 1 0 1 1 0
1 1 1 0 0 0 0 1 0 0 0 1 0 1 0
1 0 1 0 0 0 0 0 1 0 0 0 0 1 0
1 0 0 1 1 0 1 1 1 1 0 1 1 1 1
1 0 0 0 0 0 0 0 0 0 1 0 0 1 1
1 0 0 0 1 1 0 1 0 0 1 1 0 0 1
0 0 0 0 0 1 1 0 1 0 1 0 1 0 1
0 1 1 1 1 1 1 0 0 1 0 0 0 1 1
0 0 1 1 0 0 0 0 1 0 1 0 0 1 0
1 0 0 1 1 1 0 0 0 1 0 0 0 1 0
1 1 0 0 1 1 1 1 0 1 0 0 1 0 1
1 1 0 1 0 0 0 1 1 1 1 0 1 0 0
1 0 1 1 1 0 1 0 1 1 0 0 1 1 0
1 0 1 0 1 1 0 1 1 1 0 1 0 1 1
1 0 0 0 0 1 0 0 1 0 0 1 0 0 1
0 0 0 1 0 0 0 1 1 0 0 1 1 0 0
0 1 0 0 1 0 0 0 0 0 0 0 0 0 0
0 1 1 1 1 1 1 0 0 1 0 1 0 0 0
0 0 1 0 0 1 1 0 1 1 0 1 1 0 0
1 0 0 1 1 0 1 1 1 1 0 1 1 1 0
1 0 0 1 1 1 0 0 1 1 0 0 1 1 1
0 0 0 0 0 0 1 1 0 0 0 0 0 1 1
0 1 0 0 1 0 0 1 0 1 1 0 0 0 1
0 0 0 1 1 1 0 1 0 1 0 1 1 1 0
0 1 1 0 0 1 1 0 0 0 0 0 0 0 0
0 0 0 0 0 0 1 1 1 0 0 0 1 1 0
0 0 1 1 0 0 0 1 0 1 0 1 0 1 0
1 0 1 1 1 0 1 0 0 1 0 1 0 1 1
1 1 1 0 0 1 1 0 1 1 0 0 1 0 0
0 1 0 0 1 0 0 0 1 1 0 0 1 0 1
1 0 1 0 1 0 1 1 1 1 0 0 1 0 1
1 0 1 0 1 1 0 1 0 0 1 0 1 1 1
0 1 0 1 1 0 1 0 1 1 1 0 0 0 0
1 1 1 1 1 1 0 1 1 0 1 1 0 1 1
0 1 1 0 0 0 1 0 0 0 1 1 0 1 1
0 0 1 1 1 1 0 0 1 1 0 0 0 0 1
0 1 1 1 1 0 1 1 1 1 0 0 1 1 0
1 1 1 1 0 1 0 1 0 0 0 1 0 1 0
0 0 1 0 0 1 0 1 1 0 1 1 0 0 0
1 1 1 1 1 1 1 1 0 0 0 0 0 0 0
1 1 0 0 0 1 0 1 0 1 1 1 1 0 1
1 0 0 1 1 1 0 0 1 1 1 0 0 0 0
1 1 0 0 1 1 0 1 1 0 1 0 1 1 1
0 1 1 1 0 0 1 0 0 0 1 0 0 1 0
1 1 0 0 1 0 1 0 1 0 1 1 0 0 0
1 0 1 0 0 0 1 0 1 1 1 0 0 0 0
0 1 1 1 1 1 0 1 0 1 0 0 1 1 1
0 1 1 0 0 0 0 1 1 1 0 1 1 0 0
1 0 1 1 0 1 1 1 1 0 0 0 0 0 1
0 0 1 1 1 0 1 1 1 0 0 0 0 1 0
0 1 0 1 1 1 1 1 0 0 0 0 0 0 1
0 1 0 1 0 0 0 1 1 0 0 0 1 1 0
1 0 1 1 1 0 1 0 0 1 1 1 1 0 1
0 1 0 1 0 0 0 1 1 1 0 0 1 1 0
0 0 0 0 1 1 0 0 1 0 0 1 1 0 1
0 1 0 0 0 0 0 1 0 1 0 0 0 0 0
1 1 1 1 0 0 0 1 1 0 1 1 0 1 1
1 0 1 0 1 0 0 1 0 0 0 1 0 1 1
1 1 0 1 1 1 1 1 0 0 1 0 1 1 1
0 1 1 0 1 1 1 0 0 1 0 1 0 0 1
0 0 0 0 0 1 0 1 0 0 1 1 0 1 1
0 1 1 0 0 0 0 0 1 0 1 0 0 1 0
0 0 0 0 1 0 1 1 0 1 1 0 0 1 0
1 1 1 1 1 0 1 1 1 0 0 1 0 1 1
15 92
1 1 1 0 0 1 0 1 1 0 1 1 0 1 0
1 1 1 1 0 0 1 0 0 1 0 1 0 0 0
0 1 0 0 1 1 1 0 1 1 1 0 0 1 0
1 1 0 1 0 1 0 0 1 1 0 1 0 1 1
1 0 0 1 0 1 0 0 0 1 1 0 0 1 1
0 0 0 1 0 1 0 1 0 0 1 0 1 1 0
0 0 0 1 1 1 1 1 0 0 1 1 1 0 0
0 0 0 0 1 1 1 0 0 0 1 1 1 1 1
1 0 1 1 1 1 0 0 1 1 0 0 1 1 1
1 1 0 0 0 0 0 0 0 1 0 1 1 0 0
1 0 0 1 1 0 1 1 0 1 0 1 1 0 0
1 0 0 1 0 1 0 0 0 1 0 1 0 1 1
1 0 0 0 0 1 1 1 1 0 1 1 1 1 0
1 0 0 0 1 0 0 1 0 1 0 1 1 1 0
1 1 0 1 1 0 1 0 0 0 0 1 1 1 1
0 1 0 0 0 0 0 1 1 1 1 1 0 0 1
1 0 1 1 1 0 1 1 0 1 1 0 1 0 0
1 0 1 0 1 1 1 0 1 1 0 0 1 1 1
0 0 0 1 1 1 1 1 0 0 1 1 1 1 0
1 1 0 1 0 1 0 0 1 0 0 0 1 0 1
1 1 0 0 0 0 0 0 0 1 1 0 1 1 0
1 1 1 1 0 0 0 1 0 1 0 0 1 0 1
1 1 1 1 0 1 1 1 1 0 1 0 1 1 0
0 0 0 1 1 1 1 1 0 1 1 0 1 0 0
0 0 0 0 0 0 0 1 0 0 0 1 1 1 0
0 0 0 0 1 0 1 1 1 1 0 0 0 0 0
0 0 0 1 0 1 0 1 0 1 0 0 0 0 1
1 0 0 0 0 0 1 1 1 0 0 1 1 0 1
0 0 1 1 0 0 0 0 1 0 1 1 0 0 1
0 0 1 0 0 1 1 0 0 1 0 0 1 1 0
1 1 0 1 0 1 0 1 0 0 0 1 1 1 1
0 1 0 1 1 0 1 1 1 0 1 0 0 1 1
0 1 1 1 0 1 0 1 1 0 1 0 1 1 1
0 1 0 0 0 0 1 1 0 1 1 0 1 0 0
1 0 0 1 1 1 0 0 0 1 0 0 0 0 0
1 0 1 0 0 0 0 0 0 0 0 1 1 1 1
0 0 1 0 1 0 1 1 1 0 0 0 1 0 0
1 1 1 1 1 1 1 1 1 0 0 0 1 0 0
0 1 0 1 1 0 1 1 1 1 0 1 0 1 1
1 1 1 1 0 0 0 1 1 1 0 1 0 1 0
0 0 0 1 0 1 1 1 1 0 1 0 0 0 0
0 1 1 1 0 1 0 0 1 0 1 0 0 1 0
1 1 0 1 1 0 1 0 0 1 0 0 0 0 0
0 1 0 0 1 1 0 0 1 1 1 0 0 1 0
1 0 0 0 0 0 0 0 0 0 0 0 0 0 0
0 1 0 1 0 0 1 0 1 1 1 1 1 0 1
1 1 0 0 1 1 1 1 0 1 0 1 0 1 1
0 1 1 0 0 1 0 0 1 1 1 0 0 1 0
1 1 1 1 1 0 1 1 1 1 1 1 0 0 0
0 1 0 0 0 0 1 1 1 1 1 1 1 0 1
0 0 1 0 0 0 0 1 0 1 1 0 0 1 1
1 1 1 0 1 1 1 1 1 0 1 0 0 1 0
0 0 1 1 1 1 0 1 1 1 1 1 0 0 1
1 1 0 1 0 0 1 1 1 0 1 0 1 0 0
1 1 0 0 0 0 1 1 0 0 0 0 0 1 0
1 1 0 1 1 1 0 0 1 0 1 0 0 0 1
0 1 0 0 0 1 1 0 0 1 0 0 1 0 0
1 1 1 1 1 1 1 1 0 1 0 1 0 1 0
0 1 1 1 0 0 1 1 0 1 0 1 1 0 0
0 0 0 0 1 0 0 0 1 0 0 0 0 0 1
0 0 0 1 0 1 0 1 1 1 0 1 1 0 1
0 1 0 1 1 0 0 1 0 1 0 1 0 0 1
1 1 1 0 1 0 0 1 1 0 1 0 0 0 0
1 0 0 1 1 1 0 1 1 1 0 0 0 0 0
1 0 1 0 0 1 1 1 1 0 1 1 0 1 0
1 0 0 0 1 1 0 0 1 1 1 1 1 0 0
0 1 1 0 1 1 0 0 1 1 0 0 0 1 0
0 0 0 1 1 0 1 1 0 1 0 0 0 0 1
1 0 1 0 0 0 1 0 1 1 1 1 1 0 1
0 1 1 1 1 0 1 0 0 1 0 1 0 1 1
0 0 0 1 0 0 0 0 0 1 0 0 1 0 1
0 1 0 0 1 1 0 0 0 0 0 0 0 1 1
0 1 0 0 0 1 0 1 0 0 1 1 0 0 1
1 1 0 0 1 1 0 0 0 1 1 0 0 1 1
0 0 1 1 0 1 1 1 0 1 1 0 1 0 1
1 0 0 1 1 0 0 0 1 1 0 0 1 0 0
0 1 1 0 0 1 1 0 0 0 1 1 1 0 1
1 0 0 0 0 1 0 0 0 0 1 1 0 0 0
1 0 1 1 0 0 0 0 0 0 0 1 0 1 0
1 0 0 1 0 0 0 1 1 0 1 0 0 1 1
1 0 1 1 1 0 0 0 0 1 1 0 0 1 1
0 0 0 0 0 0 0 1 1 0 1 0 1 1 1
0 1 1 1 1 1 1 1 0 0 0 0 1 1 1
0 1 1 1 1 1 0 0 0 0 0 1 1 0 0
1 0 1 0 0 0 1 0 0 1 0 1 0 0 0
0 0 0 1 1 0 0 0 0 1 0 0 0 1 1
1 0 1 0 0 0 0 0 0 1 0 1 1 1 1
0 0 1 1 0 0 0 0 0 1 0 1 1 1 1
0 0 0 1 0 0 0 1 0 0 0 0 1 0 0
1 1 1 0 1 0 0 1 1 0 1 0 0 0 1
1 0 1 0 1 1 0 1 1 1 1 1 1 0 0
0 1 0 0 0 1 0 1 1 1 0 0 1 0 0
15 10
0 1 0 0 1 1 1 1 0 0 1 0 1 0 0
1 1 0 1 1 0 0 1 1 0 0 1 0 0 1
0 1 1 0 0 1 0 1 0 0 0 0 1 1 1
0 0 0 0 0 1 0 0 1 0 1 0 1 0 1
0 0 0 1 1 0 0 1 1 1 0 0 1 1 0
0 0 1 0 1 1 0 1 1 0 1 1 1 1 0
1 0 1 0 0 0 1 1 1 0 0 1 1 1 1
0 1 1 1 0 1 0 0 1 0 0 0 0 0 0
0 1 0 0 0 0 0 0 0 0 1 1 0 0 1
1 0 1 1 0 0 1 0 1 0 1 0 0 1 1
15 68
1 1 1 1 0 0 0 0 0 1 1 1 0 1 0
1 0 1 1 1 1 1 0 0 0 0 0 1 1 1
0 1 0 0 0 0 0 1 0 0 1 0 0 1 1
0 1 0 0 1 1 1 0 0 0 1 1 1 1 1
1 1 0 0 1 0 1 1 1 0 0 0 0 0 0
1 1 0 1 0 0 0 0 1 0 1 0 0 1 0
1 1 0 0 1 0 1 0 1 0 1 1 0 1 0
1 0 0 1 1 1 0 1 0 1 1 1 0 0 0
0 0 0 0 1 0 1 0 0 0 1 0 1 1 1
0 1 0 1 0 0 1 0 1 0 0 0 1 1 0
1 1 0 1 0 0 0 0 0 0 1 0 0 0 1
1 0 0 0 1 1 0 1 0 1 1 0 0 1 0
1 0 0 1 0 1 0 0 1 0 0 0 0 0 1
1 0 0 0 1 1 0 0 1 1 1 0 1 1 1
1 1 1 0 0 1 0 0 1 0 0 0 1 0 1
0 0 0 1 1 0 0 1 0 0 1 0 1 1 0
0 1 0 1 1 1 1 0 0 0 1 1 0 1 1
0 0 0 0 0 0 1 1 0 1 1 1 0 0 1
1 1 0 0 0 1 1 1 0 1 1 1 0 1 0
0 1 0 1 1 0 0 0 1 0 0 0 1 0 0
1 0 1 1 0 0 0 1 1 1 0 1 0 0 1
1 0 1 0 0 1 1 1 0 1 0 0 1 0 0
1 1 0 1 0 1 1 0 1 1 0 1 0 0 0
1 0 1 0 1 0 0 1 1 1 0 0 1 1 0
1 1 1 0 0 1 0 0 1 1 1 1 1 0 0
1 0 0 0 1 0 1 0 0 0 0 1 0 1 0
0 1 1 0 0 0 1 1 0 1 0 1 1 0 1
1 0 1 0 0 1 0 0 1 0 1 1 1 1 1
1 1 1 0 0 0 0 0 0 1 1 1 0 1 1
1 1 1 1 1 1 0 0 1 0 1 0 0 0 0
0 0 0 0 1 1 1 0 0 0 0 0 0 1 0
1 1 1 0 1 1 0 1 0 0 0 1 0 1 0
0 1 0 0 0 0 0 0 0 1 0 0 0 0 1
0 1 1 1 1 1 0 0 0 1 1 0 0 1 1
1 1 1 0 0 0 1 1 1 1 0 1 1 0 1
0 1 1 1 1 1 1 1 1 0 0 1 1 0 1
0 1 1 0 1 0 0 0 1 1 1 0 0 1 1
1 0 0 1 0 1 0 1 1 0 1 1 1 0 1
1 1 0 1 1 1 0 1 1 1 0 0 1 1 1
0 1 1 1 1 0 0 0 1 1 0 1 1 0 1
1 0 1 0 0 0 1 1 0 0 1 0 0 1 1
0 1 0 1 0 1 0 0 1 1 0 0 1 0 0
0 0 0 1 0 1 1 0 1 0 1 1 0 1 1
0 1 1 0 0 0 0 1 0 0 0 0 1 1 1
1 1 0 0 1 1 0 1 1 1 1 0 1 1 0
1 0 0 1 0 0 1 0 0 0 1 1 0 1 1
0 0 0 1 1 0 0 1 0 0 1 1 0 0 1
1 0 0 1 1 1 0 0 1 1 1 0 0 0 0
0 1 0 1 1 0 0 0 1 1 0 1 1 1 0
0 0 1 0 1 1 0 1 1 1 0 1 1 0 0
0 0 0 0 1 0 1 1 1 0 0 1 1 1 1
0 0 0 1 0 1 0 1 0 1 0 1 1 0 0
0 0 1 1 0 0 1 1 1 0 1 0 0 0 0
0 0 1 0 1 1 1 0 1 1 1 1 0 0 1
0 1 0 1 0 0 1 0 1 0 0 0 1 1 0
1 1 1 1 1 1 0 1 1 0 1 1 1 0 1
0 0 0 0 1 0 0 0 0 0 0 1 0 1 1
1 1 1 1 0 0 0 0 1 0 1 1 0 1 1
1 1 0 1 1 1 0 0 0 0 1 0 1 0 0
0 0 0 1 1 1 0 0 0 1 0 0 0 0 1
0 0 1 0 0 0 0 1 0 1 0 1 0 1 1
1 0 1 1 1 1 0 1 0 1 1 0 0 1 0
0 1 1 1 1 1 0 0 1 0 0 1 1 0 0
1 0 1 0 1 1 0 0 0 0 0 1 0 0 0
0 0 1 1 0 0 0 1 1 1 0 1 0 0 1
0 1 1 1 0 1 0 0 1 1 0 1 1 0 0
1 0 0 1 1 0 0 1 1 1 1 0 0 1 1
1 0 1 1 1 1 0 1 1 0 0 1 1 0 0
15 67
0 1 0 1 1 0 1 0 0 0 1 0 1 0 1
1 1 1 0 0 1 1 1 1 0 0 0 0 1 0
0 1 1 0 0 1 1 0 1 1 0 0 0 0 0
0 1 1 0 0 0 1 1 0 1 0 0 0 0 0
0 0 1 1 0 0 0 0 1 1 0 0 1 0 0
1 1 0 1 0 0 1 0 0 0 1 1 1 0 1
1 0 1 0 0 0 1 0 1 0 0 0 1 1 1
1 0 1 1 1 0 1 1 1 1 1 0 1 0 1
0 1 1 1 1 1 1 0 0 0 0 1 1 1 1
1 0 1 0 1 1 0 0 1 1 0 0 1 1 1
0 0 1 0 1 0 0 0 1 0 1 0 0 1 1
0 0 0 0 1 1 0 0 1 0 1 0 1 1 0
1 0 1 0 1 0 0 1 1 0 1 1 0 0 1
0 1 1 1 0 1 1 1 1 0 1 0 1 1 0
1 1 0 1 1 0 0 1 0 0 1 1 0 0 0
1 0 0 0 1 0 0 0 1 1 0 1 1 0 0
1 0 1 1 1 1 1 1 0 1 1 1 1 0 0
0 0 0 0 1 1 0 0 1 1 1 0 0 0 0
1 1 1 1 1 0 0 0 1 1 1 0 0 1 1
0 1 1 0 0 1 1 0 0 1 1 0 1 1 0
0 1 0 1 0 0 1 1 1 0 0 0 1 0 1
0 1 0 1 0 1 1 0 1 1 1 1 1 0 1
1 1 0 0 1 0 1 1 0 0 0 1 1 1 0
1 1 0 1 0 1 0 0 1 1 1 0 0 1 1
0 1 0 1 1 1 0 0 0 1 1 1 1 1 1
1 0 1 1 0 0 1 0 1 0 0 0 0 0 1
0 1 1 1 1 0 1 0 0 1 1 0 1 1 0
1 1 1 0 0 1 0 0 1 0 1 1 0 0 1
0 0 1 1 1 1 0 0 0 1 0 1 1 1 0
0 0 1 0 0 0 1 1 1 0 1 0 0 0 1
1 0 1 1 1 1 1 0 0 0 0 1 0 0 1
0 1 1 0 1 1 1 1 1 1 1 1 1 0 0
0 0 0 1 0 0 0 1 0 0 1 0 1 1 1
0 1 1 1 1 0 1 0 0 1 1 0 0 0 1
0 1 1 0 1 1 1 0 1 1 1 0 1 0 1
1 0 1 0 0 1 0 0 1 1 0 1 0 0 1
0 1 0 0 0 1 0 0 0 0 1 1 0 0 0
0 1 1 1 1 1 1 1 1 1 0 1 0 0 0
0 0 1 0 0 1 0 1 0 0 0 0 0 0 1
1 1 0 1 0 1 1 0 1 0 1 0 1 1 0
1 1 1 0 1 0 0 0 0 0 1 0 1 0 0
0 0 0 0 1 0 0 1 0 1 0 1 1 0 0
1 0 1 0 0 0 0 1 0 0 1 0 0 0 0
1 1 1 0 1 0 0 0 0 1 0 0 0 0 1
1 1 0 0 1 0 0 1 1 0 0 0 1 0 1
1 0 1 1 0 0 0 0 1 1 1 1 0 0 0
0 1 0 1 0 0 0 0 1 1 1 1 1 1 1
0 1 0 0 0 1 1 1 1 0 0 1 0 0 0
1 0 1 0 1 0 1 0 1 1 0 0 1 0 1
0 0 0 0 0 1 0 1 1 0 1 1 0 0 0
0 0 1 1 1 1 0 1 1 0 0 0 1 0 1
1 0 0 0 0 1 1 0 1 0 0 0 1 1 0
0 1 1 1 1 1 0 0 1 1 0 1 0 1 1
1 0 0 0 1 1 0 1 1 1 0 0 1 0 1
1 0 0 1 1 0 1 0 1 0 1 1 0 0 1
0 0 1 1 0 1 1 1 0 1 0 0 0 0 1
1 1 0 0 0 1 0 0 1 0 1 1 0 1 0
1 0 1 0 1 1 1 1 0 0 1 1 0 1 1
0 1 0 0 1 0 0 0 0 1 0 1 1 1 1
1 1 0 0 0 1 1 0 1 1 0 1 0 0 0
0 1 1 0 0 1 0 0 1 0 1 1 1 1 0
0 1 1 0 0 0 0 1 1 1 1 0 1 0 0
1 0 0 1 1 0 0 1 0 1 1 1 0 0 1
1 0 1 0 0 1 0 1 0 0 1 1 0 0 0
0 1 0 1 0 1 1 1 0 0 0 1 1 0 0
1 1 1 0 0 1 0 0 0 1 1 1 1 0 1
0 0 0 1 0 1 1 0 0 0 1 1 0 1 1
15 23
0 0 1 1 0 0 1 0 0 0 1 1 0 1 1
0 1 0 0 1 1 0 1 1 0 1 0 1 1 1
0 1 1 0 0 0 1 0 0 0 0 1 0 0 1
0 0 1 1 1 0 0 1 1 1 0 0 0 1 1
0 1 1 0 1 1 0 1 0 1 0 0 1 1 1
0 1 0 1 1 1 0 1 0 1 0 1 1 1 0
0 1 0 0 1 0 0 1 0 1 1 0 1 0 0
1 1 0 1 0 0 0 1 1 1 0 0 0 0 1
1 0 0 0 0 0 0 0 1 0 1 0 0 0 1
0 1 0 1 0 1 1 0 1 1 0 1 1 1 0
1 0 0 0 1 0 1 1 1 1 1 0 1 1 0
1 0 0 1 0 1 0 0 1 0 1 0 1 1 0
1 0 0 1 1 1 0 1 0 1 0 0 0 0 1
1 1 1 1 0 0 1 0 0 1 0 0 1 1 1
0 1 1 1 0 1 1 1 1 0 0 1 0 0 1
0 1 1 1 0 1 0 0 0 1 1 0 1 1 1
0 0 1 1 0 0 1 0 0 0 1 1 0 1 0
0 0 0 1 0 1 0 0 1 1 0 0 1 1 0
1 0 0 0 1 0 1 0 0 1 1 1 0 0 1
1 0 0 1 1 1 1 0 1 0 0 0 1 0 0
1 0 0 0 0 1 1 0 1 0 0 0 0 1 0
0 0 1 1 0 0 1 0 0 0 1 0 0 1 0
0 0 1 0 0 1 0 1 0 1 0 1 1 1 1
15 27
1 0 1 1 1 0 0 0 0 1 1 0 0 0 0
1 1 0 0 1 0 1 0 0 0 0 1 1 0 0
1 1 1 0 1 0 0 0 1 1 0 0 1 0 0
0 1 1 0 0 1 1 1 0 0 1 1 1 0 0
0 1 0 0 0 0 1 1 1 0 0 0 0 1 0
1 1 0 1 1 1 1 0 0 0 0 1 0 0 0
1 0 0 0 0 0 1 0 0 0 0 1 0 0 0
1 0 0 0 1 0 1 1 0 1 0 1 0 0 1
1 1 0 0 0 1 0 1 0 0 1 1 0 1 0
0 1 1 0 1 1 0 1 1 1 0 1 1 0 1
1 1 0 0 1 1 0 0 0 1 0 0 0 1 0
0 1 0 0 1 1 0 1 1 0 0 1 0 1 0
0 1 0 0 0 0 0 0 1 1 0 1 0 0 1
0 1 0 1 1 0 1 0 1 0 1 0 0 1 1
1 0 1 1 1 1 0 0 1 1 0 1 0 1 1
1 0 0 1 1 1 0 0 0 1 0 1 1 1 1
0 1 0 1 0 0 1 0 0 0 1 1 0 1 0
1 0 0 1 0 0 0 1 1 1 0 0 1 0 1
0 0 0 1 0 0 0 0 1 1 0 0 1 1 0
0 0 0 0 1 1 1 0 0 1 0 0 0 1 0
0 1 0 1 1 0 0 1 0 0 1 1 0 0 0
0 1 1 1 0 1 0 1 1 0 1 0 0 0 1
1 0 0 0 1 1 1 0 1 1 1 0 0 1 0
1 1 1 0 1 0 0 0 0 1 0 0 0 1 0
1 1 0 0 0 1 1 1 1 1 1 1 1 1 1
1 0 0 0 0 0 1 0 1 0 1 1 1 1 1
1 1 0 1 0 0 0 1 0 1 0 1 0 0 1
15 97
1 1 1 0 0 1 1 1 0 0 0 0 1 1 0
0 0 0 0 0 0 0 0 0 0 1 0 0 1 0
1 0 0 1 0 1 1 0 1 0 1 1 1 1 0
0 0 1 1 1 1 1 1 0 1 1 0 0 0 0
0 0 1 0 0 1 0 0 1 0 1 0 0 1 1
1 1 1 1 1 0 1 1 1 0 0 1 0 0 1
1 0 0 0 0 1 0 1 1 0 1 1 0 1 1
1 1 0 1 1 1 1 0 1 0 1 1 0 0 0
0 0 1 1 1 0 0 0 1 0 0 0 0 1 1
0 0 1 1 0 0 0 1 1 0 0 1 1 1 1
1 1 0 1 1 1 1 0 1 1 1 0 1 0 0
0 0 1 1 0 1 1 0 0 0 1 1 0 0 1
0 0 1 1 1 0 1 1 0 1 0 1 0 0 0
1 1 0 0 1 0 1 1 0 1 0 1 0 0 0
0 0 0 1 1 1 0 0 0 1 1 1 1 1 1
0 0 0 0 1 1 1 1 0 0 0 0 1 0 1
1 1 1 0 1 1 1 1 1 1 0 1 1 1 0
1 1 0 0 0 0 0 0 0 0 0 1 1 1 0
0 1 0 1 0 0 1 1 1 1 0 1 0 1 1
1 0 1 1 1 0 1 1 0 0 0 0 0 0 0
1 0 1 0 0 1 1 1 0 0 1 0 1 0 1
1 0 1 0 1 0 0 1 0 1 1 0 0 0 1
0 0 1 1 0 0 1 0 0 0 0 0 1 1 0
0 0 0 1 0 1 1 0 1 0 1 0 0 1 0
0 1 0 1 1 1 0 1 1 0 0 0 1 0 0
0 0 0 1 0 0 1 0 0 0 1 0 0 1 0
0 1 1 0 1 1 0 0 1 0 0 0 0 0 0
1 1 1 1 0 1 1 1 0 1 1 1 1 0 1
1 0 0 1 0 0 1 1 1 1 0 0 1 1 0
0 1 1 0 0 0 1 0 1 0 0 0 1 1 1
0 1 1 1 1 0 0 1 1 1 1 1 0 0 0
0 1 1 1 1 1 1 1 0 1 1 0 0 1 1
0 0 0 1 1 0 0 1 0 1 1 1 1 1 0
1 1 1 1 0 1 0 1 0 0 1 1 0 0 1
0 1 0 1 1 1 0 0 0 1 0 1 0 1 1
1 1 1 0 0 1 0 0 1 1 0 1 0 0 0
1 1 1 0 0 1 0 0 1 0 0 0 0 0 1
1 1 1 1 0 1 0 1 0 1 1 0 1 1 1
1 1 1 1 1 1 1 0 1 1 1 0 1 1 1
1 0 1 1 0 1 1 0 0 0 0 1 0 1 1
0 0 1 0 0 1 1 1 0 1 0 1 1 1 1
0 1 0 1 1 1 1 0 0 0 1 0 0 0 1
1 0 1 0 1 1 1 1 0 0 1 0 1 0 1
0 0 0 1 1 1 1 0 1 0 1 0 1 0 0
1 1 0 0 1 1 1 1 0 0 0 0 0 1 1
0 0 0 1 0 1 0 1 0 1 0 0 1 1 1
0 1 0 0 1 0 0 1 1 1 1 0 1 0 1
1 1 1 0 0 0 0 1 0 0 1 0 1 1 0
0 1 0 0 1 1 0 1 0 0 1 1 1 1 1
0 1 0 1 0 1 1 1 0 0 1 1 0 0 0
1 0 1 1 1 0 1 1 0 0 1 0 0 0 0
1 1 0 0 0 1 1 1 1 1 0 0 1 0 1
1 1 1 1 1 1 1 1 0 0 1 0 0 0 0
0 1 1 1 0 1 0 0 1 1 0 1 0 0 1
0 1 0 0 1 1 0 0 0 0 0 1 1 0 0
0 1 0 0 0 0 0 1 1 1 1 0 1 1 0
1 0 1 0 1 0 0 1 1 0 0 0 1 0 0
0 0 0 0 0 1 0 0 1 0 1 1 1 0 1
0 0 0 0 1 1 0 1 0 1 1 0 0 0 1
1 1 1 0 0 0 1 1 0 0 0 1 1 1 0
0 0 1 1 0 1 0 1 1 1 0 1 0 0 1
1 0 1 1 0 0 1 1 0 1 1 0 0 1 1
1 0 0 0 1 1 0 0 0 1 1 0 1 1 0
0 1 1 1 0 1 0 0 1 1 0 0 1 1 0
1 0 1 0 1 1 0 1 0 0 0 1 0 0 0
1 1 0 0 1 1 1 1 0 1 1 0 1 0 0
0 1 0 1 0 0 0 0 1 1 0 0 1 1 1
0 0 1 1 1 1 1 0 1 1 1 0 1 0 1
0 0 0 0 0 1 1 1 0 1 1 1 1 1 0
1 0 1 0 0 0 0 0 0 0 0 0 1 1 1
0 1 0 1 1 0 1 1 1 1 1 0 1 1 0
1 1 1 1 1 1 0 0 1 0 0 1 1 0 1
0 0 1 1 0 1 0 0 0 0 1 0 0 0 0
1 1 1 1 1 1 1 0 0 0 0 1 1 1 0
0 0 1 1 1 0 0 0 1 1 0 1 0 0 1
0 1 0 1 1 1 0 1 1 1 1 1 0 1 0
0 0 0 1 1 0 1 1 1 0 1 1 1 0 1
1 1 0 0 0 0 1 0 0 0 0 1 0 1 1
0 1 0 1 0 0 1 1 0 0 1 1 1 0 1
1 1 0 1 0 1 0 1 1 0 1 0 1 1 0
0 0 0 0 0 0 1 1 1 1 0 1 0 0 1
1 0 1 0 1 1 0 0 0 0 1 1 1 1 0
0 1 1 1 0 1 1 0 0 1 1 1 1 1 0
1 1 1 1 1 1 0 0 1 0 0 0 0 0 0
0 1 0 1 1 0 1 0 0 0 0 1 1 0 0
1 0 0 1 0 0 0 0 1 0 1 0 1 0 1
0 1 1 1 0 1 0 0 1 1 0 1 0 1 1
1 1 0 1 1 1 1 1 1 0 1 0 1 0 0
0 0 0 1 1 1 0 0 1 1 0 0 0 1 1
0 1 1 1 0 1 1 1 1 1 0 0 1 0 0
0 1 1 1 1 1 1 1 1 1 1 0 1 0 0
1 0 0 0 0 1 1 1 1 1 1 0 0 0 1
1 1 1 0 0 0 0 1 1 1 1 1 0 1 1
1 1 0 0 1 1 0 0 0 0 0 0 0 0 1
1 0 1 0 0 1 0 0 0 1 0 0 0 0 1
1 0 0 0 1 1 0 0 1 1 1 1 0 0 0
1 0 1 0 1 0 0 1 1 0 1 1 0 0 1
15 58
1 1 1 0 0 0 1 1 1 0 1 0 1 0 0
0 0 0 0 0 1 1 1 0 0 1 0 0 0 1
1 1 0 1 0 0 1 1 0 0 0 0 1 0 0
0 0 0 1 0 0 0 1 0 1 0 0 1 0 1
1 0 0 1 0 0 0 1 0 1 0 0 0 0 1
1 0 1 1 0 1 1 1 0 1 0 1 0 1 1
0 0 1 1 0 1 0 0 1 1 0 0 0 1 0
1 1 1 0 0 0 0 1 0 1 0 1 0 0 1
0 1 0 1 1 1 1 0 1 0 1 1 1 0 0
1 0 0 1 1 1 1 0 0 1 1 1 1 1 0
1 1 1 0 0 0 1 1 0 0 0 0 0 1 1
0 0 0 0 1 1 0 0 1 1 1 1 1 0 1
1 0 1 0 1 0 1 1 0 0 1 1 1 1 0
1 1 0 0 0 1 0 0 1 1 0 1 0 1 1
0 0 1 1 0 1 0 0 0 1 0 1 1 0 1
1 0 1 0 1 0 0 0 1 0 0 0 0 1 0
0 0 1 0 1 1 1 1 0 0 0 0 1 1 0
1 0 0 1 0 1 0 1 0 0 0 0 0 1 1
1 1 0 1 1 1 0 0 1 0 1 1 1 1 0
0 1 1 0 1 1 0 1 0 1 0 0 0 0 0
1 0 0 0 0 1 1 1 0 0 1 0 0 1 1
0 0 0 1 0 1 1 0 1 0 1 1 1 1 1
1 0 1 0 0 1 0 1 1 0 1 1 1 1 0
1 0 1 0 1 0 1 1 1 0 1 0 1 1 0
0 0 1 0 0 0 1 0 1 1 0 1 0 0 1
1 1 0 0 0 0 1 1 1 1 1 1 1 0 1
1 1 1 0 0 0 0 0 1 0 1 0 1 0 0
1 1 0 0 1 1 0 0 0 1 0 1 0 0 0
1 1 0 1 1 0 0 1 0 0 0 1 0 0 0
1 1 1 1 1 1 0 1 1 1 0 1 0 0 0
1 0 0 1 1 1 1 0 1 0 0 0 0 0 1
1 0 1 0 0 1 1 0 0 1 0 1 1 0 1
0 1 1 1 1 1 0 0 0 0 1 0 1 1 1
1 0 1 0 0 1 1 0 0 0 0 0 0 1 1
1 1 0 0 1 0 0 0 0 0 1 0 0 0 1
0 0 1 0 1 0 1 1 1 1 0 1 0 0 0
1 0 1 1 1 0 0 1 0 0 1 0 0 0 1
1 1 1 0 1 1 1 0 0 1 1 1 0 1 0
1 0 0 0 0 1 1 1 0 1 1 0 1 0 0
1 1 1 1 1 1 1 0 0 1 0 1 1 0 1
0 0 1 1 0 0 0 1 1 1 1 0 0 0 0
0 1 0 0 0 0 1 0 1 0 0 0 1 0 0
1 0 1 1 0 0 1 1 0 0 0 1 1 1 1
0 1 0 0 1 1 0 1 0 1 1 0 0 1 1
1 1 1 1 1 1 0 1 0 1 0 0 1 0 1
1 0 1 0 0 0 1 0 1 0 1 1 1 0 1
0 0 1 0 1 1 0 1 1 0 0 0 0 1 1
0 1 1 1 0 1 1 1 0 0 1 0 1 0 0
0 1 0 1 1 1 1 0 1 1 0 1 1 1 1
0 0 0 1 0 1 0 0 1 0 1 0 0 0 1
1 0 0 1 0 0 0 1 0 0 1 1 1 0 0
0 1 0 0 1 1 1 0 1 0 0 0 0 1 1
1 0 0 1 0 0 1 1 1 0 0 0 1 0 0
0 0 1 0 0 0 0 0 1 1 1 1 0 1 0
0 1 0 0 1 1 1 0 0 0 0 0 0 0 1
1 0 0 1 0 0 0 0 0 0 0 1 1 0 0
0 0 0 0 1 1 1 0 0 0 0 0 0 0 1
1 1 0 1 1 0 0 1 1 0 0 1 1 0 1
15 97
1 0 0 0 1 0 0 0 0 1 0 1 0 0 1
1 0 1 1 1 1 1 1 0 0 0 1 0 1 0
1 1 1 1 0 1 0 0 1 0 0 0 0 1 0
0 0 0 0 1 0 0 1 0 1 0 0 1 0 0
1 1 0 1 0 0 1 0 1 0 1 0 0 1 0
1 0 1 1 1 0 1 1 1 0 1 1 1 1 0
1 1 1 1 0 0 1 1 1 1 1 0 0 1 0
0 0 0 0 0 1 1 0 1 0 1 1 0 1 1
0 1 1 1 1 0 1 1 1 1 0 1 1 1 1
0 1 1 1 1 1 1 1 1 0 0 1 0 1 0
0 1 0 0 0 1 1 0 1 1 0 0 1 1 0
0 0 1 0 0 0 0 1 1 0 1 0 1 1 1
0 1 0 0 0 1 0 0 1 0 0 0 0 0 0
1 0 0 0 1 0 1 0 0 0 0 1 0 0 0
0 0 1 0 1 1 1 0 0 0 1 1 0 1 0
0 0 0 1 1 1 1 1 1 1 0 1 1 1 1
1 1 1 0 1 1 1 1 1 1 0 0 1 1 1
0 1 0 0 1 1 1 1 1 1 1 0 0 1 0
1 0 0 0 1 0 0 0 0 0 1 1 0 1 1
0 0 1 0 1 0 0 1 0 0 1 0 0 1 1
1 0 0 1 1 0 0 1 0 1 1 0 1 1 0
0 0 1 0 0 0 1 1 1 1 1 1 1 1 0
1 0 0 0 1 1 0 1 0 1 1 0 0 1 0
1 1 0 0 0 1 1 1 0 0 1 1 0 1 0
0 0 1 1 0 1 1 0 0 1 1 1 0 0 0
1 0 1 1 0 0 1 1 0 1 1 1 0 0 0
0 1 1 0 1 1 0 1 0 1 1 1 1 0 0
0 0 0 0 0 0 1 1 0 1 1 1 0 0 0
0 0 0 0 1 1 0 0 1 1 0 0 0 1 1
1 0 1 1 1 0 0 0 1 1 0 1 0 0 0
1 0 0 1 1 1 0 0 1 1 1 0 0 0 1
1 1 1 0 1 1 1 1 1 1 0 1 1 1 0
1 1 0 1 0 0 1 0 1 1 0 1 0 0 1
0 0 1 0 1 1 1 0 1 1 1 0 1 1 0
1 0 1 0 1 0 1 0 0 1 1 0 0 0 0
0 0 1 1 1 0 0 0 1 1 1 0 1 0 1
0 1 1 0 1 1 0 0 0 0 1 0 1 0 0
0 1 1 0 0 1 1 1 1 1 1 1 1 1 1
1 0 0 0 0 0 0 0 1 0 0 0 1 0 0
0 0 1 1 0 1 0 1 1 0 1 0 0 1 1
1 0 0 1 1 0 0 1 0 0 0 0 1 0 1
0 1 1 0 0 0 0 0 0 0 1 0 1 0 1
0 0 0 1 1 0 0 1 1 1 1 0 1 1 0
0 1 0 0 1 0 1 1 0 0 1 0 1 0 0
0 1 0 0 1 0 0 1 1 1 0 0 0 1 1
0 1 1 1 1 1 1 0 1 0 0 1 0 1 0
1 1 0 1 1 1 0 1 1 0 0 0 1 0 1
0 0 0 0 1 1 1 1 1 0 0 0 0 1 0
1 0 1 0 1 1 0 0 1 0 0 1 0 1 1
0 0 0 0 1 0 0 0 0 1 0 1 1 0 0
1 1 1 1 1 1 1 1 1 0 0 1 1 1 1
1 1 0 0 0 0 0 1 0 0 1 1 1 1 0
0 1 0 0 0 0 0 0 1 0 0 1 0 0 1
0 1 0 0 1 1 1 1 1 1 0 0 0 0 1
1 0 0 0 0 0 0 0 1 0 1 1 1 1 1
1 0 0 0 0 0 1 1 0 0 0 0 0 0 1
0 0 1 1 0 0 0 0 1 0 1 1 0 1 1
1 1 0 1 0 1 0 0 0 1 0 1 1 1 0
1 1 0 1 0 1 0 1 1 0 0 0 0 1 0
0 0 1 1 1 1 0 1 0 1 1 0 1 1 0
1 0 1 1 0 0 1 0 0 1 0 0 1 1 1
1 0 1 1 0 1 0 1 1 0 0 1 0 0 0
1 1 0 1 1 1 0 0 1 0 0 0 0 0 0
1 1 0 0 0 1 0 0 0 0 1 1 0 1 1
0 0 0 1 0 1 1 1 1 0 1 0 1 0 1
1 0 1 1 1 0 1 0 0 1 0 1 1 1 0
0 1 1 0 1 1 1 1 0 0 1 1 1 1 1
1 1 1 1 1 1 1 1 0 0 1 1 1 1 1
1 0 0 1 0 0 0 1 1 0 1 1 0 0 1
1 0 0 1 1 0 1 1 0 0 1 0 1 0 0
0 0 0 1 1 0 0 0 0 0 0 0 1 0 1
0 1 0 1 1 1 0 1 1 1 1 0 0 0 0
1 0 0 0 1 1 1 0 1 0 1 1 0 1 1
0 1 1 0 0 0 0 1 1 1 0 0 1 1 1
0 0 1 1 1 1 1 0 0 0 1 1 0 1 0
0 0 0 0 1 0 0 0 1 1 0 1 1 0 1
0 1 1 1 0 1 1 0 1 0 0 1 1 1 0
1 1 1 1 0 0 0 0 1 1 0 0 0 0 0
0 0 1 0 0 1 0 1 1 0 1 0 1 0 0
1 0 0 0 1 0 1 0 0 1 1 0 0 1 1
1 1 0 0 0 0 1 1 0 0 1 1 0 1 1
0 1 1 1 0 1 1 1 0 1 0 0 1 0 1
1 0 1 1 1 1 0 1 0 0 0 0 0 1 0
1 0 0 1 1 0 0 0 0 0 0 1 1 1 1
0 0 1 0 1 0 1 0 1 1 0 0 1 1 1
1 0 1 0 1 0 1 1 1 1 1 1 0 0 1
1 1 1 1 1 1 0 1 1 1 0 0 0 0 1
1 0 0 1 0 1 0 1 1 1 1 1 1 1 1
1 0 0 1 1 0 0 0 1 0 0 1 1 1 0
0 1 1 1 1 0 0 1 0 0 1 0 1 1 0
0 0 1 0 0 0 1 1 1 1 0 1 1 0 0
0 0 0 1 1 0 0 0 1 1 0 0 1 1 1
0 0 1 0 1 0 0 0 0 0 1 0 0 0 0
1 0 0 1 0 0 1 0 1 0 1 0 0 1 1
1 0 1 1 1 0 0 1 1 1 0 1 0 1 1
1 0 1 0 0 1 1 1 0 0 1 0 0 1 0
0 0 1 0 1 0 1 1 0 1 0 0 0 1 1
15 45
0 1 1 0 1 0 1 1 0 0 1 0 1 1 1
1 0 1 1 0 0 0 1 0 0 1 1 0 1 1
1 0 1 0 0 0 1 1 0 1 0 1 1 0 0
1 1 1 1 1 1 0 0 0 1 0 0 1 0 0
1 1 1 1 0 1 0 0 0 0 0 0 1 1 1
1 0 1 0 1 1 1 0 1 0 1 1 0 0 1
1 1 0 1 0 1 1 1 1 1 0 1 0 1 0
0 1 1 1 1 0 0 1 1 1 1 0 0 1 0
1 1 1 0 0 0 0 1 0 0 1 0 1 0 1
0 0 0 1 0 1 1 1 0 1 1 0 0 0 1
1 1 1 0 0 0 1 0 1 0 1 1 1 0 1
1 1 1 0 0 0 0 1 0 0 1 0 1 0 1
1 0 1 0 1 0 1 1 0 1 0 0 0 0 1
1 1 1 1 1 1 1 1 0 0 1 1 0 0 0
0 1 0 1 0 0 0 0 0 0 0 0 0 1 0
0 1 0 0 0 1 1 0 0 0 0 0 0 1 0
1 0 0 1 1 0 0 0 0 0 0 1 1 1 0
0 0 1 1 1 1 0 1 1 1 1 0 0 0 1
0 0 1 1 1 1 1 1 0 1 1 1 0 0 1
0 1 0 1 0 1 0 1 1 1 0 1 0 1 1
1 0 0 0 1 0 1 1 0 1 0 1 1 0 0
1 1 1 0 0 1 1 1 0 0 1 1 0 0 1
0 1 0 0 1 0 1 0 0 1 0 1 0 1 1
0 1 0 1 0 0 1 1 1 1 1 1 0 0 0
0 1 0 0 1 0 0 0 1 1 1 1 1 1 1
0 1 0 1 0 0 1 1 0 0 0 1 1 1 0
1 0 0 1 0 1 1 0 0 0 1 0 1 0 1
1 0 0 1 0 1 0 1 1 1 0 0 0 0 0
0 1 1 0 1 0 0 0 1 0 1 0 0 0 0
0 0 1 1 0 0 0 1 0 0 0 0 1 0 0
1 1 0 0 1 0 1 1 1 1 1 1 1 1 1
1 0 0 1 0 0 1 1 0 0 1 1 0 0 1
1 1 0 0 1 0 0 1 1 1 1 0 1 0 1
1 1 0 0 0 0 1 0 1 1 0 1 1 1 0
0 0 0 1 1 0 0 0 0 1 0 1 0 0 1
0 0 0 1 0 0 0 0 1 1 1 1 0 1 1
1 1 0 0 1 0 1 0 1 0 1 1 0 1 1
1 0 0 1 0 0 0 1 0 0 0 1 0 1 1
0 0 1 1 0 1 1 0 0 1 0 0 0 1 0
1 0 1 0 1 1 0 0 1 1 0 1 0 1 0
1 1 0 1 1 0 1 1 1 1 1 0 1 1 0
0 1 0 1 0 0 1 0 1 0 0 1 0 0 0
0 0 0 1 1 0 1 1 0 0 1 0 0 1 0
1 1 0 0 1 0 1 0 1 0 1 1 1 0 0
1 0 1 1 1 1 1 1 0 0 0 0 1 1 0
15 70
1 0 1 0 1 0 1 0 1 1 1 1 0 1 0
1 0 0 0 0 1 0 0 0 1 0 0 1 0 0
1 0 0 1 1 1 1 0 0 0 1 0 0 1 1
1 1 0 1 1 0 0 0 1 0 1 1 0 0 0
1 1 1 1 0 0 1 1 1 1 1 1 0 0 0
0 1 1 1 0 1 0 1 1 1 0 1 1 0 0
0 1 0 0 1 1 1 1 0 0 0 1 0 0 1
1 0 0 1 0 1 0 0 0 0 0 0 0 1 0
1 1 1 0 0 1 1 0 1 1 0 0 0 1 0
1 0 0 0 0 0 1 1 0 0 0 1 0 1 0
1 1 0 1 1 1 1 1 1 0 0 1 1 0 1
0 0 0 0 1 1 0 1 1 1 0 1 1 1 1
1 0 0 0 1 1 1 0 0 1 0 0 1 0 0
0 1 1 1 1 0 0 0 1 1 1 0 1 0 1
1 1 0 1 1 0 0 0 1 0 1 0 0 0 1
1 0 1 1 1 0 0 0 1 0 1 0 0 1 1
1 0 0 0 0 1 1 1 1 1 0 0 1 1 0
0 0 0 1 0 0 0 1 1 1 1 0 1 0 0
0 1 0 1 1 1 0 0 1 1 1 0 1 1 0
0 1 0 0 0 0 1 1 1 1 1 1 1 1 1
1 0 1 0 0 1 0 1 0 0 1 0 0 0 1
1 1 0 0 0 1 1 1 0 0 0 1 1 1 1
1 0 0 1 1 1 1 0 0 1 0 1 0 1 0
0 0 1 0 0 0 0 1 0 0 1 1 0 1 1
0 1 0 1 1 0 1 0 0 1 1 1 0 0 0
0 1 1 0 0 0 0 0 1 1 0 1 0 0 0
1 1 0 0 0 1 0 0 1 1 0 0 0 1 0
1 0 0 1 1 1 0 1 0 0 0 1 1 1 1
1 1 1 0 1 1 0 0 1 1 0 0 0 0 0
0 1 0 1 0 0 0 1 1 0 0 1 0 0 0
0 0 1 1 1 1 0 0 0 1 0 1 0 0 1
1 1 1 1 1 1 1 0 0 1 1 1 0 0 1
0 1 0 1 0 1 1 0 0 0 0 1 1 1 1
0 1 1 0 1 1 0 1 0 1 0 0 1 0 0
0 1 0 0 0 0 0 1 0 0 1 0 1 0 0
0 0 0 0 0 0 1 1 1 1 1 1 1 0 1
0 0 0 0 1 0 1 1 0 0 0 1 0 1 0
1 0 0 1 0 0 0 0 0 1 0 0 0 1 0
1 1 0 1 1 0 0 0 1 1 0 1 0 0 0
1 0 1 1 1 1 1 1 1 1 0 1 1 1 0
1 0 0 0 1 0 0 0 1 1 1 1 0 1 0
0 0 0 0 0 1 0 1 0 1 0 1 1 0 0
1 1 0 1 1 0 0 0 0 0 1 1 0 0 0
0 0 0 0 0 1 0 0 0 0 1 0 1 0 1
0 1 0 1 0 1 0 1 1 0 1 0 1 1 0
1 0 0 1 0 0 1 1 0 1 0 0 1 1 0
1 0 0 1 0 1 0 0 0 1 0 1 0 0 1
1 0 1 1 1 0 0 0 0 1 1 1 0 0 1
1 1 1 0 1 0 0 1 0 1 0 1 0 0 0
1 0 0 0 0 1 0 0 1 0 0 0 0 1 0
0 1 1 0 1 1 1 0 1 1 1 0 0 0 1
0 1 0 1 1 0 1 1 1 0 0 0 0 0 0
1 0 0 0 0 0 0 1 0 1 1 1 1 1 1
1 1 0 0 0 0 0 0 1 0 0 0 1 0 1
1 0 0 0 0 1 1 1 0 1 1 0 0 0 1
1 0 0 0 0 0 0 1 1 1 0 1 1 0 0
1 1 1 0 1 1 1 1 1 0 0 1 1 0 0
1 1 0 0 0 0 0 0 0 1 0 1 1 0 0
0 1 1 1 0 0 0 1 0 0 0 1 1 1 0
0 0 0 1 0 1 1 0 0 0 1 0 1 1 0
0 1 0 1 1 0 1 0 1 1 1 0 1 1 0
0 0 0 0 0 0 0 0 1 0 1 0 0 0 0
1 1 0 0 1 1 1 0 0 1 1 1 1 0 0
0 1 1 1 1 1 1 1 1 1 0 0 1 1 0
1 0 1 0 0 0 0 1 1 1 1 1 1 1 0
1 0 0 1 1 0 1 0 1 0 0 1 0 1 0
0 1 0 1 0 0 0 1 0 1 0 0 1 0 0
1 0 1 1 1 1 0 0 1 1 1 1 0 0 0
1 0 1 0 1 1 1 1 0 0 0 0 1 1 0
1 1 0 1 1 1 0 1 0 0 1 1 1 1 1
15 33
1 1 0 1 1 0 0 1 0 0 0 1 1 1 1
1 1 0 1 1 1 1 1 0 1 0 1 0 0 1
1 1 1 0 1 1 1 1 0 0 0 1 1 1 1
0 1 1 0 0 1 0 0 1 0 0 1 1 1 1
1 0 1 1 1 0 0 0 0 1 1 0 0 1 0
1 1 0 0 0 1 0 1 0 0 0 0 1 1 0
0 0 0 0 1 1 1 1 0 1 1 0 0 0 1
0 1 0 1 0 0 0 0 1 0 1 0 1 1 0
0 0 0 1 1 1 1 1 1 0 1 0 0 0 0
1 0 0 1 0 1 0 0 1 1 0 1 1 0 0
0 1 1 0 1 1 0 1 1 1 0 1 0 0 0
1 0 1 1 1 0 0 1 1 0 1 1 0 1 0
1 0 1 1 0 0 0 0 1 0 1 0 0 0 1
0 1 0 0 1 1 0 0 0 1 1 0 0 0 1
0 0 0 1 0 1 0 1 0 0 1 1 1 1 0
0 0 1 0 1 1 0 1 0 1 0 1 1 1 1
1 1 1 1 1 1 0 1 0 0 1 0 0 0 0
1 1 1 0 0 0 1 1 1 0 1 1 1 0 1
0 1 0 0 1 0 0 0 0 1 0 0 1 0 0
1 1 1 0 0 1 1 0 1 0 1 1 1 0 1
0 1 0 0 0 0 0 1 1 0 1 1 0 0 1
0 0 0 1 1 1 1 0 1 1 0 1 1 1 0
0 1 0 1 1 0 0 0 0 1 1 1 0 0 1
0 0 1 1 0 1 1 1 0 0 0 0 0 0 1
0 0 0 0 1 0 1 1 1 0 0 1 0 1 1
0 1 0 0 0 0 0 0 1 1 0 1 1 1 0
0 0 1 0 0 1 1 0 1 0 0 0 0 0 1
0 0 0 1 1 0 0 0 0 1 0 1 0 0 1
1 0 0 1 0 1 0 0 0 0 0 0 0 1 0
0 1 0 0 0 0 0 0 0 1 1 1 1 1 0
0 0 1 1 0 1 1 0 1 1 0 1 0 0 0
1 1 1 1 0 0 0 0 1 1 0 0 1 0 1
1 1 0 0 0 1 1 0 0 1 1 0 1 0 0
15 59
1 0 0 1 1 1 1 1 0 0 0 1 0 1 0
0 0 0 1 1 1 1 1 0 0 1 1 1 1 1
0 1 0 0 1 0 0 0 0 0 0 1 0 1 0
1 1 0 1 0 1 1 0 1 1 1 1 0 0 0
1 0 0 0 0 0 1 0 0 0 1 1 0 1 1
1 0 0 1 0 0 0 1 0 0 0 1 0 0 1
1 0 1 1 0 1 1 1 1 0 0 1 0 1 1
0 1 1 1 1 0 0 1 0 0 0 0 0 0 0
0 0 0 0 0 0 0 1 0 1 1 1 1 0 1
1 0 0 1 0 1 1 1 0 0 1 1 0 1 1
0 1 0 0 0 0 0 1 0 1 0 1 1 1 1
1 1 1 1 0 0 0 0 1 1 0 1 1 1 1
1 0 0 0 0 1 1 0 0 1 0 0 1 0 0
0 0 0 1 0 1 1 0 0 0 0 1 1 1 1
1 1 1 0 0 1 0 1 1 0 0 0 0 1 0
0 0 1 0 1 0 1 1 1 0 0 1 1 0 1
0 0 1 0 0 0 0 0 0 0 1 1 0 1 1
1 1 1 0 0 1 0 1 0 1 1 1 0 1 0
1 1 1 1 0 1 0 1 0 1 0 1 1 1 1
1 0 0 1 1 1 1 1 0 1 1 0 0 1 1
1 1 1 1 0 0 1 1 1 1 1 0 1 1 0
0 1 0 1 1 1 1 1 1 1 0 0 0 1 0
1 0 1 1 0 0 1 0 1 0 0 1 1 0 0
1 1 0 0 1 1 1 0 1 0 0 1 1 0 0
0 0 1 1 0 0 1 0 1 0 1 0 0 1 1
1 0 1 1 1 0 0 0 0 1 0 1 1 0 0
1 0 1 1 1 0 1 0 0 1 0 1 1 1 0
0 1 0 1 1 1 1 0 0 0 1 1 0 1 1
1 1 1 0 1 1 1 1 0 1 0 0 0 0 1
0 1 0 1 0 1 0 1 1 1 0 0 0 1 0
1 1 0 0 0 0 1 0 0 0 1 0 1 0 1
1 1 1 1 0 1 0 0 0 0 0 0 1 1 0
1 0 0 0 0 0 1 0 0 1 0 1 1 1 0
1 1 1 0 1 0 1 1 1 1 0 0 1 0 1
1 1 0 0 1 0 1 1 1 1 1 0 1 0 0
0 0 0 0 0 0 0 0 0 1 0 1 0 0 1
1 0 0 1 1 0 1 0 0 1 1 1 1 1 1
1 0 0 0 1 0 1 1 1 1 1 0 1 1 0
0 1 0 0 1 1 0 0 1 0 0 0 0 0 1
1 1 0 0 1 0 1 0 1 1 0 0 1 1 0
1 0 1 0 0 0 0 0 0 1 1 1 1 0 1
1 1 1 1 0 1 0 0 1 0 1 0 0 0 1
0 1 1 1 1 1 0 1 1 1 1 0 1 0 0
0 1 1 0 0 0 1 1 1 1 1 1 0 0 1
0 1 1 1 0 0 1 0 0 1 0 1 1 0 1
0 1 0 1 0 0 0 0 0 1 1 1 0 1 0
1 0 1 1 1 1 1 0 0 1 0 1 1 0 0
0 1 1 0 1 0 1 1 1 0 0 1 1 1 0
1 0 1 1 0 1 1 1 1 1 0 1 0 1 1
1 1 1 1 0 0 1 0 0 1 0 0 1 1 1
1 1 1 1 0 0 1 0 1 0 1 0 0 0 0
0 0 1 1 1 1 1 1 0 1 0 1 0 1 1
1 1 0 1 0 0 1 1 0 0 0 0 0 0 1
0 0 0 1 0 0 0 1 0 1 0 0 1 1 1
0 0 0 1 0 1 1 1 0 1 1 0 1 1 0
1 1 0 1 0 1 0 0 1 1 1 0 0 1 0
1 1 1 0 1 0 1 0 0 1 0 1 0 1 0
0 0 0 1 0 1 1 0 0 0 0 0 0 0 1
1 0 1 0 1 0 1 1 1 0 1 0 0 1 0
15 20
0 0 1 0 0 0 0 1 0 1 1 0 1 1 1
1 1 1 0 1 1 0 1 1 0 1 1 0 0 1
0 0 1 1 0 0 0 1 1 0 1 0 1 1 1
0 0 0 1 0 1 0 0 1 0 1 1 1 1 0
1 1 0 0 0 0 0 1 1 0 1 1 0 1 1
1 1 0 0 1 0 0 0 1 1 1 0 1 0 0
0 0 0 0 1 0 1 1 1 1 1 0 1 1 0
1 1 1 0 0 1 1 1 0 1 1 1 1 0 0
0 0 1 0 1 0 1 1 1 0 1 0 1 0 1
0 0 0 1 0 0 0 1 1 0 0 1 1 0 1
0 1 1 1 1 1 1 1 1 0 0 0 1 0 0
1 0 1 1 1 0 1 0 1 1 1 1 1 0 1
1 1 1 1 1 0 0 0 1 1 0 1 1 0 1
1 1 1 0 0 0 1 0 1 1 1 1 1 1 1
0 0 0 0 0 1 1 1 1 0 1 0 1 0 0
0 1 0 0 0 0 1 1 0 0 0 1 0 1 1
0 0 1 0 1 1 1 1 1 1 1 0 1 1 1
1 1 0 1 0 1 0 1 1 0 1 1 0 0 0
0 0 0 1 0 0 0 1 0 0 0 0 0 1 1
0 0 0 1 1 1 0 1 1 0 0 1 0 1 1
15 72
0 0 1 0 0 0 1 1 1 1 0 0 1 0 0
0 1 1 0 1 1 0 1 1 0 1 0 0 0 0
0 0 0 0 0 1 1 1 1 1 1 1 0 1 0
0 0 1 0 1 0 1 0 0 1 1 0 1 1 1
0 0 0 1 1 0 0 0 1 1 1 0 0 0 1
1 0 1 0 1 1 1 0 0 0 1 0 1 1 0
0 1 0 0 0 1 1 1 1 1 1 0 0 0 0
1 0 1 1 1 0 0 0 1 1 0 1 1 0 1
0 0 0 0 0 1 0 1 1 1 0 0 1 1 1
1 1 0 0 0 0 0 0 0 0 0 0 1 0 0
1 1 0 0 1 1 0 0 0 0 1 1 1 0 1
0 1 1 1 1 1 0 0 0 1 0 1 0 0 0
1 0 1 1 1 0 0 1 1 0 0 1 0 0 0
1 1 1 0 1 1 1 1 1 0 0 0 0 0 0
0 0 0 0 1 0 1 1 1 0 0 1 0 1 0
1 0 0 0 1 1 1 0 1 0 1 1 1 0 0
0 1 0 0 1 1 1 1 1 0 1 0 0 1 0
1 1 1 1 1 0 0 0 1 1 0 0 0 1 1
0 0 1 0 1 1 0 1 1 1 1 1 0 0 0
0 1 0 1 0 1 0 0 1 0 0 0 1 0 0
0 1 0 0 1 0 0 0 1 1 1 1 0 1 1
1 0 0 1 0 0 0 1 0 0 0 1 0 1 1
0 0 1 0 1 1 0 1 1 1 0 1 0 1 0
1 1 1 1 1 1 0 1 1 1 1 0 0 0 0
0 1 1 0 0 1 1 0 0 0 1 0 0 1 0
1 0 0 0 1 0 0 1 1 0 1 0 1 1 0
1 0 1 0 1 1 1 0 0 1 1 1 1 1 0
1 0 1 1 1 0 1 1 1 0 1 0 1 1 1
1 1 0 1 1 1 0 1 1 0 1 0 0 1 0
0 0 0 1 1 1 0 0 0 1 0 1 0 0 0
1 1 1 1 0 1 1 1 1 0 0 0 1 1 1
0 1 0 1 1 1 1 1 1 0 1 1 1 1 0
0 0 1 1 1 1 0 1 1 0 0 0 0 0 1
0 0 1 1 0 1 1 0 0 1 1 1 1 1 1
1 1 1 1 0 1 1 0 1 0 1 0 1 0 1
1 1 0 1 1 1 1 1 1 1 1 0 1 1 0
0 1 1 1 1 1 1 1 1 1 1 1 0 1 0
0 1 0 0 0 1 1 1 0 0 0 0 1 0 0
1 1 1 0 1 1 1 0 1 0 1 0 0 0 1
0 0 1 1 0 0 0 0 1 1 1 0 1 1 1
1 0 1 1 0 0 0 0 1 0 1 0 0 0 0
1 0 1 1 1 0 1 1 0 1 0 1 0 1 1
0 1 1 0 0 1 1 0 1 1 1 0 0 1 1
1 0 1 0 1 0 1 1 1 1 1 0 1 0 1
1 0 0 1 0 0 0 0 1 1 0 1 0 0 0
0 1 1 0 1 1 1 0 0 1 0 0 0 1 0
0 0 0 1 1 1 0 1 1 0 0 0 1 0 0
0 1 1 1 0 0 0 0 0 0 1 1 1 1 0
0 0 0 0 1 0 1 1 0 1 0 0 0 1 1
1 1 0 1 1 1 1 0 0 0 1 0 0 0 1
1 0 1 0 1 1 0 0 1 0 0 1 1 1 1
0 0 1 0 0 0 1 1 1 1 0 0 1 1 0
0 0 1 0 1 0 0 0 0 1 0 1 0 0 1
1 0 1 0 1 1 0 0 0 1 1 1 1 1 1
1 0 0 0 1 0 0 1 0 1 1 0 0 1 1
1 0 1 1 0 1 1 1 1 0 0 0 1 1 0
1 0 0 0 0 0 1 1 1 0 0 1 0 0 1
0 1 0 1 1 1 0 0 0 1 0 0 1 0 0
0 1 1 1 1 1 0 0 0 1 1 1 0 1 1
0 1 0 1 0 1 1 0 0 0 1 1 0 0 0
0 1 0 0 0 1 0 0 1 1 1 1 0 0 0
1 0 0 0 1 1 0 0 1 1 1 0 0 0 0
1 0 1 0 0 1 1 1 0 0 1 1 1 1 1
1 0 0 1 1 1 1 0 1 1 0 1 0 0 0
1 0 1 0 1 0 0 1 0 0 1 1 0 1 0
1 0 1 0 1 1 1 0 1 1 0 1 1 0 0
0 1 1 1 1 1 1 1 0 1 1 0 1 0 1
0 0 0 0 0 0 1 1 1 0 0 0 0 0 1
0 1 1 1 1 1 0 0 1 0 0 1 1 0 0
0 1 1 1 0 1 1 1 0 0 0 1 1 1 0
1 0 0 1 0 0 1 1 0 1 1 0 1 0 0
0 0 0 1 0 1 0 0 1 1 0 1 1 0 1
15 86
0 0 1 0 0 0 0 0 1 0 0 1 0 1 0
1 1 1 1 0 1 0 1 0 0 0 0 0 0 1
0 0 0 1 0 0 0 1 1 1 1 0 1 1 0
0 0 1 1 1 0 0 1 0 1 1 1 1 0 1
1 0 0 0 1 0 0 1 0 1 1 1 0 1 0
1 0 1 0 1 0 1 0 1 1 1 1 1 0 0
0 1 0 0 0 1 0 0 0 1 0 1 1 1 0
1 0 1 0 0 0 1 0 1 0 1 0 1 0 0
0 0 0 1 1 0 0 1 1 1 0 1 0 1 0
1 1 0 1 1 1 1 0 1 0 1 0 1 1 1
1 1 0 1 1 1 0 1 0 0 0 1 1 0 1
1 0 1 1 0 0 0 0 0 1 1 1 0 0 0
1 1 1 1 1 1 1 0 1 1 1 1 1 1 0
1 0 1 0 0 1 1 0 0 0 1 1 1 0 1
0 1 1 0 1 1 1 0 1 1 1 0 0 0 0
0 1 0 1 0 0 1 1 0 1 0 0 1 1 1
1 0 0 0 0 0 1 1 1 0 1 1 1 0 1
1 1 0 1 0 0 1 0 0 1 0 1 0 0 1
1 0 0 1 1 1 0 1 0 1 1 0 1 1 0
0 1 1 0 1 1 1 0 1 1 0 0 0 0 0
0 0 1 1 1 1 0 1 1 0 1 1 1 1 1
1 1 1 0 0 0 1 1 1 0 0 1 1 0 1
0 0 0 0 1 1 1 0 1 0 1 1 1 0 0
0 0 0 1 0 0 0 0 0 1 1 0 1 1 0
0 1 1 1 0 0 0 1 0 1 0 0 0 0 0
0 1 1 1 0 1 0 1 1 1 1 0 1 1 0
1 0 0 0 1 1 0 0 0 1 1 1 0 0 1
0 1 1 0 0 1 0 1 0 1 1 0 1 1 0
1 0 0 0 0 0 1 0 0 1 0 0 1 0 1
0 1 1 1 1 1 1 0 0 0 0 0 0 1 0
1 0 0 1 0 1 0 0 1 1 0 1 1 1 0
0 0 0 0 0 0 1 1 0 0 0 1 0 0 1
1 0 1 1 1 1 0 1 0 1 0 1 1 1 0
1 1 0 0 0 1 1 0 1 1 1 1 0 1 1
1 1 0 0 1 1 1 1 1 0 1 1 0 0 1
1 0 1 0 1 1 1 0 0 0 1 0 0 1 0
1 1 0 0 1 1 1 1 1 1 1 1 0 1 0
0 0 1 1 1 0 1 0 0 1 0 0 1 0 1
1 1 0 0 1 1 0 1 0 0 1 1 0 0 0
1 0 0 0 1 0 1 0 1 0 1 1 0 0 1
1 0 1 1 0 1 0 1 0 0 0 1 0 0 1
1 1 0 1 1 1 1 1 1 0 0 0 0 0 1
0 0 1 0 0 1 1 1 0 0 0 1 0 0 0
1 1 0 1 0 0 0 1 0 0 1 1 1 1 1
0 0 0 1 0 0 1 0 0 1 1 1 0 1 0
0 1 0 1 0 0 0 0 0 0 0 0 0 1 0
1 0 0 0 1 1 0 0 0 1 0 0 0 1 0
0 1 1 0 0 0 1 1 1 1 1 0 1 0 1
1 0 1 0 0 0 0 1 0 1 0 0 0 0 0
1 1 0 1 0 0 0 1 1 1 0 0 1 1 0
0 0 0 0 1 0 1 1 0 0 0 0 0 0 1
1 0 1 0 1 1 1 1 0 1 0 0 0 0 1
0 1 0 0 0 0 0 1 1 1 1 0 0 1 1
0 1 0 0 1 1 1 0 1 0 1 1 0 0 0
1 1 1 1 1 0 0 1 1 0 0 1 0 0 1
0 1 0 0 1 1 0 1 1 0 1 0 0 0 0
1 0 0 0 0 0 1 0 1 1 1 1 0 0 0
0 0 0 0 1 0 1 0 1 1 1 1 1 1 0
0 1 0 1 1 1 1 1 0 0 0 1 0 1 1
0 0 0 1 1 0 0 0 1 1 1 1 0 1 1
0 0 0 1 1 0 1 0 1 1 0 1 0 1 0
0 1 0 1 1 0 1 1 0 0 0 1 0 1 1
1 0 1 0 1 1 0 1 0 0 1 0 0 1 1
1 1 1 0 0 1 1 1 0 1 1 0 0 1 1
0 0 1 0 0 0 0 0 1 0 1 1 1 1 1
1 0 0 1 0 1 1 0 1 1 1 1 0 0 1
1 0 0 1 0 0 0 1 1 0 0 1 0 1 1
0 0 0 0 0 0 0 0 1 0 1 0 1 1 1
0 0 0 0 0 1 1 1 1 0 0 0 1 1 0
1 0 0 0 0 1 0 0 1 0 1 1 1 0 0
1 1 0 0 0 0 0 0 0 0 1 1 0 1 1
1 1 1 0 1 1 0 0 1 0 0 0 1 1 1
1 1 1 1 1 0 0 0 0 1 1 0 0 1 0
0 1 0 1 0 1 1 0 1 1 0 1 0 1 0
1 0 0 1 0 0 1 0 1 1 1 0 0 0 0
1 0 0 0 1 0 0 0 1 1 0 1 0 0 1
1 0 1 1 1 1 1 1 1 0 0 1 0 1 1
1 0 0 1 0 1 1 0 0 1 1 0 0 0 0
0 1 1 0 1 1 1 1 1 1 0 0 1 0 1
1 0 0 0 0 0 1 0 0 1 0 1 1 1 1
1 1 0 0 0 0 1 1 1 0 1 1 1 1 1
1 0 1 0 1 0 1 1 1 0 1 0 1 0 0
1 0 1 1 0 1 0 1 1 0 0 0 0 0 1
0 1 1 1 0 1 0 0 0 1 0 1 0 1 1
1 1 1 0 1 1 1 0 1 1 1 1 1 1 1
0 0 0 0 1 0 0 0 0 0 0 1 0 1 1
15 83
0 1 1 1 0 1 0 0 0 0 1 1 0 1 1
1 0 1 1 1 1 0 0 0 1 0 0 0 1 0
1 1 1 1 1 0 1 1 0 1 1 1 0 0 0
1 1 0 0 1 1 0 1 0 1 1 1 1 1 0
1 0 1 0 0 1 0 1 1 0 1 0 1 1 1
1 0 1 1 1 1 1 0 0 1 1 0 0 1 1
0 0 0 0 0 0 0 1 0 0 1 1 0 1 0
0 1 1 1 1 1 0 1 0 0 1 0 1 1 0
1 0 0 1 1 0 0 0 1 0 1 0 0 1 0
1 1 0 1 0 0 0 0 1 0 0 1 1 0 0
1 0 0 1 0 0 0 0 1 0 1 1 0 0 1
0 0 0 0 1 0 1 1 1 1 1 0 0 1 1
1 0 1 0 1 1 1 1 1 1 1 0 1 1 0
1 1 0 1 1 0 0 0 0 1 0 1 0 1 0
0 0 0 0 0 1 1 1 1 1 1 0 1 0 1
0 1 1 0 0 0 1 1 0 0 0 0 1 0 1
0 0 1 0 0 0 1 1 0 1 0 0 1 1 1
0 0 1 0 1 0 0 1 1 1 0 0 1 0 1
0 1 0 1 1 0 1 1 1 0 1 0 1 1 0
1 1 1 0 0 0 0 0 0 0 0 1 0 0 0
1 1 0 1 1 0 0 0 0 0 0 0 0 0 1
0 1 1 0 0 1 1 1 1 0 1 1 0 0 1
1 0 1 1 1 1 1 0 1 1 0 1 0 1 1
1 0 0 1 0 0 0 0 1 1 1 0 1 0 1
0 0 0 1 0 1 1 1 0 0 1 0 0 1 0
0 1 1 1 1 1 0 1 1 1 1 0 0 0 0
0 1 0 1 1 1 0 1 1 0 1 1 1 1 0
0 0 1 1 1 0 1 0 1 1 0 1 1 0 0
1 0 1 0 1 0 1 0 0 0 1 0 1 1 0
0 1 1 1 1 1 0 1 1 0 0 0 0 1 0
0 0 0 1 1 1 0 0 0 0 1 1 1 0 0
0 1 1 1 0 0 0 1 0 0 0 1 0 1 0
1 1 1 1 1 1 1 1 0 0 0 0 0 1 0
1 0 1 0 1 1 0 0 1 0 1 0 1 1 0
0 0 1 0 1 0 0 0 0 1 0 1 0 0 1
1 1 0 1 0 1 1 1 1 0 1 1 0 1 1
1 1 1 1 0 1 1 0 0 0 0 1 0 0 0
1 1 1 0 1 0 0 1 1 1 1 0 0 0 0
1 1 1 0 1 1 1 0 0 0 0 1 0 1 1
0 0 0 1 1 1 1 1 1 1 0 1 1 0 0
1 0 1 0 1 0 0 0 0 0 1 0 1 0 0
0 0 0 0 0 1 0 1 1 1 0 0 1 1 0
0 1 0 1 1 1 0 1 1 0 0 1 0 0 0
1 0 0 1 0 1 1 1 0 0 0 1 0 1 0
0 0 0 1 0 1 0 1 0 1 1 0 1 1 0
1 0 1 0 0 1 0 0 0 0 1 0 0 0 0
1 0 1 0 0 0 1 0 0 1 0 1 0 0 1
0 0 1 1 0 0 0 1 0 0 0 1 0 0 1
1 1 0 0 0 1 0 1 1 0 0 0 0 1 1
0 0 0 0 1 0 0 1 1 1 0 0 1 1 0
0 1 1 0 1 1 0 0 0 0 0 1 1 0 1
1 0 1 0 1 1 0 0 0 1 1 0 0 1 1
1 1 1 1 1 1 1 0 1 0 1 1 0 0 1
1 1 0 1 0 0 1 0 0 1 1 1 0 0 0
1 1 1 0 0 1 1 1 0 1 0 1 0 1 0
0 1 0 1 0 0 1 1 1 1 0 0 1 1 1
1 0 0 0 0 0 0 1 1 0 1 0 0 0 1
1 0 0 1 1 0 1 1 0 1 0 0 0 0 0
1 0 0 0 1 1 0 1 1 1 1 1 0 1 0
0 1 1 0 0 0 1 1 1 1 1 0 1 1 1
0 1 0 1 1 0 1 1 0 1 1 0 1 0 0
0 1 1 0 0 1 1 1 0 1 0 0 1 1 1
1 0 0 0 0 1 0 1 0 1 1 1 1 1 0
0 1 0 0 1 0 0 1 1 1 1 0 0 0 0
0 1 1 0 1 0 1 1 0 1 1 0 1 0 1
1 0 0 0 0 1 0 1 1 0 0 1 0 1 1
1 1 1 1 0 0 1 1 1 0 1 0 0 1 1
1 1 0 1 0 1 1 1 1 0 1 1 1 1 1
1 0 0 1 0 1 1 0 0 1 0 1 0 0 1
1 1 0 0 1 0 1 0 1 0 1 1 0 0 1
0 1 1 0 1 1 0 1 0 0 0 1 0 1 1
0 1 0 1 1 1 1 0 0 1 0 0 1 1 1
0 1 1 0 1 0 0 1 1 1 1 1 0 1 0
1 1 1 1 1 0 0 1 0 1 1 1 1 0 0
1 0 1 1 1 1 0 1 1 0 0 0 1 0 0
0 0 0 0 1 0 0 0 1 0 0 1 1 1 0
1 1 1 0 0 0 1 1 1 1 1 1 1 1 1
0 1 1 0 1 1 1 1 0 0 0 0 1 0 0
0 1 0 1 0 1 0 0 1 0 1 1 1 1 0
1 0 1 0 1 1 0 0 0 0 1 0 0 0 0
1 1 0 1 1 1 1 1 1 0 1 0 0 1 1
0 1 1 1 1 0 1 1 0 0 0 0 0 0 0
1 0 1 0 0 0 1 0 1 1 0 1 1 0 0
