631573
-14634150391426217317505261767226339584
338524
-15318672066917235985141279398093764769
-5889512811316594295329579876697233636
-24379647933717235273823708415657080896
-63310596510054116282023431910800826225
-59238388233822553630459568277080776441
526619
-4337300052200682414370305605568811321
615861
-2383685791388821822860415953328688100
806194
523481
391937
645939
354883
616970
565613
-50559603840102111018492391909759225
900081
442348
-636432994262824468132329086347486225
274064
-28431147848357797253832605873119743076
792136
698691
880040
598746
-49526810626664500690121853842877859609
685778
531060
481739
539659
296597
-637811921114317660772325850209262144
359371
226957
-11936503872247593043094627457034839076
178609
-28057490392878912113748596058285191809
424125
-5748259582351109311517845087355697769
139303
-43672663196836763752174010156717795044
-66490512668183513100174157751068944
-8285282177753493361733062317416233216
199067
-14120810882445239173500876784496862225
525755
744278
54294
480436
113380
719940
101108
-43498641107747297916914334340742501481
978812
-83844788599502598942715118361911425636
-24840158957640984309021021940052844096
239672
58597
-20512443339630151133627860216049214864
-19393201375733828958054314931805753924
-73700542268815945405408278770089083904
375150
-3790054651476961937101332222705294736
-633237202479724238908855916481462129
518275
-1779022550354533886577959865801301201
-59767457188176493788135447651579422500
106735
173116
