100
63947643 98920317
43492484 41760741
27321051 20349476
48256590 37409174
78852855 28239986
39241091 91426015
82720315 29557685
34469676 33437540
16798427 85177084
28705102 57769796
49151599 66149299
66882351 77586135
85704794 51498453
64680237 74052028
47100176 12026213
60220132 57872837
14673214 31310002
1344838 28690164
18452392 66489416
67209552 81124484
67525852 19799536
1137550 88147766
80918867 64214428
38910393 45221644
74434979 69019213
39144186 20763652
76491205 22120853
9700390 61348753
40348538 54495594
68441971 61138010
80852224 92881061
41563627 12288414
44390056 13849823
37735984 13945285
1926806 81236009
98537238 63825812
75289889 58957916
22115964 38452879
77064496 90749059
26332656 43054177
56826693 33006474
41429037 48451400
82844455 49768576
69323224 49542534
24016087 845484
38687135 3807034
73909495 48841838
84416800 42675633
4363498 43338367
84870411 45067522
17971284 60911327
62960731 55963908
2241276 72184454
79137639 52050667
44762118 65716718
86710565 23697899
58160946 2692992
38778819 15017482
72434302 63713547
30653199 63848645
29308121 69602652
11270461 33507887
65313146 35506711
71569019 96022481
88287525 97286808
43327005 73886886
63728321 46696901
22209123 37966942
21121669 35160663
31909771 63004744
96906863 83491838
95660562 10085196
63507891 15379092
85490156 47625017
11204080 95076627
18531603 9455309
91980772 36622426
38471332 893451
22405057 44137720
80076888 52461105
13085732 97520091
78811536 42381120
36503475 17806761
44421202 53792864
40226591 50050387
73394209 81408023
11121888 42758059
46005568 87266966
44668853 11771154
62402777 8463976
60352646 8975767
50128945 46629312
28433979 83884186
33796761 95675991
40206896 70753239
35682398 83534631
65876816 66265261
35324741 24319312
15310089 42215296
27024774 98544188
