4
12
32
80
192
448
1024
2304
5120
11264
12
81
432
2025
8748
35721
139968
531441
1968300
7144929
32
432
4096
32000
221184
1404928
8388608
47775744
262144000
1395654656
80
2025
32000
390625
4050000
37515625
320000000
2562890625
19531250000
142978515625
192
8748
221184
4050000
60466176
784147392
9172942848
99179645184
1007769600000
9738138110976
448
35721
1404928
37515625
784147392
13841287201
215886856192
3063651608241
40353607000000
500422134593689
1024
139968
8388608
320000000
9172942848
215886856192
4398046511104
80244904034304
1342177280000000
924190534139890
2304
531441
47775744
2562890625
99179645184
3063651608241
80244904034304
1853020188851841
8742048899999979
7423202486614763
5120
1968300
262144000
19531250000
1007769600000
40353607000000
1342177280000000
8742048899999979
9999999999999307
9476909999983501
11264
7144929
1395654656
142978515625
9738138110976
500422134593689
924190534139890
7423202486614763
9476909999983501
9994932559538283
