n=7, sum=175
 30 39 48  1 10 19 28
 38 47  7  9 18 27 29
 46  6  8 17 26 35 37
  5 14 16 25 34 36 45
 13 15 24 33 42 44  4
 21 23 32 41 43  3 12
 22 31 40 49  2 11 20

n=13, sum=1105
  93 108 123 138 153 168   1  16  31  46  61  76  91
 107 122 137 152 167  13  15  30  45  60  75  90  92
 121 136 151 166  12  14  29  44  59  74  89 104 106
 135 150 165  11  26  28  43  58  73  88 103 105 120
 149 164  10  25  27  42  57  72  87 102 117 119 134
 163   9  24  39  41  56  71  86 101 116 118 133 148
   8  23  38  40  55  70  85 100 115 130 132 147 162
  22  37  52  54  69  84  99 114 129 131 146 161   7
  36  51  53  68  83  98 113 128 143 145 160   6  21
  50  65  67  82  97 112 127 142 144 159   5  20  35
  64  66  81  96 111 126 141 156 158   4  19  34  49
  78  80  95 110 125 140 155 157   3  18  33  48  63
  79  94 109 124 139 154 169   2  17  32  47  62  77

n=15, sum=1695
 122 139 156 173 190 207 224   1  18  35  52  69  86 103 120
 138 155 172 189 206 223  15  17  34  51  68  85 102 119 121
 154 171 188 205 222  14  16  33  50  67  84 101 118 135 137
 170 187 204 221  13  30  32  49  66  83 100 117 134 136 153
 186 203 220  12  29  31  48  65  82  99 116 133 150 152 169
 202 219  11  28  45  47  64  81  98 115 132 149 151 168 185
 218  10  27  44  46  63  80  97 114 131 148 165 167 184 201
   9  26  43  60  62  79  96 113 130 147 164 166 183 200 217
  25  42  59  61  78  95 112 129 146 163 180 182 199 216   8
  41  58  75  77  94 111 128 145 162 179 181 198 215   7  24
  57  74  76  93 110 127 144 161 178 195 197 214   6  23  40
  73  90  92 109 126 143 160 177 194 196 213   5  22  39  56
  89  91 108 125 142 159 176 193 210 212   4  21  38  55  72
 105 107 124 141 158 175 192 209 211   3  20  37  54  71  88
 106 123 140 157 174 191 208 225   2  19  36  53  70  87 104

n=4, sum=34
  9 15  1  7
 14  4  6 12
  3  5 11 13
  8 10 16  2

n=8, sum=260
 33 43 53 63  1 11 21 31
 42 52 62  8 10 20 30 40
 51 61  7  9 19 29 39 41
 60  6 16 18 28 38 48 50
  5 15 17 27 37 47 49 59
 14 24 26 36 46 56 58  4
 23 25 35 45 55 57  3 13
 32 34 44 54 64  2 12 22

n=12, sum=870
  73  87 101 115 129 143   1  15  29  43  57  71
  86 100 114 128 142  12  14  28  42  56  70  84
  99 113 127 141  11  13  27  41  55  69  83  85
 112 126 140  10  24  26  40  54  68  82  96  98
 125 139   9  23  25  39  53  67  81  95  97 111
 138   8  22  36  38  52  66  80  94 108 110 124
   7  21  35  37  51  65  79  93 107 109 123 137
  20  34  48  50  64  78  92 106 120 122 136   6
  33  47  49  63  77  91 105 119 121 135   5  19
  46  60  62  76  90 104 118 132 134   4  18  32
  59  61  75  89 103 117 131 133   3  17  31  45
  72  74  88 102 116 130 144   2  16  30  44  58
