2000
3
21 34 61
7
14 25 46 49 51 83 89
3
31 35 100
6
9 26 83 92 96 98
6
25 44 59 65 68 95
5
15 39 69 92 96
4
14 83 86 98
3
39 84 93
6
12 29 36 61 75 91
3
28 33 38
4
2 30 85 89
3
72 81 95
6
12 17 23 36 43 96
4
23 36 91 93
3
17 69 88
6
8 14 46 65 76 97
2
53 63
3
30 40 85
1
76
1
58
1
46
2
26 88
5
5 42 47 76 99
8
2 26 29 53 62 71 79 100
8
17 25 28 32 71 72 87 98
5
11 27 53 59 73
6
16 32 34 38 56 76
2
2 6
6
3 23 30 65 66 80
4
21 78 92 95
8
3 12 17 18 35 38 68 79
4
5 11 41 58
2
73 90
7
6 7 20 36 47 53 93
2
20 47
8
18 24 25 27 42 48 82 83
6
22 29 56 62 75 83
1
49
3
50 53 79
8
5 6 12 52 53 63 64 71
3
31 44 48
7
32 55 72 75 83 84 98
4
31 47 49 76
8
17 32 39 58 59 62 64 70
6
10 12 53 64 79 81
7
34 56 75 91 92 96 99
3
18 24 35
2
24 90
5
24 31 45 48 51
4
27 44 56 75
2
21 97
7
5 19 40 43 81 82 91
8
5 14 38 52 60 80 83 99
6
8 11 25 31 44 95
2
18 94
6
7 36 41 44 68 78
2
10 70
5
5 22 27 65 89
8
12 15 17 29 31 41 60 85
8
4 5 16 43 65 67 78 99
1
36
6
4 15 17 54 57 91
3
31 38 45
2
26 62
6
20 39 49 56 75 95
8
23 58 75 78 81 84 85 88
2
5 75
6
4 50 60 68 78 97
3
11 53 96
1
21
4
45 63 78 91
5
31 50 59 70 88
8
12 15 27 38 54 71 84 97
3
49 73 84
1
53
2
19 21
6
26 42 48 52 59 83
6
8 14 41 68 76 78
8
2 13 48 57 72 83 84 100
7
7 14 26 28 55 64 100
5
10 14 55 71 76
5
15 19 42 69 88
7
4 8 11 41 63 72 100
5
10 18 53 63 95
8
20 42 69 77 80 81 83 98
7
24 42 48 49 76 82 92
8
15 26 31 46 51 56 62 82
2
6 31
3
40 61 65
4
29 47 59 94
2
46 95
7
35 41 47 67 81 96 97
4
8 26 63 68
7
2 3 23 25 54 65 97
3
25 73 88
7
7 10 27 63 73 95 99
4
59 72 77 88
1
96
5
19 20 82 91 95
2
22 44
3
22 27 69
1
12
2
40 53
7
38 50 55 64 72 94 95
7
52 59 61 64 75 92 95
1
20
8
21 28 31 50 55 56 71 87
6
2 8 22 59 73 93
8
25 41 42 60 64 65 71 89
1
33
7
11 12 21 27 72 84 89
8
10 29 30 47 77 82 86 96
3
39 44 68
6
16 41 50 68 92 94
1
44
1
33
2
74 80
1
25
7
47 49 54 58 68 98 100
5
8 30 59 73 85
2
33 62
3
52 62 79
2
44 52
5
2 7 22 55 79
2
55 79
2
44 87
4
31 36 45 85
5
2 14 71 73 91
8
48 52 63 72 79 88 90 98
7
13 22 25 53 57 68 78
6
11 14 37 39 63 83
8
2 14 33 37 38 52 60 86
4
9 19 60 62
6
24 63 79 81 89 94
2
25 54
3
5 8 50
6
25 40 55 65 85 91
7
2 4 16 35 52 75 78
4
34 60 89 91
8
6 9 22 31 33 73 77 83
3
6 11 54
4
4 25 54 74
1
11
7
2 27 35 37 75 78 94
8
11 12 16 32 43 57 84 85
6
12 22 34 38 62 74
5
13 17 33 76 92
1
7
5
5 39 60 64 97
6
5 6 12 40 56 59
5
20 22 28 61 88
2
49 90
3
52 75 93
2
38 84
4
31 40 93 100
7
18 26 36 48 50 64 99
5
22 43 66 95 96
7
31 33 55 60 68 94 100
2
39 50
5
7 30 47 83 87
8
21 22 32 56 66 69 82 87
5
34 69 87 92 95
1
82
4
32 39 68 98
2
65 70
6
23 58 66 73 77 83
8
25 47 63 68 80 83 91 93
7
20 28 66 71 74 97 98
8
15 41 45 46 52 57 83 91
1
64
1
4
1
91
4
40 48 72 74
7
9 15 31 53 63 69 91
6
5 14 16 54 67 81
8
13 39 41 46 57 90 94 97
5
45 52 56 70 71
3
30 41 82
1
71
7
17 21 25 49 50 54 86
4
2 12 38 56
1
5
2
36 40
4
4 16 49 84
6
47 51 59 72 87 94
2
47 74
1
64
3
9 43 88
2
15 68
5
8 16 41 49 94
3
8 21 51
1
38
6
13 55 61 81 98 100
3
56 62 97
5
20 53 90 91 96
3
46 49 84
8
5 37 39 60 62 90 97 100
4
8 38 46 70
4
60 64 81 93
1
77
4
12 17 18 87
5
11 34 37 64 84
5
23 39 57 67 98
5
11 40 41 44 59
7
6 22 24 44 90 96 97
3
41 71 74
2
48 51
8
17 23 29 31 54 66 84 90
1
27
6
22 24 33 70 94 99
7
22 32 45 65 77 84 96
2
8 100
2
44 98
3
30 70 88
3
7 67 75
1
21
2
19 46
3
11 52 56
1
29
3
31 54 98
3
21 43 66
4
4 28 29 97
7
8 14 56 57 65 75 79
3
81 92 100
7
3 14 16 49 61 85 92
8
19 23 24 69 71 78 80 95
1
41
1
58
8
6 14 37 38 42 69 72 82
4
14 56 58 80
3
16 52 67
6
21 25 41 64 79 80
1
19
7
4 16 25 30 43 77 87
4
4 64 74 84
5
15 21 39 51 98
1
39
3
9 47 77
8
8 15 16 45 65 86 93 100
4
15 33 43 44
8
28 31 37 38 50 61 72 86
6
35 36 53 72 78 92
2
26 71
3
51 53 54
6
3 4 16 70 87 94
3
17 52 86
6
15 31 39 44 87 95
5
15 21 46 65 89
5
12 21 33 34 68
2
25 77
5
33 53 56 60 89
3
33 50 61
2
4 94
5
21 34 86 93 98
7
8 15 42 54 80 82 83
7
30 32 35 45 55 68 79
5
28 41 63 75 93
5
15 63 71 77 94
6
26 29 63 78 82 100
3
15 25 84
3
13 27 96
1
50
4
10 12 63 72
6
12 41 49 50 89 100
6
9 25 32 38 54 60
3
5 34 47
3
46 59 64
7
37 54 82 83 88 89 98
8
9 15 33 61 64 86 94 96
8
10 29 37 39 65 84 97 98
1
66
2
24 96
3
5 68 97
7
13 14 15 38 42 71 77
7
4 6 54 58 66 73 79
7
5 9 27 43 45 51 60
2
42 47
7
7 9 23 39 43 67 89
1
77
3
2 20 75
7
6 24 47 84 94 99 100
4
7 17 39 96
6
29 55 64 81 95 99
4
2 35 38 44
5
13 27 69 99 100
4
7 32 75 88
6
16 28 35 39 40 65
3
13 89 96
5
10 19 20 24 77
8
4 27 31 37 72 83 88 90
6
5 21 44 68 79 94
8
3 13 25 34 44 59 64 87
2
43 89
7
2 25 46 52 81 84 87
5
6 23 36 72 88
6
7 19 20 35 87 99
1
44
7
7 19 53 61 78 92 96
7
14 34 54 56 70 80 92
7
14 26 70 71 73 85 99
7
15 18 43 62 63 64 65
5
9 13 40 59 77
2
42 100
5
6 41 52 76 85
5
14 27 28 36 44
1
18
4
11 46 48 78
4
9 24 30 86
2
32 86
5
39 43 46 72 77
6
21 43 51 55 70 76
1
89
4
17 55 88 99
2
40 44
4
9 40 64 97
5
9 32 49 64 89
8
4 6 13 16 62 87 94 99
6
10 23 36 57 63 74
8
9 24 40 42 50 63 69 90
7
3 6 27 50 72 74 79
8
3 11 18 58 82 86 97 100
6
13 34 42 79 82 92
5
26 36 45 47 88
3
10 67 92
4
7 37 78 85
4
52 57 84 97
5
6 57 63 85 94
7
9 19 33 55 58 70 75
4
15 17 86 95
6
15 48 78 80 84 89
5
3 5 54 63 92
3
68 72 86
1
59
2
40 50
3
16 42 46
7
7 19 55 62 63 70 81
1
60
2
7 26
7
7 18 29 48 77 91 95
3
32 40 92
2
35 91
3
44 49 51
5
11 20 41 60 64
7
3 21 35 51 67 72 80
3
47 50 94
8
22 36 37 50 69 80 83 87
3
6 42 65
4
34 68 70 84
6
5 19 29 31 43 75
4
41 55 64 80
5
2 13 22 92 94
1
93
2
10 87
7
29 34 55 57 69 73 76
6
8 11 12 28 30 58
7
8 20 23 33 42 65 79
4
15 66 74 81
7
21 24 35 39 44 56 88
4
17 19 62 70
4
8 54 55 80
7
72 73 78 79 85 94 96
2
30 81
1
87
7
17 36 51 65 77 95 96
8
32 41 48 49 52 56 57 85
7
40 46 50 55 62 65 83
8
28 35 39 46 71 78 83 88
5
6 20 30 94 95
5
4 16 18 59 93
1
19
4
9 50 73 74
2
64 99
2
31 65
2
34 96
4
11 77 90 98
1
42
3
73 89 93
6
8 14 32 69 92 97
3
11 28 71
3
5 75 91
2
7 68
5
23 24 58 66 76
5
29 30 68 71 86
8
4 9 20 24 62 65 66 74
1
51
8
2 25 37 57 65 68 88 97
4
2 8 15 85
1
88
3
7 57 63
7
25 28 55 64 65 81 95
4
25 35 43 86
2
32 51
1
88
8
9 15 35 41 48 80 91 100
1
22
3
43 60 87
2
25 62
5
2 9 65 68 87
1
95
2
45 57
4
5 36 52 56
5
8 28 39 78 92
7
6 11 15 45 77 80 92
8
15 16 26 42 45 53 59 95
8
3 14 21 28 37 55 75 83
3
57 82 90
6
8 14 21 44 69 96
4
19 60 81 96
1
97
7
21 30 36 47 66 76 94
5
15 24 39 70 98
7
18 22 41 58 67 76 87
8
19 21 28 33 34 52 70 98
8
11 21 40 44 47 61 94 96
2
39 79
8
12 15 40 55 60 63 67 89
3
14 17 40
2
6 33
1
37
5
7 18 21 31 32
5
14 43 44 47 64
1
53
2
74 99
2
15 32
5
17 39 55 64 73
4
41 62 70 74
8
19 28 36 42 68 81 96 98
4
5 36 80 87
2
18 21
7
9 12 31 50 54 77 91
2
15 60
6
34 39 42 63 85 91
6
42 49 56 58 86 100
6
32 48 71 72 92 96
6
39 58 67 74 86 92
3
10 79 93
1
67
4
19 25 27 36
1
18
3
15 48 66
5
16 24 76 85 97
8
2 25 29 38 45 49 52 63
8
2 5 9 32 47 61 70 75
2
7 13
6
14 16 32 35 71 77
8
23 76 82 83 84 89 95 99
1
60
4
19 21 26 67
5
3 5 63 71 92
5
6 19 28 51 80
6
9 15 28 38 64 97
6
20 24 52 61 83 100
1
52
7
3 5 18 39 44 65 84
7
6 19 20 30 31 44 93
8
44 46 60 62 66 69 86 93
4
35 41 71 92
3
17 49 73
3
15 33 90
7
6 44 67 68 69 71 76
1
38
6
5 12 64 66 84 99
1
100
8
17 26 29 30 51 61 69 92
1
44
1
95
4
2 33 62 80
4
17 27 29 48
7
27 31 35 39 43 62 97
5
4 10 47 57 81
8
17 22 27 28 50 61 65 75
6
12 53 65 86 95 98
2
3 84
2
10 11
2
28 70
7
2 36 51 66 83 86 88
1
95
7
4 12 41 44 46 85 95
6
18 39 47 49 59 78
6
5 7 27 91 95 99
3
26 79 100
7
3 6 49 62 74 78 85
4
19 28 56 93
8
20 50 51 55 63 75 81 91
6
21 67 73 87 94 99
3
14 71 85
7
19 28 55 57 69 86 93
8
2 13 39 41 43 55 73 97
1
70
2
26 86
5
7 57 75 78 85
8
4 15 37 40 56 64 75 96
1
49
3
17 26 63
1
82
5
13 30 34 48 57
1
52
6
5 6 7 34 36 70
8
3 15 26 33 37 47 79 95
1
26
4
8 31 56 87
4
31 55 58 64
3
17 71 74
3
49 95 98
6
25 33 44 56 68 90
6
20 29 30 47 49 50
5
2 16 28 47 97
1
28
7
29 59 62 65 67 77 80
6
10 40 44 59 66 69
2
20 67
4
5 37 59 83
3
20 63 66
3
60 62 89
6
3 16 23 33 55 80
5
15 44 63 79 88
6
5 25 40 59 61 86
7
30 33 39 47 57 80 83
5
10 26 27 64 67
4
2 10 55 67
7
8 18 22 28 70 96 100
7
25 31 32 57 58 65 70
2
7 28
1
50
8
2 5 12 25 30 34 85 95
6
2 19 21 56 81 93
6
20 23 37 52 91 93
6
13 20 32 79 83 86
6
11 14 26 29 44 72
3
62 87 99
6
3 7 56 60 66 92
1
74
3
13 27 100
6
5 32 81 86 90 99
8
5 19 34 41 42 45 64 68
1
99
2
2 80
1
50
4
20 32 57 86
8
2 11 19 20 35 44 65 96
3
11 22 89
2
31 96
1
99
2
8 47
3
4 5 24
8
13 17 26 53 70 72 78 80
2
5 89
7
32 34 55 59 60 76 88
2
86 97
1
49
2
9 70
3
12 18 64
3
34 80 90
2
75 82
1
96
2
64 85
5
17 34 41 43 73
8
18 21 42 59 69 71 76 96
5
4 24 28 39 52
3
29 83 99
4
8 18 91 100
4
17 60 62 70
6
30 51 60 67 69 84
7
13 24 33 47 53 58 71
8
2 13 45 49 56 57 68 74
7
8 27 41 53 58 68 99
2
4 48
3
2 5 59
6
2 30 32 44 58 89
2
2 78
2
46 62
2
4 45
3
21 37 47
2
31 35
6
5 8 57 64 66 72
3
31 51 77
6
20 61 72 80 88 97
2
34 98
2
39 70
5
12 35 60 75 91
1
14
7
49 57 61 73 75 77 86
7
2 21 48 56 63 74 100
6
4 25 48 59 69 95
3
68 85 92
8
5 8 41 44 63 86 90 98
2
29 98
1
78
1
18
8
18 27 29 30 64 74 80 100
4
4 14 23 31
7
12 16 28 52 69 80 81
1
56
8
9 12 32 39 62 68 70 77
3
44 53 67
4
3 11 57 100
5
10 15 41 47 99
1
18
3
2 30 49
2
3 58
7
32 50 67 69 70 86 94
5
7 31 75 80 86
1
40
6
2 65 84 91 95 98
2
10 19
3
9 24 73
7
21 25 46 73 83 85 89
6
31 62 65 72 74 86
8
24 31 32 35 44 48 51 66
2
35 54
1
42
5
11 27 40 64 74
5
5 46 85 87 89
1
69
4
2 44 52 96
6
4 23 44 56 66 100
5
15 37 55 69 71
1
74
5
8 26 42 47 86
3
26 34 74
7
7 11 39 49 55 68 86
8
36 42 44 53 69 75 82 93
6
5 7 30 52 53 84
2
43 91
5
44 59 61 87 97
5
23 34 41 88 89
2
42 51
2
46 91
6
22 37 47 48 71 100
2
31 91
1
53
3
6 96 99
2
89 99
6
38 53 64 75 76 99
8
15 28 33 48 51 55 56 98
7
11 21 52 70 71 83 94
8
10 12 14 34 45 63 89 96
5
14 35 79 95 96
6
13 50 63 70 73 97
4
16 52 82 84
8
4 13 18 20 36 55 90 94
1
64
3
5 24 48
2
22 29
8
5 10 23 29 45 81 91 100
6
6 17 53 78 89 93
2
17 31
2
40 71
5
9 39 42 49 54
1
79
8
4 8 10 12 19 65 88 91
5
8 18 34 87 99
2
3 99
8
30 32 37 40 42 46 62 75
3
32 73 88
7
12 23 35 37 56 82 92
6
2 9 57 62 79 85
7
10 18 20 59 63 87 100
8
9 21 27 28 38 62 67 85
7
18 40 52 58 61 64 74
8
12 29 39 40 60 64 89 94
1
76
4
41 63 65 94
2
66 81
5
50 54 79 84 87
3
58 63 97
8
17 19 35 45 63 69 73 91
8
10 17 57 63 66 89 91 92
3
17 28 42
4
9 27 32 40
7
12 13 16 26 63 92 97
6
5 15 24 39 96 97
1
92
2
19 83
4
2 52 75 86
8
6 22 23 35 49 55 86 91
4
26 49 90 95
7
3 5 9 57 58 77 82
7
24 25 30 49 58 78 100
2
20 51
7
2 33 35 39 50 54 81
4
43 60 81 89
2
46 100
4
3 23 29 36
2
35 56
6
2 10 42 52 93 94
2
56 62
2
4 57
7
11 42 43 50 53 76 81
3
11 50 88
7
21 34 58 73 77 81 83
6
20 31 38 48 75 80
2
64 75
5
16 38 49 61 77
2
33 93
2
7 64
1
38
8
20 23 29 30 50 53 62 82
6
44 48 51 61 76 89
3
45 63 80
4
35 54 59 83
1
41
5
17 41 52 62 95
2
30 31
1
83
4
6 31 63 73
4
54 56 59 99
2
20 51
7
9 17 33 39 40 64 91
4
15 64 95 99
6
2 12 36 59 72 92
5
11 16 23 54 60
7
15 19 22 56 79 90 93
3
40 76 98
8
21 35 61 73 75 77 89 99
8
18 24 34 49 67 73 82 83
3
5 65 83
2
27 76
3
3 11 65
7
4 5 10 22 36 66 96
6
15 30 38 61 91 95
1
47
6
36 43 51 53 64 85
5
6 8 10 12 21
3
42 50 89
2
6 94
6
8 16 42 47 74 84
2
60 87
7
11 25 53 54 73 84 87
2
42 74
6
21 30 34 50 60 69
8
2 20 34 38 82 85 93 96
5
18 23 26 29 43
6
3 14 33 46 81 87
8
21 31 39 41 43 66 78 85
7
21 30 35 46 66 74 75
4
4 33 35 54
3
38 70 87
8
13 31 35 41 52 65 91 92
3
8 30 31
7
3 16 36 37 51 64 77
3
3 59 65
7
18 22 23 28 36 40 44
1
47
4
23 25 41 72
6
9 11 37 38 47 65
4
4 8 42 95
7
4 7 20 24 62 68 77
5
4 9 30 38 55
2
61 82
7
5 11 66 69 85 92 94
4
45 85 94 99
4
10 31 73 100
1
79
8
24 25 26 33 35 39 61 87
7
19 27 32 62 75 90 91
5
5 37 60 64 91
2
57 99
6
44 47 64 82 87 91
7
4 9 11 32 58 62 78
3
31 57 83
8
9 27 29 38 49 78 79 92
1
61
3
37 91 99
3
32 35 54
5
23 29 35 81 85
6
4 13 42 53 81 96
7
22 23 49 54 77 81 89
2
75 91
3
36 47 98
2
18 72
1
23
3
6 42 55
2
28 40
5
10 15 24 38 66
1
12
4
51 71 74 95
2
5 98
5
38 43 46 70 84
1
5
6
41 58 59 61 75 98
2
37 97
2
95 100
5
5 16 21 24 67
2
25 68
2
68 95
5
6 32 47 93 96
4
20 32 49 84
1
98
3
45 56 66
6
3 34 41 50 56 60
1
12
4
21 38 83 86
4
2 21 32 85
1
4
3
38 40 68
3
20 42 84
7
4 25 44 46 47 58 99
4
10 37 71 93
7
9 21 35 36 38 76 86
1
63
2
46 57
8
12 23 28 32 36 39 40 61
6
5 9 10 36 58 90
3
27 44 63
5
19 20 30 38 61
2
23 52
6
45 46 48 57 94 96
8
2 13 25 27 38 67 70 99
7
29 52 60 64 75 81 93
5
7 22 24 37 74
2
4 33
2
27 83
7
8 21 42 55 63 66 74
2
69 79
6
10 27 48 53 54 82
8
18 29 30 33 35 62 73 92
6
27 63 74 80 99 100
2
20 78
4
5 59 72 84
8
18 21 33 46 64 66 85 87
7
2 7 8 15 54 81 99
5
18 21 40 86 97
2
23 67
6
24 30 45 64 79 94
2
2 48
5
16 36 72 87 90
7
16 59 68 75 77 96 97
3
10 40 85
4
2 3 32 82
3
17 19 38
3
4 31 34
4
4 5 19 24
6
35 45 47 64 90 96
4
22 40 61 85
2
25 72
3
22 66 67
2
34 40
2
43 78
1
7
1
51
7
7 14 41 45 49 51 77
8
4 10 30 32 35 40 52 93
8
9 30 43 49 56 80 81 86
3
9 39 63
2
11 54
8
6 23 30 64 71 87 92 94
8
18 28 33 49 54 58 59 78
6
28 47 58 63 66 94
5
17 25 39 79 86
5
3 29 71 85 87
1
72
3
9 33 55
2
54 90
3
30 53 91
5
26 27 67 85 96
4
18 19 86 97
5
27 37 49 63 71
6
31 33 34 36 65 87
8
19 38 47 48 64 77 95 99
1
29
6
21 30 34 68 71 95
3
31 50 96
7
33 35 42 67 71 73 89
6
34 43 51 58 62 66
1
2
6
5 41 43 48 62 68
8
21 53 63 70 82 83 86 98
1
11
4
15 48 51 94
2
8 93
7
3 64 82 87 88 93 94
7
30 39 45 58 93 96 98
5
5 34 40 54 91
5
6 18 32 35 97
1
34
1
54
1
9
5
10 25 35 44 100
7
2 16 18 21 34 36 92
4
37 39 44 87
1
48
8
31 33 42 46 64 66 85 87
3
21 75 97
2
18 68
1
5
6
20 62 67 68 71 83
2
27 86
3
27 46 64
2
5 24
1
33
7
5 19 22 33 56 86 92
5
5 16 32 33 80
5
10 20 21 34 57
1
44
1
53
3
47 64 88
8
12 13 24 31 52 62 69 86
6
46 49 57 61 80 95
8
12 32 59 65 73 74 80 84
6
2 7 38 62 67 90
5
13 37 49 53 57
5
28 44 59 92 99
8
17 25 45 54 55 67 92 93
3
23 58 97
2
32 89
8
39 52 66 81 84 86 88 92
1
41
2
33 65
7
6 21 59 60 80 94 96
8
26 28 34 38 50 68 76 78
6
9 30 33 66 73 85
7
12 30 41 59 64 92 94
6
20 25 28 55 60 89
3
36 71 99
2
34 87
4
4 29 64 71
6
18 25 61 70 73 98
6
5 6 8 67 76 99
1
51
4
6 39 58 91
3
18 34 62
3
8 22 39
4
42 49 55 100
3
33 58 61
1
64
2
21 51
1
49
8
9 24 59 74 77 83 86 92
3
3 72 94
3
16 54 80
8
5 29 38 39 53 75 80 92
5
10 54 70 93 99
4
31 56 82 83
5
12 16 32 42 65
2
27 45
3
26 47 96
7
16 19 31 38 48 90 92
8
13 14 18 22 46 51 54 86
6
18 20 40 56 68 70
3
8 69 95
4
17 49 77 86
2
40 97
8
8 12 17 37 44 61 77 90
7
6 7 13 37 64 83 84
8
33 39 42 50 53 70 76 97
6
5 13 34 69 78 96
8
20 29 30 45 48 69 89 90
5
24 43 46 62 66
3
20 21 55
3
7 25 76
4
3 20 26 69
8
5 23 39 47 63 83 86 87
4
11 38 57 87
6
41 45 46 67 81 88
2
5 68
3
2 74 83
4
15 54 91 92
6
7 24 26 56 93 95
1
21
2
2 23
1
54
3
4 53 81
1
46
3
23 38 62
8
10 13 63 65 69 79 88 89
7
5 28 41 44 48 85 86
5
11 60 65 87 100
3
19 25 39
4
12 49 66 91
5
6 14 18 47 98
3
7 45 63
7
21 22 60 76 80 91 99
8
4 28 31 32 50 79 81 83
7
10 17 18 20 26 74 75
6
21 30 33 55 76 90
2
24 88
3
5 76 97
5
5 26 42 72 94
3
28 46 63
4
18 36 42 76
6
7 10 52 76 87 96
8
8 12 15 29 47 63 88 89
5
16 27 28 32 38
1
84
3
56 64 71
6
16 19 20 34 70 82
4
27 31 44 94
6
46 58 64 67 74 98
7
7 10 33 38 52 81 86
5
3 11 18 21 28
3
52 54 84
3
10 89 91
2
2 5
1
65
7
36 38 43 50 77 88 99
2
53 85
6
10 38 41 44 90 92
8
3 5 9 10 40 56 67 69
5
14 19 23 50 96
6
3 57 68 72 76 93
7
6 22 23 46 57 76 80
7
3 10 42 45 48 61 89
2
34 90
6
2 11 39 43 70 98
5
16 39 43 46 87
8
5 17 26 44 47 51 75 91
5
12 50 60 81 86
2
12 63
2
65 89
6
25 28 29 37 73 78
7
20 33 51 88 90 93 99
3
49 62 80
8
2 11 54 81 82 93 95 99
2
48 98
1
82
4
36 54 67 90
5
31 35 51 77 94
1
9
3
25 76 91
4
20 43 83 84
2
43 77
7
15 20 27 42 59 76 86
3
34 45 70
1
29
1
85
3
40 91 95
2
3 69
3
36 65 81
3
41 46 62
2
35 83
3
10 78 81
3
52 82 89
8
6 17 20 25 46 51 56 75
6
2 9 14 27 59 96
8
5 16 57 58 64 65 86 88
7
10 16 25 27 43 53 96
5
40 47 72 73 84
8
8 9 12 23 24 33 73 97
8
11 16 19 23 35 52 60 64
8
24 31 35 44 55 61 75 100
2
56 82
2
9 83
2
3 55
8
4 13 25 42 45 54 57 91
1
92
3
14 62 78
7
7 9 23 36 47 56 78
2
12 26
7
7 14 16 25 70 84 93
1
43
5
16 33 57 70 92
2
24 97
8
19 23 54 63 73 83 90 96
5
35 36 40 42 78
7
5 20 37 76 78 88 98
2
24 60
7
18 22 29 34 73 77 93
8
17 21 35 37 39 58 72 74
7
7 55 71 75 76 77 88
5
16 26 42 67 88
2
54 84
8
17 36 61 63 65 67 81 84
8
10 38 43 56 57 85 88 89
4
2 30 60 91
2
33 41
6
12 50 60 71 87 93
2
25 39
8
18 25 35 40 66 67 69 82
3
10 46 91
2
79 92
3
67 80 94
8
9 19 42 44 56 74 84 92
4
76 87 89 93
7
8 27 30 44 50 93 94
7
14 40 52 57 63 83 85
5
22 25 44 77 88
3
32 46 62
6
9 45 63 72 81 85
5
7 23 43 50 81
1
95
1
84
7
6 18 29 43 75 89 90
7
7 35 53 68 73 74 83
8
11 13 19 60 62 73 77 87
4
31 33 60 86
2
17 66
4
13 18 29 54
2
79 89
8
3 11 15 16 26 36 44 80
2
41 51
5
21 23 30 62 78
4
20 43 77 100
1
54
4
38 43 65 68
1
16
2
23 58
5
10 17 22 38 85
5
8 29 51 79 99
1
6
4
10 21 52 99
2
72 92
6
18 60 61 65 68 69
2
21 49
1
46
4
21 78 96 100
6
2 4 11 20 63 80
7
25 38 43 50 73 76 97
3
17 28 49
5
2 25 51 77 78
3
15 80 88
3
13 48 67
2
70 92
8
10 45 80 84 93 94 97 99
3
57 67 81
2
16 52
8
12 27 28 34 48 60 65 71
6
18 20 24 71 72 82
2
33 98
5
42 52 55 93 98
8
2 4 39 46 47 58 66 75
3
9 84 96
7
8 14 51 61 66 86 95
3
8 37 66
5
4 11 29 52 57
3
25 71 91
8
7 12 17 24 41 59 70 82
3
29 41 72
8
7 16 26 33 34 59 60 86
8
13 32 38 48 52 64 71 95
3
3 8 48
6
6 18 22 47 97 100
1
50
7
9 22 28 80 81 84 86
8
7 22 23 25 32 50 60 89
5
4 54 78 79 89
1
46
6
40 42 46 54 63 86
3
31 95 96
7
6 57 70 81 89 95 98
4
16 26 49 93
1
67
2
28 89
7
8 12 19 38 64 90 93
6
16 44 71 77 78 97
2
27 57
7
3 4 11 21 54 74 94
1
95
3
65 72 99
5
28 48 49 81 99
1
15
8
14 25 27 42 44 50 65 96
5
15 17 30 40 46
5
5 13 30 59 68
8
7 24 35 48 70 75 95 96
1
90
4
35 38 49 95
2
2 80
4
14 30 43 60
1
72
8
7 15 49 53 84 88 96 97
5
18 36 47 81 96
2
78 90
2
19 44
8
7 31 39 43 53 60 69 93
7
6 27 30 42 54 68 73
1
70
6
7 13 31 55 68 88
7
3 11 51 62 66 82 85
5
15 22 32 35 73
6
57 59 80 83 84 87
7
17 40 50 77 78 86 98
4
34 73 74 82
7
5 15 28 34 49 61 94
6
12 17 21 32 48 50
2
76 78
6
7 14 17 23 67 83
8
11 15 22 69 75 77 80 83
5
6 54 87 93 100
2
12 51
4
24 34 42 43
6
6 36 53 72 73 98
5
4 29 37 54 66
3
9 41 55
6
11 57 63 71 89 100
1
23
3
49 62 92
6
29 40 42 68 73 87
2
21 35
7
2 9 15 21 33 55 67
1
61
7
40 45 56 79 81 87 91
4
6 53 63 99
8
8 15 52 58 69 78 88 99
8
31 43 51 52 76 87 89 100
8
11 13 14 20 27 35 51 68
1
84
6
16 29 33 65 73 82
3
6 54 81
7
15 20 23 51 75 81 84
7
12 14 31 35 43 47 79
8
8 13 23 76 77 80 88 95
6
11 16 26 66 81 90
3
10 12 64
7
24 30 35 52 65 70 87
6
20 29 48 58 66 74
7
4 10 17 42 55 61 70
1
94
5
25 60 68 76 78
2
14 41
8
2 14 21 38 56 60 75 81
7
22 47 59 69 70 79 91
8
3 27 31 35 39 49 54 80
5
2 9 10 28 92
1
99
6
14 20 43 70 71 76
2
10 44
1
23
1
6
1
84
5
22 23 24 56 64
8
6 25 31 33 44 53 85 99
3
4 63 66
6
24 34 35 44 65 70
8
3 5 6 7 9 30 68 80
4
41 66 72 95
2
14 29
8
10 18 22 39 40 54 83 88
8
6 29 43 46 50 54 57 67
6
7 24 39 70 72 81
5
39 58 63 90 93
3
12 19 89
5
8 32 61 63 74
8
34 35 36 39 46 53 64 71
5
20 51 53 58 96
1
50
5
6 11 48 56 65
1
80
7
5 6 51 60 70 78 97
7
14 17 18 61 64 93 99
6
12 22 29 31 56 81
7
4 20 23 41 58 60 87
4
22 38 39 94
3
16 21 27
8
7 15 25 38 50 64 66 97
5
28 34 46 96 98
1
37
2
65 85
8
8 11 16 17 30 32 43 45
4
32 48 68 90
7
24 37 51 71 73 86 91
5
31 35 63 67 83
7
7 31 34 42 83 90 92
5
11 17 62 67 85
6
5 8 31 46 87 91
4
12 16 54 56
2
8 54
2
14 67
5
12 41 47 63 100
6
18 32 34 64 84 96
2
25 37
7
7 10 23 29 44 65 79
2
13 58
6
12 33 74 76 82 87
5
3 5 34 71 100
3
11 63 67
5
3 5 10 13 44
7
34 41 54 56 94 96 99
3
43 75 97
3
13 66 73
1
78
1
57
4
8 26 44 71
6
4 27 60 80 83 95
1
55
4
68 84 90 100
7
15 20 23 24 65 67 99
1
83
6
6 7 55 56 65 97
7
22 60 73 84 85 89 92
2
22 23
7
18 24 25 37 44 45 50
6
30 39 48 58 73 74
1
40
4
4 18 84 97
2
17 60
5
7 45 87 92 99
6
7 42 50 68 74 92
5
12 56 75 77 99
2
16 87
3
2 4 82
7
20 23 28 42 43 55 73
2
26 34
4
5 12 70 74
3
37 62 63
3
10 72 96
2
29 38
3
3 19 67
8
8 26 30 51 71 76 85 88
2
55 83
5
11 16 20 36 71
5
12 24 57 75 91
8
17 21 28 43 55 57 78 84
5
7 9 17 59 66
3
49 69 74
5
3 10 11 32 81
1
34
6
28 30 35 51 72 82
2
30 83
2
29 47
1
58
2
53 75
4
5 22 27 71
5
6 24 34 68 97
5
29 32 66 71 81
6
14 24 45 49 70 92
1
79
4
35 52 76 99
8
10 13 18 42 52 80 96 98
5
5 11 27 54 99
1
74
3
32 53 76
1
57
3
5 23 28
3
51 52 98
3
34 45 66
5
37 51 67 84 94
2
67 97
5
22 35 64 88 91
5
4 21 54 70 86
2
31 96
6
23 31 38 47 55 80
8
15 28 33 37 38 56 58 78
3
4 65 96
3
30 74 98
2
44 48
5
27 30 35 47 67
8
18 21 53 56 59 84 92 96
5
4 21 43 61 100
6
10 15 17 36 95 98
3
38 96 100
5
32 35 39 42 86
8
4 16 35 46 61 66 69 81
7
11 34 42 49 71 79 86
6
9 12 15 22 74 78
8
17 32 39 65 79 82 87 96
5
31 46 50 55 96
6
2 10 36 59 73 94
3
15 61 82
6
3 4 16 18 50 86
3
36 59 86
2
3 9
7
10 29 35 49 85 86 88
8
13 26 39 63 65 71 75 93
6
25 55 70 78 82 85
2
12 58
7
10 16 20 29 66 73 83
6
9 24 68 81 86 90
6
5 11 17 37 56 90
8
10 13 27 30 33 43 47 84
2
30 90
8
7 10 18 29 53 60 67 93
8
5 17 20 21 27 53 69 81
8
2 5 17 38 43 57 97 98
2
18 86
7
3 19 21 30 51 83 92
3
40 50 64
1
65
1
50
6
27 42 48 54 77 100
6
71 78 79 83 85 93
8
26 28 30 57 65 74 85 91
5
9 38 51 63 64
6
20 24 59 67 90 97
3
28 65 89
8
7 26 27 34 45 51 58 83
1
72
3
6 11 21
8
12 21 39 50 57 72 85 91
6
20 22 37 47 48 56
8
22 24 28 33 45 65 79 98
1
13
5
7 34 39 44 88
5
24 55 70 81 92
1
25
4
13 20 75 94
4
27 35 36 54
1
83
7
22 24 43 47 65 92 96
1
18
5
14 24 38 81 98
7
8 16 19 47 69 86 91
5
37 41 69 89 93
3
7 65 76
1
80
8
20 23 28 40 51 68 78 91
2
50 87
5
8 26 43 65 67
3
8 49 80
6
19 33 35 40 51 80
1
75
3
50 71 89
2
14 28
4
14 36 84 95
1
33
3
9 57 67
3
30 34 49
1
66
7
19 41 47 66 72 95 97
2
34 77
2
4 19
4
5 17 22 78
6
24 26 29 38 60 73
3
5 15 54
1
27
7
17 20 23 29 49 65 93
6
20 26 29 53 96 100
3
29 39 71
6
18 48 59 68 81 83
5
45 52 59 69 75
8
13 35 39 48 51 58 61 83
8
14 23 24 31 38 53 66 89
5
22 24 47 68 100
3
54 91 94
1
50
1
96
1
26
2
18 57
1
12
1
72
7
5 8 22 47 52 89 91
2
15 90
2
41 100
2
12 34
7
15 21 55 56 83 93 95
8
4 19 27 55 59 60 70 78
3
67 88 98
3
48 56 99
3
20 50 58
5
12 67 75 80 96
8
8 14 17 28 36 50 67 69
3
44 51 73
6
5 35 46 54 55 100
7
5 7 20 36 49 66 89
5
33 50 68 77 96
4
25 52 65 84
3
4 14 89
1
61
4
9 59 67 92
8
3 16 47 52 62 71 79 86
2
62 80
2
22 35
7
14 39 44 52 58 59 71
6
14 22 30 44 65 84
7
4 10 28 30 61 72 89
7
17 18 43 69 82 89 92
6
6 7 11 17 39 85
6
18 20 32 56 72 78
3
46 54 100
3
29 37 84
1
5
8
6 25 30 45 50 70 90 97
5
16 58 60 63 97
2
10 85
3
20 63 76
6
2 14 59 72 95 97
4
27 34 57 92
3
57 64 88
7
6 24 34 44 56 69 79
7
11 17 20 26 38 49 89
8
11 17 28 36 51 90 98 100
7
2 25 41 46 56 84 98
5
6 15 28 49 64
4
20 38 44 77
8
11 18 41 49 58 79 94 99
2
56 78
3
9 10 60
8
4 14 27 42 75 76 91 100
7
3 19 48 64 67 88 95
4
45 53 64 83
8
24 58 65 66 68 79 89 95
8
6 7 9 48 78 88 89 95
1
89
2
11 22
6
11 46 52 63 74 77
6
54 55 56 67 76 92
6
9 20 32 35 55 71
2
31 32
1
30
4
36 45 57 85
7
7 8 12 45 47 49 72
1
13
8
14 17 52 61 66 71 73 81
1
48
1
35
6
14 24 41 46 54 66
5
33 56 60 77 90
5
11 25 48 76 88
7
16 39 46 59 61 82 95
6
20 23 34 49 68 99
1
61
7
3 7 32 34 45 66 76
8
15 20 38 51 65 81 83 91
1
66
8
6 13 21 30 35 36 47 63
5
33 46 67 79 93
7
8 31 63 64 67 70 85
7
6 24 42 53 65 81 88
7
16 26 53 68 75 77 82
4
29 37 86 97
4
31 43 62 90
5
21 37 60 85 93
6
44 48 54 57 72 73
4
9 19 58 89
1
90
2
13 91
6
10 28 36 37 56 82
3
8 32 42
4
16 26 32 88
7
14 58 69 76 90 93 94
1
90
7
32 54 69 73 74 85 93
3
3 10 31
5
5 41 45 59 93
8
4 11 15 21 25 57 69 91
7
3 17 47 56 60 66 87
4
4 32 85 95
8
3 21 33 62 67 68 87 96
2
29 45
7
7 42 67 77 92 96 99
8
24 25 35 50 80 90 98 99
2
71 93
3
74 93 94
3
7 38 52
4
6 77 95 96
5
9 50 68 78 89
6
27 38 46 80 83 94
2
16 40
3
45 80 90
5
3 53 64 81 82
8
25 27 70 77 79 82 84 88
3
34 61 92
7
9 13 26 28 40 43 52
4
31 48 65 83
2
19 67
5
16 39 40 94 100
2
29 50
3
23 52 86
5
30 42 51 81 98
2
12 43
8
9 29 45 46 48 63 69 96
5
49 63 85 97 100
1
33
1
58
7
4 26 31 34 51 60 73
3
36 71 96
7
23 44 54 67 69 83 90
7
12 32 49 66 74 85 98
2
39 43
2
10 13
3
9 28 70
1
50
1
67
6
18 35 37 41 51 69
4
2 18 58 64
8
8 26 38 52 53 60 74 92
5
13 22 32 56 97
1
5
2
58 92
8
13 16 20 38 43 46 59 98
5
21 42 48 57 95
6
10 13 24 25 41 59
8
10 19 26 33 36 45 91 99
6
5 15 36 46 73 98
8
20 21 50 64 66 74 88 98
5
60 68 73 79 83
1
24
3
9 43 100
7
3 18 45 49 57 68 73
6
18 32 50 64 92 93
4
31 66 69 100
3
30 54 86
1
42
6
3 21 27 36 45 73
3
11 60 68
8
10 24 31 41 54 75 81 88
1
70
3
19 45 96
1
80
2
16 32
3
8 9 76
6
11 18 47 48 50 65
2
42 95
2
5 99
3
57 63 67
3
4 21 64
2
66 73
7
5 19 45 46 63 64 94
2
55 58
8
7 13 28 45 52 59 78 91
7
12 29 53 56 61 62 67
5
20 24 25 63 69
4
26 54 62 82
3
52 81 91
4
30 33 62 65
8
4 6 31 45 48 63 84 100
3
29 88 94
8
2 18 28 46 50 52 75 89
6
49 59 68 83 88 92
2
46 69
3
5 59 62
6
25 50 54 78 79 96
8
12 17 19 29 52 58 79 98
7
5 11 18 20 24 33 45
6
16 20 49 65 70 80
4
23 43 55 98
5
14 18 46 57 81
7
10 44 73 82 86 88 94
4
23 83 93 99
4
34 39 41 83
1
79
8
3 12 21 23 29 81 91 92
1
64
8
3 5 7 13 22 51 55 90
3
13 50 65
3
47 70 79
1
14
6
19 36 44 71 76 90
4
18 63 74 84
1
88
3
21 35 64
1
62
1
84
2
12 50
1
23
7
3 5 31 39 60 68 86
4
33 73 78 93
1
36
8
5 22 35 49 72 78 80 87
6
3 4 15 38 71 83
3
43 59 78
7
7 31 42 58 59 65 89
2
53 99
1
76
5
13 53 55 66 93
7
8 15 35 69 86 90 96
5
2 9 35 39 76
1
69
1
43
1
75
7
2 34 39 44 47 55 67
3
63 66 73
7
13 20 28 39 64 67 91
8
21 22 23 49 71 80 84 87
3
55 65 66
6
5 18 30 45 70 73
8
3 27 33 42 47 68 75 79
2
56 100
6
10 24 38 79 80 92
1
86
7
11 15 38 45 59 72 95
5
9 41 62 66 88
8
23 26 40 41 52 62 91 95
2
35 46
2
6 7
6
29 31 39 63 71 91
5
4 9 12 13 43
4
19 26 44 76
5
5 16 21 24 32
4
8 13 26 95
4
29 48 66 81
8
13 17 34 40 47 69 72 95
1
41
1
61
5
34 65 71 74 96
8
6 8 23 62 68 75 83 95
1
99
7
3 13 36 37 52 66 97
5
12 26 32 46 53
8
2 5 17 23 29 40 45 93
4
39 57 58 73
3
55 68 93
4
15 46 52 70
6
13 15 16 44 66 85
1
83
7
11 20 25 28 52 62 75
5
42 71 76 84 85
5
22 47 62 81 95
3
4 33 40
4
7 17 61 65
6
11 39 59 67 70 94
2
5 32
3
23 64 69
5
17 47 58 62 90
5
20 36 70 89 99
1
41
6
27 42 57 72 73 100
5
13 28 31 72 75
6
46 49 64 72 89 96
1
13
6
6 11 13 32 49 71
7
14 20 54 72 85 95 98
6
23 29 36 60 94 100
4
6 32 78 83
4
4 27 77 99
3
16 21 73
2
5 72
4
16 62 96 97
2
61 98
2
50 73
2
54 58
5
7 32 37 71 72
2
58 76
7
11 21 40 47 92 96 99
1
99
8
13 19 26 29 55 75 89 92
2
56 65
3
4 56 88
2
91 99
8
3 24 32 46 53 55 67 76
4
16 24 57 98
2
15 70
8
7 29 31 44 71 79 82 86
3
13 27 99
1
18
3
8 87 96
6
7 17 23 29 58 65
7
7 19 27 31 66 79 81
5
12 35 65 76 86
8
20 24 39 51 63 76 85 91
6
29 43 54 93 94 98
2
34 55
8
12 17 26 42 72 90 95 97
5
13 53 55 57 80
5
34 45 76 94 96
3
15 19 43
6
16 20 34 56 57 58
3
19 22 99
7
2 34 36 46 72 82 87
1
97
5
8 21 49 91 100
2
32 34
2
59 83
3
33 40 98
8
3 7 9 18 19 45 56 97
5
11 59 71 75 93
1
5
1
17
7
34 46 69 72 83 91 99
1
91
5
16 19 38 44 88
3
72 76 87
3
5 15 68
5
12 30 79 82 90
4
37 41 50 93
3
7 74 86
3
8 42 64
8
7 8 16 26 47 57 64 74
5
2 9 36 69 99
3
54 76 94
3
28 69 86
5
16 22 44 71 89
7
17 26 41 44 61 69 89
5
17 20 31 80 95
7
13 21 22 44 45 50 86
4
22 53 84 87
6
3 30 49 73 81 98
7
5 11 45 64 66 81 94
2
61 78
5
35 76 79 83 85
4
17 58 61 72
7
6 29 39 49 58 62 99
6
18 21 25 50 62 63
3
16 55 75
1
14
7
14 20 36 55 61 89 91
7
29 35 39 68 73 93 98
1
96
2
19 48
7
56 73 82 84 86 90 97
7
5 9 20 29 32 83 95
4
40 45 62 67
5
45 48 68 79 82
5
15 22 32 61 95
4
16 19 34 89
7
23 35 56 59 80 84 88
7
19 39 52 60 68 93 98
6
15 30 45 50 57 78
6
7 38 45 70 78 100
4
33 55 90 98
7
20 37 38 52 77 87 88
7
17 32 39 43 45 64 73
2
5 29
6
15 23 50 53 73 86
4
10 13 25 78
8
12 28 31 64 66 70 76 83
4
45 48 57 81
3
54 66 69
7
28 39 63 66 76 83 93
2
2 89
5
50 81 84 89 91
3
5 84 96
1
86
7
21 57 58 78 82 86 92
4
12 32 42 56
3
13 51 84
7
30 44 66 69 85 90 95
6
6 19 20 47 66 84
5
17 21 52 64 70
1
70
1
77
5
24 34 60 79 88
2
56 68
1
27
4
12 16 33 99
2
9 89
6
18 30 51 81 85 98
8
13 34 45 52 57 84 92 99
7
15 39 42 46 50 64 68
6
30 36 40 82 83 94
6
10 29 49 81 83 91
8
42 48 68 73 88 90 96 98
8
13 29 30 35 37 44 79 80
3
24 32 51
7
3 23 51 73 84 94 95
5
4 25 40 62 97
2
13 33
4
17 19 60 87
3
54 78 98
1
19
3
6 32 54
6
8 16 35 57 74 80
7
11 14 44 46 58 69 97
2
16 77
7
14 25 28 38 59 84 86
7
7 11 34 47 49 50 86
8
6 17 22 35 52 55 63 86
8
9 10 12 13 34 47 55 81
1
18
8
3 9 14 19 34 66 72 97
1
93
6
17 27 33 48 50 80
7
19 42 44 48 67 75 86
3
75 90 96
5
35 39 55 75 82
3
6 19 95
6
19 24 26 35 81 91
5
3 4 7 59 64
3
36 83 100
1
96
6
4 24 41 52 84 96
1
39
2
28 53
3
48 56 95
2
37 87
6
20 35 41 74 82 96
2
25 27
7
12 30 38 80 82 88 89
5
48 59 61 68 93
4
5 55 75 77
6
24 27 42 46 65 75
3
64 66 84
7
4 18 38 41 45 61 100
2
43 73
4
15 25 31 95
2
6 100
1
5
4
2 39 71 85
6
41 52 64 65 73 93
2
23 79
7
29 32 41 49 64 81 83
1
76
6
7 20 35 52 66 97
2
67 98
6
43 47 57 86 93 97
3
44 50 74
7
9 53 59 71 87 88 96
3
32 40 97
5
27 54 65 72 89
3
24 34 51
3
21 62 86
3
32 71 78
3
11 78 99
1
72
3
20 72 77
2
59 98
7
2 31 42 61 79 85 95
4
33 35 69 81
1
90
7
9 47 60 65 71 72 90
8
2 9 17 36 39 77 95 99
7
16 25 29 48 71 76 97
7
8 14 51 53 62 69 100
6
17 20 26 59 95 97
4
4 49 73 78
3
29 77 96
7
3 6 22 25 77 83 97
7
30 39 40 44 74 77 83
2
9 63
7
5 13 68 78 95 96 99
8
29 31 38 49 64 80 88 89
8
7 10 37 38 42 55 82 88
3
12 25 88
4
16 30 39 71
1
40
1
33
2
2 48
2
37 63
8
2 18 31 44 54 62 83 91
4
48 51 60 83
5
5 41 68 73 99
8
8 19 20 22 52 63 70 95
1
68
7
33 38 59 64 70 79 91
2
6 33
8
6 18 21 30 37 38 71 99
7
5 14 25 42 53 62 66
4
8 23 30 53
7
6 7 9 38 52 57 66
5
21 60 61 78 94
7
11 42 46 52 69 95 96
7
5 7 32 77 85 88 91
1
23
7
9 10 26 54 61 98 100
6
16 18 19 20 34 80
4
24 28 41 55
6
2 23 39 64 72 77
5
25 32 44 71 73
2
36 80
2
54 55
2
73 96
2
26 54
6
34 44 55 87 90 99
7
34 39 56 57 75 95 100
2
4 13
4
7 24 66 93
5
19 34 44 45 92
1
88
4
29 43 44 98
8
28 30 38 43 44 49 64 89
7
5 20 46 51 58 64 67
5
18 22 24 49 58
6
31 37 76 88 95 97
8
7 20 23 33 39 62 70 74
6
13 32 35 42 65 93
3
6 80 85
8
4 18 20 58 64 72 79 98
8
9 30 48 57 58 60 71 99
3
18 22 28
4
21 49 57 60
1
84
2
18 92
3
14 33 73
2
78 97
2
14 57
4
11 29 33 93
3
20 50 97
6
26 30 31 43 44 49
1
92
1
99
7
6 13 34 47 74 85 97
3
24 27 32
8
3 9 29 42 43 53 82 84
5
45 49 81 82 92
7
23 29 47 58 81 92 99
8
3 9 19 56 59 88 89 93
2
13 83
6
8 57 62 72 95 98
6
11 18 28 41 67 70
8
3 8 10 17 19 34 69 74
2
61 63
7
2 29 61 63 75 77 89
2
84 87
2
90 100
8
11 25 26 54 59 62 70 72
6
27 32 34 42 73 93
7
41 43 63 67 68 82 93
1
13
4
22 33 65 98
6
11 12 15 24 27 77
7
28 52 53 59 73 95 99
8
12 13 14 25 38 78 89 97
7
21 26 33 39 60 75 84
6
4 45 46 66 84 85
6
29 32 54 76 81 84
6
4 28 40 45 81 98
8
3 5 29 44 45 51 67 74
6
12 17 26 33 51 61
4
5 35 41 93
4
14 42 80 93
8
2 5 6 21 29 33 38 71
7
4 12 20 47 63 88 89
2
48 77
7
7 17 26 69 96 98 100
2
52 66
4
10 83 91 97
7
18 45 57 63 65 73 74
7
14 46 49 50 62 74 84
8
15 23 26 35 56 75 78 95
2
43 55

