8

4.0 4.0
4.0 5.0
5.0 6.0
1.0 20.0
1.0 21.0
1.0 22.0
1.0 25.0
1.0 26.0

35.71425000 27.98760000
35.59190353 28.76006523
35.23684023 29.45691618
34.68381618 30.00994023
33.98696523 30.36500353
33.21450000 30.48735000
32.44203477 30.36500353
31.74518382 30.00994023
31.19215977 29.45691618
30.83709647 28.76006523
30.71475000 27.98760000
30.83709647 27.21513477
31.19215977 26.51828382
31.74518382 25.96525977
32.44203477 25.61019647
33.21450000 25.48785000
33.98696523 25.61019647
34.68381618 25.96525977
35.23684023 26.51828382
35.59190353 27.21513477

35.71425000 27.98760000
35.69453872 28.30090175
35.63571576 28.60926255
35.53870877 28.90781935
35.40504762 29.19186375
35.23684023 29.45691618
35.03673933 29.69879663
34.80790062 29.91369048
34.55393303 30.09820873
34.27884178 30.24944142
33.98696523 30.36500353
33.68290644 30.44307256
33.37146060 30.48241731
33.05753940 30.48241731
32.74609356 30.44307256
32.44203477 30.36500353
32.15015822 30.24944142
31.87506697 30.09820873
31.62109938 29.91369048
31.39226067 29.69879663
31.19215977 29.45691618
31.02395238 29.19186375
30.89029123 28.90781935
30.79328424 28.60926255
30.73446128 28.30090175
30.71475000 27.98760000
30.73446128 27.67429825
30.79328424 27.36593745
30.89029123 27.06738065
31.02395238 26.78333625
31.19215977 26.51828382
31.39226067 26.27640337
31.62109938 26.06150952
31.87506697 25.87699127
32.15015822 25.72575858
32.44203477 25.61019647
32.74609356 25.53212744
33.05753940 25.49278269
33.37146060 25.49278269
33.68290644 25.53212744
33.98696523 25.61019647
34.27884178 25.72575858
34.55393303 25.87699127
34.80790062 26.06150952
35.03673933 26.27640337
35.23684023 26.51828382
35.40504762 26.78333625
35.53870877 27.06738065
35.63571576 27.36593745
35.69453872 27.67429825

35.71425000 27.98760000
35.71524990 27.98760000
35.59190353 28.76006523
35.59285449 28.76037422
35.23684023 29.45691618
35.23764917 29.45750391
34.68381618 30.00994023
34.68440391 30.01074917
33.98696523 30.36500353
33.98727422 30.36595449
33.21450000 30.48735000
33.21450000 30.48834990
32.44203477 30.36500353
32.44172578 30.36595449
31.74518382 30.00994023
31.74459609 30.01074917
31.19215977 29.45691618
31.19135083 29.45750391
30.83709647 28.76006523
30.83614551 28.76037422
30.71475000 27.98760000
30.71375010 27.98760000
30.83709647 27.21513477
30.83614551 27.21482578
31.19215977 26.51828382
31.19135083 26.51769609
31.74518382 25.96525977
31.74459609 25.96445083
32.44203477 25.61019647
32.44172578 25.60924551
33.21450000 25.48785000
33.21450000 25.48685010
33.98696523 25.61019647
33.98727422 25.60924551
34.68381618 25.96525977
34.68440391 25.96445083
35.23684023 26.51828382
35.23764917 26.51769609
35.59190353 27.21513477
35.59285449 27.21482578

0 0.1
0 3.6
0 7.1
0 10.6
0 14.1
0 17.6
0 21.1
0 24.6
0 28.1
0 31.6
0 35.1
0 38.6
0 42.1
0 45.6
0 49.1
3.5 0.1
3.5 3.6
3.5 7.1
3.5 10.6
3.5 14.1
3.5 17.6
3.5 21.1
3.5 24.6
3.5 28.1
3.5 31.6
3.5 35.1
3.5 38.6
3.5 42.1
3.5 45.6
3.5 49.1
7 0.1
7 3.6
7 7.1
7 10.6
7 14.1
7 17.6
7 21.1
7 24.6
7 28.1
7 31.6
7 35.1
7 38.6
7 42.1
7 45.6
7 49.1
10.5 0.1
10.5 3.6
10.5 7.1
10.5 10.6
10.5 14.1
10.5 17.6
10.5 21.1
10.5 24.6
10.5 28.1
10.5 31.6
10.5 35.1
10.5 38.6
10.5 42.1
10.5 45.6
10.5 49.1
14 0.1
14 3.6
14 7.1
14 10.6
14 14.1
14 17.6
14 21.1
14 24.6
14 28.1
14 31.6
14 35.1
14 38.6
14 42.1
14 45.6
14 49.1
17.5 0.1
17.5 3.6
17.5 7.1
17.5 10.6
17.5 14.1
17.5 17.6
17.5 21.1
17.5 24.6
17.5 28.1
17.5 31.6
17.5 35.1
17.5 38.6
17.5 42.1
17.5 45.6
17.5 49.1
21 0.1
21 3.6
21 7.1
21 10.6
21 14.1
21 17.6
21 21.1
21 24.6
21 28.1
21 31.6
21 35.1
21 38.6
21 42.1
21 45.6
21 49.1
24.5 0.1
24.5 3.6
24.5 7.1
24.5 10.6
24.5 14.1
24.5 17.6
24.5 21.1
24.5 24.6
24.5 28.1
24.5 31.6
24.5 35.1
24.5 38.6
24.5 42.1
24.5 45.6
24.5 49.1
28 0.1
28 3.6
28 7.1
28 10.6
28 14.1
28 17.6
28 21.1
28 24.6
28 28.1
28 31.6
28 35.1
28 38.6
28 42.1
28 45.6
28 49.1
31.5 0.1
31.5 3.6
31.5 7.1
31.5 10.6
31.5 14.1
31.5 17.6
31.5 21.1
31.5 24.6
31.5 28.1
31.5 31.6
31.5 35.1
31.5 38.6
31.5 42.1
31.5 45.6
31.5 49.1
35 0.1
35 3.6
35 7.1
35 10.6
35 14.1
35 17.6
35 21.1
35 24.6
35 28.1
35 31.6
35 35.1
35 38.6
35 42.1
35 45.6
35 49.1
38.5 0.1
38.5 3.6
38.5 7.1
38.5 10.6
38.5 14.1
38.5 17.6
38.5 21.1
38.5 24.6
38.5 28.1
38.5 31.6
38.5 35.1
38.5 38.6
38.5 42.1
38.5 45.6
38.5 49.1
42 0.1
42 3.6
42 7.1
42 10.6
42 14.1
42 17.6
42 21.1
42 24.6
42 28.1
42 31.6
42 35.1
42 38.6
42 42.1
42 45.6
42 49.1
45.5 0.1
45.5 3.6
45.5 7.1
45.5 10.6
45.5 14.1

0 0.1
0 5.11
0 10.12
0 15.13
0 20.14
0 25.15
0 30.16
0 35.17
0 40.18
0 45.19
5.01 0.1
5.01 5.11
5.01 10.12
5.01 15.13
5.01 20.14
5.01 25.15
5.01 30.16
5.01 35.17
5.01 40.18
5.01 45.19
10.02 0.1
10.02 5.11
10.02 10.12
10.02 15.13
10.02 20.14
10.02 25.15
10.02 30.16
10.02 35.17
10.02 40.18
10.02 45.19
15.03 0.1
15.03 5.11
15.03 10.12
15.03 15.13
15.03 20.14
15.03 25.15
15.03 30.16
15.03 35.17
15.03 40.18
15.03 45.19
20.04 0.1
20.04 5.11
20.04 10.12
20.04 15.13
20.04 20.14
20.04 25.15
20.04 30.16
20.04 35.17
20.04 40.18
20.04 45.19
25.05 0.1
25.05 5.11
25.05 10.12
25.05 15.13
25.05 20.14
25.05 25.15
25.05 30.16
25.05 35.17
25.05 40.18
25.05 45.19
30.06 0.1
30.06 5.11
30.06 10.12
30.06 15.13
30.06 20.14
30.06 25.15
30.06 30.16
30.06 35.17
30.06 40.18
30.06 45.19
35.07 0.1
35.07 5.11
35.07 10.12
35.07 15.13
35.07 20.14
35.07 25.15
35.07 30.16
35.07 35.17
35.07 40.18
35.07 45.19
40.08 0.1
40.08 5.11
40.08 10.12
40.08 15.13
40.08 20.14
40.08 25.15
40.08 30.16
40.08 35.17
40.08 40.18
40.08 45.19
45.09 0.1
45.09 5.11
45.09 10.12
45.09 15.13
45.09 20.14
45.09 25.15
45.09 30.16
45.09 35.17
45.09 40.18
45.09 45.19

5.5 47.567

35.71425000 27.98760000
35.71524990 27.98760000
35.60319312 28.72441425
35.60414860 28.72470897
35.27989038 29.39575932
35.28071653 29.39632258
34.77306863 29.94198325
34.77369206 29.94276500
34.12776123 30.31455165
34.12812653 30.31548243
33.40130655 30.48036019
33.40138127 30.48135730
32.65825330 30.42467605
32.65803080 30.42565088
31.96462500 30.15244700
31.96412505 30.15331294
31.38205358 29.68786180
31.38132060 29.68854191
30.96230307 29.07220088
30.96140219 29.07263472
30.74267014 28.36016840
30.74168141 28.36031743
30.74267014 27.61503160
30.74168141 27.61488257
30.96230307 26.90299912
30.96140219 26.90256528
31.38205358 26.28733820
31.38132060 26.28665809
31.96462500 25.82275300
31.96412505 25.82188706
32.65825330 25.55052395
32.65803080 25.54954912
33.40130655 25.49483981
33.40138127 25.49384270
34.12776123 25.66064835
34.12812653 25.65971757
34.77306863 26.03321675
34.77369206 26.03243500
35.27989038 26.57944068
35.28071653 26.57887742
35.60319312 27.25078575
35.60414860 27.25049103
