293 4576 34343 6728 7352
773 38822 39058 773 6089
686 3794 62725 686 5944
307 41078 40170 2874 307
194 38339 8161 1148 2510
396 47078 28596 585 396
399 35896 27459 8823 5923
778 39537 32271 9202 778
846 20239 6768 8850 8882
713 44731 14260 8841 8482
373 17531 54563 4483 3450
529 30542 10580 4314 5396
22 56250 30247 6507 22
237 22085 26355 4064 371
267 20146 16287 5373 9803
191 45572 1439 3261 1839
59 295 32834 6171 9691
449 18858 44806 5688 2591
749 58096 54591 4371 749
399 12015 19882 7099 6493
406 51111 17691 4411 406
415 20335 31181 3395 5934
679 44556 56747 679 1166
547 5142 1094 3259 1749
615 34440 27060 4677 4747
947 8501 23065 8376 947
12 540 38859 5423 1276
361 22880 54094 5906 4210
48 29310 53053 48 7430
513 52574 15028 4284 8170
814 32560 62409 4433 5569
692 13073 12887 3195 3837
972 35380 5575 972 8407
139 39184 2906 4858 6722
33 61778 1155 1399 3894
195 52011 58266 195 5159
936 50645 31704 2679 7115
569 17348 6838 3041 6145
566 6713 42776 2760 566
311 23109 53335 311 469
822 26021 64891 8049 822
925 44498 24050 8471 8321
12 23254 61391 12 4042
250 11526 13250 7196 3002
708 30466 32452 350 708
356 8188 59895 5183 1660
370 24128 28057 370 2243
228 10532 23731 6443 228
476 61874 23324 9932 8169
467 16345 11447 6279 6151
619 26555 64056 1487 5705
383 7402 3064 8192 3087
593 59977 56764 1266 593
392 5488 64181 5958 9013
443 8230 6571 443 5825
694 51288 18044 2773 3909
503 23720 17102 6951 4441
634 4274 41098 3716 634
412 9969 54777 2611 412
177 45396 45309 3027 231
196 5009 12840 1729 196
441 2606 22698 5168 441
211 41367 58467 9219 211
759 36800 2036 9069 297
468 38358 14319 2181 468
637 34398 29630 7536 3918
664 1454 3782 2567 3578
153 7071 33779 9662 4687
855 27360 64090 8347 85
360 16161 46428 360 4017
431 34523 14897 431 6452
231 53748 40707 4135 231
458 1980 22301 458 1685
657 38586 21922 9203 657
682 32819 28672 4496 682
645 11048 30315 8255 1148
125 3375 47915 5240 351
295 49406 39168 200 295
810 8249 48059 7902 6140
832 832 43900 1887 2632
676 5721 35809 8390 3329
447 16955 22350 1086 1222
168 25949 54643 8016 168
228 2278 5723 228 4139
76 5344 1503 6615 1701
856 17876 18348 7801 9757
780 11176 56388 4369 9250
684 1046 19152 1574 4636
790 47684 36019 790 7083
800 57459 35200 7980 803
758 27328 50460 9884 758
166 7016 996 9050 3693
611 39163 2444 4345 6313
461 60632 1844 3717 6718
120 23692 27166 120 3413
701 31231 6589 7827 701
403 14675 13487 403 3889
39 5778 40302 7181 39
987 59974 36797 3546 987
865 4329 28545 7299 6904
586 17741 57322 586 6675
541 42100 57672 9533 732
782 57438 42448 782 4219
143 1287 49797 1055 5203
642 33093 15283 8698 7625
231 50184 8547 4938 2690
138 16231 3588 2929 3843
719 62720 43409 719 3648
53 64770 21017 7848 1903
610 9289 44787 5535 2369
928 56232 52491 5589 928
625 34619 8750 5496 7307
857 24853 48300 8952 6030
149 5778 38216 8836 3844
574 35743 58750 574 7907
845 5290 60048 845 4244
718 56750 44722 7793 718
897 22239 5486 897 348
97 6659 2037 2560 9916
890 4452 19580 1525 6066
638 43291 20573 2802 3142
125 65025 27492 125 4482
309 13174 33260 309 9853
310 15500 7084 765 7344
486 61835 20788 3756 486
837 6370 32643 8581 6916
404 14634 24240 3375 3423
311 4043 51804 1728 2497
945 4725 31284 7347 2435
832 0 57670 7251 1169
542 31033 28437 6888 542
29 62963 17313 9803 29
182 56031 62281 182 4252
298 1192 4220 6255 8053
780 47580 64212 9984 1538
505 35777 52593 505 1237
673 15952 24901 3884 5229
657 7378 47929 657 7505
605 42683 28838 5910 605
254 7607 47263 254 2017
12 63540 312 8069 7871
19 35333 33352 4833 19
393 9021 3144 5557 3986
669 38708 30031 6144 3619
941 31542 33898 898 2492
701 224 16530 1391 8721
996 39752 25896 736 5998
47 2115 4463 5791 3973
95 32763 58849 1741 95
765 14529 32981 2854 765
928 38613 54752 708 8142
706 45829 25774 3918 1165
537 19289 30912 3327 5945
55 2805 8626 4067 7211
722 30280 48721 4660 722
833 39405 40630 5099 833
388 24056 29358 9462 5725
185 24827 54994 4041 185
548 22454 21297 360 3645
925 16763 44314 4978 925
521 30887 27477 9538 521
594 33828 29086 7166 594
434 62250 10850 4683 7272
256 51188 15360 5848 7659
642 22470 24750 2064 2706
562 21580 47225 562 9166
840 41178 53466 2490 840
175 18524 48737 8171 1351
562 30348 18349 1347 7865
359 51072 21899 4092 2964
92 3312 41634 4390 8019
555 18305 29464 8514 1173
567 311 16034 4053 1889
494 45544 29146 2411 2828
354 14868 45349 8508 6682
499 46845 9491 499 2188
935 44846 41698 935 6558
678 20843 28968 678 9955
47 58292 1880 403 7380
817 46943 40850 6381 9
835 54591 50221 3498 3334
643 65015 50939 4531 643
586 56850 25620 586 8140
891 34760 15147 6424 1653
807 13719 63366 2938 4250
727 25389 36586 9357 727
50 40803 13268 338 50
930 34410 14752 1467 2890
714 51140 49741 4353 714
842 9709 46713 250 6560
430 13570 13760 2917 1349
988 12283 28038 7180 3493
172 55308 13488 6654 2538
282 33609 55539 282 9630
90 21606 19786 3246 8054
686 6815 8758 6772 5695
633 49566 58570 633 2943
913 7304 21010 6667 5327
538 42949 42943 908 538
754 22491 26390 2964 1021
656 32800 9185 5285 4881
459 64027 50824 4526 4810
86 63646 60088 1126 3001
19 317 988 9985 9589
628 33143 59452 1056 628
290 20405 11890 9451 8334
136 50930 42716 9916 136
521 21037 13600 521 1171
140 1889 11764 140 6187
100 2218 21017 100 5579
982 6874 37725 6300 8977
741 10374 16751 1462 4619
2 36390 44533 719 4326
73 44373 51073 5110 7560
289 60145 51628 9994 9356
972 24300 25814 8460 9921
425 18394 24650 7368 2259
541 58585 33001 3309 703
198 12078 12890 9590 6074
614 8728 7306 2232 614
901 39644 52819 9145 6
570 40516 58782 570 2638
590 7837 35218 8956 7227
375 7474 20297 375 4881
948 11509 29522 764 948
884 49695 45968 6749 353
117 46287 64205 117 864
944 8496 41141 2730 391
70 36534 2170 1514 6423
576 59688 49161 576 4678
113 29190 3051 2202 3851
612 8429 28192 6831 612
446 5590 18732 2527 566
73 106 55018 73 5591
838 41900 10931 9413 2657
421 64297 58150 9386 6120
70 3080 16003 6761 7531
739 25865 22626 2660 765
720 54230 5040 8958 5867
675 5575 42608 675 9201
435 48571 26033 3220 3460
559 12298 26928 5397 3187
280 16051 53217 6256 8711
156 35406 6308 9405 2015
350 6300 20651 671 7804
375 19875 41607 293 3950
888 47139 13320 3231 2702
927 39078 12983 1954 927
965 30300 8850 6004 965
927 50985 24720 1027 3369
244 9760 19334 2375 4200
644 19031 32214 733 644
341 5456 14428 3465 4805
687 18042 23163 6399 4009
501 18537 64709 6403 9100
208 51711 16879 208 6875
835 22507 5241 6904 3632
123 25192 39141 123 9287
480 16448 40971 480 6703
241 33210 39383 8539 6310
304 4864 50866 1066 9981
931 42123 28506 931 2306
676 57094 10816 1233 7671
841 40777 37845 4166 6338
962 32708 42297 5294 8095
901 32045 25968 901 2962
989 16391 2802 2109 7711
258 9804 28508 6511 7350
951 202 2629 1432 7781
50 15094 30027 2690 50
956 63011 57788 1733 6237
419 20950 24437 678 1719
471 36905 6847 1388 1842
159 30261 3180 9927 1637
632 42875 21488 6330 2267
655 8338 14801 655 7253
201 52675 26325 5098 863
751 39493 63993 6731 751
722 8298 61385 722 8923
847 0 22952 3635 2897
949 1262 58420 2999 3517
13 27851 208 5129 3330
849 8545 3396 7168 9684
117 7371 24740 6643 35
937 62088 40291 7884 687
199 55285 18665 2892 199
12 96 39935 827 3099
369 4552 2214 4712 7551
174 7134 2416 6474 2203
208 41852 34088 3611 208
634 51013 29833 634 1708
611 27886 25261 9684 611
741 11317 34991 8942 741
141 10516 12191 141 8372
826 46047 34239 6895 826
107 41518 14412 6854 107
322 17388 54812 4894 9814
936 13867 51686 936 5467
549 49651 65234 1635 549
424 58332 19928 4041 1670
247 47041 29984 1610 247
214 2953 13160 214 8825
899 58160 14460 899 3216
897 33189 14794 3863 2191
630 62877 40762 2863 630
859 19819 7529 8626 60
139 43467 14188 1559 139
954 57487 42930 5837 9142
884 0 58928 8384 8634
973 7977 12131 145 973
779 26667 45558 779 560
327 7521 61601 5851 4846
293 24172 7956 1916 9941
354 32620 16992 7391 1133
493 33271 986 8597 9684
271 21165 43985 4132 5040
710 56354 27782 4969 710
762 43430 53907 5340 762
524 25676 6221 5522 1397
986 58174 30092 8783 9280
826 6357 21748 5706 5164
40 49971 2080 7923 256
49 49237 20909 9703 49
818 9816 17831 6582 2681
24 35502 64543 24 4272
451 24898 43835 451 2333
833 41652 8451 5066 5010
358 32081 19362 358 2479
382 36795 59299 8397 9096
988 4307 15186 3312 4949
766 35019 34470 6776 8382
69 59793 37705 428 55
575 44698 45496 1541 9674
784 43488 13447 208 3187
159 52855 25096 700 9842
462 924 30665 5522 9439
332 17321 10956 8694 8235
811 28385 24996 2985 3112
96 35 56130 348 96
975 14338 59475 8642 7280
347 7634 3568 8498 8903
190 5256 59268 2559 4216
61 3538 26746 69 663
655 54725 39924 8619 655
918 1226 4590 275 5044
278 21718 16402 5703 8041
966 19717 36772 3047 8417
868 13020 10347 6381 8373
686 34350 15774 2615 686
242 60935 52602 242 7344
164 11215 49397 4327 164
378 11513 31173 5956 378
727 62189 1532 6824 8372
825 15675 32657 4717 2483
23 35074 25813 709 23
356 33124 57918 5583 356
905 13575 44790 1647 4801
503 1258 8543 146 503
130 53430 10771 3885 130
796 24796 23084 4624 1611
686 62935 8232 732 1264
985 38415 21215 6150 2263
121 34145 48396 121 2759
619 13618 13672 7379 216
61 55902 2318 9966 6829
788 47986 27497 788 3838
167 17395 35648 5973 167
997 17495 50108 4163 9010
272 48300 9792 7344 2605
991 30029 49550 4721 499
197 61670 59510 197 567
281 54838 17703 426 9853
400 44460 37273 8658 6969
313 4845 5634 6769 5139
804 46462 6432 1857 4990
705 58018 28235 1197 705
543 6283 17919 5850 6151
145 9349 4495 655 7609
649 39097 61806 542 649
255 3262 2665 5808 8267
465 234 53761 2188 465
10 50038 19155 1370 8568
292 59707 40119 4771 292
985 33490 61765 8622 1668
85 37975 5185 7102 3858
548 53580 23016 964 5328
442 56201 38752 9928 442
123 1845 43662 2085 4073
657 55754 44641 657 7350
288 401 41019 8993 288
389 11479 9336 8734 110
188 54395 8836 6094 7412
844 47949 16420 844 3124
329 31271 40250 2273 7765
115 41226 18863 9158 1039
962 17574 50162 8000 3944
108 15777 7860 108 4499
493 1008 11631 6166 2209
123 6642 21159 1932 2330
425 5950 12467 4052 5068
975 15520 3900 5527 1476
662 3227 7944 3731 6838
237 22320 3749 5700 237
292 3411 22078 8559 292
69 6795 966 8745 2950
482 11086 61920 1336 6737
495 2475 33418 9389 5803
330 20418 786 1500 330
342 55940 13742 3780 342
250 5250 48717 576 9491
371 57715 21147 6756 1795
840 27720 14334 6191 1002
433 57093 18186 7009 4076
175 33993 56888 175 4339
81 2997 62794 1668 2804
15 41090 8755 2855 15
232 51941 6032 4037 2783
942 32846 32970 9173 6659
402 41805 11256 2019 6941
558 21204 1201 9889 6498
666 45517 22478 666 6423
216 11232 12550 9462 5919
900 14537 54582 7318 900
221 5083 53664 5226 3418
270 17742 5670 8418 5382
818 40143 58529 9785 818
184 35289 8464 7898 8910
860 44743 45646 2039 3389
742 61823 28196 452 1291
623 19183 16531 606 623
482 25120 35756 482 5813
365 39860 62885 2354 365
969 36822 41662 6206 5984
635 24404 42372 7673 635
744 28272 13861 607 5289
610 63040 25010 7389 3232
774 44547 37811 146 2462
621 44021 3958 786 621
511 394 44322 6050 511
529 53873 9522 6090 5777
386 45960 3474 7031 6212
449 10710 56269 909 1719
759 1816 33629 759 7000
259 36492 16317 2505 8616
250 9753 2000 1852 9348
92 31817 43111 4880 964
875 21526 63123 875 6908
918 49357 39188 918 8447
588 39926 23284 8354 588
512 61646 42158 5190 4705
479 15395 53369 5828 479
113 34980 55749 7177 7208
917 37654 41377 917 240
813 18471 48780 4676 5744
438 59866 30774 5352 7965
994 43024 55430 1474 7723
287 5102 31255 1824 7144
490 36903 59490 490 2626
943 7580 38481 8006 943
693 24948 45174 4115 5596
675 54606 12122 2560 8144
535 50493 30123 5623 535
540 12960 26439 8442 574
104 63444 23829 8185 708
202 27531 31154 202 3059
711 6196 8216 2160 711
382 50851 10893 382 408
70 51051 18281 70 1718
15 45261 465 7622 549
310 35347 26282 310 1844
864 43837 12960 9942 4885
908 9988 31453 1583 1108
573 43047 30366 573 5272
948 18334 34128 2140 6629
992 47064 4449 47 7512
276 22990 15732 6061 742
976 43723 35459 9591 976
273 14742 35639 7899 9920
791 36386 37168 6108 4992
621 12420 50209 2533 1289
461 64164 36142 6788 7030
106 13429 34759 8095 106
703 718 26011 9256 4651
853 61470 63735 4691 3909
227 7407 15406 4402 9223
663 5304 7710 1887 353
915 24761 64536 915 4525
5 18638 220 7093 967
278 13900 47980 507 9658
266 6118 38073 7179 6199
805 16424 38448 8583 805
778 28008 57900 8502 7453
878 36937 39539 1053 841
490 46205 13230 7146 5453
522 34495 20422 1789 3548
337 14154 30432 9593 6357
745 23095 50027 2922 2855
978 19089 39042 978 1253
443 40009 52559 443 361
962 64556 40311 962 1523
0 0 0 0 0
