9
13
11
10
12
13
11
12
13
5
11
14
1
2
8
16
14
14
9
15
11
10
6
4
9
7
2
14
5
7
9
9
8
14
11
12
15
4
2
5
15
13
12
1
9
6
4
14
14
7
5
7
14
10
11
2
6
10
8
2
11
11
12
6
6
3
4
8
10
11
5
4
7
3
7
3
9
11
11
4
8
16
11
14
12
16
7
8
10
5
7
7
15
8
7
4
10
13
8
13
10
10
9
2
5
12
10
14
10
11
9
3
6
11
8
11
5
13
8
4
1
7
15
6
6
10
8
14
2
14
5
12
15
4
4
10
6
7
8
2
5
12
3
9
9
2
4
11
7
12
8
12
5
6
11
14
10
9
3
8
3
4
9
2
4
7
3
4
8
17
15
12
5
1
14
2
13
9
13
1
7
9
11
14
13
3
14
15
14
3
14
16
9
6
16
1
10
9
3
10
10
3
1
14
2
3
6
3
11
5
10
10
5
7
9
8
1
7
3
7
15
6
12
12
2
17
16
4
16
16
3
3
12
2
5
9
1
3
8
11
4
10
10
11
14
8
8
6
15
11
2
2
10
12
1
8
14
3
4
12
14
3
10
1
8
14
6
3
6
11
7
4
5
8
14
11
14
2
8
9
8
3
8
10
2
7
15
10
10
6
7
6
9
12
5
1
13
11
1
10
12
2
4
12
7
8
5
15
6
17
4
13
12
3
3
6
12
6
7
15
5
13
13
6
1
4
10
4
12
8
5
11
5
1
16
15
6
12
17
2
15
14
2
9
8
12
8
1
13
12
15
1
8
13
3
10
9
8
13
2
14
8
6
3
3
1
16
5
14
11
7
14
2
13
9
6
5
13
11
3
11
8
11
7
7
10
8
9
7
9
3
15
12
11
13
6
8
6
13
10
7
12
1
15
8
1
9
15
13
7
5
4
13
11
3
16
2
7
12
8
11
18
6
7
15
1
8
7
18
16
4
2
4
10
6
4
8
6
6
11
14
5
10
12
8
3
12
7
10
13
4
7
3
3
8
6
2
7
7
15
1
6
9
13
5
2
6
8
3
12
14
14
4
2
15
11
4
9
12
14
7
14
7
5
5
4
13
4
14
8
11
15
9
3
4
8
2
11
16
1
7
9
17
15
13
9
8
4
10
8
14
2
4
9
9
6
11
3
9
11
8
6
12
13
9
2
10
12
9
9
16
5
4
3
12
3
4
5
3
8
13
6
2
12
13
3
14
9
13
14
2
4
12
4
16
7
14
8
8
15
15
6
11
11
7
15
3
2
12
6
7
10
6
11
7
11
15
5
8
6
6
6
13
5
16
2
1
3
13
10
5
11
3
15
11
15
12
1
9
11
3
5
6
12
11
6
5
14
14
8
2
7
5
2
3
5
2
1
5
3
6
5
2
2
10
12
15
11
11
11
14
10
12
5
2
3
5
12
10
7
16
9
6
12
2
10
1
9
8
9
1
1
6
4
13
11
11
4
2
12
3
11
12
11
10
12
