100
43 30
9226 1149 305 6188 7871 5902 4496 7620 6131 6285 1472 430 7813 1824 467 9126 8651 4285 3823 1435 1992 5449 9776 2074 8094 527 9075 306 303 8257 2520 9528 5757 9177 2068 9979 5078 2915 7598 7561 9199 9069 4342
82 63
4808 2489 5894 9092 6311 3680 1084 1760 3456 9509 6205 334 4935 2862 637 3191 1734 6516 8947 910 8583 8925 2339 1497 6522 9899 7048 1942 4241 410 9186 9048 2898 1431 8140 5561 5111 5575 3672 4918 5083 9876 5251 17 9090 2239 9560 823 8755 8506 8084 3689 7431 422 1538 304 321 8585 2246 4561 5346 7783 9960 4596 9213 8099 156 675 25 179 5592 1459 6406 7195 1476 5495 9433 7387 2669 8187 5892 752
78 28
7526 9765 3626 7846 4701 2223 8758 46 5 5069 4641 9217 3168 1148 6244 9544 1326 1835 1003 7732 9029 8830 9578 4814 6216 2247 9352 2107 9350 7579 1781 3227 7343 1758 7424 2043 3980 6181 8441 3984 1250 9433 9552 769 581 5795 6664 8258 3982 7666 2341 9362 6495 1919 4175 9062 517 3527 1169 6218 7457 9301 9445 1152 1058 6868 3194 5037 9401 7986 5372 7002 7419 4923 4122 7999 7070 785
95 8
4803 1301 412 1297 9571 939 359 87 817 7879 2656 8273 7179 8452 9424 4588 1672 8970 5976 1072 6955 1347 4425 725 2621 8546 5075 9690 5682 7683 7092 484 8983 3856 8133 8553 4794 4843 4991 1962 2721 3998 234 6251 2450 6010 838 4121 1331 6813 1544 4637 4511 5968 5362 7131 865 436 3173 6546 8118 264 7030 3452 4119 5162 8356 5264 4 9698 7225 9076 3696 3811 1678 6145 9820 8867 6617 7502 5679 8160 2138 6541 4127 7499 3671 4991 4287 3195 7888 8756 3459 1269 2208
42 29
6915 5545 9137 6613 2769 8212 308 2931 9889 2804 2750 5107 9420 6603 785 7579 8741 3677 8057 2591 3700 3047 6877 6894 7286 1985 6704 8555 544 6985 1336 7458 2529 473 4070 1649 5036 729 4580 1277 3532 3681
98 83
284 3520 6881 5376 7196 4937 4318 895 7983 7547 4141 1621 9531 844 175 74 4180 7862 7531 6708 8334 7953 4709 9722 5033 9288 998 8565 2968 7380 7867 9603 7251 4748 4978 4447 9684 5648 1693 4019 3194 5833 5639 2724 3029 5813 9149 7208 3674 6679 268 8360 983 4976 8081 6016 4263 5430 932 3582 2809 8798 3185 60 3545 4514 858 3229 161 2550 3599 9706 4735 9237 2429 7763 1401 1577 1322 1426 4608 1589 6137 1942 6564 4217 4309 826 5998 5240 4408 8807 4038 3944 5218 3934 4809 2427
38 14
4976 7112 1027 6062 2700 9808 3824 4100 7736 5146 1878 8695 6734 8014 637 9650 8583 4945 475 4580 6537 1234 9738 6926 1529 1307 859 2690 3733 725 4011 5061 4188 1389 1122 6888 7548 1298
83 39
2795 5568 330 5880 3582 7318 5529 8516 8615 6004 9447 5151 3589 9185 8428 1470 491 5638 4159 576 6362 4521 5636 6902 5909 6757 3789 9809 4406 7479 1444 7200 3047 8125 3080 2980 5443 8608 7847 409 963 7293 5559 904 2829 338 2373 9672 5975 6531 247 2337 1051 2234 9238 3311 5342 9378 9471 9748 3208 914 6947 2606 9039 6378 1937 833 4986 9783 1241 2300 3428 3151 3203 6256 3488 1927 5927 9462 8457 6173 8150
92 59
3739 5522 100 9468 4992 9847 2676 2258 3145 1633 7648 9523 3570 4832 860 3352 6072 3159 6779 5574 2714 3035 9061 4640 5313 4874 9449 7838 3024 1659 2595 3114 7180 2694 2582 8524 2540 1609 7133 5685 3241 4780 5207 6810 9611 6066 6514 2034 5576 9644 7607 8289 9030 3019 9281 4343 7892 8729 2180 7267 387 4774 6733 3919 3820 5666 8794 2711 7274 5926 8395 6866 7057 9953 28 6667 2370 6541 5052 4298 6184 9010 2586 5214 2028 1866 5908 6271 6946 8087 9890 7333
74 12
7603 9383 2287 6396 2094 5912 2321 6840 2777 9377 6793 2804 2395 5514 5696 3798 9811 8232 2807 8749 3445 4834 6966 5704 7456 3912 3790 7345 7596 9353 3966 5198 8736 2604 1593 7181 8515 265 4020 1292 9641 7164 447 8387 9030 2495 2184 8840 726 4990 3940 522 6175 7258 6225 3630 1169 6366 7327 5116 5718 7644 313 805 248 8257 4337 8762 8521 8357 6405 4513 5520 3204
69 51
5698 1434 9741 6423 2775 32 6944 8949 7289 9520 8930 4809 5885 6256 9924 7954 252 6588 8759 499 1196 3095 5612 6068 7803 2017 6932 9675 1572 6182 575 3621 7615 6667 43 389 6699 3338 5689 339 2857 971 1500 8741 3578 7775 6694 3829 4363 1804 4327 1910 1251 9939 4330 5405 8307 1261 5079 6230 7443 5654 9850 1409 8672 6244 8150 5370 9581
91 90
8789 1160 3560 3881 4738 1334 6926 4918 2048 5082 9245 310 2684 5535 4639 8088 193 5899 9519 2774 9693 1524 2623 1102 195 8866 5603 1917 4798 5792 3977 9938 3304 7536 170 4393 5221 3447 9310 7269 8528 4906 7578 7563 6792 8568 5651 3336 4466 1521 6109 4159 3044 8731 1612 3238 3948 7214 5154 5097 9357 5482 5034 2660 3017 1555 7052 4590 5002 2714 8210 3529 7619 2139 1092 763 706 3094 4098 5171 4614 207 5681 7657 5289 3644 7246 9237 7209 2400 4333
85 66
5719 5577 7250 3625 8981 8191 8626 8046 6400 8507 2016 8538 5950 2778 5595 5395 6876 7117 8 7082 9150 4016 2370 2793 7613 7958 2 12 8643 2919 4245 713 4847 7846 4337 179 2388 2963 8224 8787 7821 240 3676 3770 3017 5622 9164 6244 2738 5523 3325 1887 9538 2047 4680 7150 6356 1033 3514 4998 303 4110 5710 1501 8307 6399 1680 694 9361 9903 5832 7181 142 5859 7302 9511 1480 6465 5754 4217 1987 5431 2456 7876 3829
93 87
184 4519 1242 5182 1173 1703 7243 2673 9 3641 4352 7054 9353 607 9237 2885 7100 1447 186 2962 2926 3002 8716 3495 1340 498 5950 9215 4326 9436 6944 4509 306 4537 6042 7830 6240 9637 502 2600 9629 1206 6006 8982 8164 5242 1866 1615 6689 8404 4577 5966 1405 3292 5812 2745 3789 1761 8311 4466 7548 1606 8974 4205 6143 1368 2034 2382 1004 8888 4981 632 6445 7338 5965 4608 2580 4183 2574 5620 2586 7150 7937 342 441 3749 9438 581 1861 7749 5046 5761 9354
89 72
5496 1739 8351 4229 9094 7238 5562 6077 34 2899 2042 993 1830 6224 3566 3801 5161 716 1738 1854 7508 1838 1292 4441 50 5392 5838 5810 1097 6209 2127 6593 4299 477 7173 3392 4066 2734 9469 4099 1985 7862 1443 3814 437 5008 7615 1949 2075 5704 3802 9583 3893 1445 375 3942 6836 6212 9752 7933 8773 1878 877 3071 8706 8049 2815 2771 7135 2283 3221 9119 6496 4663 9284 6932 9670 6898 8880 8097 8953 9033 7679 2845 478 4405 3139 7313 616
97 90
9388 1119 2473 8811 6176 6874 1625 8946 360 259 8518 5830 6754 3180 5113 3685 9201 8363 8916 7297 7315 7948 1327 6512 4777 5731 9650 8442 2699 8891 38 8438 6361 8863 7248 2536 2088 8872 7833 2447 9130 6350 8276 2235 5881 3388 2271 5081 1750 1186 8730 5417 5486 6408 8280 262 2139 4281 8703 1189 3171 5093 9626 5883 3955 6874 8418 6042 2097 2602 4840 7579 8951 3115 9813 1183 2854 2084 6263 956 9621 1344 2724 5106 7752 1003 1720 6242 5283 6774 7430 4805 1866 7055 687 2172 280
73 56
2377 4409 9404 9955 9711 8870 9767 893 1724 8202 3507 2679 7823 4851 1754 9280 8954 2756 7351 5195 4390 4125 8976 9194 2342 2382 6232 4514 2662 8039 9078 1390 2447 4834 1344 2157 3703 7462 9401 5426 2016 2907 4456 6190 4109 6209 5469 9414 5316 9172 960 9705 3296 9935 5250 1989 2317 1481 6502 1330 5871 1932 2719 8317 6765 4062 6825 467 7875 2577 2245 9890 1836
100 100
6079 5944 9261 7900 1710 4576 7071 2669 4281 6718 2604 9530 8706 4920 7363 1560 2601 3233 3491 5319 7902 255 5732 4726 7073 3606 3655 9317 9848 5490 2369 2278 1433 7981 177 9494 2556 3599 2163 3188 316 4766 9070 5374 6037 6432 6933 8637 6016 423 3955 3917 7029 6038 4995 453 9643 8649 9770 5842 490 8490 4472 1922 6470 4648 1416 5377 4599 9930 4917 1266 4695 3986 6639 7083 6769 3571 5719 9136 3993 6025 9405 7373 2062 4399 7826 8056 9399 3947 250 9888 8788 4721 8161 5257 5720 5928 6985 318
78 57
7936 6903 2238 4574 3985 5358 8145 6055 4494 8489 2079 3898 5862 492 4648 3687 4900 4046 7633 5149 285 6420 6221 4797 8028 1940 725 1364 8610 2933 9617 6545 9836 1854 1118 172 7212 5614 6227 8057 4103 4657 1954 9964 1501 2953 3650 6400 3350 7634 7900 3634 405 472 4782 4784 2411 5506 6147 7372 4791 5763 268 978 7617 7738 1149 1180 3351 3727 9236 7453 8384 7541 3768 9884 493 3769
99 35
1402 6886 179 8158 7357 4960 2941 6119 6818 9088 9843 1608 4850 110 2585 8818 7847 85 6349 7550 3812 5584 1354 8547 9476 5122 4782 6320 8890 3768 6513 6644 653 6691 4801 8009 1651 7742 479 4820 3181 321 6427 8030 431 5363 3200 4629 1799 9548 8530 5610 1484 9884 508 7311 1357 5289 3631 6598 9056 6495 3241 6060 9538 4394 4068 7540 8487 4547 2359 1667 1219 5137 6048 1649 499 9247 2630 2297 5147 1159 4259 6630 7394 1118 3940 5102 6407 3922 1700 1814 6769 1292 4226 6306 5685 8293 197
92 71
8907 2189 410 4043 4589 8410 4541 187 7391 3189 5333 4902 3799 8314 2295 4917 2254 7397 7675 2527 5448 5840 9295 6739 65 1952 2424 4710 2148 2946 3900 1054 1487 661 1448 6075 5423 2340 6261 2813 5529 7946 7714 9327 6259 6361 595 4864 109 8269 7391 5556 4109 6685 2294 525 4989 1069 5234 7136 367 5486 4542 8205 6146 5989 4279 7920 8329 6891 733 209 4836 4798 5887 7447 1158 6482 2310 7618 1102 9700 3173 1562 2737 1819 2087 7725 9239 7320 1212 5957
70 5
4161 5303 4446 4791 3222 9126 8034 306 5686 9221 5104 1572 6667 2613 4405 8977 231 5507 5028 9755 7068 4116 7925 9154 8192 3516 2826 5756 9472 5630 7860 9985 932 8657 4775 506 4134 9160 811 9819 8381 2266 1391 5047 1231 2147 375 7813 7653 5403 7567 1073 5870 1844 6578 4062 5359 9403 9817 1182 5033 4028 1166 2316 9037 2293 9173 3170 1452 6336
96 89
4953 731 1231 6183 2877 1605 3995 6882 3359 7914 7954 9229 9757 883 9642 1467 286 9458 2648 1670 9837 3814 337 8873 6106 9510 2043 3909 2197 1383 3741 7149 2113 4971 3332 1341 2927 3678 8222 6286 1591 2527 1866 7699 3410 1507 9165 3695 7316 8165 1716 3504 1978 2052 2377 4435 7913 771 8343 109 8505 8435 3610 617 3405 3293 1957 2684 6970 6531 5321 4913 9057 7186 8963 2466 5044 4480 2512 8711 2644 4227 2214 973 2631 942 1759 543 8064 101 7004 6568 8536 613 3536 8292
88 57
7327 7226 8375 2647 8490 7431 9832 3805 6249 4875 8284 5112 9937 7279 5691 2151 8251 8321 3092 9 5215 7508 6461 8570 4075 1348 5534 7611 5992 5790 9455 3318 9368 4181 5965 4209 7963 2148 8013 4211 3375 6296 5675 3311 9926 1365 5461 4528 6037 4905 4536 1251 2412 7349 9821 2838 8696 5354 6800 1039 7496 2606 4357 6863 6786 6673 1071 4749 8820 9084 5311 2194 1731 985 5505 1657 2349 7317 6184 4737 2221 7072 5988 984 772 2160 174 9467
73 65
6858 1360 9579 1214 8222 6364 7886 5645 7464 6705 1080 2775 5251 9162 111 755 7170 8812 8071 9706 3548 6644 6777 9535 3979 3900 8046 4152 3366 1911 7477 6575 3270 7055 7788 7844 9770 2025 9840 3586 8730 919 2712 3980 80 2822 1086 3602 1633 5508 3307 5181 2151 6435 1067 2482 334 5465 2985 51 7375 461 6626 6996 3867 4413 1191 9989 6438 1030 3574 1519 8300
100 85
4732 9106 2935 8333 7091 8442 1639 8623 6945 8073 6041 5778 8406 1505 8762 8456 8879 9223 5081 2227 9441 5846 3417 9429 8635 4447 3002 153 9098 5638 2002 3829 4744 1288 2161 8186 6081 151 6808 9377 4575 2848 5154 2980 705 3916 7788 9583 9490 9220 1809 8930 5065 5226 8359 51 6024 7712 203 5121 3350 8556 5302 4445 6195 3814 2630 2276 3965 5789 1652 8539 4988 3158 7871 5692 7073 2010 1627 2914 1229 3435 1843 2646 5012 6553 2696 7387 617 9251 8860 3966 4158 4161 4762 353 7974 3743 8980 8290
39 31
6829 4518 140 1051 210 3564 3060 1836 6477 640 1622 4672 3285 2986 1224 2333 372 8192 7935 5583 8509 2092 9743 3270 8796 4069 7012 4127 2358 6542 1110 5538 7412 7601 2940 3973 1165 5999 2160
97 93
3781 8664 6275 3118 6240 8607 9842 4431 2893 5424 2940 4985 1519 2561 132 5587 9573 4259 4296 2466 5368 6186 9877 2968 9125 201 484 1476 2360 4477 4466 6141 9492 7092 9258 5731 2051 5451 6514 4943 875 9453 9927 2393 2013 59 4331 7937 4317 4978 403 6036 1163 6631 5355 6640 6832 2191 4467 9191 6667 8932 1683 6158 6023 7293 8241 8073 2743 4754 3016 3617 558 9294 2361 2570 5704 3043 507 20 8021 7261 2407 5535 3891 7762 8526 7074 9952 2992 6265 2970 8275 4299 5479 650 1591
27 19
4334 4824 8089 4302 5381 3735 3015 7951 9438 6057 4809 5810 429 8421 8216 2316 2311 2329 841 5737 2280 3833 2001 1601 8459 6299 7080
90 8
7150 4182 4927 1974 2270 9228 7354 2356 8594 1656 1794 1003 2816 7603 1431 1236 5818 98 9899 8147 939 5635 6778 1123 3987 8379 9581 6637 1810 5041 878 5311 9222 2156 7284 7843 1384 990 199 6329 8997 8344 7331 8165 5946 5114 5752 8115 5211 5650 2613 2501 7636 9391 9975 7974 4121 9556 4611 2282 948 1840 7592 169 3996 1228 4363 1731 8569 4561 4411 3917 2904 1742 2081 5201 3207 7833 3316 4769 9834 5928 3622 7470 1670 3596 5443 2142 9503 6405
79 23
4597 8367 618 8592 9594 1333 6674 4514 5893 1084 8430 5149 9177 511 349 2383 8343 16 3504 8176 2296 7125 1997 3965 720 3792 6107 223 6548 6881 672 1144 5247 7642 6087 4840 8974 2760 5705 1218 3844 4135 2718 9372 4645 9419 8107 9339 9434 1610 3866 8081 5086 2215 2046 5805 6006 4504 2379 8905 1384 9403 49 6631 7044 6135 7822 2369 5247 3527 9938 5442 7661 2656 4813 8657 8426 2919 7995
12 11
1860 2292 5965 4074 4337 8122 6431 8840 6852 5336 223 6254
41 36
9649 7870 1027 8369 9468 4553 8307 4909 8565 7314 9722 7221 5739 8992 5215 9949 6224 3426 8592 2188 3852 2928 6661 6634 8119 3513 1969 4694 9766 56 7898 5767 7926 8924 4135 3745 3476 8793 8654 8392 6106
67 27
8196 3718 826 4497 6293 604 3088 8481 4455 2368 1493 1088 486 5005 9409 5179 1123 9464 3077 3241 3741 2000 7375 7486 1828 2520 2491 219 8625 7217 2183 3173 7286 3008 7669 3579 9963 756 8411 4417 9475 6255 1857 9961 1260 7617 5139 8734 3432 4567 8326 3525 2919 2052 1010 1098 4571 9852 1316 3196 7068 3498 2720 705 2858 388 635
75 72
9045 9941 6970 5300 1797 3282 2911 5765 4772 7996 9196 9339 6321 2720 2257 8372 81 3354 2943 9932 1021 2490 3351 871 1561 408 80 1948 1042 9251 5794 6439 5543 9115 1738 3691 2396 1000 9455 3520 5347 5003 2858 8019 4074 1466 2742 4155 1171 2036 438 8543 4525 141 5765 2437 548 2196 736 1589 7799 6530 8027 3341 1996 6116 7032 744 3467 2838 4263 8813 7840 3472 3183
69 14
5925 2420 2459 7960 2857 7353 8837 9349 3118 1273 9896 1665 2009 1485 9463 4890 5863 2804 6885 8331 6187 3980 1797 9024 8242 6962 6864 1713 144 5129 3001 6068 7548 1811 380 6756 5516 9216 6105 8633 6840 6000 297 8848 3836 6112 89 6051 5267 3326 4381 1453 7305 6177 476 5547 9490 3691 3611 9634 8819 2964 2053 6366 1126 2432 9474 6641 7999
79 78
4839 7929 8274 38 8117 4385 127 4167 9651 3452 8547 7455 756 1075 7930 2654 6917 1621 2617 2902 439 1932 4954 3157 9409 3738 2630 6050 8088 8207 4026 2926 2487 8651 9316 603 3035 9442 1121 9037 9245 6019 6491 6352 3446 773 9006 362 2393 7974 3263 9183 6257 8216 8691 5665 8305 1320 8066 6393 5878 2092 5670 4717 742 1337 5319 129 778 2792 5517 6374 8810 8360 2726 2255 9132 8083 2616
92 76
5878 3410 8664 446 2101 4328 5102 9772 8746 7846 2002 7189 9868 6718 7930 1204 8388 4410 8334 1179 6279 4707 9989 4638 7432 2243 3769 1866 1211 7996 4273 3440 1405 2936 237 9857 3616 5339 9629 2361 9536 1630 9549 9403 4699 3830 6959 3086 4592 5292 4265 870 9998 4253 5507 3782 2847 5627 1999 409 3622 6272 3849 1378 5559 4085 1235 9174 5775 7215 7886 1663 5196 3786 1065 9894 7616 8023 9331 8559 9666 3595 9428 9664 4199 1286 9797 3398 6912 1795 3806 6885
62 18
8262 9977 4443 5848 5502 217 9414 9740 8231 961 3525 9296 854 7492 3670 6537 6050 3336 131 5477 9351 4330 6762 5499 4079 25 3645 7884 6909 8063 1890 1523 4391 6332 3722 6244 2900 3136 5983 7483 4096 9508 3130 1302 6999 6799 7838 9401 6486 4320 4877 2188 5001 7991 4038 9079 4367 7683 3315 1276 2097 1556
87 50
4239 2871 2730 3490 2358 8713 972 2806 4572 4101 459 7922 7252 8296 7322 89 8967 8551 2277 3968 6541 6314 9398 907 348 2712 8534 2444 619 7683 5282 4857 554 8012 8347 9263 3076 9318 2068 7647 3419 2526 5568 7022 7173 9242 7110 6140 7792 9386 6459 684 2052 2208 7942 8751 1272 6476 1195 1890 510 6476 6747 7415 839 5093 6678 3914 762 8745 7912 532 7623 9832 7553 4795 9073 4663 7286 3216 400 3744 3899 8803 2304 1840 7554
92 75
5100 5464 1529 7927 8562 8943 8766 3654 1972 9031 768 7069 6943 1299 4691 3126 5204 9485 2198 6218 6771 1765 6617 6866 5663 1772 9169 3854 5677 9095 4873 776 4559 6401 8702 3120 5343 7467 3126 3667 6498 245 735 9792 7895 5425 2917 3098 1261 1466 9315 4383 3230 2284 1249 8892 4055 6769 9097 6083 2216 3969 6858 3126 369 1911 6245 2064 5730 5722 5730 2227 2318 6464 8370 213 8240 7638 3310 9500 9103 8977 3883 2332 7612 1483 7575 8018 4603 3023 4100 6818
97 92
9943 3712 2867 2540 5775 4948 4613 7856 7174 6931 4319 1895 7143 2558 9532 6804 8410 8634 5780 2292 7317 3391 3774 1243 1408 8376 4266 1859 5194 1257 2815 1488 4968 2034 4027 7095 6981 8640 4950 507 5570 5621 8753 9064 4530 8285 5867 2939 3270 7999 5230 6939 7741 5355 8181 5501 83 2446 7359 1628 54 6526 3115 1374 4911 3494 8468 1891 2133 9769 8749 4054 5389 7502 9469 6271 2138 5335 9209 5407 9685 791 2345 7426 6145 6878 9278 2579 9323 6636 4206 5729 9513 7321 7102 4423 814
26 21
9298 8041 1414 3351 9782 5267 2819 6052 3756 4505 5260 5515 542 2402 4211 4319 8547 1088 3596 1125 6763 6583 1683 2491 6096 9003
74 44
6168 4216 9535 5465 2256 949 5167 8389 2567 4337 4440 2675 5193 6052 8189 5734 8453 2399 52 6999 3487 9999 4476 6601 6582 6158 9091 2677 1512 1386 9546 4031 1953 9081 5847 560 6381 1013 8949 5299 1701 3388 7973 3245 9439 6161 8979 7892 4912 5382 1242 4750 5381 2069 1350 8314 4578 6792 7342 2441 4529 6887 6471 6481 2319 2317 7040 5051 9681 5988 350 1381 5728 4674
56 26
835 9956 9409 2098 1689 651 6847 7069 9071 8196 5382 3649 4987 2723 2441 9515 5962 8912 2347 4632 7580 9386 9683 7261 1726 32 4993 7453 1057 5970 8970 8243 2277 8379 340 3966 5381 7186 1034 803 1733 2768 803 3071 1842 3244 8937 4155 8507 1283 8787 6086 7021 8469 3346 8746
87 52
2550 5908 660 1519 4151 2937 6249 842 3254 7981 8028 639 8784 6112 3406 9586 9183 1600 9181 8119 5754 7687 5754 892 3773 2774 9360 3470 1519 563 8160 420 2823 5172 1938 6973 4460 4539 7814 7713 2519 2193 8351 1302 8305 8109 7240 3839 6060 6420 1957 8165 4107 7710 9057 4231 6835 4768 7700 4705 1683 2212 5124 4505 7383 3414 7829 8194 7952 1994 5906 470 4187 608 8124 8843 5068 1715 2681 7479 8134 989 5644 8592 5051 4700 2822
89 85
522 6590 7501 2733 1713 2005 6467 5126 6185 4660 3077 8179 6917 9899 8717 3876 4374 3911 5296 6088 6591 2774 4221 3931 8417 9165 8981 9468 1986 866 1639 8859 3807 9139 7943 1871 7496 4409 6997 3680 5420 6425 8210 8688 2675 6926 2564 7048 836 4211 3135 3778 6984 7356 7709 1753 2872 3041 1220 4857 258 2858 3716 4064 8349 8010 5935 2196 2419 9283 5875 4190 2059 437 2878 4734 7362 1793 1781 4550 6003 4916 4679 9338 8623 8739 1090 1494 1780
94 62
8389 1519 2769 8805 6219 779 1091 8414 3197 6725 641 3738 8783 1077 6615 3516 4790 4759 1649 5691 7113 6564 370 6451 1538 9108 3892 3031 7239 2553 2084 1980 4072 4853 784 6642 5631 1874 5056 5179 8598 5696 8916 3732 3124 1883 7248 7913 2993 8896 3604 106 1811 325 2908 3348 5784 6799 2730 3023 9352 4813 1354 9775 6017 2137 6416 1647 362 7823 3177 8959 3518 8445 2690 2993 6679 6289 906 9671 1536 861 6128 3346 7537 9035 6693 3320 5834 5774 2694 1537 6939 4047
34 11
6183 4078 954 6544 1901 4130 1854 1770 8926 896 4763 5604 7184 2020 5275 5072 2880 7754 8417 416 6789 1462 87 8974 7235 2781 510 4173 6827 1820 7128 9362 5897 4433
29 5
8562 4111 5919 3840 5006 681 9443 8541 9052 1069 3612 1931 8823 8381 8698 1963 9842 8784 936 7076 7916 1445 7601 4743 9616 1080 4104 5512 5512
73 60
425 6822 1931 4264 8179 8963 59 3072 8014 1127 6683 6296 6301 1415 1345 8263 1256 6480 5550 4684 4396 6994 8636 5490 6609 9715 5945 8473 5226 8656 4485 2002 5478 2767 2618 3656 1729 2676 6727 6094 154 9762 2389 2807 1176 85 1069 8784 6564 6619 9819 7311 9964 8454 2800 6573 8168 8744 1397 9745 7400 2233 1746 9229 4999 715 2884 3079 3390 5963 9172 3544 5724
50 12
3251 4348 3770 8386 911 6740 8204 8222 3056 6657 7373 5980 4824 2469 7376 920 9868 9608 9018 5448 958 9732 8331 4036 3122 645 9559 3017 6368 3822 5718 5971 8169 5839 4356 5431 8931 2560 4 1986 9216 7377 7965 392 9845 1692 1311 6064 1299 328
80 63
60 6193 8995 9533 3190 4905 8901 5909 8726 970 1879 3246 3160 2587 5028 2090 5146 1384 4075 713 8760 8391 7456 4956 82 8767 7371 7732 5446 5233 6339 1857 7777 5333 7741 966 6589 6641 6875 5314 3962 5105 4911 7122 7691 6291 9211 9188 7674 9638 6253 2785 4380 3708 4092 4462 8826 7814 8545 624 9398 4884 2480 7174 6568 6573 4492 3157 9565 7718 4822 3527 9174 6085 648 6865 8727 6210 2404 6400
100 99
5536 6579 8716 9627 7392 3893 3792 5936 4516 3189 7171 3348 6714 91 9920 7557 9599 9484 5274 4420 9362 4448 6856 6361 7664 5582 2571 67 8333 1121 5075 3868 4051 142 9846 1442 386 9989 3730 1254 3177 900 4601 9891 990 872 7447 6940 6707 9073 1360 2421 9872 4567 8781 7535 6501 7703 3953 4833 8824 5379 5053 9226 5520 1250 668 5906 1239 749 3511 4415 1648 8111 657 8990 5334 4456 2281 8392 3528 3640 812 3399 4559 9593 7285 1059 7295 1237 2243 2470 2968 7295 1696 8487 4897 8715 744 6135
88 63
6901 7462 8716 3910 2803 401 8365 5084 8793 8244 5075 9604 7994 5985 5548 1630 7043 9195 9218 5638 1664 2185 9284 9711 7024 4180 4777 7767 6666 591 8373 9919 4405 3440 180 7207 193 4896 8642 8985 3139 69 4940 7484 6053 488 9113 9448 6034 8330 1437 4049 6867 720 3760 3890 1252 4888 8008 7917 5479 2732 4187 9883 6172 4366 3441 6364 9261 8435 1700 8751 8503 2991 2586 907 9830 1698 6706 5863 6380 8142 9912 3246 5214 23 3487 6465
44 10
733 6740 4226 4920 2974 6749 5637 6415 9464 4898 1201 1163 10000 9703 505 2586 6961 335 635 19 6197 3366 4512 2460 2963 9725 8834 6449 2541 96 7943 3274 6835 8520 4545 9809 5268 181 2575 4731 1430 3775 2245 7782
41 29
367 3141 9435 1001 3159 5632 4367 7671 4443 3681 3747 3277 130 6288 3372 4424 5913 6558 2943 457 6366 8210 6989 8940 2940 8419 9066 1536 6200 8894 636 2918 2035 71 270 5193 2054 988 9215 6496 4669
72 14
4798 5601 5847 9221 1513 2405 2163 8321 5122 6724 5309 4062 6015 79 3127 7550 2630 8373 4537 5547 407 4607 5817 1951 6660 3156 7518 9508 7824 6831 1983 8973 2431 7830 4545 295 234 3059 8615 5355 9782 275 5768 5796 354 5247 9697 2983 3619 4234 4882 377 5192 7050 2327 8204 205 9844 7711 4381 6674 9693 3353 5456 3874 7898 2102 459 7308 7068 5814 7090
44 43
9237 4048 9531 5286 3382 3149 5871 8263 9877 1062 1664 8556 9265 8221 8399 3327 2601 1425 9372 2305 3232 3245 6554 1686 3704 3862 8753 5869 7303 2447 153 6539 6494 9684 8176 9876 9184 398 4490 9061 7812 6154 7616 3428
96 26
6755 3326 142 2478 5630 3374 2074 2184 5059 5777 2397 163 7997 9699 2610 8150 2589 9103 7833 765 5330 7016 7514 6172 2428 5325 2325 43 8753 9402 8761 5507 2727 8902 4336 4708 2275 6409 3243 3685 8538 5639 200 6534 5337 2809 1035 7926 8263 8867 5042 3593 2235 2555 9764 4662 7880 8440 1057 6632 7841 9817 8490 6919 8718 2825 1626 7345 9233 4869 7381 4122 507 7580 656 2196 388 8042 121 5003 6909 5162 8595 5495 4068 4710 6508 1947 9501 7564 8578 3693 3732 3419 611 8802
98 95
6146 1828 9808 9878 2301 6667 7458 2956 8862 4197 998 5334 9199 4258 495 4145 6104 4562 5206 2611 2861 1058 6527 7790 4750 6610 1209 1712 5411 3803 6652 7908 1982 6459 7786 4283 9477 1595 3590 4690 5791 939 23 1342 1548 6869 1838 7651 7783 3396 6614 643 4453 9492 8432 9203 6101 5992 7266 1512 6147 3917 5771 8128 6728 3556 8762 2556 5150 8704 7246 7293 9642 7268 4986 1190 4137 3175 5192 1919 6570 1805 8913 1023 1296 3696 225 3749 9688 3842 1612 5834 7759 7382 313 838 7290 5427
100 93
4130 638 2435 3771 7906 7420 1312 8394 595 6504 6664 7164 4660 5576 8186 5956 9271 4762 6056 5310 8604 7667 7495 2714 1400 7808 3551 8689 3234 3295 3832 7363 3933 6266 7485 8190 3686 8797 6583 632 5300 3246 4147 9959 5173 8685 2266 795 9798 4673 6105 4753 8691 3599 7466 91 7758 7368 5131 7343 663 8962 1057 947 5228 8542 9136 5265 7338 2070 2248 8989 1667 6394 5299 6839 5078 3917 3985 1228 8589 89 5980 7280 40 9798 3722 7797 7165 5204 1492 4179 4166 2548 1477 5745 1089 612 7361 4778
89 33
118 699 2353 1769 3889 3783 5685 4226 5010 625 4314 989 4256 705 786 4329 4854 4303 9533 6345 4833 50 8892 6310 5794 6333 3273 9506 1110 2306 9113 7580 9356 1465 9348 9597 5247 1384 3822 6608 2008 4487 7597 6264 5192 4734 592 45 9036 6476 2741 3869 6525 1632 6530 8670 7964 9802 8175 5426 8459 7287 3005 4167 5104 8704 115 6702 87 288 3310 2094 1126 7258 4709 2669 1991 1653 9065 7379 8128 1805 7599 4653 3437 4128 3322 7752 281
98 97
5092 5135 2533 5610 6590 1236 2076 9644 7674 8715 9305 9768 9840 6562 828 8861 4904 2480 7925 2282 608 9730 9880 1612 9518 359 1285 3621 6992 9133 3150 2083 620 2034 4044 7209 9622 2471 6852 7295 1185 2508 3414 7376 9069 4242 6236 3973 6721 4161 2606 3680 242 2486 1643 6111 9196 2928 6083 6187 2060 9232 4621 2679 7618 5016 6240 7239 7486 9443 885 8670 1951 4299 6046 1019 8540 8633 1343 1612 2793 3949 1644 9386 2786 3286 5496 1981 2565 7931 4520 4625 7162 5492 3655 4779 508 9894
75 69
9337 9254 3015 7639 9904 5412 8657 8443 4044 6352 6406 3189 6652 4401 2574 9437 7687 4422 7769 251 2352 8640 1227 5865 4132 4882 6996 4639 1127 1716 8983 6815 969 8349 4453 872 3760 9462 5666 4156 5813 8424 7344 2464 2824 6269 8252 6862 7042 6020 3465 5745 1012 4691 7962 5143 5924 1309 9781 3403 3024 5115 217 345 3464 1022 7568 7223 483 9586 7730 2647 8009 5073 5110
98 84
9713 4046 4735 2084 7510 6832 3095 2200 4793 8237 4476 6101 4369 7878 5476 9484 4446 5820 9299 5467 3388 2873 2301 2973 603 4947 7333 2027 6408 4516 9720 6120 8561 807 8204 2422 3990 7650 974 8782 2239 5449 1234 6607 9678 6709 2442 4123 8881 1740 5942 8620 4613 8242 1592 1567 3189 5276 3593 9596 9791 3313 2068 4704 471 6623 3477 4460 4272 4450 9593 6510 9898 826 9469 5927 3886 1910 50 2766 2 2343 1385 966 584 9328 2532 3772 955 6124 9720 7098 5788 1787 8153 6258 4761 1629
78 69
6079 6661 1894 2328 7486 7714 8255 7724 5975 4656 6841 5976 6998 4578 3293 7581 257 5824 7705 1212 8300 3776 8309 4087 1914 6461 6697 6674 8089 3765 2057 4167 6778 3950 2847 4263 1663 1101 8338 7638 5756 5179 9965 9105 9756 3258 3037 12 5433 741 7575 3732 868 5883 4171 2781 8695 7219 9454 6784 7335 1511 7302 4112 1812 6500 4727 3475 7600 3064 7464 9707 4594 3780 5163 701 7037 8200
85 65
5292 4639 2553 6160 6874 3075 8940 5568 293 8394 2351 3980 9904 6005 8091 1715 2504 2817 1541 6456 2233 5356 2514 6826 9136 7677 3879 6172 5876 943 4993 1167 5581 3898 3678 2454 6972 2618 8022 3617 1011 6724 7596 7266 9080 2038 5332 7936 1207 3225 743 3439 8580 3256 6616 7715 932 494 239 3159 7788 1583 4326 9721 1832 4355 2174 8804 6972 6547 8772 4334 9623 2719 1599 5054 1108 3283 9341 2314 6507 83 2104 5086 3339
53 20
4270 5565 5743 7429 9705 7325 8106 9425 9157 2460 1598 4312 5784 4497 9435 117 471 8505 8068 1876 9612 1350 1217 1926 4208 1299 4029 5645 4637 9100 1149 5259 1017 6891 9039 721 4216 7144 145 9724 5955 8094 387 1738 8942 9821 1855 9412 8325 6274 7640 7936 3975
73 56
8182 154 6594 3826 1143 2045 4975 6401 3061 8217 5439 3781 2432 8934 277 8507 4888 8371 8893 2978 7312 8713 1184 3076 3389 7457 715 7677 1431 5922 241 5964 6075 6834 6141 3569 8879 7467 9969 1939 5684 1759 2072 4467 7044 2348 2974 8284 7070 8218 1261 4382 6931 2444 3809 6671 6252 875 4347 4034 6796 940 9997 9222 7773 6137 2791 3003 3604 9111 1294 9287 7222
78 65
4265 2064 3078 2548 9134 1296 160 9867 4578 8955 27 1248 5206 901 1947 5591 4048 2886 5587 3269 7010 8076 2411 13 8031 7874 1306 7317 5095 1022 7421 5711 3085 6851 4611 8570 8146 4770 8436 2723 3725 8462 322 5282 5714 8620 873 9761 7857 2811 3030 4867 7238 1792 1231 5268 9665 8888 2584 1111 9909 6357 6822 9345 3207 1432 7915 7704 6201 6350 6778 6277 1164 3451 7911 6877 2071 5135
59 38
4297 6019 7497 1535 7810 5079 6802 3827 3966 5738 4937 3874 8446 1758 9571 1652 9541 7485 5707 2094 186 2484 8370 1349 2286 2632 4578 708 7766 1215 6987 2063 3585 835 3597 7746 5914 398 1572 9879 2487 6509 105 932 4618 9675 8935 4159 7159 4641 6252 3696 3476 973 5045 5762 3605 9622 6469
74 22
9807 9784 7124 642 9732 4869 6555 6482 6441 2785 8968 2949 2889 9900 3918 8915 8834 8076 6073 9827 679 9769 3302 1652 1165 5415 1608 7138 8236 9329 677 8042 5465 7800 5035 5196 2668 7941 1677 5460 726 6997 4760 9966 6896 8678 8881 2081 6753 1305 8259 3784 1073 1561 5435 8589 3327 3394 2078 1562 2722 2754 5956 8186 553 990 9734 9573 8931 1410 5032 6008 4758 9792
90 73
8469 4853 86 1573 6158 8344 5356 3582 6256 7142 8523 5935 535 600 7496 9609 3354 9803 7794 258 7145 7527 9830 2427 5289 4862 8434 46 1005 4406 8051 9473 5611 4488 7397 1768 9183 2753 1701 5439 6246 223 1373 6781 823 5220 2741 4176 1375 534 785 8519 4413 615 945 6053 1828 5730 2450 2832 6487 6852 8656 2097 1339 6052 216 522 5156 1917 2312 7754 2139 36 886 9313 1607 3626 9840 2981 511 625 7851 1275 7591 8795 7327 9418 876 6129
23 1
2980 3608 5811 671 6011 6027 1192 7519 7943 3503 5272 6433 3538 6157 5746 5144 6134 5585 4477 6644 6209 2327 7919
100 99
1597 9568 8349 7725 4520 2063 7057 8127 7874 7727 4138 3900 5270 1656 8194 8772 6927 4626 8661 9435 371 156 5568 2308 984 2211 4868 3311 6481 5019 784 4430 4586 5484 8506 9106 7547 5562 3584 5420 3288 7721 5671 8557 5728 3864 3680 9006 8489 8692 8440 5212 5200 359 7519 6183 2570 8738 9493 5402 3756 6628 9831 4694 2112 8337 151 6010 250 3734 7781 3538 7807 3451 8446 3534 7314 8478 2540 2154 3521 7331 7365 8720 7690 1235 1255 6611 9973 7099 2012 80 3727 8195 4773 2190 6531 4923 4551 6780
93 57
6669 2815 5781 1467 6348 9446 6296 5239 7951 9816 2570 5316 4888 6611 2902 6142 3221 9226 3240 1584 9306 3318 9778 4078 1859 2660 9001 6409 5792 4009 8739 8812 6823 871 6630 9522 6668 2925 1113 4619 9093 34 6286 332 6644 9187 2825 9864 8413 2416 7799 7718 5734 7577 8147 7592 6588 3499 4001 2379 7507 9091 7543 681 6314 4172 6555 2981 3449 4019 7599 2541 4052 236 9224 695 9423 2048 6910 4187 4463 4708 8256 6548 8636 2754 492 5224 6253 844 3954 3759 9934
100 96
2599 2020 3698 5580 5468 7716 9530 4360 1767 9766 3583 8813 5540 1982 2074 6078 2796 3133 685 9344 1769 3438 9835 3344 9690 7030 3649 9801 3315 1497 6944 5914 3516 641 1493 8983 4708 7374 9694 2826 3491 3276 1638 5382 1609 63 7811 4404 3195 8495 3747 1315 1933 9933 4658 7974 6962 4659 7774 277 6155 1069 2542 6022 1709 386 1356 6416 7759 1049 9241 7602 676 7230 2983 2284 7292 7146 6687 487 5640 6786 8153 3924 6718 9163 1898 32 3821 6023 6660 6327 7092 9201 2348 5152 9586 55 7920 3696
42 3
1297 1778 7094 632 4061 4385 7777 7099 1223 9768 3884 9376 3692 6954 8538 1941 3337 8710 4315 9996 5036 7758 5548 3735 2910 5133 3789 7181 5180 1243 692 6477 3020 7785 3460 3432 8522 1236 530 6096 7355 766
33 23
7719 6712 5690 1055 5421 5 7402 6808 4114 2949 6894 7023 8081 682 555 3260 1924 1247 6088 1295 5383 5899 1078 3904 3486 1608 6352 841 2373 8174 8238 6443 4886
61 28
306 284 4898 3466 4397 7846 359 1420 2278 7393 8326 1889 5668 9572 4329 6963 1307 227 8040 5210 3713 5999 1561 4553 4723 6087 9142 1165 972 3069 5013 7629 9704 6262 1094 4101 4107 7805 1872 2736 5197 197 977 864 9769 1657 4178 1075 1883 2218 2636 1947 4568 549 2851 9291 6635 1993 6807 3958 1413
86 20
1117 8081 9032 5217 8540 6836 3440 7627 8384 3636 8603 5599 9756 259 9777 7182 8494 8346 6170 6792 2913 6718 9643 8555 9704 7987 5362 13 5751 7181 1598 6867 1613 6981 8435 152 168 1874 7779 8551 1862 2733 502 1617 9344 278 8799 4189 4975 4968 980 7887 8037 622 2794 4092 4960 8155 4104 711 1687 2053 7577 9651 9034 2364 9803 5553 589 3933 456 2450 3017 957 419 2360 7586 5569 6548 2560 6888 7528 6798 4924 4501 9591
82 67
4097 9470 6523 2135 7874 451 1786 3259 2814 1588 8812 9755 1872 5619 8556 4888 6575 8974 7248 512 894 147 3071 7781 4026 9868 9056 4879 5811 4422 691 9907 243 7213 2042 8117 7663 3827 1375 477 1766 6538 6583 3637 2156 5138 8524 5082 464 2123 5593 1357 8622 8663 9138 2647 4883 4545 7525 693 8967 8215 599 9209 1779 2640 7325 9442 2818 5052 6270 4583 1589 2852 8219 3745 4341 3095 8826 4804 1569 4419
20 13
9433 8002 9189 4315 2546 6713 5007 1512 1280 1958 7073 9410 4597 4397 8851 7415 5800 5120 1997 7389
74 71
1133 2312 6014 6310 3467 7582 7080 5979 7772 6513 332 6960 7179 2878 24 2186 741 7655 4143 7813 7065 5091 8562 5915 8857 4361 7387 7206 1749 5357 3773 9233 4020 9786 1895 3839 3719 8974 9817 1490 1838 6501 4801 9017 9378 1177 7554 118 5183 8048 4283 2247 9490 2844 4514 8347 7204 1900 5552 5305 3608 5676 889 3980 1813 2783 7818 5531 8109 3986 3373 6298 486 4525
99 66
5701 9219 6333 884 3618 6967 9482 3108 9810 347 7806 3365 8598 9709 5021 2206 1736 2262 2537 3548 5044 354 5430 9504 4339 5154 5802 1177 9679 7467 7391 1731 3038 75 8966 6655 7041 4800 6114 6850 5146 271 6567 3744 9979 7939 2301 1714 200 4837 1613 5244 1542 7043 1099 5880 8548 3252 3408 4578 719 799 6309 108 873 1626 3114 7914 2777 5580 1115 7923 5850 4033 8018 5829 1972 6670 3894 2171 7858 5507 3766 9399 8901 1217 1630 7448 4468 5038 8378 1538 5836 1038 1645 3060 2663 4759 7325
50 40
8440 9714 2539 8824 4083 4719 795 752 8613 9318 4961 471 3083 4359 9371 4299 5988 3170 5119 7377 7899 6656 3212 8936 8301 2624 1599 9411 9948 3390 6100 4739 9455 8638 3563 3537 9709 709 640 8321 26 5600 5143 9461 9958 865 111 2297 4034 5229
31 26
1885 9237 7220 6537 1860 5170 5947 8160 8559 8398 2898 8013 3387 6460 7901 3095 7169 8540 7767 3546 491 2909 3006 6800 3773 3117 5449 4159 4697 1474 2443
97 81
9662 3117 8922 4832 5415 3433 9742 3812 6330 4107 7199 2790 2007 6645 6310 6899 4412 9855 7389 7320 9213 541 1093 2329 5989 5251 3377 7462 7693 9958 4523 3706 9426 9796 4889 1193 3228 4631 5004 9558 8737 8554 8699 7095 5199 5008 345 9610 1214 4086 3281 426 4626 4373 9106 614 5975 2483 4427 19 2440 8949 3725 8217 8745 8613 9409 8324 9595 765 4233 4683 5670 2931 8130 868 4290 8474 6829 5504 8911 6462 2281 3536 7186 1387 501 3161 3869 1279 9531 2660 228 3255 876 5324 8220
85 37
7814 7401 4232 8849 3070 7162 6978 290 7804 5451 3470 3307 714 9931 5587 4249 7117 3325 1102 6629 7193 2380 6159 6204 8959 9414 3432 634 3985 68 633 8150 3820 4864 6998 3241 2025 3975 3530 9828 5778 3352 9486 6491 3282 1425 7091 6750 4749 4544 3378 8294 3276 9537 4497 2234 5302 7928 2868 5638 7995 3500 3787 8166 8363 7137 1407 6739 7463 1288 2919 3240 4639 2404 6082 4273 180 9525 1022 4929 4068 752 3222 7343 6640
77 70
1941 1998 8796 3930 6344 8647 4068 4510 7009 1204 5916 99 5019 7203 3017 4610 1842 1773 692 2466 1952 216 3487 6880 635 4238 6453 7978 7229 523 3906 5521 8872 9053 9450 5215 7699 3518 9724 1059 1073 1991 1157 6091 5546 526 7053 7387 2298 7744 6204 4249 4311 9690 7481 1297 280 3933 5626 7508 807 9531 3029 9678 4935 8830 1245 2633 8699 968 43 9772 9311 1200 2214 4856 8077
92 66
374 3361 4797 974 4023 838 8454 5320 1117 8739 7297 4977 5897 6828 4357 5575 8114 3186 6819 7099 1885 4138 7141 8008 9800 4692 6573 4655 2768 2191 9600 9493 1903 4396 467 2278 1586 5272 3949 9054 4010 1245 4030 9907 4424 4738 1833 2538 4276 5003 9636 2512 5492 6776 519 5292 7820 3443 6298 587 1985 2250 6432 3888 6645 6898 6165 4582 2169 113 3636 2531 1357 7665 8789 5781 8755 621 4670 3030 1975 4305 5541 7466 7432 2411 9109 5251 2205 1759 2190 4190
9 8
8077 7004 1870 593 1586 390 705 5221 2920
84 13
8060 545 7991 8680 5214 1020 7006 5870 2912 824 9654 1674 9932 1256 3879 8042 9797 8068 2049 4769 2496 9053 6638 3088 6990 7028 144 2210 6299 8556 1446 4359 5453 5789 9390 7018 3160 6396 2888 6072 3571 8893 7745 3502 148 7975 7896 9945 6042 9944 4713 4889 5348 7703 7976 2337 1082 8119 898 7380 3027 2344 8090 4831 8132 7480 1848 1291 227 1087 3714 3797 9979 7811 3650 6479 5785 1545 6423 8179 7841 7487 3067 9540
99 89
1877 6270 5513 9126 2 4891 1469 8091 9721 5952 1922 7921 3595 8500 9007 3660 8648 5338 1470 2298 1816 3607 194 4590 1785 4386 2076 4851 3926 3617 2245 2154 6238 4110 7631 2591 9000 9100 682 5073 1403 8955 9345 1349 3807 8351 5009 2454 40 2830 1103 1855 6436 7649 6444 8220 2034 4872 9423 2311 8488 1667 816 1077 2128 8447 3668 7480 3898 701 2552 1652 9655 1896 3001 3461 6598 8009 2267 6638 7190 3369 4844 3626 1017 1288 8197 9403 2511 7619 1713 7350 5638 8881 8426 7765 3679 2093 5244
93 76
4147 9227 5152 2394 8579 4964 5344 2939 7230 8333 129 599 3176 3754 7967 815 8302 7369 3325 5921 5434 674 7910 666 5452 2026 4344 3896 3622 8271 3041 4120 7497 8192 6514 6076 3155 8209 9014 6737 6541 5494 3687 9716 9247 1653 531 7549 5374 207 9821 807 7233 7730 7824 9036 6107 2167 2931 9728 437 2323 3848 4285 6866 6713 6712 6373 4921 2078 3109 1461 7571 6795 7528 6818 4799 4410 718 172 969 6890 7330 8201 971 5153 7236 7077 7319 6518 6805 4107 8841
12 4
5706 3716 1455 2078 4988 3532 5186 6448 1103 8332 327 4272
39 31
1341 3302 5705 8230 632 257 9200 5784 7492 6276 9455 361 9432 9913 9201 6435 4656 4907 6502 6111 3336 1489 5994 8522 4288 3448 6853 967 7719 6335 2055 9059 9637 7759 3640 6620 4367 2839 8755
87 10
8209 8570 4898 4474 7771 7685 9129 9029 538 1591 2364 2027 3937 885 2666 7384 4090 9984 5103 424 2038 513 6412 6148 505 3031 514 3343 1786 8723 5161 6346 7293 59 819 1415 4095 6300 443 4632 4242 2806 3010 8178 43 2028 5562 484 2011 7016 7259 4049 3880 3671 196 4384 3053 710 4079 1190 5784 9239 3888 9428 5649 4706 842 6095 7357 7636 727 7951 442 88 6128 6836 8467 8041 7319 478 5056 929 878 5288 951 7425 6023
90 4
101 1545 270 5692 5432 9697 7692 6490 6891 3787 198 4526 865 8148 4967 7304 628 8154 5771 8668 1824 6248 76 2753 3477 5363 3703 901 7737 4058 5387 7838 1955 5656 9881 7386 1704 7572 227 8594 7710 425 3120 8574 8572 4438 2230 9199 8944 8000 4219 767 599 4294 9871 4075 6008 3574 4975 3744 3983 6713 7933 2289 8720 7813 9675 424 1737 9901 5369 9446 6677 8488 4372 5249 9278 6601 799 4573 4600 5017 5339 5198 5662 5210 5624 8021 5135 6950
