14.4534
25.9590
27.3163
36.5736
14.5090
33.2350
13.2642
28.6058
33.7702
28.6629
23.4691
31.4789
29.3311
29.8043
29.4113
33.0742
25.1911
35.6741
26.7579
34.0703
30.8832
30.2837
30.3445
31.9390
24.0910
35.0370
12.7551
33.0667
10.0931
35.0320
27.8517
4.8700
16.2282
21.6587
23.5066
25.6993
26.1400
31.7750
23.2012
29.4829
32.1599
34.6930
9.4094
26.6299
19.1986
30.5224
31.1325
31.6616
12.4898
12.9203
24.8702
18.5166
29.7377
33.3693
31.2330
15.6184
13.5225
26.8568
15.8916
34.1069
33.5791
35.0763
29.6274
32.9003
26.6868
33.0492
28.6074
28.6478
18.6088
25.4223
26.4839
20.0353
26.5210
27.5853
23.0000
36.0068
33.3712
33.0993
21.4888
11.4554
19.3610
30.0784
27.0252
8.0301
26.0603
32.7706
17.0222
11.7852
33.4360
30.5347
24.5962
31.7172
2.8935
31.8626
32.5296
32.9238
5.5295
14.3413
30.3040
42.4404
