500
612809711
6272232988573429
25521382
1666440306137678
3188257822872617
4589497824268687
1416028041
1100822604
7711829083560973
939319402
1174315786
782392946
8264272252125929
604979306
1239836542
75835917
1261196656597693
1888966995004487
7642065141109052
304961351
55048589
774996926
55638627
865632383
2692162294068708
169926088
4980421330696645
15194015
1739390840
1104714958052105
3135635459795620
343316862177517
3769627982003979
405292877225826
6701123460580665
692527113
7252724073587320
9590629511772816
9144970209179866
1166598000
541078091065044
1536514661
2047471993682030
812236091
3435483563440357
7607707412585291
137062932
566002034979162
1039288297043566
1821774018
7597219668006940
355009952
5333523576532334
7435450462922101
1039731422
3777184776420767
9990973937612870
2024839572870739
8584745338444618
812171355
1887998632
258559814832784
1308188207
1442953177
508122663757363
1746804554
3362075937465044
8237866204361160
2141436743
1950348183
172861306
1766674910697392
8837013695034221
105711415
6853927865469771
7814805250388731
1655301496
8318290771092884
1612678517
9176117086522417
9461459238148661
7512556948673775
3251322196904467
5464928374317809
8735167211894253
4819355320158897
7550411247599528
1168526212
207916490
1370121410
9369471985507037
5617786452405284
8033445945845024
9649562537635509
7783869819706743
970041766
865294301
3221784452304092
1158388249
1154933184
2016815474
5692519268055477
518806442922691
1691746946
3149293738322616
372685371
5500779728931526
5915602038694071
786055188764666
6415645736741636
1948082508
9498524827598881
4016705122824785
1666371394
314271250
298189177972749
1394679832250437
171853025
1589224417
4383276303041364
158873170
4824048111433365
5216115593860089
1545761682
746580101
1456930541
1536305297
2313162337539451
590374371
1280134856
8717434511737120
1802092280
5617037499132757
4737200530227105
1923807533
275932648
3672000130126001
2092960057
4761488722567569
6176313589678094
7396567663947326
4159116106044499
6414669484119823
1662820410
1302039271
1017293559
4693806531141697
1061531311
2621138480352299
723912239
476412948
4190129851233275
1272186514520526
1003475680488587
9352072673982792
5072183982203738
293984618
4976848482817217
536980252
2115608555209458
3453213392219915
990248735
824921475
2517414909415116
7676202149868036
5178444177932300
28983914
3892649402292508
85961828
426429576
1787801303
533883721
1316005209
1977638450
4736152998317088
1436624641
1812621127
1398123274329014
7977305329685959
498696252
2061334606873067
7601548093583145
4502160649459874
504245412
699589525
2941896252424988
953628789542396
1518873422
5847717105182122
1557032025
1068689493
492557647
892084490
644266663057280
9536362404285046
1436627055
1492051139
4232784810420216
1943302135
754367781
7176040957362534
4510021909910934
4125402490570744
1822247352170816
8153246340175336
4051538083308472
5388850791481902
873138943
2095692636
2074284213
1417656481
208463836
1957536236
5931276009558634
9727181210676170
182611629
2228271839410773
366474224
4178470307878759
9071783979330923
1860926960
899644651
7973873202681132
5807341342815869
1273321026
1689006193
1247330162
9549214252239226
3229046437959103
94452385668428
6169483086969284
649269000
7938949216350096
2716248067075770
1832386610
7554967205730010
782934379
442006315
505284224
2638511910645382
8712394072867788
279302791
8030955481510982
698890580
626260165
321327226
3398417072390382
62604220
390245117
5774798339541377
1252010711
643209276
95902017342422
630468448212134
24504959244513
2820831278706064
1349144519
646094617
6043429210764852
2110732628
1243989225
7265178337157351
1554962830908765
8132176830719774
1574340315
407247312085076
348324163
5666878846448907
3029759495602973
3228409986025195
1400183471748351
3417672997716018
1919009995
9870610317698657
364799743548743
4983376208236203
44603315
1791198189263030
257633977
1477189812
3518659945497442
794181061
4618186652387579
2100611705
5239523294114116
872895964
994375345
1792889856
1106145993
184157302
3952059304732481
5966489468501737
1290044647896948
5008110297152816
889197063
7454996858330191
1015891792
2026948495
916643585
1121863774
1298585774572441
934665155
1123544141
3710218809736026
1858082226
5043973765603355
986247821702380
1916158550
7408382120875666
1081877263
4204001427865784
2123491393
1409044042
361918050
9976781297406989
188428099
2441612002441050
870432745987921
7580798234590340
1801821037
1464003179
1339302259
239696737
7724820038929568
5306501603137505
1945104763
2736201230997411
8480442976698799
1393049410502050
362555808027342
2159020916508999
1358987602610836
9117311388438643
1945160066
202578019
9274942548028188
3092675802840543
1445311653
53525404
382898651073235
1518334565
5529960612827898
7894585093105609
637760501
227788380
3383949253005376
1578229044
8205222574101996
4596202577892655
644495201665853
7914800840400508
150252254
1599751630
2106448444
286265117
5241365754771862
6351152545831913
2621540784606309
1798974826
3235238178477582
1009165389
567419935
1812993740899821
2055520791
2742445095212151
201559838114364
8389916929204884
3410533812755366
7506264250911955
256778747
1389398401
560200148799095
950546228
5976964318944698
8505069295732363
7052881093255219
1320877431
808205096
4750014216364076
9424636134705859
2105780775
3617140016336057
1431061067
3493717675924946
3207978760288288
4942139770237020
7721131483835537
4661076700410574
8927366900844681
6662730163340734
9813805233034405
4037733827181733
1708379584
5067751460613234
254270356
9351490267449529
471965017684547
542103682
502802433
1828851022
2924225517893314
4316936203881497
1889247214
9305776356108403
1268518501
1608471574
3927385555580729
9360933236215574
8547814726845261
885881315
2249324053961347
7679079034037124
1560955724
224501616201038
969748761027633
1960206809
484953137493379
5998649498856381
995891708
536921888
474940901872925
5033739843646059
1781912932177600
977478522076701
4116765897900854
184228019
4832886021095483
1057496308
5655085250199862
8761934250920224
423185090
1539673203
1831464854
9124711208977270
6021025
990061106
552407018
302734011
603925234
1696770806
5202930731341949
7699898890587907
1796400206
3862540674572246
1016367303
5001821086881738
7973169621467708
2657249564623687
1356097299
1527336987414347
6828506938184111
1171979641
247070998
1920341108
8009410868484690
3711446969381126
2246396165893963
1074074661
240281379
262811435
2676415886126084
8376609788620250
4336293868164020
7527606247129638
711933949160323
9602866594983544
818110534
936938296
1005107754
3861046038065028
6391486948293047
3638251849157511
1754062455
2097259575
2504217595343334
1476546510
3592992911675823
1688343900
757440427
2537743874338554
948001025686469
265974240808308
4761825164144659
2051789420
5649793427655714
1268545797
7617226402222262
5489668041092655
4598541663960816
8873108128612455
1635023023
3401968243170787
113498600874812
1736596267
5810440935120255
1027992809
1580389490
2601241872011677
1560815507
1386938449
