5
5
8
1
9
12
10
5
15
12
11
9
1
1
12
2
11
3
16
11
13
5
6
7
14
8
6
8
8
6
15
12
13
7
8
13
8
11
10
1
12
13
1
13
8
3
5
13
13
14
3
2
12
1
2
15
12
12
13
10
5
2
11
8
2
14
7
11
5
1
14
6
13
4
5
8
12
10
11
12
3
7
2
1
1
8
12
11
14
11
9
9
3
10
1
4
12
12
7
9
13
1
13
2
3
5
1
6
5
12
14
1
2
3
4
8
4
10
12
10
2
5
10
9
12
10
6
13
16
14
2
14
2
6
13
6
5
11
9
9
10
4
13
2
9
6
14
13
9
14
5
1
13
1
8
7
3
2
13
8
11
13
7
3
13
4
12
9
2
3
8
6
1
13
14
8
8
15
4
2
5
5
6
8
7
7
2
2
7
12
12
10
8
4
15
15
7
6
15
1
4
7
15
14
14
14
2
12
12
13
10
15
2
7
11
5
6
14
9
9
14
8
8
11
4
3
13
3
10
13
5
11
4
15
8
10
8
14
2
10
6
9
2
3
11
7
2
12
8
9
7
7
8
11
10
8
4
1
4
12
11
13
13
12
11
1
14
5
6
9
8
10
13
10
4
10
1
4
8
12
7
11
13
12
13
6
12
12
7
6
6
3
14
13
4
2
2
8
8
11
2
1
1
3
11
10
3
6
4
10
9
14
14
2
3
11
9
3
13
10
4
1
6
11
2
6
10
13
2
8
11
14
7
6
10
2
8
10
12
10
1
10
4
10
17
1
3
4
11
1
3
2
3
2
12
4
13
2
7
5
6
11
7
2
14
12
11
10
9
12
7
6
5
14
15
2
7
9
4
8
10
2
6
1
5
11
9
10
6
5
2
5
8
12
2
10
1
8
10
7
15
8
10
8
10
8
11
8
4
8
1
7
1
8
8
4
2
11
6
2
3
10
13
15
15
4
12
11
7
1
8
7
10
6
9
14
4
8
4
9
5
1
4
2
2
12
12
10
7
1
10
5
3
11
14
1
3
13
7
9
10
8
10
10
13
15
8
3
2
10
2
12
5
13
1
9
7
8
8
4
12
13
11
14
13
12
11
14
16
11
1
9
3
14
4
8
9
5
10
1
4
6
13
12
5
7
7
12
12
11
3
12
5
6
6
8
9
4
14
2
6
1
11
1
4
5
3
7
5
9
3
10
10
10
10
14
3
10
10
9
10
14
5
5
7
8
10
13
7
8
15
7
13
6
6
5
2
10
1
14
10
13
10
12
14
6
2
3
9
2
12
1
11
10
13
2
13
1
1
9
8
8
1
14
3
2
13
1
2
10
12
4
14
6
10
13
10
9
3
10
6
2
13
6
2
3
8
6
1
11
3
12
14
5
7
3
2
14
2
6
8
3
1
11
9
7
14
7
11
13
3
7
7
4
7
1
9
1
14
1
3
5
1
14
1
13
9
2
7
14
6
11
6
6
2
2
11
13
15
10
3
11
7
13
6
13
