1
2
3
4
5
6
7
8
9
10
11
12
13
14
15
16
17
18
19
20
21
22
23
24
25
26
27
28
29
30
31
32
33
34
35
36
37
38
39
40
41
42
43
44
45
46
47
48
49
50
51
52
53
54
55
56
57
58
59
60
61
62
63
64
65
66
67
68
69
70
71
72
73
74
75
76
77
78
79
80
81
82
83
84
85
86
87
88
89
90
91
92
93
94
95
96
97
98
99
100
101
102
103
104
105
106
107
108
109
110
111
112
113
114
115
116
117
118
119
120
121
122
123
124
125
126
127
128
129
130
131
132
133
134
135
136
137
138
139
140
141
142
143
144
145
146
147
148
149
150
151
152
153
154
155
156
157
158
159
160
161
162
163
164
165
166
167
168
169
170
171
172
173
174
175
176
177
178
179
180
181
182
183
184
185
186
187
188
189
190
191
192
193
194
195
196
197
198
199
200
5000000000000000000
4999999999999999999
4999999999999999998
4999999999999999997
4999999999999999996
4999999999999999995
4999999999999999994
4999999999999999993
4999999999999999992
4999999999999999991
4999999999999999990
4999999999999999989
4999999999999999988
4999999999999999987
4999999999999999986
4999999999999999985
4999999999999999984
4999999999999999983
4999999999999999982
4999999999999999981
4999999999999999980
4999999999999999979
4999999999999999978
4999999999999999977
4999999999999999976
4999999999999999975
4999999999999999974
4999999999999999973
4999999999999999972
4999999999999999971
16143140616100
26456479250114
33306783821117
6644248273211
7534721327274
361929016641
29648824392327
23555018248848
10599370392505
17419747554571
27836626908777
16043341780880
411918635861
12641693301523
32821322143917
23486441953564
31633622069693
21393616331455
13780870491867
32158139373452
24572402008266
15994075855495
10336780685353
2559063358521
4994604311864
6120783609561
14572332559618
10664883150045
31553098081643
16667368183284
3590234681380
18348305978336
27720565684352
30208232579301
11358195006280
29795524715468
3875788705294
15394659018766
12292962362588
11032602685460
10599308136822
1022510594701
32151308110695
11128155660091
24749820757966
23721999506256
25894371121014
15164010825567
33900621915184
28040632853801
14165572810949
11045236485554
10801907101079
28836460865989
1521433346594
8902347293312
2292237937110
35179297348735
13660487679919
26622592534644
11869563611226
2594576504659
238712248427
33837898227443
23456609568282
21993784131282
436449705790
19412250581438
6307248058705
21122111174847
28334386021260
3571720782969
22281538135638
25444430989158
27757823524219
26108626095789
9191166892886
18986606763274
7520735967047
15778850238854
7688072427049
1551947165212
29531057482805
31391433258524
32956703099566
3627051514055
2292660515449
31469022711010
28403867931588
35109235560162
14572074471276
30763627111764
5637163468024
13470307286824
13881530967954
4702480660047
7415470991501
26533533614226
34667137697842
4707246733169
34167610217577
17595800486253
20437614637889
1102720906677
16422888984095
12950642028987
27225104480415
33022280699611
4747269813870
24057578980705
24309417814072
6712266800802
24594620339260
17895614293000
25950016816916
19070570595220
2658579692450
12397161429435
6478241050139
14040047033353
6159576125614
29536880847009
6607003080416
531721925983
11062098822170
2566625074486
5656763439608
29893549391798
35098860335488
9808233575943
30075900382488
9869660160694
30317858064330
33736995685886
23025649130314
21792897508307
3654313424208
9271553961334
28790179848387
16231736591454
12468003486018
29420695572190
3204921374222
29007806664908
8712611295451
17504177968655
20357789150653
17025659969308
12278654954986
28058731172287
18393281083307
10733647983998
19189688314334
12083464068666
30258975311804
5862560275446
32369757196077
26641863005860
17477806760295
17228212173959
33650280652963
32796231964719
7310129195024
26823938001337
28201191049151
31032603911402
20992747234035
30114002047194
29123331167426
23160991038854
21952768947774
16246723211711
26674079432856
18535254974032
10405179198221
26935230536019
34007183986037
9422405187480
14444602174252
28642881247223
4779702070566
8664053277608
13959744434946
24995266214791
20011884989699
24116657794581
12389323368450
11017933240026
16086446951491
13140272079751
19884778355302
3742573761900
35077368323769
8241972441259
2780289490538
21992945837496
20086616818386
5695055349224
14568968900755
31451128708814
6844541019376
3959031389017
12397524908754
6448157895692
30736506828988
22777872091249
34385562189408
34242616160447
23453355838203
14902914990059
29555100994582
324553015788
9048502067107
28588787733349
9911138634518
7337848730423
22565067581393
24705068123219
16465362345636
5007111577618
33743675683589
27109330943991
1813879900969
34137427716801
23468308496568
6255080244014
11694347744023
11241537672430
19069673228691
329904856898
23481903193068
27243084709419
29961219169693
10662262704240
32548161962018
11035192827952
26205000349742
1436320755690
6831320948841
4035926627805
31267918795450
10309521210464
5800563546271
31570040836952
2333753035889
24660380496573
34384043918077
17680067917418
29640092529456
15583306616602
24068397673999
8402095830517
21726651936326
10354273395800
28127526026995
32965838286503
15997667560468
13731258229850
23281648053899
4528033171733
1055291678973
35072744208449
4497041219628
18854910970326
6197943259397
24715321827781
27126549676367
29141274109916
28027737020825
15318822536050
14930157975875
5265288196513
27409668645348
28425324547694
8505523551626
32853369756157
106807871538
20706976241258
15645348440393
6490571593883
6550247291546
7587552406605
19912714320506
22071577028923
24603758337500
34632830841305
6541443860956
15785505361899
16296329980382
2597953318975
10370582114078
21100759941048
6199543656160
28328798181
22617534396229
27347803103659
19148356090320
14649319874964
23634973230181
14782643866953
