1
1 
1 

2
2 
2 

3
3 
3 

4
3 1 
3 1 

5
4 
5 

6
4 1 
5 1 

7
4 2 
5 2 

8
5 
8 

9
5 1 
8 1 

10
5 2 
8 2 

11
5 3 
8 3 

12
5 3 1 
8 3 1 

13
6 
13 

14
6 1 
13 1 

15
6 2 
13 2 

16
6 3 
13 3 

17
6 3 1 
13 3 1 

18
6 4 
13 5 

19
6 4 1 
13 5 1 

20
6 4 2 
13 5 2 

21
7 
21 

22
7 1 
21 1 

23
7 2 
21 2 

24
7 3 
21 3 

25
7 3 1 
21 3 1 

26
7 4 
21 5 

27
7 4 1 
21 5 1 

28
7 4 2 
21 5 2 

29
7 5 
21 8 

30
7 5 1 
21 8 1 

31
7 5 2 
21 8 2 

32
7 5 3 
21 8 3 

33
7 5 3 1 
21 8 3 1 

34
8 
34 

35
8 1 
34 1 

36
8 2 
34 2 

37
8 3 
34 3 

38
8 3 1 
34 3 1 

39
8 4 
34 5 

40
8 4 1 
34 5 1 

41
8 4 2 
34 5 2 

42
8 5 
34 8 

43
8 5 1 
34 8 1 

44
8 5 2 
34 8 2 

45
8 5 3 
34 8 3 

46
8 5 3 1 
34 8 3 1 

47
8 6 
34 13 

48
8 6 1 
34 13 1 

49
8 6 2 
34 13 2 

50
8 6 3 
34 13 3 

51
8 6 3 1 
34 13 3 1 

52
8 6 4 
34 13 5 

53
8 6 4 1 
34 13 5 1 

54
8 6 4 2 
34 13 5 2 

55
9 
55 

56
9 1 
55 1 

57
9 2 
55 2 

58
9 3 
55 3 

59
9 3 1 
55 3 1 

60
9 4 
55 5 

61
9 4 1 
55 5 1 

62
9 4 2 
55 5 2 

63
9 5 
55 8 

64
9 5 1 
55 8 1 

65
9 5 2 
55 8 2 

66
9 5 3 
55 8 3 

67
9 5 3 1 
55 8 3 1 

68
9 6 
55 13 

69
9 6 1 
55 13 1 

70
9 6 2 
55 13 2 

71
9 6 3 
55 13 3 

72
9 6 3 1 
55 13 3 1 

73
9 6 4 
55 13 5 

74
9 6 4 1 
55 13 5 1 

75
9 6 4 2 
55 13 5 2 

76
9 7 
55 21 

77
9 7 1 
55 21 1 

78
9 7 2 
55 21 2 

79
9 7 3 
55 21 3 

80
9 7 3 1 
55 21 3 1 

81
9 7 4 
55 21 5 

82
9 7 4 1 
55 21 5 1 

83
9 7 4 2 
55 21 5 2 

84
9 7 5 
55 21 8 

85
9 7 5 1 
55 21 8 1 

86
9 7 5 2 
55 21 8 2 

87
9 7 5 3 
55 21 8 3 

88
9 7 5 3 1 
55 21 8 3 1 

89
10 
89 

90
10 1 
89 1 

91
10 2 
89 2 

92
10 3 
89 3 

93
10 3 1 
89 3 1 

94
10 4 
89 5 

95
10 4 1 
89 5 1 

96
10 4 2 
89 5 2 

97
10 5 
89 8 

98
10 5 1 
89 8 1 

99
10 5 2 
89 8 2 

100
10 5 3 
89 8 3 

101
10 5 3 1 
89 8 3 1 

102
10 6 
89 13 

103
10 6 1 
89 13 1 

104
10 6 2 
89 13 2 

105
10 6 3 
89 13 3 

106
10 6 3 1 
89 13 3 1 

107
10 6 4 
89 13 5 

108
10 6 4 1 
89 13 5 1 

109
10 6 4 2 
89 13 5 2 

110
10 7 
89 21 

111
10 7 1 
89 21 1 

112
10 7 2 
89 21 2 

113
10 7 3 
89 21 3 

114
10 7 3 1 
89 21 3 1 

115
10 7 4 
89 21 5 

116
10 7 4 1 
89 21 5 1 

117
10 7 4 2 
89 21 5 2 

118
10 7 5 
89 21 8 

119
10 7 5 1 
89 21 8 1 

120
10 7 5 2 
89 21 8 2 

121
10 7 5 3 
89 21 8 3 

122
10 7 5 3 1 
89 21 8 3 1 

123
10 8 
89 34 

124
10 8 1 
89 34 1 

125
10 8 2 
89 34 2 

126
10 8 3 
89 34 3 

127
10 8 3 1 
89 34 3 1 

128
10 8 4 
89 34 5 

129
10 8 4 1 
89 34 5 1 

130
10 8 4 2 
89 34 5 2 

131
10 8 5 
89 34 8 

132
10 8 5 1 
89 34 8 1 

133
10 8 5 2 
89 34 8 2 

134
10 8 5 3 
89 34 8 3 

135
10 8 5 3 1 
89 34 8 3 1 

136
10 8 6 
89 34 13 

137
10 8 6 1 
89 34 13 1 

138
10 8 6 2 
89 34 13 2 

139
10 8 6 3 
89 34 13 3 

140
10 8 6 3 1 
89 34 13 3 1 

141
10 8 6 4 
89 34 13 5 

142
10 8 6 4 1 
89 34 13 5 1 

143
10 8 6 4 2 
89 34 13 5 2 

144
11 
144 

145
11 1 
144 1 

146
11 2 
144 2 

147
11 3 
144 3 

148
11 3 1 
144 3 1 

149
11 4 
144 5 

150
11 4 1 
144 5 1 

151
11 4 2 
144 5 2 

152
11 5 
144 8 

153
11 5 1 
144 8 1 

154
11 5 2 
144 8 2 

155
11 5 3 
144 8 3 

156
11 5 3 1 
144 8 3 1 

157
11 6 
144 13 

158
11 6 1 
144 13 1 

159
11 6 2 
144 13 2 

160
11 6 3 
144 13 3 

161
11 6 3 1 
144 13 3 1 

162
11 6 4 
144 13 5 

163
11 6 4 1 
144 13 5 1 

164
11 6 4 2 
144 13 5 2 

165
11 7 
144 21 

166
11 7 1 
144 21 1 

167
11 7 2 
144 21 2 

168
11 7 3 
144 21 3 

169
11 7 3 1 
144 21 3 1 

170
11 7 4 
144 21 5 

171
11 7 4 1 
144 21 5 1 

172
11 7 4 2 
144 21 5 2 

173
11 7 5 
144 21 8 

174
11 7 5 1 
144 21 8 1 

175
11 7 5 2 
144 21 8 2 

176
11 7 5 3 
144 21 8 3 

177
11 7 5 3 1 
144 21 8 3 1 

178
11 8 
144 34 

179
11 8 1 
144 34 1 

180
11 8 2 
144 34 2 

181
11 8 3 
144 34 3 

182
11 8 3 1 
144 34 3 1 

183
11 8 4 
144 34 5 

184
11 8 4 1 
144 34 5 1 

185
11 8 4 2 
144 34 5 2 

186
11 8 5 
144 34 8 

187
11 8 5 1 
144 34 8 1 

188
11 8 5 2 
144 34 8 2 

189
11 8 5 3 
144 34 8 3 

190
11 8 5 3 1 
144 34 8 3 1 

191
11 8 6 
144 34 13 

192
11 8 6 1 
144 34 13 1 

193
11 8 6 2 
144 34 13 2 

194
11 8 6 3 
144 34 13 3 

195
11 8 6 3 1 
144 34 13 3 1 

196
11 8 6 4 
144 34 13 5 

197
11 8 6 4 1 
144 34 13 5 1 

198
11 8 6 4 2 
144 34 13 5 2 

199
11 9 
144 55 

200
11 9 1 
144 55 1 

5000000000000000000
90 84 81 78 75 72 69 66 64 61 55 49 43 40 36 30 26 23 21 19 17 11 9 6 
4660046610375530309 259695496911122585 61305790721611591 14472334024676221 3416454622906707 806515533049393 190392490709135 44945570212853 17167680177565 4052739537881 225851433717 12586269025 701408733 165580141 24157817 1346269 196418 46368 17711 6765 2584 144 55 13 

4999999999999999999
90 84 81 78 75 72 69 66 64 61 55 49 43 40 36 30 26 23 21 19 17 11 9 5 3 1 
4660046610375530309 259695496911122585 61305790721611591 14472334024676221 3416454622906707 806515533049393 190392490709135 44945570212853 17167680177565 4052739537881 225851433717 12586269025 701408733 165580141 24157817 1346269 196418 46368 17711 6765 2584 144 55 8 3 1 

4999999999999999998
90 84 81 78 75 72 69 66 64 61 55 49 43 40 36 30 26 23 21 19 17 11 9 5 3 
4660046610375530309 259695496911122585 61305790721611591 14472334024676221 3416454622906707 806515533049393 190392490709135 44945570212853 17167680177565 4052739537881 225851433717 12586269025 701408733 165580141 24157817 1346269 196418 46368 17711 6765 2584 144 55 8 3 

4999999999999999997
90 84 81 78 75 72 69 66 64 61 55 49 43 40 36 30 26 23 21 19 17 11 9 5 2 
4660046610375530309 259695496911122585 61305790721611591 14472334024676221 3416454622906707 806515533049393 190392490709135 44945570212853 17167680177565 4052739537881 225851433717 12586269025 701408733 165580141 24157817 1346269 196418 46368 17711 6765 2584 144 55 8 2 

4999999999999999996
90 84 81 78 75 72 69 66 64 61 55 49 43 40 36 30 26 23 21 19 17 11 9 5 1 
4660046610375530309 259695496911122585 61305790721611591 14472334024676221 3416454622906707 806515533049393 190392490709135 44945570212853 17167680177565 4052739537881 225851433717 12586269025 701408733 165580141 24157817 1346269 196418 46368 17711 6765 2584 144 55 8 1 

4999999999999999995
90 84 81 78 75 72 69 66 64 61 55 49 43 40 36 30 26 23 21 19 17 11 9 5 
4660046610375530309 259695496911122585 61305790721611591 14472334024676221 3416454622906707 806515533049393 190392490709135 44945570212853 17167680177565 4052739537881 225851433717 12586269025 701408733 165580141 24157817 1346269 196418 46368 17711 6765 2584 144 55 8 

4999999999999999994
90 84 81 78 75 72 69 66 64 61 55 49 43 40 36 30 26 23 21 19 17 11 9 4 2 
4660046610375530309 259695496911122585 61305790721611591 14472334024676221 3416454622906707 806515533049393 190392490709135 44945570212853 17167680177565 4052739537881 225851433717 12586269025 701408733 165580141 24157817 1346269 196418 46368 17711 6765 2584 144 55 5 2 

4999999999999999993
90 84 81 78 75 72 69 66 64 61 55 49 43 40 36 30 26 23 21 19 17 11 9 4 1 
4660046610375530309 259695496911122585 61305790721611591 14472334024676221 3416454622906707 806515533049393 190392490709135 44945570212853 17167680177565 4052739537881 225851433717 12586269025 701408733 165580141 24157817 1346269 196418 46368 17711 6765 2584 144 55 5 1 

4999999999999999992
90 84 81 78 75 72 69 66 64 61 55 49 43 40 36 30 26 23 21 19 17 11 9 4 
4660046610375530309 259695496911122585 61305790721611591 14472334024676221 3416454622906707 806515533049393 190392490709135 44945570212853 17167680177565 4052739537881 225851433717 12586269025 701408733 165580141 24157817 1346269 196418 46368 17711 6765 2584 144 55 5 

4999999999999999991
90 84 81 78 75 72 69 66 64 61 55 49 43 40 36 30 26 23 21 19 17 11 9 3 1 
4660046610375530309 259695496911122585 61305790721611591 14472334024676221 3416454622906707 806515533049393 190392490709135 44945570212853 17167680177565 4052739537881 225851433717 12586269025 701408733 165580141 24157817 1346269 196418 46368 17711 6765 2584 144 55 3 1 

4999999999999999990
90 84 81 78 75 72 69 66 64 61 55 49 43 40 36 30 26 23 21 19 17 11 9 3 
4660046610375530309 259695496911122585 61305790721611591 14472334024676221 3416454622906707 806515533049393 190392490709135 44945570212853 17167680177565 4052739537881 225851433717 12586269025 701408733 165580141 24157817 1346269 196418 46368 17711 6765 2584 144 55 3 

4999999999999999989
90 84 81 78 75 72 69 66 64 61 55 49 43 40 36 30 26 23 21 19 17 11 9 2 
4660046610375530309 259695496911122585 61305790721611591 14472334024676221 3416454622906707 806515533049393 190392490709135 44945570212853 17167680177565 4052739537881 225851433717 12586269025 701408733 165580141 24157817 1346269 196418 46368 17711 6765 2584 144 55 2 

4999999999999999988
90 84 81 78 75 72 69 66 64 61 55 49 43 40 36 30 26 23 21 19 17 11 9 1 
4660046610375530309 259695496911122585 61305790721611591 14472334024676221 3416454622906707 806515533049393 190392490709135 44945570212853 17167680177565 4052739537881 225851433717 12586269025 701408733 165580141 24157817 1346269 196418 46368 17711 6765 2584 144 55 1 

4999999999999999987
90 84 81 78 75 72 69 66 64 61 55 49 43 40 36 30 26 23 21 19 17 11 9 
4660046610375530309 259695496911122585 61305790721611591 14472334024676221 3416454622906707 806515533049393 190392490709135 44945570212853 17167680177565 4052739537881 225851433717 12586269025 701408733 165580141 24157817 1346269 196418 46368 17711 6765 2584 144 55 

4999999999999999986
90 84 81 78 75 72 69 66 64 61 55 49 43 40 36 30 26 23 21 19 17 11 8 6 4 2 
4660046610375530309 259695496911122585 61305790721611591 14472334024676221 3416454622906707 806515533049393 190392490709135 44945570212853 17167680177565 4052739537881 225851433717 12586269025 701408733 165580141 24157817 1346269 196418 46368 17711 6765 2584 144 34 13 5 2 

4999999999999999985
90 84 81 78 75 72 69 66 64 61 55 49 43 40 36 30 26 23 21 19 17 11 8 6 4 1 
4660046610375530309 259695496911122585 61305790721611591 14472334024676221 3416454622906707 806515533049393 190392490709135 44945570212853 17167680177565 4052739537881 225851433717 12586269025 701408733 165580141 24157817 1346269 196418 46368 17711 6765 2584 144 34 13 5 1 

4999999999999999984
90 84 81 78 75 72 69 66 64 61 55 49 43 40 36 30 26 23 21 19 17 11 8 6 4 
4660046610375530309 259695496911122585 61305790721611591 14472334024676221 3416454622906707 806515533049393 190392490709135 44945570212853 17167680177565 4052739537881 225851433717 12586269025 701408733 165580141 24157817 1346269 196418 46368 17711 6765 2584 144 34 13 5 

4999999999999999983
90 84 81 78 75 72 69 66 64 61 55 49 43 40 36 30 26 23 21 19 17 11 8 6 3 1 
4660046610375530309 259695496911122585 61305790721611591 14472334024676221 3416454622906707 806515533049393 190392490709135 44945570212853 17167680177565 4052739537881 225851433717 12586269025 701408733 165580141 24157817 1346269 196418 46368 17711 6765 2584 144 34 13 3 1 

4999999999999999982
90 84 81 78 75 72 69 66 64 61 55 49 43 40 36 30 26 23 21 19 17 11 8 6 3 
4660046610375530309 259695496911122585 61305790721611591 14472334024676221 3416454622906707 806515533049393 190392490709135 44945570212853 17167680177565 4052739537881 225851433717 12586269025 701408733 165580141 24157817 1346269 196418 46368 17711 6765 2584 144 34 13 3 

4999999999999999981
90 84 81 78 75 72 69 66 64 61 55 49 43 40 36 30 26 23 21 19 17 11 8 6 2 
4660046610375530309 259695496911122585 61305790721611591 14472334024676221 3416454622906707 806515533049393 190392490709135 44945570212853 17167680177565 4052739537881 225851433717 12586269025 701408733 165580141 24157817 1346269 196418 46368 17711 6765 2584 144 34 13 2 

4999999999999999980
90 84 81 78 75 72 69 66 64 61 55 49 43 40 36 30 26 23 21 19 17 11 8 6 1 
4660046610375530309 259695496911122585 61305790721611591 14472334024676221 3416454622906707 806515533049393 190392490709135 44945570212853 17167680177565 4052739537881 225851433717 12586269025 701408733 165580141 24157817 1346269 196418 46368 17711 6765 2584 144 34 13 1 

4999999999999999979
90 84 81 78 75 72 69 66 64 61 55 49 43 40 36 30 26 23 21 19 17 11 8 6 
4660046610375530309 259695496911122585 61305790721611591 14472334024676221 3416454622906707 806515533049393 190392490709135 44945570212853 17167680177565 4052739537881 225851433717 12586269025 701408733 165580141 24157817 1346269 196418 46368 17711 6765 2584 144 34 13 

4999999999999999978
90 84 81 78 75 72 69 66 64 61 55 49 43 40 36 30 26 23 21 19 17 11 8 5 3 1 
4660046610375530309 259695496911122585 61305790721611591 14472334024676221 3416454622906707 806515533049393 190392490709135 44945570212853 17167680177565 4052739537881 225851433717 12586269025 701408733 165580141 24157817 1346269 196418 46368 17711 6765 2584 144 34 8 3 1 

4999999999999999977
90 84 81 78 75 72 69 66 64 61 55 49 43 40 36 30 26 23 21 19 17 11 8 5 3 
4660046610375530309 259695496911122585 61305790721611591 14472334024676221 3416454622906707 806515533049393 190392490709135 44945570212853 17167680177565 4052739537881 225851433717 12586269025 701408733 165580141 24157817 1346269 196418 46368 17711 6765 2584 144 34 8 3 

4999999999999999976
90 84 81 78 75 72 69 66 64 61 55 49 43 40 36 30 26 23 21 19 17 11 8 5 2 
4660046610375530309 259695496911122585 61305790721611591 14472334024676221 3416454622906707 806515533049393 190392490709135 44945570212853 17167680177565 4052739537881 225851433717 12586269025 701408733 165580141 24157817 1346269 196418 46368 17711 6765 2584 144 34 8 2 

4999999999999999975
90 84 81 78 75 72 69 66 64 61 55 49 43 40 36 30 26 23 21 19 17 11 8 5 1 
4660046610375530309 259695496911122585 61305790721611591 14472334024676221 3416454622906707 806515533049393 190392490709135 44945570212853 17167680177565 4052739537881 225851433717 12586269025 701408733 165580141 24157817 1346269 196418 46368 17711 6765 2584 144 34 8 1 

4999999999999999974
90 84 81 78 75 72 69 66 64 61 55 49 43 40 36 30 26 23 21 19 17 11 8 5 
4660046610375530309 259695496911122585 61305790721611591 14472334024676221 3416454622906707 806515533049393 190392490709135 44945570212853 17167680177565 4052739537881 225851433717 12586269025 701408733 165580141 24157817 1346269 196418 46368 17711 6765 2584 144 34 8 

4999999999999999973
90 84 81 78 75 72 69 66 64 61 55 49 43 40 36 30 26 23 21 19 17 11 8 4 2 
4660046610375530309 259695496911122585 61305790721611591 14472334024676221 3416454622906707 806515533049393 190392490709135 44945570212853 17167680177565 4052739537881 225851433717 12586269025 701408733 165580141 24157817 1346269 196418 46368 17711 6765 2584 144 34 5 2 

4999999999999999972
90 84 81 78 75 72 69 66 64 61 55 49 43 40 36 30 26 23 21 19 17 11 8 4 1 
4660046610375530309 259695496911122585 61305790721611591 14472334024676221 3416454622906707 806515533049393 190392490709135 44945570212853 17167680177565 4052739537881 225851433717 12586269025 701408733 165580141 24157817 1346269 196418 46368 17711 6765 2584 144 34 5 1 

4999999999999999971
90 84 81 78 75 72 69 66 64 61 55 49 43 40 36 30 26 23 21 19 17 11 8 4 
4660046610375530309 259695496911122585 61305790721611591 14472334024676221 3416454622906707 806515533049393 190392490709135 44945570212853 17167680177565 4052739537881 225851433717 12586269025 701408733 165580141 24157817 1346269 196418 46368 17711 6765 2584 144 34 5 

16143140616100
63 61 58 56 54 49 47 43 41 38 35 33 31 29 21 19 17 11 8 4 1 
10610209857723 4052739537881 956722026041 365435296162 139583862445 12586269025 4807526976 701408733 267914296 63245986 14930352 5702887 2178309 832040 17711 6765 2584 144 34 5 1 

26456479250114
64 62 60 55 43 37 33 27 21 16 10 7 5 3 
17167680177565 6557470319842 2504730781961 225851433717 701408733 39088169 5702887 317811 17711 1597 89 21 8 3 

33306783821117
65 61 58 56 54 49 44 42 40 38 36 32 30 28 21 19 17 13 11 9 5 3 1 
27777890035288 4052739537881 956722026041 365435296162 139583862445 12586269025 1134903170 433494437 165580141 63245986 24157817 3524578 1346269 514229 17711 6765 2584 377 144 55 8 3 1 

6644248273211
62 53 42 38 34 32 29 23 20 12 8 5 2 
6557470319842 86267571272 433494437 63245986 9227465 3524578 832040 46368 10946 233 34 8 2 

7534721327274
62 58 50 39 37 35 33 30 28 23 19 15 10 8 6 
6557470319842 956722026041 20365011074 102334155 39088169 14930352 5702887 1346269 514229 46368 6765 987 89 34 13 

361929016641
55 53 51 49 46 44 40 28 26 23 19 12 10 8 5 
225851433717 86267571272 32951280099 12586269025 2971215073 1134903170 165580141 514229 196418 46368 6765 233 89 34 8 

29648824392327
65 59 55 53 48 46 37 35 31 27 25 17 13 6 
27777890035288 1548008755920 225851433717 86267571272 7778742049 2971215073 39088169 14930352 2178309 317811 121393 2584 377 13 

23555018248848
64 61 59 57 54 52 45 42 39 36 33 29 23 20 17 14 12 4 
17167680177565 4052739537881 1548008755920 591286729879 139583862445 53316291173 1836311903 433494437 102334155 24157817 5702887 832040 46368 10946 2584 610 233 5 

10599370392505
62 60 58 56 54 52 50 44 42 40 34 32 23 21 19 17 13 11 9 5 3 1 
6557470319842 2504730781961 956722026041 365435296162 139583862445 53316291173 20365011074 1134903170 433494437 165580141 9227465 3524578 46368 17711 6765 2584 377 144 55 8 3 1 

17419747554571
64 55 50 47 43 41 38 34 30 26 23 21 16 13 6 4 1 
17167680177565 225851433717 20365011074 4807526976 701408733 267914296 63245986 9227465 1346269 196418 46368 17711 1597 377 13 5 1 

27836626908777
65 52 47 42 40 34 32 29 27 24 17 15 12 8 4 
27777890035288 53316291173 4807526976 433494437 165580141 9227465 3524578 832040 317811 75025 2584 987 233 34 5 

16043341780880
63 61 58 56 52 47 39 33 31 29 26 15 10 8 4 
10610209857723 4052739537881 956722026041 365435296162 53316291173 4807526976 102334155 5702887 2178309 832040 196418 987 89 34 5 

411918635861
56 51 49 43 40 38 35 28 24 22 19 14 9 7 1 
365435296162 32951280099 12586269025 701408733 165580141 63245986 14930352 514229 75025 28657 6765 610 55 21 1 

12641693301523
63 59 56 53 50 48 46 42 40 37 35 32 26 22 19 17 11 4 
10610209857723 1548008755920 365435296162 86267571272 20365011074 7778742049 2971215073 433494437 165580141 39088169 14930352 3524578 196418 28657 6765 2584 144 5 

32821322143917
65 61 58 51 43 41 37 34 30 26 24 19 15 13 10 6 2 
27777890035288 4052739537881 956722026041 32951280099 701408733 267914296 39088169 9227465 1346269 196418 75025 6765 987 377 89 13 2 

23486441953564
64 61 59 57 53 51 47 45 43 39 37 35 33 28 24 19 16 11 6 
17167680177565 4052739537881 1548008755920 591286729879 86267571272 32951280099 4807526976 1836311903 701408733 102334155 39088169 14930352 5702887 514229 75025 6765 1597 144 13 

31633622069693
65 60 58 56 50 48 42 40 38 36 34 32 29 24 22 20 7 4 
27777890035288 2504730781961 956722026041 365435296162 20365011074 7778742049 433494437 165580141 63245986 24157817 9227465 3524578 832040 75025 28657 10946 21 5 

21393616331455
64 61 54 51 42 40 37 35 33 31 27 25 23 20 17 9 6 
17167680177565 4052739537881 139583862445 32951280099 433494437 165580141 39088169 14930352 5702887 2178309 317811 121393 46368 10946 2584 55 13 

13780870491867
63 60 57 52 50 43 40 38 36 33 30 27 23 20 17 13 10 8 6 2 
10610209857723 2504730781961 591286729879 53316291173 20365011074 701408733 165580141 63245986 24157817 5702887 1346269 317811 46368 10946 2584 377 89 34 13 2 

32158139373452
65 61 55 53 49 45 43 40 38 36 34 32 29 26 22 20 15 13 11 9 7 1 
27777890035288 4052739537881 225851433717 86267571272 12586269025 1836311903 701408733 165580141 63245986 24157817 9227465 3524578 832040 196418 28657 10946 987 377 144 55 21 1 

24572402008266
64 62 57 55 50 48 45 39 36 33 29 26 23 20 16 5 1 
17167680177565 6557470319842 591286729879 225851433717 20365011074 7778742049 1836311903 102334155 24157817 5702887 832040 196418 46368 10946 1597 8 1 

15994075855495
63 61 58 56 48 44 37 35 30 25 18 16 13 10 8 5 
10610209857723 4052739537881 956722026041 365435296162 7778742049 1134903170 39088169 14930352 1346269 121393 4181 1597 377 89 34 8 

10336780685353
62 60 58 55 53 47 43 40 38 28 26 24 18 14 11 9 7 1 
6557470319842 2504730781961 956722026041 225851433717 86267571272 4807526976 701408733 165580141 63245986 514229 196418 75025 4181 610 144 55 21 1 

2559063358521
60 52 43 41 37 33 30 28 26 24 22 19 17 15 12 10 8 5 3 1 
2504730781961 53316291173 701408733 267914296 39088169 5702887 1346269 514229 196418 75025 28657 6765 2584 987 233 89 34 8 3 1 

4994604311864
61 57 55 53 51 47 42 40 38 36 34 32 29 25 23 16 11 9 6 4 1 
4052739537881 591286729879 225851433717 86267571272 32951280099 4807526976 433494437 165580141 63245986 24157817 9227465 3524578 832040 121393 46368 1597 144 55 13 5 1 

6120783609561
61 59 56 54 49 45 42 39 37 35 32 26 19 15 12 10 8 5 
4052739537881 1548008755920 365435296162 139583862445 12586269025 1836311903 433494437 102334155 39088169 14930352 3524578 196418 6765 987 233 89 34 8 

14572332559618
63 60 58 56 53 51 49 46 42 36 28 24 21 17 13 9 7 4 1 
10610209857723 2504730781961 956722026041 365435296162 86267571272 32951280099 12586269025 2971215073 433494437 24157817 514229 75025 17711 2584 377 55 21 5 1 

10664883150045
63 52 44 40 37 35 31 27 17 14 3 
10610209857723 53316291173 1134903170 165580141 39088169 14930352 2178309 317811 2584 610 3 

31553098081643
65 60 58 55 53 44 42 38 32 29 26 22 19 15 12 10 3 1 
27777890035288 2504730781961 956722026041 225851433717 86267571272 1134903170 433494437 63245986 3524578 832040 196418 28657 6765 987 233 89 3 1 

16667368183284
63 61 59 56 53 46 44 42 40 30 28 24 22 19 13 11 8 4 
10610209857723 4052739537881 1548008755920 365435296162 86267571272 2971215073 1134903170 433494437 165580141 1346269 514229 75025 28657 6765 377 144 34 5 

3590234681380
60 58 53 51 48 44 42 40 37 34 30 28 25 18 13 10 8 3 1 
2504730781961 956722026041 86267571272 32951280099 7778742049 1134903170 433494437 165580141 39088169 9227465 1346269 514229 121393 4181 377 89 34 3 1 

18348305978336
64 58 54 52 50 48 45 43 41 37 35 26 21 13 7 5 1 
17167680177565 956722026041 139583862445 53316291173 20365011074 7778742049 1836311903 701408733 267914296 39088169 14930352 196418 17711 377 21 8 1 

27720565684352
64 62 60 58 56 54 50 48 43 38 36 34 30 24 18 16 10 8 6 3 1 
17167680177565 6557470319842 2504730781961 956722026041 365435296162 139583862445 20365011074 7778742049 701408733 63245986 24157817 9227465 1346269 75025 4181 1597 89 34 13 3 1 

30208232579301
65 59 57 55 52 48 46 43 41 39 37 35 32 25 23 19 15 13 7 5 
27777890035288 1548008755920 591286729879 225851433717 53316291173 7778742049 2971215073 701408733 267914296 102334155 39088169 14930352 3524578 121393 46368 6765 987 377 21 8 

11358195006280
63 57 54 49 46 44 41 39 37 34 32 24 18 15 10 6 4 2 
10610209857723 591286729879 139583862445 12586269025 2971215073 1134903170 267914296 102334155 39088169 9227465 3524578 75025 4181 987 89 13 5 2 

29795524715468
65 59 56 53 49 47 42 38 36 33 31 27 25 22 20 16 14 12 10 8 6 4 1 
27777890035288 1548008755920 365435296162 86267571272 12586269025 4807526976 433494437 63245986 24157817 5702887 2178309 317811 121393 28657 10946 1597 610 233 89 34 13 5 1 

3875788705294
60 58 56 51 49 46 41 39 35 33 29 25 16 11 9 6 1 
2504730781961 956722026041 365435296162 32951280099 12586269025 2971215073 267914296 102334155 14930352 5702887 832040 121393 1597 144 55 13 1 

15394659018766
63 61 57 54 43 39 36 34 30 28 22 20 16 14 12 10 8 3 1 
10610209857723 4052739537881 591286729879 139583862445 701408733 102334155 24157817 9227465 1346269 514229 28657 10946 1597 610 233 89 34 3 1 

12292962362588
63 59 53 51 49 45 43 41 39 36 33 28 26 24 20 16 13 11 7 1 
10610209857723 1548008755920 86267571272 32951280099 12586269025 1836311903 701408733 267914296 102334155 24157817 5702887 514229 196418 75025 10946 1597 377 144 21 1 

11032602685460
63 56 52 46 42 40 38 33 30 28 25 21 16 14 9 6 1 
10610209857723 365435296162 53316291173 2971215073 433494437 165580141 63245986 5702887 1346269 514229 121393 17711 1597 610 55 13 1 

10599308136822
62 60 58 56 54 52 50 44 42 39 34 32 29 26 22 19 13 9 4 2 
6557470319842 2504730781961 956722026041 365435296162 139583862445 53316291173 20365011074 1134903170 433494437 102334155 9227465 3524578 832040 196418 28657 6765 377 55 5 2 

1022510594701
58 52 48 46 44 42 39 37 34 31 29 26 23 21 16 13 11 4 
956722026041 53316291173 7778742049 2971215073 1134903170 433494437 102334155 39088169 9227465 2178309 832040 196418 46368 17711 1597 377 144 5 

32151308110695
65 61 55 53 48 43 38 35 29 27 23 19 16 14 11 9 7 4 1 
27777890035288 4052739537881 225851433717 86267571272 7778742049 701408733 63245986 14930352 832040 317811 46368 6765 1597 610 144 55 21 5 1 

11128155660091
63 56 54 49 41 38 33 31 29 27 25 23 20 18 13 10 8 6 4 1 
10610209857723 365435296162 139583862445 12586269025 267914296 63245986 5702887 2178309 832040 317811 121393 46368 10946 4181 377 89 34 13 5 1 

24749820757966
64 62 58 52 49 45 40 37 32 29 27 21 16 12 10 8 6 1 
17167680177565 6557470319842 956722026041 53316291173 12586269025 1836311903 165580141 39088169 3524578 832040 317811 17711 1597 233 89 34 13 1 

23721999506256
64 61 59 57 55 53 51 49 46 44 42 38 36 28 26 21 18 16 12 8 5 3 1 
17167680177565 4052739537881 1548008755920 591286729879 225851433717 86267571272 32951280099 12586269025 2971215073 1134903170 433494437 63245986 24157817 514229 196418 17711 4181 1597 233 34 8 3 1 

25894371121014
64 62 59 57 50 48 44 42 40 37 33 31 27 24 22 20 18 14 12 10 6 4 2 
17167680177565 6557470319842 1548008755920 591286729879 20365011074 7778742049 1134903170 433494437 165580141 39088169 5702887 2178309 317811 75025 28657 10946 4181 610 233 89 13 5 2 

15164010825567
63 61 56 53 51 49 46 43 39 37 33 29 27 24 22 19 17 15 13 10 8 6 4 1 
10610209857723 4052739537881 365435296162 86267571272 32951280099 12586269025 2971215073 701408733 102334155 39088169 5702887 832040 317811 75025 28657 6765 2584 987 377 89 34 13 5 1 

33900621915184
65 61 59 56 54 49 46 44 41 32 28 24 20 15 11 6 2 
27777890035288 4052739537881 1548008755920 365435296162 139583862445 12586269025 2971215073 1134903170 267914296 3524578 514229 75025 10946 987 144 13 2 

28040632853801
65 55 51 46 43 40 38 36 34 32 30 27 24 18 16 7 
27777890035288 225851433717 32951280099 2971215073 701408733 165580141 63245986 24157817 9227465 3524578 1346269 317811 75025 4181 1597 21 

14165572810949
63 60 58 53 47 45 43 41 36 32 30 27 23 21 15 13 10 8 3 
10610209857723 2504730781961 956722026041 86267571272 4807526976 1836311903 701408733 267914296 24157817 3524578 1346269 317811 46368 17711 987 377 89 34 3 

11045236485554
63 56 52 49 46 43 35 29 27 23 21 17 14 11 8 5 3 
10610209857723 365435296162 53316291173 12586269025 2971215073 701408733 14930352 832040 317811 46368 17711 2584 610 144 34 8 3 

10801907101079
63 54 51 49 47 44 42 40 36 34 29 24 22 18 16 12 8 6 1 
10610209857723 139583862445 32951280099 12586269025 4807526976 1134903170 433494437 165580141 24157817 9227465 832040 75025 28657 4181 1597 233 34 13 1 

28836460865989
65 58 53 49 46 35 33 31 29 24 22 16 13 8 5 3 1 
27777890035288 956722026041 86267571272 12586269025 2971215073 14930352 5702887 2178309 832040 75025 28657 1597 377 34 8 3 1 

1521433346594
58 56 54 52 47 44 41 39 37 35 33 31 29 27 25 21 17 14 12 9 7 1 
956722026041 365435296162 139583862445 53316291173 4807526976 1134903170 267914296 102334155 39088169 14930352 5702887 2178309 832040 317811 121393 17711 2584 610 233 55 21 1 

8902347293312
62 59 57 54 52 49 38 36 33 30 28 24 21 18 14 12 9 7 3 1 
6557470319842 1548008755920 591286729879 139583862445 53316291173 12586269025 63245986 24157817 5702887 1346269 514229 75025 17711 4181 610 233 55 21 3 1 

2292237937110
59 57 54 49 43 38 33 30 28 24 21 19 16 14 7 5 
1548008755920 591286729879 139583862445 12586269025 701408733 63245986 5702887 1346269 514229 75025 17711 6765 1597 610 21 8 

35179297348735
65 62 57 55 50 47 44 42 37 35 32 27 22 18 13 11 9 7 4 2 
27777890035288 6557470319842 591286729879 225851433717 20365011074 4807526976 1134903170 433494437 39088169 14930352 3524578 317811 28657 4181 377 144 55 21 5 2 

13660487679919
63 60 56 54 51 47 45 43 40 38 31 27 22 17 13 8 6 4 
10610209857723 2504730781961 365435296162 139583862445 32951280099 4807526976 1836311903 701408733 165580141 63245986 2178309 317811 28657 2584 377 34 13 5 

26622592534644
64 62 60 56 50 47 45 40 38 36 34 32 30 21 19 16 14 11 9 7 2 
17167680177565 6557470319842 2504730781961 365435296162 20365011074 4807526976 1836311903 165580141 63245986 24157817 9227465 3524578 1346269 17711 6765 1597 610 144 55 21 2 

11869563611226
63 58 55 52 50 46 39 36 29 27 25 20 16 14 9 1 
10610209857723 956722026041 225851433717 53316291173 20365011074 2971215073 102334155 24157817 832040 317811 121393 10946 1597 610 55 1 

2594576504659
60 53 46 42 40 33 30 28 26 24 21 19 16 14 12 7 5 2 
2504730781961 86267571272 2971215073 433494437 165580141 5702887 1346269 514229 196418 75025 17711 6765 1597 610 233 21 8 2 

238712248427
55 49 41 33 29 24 21 17 15 11 5 3 
225851433717 12586269025 267914296 5702887 832040 75025 17711 2584 987 144 8 3 

33837898227443
65 61 59 56 53 47 45 43 40 37 33 30 23 21 16 11 7 1 
27777890035288 4052739537881 1548008755920 365435296162 86267571272 4807526976 1836311903 701408733 165580141 39088169 5702887 1346269 46368 17711 1597 144 21 1 

23456609568282
64 61 59 57 53 48 45 43 41 37 31 29 27 16 14 12 6 2 
17167680177565 4052739537881 1548008755920 591286729879 86267571272 7778742049 1836311903 701408733 267914296 39088169 2178309 832040 317811 1597 610 233 13 2 

21993784131282
64 61 57 54 51 48 44 42 40 36 32 30 28 26 24 19 16 14 12 9 6 4 2 
17167680177565 4052739537881 591286729879 139583862445 32951280099 7778742049 1134903170 433494437 165580141 24157817 3524578 1346269 514229 196418 75025 6765 1597 610 233 55 13 5 2 

436449705790
56 52 49 47 41 36 34 31 29 20 15 13 11 9 6 4 
365435296162 53316291173 12586269025 4807526976 267914296 24157817 9227465 2178309 832040 10946 987 377 144 55 13 5 

19412250581438
64 59 57 53 49 47 44 42 37 33 27 22 20 18 13 11 7 1 
17167680177565 1548008755920 591286729879 86267571272 12586269025 4807526976 1134903170 433494437 39088169 5702887 317811 28657 10946 4181 377 144 21 1 

6307248058705
61 59 57 53 50 48 43 38 36 34 32 25 21 19 11 8 3 1 
4052739537881 1548008755920 591286729879 86267571272 20365011074 7778742049 701408733 63245986 24157817 9227465 3524578 121393 17711 6765 144 34 3 1 

21122111174847
64 60 58 56 53 51 48 42 39 34 26 23 14 12 5 3 1 
17167680177565 2504730781961 956722026041 365435296162 86267571272 32951280099 7778742049 433494437 102334155 9227465 196418 46368 610 233 8 3 1 

28334386021260
65 56 54 51 49 47 43 41 39 37 35 33 27 23 19 16 10 8 5 1 
27777890035288 365435296162 139583862445 32951280099 12586269025 4807526976 701408733 267914296 102334155 39088169 14930352 5702887 317811 46368 6765 1597 89 34 8 1 

3571720782969
60 58 53 50 46 42 40 38 30 27 25 23 21 19 14 9 2 
2504730781961 956722026041 86267571272 20365011074 2971215073 433494437 165580141 63245986 1346269 317811 121393 46368 17711 6765 610 55 2 

22281538135638
64 61 58 53 49 47 43 36 34 26 22 19 15 8 2 
17167680177565 4052739537881 956722026041 86267571272 12586269025 4807526976 701408733 24157817 9227465 196418 28657 6765 987 34 2 

25444430989158
64 62 59 54 50 48 46 42 39 36 34 32 25 22 20 18 15 13 11 8 6 4 1 
17167680177565 6557470319842 1548008755920 139583862445 20365011074 7778742049 2971215073 433494437 102334155 24157817 9227465 3524578 121393 28657 10946 4181 987 377 144 34 13 5 1 

27757823524219
64 62 60 58 56 54 52 49 41 36 33 28 26 20 17 14 11 9 6 4 1 
17167680177565 6557470319842 2504730781961 956722026041 365435296162 139583862445 53316291173 12586269025 267914296 24157817 5702887 514229 196418 10946 2584 610 144 55 13 5 1 

26108626095789
64 62 59 57 55 49 47 43 40 38 32 29 26 24 21 16 14 7 4 
17167680177565 6557470319842 1548008755920 591286729879 225851433717 12586269025 4807526976 701408733 165580141 63245986 3524578 832040 196418 75025 17711 1597 610 21 5 

9191166892886
62 60 53 51 48 45 39 36 32 30 28 19 16 12 10 7 4 2 
6557470319842 2504730781961 86267571272 32951280099 7778742049 1836311903 102334155 24157817 3524578 1346269 514229 6765 1597 233 89 21 5 2 

18986606763274
64 59 55 51 48 46 44 40 38 30 24 19 15 13 10 8 5 
17167680177565 1548008755920 225851433717 32951280099 7778742049 2971215073 1134903170 165580141 63245986 1346269 75025 6765 987 377 89 34 8 

7520735967047
62 58 47 44 42 40 30 28 26 23 20 16 14 3 
6557470319842 956722026041 4807526976 1134903170 433494437 165580141 1346269 514229 196418 46368 10946 1597 610 3 

15778850238854
63 61 58 54 49 47 45 41 38 36 34 26 24 22 15 11 9 5 2 
10610209857723 4052739537881 956722026041 139583862445 12586269025 4807526976 1836311903 267914296 63245986 24157817 9227465 196418 75025 28657 987 144 55 8 2 

7688072427049
62 58 54 51 44 40 37 32 30 27 25 23 19 17 15 13 5 2 
6557470319842 956722026041 139583862445 32951280099 1134903170 165580141 39088169 3524578 1346269 317811 121393 46368 6765 2584 987 377 8 2 

1551947165212
59 46 43 40 38 36 34 32 23 17 13 11 7 4 
1548008755920 2971215073 701408733 165580141 63245986 24157817 9227465 3524578 46368 2584 377 144 21 5 

29531057482805
65 59 54 52 48 46 44 41 39 31 29 27 24 21 19 15 13 11 9 5 3 1 
27777890035288 1548008755920 139583862445 53316291173 7778742049 2971215073 1134903170 267914296 102334155 2178309 832040 317811 75025 17711 6765 987 377 144 55 8 3 1 

31391433258524
65 60 58 54 48 46 44 42 40 35 33 30 28 25 17 11 9 4 1 
27777890035288 2504730781961 956722026041 139583862445 7778742049 2971215073 1134903170 433494437 165580141 14930352 5702887 1346269 514229 121393 2584 144 55 5 1 

32956703099566
65 61 58 54 50 48 44 42 37 35 30 25 15 5 3 
27777890035288 4052739537881 956722026041 139583862445 20365011074 7778742049 1134903170 433494437 39088169 14930352 1346269 121393 987 8 3 

3627051514055
60 58 54 50 47 43 39 36 34 32 30 26 24 22 18 16 14 8 6 4 1 
2504730781961 956722026041 139583862445 20365011074 4807526976 701408733 102334155 24157817 9227465 3524578 1346269 196418 75025 28657 4181 1597 610 34 13 5 1 

2292660515449
59 57 54 49 44 37 35 33 26 24 16 13 11 8 4 2 
1548008755920 591286729879 139583862445 12586269025 1134903170 39088169 14930352 5702887 196418 75025 1597 377 144 34 5 2 

31469022711010
65 60 58 55 46 43 39 37 34 32 30 26 24 21 13 7 5 1 
27777890035288 2504730781961 956722026041 225851433717 2971215073 701408733 102334155 39088169 9227465 3524578 1346269 196418 75025 17711 377 21 8 1 

28403867931588
65 57 51 44 42 40 33 26 19 16 14 12 9 5 1 
27777890035288 591286729879 32951280099 1134903170 433494437 165580141 5702887 196418 6765 1597 610 233 55 8 1 

35109235560162
65 62 57 54 51 48 45 42 32 29 27 24 22 18 16 12 10 5 1 
27777890035288 6557470319842 591286729879 139583862445 32951280099 7778742049 1836311903 433494437 3524578 832040 317811 75025 28657 4181 1597 233 89 8 1 

14572074471276
63 60 58 56 53 51 49 46 40 36 34 29 27 23 20 15 12 10 7 2 
10610209857723 2504730781961 956722026041 365435296162 86267571272 32951280099 12586269025 2971215073 165580141 24157817 9227465 832040 317811 46368 10946 987 233 89 21 2 

30763627111764
65 60 56 53 50 48 44 36 28 24 21 18 16 11 9 7 5 
27777890035288 2504730781961 365435296162 86267571272 20365011074 7778742049 1134903170 24157817 514229 75025 17711 4181 1597 144 55 21 8 

5637163468024
61 59 51 46 42 37 35 32 30 26 24 21 18 16 12 9 7 4 
4052739537881 1548008755920 32951280099 2971215073 433494437 39088169 14930352 3524578 1346269 196418 75025 17711 4181 1597 233 55 21 5 

13470307286824
63 60 55 53 51 48 45 42 40 38 35 32 28 21 14 9 1 
10610209857723 2504730781961 225851433717 86267571272 32951280099 7778742049 1836311903 433494437 165580141 63245986 14930352 3524578 514229 17711 610 55 1 

13881530967954
63 60 57 54 51 45 43 40 38 30 28 23 16 14 5 3 
10610209857723 2504730781961 591286729879 139583862445 32951280099 1836311903 701408733 165580141 63245986 1346269 514229 46368 1597 610 8 3 

4702480660047
61 57 52 47 41 37 35 33 31 28 26 23 17 13 11 4 
4052739537881 591286729879 53316291173 4807526976 267914296 39088169 14930352 5702887 2178309 514229 196418 46368 2584 377 144 5 

7415470991501
62 57 55 51 48 39 36 33 26 24 21 16 12 9 6 3 1 
6557470319842 591286729879 225851433717 32951280099 7778742049 102334155 24157817 5702887 196418 75025 17711 1597 233 55 13 3 1 

26533533614226
64 62 60 55 52 50 46 44 34 32 28 26 21 12 6 3 1 
17167680177565 6557470319842 2504730781961 225851433717 53316291173 20365011074 2971215073 1134903170 9227465 3524578 514229 196418 17711 233 13 3 1 

34667137697842
65 62 55 53 49 47 45 41 39 37 35 32 27 24 22 20 18 16 8 6 4 
27777890035288 6557470319842 225851433717 86267571272 12586269025 4807526976 1836311903 267914296 102334155 39088169 14930352 3524578 317811 75025 28657 10946 4181 1597 34 13 5 

4707246733169
61 57 52 48 45 41 35 33 28 23 20 15 11 9 6 4 2 
4052739537881 591286729879 53316291173 7778742049 1836311903 267914296 14930352 5702887 514229 46368 10946 987 144 55 13 5 2 

34167610217577
65 61 59 57 54 52 46 44 42 40 38 35 30 26 24 21 13 7 5 3 
27777890035288 4052739537881 1548008755920 591286729879 139583862445 53316291173 2971215073 1134903170 433494437 165580141 63245986 14930352 1346269 196418 75025 17711 377 21 8 3 

17595800486253
64 56 52 48 44 42 35 33 29 24 22 20 16 11 8 6 2 
17167680177565 365435296162 53316291173 7778742049 1134903170 433494437 14930352 5702887 832040 75025 28657 10946 1597 144 34 13 2 

20437614637889
64 60 57 54 51 44 40 38 35 31 29 25 20 17 15 7 5 3 
17167680177565 2504730781961 591286729879 139583862445 32951280099 1134903170 165580141 63245986 14930352 2178309 832040 121393 10946 2584 987 21 8 3 

1102720906677
58 54 47 44 42 37 18 15 12 8 3 1 
956722026041 139583862445 4807526976 1134903170 433494437 39088169 4181 987 233 34 3 1 

16422888984095
63 61 59 54 52 49 47 44 42 38 32 30 27 23 18 11 5 
10610209857723 4052739537881 1548008755920 139583862445 53316291173 12586269025 4807526976 1134903170 433494437 63245986 3524578 1346269 317811 46368 4181 144 8 

12950642028987
63 59 57 54 52 48 42 36 25 20 18 15 8 3 
10610209857723 1548008755920 591286729879 139583862445 53316291173 7778742049 433494437 24157817 121393 10946 4181 987 34 3 

27225104480415
64 62 60 58 51 47 43 37 30 28 19 17 15 11 8 6 3 1 
17167680177565 6557470319842 2504730781961 956722026041 32951280099 4807526976 701408733 39088169 1346269 514229 6765 2584 987 144 34 13 3 1 

33022280699611
65 61 58 55 48 44 39 37 35 33 30 28 24 22 16 10 8 2 
27777890035288 4052739537881 956722026041 225851433717 7778742049 1134903170 102334155 39088169 14930352 5702887 1346269 514229 75025 28657 1597 89 34 2 

4747269813870
61 57 53 49 46 44 41 35 28 26 22 17 15 8 6 
4052739537881 591286729879 86267571272 12586269025 2971215073 1134903170 267914296 14930352 514229 196418 28657 2584 987 34 13 

24057578980705
64 62 55 53 49 47 45 43 41 39 33 30 28 25 21 19 17 15 13 6 4 1 
17167680177565 6557470319842 225851433717 86267571272 12586269025 4807526976 1836311903 701408733 267914296 102334155 5702887 1346269 514229 121393 17711 6765 2584 987 377 13 5 1 

24309417814072
64 62 56 54 52 50 47 43 37 35 32 27 23 20 16 12 8 6 1 
17167680177565 6557470319842 365435296162 139583862445 53316291173 20365011074 4807526976 701408733 39088169 14930352 3524578 317811 46368 10946 1597 233 34 13 1 

6712266800802
62 54 49 45 43 38 36 29 27 24 11 7 5 2 
6557470319842 139583862445 12586269025 1836311903 701408733 63245986 24157817 832040 317811 75025 144 21 8 2 

24594620339260
64 62 57 55 51 49 47 45 39 37 33 31 29 25 22 18 13 9 7 5 2 
17167680177565 6557470319842 591286729879 225851433717 32951280099 12586269025 4807526976 1836311903 102334155 39088169 5702887 2178309 832040 121393 28657 4181 377 55 21 8 2 

17895614293000
64 57 53 51 49 47 36 34 30 18 16 14 12 5 3 1 
17167680177565 591286729879 86267571272 32951280099 12586269025 4807526976 24157817 9227465 1346269 4181 1597 610 233 8 3 1 

25950016816916
64 62 59 57 52 50 48 46 44 32 29 26 24 22 20 17 14 12 9 7 3 1 
17167680177565 6557470319842 1548008755920 591286729879 53316291173 20365011074 7778742049 2971215073 1134903170 3524578 832040 196418 75025 28657 10946 2584 610 233 55 21 3 1 

19070570595220
64 59 55 53 51 48 45 40 36 33 29 23 17 14 12 6 2 
17167680177565 1548008755920 225851433717 86267571272 32951280099 7778742049 1836311903 165580141 24157817 5702887 832040 46368 2584 610 233 13 2 

2658579692450
60 54 49 44 42 39 33 31 25 22 20 18 14 12 8 4 2 
2504730781961 139583862445 12586269025 1134903170 433494437 102334155 5702887 2178309 121393 28657 10946 4181 610 233 34 5 2 

12397161429435
63 59 55 49 42 38 33 31 27 25 23 18 16 9 7 4 
10610209857723 1548008755920 225851433717 12586269025 433494437 63245986 5702887 2178309 317811 121393 46368 4181 1597 55 21 5 

6478241050139
61 59 57 55 52 47 45 41 39 36 23 19 17 14 10 4 1 
4052739537881 1548008755920 591286729879 225851433717 53316291173 4807526976 1836311903 267914296 102334155 24157817 46368 6765 2584 610 89 5 1 

14040047033353
63 60 57 55 53 50 44 40 36 34 30 27 24 22 20 13 8 6 2 
10610209857723 2504730781961 591286729879 225851433717 86267571272 20365011074 1134903170 165580141 24157817 9227465 1346269 317811 75025 28657 10946 377 34 13 2 

6159576125614
61 59 56 54 52 42 37 35 32 29 27 25 23 21 19 16 14 11 9 3 
4052739537881 1548008755920 365435296162 139583862445 53316291173 433494437 39088169 14930352 3524578 832040 317811 121393 46368 17711 6765 1597 610 144 55 3 

29536880847009
65 59 54 52 49 47 42 40 38 36 30 26 24 19 17 14 10 8 4 2 
27777890035288 1548008755920 139583862445 53316291173 12586269025 4807526976 433494437 165580141 63245986 24157817 1346269 196418 75025 6765 2584 610 89 34 5 2 

6607003080416
62 51 49 46 43 41 37 35 28 25 21 15 13 10 8 4 2 
6557470319842 32951280099 12586269025 2971215073 701408733 267914296 39088169 14930352 514229 121393 17711 987 377 89 34 5 2 

531721925983
56 54 50 47 44 41 39 36 29 24 20 16 12 8 6 
365435296162 139583862445 20365011074 4807526976 1134903170 267914296 102334155 24157817 832040 75025 10946 1597 233 34 13 

11062098822170
63 56 53 40 35 32 30 28 26 18 14 12 2 
10610209857723 365435296162 86267571272 165580141 14930352 3524578 1346269 514229 196418 4181 610 233 2 

2566625074486
60 52 48 43 38 36 34 29 27 23 21 18 15 11 9 4 
2504730781961 53316291173 7778742049 701408733 63245986 24157817 9227465 832040 317811 46368 17711 4181 987 144 55 5 

5656763439608
61 59 52 45 43 39 37 35 32 29 27 24 22 17 14 6 3 1 
4052739537881 1548008755920 53316291173 1836311903 701408733 102334155 39088169 14930352 3524578 832040 317811 75025 28657 2584 610 13 3 1 

29893549391798
65 59 56 54 52 48 44 41 39 36 33 30 23 17 15 11 9 7 5 
27777890035288 1548008755920 365435296162 139583862445 53316291173 7778742049 1134903170 267914296 102334155 24157817 5702887 1346269 46368 2584 987 144 55 21 8 

35098860335488
65 62 57 54 50 48 46 44 41 39 34 22 20 15 11 6 4 
27777890035288 6557470319842 591286729879 139583862445 20365011074 7778742049 2971215073 1134903170 267914296 102334155 9227465 28657 10946 987 144 13 5 

9808233575943
62 60 57 54 49 45 43 36 34 32 29 25 22 11 9 4 1 
6557470319842 2504730781961 591286729879 139583862445 12586269025 1836311903 701408733 24157817 9227465 3524578 832040 121393 28657 144 55 5 1 

30075900382488
65 59 57 54 49 47 44 42 40 31 29 26 21 14 10 7 5 1 
27777890035288 1548008755920 591286729879 139583862445 12586269025 4807526976 1134903170 433494437 165580141 2178309 832040 196418 17711 610 89 21 8 1 

9869660160694
62 60 57 54 52 50 45 43 41 38 36 34 32 30 21 19 17 11 9 6 1 
6557470319842 2504730781961 591286729879 139583862445 53316291173 20365011074 1836311903 701408733 267914296 63245986 24157817 9227465 3524578 1346269 17711 6765 2584 144 55 13 1 

30317858064330
65 60 51 45 42 35 29 27 24 18 15 12 6 
27777890035288 2504730781961 32951280099 1836311903 433494437 14930352 832040 317811 75025 4181 987 233 13 

33736995685886
65 61 59 55 53 51 49 42 40 38 36 34 32 30 26 22 14 12 9 6 4 
27777890035288 4052739537881 1548008755920 225851433717 86267571272 32951280099 12586269025 433494437 165580141 63245986 24157817 9227465 3524578 1346269 196418 28657 610 233 55 13 5 

23025649130314
64 61 59 55 50 48 46 40 38 36 29 27 25 16 12 6 3 1 
17167680177565 4052739537881 1548008755920 225851433717 20365011074 7778742049 2971215073 165580141 63245986 24157817 832040 317811 121393 1597 233 13 3 1 

21792897508307
64 61 56 54 52 49 44 41 39 37 34 31 27 24 22 19 12 1 
17167680177565 4052739537881 365435296162 139583862445 53316291173 12586269025 1134903170 267914296 102334155 39088169 9227465 2178309 317811 75025 28657 6765 233 1 

3654313424208
60 58 54 51 49 47 45 43 41 39 35 33 31 29 23 21 14 12 9 5 1 
2504730781961 956722026041 139583862445 32951280099 12586269025 4807526976 1836311903 701408733 267914296 102334155 14930352 5702887 2178309 832040 46368 17711 610 233 55 8 1 

9271553961334
62 60 54 52 49 46 43 40 36 32 28 22 19 14 12 8 6 4 
6557470319842 2504730781961 139583862445 53316291173 12586269025 2971215073 701408733 165580141 24157817 3524578 514229 28657 6765 610 233 34 13 5 

28790179848387
65 58 52 45 41 39 37 33 25 21 18 15 11 9 3 1 
27777890035288 956722026041 53316291173 1836311903 267914296 102334155 39088169 5702887 121393 17711 4181 987 144 55 3 1 

16231736591454
63 61 59 50 41 39 37 32 28 23 19 12 9 5 
10610209857723 4052739537881 1548008755920 20365011074 267914296 102334155 39088169 3524578 514229 46368 6765 233 55 8 

12468003486018
63 59 55 52 50 48 45 42 40 36 34 32 29 26 23 21 18 15 12 9 7 4 2 
10610209857723 1548008755920 225851433717 53316291173 20365011074 7778742049 1836311903 433494437 165580141 24157817 9227465 3524578 832040 196418 46368 17711 4181 987 233 55 21 5 2 

29420695572190
65 59 53 48 43 37 34 28 26 22 17 15 13 8 5 
27777890035288 1548008755920 86267571272 7778742049 701408733 39088169 9227465 514229 196418 28657 2584 987 377 34 8 

3204921374222
60 57 53 50 45 42 30 25 18 16 12 7 2 
2504730781961 591286729879 86267571272 20365011074 1836311903 433494437 1346269 121393 4181 1597 233 21 2 

29007806664908
65 58 55 51 49 44 42 40 38 33 31 28 15 13 11 9 6 3 
27777890035288 956722026041 225851433717 32951280099 12586269025 1134903170 433494437 165580141 63245986 5702887 2178309 514229 987 377 144 55 13 3 

8712611295451
62 59 57 49 46 41 35 32 30 26 24 21 15 9 7 
6557470319842 1548008755920 591286729879 12586269025 2971215073 267914296 14930352 3524578 1346269 196418 75025 17711 987 55 21 

17504177968655
64 55 53 50 46 43 41 38 34 28 26 23 18 16 14 9 6 3 
17167680177565 225851433717 86267571272 20365011074 2971215073 701408733 267914296 63245986 9227465 514229 196418 46368 4181 1597 610 55 13 3 

20357789150653
64 60 57 53 48 37 33 27 22 19 17 15 9 5 3 1 
17167680177565 2504730781961 591286729879 86267571272 7778742049 39088169 5702887 317811 28657 6765 2584 987 55 8 3 1 

17025659969308
63 61 59 57 54 52 50 48 45 42 38 36 34 32 29 27 23 21 18 14 12 7 3 
10610209857723 4052739537881 1548008755920 591286729879 139583862445 53316291173 20365011074 7778742049 1836311903 433494437 63245986 24157817 9227465 3524578 832040 317811 46368 17711 4181 610 233 21 3 

12278654954986
63 59 53 51 44 38 35 32 29 23 19 14 10 6 1 
10610209857723 1548008755920 86267571272 32951280099 1134903170 63245986 14930352 3524578 832040 46368 6765 610 89 13 1 

28058731172287
65 55 52 44 42 39 31 27 25 23 20 18 15 12 10 7 5 1 
27777890035288 225851433717 53316291173 1134903170 433494437 102334155 2178309 317811 121393 46368 10946 4181 987 233 89 21 8 1 

18393281083307
64 58 55 51 48 45 42 36 31 29 27 25 19 17 14 11 7 2 
17167680177565 956722026041 225851433717 32951280099 7778742049 1836311903 433494437 24157817 2178309 832040 317811 121393 6765 2584 610 144 21 2 

10733647983998
63 53 51 46 44 39 34 30 26 23 18 16 11 9 5 1 
10610209857723 86267571272 32951280099 2971215073 1134903170 102334155 9227465 1346269 196418 46368 4181 1597 144 55 8 1 

19189688314334
64 59 56 53 50 45 38 36 33 30 28 26 21 19 16 14 11 4 
17167680177565 1548008755920 365435296162 86267571272 20365011074 1836311903 63245986 24157817 5702887 1346269 514229 196418 17711 6765 1597 610 144 5 

12083464068666
63 58 56 54 48 46 43 37 35 33 30 28 24 17 14 12 9 7 4 1 
10610209857723 956722026041 365435296162 139583862445 7778742049 2971215073 701408733 39088169 14930352 5702887 1346269 514229 75025 2584 610 233 55 21 5 1 

30258975311804
65 59 57 55 53 50 48 44 41 39 35 33 29 27 24 21 18 14 12 10 8 5 3 
27777890035288 1548008755920 591286729879 225851433717 86267571272 20365011074 7778742049 1134903170 267914296 102334155 14930352 5702887 832040 317811 75025 17711 4181 610 233 89 34 8 3 

5862560275446
61 59 55 51 46 36 34 32 29 26 24 22 19 17 15 13 8 5 1 
4052739537881 1548008755920 225851433717 32951280099 2971215073 24157817 9227465 3524578 832040 196418 75025 28657 6765 2584 987 377 34 8 1 

32369757196077
65 61 56 54 51 44 35 33 30 26 24 22 15 13 9 4 
27777890035288 4052739537881 365435296162 139583862445 32951280099 1134903170 14930352 5702887 1346269 196418 75025 28657 987 377 55 5 

26641863005860
64 62 60 56 51 49 43 41 37 27 25 22 16 13 11 7 5 
17167680177565 6557470319842 2504730781961 365435296162 32951280099 12586269025 701408733 267914296 39088169 317811 121393 28657 1597 377 144 21 8 

17477806760295
64 55 52 50 48 45 43 41 34 26 22 20 18 16 13 11 
17167680177565 225851433717 53316291173 20365011074 7778742049 1836311903 701408733 267914296 9227465 196418 28657 10946 4181 1597 377 144 

17228212173959
64 52 47 45 42 39 36 34 31 27 25 22 18 16 13 10 8 6 4 2 
17167680177565 53316291173 4807526976 1836311903 433494437 102334155 24157817 9227465 2178309 317811 121393 28657 4181 1597 377 89 34 13 5 2 

33650280652963
65 61 59 55 51 49 40 38 36 27 22 19 17 15 12 8 6 4 
27777890035288 4052739537881 1548008755920 225851433717 32951280099 12586269025 165580141 63245986 24157817 317811 28657 6765 2584 987 233 34 13 5 

32796231964719
65 61 58 48 43 41 39 36 33 24 22 16 12 9 4 
27777890035288 4052739537881 956722026041 7778742049 701408733 267914296 102334155 24157817 5702887 75025 28657 1597 233 55 5 

7310129195024
62 57 54 50 44 41 35 32 30 28 25 20 18 16 14 11 6 4 1 
6557470319842 591286729879 139583862445 20365011074 1134903170 267914296 14930352 3524578 1346269 514229 121393 10946 4181 1597 610 144 13 5 1 

26823938001337
64 62 60 57 45 43 40 38 31 29 27 24 22 20 16 14 12 10 5 2 
17167680177565 6557470319842 2504730781961 591286729879 1836311903 701408733 165580141 63245986 2178309 832040 317811 75025 28657 10946 1597 610 233 89 8 2 

28201191049151
65 56 52 46 44 42 34 28 23 21 19 15 12 10 1 
27777890035288 365435296162 53316291173 2971215073 1134903170 433494437 9227465 514229 46368 17711 6765 987 233 89 1 

31032603911402
65 60 57 54 49 47 44 42 39 37 33 31 29 25 23 18 14 10 6 4 2 
27777890035288 2504730781961 591286729879 139583862445 12586269025 4807526976 1134903170 433494437 102334155 39088169 5702887 2178309 832040 121393 46368 4181 610 89 13 5 2 

20992747234035
64 60 58 55 53 51 49 47 44 35 27 20 18 14 12 9 7 
17167680177565 2504730781961 956722026041 225851433717 86267571272 32951280099 12586269025 4807526976 1134903170 14930352 317811 10946 4181 610 233 55 21 

30114002047194
65 59 57 54 52 46 43 40 38 34 32 30 28 26 24 22 19 17 13 11 8 5 3 
27777890035288 1548008755920 591286729879 139583862445 53316291173 2971215073 701408733 165580141 63245986 9227465 3524578 1346269 514229 196418 75025 28657 6765 2584 377 144 34 8 3 

29123331167426
65 58 56 50 45 43 41 39 34 30 26 23 20 16 14 10 5 3 1 
27777890035288 956722026041 365435296162 20365011074 1836311903 701408733 267914296 102334155 9227465 1346269 196418 46368 10946 1597 610 89 8 3 1 

23160991038854
64 61 59 56 50 47 45 39 35 29 27 19 12 6 3 1 
17167680177565 4052739537881 1548008755920 365435296162 20365011074 4807526976 1836311903 102334155 14930352 832040 317811 6765 233 13 3 1 

21952768947774
64 61 57 54 44 41 38 34 31 29 27 21 17 14 7 1 
17167680177565 4052739537881 591286729879 139583862445 1134903170 267914296 63245986 9227465 2178309 832040 317811 17711 2584 610 21 1 

16246723211711
63 61 59 51 45 43 41 33 31 26 23 21 17 14 12 8 2 
10610209857723 4052739537881 1548008755920 32951280099 1836311903 701408733 267914296 5702887 2178309 196418 46368 17711 2584 610 233 34 2 

26674079432856
64 62 60 56 52 50 47 41 33 27 24 21 12 10 8 6 3 1 
17167680177565 6557470319842 2504730781961 365435296162 53316291173 20365011074 4807526976 267914296 5702887 317811 75025 17711 233 89 34 13 3 1 

18535254974032
64 58 56 51 48 46 44 42 39 37 33 28 26 17 15 4 2 
17167680177565 956722026041 365435296162 32951280099 7778742049 2971215073 1134903170 433494437 102334155 39088169 5702887 514229 196418 2584 987 5 2 

10405179198221
62 60 58 56 50 42 35 33 30 26 24 21 8 5 
6557470319842 2504730781961 956722026041 365435296162 20365011074 433494437 14930352 5702887 1346269 196418 75025 17711 34 8 

26935230536019
64 62 60 57 53 50 47 45 43 38 35 33 28 26 24 22 17 14 9 5 3 
17167680177565 6557470319842 2504730781961 591286729879 86267571272 20365011074 4807526976 1836311903 701408733 63245986 14930352 5702887 514229 196418 75025 28657 2584 610 55 8 3 

34007183986037
65 61 59 57 51 46 44 40 36 34 31 27 23 21 17 13 11 
27777890035288 4052739537881 1548008755920 591286729879 32951280099 2971215073 1134903170 165580141 24157817 9227465 2178309 317811 46368 17711 2584 377 144 

9422405187480
62 60 55 53 51 49 45 43 34 28 23 21 18 14 12 10 8 5 
6557470319842 2504730781961 225851433717 86267571272 32951280099 12586269025 1836311903 701408733 9227465 514229 46368 17711 4181 610 233 89 34 8 

14444602174252
63 60 58 56 47 45 43 39 37 35 31 27 24 22 20 15 12 10 6 4 2 
10610209857723 2504730781961 956722026041 365435296162 4807526976 1836311903 701408733 102334155 39088169 14930352 2178309 317811 75025 28657 10946 987 233 89 13 5 2 

28642881247223
65 57 55 51 49 45 42 37 33 29 23 21 18 15 13 11 5 3 
27777890035288 591286729879 225851433717 32951280099 12586269025 1836311903 433494437 39088169 5702887 832040 46368 17711 4181 987 377 144 8 3 

4779702070566
61 57 53 51 49 46 43 40 36 33 31 27 25 12 6 
4052739537881 591286729879 86267571272 32951280099 12586269025 2971215073 701408733 165580141 24157817 5702887 2178309 317811 121393 233 13 

8664053277608
62 59 56 54 52 40 38 34 28 25 23 20 18 15 12 10 8 6 1 
6557470319842 1548008755920 365435296162 139583862445 53316291173 165580141 63245986 9227465 514229 121393 46368 10946 4181 987 233 89 34 13 1 

13959744434946
63 60 57 55 50 47 45 42 40 37 35 32 25 22 20 17 13 9 7 3 
10610209857723 2504730781961 591286729879 225851433717 20365011074 4807526976 1836311903 433494437 165580141 39088169 14930352 3524578 121393 28657 10946 2584 377 55 21 3 

24995266214791
64 62 58 55 53 44 39 36 34 32 28 21 19 13 9 7 5 3 
17167680177565 6557470319842 956722026041 225851433717 86267571272 1134903170 102334155 24157817 9227465 3524578 514229 17711 6765 377 55 21 8 3 

20011884989699
64 60 55 53 50 47 45 41 38 35 24 19 17 11 9 7 3 
17167680177565 2504730781961 225851433717 86267571272 20365011074 4807526976 1836311903 267914296 63245986 14930352 75025 6765 2584 144 55 21 3 

24116657794581
64 62 56 50 47 43 40 36 33 31 27 24 22 20 17 8 6 4 
17167680177565 6557470319842 365435296162 20365011074 4807526976 701408733 165580141 24157817 5702887 2178309 317811 75025 28657 10946 2584 34 13 5 

12389323368450
63 59 55 47 42 34 31 29 23 20 18 12 10 8 5 3 1 
10610209857723 1548008755920 225851433717 4807526976 433494437 9227465 2178309 832040 46368 10946 4181 233 89 34 8 3 1 

11017933240026
63 56 51 48 44 41 39 37 34 32 29 26 22 20 17 15 13 11 4 2 
10610209857723 365435296162 32951280099 7778742049 1134903170 267914296 102334155 39088169 9227465 3524578 832040 196418 28657 10946 2584 987 377 144 5 2 

16086446951491
63 61 58 56 53 49 45 42 40 37 34 31 27 25 23 21 19 17 12 10 5 1 
10610209857723 4052739537881 956722026041 365435296162 86267571272 12586269025 1836311903 433494437 165580141 39088169 9227465 2178309 317811 121393 46368 17711 6765 2584 233 89 8 1 

13140272079751
63 60 50 47 39 37 35 31 27 23 19 9 7 5 3 1 
10610209857723 2504730781961 20365011074 4807526976 102334155 39088169 14930352 2178309 317811 46368 6765 55 21 8 3 1 

19884778355302
64 60 54 52 49 47 45 40 38 33 31 27 24 22 18 15 12 8 3 
17167680177565 2504730781961 139583862445 53316291173 12586269025 4807526976 1836311903 165580141 63245986 5702887 2178309 317811 75025 28657 4181 987 233 34 3 

3742573761900
60 58 55 52 45 39 34 32 30 27 25 22 20 18 16 8 6 4 1 
2504730781961 956722026041 225851433717 53316291173 1836311903 102334155 9227465 3524578 1346269 317811 121393 28657 10946 4181 1597 34 13 5 1 

35077368323769
65 62 57 54 48 46 41 39 35 31 23 20 18 13 11 9 5 2 
27777890035288 6557470319842 591286729879 139583862445 7778742049 2971215073 267914296 102334155 14930352 2178309 46368 10946 4181 377 144 55 8 2 

8241972441259
62 59 53 51 49 46 44 42 39 37 33 30 25 22 19 17 15 13 11 8 
6557470319842 1548008755920 86267571272 32951280099 12586269025 2971215073 1134903170 433494437 102334155 39088169 5702887 1346269 121393 28657 6765 2584 987 377 144 34 

2780289490538
60 55 51 49 46 44 38 27 22 20 17 15 13 11 1 
2504730781961 225851433717 32951280099 12586269025 2971215073 1134903170 63245986 317811 28657 10946 2584 987 377 144 1 

21992945837496
64 61 57 54 51 48 43 40 37 35 32 29 25 21 18 12 8 6 
17167680177565 4052739537881 591286729879 139583862445 32951280099 7778742049 701408733 165580141 39088169 14930352 3524578 832040 121393 17711 4181 233 34 13 

20086616818386
64 60 56 51 49 46 40 38 36 33 31 29 24 21 19 16 11 9 7 3 
17167680177565 2504730781961 365435296162 32951280099 12586269025 2971215073 165580141 63245986 24157817 5702887 2178309 832040 75025 17711 6765 1597 144 55 21 3 

5695055349224
61 59 53 48 40 38 36 33 30 28 25 23 21 19 16 14 12 10 4 2 
4052739537881 1548008755920 86267571272 7778742049 165580141 63245986 24157817 5702887 1346269 514229 121393 46368 17711 6765 1597 610 233 89 5 2 

14568968900755
63 60 58 56 53 51 49 38 31 27 24 15 12 10 7 5 3 
10610209857723 2504730781961 956722026041 365435296162 86267571272 32951280099 12586269025 63245986 2178309 317811 75025 987 233 89 21 8 3 

31451128708814
65 60 58 54 52 49 47 44 41 38 36 30 27 22 16 12 9 6 1 
27777890035288 2504730781961 956722026041 139583862445 53316291173 12586269025 4807526976 1134903170 267914296 63245986 24157817 1346269 317811 28657 1597 233 55 13 1 

6844541019376
62 55 52 48 39 35 33 29 27 24 22 20 14 10 7 2 
6557470319842 225851433717 53316291173 7778742049 102334155 14930352 5702887 832040 317811 75025 28657 10946 610 89 21 2 

3959031389017
60 58 56 53 51 49 41 38 33 29 27 25 22 15 13 7 2 
2504730781961 956722026041 365435296162 86267571272 32951280099 12586269025 267914296 63245986 5702887 832040 317811 121393 28657 987 377 21 2 

12397524908754
63 59 55 49 43 40 30 26 23 20 17 14 12 9 5 3 1 
10610209857723 1548008755920 225851433717 12586269025 701408733 165580141 1346269 196418 46368 10946 2584 610 233 55 8 3 1 

6448157895692
61 59 57 55 50 48 45 41 35 33 31 28 25 20 14 12 6 1 
4052739537881 1548008755920 591286729879 225851433717 20365011074 7778742049 1836311903 267914296 14930352 5702887 2178309 514229 121393 10946 610 233 13 1 

30736506828988
65 60 56 53 45 41 38 35 28 26 22 16 14 12 7 3 
27777890035288 2504730781961 365435296162 86267571272 1836311903 267914296 63245986 14930352 514229 196418 28657 1597 610 233 21 3 

22777872091249
64 61 59 48 44 42 38 36 33 31 29 27 22 20 18 15 13 11 9 7 5 1 
17167680177565 4052739537881 1548008755920 7778742049 1134903170 433494437 63245986 24157817 5702887 2178309 832040 317811 28657 10946 4181 987 377 144 55 21 8 1 

34385562189408
65 62 51 49 46 44 42 39 35 33 30 27 22 20 15 13 7 5 3 1 
27777890035288 6557470319842 32951280099 12586269025 2971215073 1134903170 433494437 102334155 14930352 5702887 1346269 317811 28657 10946 987 377 21 8 3 1 

34242616160447
65 61 59 57 55 51 49 44 40 30 26 24 20 18 16 14 12 8 6 1 
27777890035288 4052739537881 1548008755920 591286729879 225851433717 32951280099 12586269025 1134903170 165580141 1346269 196418 75025 10946 4181 1597 610 233 34 13 1 

23453355838203
64 61 59 57 53 47 45 43 36 32 25 20 17 14 11 2 
17167680177565 4052739537881 1548008755920 591286729879 86267571272 4807526976 1836311903 701408733 24157817 3524578 121393 10946 2584 610 144 2 

14902914990059
63 61 55 49 44 41 39 35 33 30 28 26 23 17 14 12 10 8 6 4 1 
10610209857723 4052739537881 225851433717 12586269025 1134903170 267914296 102334155 14930352 5702887 1346269 514229 196418 46368 2584 610 233 89 34 13 5 1 

29555100994582
65 59 55 46 41 39 34 24 17 15 9 6 3 1 
27777890035288 1548008755920 225851433717 2971215073 267914296 102334155 9227465 75025 2584 987 55 13 3 1 

324553015788
55 53 48 46 44 42 39 34 32 28 23 19 16 14 12 9 6 2 
225851433717 86267571272 7778742049 2971215073 1134903170 433494437 102334155 9227465 3524578 514229 46368 6765 1597 610 233 55 13 2 

9048502067107
62 59 57 55 53 51 47 45 35 33 30 25 22 19 15 11 8 5 3 
6557470319842 1548008755920 591286729879 225851433717 86267571272 32951280099 4807526976 1836311903 14930352 5702887 1346269 121393 28657 6765 987 144 34 8 3 

28588787733349
65 57 54 52 50 47 44 41 39 36 33 31 29 26 23 20 10 6 4 1 
27777890035288 591286729879 139583862445 53316291173 20365011074 4807526976 1134903170 267914296 102334155 24157817 5702887 2178309 832040 196418 46368 10946 89 13 5 1 

9911138634518
62 60 57 55 50 48 46 42 40 38 35 33 30 24 21 19 15 12 10 8 4 2 
6557470319842 2504730781961 591286729879 225851433717 20365011074 7778742049 2971215073 433494437 165580141 63245986 14930352 5702887 1346269 75025 17711 6765 987 233 89 34 5 2 

7337848730423
62 57 54 51 49 46 43 41 36 32 30 28 25 23 21 17 9 7 4 1 
6557470319842 591286729879 139583862445 32951280099 12586269025 2971215073 701408733 267914296 24157817 3524578 1346269 514229 121393 46368 17711 2584 55 21 5 1 

22565067581393
64 61 58 56 50 45 41 35 33 28 25 22 19 16 13 11 9 6 2 
17167680177565 4052739537881 956722026041 365435296162 20365011074 1836311903 267914296 14930352 5702887 514229 121393 28657 6765 1597 377 144 55 13 2 

24705068123219
64 62 58 50 45 43 41 36 28 26 24 19 17 14 12 9 7 5 
17167680177565 6557470319842 956722026041 20365011074 1836311903 701408733 267914296 24157817 514229 196418 75025 6765 2584 610 233 55 21 8 

16465362345636
63 61 59 55 50 48 41 39 36 34 32 30 27 25 23 20 18 16 13 6 4 1 
10610209857723 4052739537881 1548008755920 225851433717 20365011074 7778742049 267914296 102334155 24157817 9227465 3524578 1346269 317811 121393 46368 10946 4181 1597 377 13 5 1 

5007111577618
61 57 55 53 51 49 47 42 40 35 33 30 25 23 19 11 6 
4052739537881 591286729879 225851433717 86267571272 32951280099 12586269025 4807526976 433494437 165580141 14930352 5702887 1346269 121393 46368 6765 144 13 

33743675683589
65 61 59 55 53 51 49 47 45 43 36 34 30 28 26 24 22 19 10 8 4 2 
27777890035288 4052739537881 1548008755920 225851433717 86267571272 32951280099 12586269025 4807526976 1836311903 701408733 24157817 9227465 1346269 514229 196418 75025 28657 6765 89 34 5 2 

27109330943991
64 62 60 57 55 52 48 44 38 35 31 29 27 23 20 17 12 4 1 
17167680177565 6557470319842 2504730781961 591286729879 225851433717 53316291173 7778742049 1134903170 63245986 14930352 2178309 832040 317811 46368 10946 2584 233 5 1 

1813879900969
59 55 51 47 45 41 39 37 35 27 19 14 11 8 6 4 
1548008755920 225851433717 32951280099 4807526976 1836311903 267914296 102334155 39088169 14930352 317811 6765 610 144 34 13 5 

34137427716801
65 61 59 57 54 50 47 45 43 40 37 32 27 21 19 15 13 11 6 4 1 
27777890035288 4052739537881 1548008755920 591286729879 139583862445 20365011074 4807526976 1836311903 701408733 165580141 39088169 3524578 317811 17711 6765 987 377 144 13 5 1 

23468308496568
64 61 59 57 53 50 45 39 35 33 30 24 20 15 13 9 7 
17167680177565 4052739537881 1548008755920 591286729879 86267571272 20365011074 1836311903 102334155 14930352 5702887 1346269 75025 10946 987 377 55 21 

6255080244014
61 59 57 52 48 45 39 34 31 25 20 17 12 10 8 1 
4052739537881 1548008755920 591286729879 53316291173 7778742049 1836311903 102334155 9227465 2178309 121393 10946 2584 233 89 34 1 

11694347744023
63 58 53 51 48 41 39 37 33 31 29 26 21 17 12 8 3 
10610209857723 956722026041 86267571272 32951280099 7778742049 267914296 102334155 39088169 5702887 2178309 832040 196418 17711 2584 233 34 3 

11241537672430
63 57 51 47 45 42 34 31 29 26 22 19 16 11 6 4 
10610209857723 591286729879 32951280099 4807526976 1836311903 433494437 9227465 2178309 832040 196418 28657 6765 1597 144 13 5 

19069673228691
64 59 55 53 51 48 44 27 23 14 10 7 
17167680177565 1548008755920 225851433717 86267571272 32951280099 7778742049 1134903170 317811 46368 610 89 21 

329904856898
55 53 49 47 41 39 35 33 29 27 21 18 16 14 12 8 1 
225851433717 86267571272 12586269025 4807526976 267914296 102334155 14930352 5702887 832040 317811 17711 4181 1597 610 233 34 1 

23481903193068
64 61 59 57 53 51 45 43 41 39 37 35 33 30 24 22 4 1 
17167680177565 4052739537881 1548008755920 591286729879 86267571272 32951280099 1836311903 701408733 267914296 102334155 39088169 14930352 5702887 1346269 75025 28657 5 1 

27243084709419
64 62 60 58 52 46 40 36 32 28 24 22 20 18 16 13 11 9 6 3 1 
17167680177565 6557470319842 2504730781961 956722026041 53316291173 2971215073 165580141 24157817 3524578 514229 75025 28657 10946 4181 1597 377 144 55 13 3 1 

29961219169693
65 59 57 51 48 46 41 38 29 27 24 21 19 16 11 5 2 
27777890035288 1548008755920 591286729879 32951280099 7778742049 2971215073 267914296 63245986 832040 317811 75025 17711 6765 1597 144 8 2 

10662262704240
63 51 49 47 44 42 39 36 34 32 25 19 14 7 4 1 
10610209857723 32951280099 12586269025 4807526976 1134903170 433494437 102334155 24157817 9227465 3524578 121393 6765 610 21 5 1 

32548161962018
65 61 57 53 51 47 45 41 39 34 31 29 27 25 22 20 17 15 9 7 1 
27777890035288 4052739537881 591286729879 86267571272 32951280099 4807526976 1836311903 267914296 102334155 9227465 2178309 832040 317811 121393 28657 10946 2584 987 55 21 1 

11035192827952
63 56 52 47 44 41 35 33 27 24 20 15 13 9 5 3 1 
10610209857723 365435296162 53316291173 4807526976 1134903170 267914296 14930352 5702887 317811 75025 10946 987 377 55 8 3 1 

26205000349742
64 62 59 57 55 53 50 48 41 35 33 31 29 23 17 15 13 11 9 7 3 1 
17167680177565 6557470319842 1548008755920 591286729879 225851433717 86267571272 20365011074 7778742049 267914296 14930352 5702887 2178309 832040 46368 2584 987 377 144 55 21 3 1 

1436320755690
58 56 53 50 47 45 43 40 35 32 30 26 21 19 15 12 9 6 4 2 
956722026041 365435296162 86267571272 20365011074 4807526976 1836311903 701408733 165580141 14930352 3524578 1346269 196418 17711 6765 987 233 55 13 5 2 

6831320948841
62 55 51 49 45 42 40 36 30 28 26 22 20 18 15 11 7 5 
6557470319842 225851433717 32951280099 12586269025 1836311903 433494437 165580141 24157817 1346269 514229 196418 28657 10946 4181 987 144 21 8 

4035926627805
60 58 56 54 52 49 46 42 39 37 33 26 23 21 18 16 2 
2504730781961 956722026041 365435296162 139583862445 53316291173 12586269025 2971215073 433494437 102334155 39088169 5702887 196418 46368 17711 4181 1597 2 

31267918795450
65 60 58 50 48 41 39 37 35 33 31 23 18 12 9 7 5 3 
27777890035288 2504730781961 956722026041 20365011074 7778742049 267914296 102334155 39088169 14930352 5702887 2178309 46368 4181 233 55 21 8 3 

10309521210464
62 60 58 55 52 48 46 42 40 38 35 31 29 25 21 12 4 1 
6557470319842 2504730781961 956722026041 225851433717 53316291173 7778742049 2971215073 433494437 165580141 63245986 14930352 2178309 832040 121393 17711 233 5 1 

5800563546271
61 59 54 52 47 45 41 31 29 27 20 18 16 14 11 8 4 
4052739537881 1548008755920 139583862445 53316291173 4807526976 1836311903 267914296 2178309 832040 317811 10946 4181 1597 610 144 34 5 

31570040836952
65 60 58 55 53 49 47 44 37 34 30 28 24 22 19 17 12 10 6 3 1 
27777890035288 2504730781961 956722026041 225851433717 86267571272 12586269025 4807526976 1134903170 39088169 9227465 1346269 514229 75025 28657 6765 2584 233 89 13 3 1 

2333753035889
59 57 54 52 44 41 39 37 34 32 27 24 20 14 12 6 1 
1548008755920 591286729879 139583862445 53316291173 1134903170 267914296 102334155 39088169 9227465 3524578 317811 75025 10946 610 233 13 1 

24660380496573
64 62 57 55 53 50 48 46 43 33 31 18 16 13 6 4 
17167680177565 6557470319842 591286729879 225851433717 86267571272 20365011074 7778742049 2971215073 701408733 5702887 2178309 4181 1597 377 13 5 

34384043918077
65 62 51 49 46 40 33 31 29 27 25 23 21 16 13 10 7 4 1 
27777890035288 6557470319842 32951280099 12586269025 2971215073 165580141 5702887 2178309 832040 317811 121393 46368 17711 1597 377 89 21 5 1 

17680067917418
64 56 54 47 45 43 35 33 31 28 19 15 10 6 3 
17167680177565 365435296162 139583862445 4807526976 1836311903 701408733 14930352 5702887 2178309 514229 6765 987 89 13 3 

29640092529456
65 59 55 53 45 40 38 34 27 23 17 15 6 1 
27777890035288 1548008755920 225851433717 86267571272 1836311903 165580141 63245986 9227465 317811 46368 2584 987 13 1 

15583306616602
63 61 57 55 53 49 46 44 40 38 36 33 27 24 21 15 13 10 7 5 2 
10610209857723 4052739537881 591286729879 225851433717 86267571272 12586269025 2971215073 1134903170 165580141 63245986 24157817 5702887 317811 75025 17711 987 377 89 21 8 2 

24068397673999
64 62 55 53 50 48 46 34 32 27 25 20 15 11 9 7 4 2 
17167680177565 6557470319842 225851433717 86267571272 20365011074 7778742049 2971215073 9227465 3524578 317811 121393 10946 987 144 55 21 5 2 

8402095830517
62 59 55 52 49 47 37 35 29 27 23 21 15 13 8 6 2 
6557470319842 1548008755920 225851433717 53316291173 12586269025 4807526976 39088169 14930352 832040 317811 46368 17711 987 377 34 13 2 

21726651936326
64 61 56 54 44 38 34 32 30 28 26 24 22 13 10 5 2 
17167680177565 4052739537881 365435296162 139583862445 1134903170 63245986 9227465 3524578 1346269 514229 196418 75025 28657 377 89 8 2 

10354273395800
62 60 58 55 53 50 45 43 41 37 35 33 29 23 20 18 16 13 8 5 2 
6557470319842 2504730781961 956722026041 225851433717 86267571272 20365011074 1836311903 701408733 267914296 39088169 14930352 5702887 832040 46368 10946 4181 1597 377 34 8 2 

28127526026995
65 55 53 51 46 44 42 36 30 28 24 13 11 9 7 2 
27777890035288 225851433717 86267571272 32951280099 2971215073 1134903170 433494437 24157817 1346269 514229 75025 377 144 55 21 2 

32965838286503
65 61 58 54 51 47 44 33 31 29 27 24 19 16 11 7 3 1 
27777890035288 4052739537881 956722026041 139583862445 32951280099 4807526976 1134903170 5702887 2178309 832040 317811 75025 6765 1597 144 21 3 1 

15997667560468
63 61 58 56 48 46 44 42 40 38 34 32 29 24 17 10 7 3 
10610209857723 4052739537881 956722026041 365435296162 7778742049 2971215073 1134903170 433494437 165580141 63245986 9227465 3524578 832040 75025 2584 89 21 3 

13731258229850
63 60 57 50 46 44 42 39 35 33 31 29 26 23 20 18 14 12 8 
10610209857723 2504730781961 591286729879 20365011074 2971215073 1134903170 433494437 102334155 14930352 5702887 2178309 832040 196418 46368 10946 4181 610 233 34 

23281648053899
64 61 59 56 54 48 41 39 37 34 31 29 24 22 17 15 11 8 5 3 1 
17167680177565 4052739537881 1548008755920 365435296162 139583862445 7778742049 267914296 102334155 39088169 9227465 2178309 832040 75025 28657 2584 987 144 34 8 3 1 

4528033171733
61 56 53 50 46 40 38 36 30 26 20 17 10 7 
4052739537881 365435296162 86267571272 20365011074 2971215073 165580141 63245986 24157817 1346269 196418 10946 2584 89 21 

1055291678973
58 53 48 46 44 41 39 37 33 31 17 14 12 10 8 2 
956722026041 86267571272 7778742049 2971215073 1134903170 267914296 102334155 39088169 5702887 2178309 2584 610 233 89 34 2 

35072744208449
65 62 57 54 47 44 42 39 36 34 30 26 23 21 19 17 14 12 6 3 1 
27777890035288 6557470319842 591286729879 139583862445 4807526976 1134903170 433494437 102334155 24157817 9227465 1346269 196418 46368 17711 6765 2584 610 233 13 3 1 

4497041219628
61 56 52 50 47 41 39 33 30 26 23 20 18 14 11 9 7 5 3 1 
4052739537881 365435296162 53316291173 20365011074 4807526976 267914296 102334155 5702887 1346269 196418 46368 10946 4181 610 144 55 21 8 3 1 

18854910970326
64 59 53 51 49 47 45 43 38 33 31 28 21 19 17 12 10 8 4 1 
17167680177565 1548008755920 86267571272 32951280099 12586269025 4807526976 1836311903 701408733 63245986 5702887 2178309 514229 17711 6765 2584 233 89 34 5 1 

6197943259397
61 59 57 47 43 41 39 36 32 30 21 18 15 6 1 
4052739537881 1548008755920 591286729879 4807526976 701408733 267914296 102334155 24157817 3524578 1346269 17711 4181 987 13 1 

24715321827781
64 62 58 51 42 38 29 27 25 20 16 7 3 
17167680177565 6557470319842 956722026041 32951280099 433494437 63245986 832040 317811 121393 10946 1597 21 3 

27126549676367
64 62 60 57 55 52 50 47 43 41 38 33 31 29 25 13 11 6 2 
17167680177565 6557470319842 2504730781961 591286729879 225851433717 53316291173 20365011074 4807526976 701408733 267914296 63245986 5702887 2178309 832040 121393 377 144 13 2 

29141274109916
65 58 56 51 48 42 37 35 33 31 29 27 25 23 21 14 11 8 5 3 1 
27777890035288 956722026041 365435296162 32951280099 7778742049 433494437 39088169 14930352 5702887 2178309 832040 317811 121393 46368 17711 610 144 34 8 3 1 

28027737020825
65 55 50 46 42 40 37 35 33 28 20 18 12 10 5 1 
27777890035288 225851433717 20365011074 2971215073 433494437 165580141 39088169 14930352 5702887 514229 10946 4181 233 89 8 1 

15318822536050
63 61 57 52 48 46 42 38 35 33 31 28 24 21 17 14 10 8 6 4 1 
10610209857723 4052739537881 591286729879 53316291173 7778742049 2971215073 433494437 63245986 14930352 5702887 2178309 514229 75025 17711 2584 610 89 34 13 5 1 

14930157975875
63 61 55 51 48 42 40 36 32 27 23 17 14 9 4 
10610209857723 4052739537881 225851433717 32951280099 7778742049 433494437 165580141 24157817 3524578 317811 46368 2584 610 55 5 

5265288196513
61 58 55 50 48 44 42 40 38 36 34 29 18 13 10 8 6 1 
4052739537881 956722026041 225851433717 20365011074 7778742049 1134903170 433494437 165580141 63245986 24157817 9227465 832040 4181 377 89 34 13 1 

27409668645348
64 62 60 58 54 52 50 48 45 40 35 32 29 26 23 20 13 9 6 4 2 
17167680177565 6557470319842 2504730781961 956722026041 139583862445 53316291173 20365011074 7778742049 1836311903 165580141 14930352 3524578 832040 196418 46368 10946 377 55 13 5 2 

28425324547694
65 57 52 45 43 41 36 30 27 22 18 16 10 1 
27777890035288 591286729879 53316291173 1836311903 701408733 267914296 24157817 1346269 317811 28657 4181 1597 89 1 

8505523551626
62 59 56 51 44 42 38 36 30 28 26 22 20 16 9 7 1 
6557470319842 1548008755920 365435296162 32951280099 1134903170 433494437 63245986 24157817 1346269 514229 196418 28657 10946 1597 55 21 1 

32853369756157
65 61 58 52 49 39 34 32 27 25 23 21 19 13 10 8 3 
27777890035288 4052739537881 956722026041 53316291173 12586269025 102334155 9227465 3524578 317811 121393 46368 17711 6765 377 89 34 3 

106807871538
53 50 40 34 27 25 22 20 17 11 8 6 3 1 
86267571272 20365011074 165580141 9227465 317811 121393 28657 10946 2584 144 34 13 3 1 

20706976241258
64 60 58 52 50 46 44 37 35 30 27 25 22 16 14 12 10 7 
17167680177565 2504730781961 956722026041 53316291173 20365011074 2971215073 1134903170 39088169 14930352 1346269 317811 121393 28657 1597 610 233 89 21 

15645348440393
63 61 58 50 47 42 38 33 30 28 25 23 19 16 14 11 6 
10610209857723 4052739537881 956722026041 20365011074 4807526976 433494437 63245986 5702887 1346269 514229 121393 46368 6765 1597 610 144 13 

6490571593883
61 59 57 55 52 49 47 45 39 36 34 31 29 19 14 12 6 2 
4052739537881 1548008755920 591286729879 225851433717 53316291173 12586269025 4807526976 1836311903 102334155 24157817 9227465 2178309 832040 6765 610 233 13 2 

6550247291546
61 59 57 55 53 51 49 42 39 35 32 30 24 19 16 13 11 8 6 4 2 
4052739537881 1548008755920 591286729879 225851433717 86267571272 32951280099 12586269025 433494437 102334155 14930352 3524578 1346269 75025 6765 1597 377 144 34 13 5 2 

7587552406605
62 58 52 49 47 45 43 39 34 28 25 23 19 16 14 12 10 5 
6557470319842 956722026041 53316291173 12586269025 4807526976 1836311903 701408733 102334155 9227465 514229 121393 46368 6765 1597 610 233 89 8 

19912714320506
64 60 55 49 45 36 32 30 26 24 22 20 18 16 14 12 3 1 
17167680177565 2504730781961 225851433717 12586269025 1836311903 24157817 3524578 1346269 196418 75025 28657 10946 4181 1597 610 233 3 1 

22071577028923
64 61 57 55 51 43 41 38 36 34 30 28 23 19 16 12 7 3 
17167680177565 4052739537881 591286729879 225851433717 32951280099 701408733 267914296 63245986 24157817 9227465 1346269 514229 46368 6765 1597 233 21 3 

24603758337500
64 62 57 55 52 48 41 39 32 29 22 19 17 11 9 1 
17167680177565 6557470319842 591286729879 225851433717 53316291173 7778742049 267914296 102334155 3524578 832040 28657 6765 2584 144 55 1 

34632830841305
65 62 55 52 49 47 43 40 37 31 28 25 23 21 19 17 14 12 8 4 
27777890035288 6557470319842 225851433717 53316291173 12586269025 4807526976 701408733 165580141 39088169 2178309 514229 121393 46368 17711 6765 2584 610 233 34 5 

6541443860956
61 59 57 55 53 51 46 44 40 38 32 24 19 15 13 9 7 5 2 
4052739537881 1548008755920 591286729879 225851433717 86267571272 32951280099 2971215073 1134903170 165580141 63245986 3524578 75025 6765 987 377 55 21 8 2 

15785505361899
63 61 58 54 50 47 43 41 39 33 25 23 20 14 12 10 8 6 2 
10610209857723 4052739537881 956722026041 139583862445 20365011074 4807526976 701408733 267914296 102334155 5702887 121393 46368 10946 610 233 89 34 13 2 

16296329980382
63 61 59 52 50 48 46 43 40 38 34 29 26 24 17 15 10 7 
10610209857723 4052739537881 1548008755920 53316291173 20365011074 7778742049 2971215073 701408733 165580141 63245986 9227465 832040 196418 75025 2584 987 89 21 

2597953318975
60 53 47 45 41 37 32 28 24 19 17 15 11 9 7 5 2 
2504730781961 86267571272 4807526976 1836311903 267914296 39088169 3524578 514229 75025 6765 2584 987 144 55 21 8 2 

10370582114078
62 60 58 55 53 51 47 44 42 40 37 33 31 26 22 16 13 5 
6557470319842 2504730781961 956722026041 225851433717 86267571272 32951280099 4807526976 1134903170 433494437 165580141 39088169 5702887 2178309 196418 28657 1597 377 8 

21100759941048
64 60 58 56 53 49 47 45 42 40 38 36 33 30 27 25 20 16 14 12 6 3 
17167680177565 2504730781961 956722026041 365435296162 86267571272 12586269025 4807526976 1836311903 433494437 165580141 63245986 24157817 5702887 1346269 317811 121393 10946 1597 610 233 13 3 

6199543656160
61 59 57 47 45 43 39 37 35 33 29 27 25 23 20 14 10 8 6 1 
4052739537881 1548008755920 591286729879 4807526976 1836311903 701408733 102334155 39088169 14930352 5702887 832040 317811 121393 46368 10946 610 89 34 13 1 

28328798181
50 48 40 35 32 29 25 23 19 17 14 11 9 7 4 2 
20365011074 7778742049 165580141 14930352 3524578 832040 121393 46368 6765 2584 610 144 55 21 5 2 

22617534396229
64 61 58 56 52 50 44 39 36 34 32 30 28 23 16 14 9 6 4 2 
17167680177565 4052739537881 956722026041 365435296162 53316291173 20365011074 1134903170 102334155 24157817 9227465 3524578 1346269 514229 46368 1597 610 55 13 5 2 

27347803103659
64 62 60 58 54 50 44 39 34 32 29 24 21 19 17 15 12 6 4 
17167680177565 6557470319842 2504730781961 956722026041 139583862445 20365011074 1134903170 102334155 9227465 3524578 832040 75025 17711 6765 2584 987 233 13 5 

19148356090320
64 59 56 52 49 44 40 36 32 29 26 24 22 17 8 5 3 
17167680177565 1548008755920 365435296162 53316291173 12586269025 1134903170 165580141 24157817 3524578 832040 196418 75025 28657 2584 34 8 3 

14649319874964
63 60 58 56 54 52 49 47 45 38 36 32 28 26 20 15 13 11 9 6 4 
10610209857723 2504730781961 956722026041 365435296162 139583862445 53316291173 12586269025 4807526976 1836311903 63245986 24157817 3524578 514229 196418 10946 987 377 144 55 13 5 

23634973230181
64 61 59 57 55 51 49 46 43 40 36 33 29 25 21 19 17 14 12 10 6 4 1 
17167680177565 4052739537881 1548008755920 591286729879 225851433717 32951280099 12586269025 2971215073 701408733 165580141 24157817 5702887 832040 121393 17711 6765 2584 610 233 89 13 5 1 

14782643866953
63 61 53 51 42 37 31 29 21 19 16 14 12 10 6 4 
10610209857723 4052739537881 86267571272 32951280099 433494437 39088169 2178309 832040 17711 6765 1597 610 233 89 13 5 

