100
245 4140 38446 3816
5152 4955 7567 1175
338 6867 60714 5246
4797 81 30548 6370
4452 606 65516 8728
3805 596 16109 5892
1002 866 39652 8794
5294 880 61819 1814
3709 597 96631 2810
1860 1264 27684 4053
1725 3668 32979 4739
2350 9272 69853 1467
2284 4101 55808 152
3090 6062 55439 8137
9736 9940 44108 5914
9821 98 87549 6778
1633 1497 68604 9950
2328 2275 95868 1723
3044 8039 28893 5230
4177 7577 25317 9275
4451 6575 51004 9527
7373 9293 47417 985
537 14 21681 5103
6322 4750 29032 5111
2031 2134 27182 8784
9533 8192 87655 4850
2141 232 70816 3930
7273 6580 88996 6643
7564 4734 19954 7432
9230 7523 84360 3577
9879 5811 82395 3484
9443 3220 55871 9893
1140 996 76861 5622
677 1330 56979 5651
7424 4834 54696 8843
8699 7353 274 8169
9368 7385 2151 8005
9642 3444 34012 9150
8235 8627 64147 1415
2058 8320 19929 3774
987 2508 30946 448
8512 3457 39959 1053
1914 2772 54348 5226
8770 4967 86005 4504
6789 2648 51312 8650
8627 9123 80736 4164
5138 5164 28359 8508
3353 8977 8690 5798
3798 9594 31201 566
3959 4698 10854 2691
4620 1849 82992 3560
376 1249 16637 3717
3365 86 67131 9080
4607 3403 82596 403
8939 5201 94560 2169
1594 2232 19839 1361
1974 9568 33982 8611
8279 3736 30362 3488
4297 9080 91523 6366
1516 8874 26549 6221
5532 5123 79525 1153
5375 9617 32723 2564
6914 5753 31752 9394
6213 497 21559 8729
5869 7363 88061 7989
5301 6055 94398 3632
3875 6818 3100 7133
3533 5980 70562 6547
3199 9265 11882 6760
9888 9321 42390 6725
7359 6050 7481 1325
1109 262 97191 5248
6075 6114 16766 3910
238 312 74476 6937
2189 3285 80573 698
7510 164 94875 4169
7132 1251 210 3049
8900 271 71944 5407
3289 3653 65742 688
6864 4885 62653 89
2985 736 6078 5624
9959 4409 81208 2770
8940 379 20531 5043
5192 4526 42443 4698
7088 2458 15573 6247
7658 4493 52258 2511
1878 3560 4229 5528
9157 5139 64744 3267
2394 2046 60885 7275
9299 3788 89688 9450
1649 3180 14430 2228
6880 4095 17393 8553
7745 1197 95913 7395
2506 8252 21225 1574
4229 9465 94691 4382
5371 4471 4465 4229
3058 7384 42659 238
135 678 97501 5580
2881 4686 27544 797
7919 3371 10891 971
