666
20
196 -182
274 -225
1 20
-88 -3
179 -162
51 7
-55 -25
-39 78
-70 8
235 -117
250 -150
268 -139
-94 83
41 -43
219 -220
74 -93
129 -149
139 -99
-16 40
106 -49
10
11 -99
-20 44
-81 -65
97 86
-50 -208
-93 -82
-167 -250
-50 -224
23 -82
-20 60
6
22 16
100 87
-33 9
82 49
-41 59
66 -22
6
-3 62
47 -57
17 71
67 -48
121 102
-57 -88
14
-118 10
-18 -36
-16 20
-87 -58
-24 -92
-62 69
-72 -39
-179 -28
69 99
-110 122
-47 88
-116 66
45 58
-203 -69
8
69 -24
91 -26
-99 86
-92 -51
-82 -40
-52 -26
63 91
74 -80
8
-64 41
-71 173
-88 131
-82 -28
-194 101
-81 -1
-70 200
42 71
20
-44 -32
47 139
-22 131
-8 -86
30 257
27 280
-42 -57
-110 156
-38 -77
65 12
-59 61
98 44
32 232
-39 -80
86 279
10 69
26 277
-4 286
-77 188
-98 -79
20
30 -31
94 -71
-9 -58
86 10
47 87
-66 37
-91 66
21 -42
-35 61
21 -57
24 -48
84 -64
100 -4
-81 -90
-9 85
36 68
76 34
12 -10
-36 -76
10 47
6
11 17
-175 1
-26 33
-138 -15
-259 -55
95 73
6
-11 -40
-31 -146
22 40
27 -122
-64 -226
-69 -64
8
77 -82
1 38
-86 43
15 0
-64 77
-64 -9
21 -43
-32 19
16
-140 31
40 -31
-12 -58
22 70
64 -64
-76 -96
-42 32
-47 -77
-118 38
-36 -120
-7 51
86 -57
-17 -87
-37 61
-94 5
-18 94
4
20 90
87 78
-153 -264
-86 -276
12
-86 62
53 81
-47 -80
68 48
98 8
44 29
122 27
252 -6
-47 -34
213 136
113 -25
213 90
14
-9 80
-209 80
-159 -94
-46 -27
-139 -23
-122 13
-125 -71
-31 -82
41 -94
22 -34
-29 9
-43 57
-137 68
-190 20
10
-68 -87
2 40
-20 54
22 17
31 -33
-25 91
61 2
-44 -46
-12 -53
-29 26
14
-98 -43
-141 124
-117 207
-131 144
-32 176
-18 -48
99 33
-129 29
-149 95
79 99
91 4
67 -79
81 -16
48 171
16
6 52
-80 29
-117 231
-126 102
98 10
-133 123
13 31
-40 125
86 -75
-32 82
-61 178
-206 229
-218 144
-88 72
-59 -24
-3 -77
6
260 34
-20 41
198 63
-53 46
-82 70
231 58
20
-50 -40
28 -142
37 38
-47 -191
25 9
-50 -102
-55 -100
-29 -100
52 -96
-118 -240
96 58
-59 -220
3 -60
-69 -168
7 -82
28 -80
-25 -122
-74 -86
33 -82
47 -14
10
-14 40
69 -69
-90 66
3 -12
-131 131
-143 84
-65 74
81 -22
-48 22
28 -4
2
7 56
-54 -21
18
11 -21
-87 -6
19 60
40 -24
78 40
6 -15
36 54
85 -33
-49 -7
2 -73
0 -57
28 -19
-17 -21
44 -47
-53 2
80 9
23 77
-33 90
14
85 -80
-23 78
-38 -74
-86 37
16 24
81 -25
-72 -72
76 65
-20 -92
-69 1
-69 68
-28 -36
19 -55
96 -54
6
-88 13
56 -191
86 -209
-58 -5
71 -77
-73 -119
8
24 100
36 -92
39 25
87 -89
-27 97
89 99
21 -17
-29 -91
14
104 -167
19 -110
12 -67
-1 27
65 20
60 -160
164 7
11 53
-20 77
85 -117
72 -23
73 -143
24 70
-80 -97
2
-225 -142
87 6
8
169 74
94 -46
82 76
176 54
7 -44
1 65
175 -35
0 -24
2
16 -85
-8 46
10
89 68
88 -80
58 -39
-13 53
102 174
-42 71
203 41
132 133
101 26
232 23
18
-62 91
-177 125
-18 53
-150 143
-174 222
-160 56
80 88
-11 100
94 -78
-72 93
70 1
-8 51
97 19
-90 -1
-69 44
-22 72
10 145
-58 72
12
40 -102
147 -237
-11 54
16 -94
-53 48
59 -137
-3 -59
-17 -244
109 -244
67 -250
73 48
-91 41
16
26 -91
36 48
-88 -84
-84 -37
-74 57
32 90
-49 82
-96 -85
-68 -38
31 8
93 -75
-91 33
-29 -27
78 35
-75 83
95 -50
20
155 -64
-88 -5
-39 -13
143 -39
-47 77
-89 -44
-31 -48
204 -104
-51 67
171 -189
175 -179
153 -136
-80 -8
213 -68
-29 24
96 70
28 -182
-19 -73
212 -107
163 -99
14
-52 -92
-76 -17
73 -74
2 39
-100 -2
10 56
-94 -61
100 -43
90 45
54 47
-24 21
-90 -59
-20 -31
-71 48
16
-65 18
62 81
-70 63
-59 34
-34 -2
69 -13
71 -14
72 100
58 -47
-69 20
25 90
-48 -12
-97 -56
-71 -52
-82 -11
82 -14
8
37 -35
90 54
9 24
-95 -90
-78 72
-19 -6
-15 -72
86 -69
6
8 87
28 -56
-10 -62
-78 -157
-60 -8
-98 -14
10
-47 -88
38 34
-147 -108
-25 -44
75 -24
7 44
-79 -176
28 -93
-100 -39
-110 -166
16
120 -66
68 53
-71 -90
96 -84
23 31
9 -98
-69 -71
172 -236
159 -93
81 -66
-82 72
-6 -80
-30 -98
67 -195
22 -217
161 -74
10
51 36
35 -35
43 69
-46 88
28 93
-15 21
-94 -6
-48 43
93 -86
99 -34
18
35 -39
100 11
-57 57
84 32
46 -109
-110 -75
-61 91
44 -28
51 -155
-56 45
56 27
-66 -91
-45 -25
-94 -96
3 13
-13 -77
-54 -36
47 -121
18
-2 202
-15 156
53 49
15 202
58 -6
33 9
-52 1
82 77
53 -52
-30 10
90 103
-20 110
5 95
-44 27
40 -98
23 -98
-15 55
68 94
20
69 99
48 61
43 -50
-7 -150
-25 -151
51 98
-35 13
-40 78
-41 14
85 -66
-4 -113
26 20
-39 -123
84 -130
121 -134
1 -2
83 71
18 -72
79 -65
-77 82
6
9 69
-49 -29
-111 -199
-49 11
-111 -159
-169 -257
2
-25 -40
-89 54
8
-200 82
1 -4
20 0
-32 -33
-148 115
96 50
-181 86
-276 32
4
44 -38
-32 68
-99 49
58 40
18
-182 54
-44 -74
-96 114
-62 -67
90 54
49 -1
-174 25
-141 109
-16 140
-188 142
-76 -32
4 -6
96 -34
82 83
-48 182
35 86
-127 22
-30 175
20
26 156
-56 -70
-4 -17
12 100
9 -39
46 -44
3 95
-57 -20
69 76
16 73
-25 59
88 152
-14 -100
-34 100
-76 -96
-67 -63
68 126
37 -3
79 119
0 -44
8
-13 28
-119 -242
-50 -253
12 89
58 97
-25 -192
81 78
-96 -261
14
264 103
244 157
-100 35
92 128
210 147
-64 74
-80 -19
220 154
72 10
-46 -9
112 109
228 64
-56 -16
52 29
14
-46 13
10 -99
-13 82
4 -26
16 -31
-31 -2
-81 18
-35 75
-16 25
-82 21
54 -7
27 50
36 -84
50 -33
6
5 85
-140 -60
-177 -85
-68 -86
-104 86
-32 60
16
-61 -42
-49 20
45 -35
116 139
75 22
26 -73
87 84
-18 135
-90 -97
0 2
26 40
111 -30
0 115
-85 72
-19 77
44 -93
18
72 -284
1 -47
131 -269
249 -260
82 100
153 -137
135 -180
149 -153
119 -154
19 -4
35 -30
5 -31
165 -98
-95 76
92 96
23 85
-11 -86
62 -280
10
-91 -84
-75 -88
-37 -81
-22 38
-68 42
73 61
-46 52
-32 -70
28 -44
-53 73
14
122 94
-20 34
148 208
-70 -55
31 -43
-8 171
29 169
68 -45
25 79
80 92
35 47
-62 32
130 181
-88 -82
14
-167 -45
97 25
21 73
-169 31
-243 3
-28 68
16 -7
-118 -40
-52 -46
-162 35
-191 -69
-94 74
45 97
23 -3
2
67 85
-167 105
2
72 -118
100 80
4
30 79
-61 20
98 25
-47 36
8
-94 65
-69 6
-71 -34
40 66
-180 -94
-46 -93
-2 50
-138 -78
10
-85 66
22 39
22 99
22 75
41 27
57 51
-100 45
43 -57
76 -50
82 56
6
66 94
83 -87
-35 -49
87 88
79 32
71 -80
2
4 131
-84 69
2
-31 -52
76 -62
16
-71 -147
-120 -234
32 70
-186 -195
-17 -17
88 -62
-157 -191
-176 -102
37 11
-73 64
35 95
-125 -175
69 27
-15 -228
-123 -259
98 31
10
-41 -189
14 -3
-31 59
-84 -39
-3 -211
7 37
22 -69
50 -113
-48 -149
-56 -83
6
30 85
34 1
88 81
-53 8
-33 -48
69 -91
18
-72 -139
-81 -42
68 39
27 -204
-49 54
-90 -189
62 -56
59 -108
-54 76
39 7
50 -11
-12 -70
-22 -229
-84 -94
-61 -157
32 -226
0 79
-10 -80
6
75 75
142 -48
95 -105
81 31
28 18
89 -61
14
-94 81
-75 60
71 6
39 -54
-35 63
96 54
-33 7
-63 -38
13 99
-23 39
99 23
-88 -69
43 -58
-7 52
4
-66 -77
-32 -29
-117 -49
19 -57
10
-8 -32
26 100
68 40
36 -96
26 -28
-79 39
17 52
93 59
92 44
19 -14
2
131 89
-5 71
2
-52 -138
48 40
14
4 -42
-50 -70
-14 -12
12 77
-134 -178
-98 -120
74 66
-160 -267
35 -95
-222 -256
-67 -106
-183 -95
-152 -148
-81 -84
8
-20 23
-30 40
-8 -79
48 -1
54 -21
45 64
-42 -31
99 80
2
-95 -58
-89 -80
10
99 -181
-41 -211
42 66
-4 -262
-46 -46
-35 0
-61 -15
73 -196
84 -150
79 15
16
-17 -33
-1 -10
-143 16
57 -54
-60 -93
-69 -5
72 -31
-124 -35
55 -7
-85 -28
-141 -31
38 -3
2 -31
-26 55
-88 -7
-158 -7
4
40 16
46 80
-16 -78
91 49
8
-48 -8
12 -61
88 77
34 9
-85 -11
-62 -20
6 40
-26 -21
16
50 34
-195 63
-54 -91
-90 97
-200 42
96 -78
-12 30
88 55
-194 -28
-172 -27
28 33
-132 -24
51 -57
56 -36
-240 84
-232 -49
18
-1 -248
26 72
7 -105
1 -58
15 -232
-23 -94
-97 -224
-37 80
-59 -244
-29 -47
-122 -226
-48 -224
-55 -208
37 92
100 74
-21 96
33 56
75 72
6
-17 78
45 69
-76 61
-14 -77
79 55
30 86
10
60 91
80 54
-81 57
-93 -29
0 42
-86 -100
91 90
-86 58
4 14
-63 -53
18
99 -88
28 259
-96 -48
50 17
178 216
32 151
54 -91
-7 -91
-74 73
69 141
156 95
13 -50
69 218
122 208
89 259
13 27
-17 256
-40 -40
18
115 83
35 122
82 -22
-64 166
-41 121
-63 -37
86 33
-17 22
59 23
81 181
26 127
63 1
-8 17
-68 111
-67 188
-97 61
85 -44
-45 143
12
-105 -286
-79 -54
-100 -3
-77 -142
-56 -193
-66 -169
-133 -208
-51 90
-237 -235
-90 -27
81 39
-23 12
14
-25 -20
-17 -19
34 -90
-13 23
-45 -77
-76 86
-38 43
46 -82
8 -39
-64 94
15 81
-35 -77
5 81
-5 24
18
17 6
77 -8
-78 -27
73 -61
14 -34
32 49
-96 -26
-114 -109
-3 91
-136 -139
-99 -66
-159 -52
-79 -151
40 18
-4 -33
-122 -78
54 79
-155 1
18
-80 -12
27 -18
-44 -120
35 85
79 64
-92 -40
10 88
-113 -96
58 8
48 3
-61 -14
8 -85
-69 -117
-42 53
28 -17
46 -20
-82 -35
-62 -15
14
28 80
-150 -146
61 53
-74 -77
-148 -137
-203 10
17 -54
-52 -1
-183 -119
81 -76
-139 -12
-70 -65
26 71
-48 11
6
-4 34
-36 -99
-14 44
-82 -99
-70 8
65 7
18
11 -65
57 33
-1 78
-7 -51
-50 88
54 92
-70 -94
-99 -15
-33 -40
42 -54
-74 28
99 -25
-71 18
61 -8
90 28
-2 61
31 -25
24 39
2
23 -6
-68 -58
10
61 62
148 -9
66 -15
75 10
-12 81
70 87
-19 -20
82 -26
54 98
155 92
10
89 47
95 48
-86 80
277 -98
-93 22
95 -123
103 -105
270 -156
81 29
89 -124
2
-51 -94
22 -62
12
30 -15
22 56
16 -48
10 -32
-72 10
49 11
96 56
53 -92
-27 71
67 -51
-75 60
28 54
2
43 -60
37 22
20
84 -40
20 157
81 56
-73 27
-31 42
75 66
-25 32
-6 14
49 -13
-25 162
-75 -26
-7 130
123 71
-34 138
30 -59
1 111
125 124
57 -32
56 84
75 -64
4
-31 0
-87 5
19 -49
67 -55
6
15 11
-72 75
73 -45
-7 46
-70 0
94 90
12
124 51
-66 3
35 53
17 11
22 -11
-30 91
36 65
88 -37
23 1
141 4
41 43
-83 50
10
-77 32
-12 69
75 10
55 -69
96 80
-10 -58
100 75
-90 -47
-20 -35
-29 58
4
-37 -40
-62 -10
4 -39
-45 -84
14
-36 -67
-84 -90
-57 -9
13 30
6 -71
-52 51
-57 34
-53 -52
-62 -43
28 -33
-67 -17
13 -49
-90 93
20 96
10
73 -79
-65 30
42 20
-46 50
35 12
42 -15
-35 23
16 -85
59 -6
77 50
16
-48 -1
57 -100
-115 134
-10 35
19 -36
47 -14
-32 96
-78 -79
-77 70
-105 48
20 113
-118 -61
-12 43
60 95
-26 -62
-46 -9
4
181 -197
-29 57
-15 37
167 -177
20
-21 -69
74 84
87 -75
56 -46
29 43
-13 69
86 -17
55 94
-81 -100
-37 -30
37 -38
-69 18
9 -87
78 13
94 -43
23 26
-1 12
48 0
76 37
20 82
18
-77 -10
53 -95
-41 -73
68 -12
73 -25
121 -76
-29 -61
-6 3
56 -36
81 -64
-37 -22
15 -172
29 86
-12 -50
85 -13
-9 9
-24 -74
50 -89
18
-18 -278
-56 67
17 53
100 98
65 -233
65 -59
-29 40
16 -217
17 -121
138 -247
93 -84
104 -273
-72 33
111 -220
-22 93
-11 -96
66 37
154 -213
12
51 12
-36 -87
4 -74
-20 -96
-67 -182
47 -1
59 -81
-63 -169
20 -83
-75 -89
-44 -90
28 -80
2
47 -74
-215 26
18
90 11
-67 -91
-87 -24
5 16
49 91
27 5
79 25
56 46
-89 -39
40 -35
-78 -11
4 -85
-76 -69
-52 -34
48 73
-60 60
25 -7
59 60
6
-6 14
168 -178
56 -74
-93 -76
106 -90
255 -88
10
52 22
-68 -180
-96 -179
30 -198
3 -191
-19 33
28 44
-46 40
80 21
-44 -202
8
24 -36
-41 -60
32 -26
-47 55
-45 25
-60 53
-4 -58
-35 -19
18
8 -65
-19 81
-24 66
2 -95
-49 82
76 -65
-17 -62
-11 39
92 96
23 29
-21 -93
37 -4
-61 71
88 -68
76 -46
-34 8
96 45
81 -75
14
-49 4
-4 -57
-81 -24
78 30
98 -90
-77 35
-42 -97
-24 -5
44 -26
51 9
-61 -68
19 69
-31 -99
94 -15
2
53 -52
-193 8
8
-25 77
2 95
89 49
-17 -12
22 -78
-1 -73
-19 -52
100 -15
4
-76 -29
-19 -38
27 -21
18 -74
4
-76 -29
82 -91
9 -78
-95 84
18
46 -22
-89 92
-4 25
-120 -29
9 -9
-168 42
-131 29
32 -39
52 -16
-118 -5
-174 36
-35 36
-2 49
-151 6
-154 59
29 14
-33 -72
-87 -16
8
-202 136
73 -19
60 49
-234 163
-253 151
-240 83
54 -31
22 -4
4
-74 -184
16 52
-30 -211
-28 79
10
70 -42
14 23
78 -17
22 48
179 34
68 57
-42 65
24 -51
-87 -28
134 -59
8
45 -64
35 62
82 44
-26 -96
57 76
-48 -32
-3 -23
9 -43
12
-74 53
7 -226
39 48
-15 -261
-19 28
61 83
65 -206
-36 -84
3 -137
43 -41
120 -231
82 -94
4
-26 -198
-12 -53
2 -59
16 86
8
61 209
201 125
-75 -13
-57 41
83 -43
172 69
-28 97
219 179
12
70 -98
66 52
46 -100
-40 70
-70 -16
39 76
-25 -19
-58 93
-51 -32
54 23
90 -21
22 4
6
-21 -26
70 -55
-25 28
-116 57
58 -10
-104 12
20
-165 -48
-156 5
86 84
52 -77
-55 -100
-18 -88
-80 90
-84 -136
-20 64
61 -24
-14 15
-24 -162
-90 -87
-49 28
-190 -156
8 8
82 -86
-112 -80
-86 16
-186 14
6
26 18
-82 75
-88 -60
32 -76
27 -67
-2 60
6
30 55
40 99
83 -26
-13 180
-39 99
109 55
8
85 -82
149 -17
-33 87
18 -90
29 121
87 -51
98 160
31 152
16
145 -121
85 68
-13 -254
-22 -40
59 -226
-93 -89
151 -273
36 -109
36 -77
38 36
165 -97
13 40
-79 87
94 -146
34 -222
-73 -65
8
59 39
88 74
93 77
-21 -4
5 52
-61 40
68 -75
52 72
2
76 -85
-268 225
6
-52 -6
-82 4
-118 -80
-16 78
-130 -1
-4 -1
14
27 19
-2 -81
9 -39
79 -19
23 -9
95 75
-82 33
93 -94
-64 -99
72 -72
-64 44
-19 15
-5 8
64 -61
2
-30 -92
43 41
2
34 -45
76 -95
20
77 73
29 96
44 -83
72 -82
87 -77
93 -92
-20 84
48 38
-13 -71
-6 83
37 57
0 55
-15 51
0 -5
28 64
89 -70
-93 20
42 38
-17 88
-60 -9
14
-205 -99
43 -25
-47 -91
-86 81
-69 63
-76 -205
-93 -187
-81 -67
-115 -33
-81 -57
-57 -45
-52 73
-110 -197
-105 -79
10
-12 -26
-22 -10
41 89
27 -68
-40 -12
69 46
72 46
-93 64
-99 -16
-25 -84
14
173 -106
147 -55
198 -196
-35 4
-69 84
77 -73
148 -144
-9 -47
-10 42
125 -172
207 -186
13 70
-60 94
61 -29
14
-82 77
69 71
-86 -100
-98 -87
-37 -72
0 1
-62 -78
90 70
21 10
-67 84
55 99
88 -96
-92 -39
-70 -100
16
2 242
53 -71
-42 -97
117 157
101 208
-37 -48
5 160
-4 142
-53 3
11 231
59 0
62 -82
13 -20
51 180
68 18
106 257
12
-84 99
28 22
11 32
-46 -57
-21 -97
-53 -9
-61 -54
-87 -59
78 -47
-7 31
-83 -96
80 39
2
73 -166
-79 86
8
183 101
74 76
74 30
235 81
-35 5
-87 25
204 127
-56 -21
8
71 55
-34 68
45 46
80 -35
-37 -56
-11 32
-51 13
-71 88
12
-21 92
39 -64
112 -25
-24 14
57 -36
15 19
26 95
70 -195
120 -114
81 -119
-16 -75
117 -192
12
41 -50
-43 -4
-39 92
48 60
16 16
-51 19
-88 -44
-65 -38
58 91
99 76
98 48
88 -6
4
138 -62
216 82
-66 -74
12 70
20
19 12
-58 -21
-30 -16
9 50
-77 63
76 -56
-87 -79
22 -82
-22 -38
95 44
-60 45
-92 35
40 -62
-51 -35
57 -96
35 82
89 -10
-18 -2
-33 -27
-97 -20
6
-144 159
-142 111
-24 -79
80 -15
78 33
-40 223
6
-15 -78
83 158
-91 -41
233 229
59 30
157 266
18
-98 44
124 172
224 136
184 12
-66 -40
102 88
-26 84
-16 -48
216 181
-58 -85
174 144
248 98
56 8
169 111
256 52
-11 -15
-90 -2
34 -76
12
-92 -99
-132 -115
5 89
-219 -70
-133 -245
91 -86
-70 55
-36 -57
-58 -211
-11 -54
-117 -102
4 -41
10
93 -57
45 -15
-62 32
19 43
100 -18
-40 -59
-30 95
31 -64
23 -9
-50 -89
18
10 -24
-70 40
-89 14
87 -96
-6 13
10 -36
86 -54
-58 -14
4 -20
8 73
69 52
-85 34
-77 1
26 28
21 -27
-10 -95
100 -47
62 -38
6
18 76
-43 -12
-2 64
-25 -100
-69 -77
-4 -64
18
22 -6
-9 97
116 28
101 31
98 135
-10 87
277 -37
223 -40
207 -43
208 -33
-23 95
-79 91
-25 94
176 60
221 -41
82 26
97 23
100 -81
16
-11 19
-97 96
-3 76
-8 -12
-4 -66
-10 74
94 77
-62 75
31 -5
-84 36
27 -20
41 6
-62 -94
97 -24
35 56
-56 -47
20
21 -42
94 -82
49 58
26 21
45 -144
-1 -40
-12 -95
97 -27
106 9
-2 91
95 -46
68 -107
30 -22
-6 -116
100 30
0 -4
96 -177
-3 -59
64 -64
73 -44
8
-181 -225
18 -94
-158 -80
-124 -220
-16 46
41 51
-137 -232
-3 58
6
97 0
30 -9
28 -167
-9 79
67 -255
-39 -176
20
18 -39
-199 130
-187 81
97 -46
-146 19
56 19
-139 31
-95 -16
91 -48
-164 63
-5 75
3 -82
-103 7
-13 98
79 1
-126 121
38 63
-111 164
-205 128
31 51
16
64 31
7 12
32 82
19 88
-100 -97
-71 -15
37 77
-25 21
-70 -65
-41 54
81 3
13 -91
93 61
-91 65
-26 -37
78 65
2
73 -25
-125 49
18
-71 -43
7 -2
45 -96
35 -93
17 23
19 60
51 -45
80 -97
48 -98
-41 -16
90 27
20 42
-15 88
-13 61
-70 100
16 79
12 59
46 -42
16
29 -67
19 -71
29 77
87 53
149 -112
51 -101
-85 22
77 49
23 52
77 -95
130 -39
191 -40
-24 21
83 -70
-43 94
55 83
20
-39 13
-61 -9
18 67
-43 26
-87 12
51 -72
-19 -89
9 -98
-61 -42
86 37
16 70
-10 40
-38 12
4 33
-55 84
33 -68
-52 -6
91 93
-73 72
-37 -29
2
-49 -44
49 4
20
-86 85
76 62
-63 72
-64 -99
94 10
-76 -15
12 73
20 -64
54 25
-67 52
-41 -89
-5 -2
-71 93
100 77
-30 45
86 -67
5 -36
-19 -82
-23 -40
-5 34
10
-75 7
47 -31
-59 23
-69 -99
-99 98
-27 -86
-46 27
-90 -70
27 -84
45 -12
4
-258 124
-120 165
-80 -83
58 -42
6
-99 65
-169 40
-213 36
19 -36
-95 -65
-25 -40
2
-11 -82
91 -52
14
83 -12
85 -34
-133 16
2 34
-144 9
-131 -6
-137 -106
-74 -71
-57 -60
-50 -52
9 42
96 -27
26 53
89 88
2
-65 81
4 57
18
-33 48
-17 51
96 -55
66 4
86 -7
56 14
-54 59
-9 -43
87 0
48 100
-27 98
25 98
91 -25
89 31
80 94
28 59
35 63
42 76
16
23 -67
14 77
-72 24
-80 -2
-54 -38
-15 51
17 80
0 -19
-2 -97
35 51
-17 50
-100 68
-52 -33
18 -71
-14 -74
-88 -36
16
-72 83
97 -30
100 40
-26 111
71 -47
-186 125
-68 -55
-213 78
-44 -35
-90 -63
-48 103
-187 95
-195 -36
70 -77
-216 8
79 84
8
40 -45
96 120
35 118
-3 44
-57 9
-8 207
-64 42
89 153
8
66 199
142 222
-6 -72
-100 -4
70 -49
-59 -83
195 233
236 154
8
74 25
-70 25
-54 -50
6 15
-15 -33
84 -77
-41 80
36 -6
2
54 -95
-144 227
10
-72 -27
-25 -21
-45 -21
32 -95
49 -99
-3 47
24 52
54 68
36 60
-49 -2
4
63 9
-62 -12
84 56
29 82
20
45 -175
173 -151
-25 -57
118 -137
13 23
151 -35
214 -192
39 -8
-88 100
81 83
-69 -56
113 -115
34 68
92 -160
8 45
-47 59
87 -157
39 65
87 -84
195 -36
6
116 31
-10 -20
-13 98
148 72
22 21
151 -46
12
-113 -14
-20 35
-141 -170
-117 -150
-37 46
-41 -90
-13 66
-134 -139
-7 -58
-232 -151
-147 -46
78 47
2
83 -28
-85 -14
12
122 -139
99 13
46 -50
45 -178
0 67
55 100
-51 47
1 -91
-22 61
100 -145
54 -28
151 -125
2
49 -16
3 -68
12
60 -34
59 -75
29 44
-27 -89
78 -31
-18 46
10 -19
62 -16
92 -48
-5 68
-54 90
80 75
2
-152 -291
60 95
14
56 97
-44 -81
-40 -76
21 49
84 12
75 65
-36 38
-24 -99
65 80
70 -14
-69 -54
57 42
60 -45
1 -90
18
31 -32
-37 47
17 0
-42 74
76 85
14 -69
88 -16
-36 -88
25 -59
-61 -58
43 -46
-71 -8
93 -99
-13 -70
37 25
40 -23
35 -55
-29 -33
8
46 -89
-25 100
2 -23
148 58
107 -116
80 7
36 73
-66 -74
10
-14 9
53 -32
43 82
-7 -11
16 85
28 -39
55 50
-9 20
52 -10
42 -17
12
45 16
-77 96
-39 -76
-44 95
-86 -89
-64 85
-64 -47
-46 -61
77 54
-11 26
1 26
5 44
2
-45 -35
18 52
4
152 61
95 75
-52 -37
5 -51
8
-238 -175
-137 -191
92 49
-71 -121
-194 -87
-75 -5
48 -39
-9 65
12
-63 72
-73 32
137 35
9 -23
47 41
-40 78
99 -29
8 -68
209 -60
138 80
219 -20
186 -66
14
28 -59
-88 -83
-88 55
-157 -74
-19 39
-119 -72
-226 -79
-133 -73
-33 38
-64 49
-64 -89
5 40
-180 25
74 45
6
-98 12
56 49
-22 3
-78 90
-87 -61
-12 -74
10
74 -35
149 -97
164 20
114 13
90 36
39 75
98 -58
24 -42
-6 80
194 -102
14
96 54
-11 -88
43 55
37 -4
-15 35
70 29
-20 -49
-52 -65
-44 -10
-3 -46
-96 45
-89 -47
27 67
22 -45
4
-36 58
49 40
89 -81
-79 59
6
-35 -61
19 -44
13 243
105 221
57 -83
51 204
10
-62 74
-22 93
18 -59
18 23
66 -85
56 -26
-20 -28
19 51
-52 6
24 -69
8
-23 30
16 -44
-21 -29
-2 -17
-65 30
77 -42
-57 -16
-97 -6
2
48 -87
44 259
2
46 -72
-83 -8
14
74 -55
-93 66
-97 72
-253 -182
-61 -182
-65 -176
14 75
34 24
-232 -55
-101 -195
-192 -134
-172 -185
95 72
-57 85
18
36 -132
26 -45
-93 -277
-30 -284
36 -205
-97 -21
-107 -291
-35 -75
41 83
-17 -119
-51 -115
-1 -79
55 97
-78 -149
-22 90
-88 -62
45 -173
-88 11
14
33 44
-44 98
38 -100
91 -9
10 27
-39 -46
-57 -2
-97 7
-66 -84
60 82
-25 -100
51 0
-16 -29
19 98
10
111 60
-99 16
-68 -61
35 -32
36 66
-23 108
-49 85
61 -9
-24 10
80 137
8
-100 95
73 -96
104 47
-29 -41
33 183
-69 238
-92 -49
96 191
10
70 70
84 -66
-41 25
20 31
14 14
61 -19
-51 1
-54 99
72 71
79 42
2
-80 -23
268 -83
12
50 80
97 -9
90 36
-13 -64
27 55
40 36
59 -84
-41 -69
-4 -66
85 -27
-39 78
76 43
8
34 1
-77 -2
65 -1
54 44
89 16
94 -12
61 69
-29 58
10
61 -57
-21 55
-21 -28
-21 -86
75 -72
-41 28
12 -65
-88 -60
-25 87
50 -48
2
-84 -60
61 -34
4
-30 -105
-92 77
-160 -126
38 98
8
28 74
-85 4
-88 -27
67 97
-1 -47
100 64
-80 70
-4 7
2
8 -92
-122 -98
12
94 -107
67 34
36 9
214 -46
75 81
-65 74
87 -56
63 -132
195 -172
-84 -52
55 -179
43 -42
14
-8 -29
-46 54
-74 -49
66 -37
-67 6
31 95
-31 -27
93 24
-93 -92
-66 -5
20 68
9 -17
72 63
39 54
16
-90 1
30 -15
13 -79
81 -14
1 -26
-2 66
-90 -81
13 89
95 40
88 46
-11 61
12 -3
85 27
75 75
92 -22
17 -57
18
-154 -153
-192 -88
-189 -56
-201 -151
32 -4
-43 61
-172 -80
58 -61
12 -12
41 59
-117 -153
-224 -100
-77 -148
-6 61
29 -36
64 8
-218 -31
-83 56
18
37 -80
-88 86
50 32
63 -3
84 23
-15 -82
95 72
-36 41
-83 59
95 40
-98 40
-55 -81
-94 -12
-65 -28
-38 -98
74 -32
17 -19
-54 81
14
-46 -77
-16 -8
-12 -5
-115 -71
57 -11
60 -58
-43 2
-42 -74
-36 -86
-15 -84
-22 4
-118 -24
9 -5
-67 -77
10
-1 -6
-70 26
58 16
-78 -10
31 28
61 -50
77 -41
-87 35
8 43
-29 -53
20
-52 46
-54 -28
-65 82
60 -80
58 57
44 -29
40 61
-88 30
-9 4
5 -63
28 27
18 -43
71 -7
-47 1
-24 93
-86 39
-61 -80
-66 -8
36 -87
51 -9
10
-82 -174
-97 8
-34 -197
52 57
52 81
100 34
115 -148
9 -56
-34 -221
9 -84
16
3 -68
-76 -4
-18 -47
4 -36
33 -65
97 -20
-57 34
11 40
-39 -9
9 99
11 -84
30 -16
91 -10
33 39
-52 -50
-39 47
16
-65 -21
23 26
-83 -61
-93 84
43 91
-60 47
-70 -67
70 70
-93 41
17 24
-23 87
13 -75
-45 -88
65 67
-62 34
-31 82
20
-105 167
-204 188
91 99
37 1
-186 280
-67 -83
12 -92
-149 146
-24 87
78 95
-265 89
30 0
-252 93
-107 271
-69 21
-150 101
-171 172
-25 42
-211 187
-3 16
6
-32 -29
-91 -27
-59 72
-3 8
4 -46
-67 59
14
-120 -90
-190 -93
-198 -195
60 31
21 7
25 -72
-18 -74
-101 -77
52 -71
-91 70
-37 -87
-159 -171
-163 -92
-47 -234
20
65 -224
71 93
-56 -49
40 91
-26 -44
68 -83
-70 -95
24 -134
86 63
-18 14
-88 -241
16 -192
-67 46
-42 -269
-73 -271
-12 -68
42 -165
54 -129
10 -110
-44 -13
4
-10 5
1 -58
-4 97
-87 23
6
109 -183
161 -218
38 -54
-3 47
-55 82
68 -82
4
-47 -54
77 70
48 -46
-84 20
12
63 -80
58 71
-3 49
48 -68
34 16
-74 -47
51 -20
-89 -5
-88 77
-85 -31
89 -64
78 85
6
-8 -192
39 -180
0 -207
48 66
1 54
40 81
16
-3 -64
10 -85
90 208
119 124
177 240
210 146
-36 30
-36 6
164 261
245 147
84 -32
-71 29
90 83
210 170
84 93
55 52
4
82 5
92 -36
86 82
62 36
10
-127 -126
56 -75
-156 -173
1 30
-182 -21
-179 -138
77 -95
53 42
-203 -1
30 77
20
-85 -244
-188 -189
-32 64
-260 -73
-73 -188
-240 -112
41 -64
26 -99
-95 30
92 -85
-209 -94
72 -46
-174 -202
-136 -222
-83 86
-194 -59
6 44
20 31
36 -51
-204 -107
18
1 30
15 -31
34 -33
-50 -11
98 23
-83 26
27 48
94 -80
33 7
-10 88
43 -28
65 1
-11 -91
-94 -51
-93 -20
-61 -31
85 95
62 77
18
-68 -8
20 -2
27 -65
-25 -37
83 -82
-79 -6
79 -41
30 -62
-61 45
-41 -47
-18 -86
-28 41
27 5
52 65
-14 36
-87 51
27 -79
-7 42
2
91 64
-13 89
4
28 32
-5 -80
1 53
74 -57
2
123 -41
65 -9
20
-65 34
-51 -98
-17 8
161 -187
-81 31
79 -234
15 -97
-17 68
0 -121
143 -197
127 -200
47 -69
65 -179
-3 13
-99 21
113 -68
53 -52
79 -174
62 -45
9 -114
6
-84 -92
-85 -35
89 60
8 -36
-81 8
-49 -68
8
-21 68
-1 -85
175 159
54 45
-12 49
186 25
195 6
120 29
4
111 -108
13 86
-33 44
157 -66
18
-58 7
25 -26
53 85
14 -3
4 100
76 5
-32 -12
-62 -64
42 64
-43 -55
-3 99
69 54
-87 -46
87 -21
25 -21
-17 -38
-82 23
9 -7
4
46 -4
-40 -47
54 58
140 101
14
27 -73
24 -25
-80 -16
-68 -17
50 17
-59 83
-36 -1
-17 -33
-60 -10
-51 -57
-52 -9
-87 16
-89 59
99 -30
20
13 171
30 44
-7 186
19 238
1 127
0 232
95 32
-1 36
-3 203
15 -31
9 72
-7 -66
12 -60
13 136
-1 1
-18 128
-83 140
11 45
19 -14
3 100
18
-6 83
51 39
-21 -5
-60 17
-82 -48
93 -2
-39 32
-49 49
-7 59
8 -60
-45 31
-15 26
98 -92
-38 31
38 69
2 -44
-16 -30
-29 -53
12
-13 -98
-89 -31
-59 -11
-45 4
70 -94
5 -77
-25 -97
-78 -107
-71 -10
-154 -14
-39 -112
-6 -1
12
-104 9
-69 -6
79 -93
-68 59
3 54
38 39
-30 64
-145 141
-58 -52
2 -11
-36 -16
-8 100
16
-85 5
10 64
32 -74
89 34
46 47
86 -75
37 17
40 -42
48 37
-94 -58
-15 48
-69 33
-88 -27
-88 90
32 41
-79 3
12
-48 -3
58 -2
177 -141
-99 52
185 -126
-12 -84
40 -109
46 35
98 10
28 -72
-91 67
134 -71
6
68 100
-78 114
-53 -21
-31 169
-6 34
-152 48
12
-86 15
-54 -223
-31 -157
-17 -3
-11 -83
38 -175
-37 -77
6 63
-99 -58
-97 -91
49 -69
51 -102
8
-65 91
7 -64
26 -35
84 43
31 9
92 -6
47 8
80 -92
6
-67 56
11 -34
-61 -68
-87 11
-35 61
-75 22
6
-50 -97
-85 -33
40 27
75 -37
-45 -55
35 -15
14
38 19
-41 -267
-30 -82
-90 -197
-22 -96
-8 76
-43 10
23 -95
-75 -83
-106 -139
-9 -188
54 -39
-11 89
-44 -254
12
31 9
69 -19
89 -53
-32 -66
-48 25
87 -23
9 37
58 -34
52 100
-7 -95
52 88
-50 -87
18
-147 -73
-10 59
39 -22
-98 62
-53 -37
67 7
49 -27
-27 -29
-119 -44
-129 -39
-20 98
-60 -164
2 53
18 -128
-70 -125
-142 -63
-82 -119
62 -3
8
-76 -92
-95 -47
-47 -93
54 106
73 61
25 107
-61 29
39 -15
4
-160 -207
16 61
-199 -210
55 64
2
-127 193
-59 -83
10
57 -19
-162 -114
-27 -78
58 68
-57 62
-113 37
9 -83
-77 32
-47 -108
-161 -27
6
-80 49
-100 -42
-54 -26
-74 -117
-60 -22
-94 -46
14
-65 84
19 -30
-32 -23
-88 50
20 70
25 54
-48 -45
42 4
14 67
2 99
-60 -13
-14 77
-66 -16
-71 0
16
-5 -14
7 -8
-60 73
-36 -22
-72 -46
48 66
78 98
-41 -44
-36 -44
-23 4
42 24
36 -12
-65 -56
50 -81
-15 75
-40 -80
8
-7 -75
9 52
17 53
-5 -92
91 71
-77 36
100 99
-25 57
4
93 67
52 -15
-68 -9
-75 44
14
-85 91
-87 45
96 -13
-47 90
-47 -16
53 -40
-68 -51
-76 51
44 97
-89 59
-57 -38
-26 -10
-96 -90
44 91
14
136 23
-28 -31
24 41
58 -24
56 44
146 5
2 37
106 -45
62 46
46 -54
50 16
-38 -13
52 -52
84 -49
18
-31 51
27 -14
31 -3
70 -80
102 -154
45 2
190 -141
151 -98
227 -147
169 -82
165 -93
-37 -29
94 58
211 -114
233 -67
-15 18
6 45
126 -16
12
95 37
-5 50
12 -23
76 31
-56 80
9 -51
79 64
-9 64
29 -82
-79 6
35 -94
-38 -28
18
-236 -176
30 56
-120 -133
18 51
-41 -69
-258 -4
-144 -56
-18 -46
-42 31
-180 -153
-19 -75
-100 -27
-121 -33
-143 -27
-62 -75
74 74
96 -98
-192 -158
8
44 -98
-39 -12
0 -76
50 17
-42 70
30 -44
-49 10
-9 -80
12
-88 -86
72 -7
-92 13
-126 6
24 31
-107 44
25 6
44 44
-154 57
10 37
6 136
-106 19
16
-242 45
-74 -63
-210 -81
68 65
-133 37
-180 -25
-68 47
-80 65
-62 -81
-240 -19
-147 -42
38 9
5 26
100 -61
-9 -53
98 3
14
89 -28
-17 -97
84 -18
-15 -48
-23 -91
87 48
-86 -16
-95 10
82 41
-28 -47
25 -32
92 -74
34 -60
58 79
2
88 -82
-85 -57
14
48 -12
20 54
150 60
-40 -8
197 -34
74 31
192 143
62 64
-87 86
168 111
-82 -91
-58 -59
36 21
90 -2
6
77 55
-34 -93
-122 109
-233 -39
3 -88
-159 104
2
54 -61
-24 -87
12
-76 16
13 34
-74 65
-7 70
23 -46
-45 82
17 3
16 49
-58 -19
-55 -30
53 54
-54 -99
18
18 -75
-33 57
-79 -40
29 2
-87 63
-32 -28
33 -18
46 -97
50 -23
-26 -77
57 46
-89 -27
18 56
-13 -78
33 -65
66 -63
-29 49
41 12
14
-58 15
-68 -18
-118 184
-52 20
-100 81
78 89
-63 91
-128 151
-134 146
-264 77
-86 85
-4 60
-123 75
-182 106
16
44 -43
-29 -97
50 -161
155 -15
-89 -14
-7 8
163 -126
79 -110
186 -181
47 -2
82 -69
-37 14
133 -120
76 49
215 -98
-60 69
4
24 -79
3 21
-70 -28
67 57
20
-60 -196
-60 36
40 -4
41 5
32 -104
-74 -32
-30 64
54 -277
-52 -96
-100 -218
10 -264
-74 -165
-29 33
9 -233
54 -168
80 18
40 -236
-61 -205
-74 77
54 -35
4
-77 -49
-74 90
-1 -87
-4 -226
8
-47 39
33 89
96 91
-59 96
-174 105
-111 107
-19 100
-31 157
18
20 23
249 -223
-68 49
-40 -89
86 24
129 -124
204 -73
232 -211
226 -116
-62 -46
62 -7
35 -38
78 -186
102 -155
-85 61
93 -8
71 -154
144 -185
4
100 70
49 -27
11 -55
-40 -152
14
-26 -51
-84 -3
-24 -41
49 43
-22 -38
-17 -47
84 11
-93 -23
29 59
-54 -57
-75 -63
-5 -58
-82 -4
60 -64
6
88 -15
80 -92
-1 -61
32 92
113 61
24 15
6
-33 -2
-58 98
-6 -81
40 -7
92 -75
82 35
12
39 71
-16 0
-72 56
78 53
95 49
-41 33
29 42
-87 37
-86 -20
-45 38
-84 1
-46 -91
18
155 -25
-32 23
83 24
-96 -26
-75 57
24 83
176 58
1 112
-2 -54
56 -51
118 11
57 -63
-38 21
23 95
82 86
112 9
79 -80
-3 8
20
107 82
-6 60
20 -35
-92 12
-3 192
33 168
152 116
-70 -97
-47 46
11 68
130 225
49 60
110 228
27 -40
-50 -100
40 163
-69 90
129 38
66 68
63 -64
16
-183 -20
-209 -109
-232 -23
-7 -72
-123 -152
-160 -190
-132 -11
-58 -81
-67 60
19 17
42 -69
-36 -17
-30 98
-276 -47
86 -45
-154 -75
20
87 -81
43 -90
-100 58
70 80
59 -61
83 -13
56 55
24 42
39 32
-80 78
-40 39
-46 51
-71 -86
-89 -5
54 -53
59 -36
-38 -83
6 -80
87 45
-73 -72
14
-43 -14
88 -54
-40 16
37 -100
154 -111
105 -206
131 -174
82 -67
6 -121
-17 18
128 -204
0 -134
-66 -77
51 -88
14
11 72
-47 38
74 31
-53 100
24 -45
31 -58
-90 69
18 59
95 -86
132 -55
74 17
-32 -3
-32 -17
89 -24
6
198 1
91 40
59 58
-48 97
119 145
31 -47
18
23 81
222 30
-71 -16
145 9
97 46
98 12
70 78
259 134
-54 60
57 67
169 166
-1 -76
-91 -44
169 105
111 23
71 44
-1 -15
239 106
16
80 -84
-204 152
-171 151
-66 -21
-75 -39
-208 154
-58 89
-46 138
-49 107
-157 84
84 -86
-221 21
47 -83
33 -16
97 47
-78 -70
14
25 -86
29 -74
-37 75
-98 -72
-90 54
57 43
-41 54
11 63
-5 64
7 83
72 -98
39 55
-49 68
36 44
14
83 -20
-10 14
-37 -4
-40 -74
-2 -16
86 50
56 -38
-36 -96
48 -8
3 46
95 5
-49 -29
43 -70
82 72
14
65 -55
-17 91
191 -127
162 -94
78 -64
96 28
74 -49
130 49
44 -85
100 13
-72 -43
246 7
12 58
109 19
14
-4 -32
26 -16
86 -3
32 146
-62 35
-22 -41
-94 98
-100 -64
-16 3
-52 79
-64 114
-154 85
-46 123
-6 47
4
21 -66
3 68
87 14
19 82
2
-81 25
-71 86
4
-2 -15
25 -99
99 -38
-47 24
2
-57 29
-113 -161
4
-59 11
93 -165
47 -229
-13 75
2
49 4
-39 -76
6
-187 -75
-134 21
39 25
-14 -71
-125 -12
-23 -38
18
61 -64
-39 -32
55 99
-76 32
-14 100
68 -69
-98 -32
71 27
70 28
-86 -91
36 -39
25 -70
-71 -2
-1 18
47 -41
-93 -83
70 86
2 40
14
-15 -68
-89 -5
26 -99
-100 76
66 -50
75 56
-98 70
-11 99
93 67
-84 59
18 -57
-5 34
76 97
86 -42
6
16 150
188 158
1 -65
90 -82
105 133
-82 -90
6
10 60
-84 28
-63 -80
-54 136
-11 168
-20 -48
16
211 104
43 153
99 254
62 18
187 252
52 152
135 233
-97 66
-2 -51
-73 -82
116 221
-3 18
117 152
-21 -63
15 -84
71 17
14
67 -249
-9 35
41 -153
182 -225
155 -205
117 -268
139 -233
13 70
89 -45
169 -186
-39 -12
-52 27
-25 7
63 51
10
86 -66
-186 44
-173 -48
-95 45
-192 28
24 -9
80 -82
67 10
-130 -29
-11 -83
14
60 -78
-69 -98
19 -74
-85 -58
50 -39
-76 45
-76 -86
43 104
-45 80
-86 84
49 57
-75 -51
50 92
59 64
18
-13 49
55 -89
86 97
13 84
71 84
82 -78
2 -59
85 18
5 -92
59 59
-39 -99
-96 53
-52 -3
72 -27
65 -14
81 -6
28 52
28 75
6
-44 -88
-39 30
-93 -91
18 94
67 97
13 -24
16
-86 43
-63 -4
-63 0
38 2
-40 -47
-36 -6
3 -40
-35 94
61 66
-164 -6
-90 2
-129 36
-92 -82
-34 78
-187 -70
-91 -98
10
5 -14
-69 74
-46 -74
-77 56
33 27
-65 -80
20 44
19 17
100 -80
18 -42
10
3 14
22 -45
-88 -97
-66 32
93 2
13 -58
-33 80
-18 -50
29 77
18 82
18
-40 89
-83 2
24 59
-62 15
65 -61
-1 87
89 -38
40 84
-78 -71
27 35
34 -51
-63 67
-96 38
58 94
12 -82
-3 -75
39 72
-71 -99
20
65 76
22 -89
-83 -54
4 15
-63 64
-50 -32
25 -91
-41 -36
74 -15
-93 98
27 76
88 28
17 -19
10 4
55 -22
-91 59
-70 55
84 -95
-5 77
-62 83
20
19 75
-72 74
2 -4
-44 -13
2 133
55 40
78 175
-22 216
106 88
-53 182
56 -54
72 67
87 -20
15 87
32 29
-38 95
-35 68
32 166
69 94
-21 122
12
-73 58
-104 162
-145 120
-249 105
97 49
-7 34
-79 96
-127 133
-25 21
-48 -8
91 -63
-243 217
8
-63 -45
-16 0
17 6
-75 -31
-90 -22
-36 51
79 20
-23 98
6
-58 -30
-169 186
-140 150
-29 -66
68 10
-266 110
18
80 63
90 79
30 -47
5 69
14 -89
-34 50
85 -78
-22 96
-99 -79
76 -4
-66 20
13 50
60 -18
74 -70
46 45
-89 -1
-44 65
10 72
8
56 173
-69 -75
58 3
133 247
6 169
111 206
-47 -34
8 -1
6
3 127
56 97
-3 95
-64 -7
-5 -5
-11 -37
12
118 -100
159 -84
-51 40
-87 100
188 -18
225 -84
-14 -26
56 56
33 -82
15 40
261 -144
141 38
4
45 -86
-83 -104
74 -40
-112 -150
8
-96 -98
70 -61
28 27
83 30
-9 -32
92 -24
87 -34
-12 51
18
50 -10
188 -44
-91 -58
195 16
116 -33
9 -21
-21 -82
58 -33
6 -32
124 -56
-14 -22
165 -45
149 -77
265 -8
25 11
168 -34
144 -6
30 -60
8
20 -35
-33 -84
100 -19
-25 92
-78 43
-4 96
-158 27
-54 -88
4
194 31
4 69
173 34
25 66
6
-56 67
-16 -27
-46 4
118 27
148 -4
158 -67
2
-74 72
268 -156
4
70 -60
11 -1
-54 42
-64 18
16
80 -85
25 52
-34 -43
-61 84
77 22
-16 48
-20 -71
-24 -11
-33 -76
98 46
23 -81
-94 -67
-78 54
81 5
-78 -48
-62 10
8
41 -80
21 82
36 48
-30 81
26 -46
92 -79
111 27
-49 -25
12
-13 10
-7 -14
60 100
11 -92
81 78
-92 60
-43 -26
11 -4
-54 15
87 -78
-34 -90
-68 4
12
-283 181
-271 122
-44 -64
15 -95
-148 240
79 54
-31 -91
-161 267
-207 271
91 -5
64 71
-256 105
10
26 99
-22 -32
6 56
28 79
-48 -16
36 66
60 18
89 56
-81 -99
-18 79
16
29 -32
12 -71
-7 -62
3 -76
-14 12
73 40
-38 -45
63 54
166 -61
80 -34
-2 13
104 23
68 -35
-100 39
54 49
37 10
2
10 95
-66 -63
10
94 -5
71 -96
97 -27
63 -39
-77 -54
-31 24
12 -97
-47 94
17 -91
-54 60
12
-190 95
-44 37
-142 -9
-96 56
-204 83
-17 -14
-20 87
-66 22
-145 92
42 -5
28 -17
-118 41
8
136 -19
78 37
12 -141
65 -147
-46 -85
3 -82
87 -22
25 43
18
66 33
166 -138
-86 51
165 -224
184 -168
-37 2
89 -97
31 76
86 -209
93 -203
63 -79
59 27
-32 -8
121 -252
189 -178
238 -227
-14 -38
-13 48
2
-58 72
-14 28
8
19 18
-164 -143
50 10
-190 -176
24 -23
-159 -184
-87 -71
-53 -95
18
163 85
99 218
100 113
-55 61
89 66
-100 -67
9 -72
28 29
80 117
33 -56
19 80
-78 -42
75 202
8 33
208 213
186 188
48 -97
60 243
20
-73 -100
15 -10
-18 69
-74 4
-30 -4
1 -50
62 -88
30 36
84 -78
-31 -46
45 44
31 60
-76 92
33 -95
-38 -6
58 -95
52 85
-15 78
41 89
85 -46
12
90 173
-96 -55
8 137
-66 -49
-67 87
16 201
8 -77
5 24
19 100
16 -13
120 179
91 37
6
-68 194
56 1
37 -62
96 -26
-9 230
-28 167
8
75 69
-48 -54
-48 -22
-56 77
-84 -40
42 25
77 47
-89 -56
18
60 -68
38 -12
-107 128
14 -89
96 11
-168 204
-217 183
87 9
65 86
-23 64
-180 169
-9 41
-195 106
-226 181
-144 281
50 23
-121 151
-190 260
12
81 -74
22 -13
92 -62
-9 -72
-20 -35
-49 93
47 -67
-54 -84
-92 44
11 67
19 33
-76 -90
12
113 230
181 65
-99 93
-34 -48
67 -86
40 -60
60 69
42 218
22 89
116 206
15 244
-31 -72
10
58 -84
-16 -33
-30 -54
-95 -98
20 52
91 -42
-11 37
-75 8
70 60
-11 92
20
-48 -27
-218 37
-72 90
-84 -118
62 -65
-63 12
-88 6
-68 -34
-108 -1
-158 29
-208 19
-104 -58
2 -57
-25 98
-52 30
86 70
-93 -40
-131 -126
-242 -98
52 -47
10
44 147
244 160
99 110
100 3
178 250
83 187
61 -37
45 40
-34 -100
-100 -10
16
-30 -72
-94 5
49 -90
63 1
16 87
-77 -175
-164 -153
-127 -36
-141 -127
-94 -213
-48 -54
86 27
-1 49
44 52
-122 -178
16 -131
20
-11 0
-44 -38
68 -81
37 -22
44 -40
-78 93
61 -40
40 -79
-2 -20
-73 51
85 96
67 -73
-57 5
47 12
-52 -65
27 -57
-81 89
-95 81
30 60
-66 -75
18
71 -73
-17 18
80 -60
-61 -20
95 66
-2 -28
-12 36
80 112
-42 76
139 104
13 159
90 48
-2 144
65 -75
77 184
1 -100
120 8
7 157
20
-61 -274
-92 -274
32 49
44 -31
-1 -92
-152 -233
-59 90
-164 -153
43 -6
-28 90
-119 -92
-73 -121
-104 -222
-47 -63
-154 -261
-16 38
-85 39
-163 -178
34 77
-35 -223
16
-112 -196
-16 13
4 -99
-82 30
-173 -235
-108 -176
91 -87
-281 -59
-174 -159
-279 -235
89 89
-17 89
-15 -38
-194 -47
-78 50
-175 -108
4
-27 95
-59 -77
-166 87
80 -69
16
94 25
-56 -25
11 49
64 1
225 42
-51 -94
193 -20
-35 46
-30 47
-95 -41
253 67
147 -23
214 51
-67 -16
188 -21
209 120
4
-64 124
0 52
12 -18
-52 54
18
27 -36
-29 61
3 100
-86 30
-43 38
-67 -54
-69 -86
48 -75
5 59
65 47
-87 75
-74 58
78 63
-2 93
60 40
-36 40
0 33
20 17
18
-52 -47
41 -46
60 9
30 68
99 14
-58 21
39 -21
-87 17
6 -35
6 12
59 35
-80 70
94 65
-80 57
-64 69
86 60
-2 56
79 72
12
-15 97
55 -60
4 67
-41 81
8 45
-88 -64
18 23
-18 32
81 -94
52 -28
46 61
35 6
6
10 -99
64 8
2 95
83 96
27 -56
-43 12
8
-83 -1
-20 76
39 -27
-38 -75
-63 -18
40 37
16 -36
34 -22
16
190 -130
-87 17
234 -125
80 -225
66 85
233 -157
-88 -15
-44 -10
241 -206
50 -159
-59 -28
52 -230
94 90
205 -112
96 19
-95 66
14
161 11
166 -62
126 25
184 -106
43 74
13 76
186 -116
-2 68
18 14
58 -73
171 -124
23 -59
141 -122
0 58
10
-78 -1
-18 -28
-7 -1
-49 -21
56 -8
-18 60
-30 -17
80 63
-27 -60
-13 -14
6
45 -74
199 178
-24 70
-35 -82
119 170
188 26
2
23 58
85 -62
8
-141 -76
87 -3
-17 68
-59 -144
47 -71
-123 -5
-163 -73
65 0
2
87 -70
-13 -17
16
-46 -44
-77 14
-61 -11
28 85
50 95
-43 -57
-29 -74
24 45
14 -24
-19 -92
-32 85
5 6
32 -55
60 -12
12 -90
57 -4
8
-53 -21
22 -99
-281 -37
-139 -111
-81 0
-214 -33
-111 -132
89 -95
2
70 -65
67 89
2
-52 57
-32 -31
4
64 97
54 10
-182 -237
-172 -150
18
124 -116
-36 -13
222 -35
6 78
103 26
-87 -49
10 -98
83 -74
176 50
31 28
180 -126
62 68
-53 -51
89 -81
155 -76
97 33
273 1
239 3
16
106 73
3 88
184 -54
177 -58
10 97
170 -67
87 14
-81 14
217 -52
93 16
-37 82
261 16
-13 25
-4 84
193 5
74 -43
8
8 72
-74 46
-86 94
30 -66
-20 -37
-65 -30
38 -33
46 -67
12
35 11
83 -17
-31 -73
53 31
99 88
-58 92
63 -54
-5 2
-84 62
83 -83
-8 7
-73 71
14
36 57
-22 17
21 56
-63 20
-66 -48
43 -26
80 -28
-1 57
-87 -48
78 -93
-6 -36
-11 10
37 14
-71 -65
14
91 -38
-34 -11
10 -89
2 -25
12 -175
-99 -46
26 -73
-20 91
-90 63
-10 -59
82 -147
-18 5
33 -42
-41 -42
10
76 50
2 -6
85 27
14 48
19 -56
-33 37
-21 -56
-19 36
-55 -49
58 -82
10
19 59
-17 -22
19 -45
34 89
-30 -61
-22 42
-1 91
-35 62
40 -81
-3 -28
6
53 -24
-53 13
-13 43
76 -39
15 53
60 -23
10
-208 186
-121 70
-214 72
-140 184
36 66
30 -48
-57 68
-240 235
-38 -46
62 -97
10
75 19
-129 236
-172 115
-65 180
8 63
-35 -58
-237 263
-239 159
73 -85
-99 -2
12
-80 48
-39 -19
9 -57
-36 -10
-52 -60
-198 219
-56 90
-97 157
-84 198
-100 148
62 -81
-145 195
14
20 -44
94 93
6 -123
-84 93
188 -117
98 99
10 -117
-24 -73
149 -19
84 20
-45 -5
128 49
14 -51
90 27
10
-85 -83
-67 24
-35 -24
-72 88
-10 49
26 -75
9 45
-99 13
54 -73
-60 -11
20
17 -71
-92 -84
-8 48
-6 21
17 81
-8 20
16 42
55 -50
-11 -12
5 20
-17 2
-68 32
-20 59
-89 83
54 -9
80 75
15 -98
46 78
39 28
64 -34
20
14 56
91 -65
10 33
29 14
11 20
74 -87
95 60
4 -18
46 -60
-83 81
-5 86
52 100
76 0
12 -53
-49 -53
-30 -48
15 -82
39 -88
93 27
-69 38
18
87 -71
-53 -69
-50 12
61 -34
61 14
12 13
6 -52
17 -32
29 35
0 -97
-4 -17
-17 -70
-69 -88
-84 -51
-3 -64
71 -2
1 -36
-61 95
2
2 72
164 -166
4
44 33
21 -91
-95 -8
44 37
12
-117 215
-169 97
-18 31
57 29
-121 97
-94 95
-120 122
-173 132
61 -6
9 29
5 -89
8 4
4
-1 36
83 -7
19 60
83 -48
16
37 -235
208 -167
-26 -85
77 93
135 -165
15 -100
140 -57
8 72
56 -50
-21 23
106 -214
77 -208
37 66
58 -92
99 -42
-94 25
16
80 1
-164 -74
-24 -87
-123 -155
97 -24
-2 -96
-60 -53
11 -239
80 -66
-66 -119
-95 99
-164 -141
39 15
-181 -116
-18 -21
-82 -44
18
-79 91
-22 47
-7 151
-26 69
-20 41
30 81
60 56
-47 -66
15 -23
28 87
40 -13
-63 209
-32 141
-52 72
55 194
87 37
71 -81
34 59
18
49 61
54 -27
65 -74
-83 -82
-57 4
-82 78
-96 -98
0 -25
46 97
8 100
79 -47
20 -17
78 -76
-32 90
-7 18
-17 -86
49 -13
58 -90
6
57 -52
-12 47
-33 79
83 -98
33 61
-92 -22
8
-88 86
3 16
6 48
-56 -78
80 28
44 33
43 43
19 -31
10
-69 12
-83 -70
-93 -20
21 41
93 85
57 -65
-27 49
44 -5
10 64
54 -16
20
-63 -95
22 -30
-71 67
97 -18
-92 -79
-18 8
-2 -6
-33 65
-33 27
-50 28
-28 21
56 88
-18 -65
95 33
-90 -65
-58 -96
-36 -97
-27 -60
-18 15
-15 -55
4
34 -32
-81 -93
-55 95
-170 34
4
-70 -13
-76 -11
97 -97
64 -15
6
-29 -100
-71 -217
27 5
-35 85
-77 -32
-133 -137
16
66 79
-28 26
-160 -169
-155 -150
-68 -31
-177 -83
61 60
-157 -37
-26 -59
-72 -69
-66 -116
-175 -117
81 27
63 -53
83 -7
-22 -21
8
13 71
-60 -69
-13 -66
-12 -99
-13 55
18 71
59 53
-16 -80
2
91 5
-189 -87
4
-14 -96
33 -6
24 -11
-28 -74
4
0 78
27 -9
20 30
-43 47
10
-184 116
34 39
56 -64
-180 36
-43 36
81 100
52 16
-162 13
-85 16
-209 -48
10
16 80
55 35
30 -59
-64 -51
96 -9
-4 17
-89 41
38 96
78 -46
-4 27
14
46 -7
74 58
8 -92
-66 -70
-6 53
-13 -48
11 77
32 -54
-87 -51
21 27
45 -42
-19 23
30 62
-57 61
12
-76 -17
79 -151
159 -188
88 -93
-18 0
20 -170
126 -190
88 -20
29 -39
184 -173
-51 -2
20 -97
8
-58 -8
89 39
3 -58
48 -86
-28 29
95 94
41 -23
-38 -5
8
81 23
-84 -83
56 88
-61 5
-53 -5
-94 55
-25 69
51 -36
14
-55 -48
23 81
-13 -54
17 -37
23 63
-9 25
49 1
-9 33
-29 -56
95 74
69 82
17 -55
53 80
49 -7
14
-69 -14
-14 -56
80 -111
6 -22
-106 -126
-96 -64
88 -14
-90 -84
82 6
98 48
-101 -31
61 -64
93 -47
-88 33
18
100 60
-14 -74
52 67
-1 -45
-37 -28
40 -69
-90 71
-69 49
28 29
86 -9
-35 -5
1 -84
34 73
-29 41
-15 -78
-28 49
-53 63
-70 -54
2
75 -46
59 38
14
-55 -48
-33 -84
29 83
27 -69
-89 95
-70 68
79 86
-44 -58
-6 3
-24 -71
94 28
36 54
-79 -64
-87 -2
2
-83 53
-20 -26
6
54 71
47 52
-220 -173
-62 -34
-104 -68
-213 -154
20
-77 -89
53 208
6 151
11 195
81 82
86 62
19 89
19 126
101 197
18 -43
-57 26
56 129
-32 -21
17 -47
-29 -100
13 -87
7 155
-62 46
5 19
5 -18
20
-64 32
-9 -8
51 -93
87 78
77 -47
-89 -54
-23 76
-88 28
-40 44
99 100
-3 -53
88 -90
28 54
18 -46
59 -36
-48 -5
-52 59
78 66
-23 -7
33 -22
2
-84 -11
-84 17
8
-50 -62
100 76
178 -176
192 -136
4 64
82 -188
232 -50
-10 24
8
75 92
-58 42
47 -22
23 -45
-85 6
-82 56
59 8
-39 6
4
-135 21
-146 46
-28 -70
-39 -45
14
-28 -10
-59 -82
81 -72
8 -96
-90 -85
-69 -37
-31 -58
-66 -74
-17 -45
73 97
99 -84
12 15
16 -24
-88 -69
6
71 92
51 -80
13 210
-7 38
52 -27
12 157
14
-11 28
92 -55
-73 -97
-39 -1
-62 21
-37 -47
49 15
2 -35
24 6
37 63
87 5
-32 28
-34 50
-76 -40
10
5 -59
5 53
-48 38
59 32
77 31
58 -44
-67 -37
33 76
-49 -38
-23 -82
6
-36 96
-91 45
100 -32
-85 -99
62 11
-18 -83
12
41 -58
-44 -18
72 -29
73 43
-69 -35
-42 -69
-80 -27
66 -17
-62 26
-94 34
48 -74
48 -67
18
-19 -160
17 48
-20 16
-97 61
15 -61
-38 -56
18 -128
-17 -51
42 -124
-85 87
-45 -15
-99 -59
43 -97
97 -53
36 -56
83 -199
-44 12
95 -173
18
-132 -74
-129 -15
-279 60
-117 -43
-30 83
-40 -58
50 87
-89 -3
-35 99
-65 31
-232 -99
-53 3
-50 62
-142 46
-147 -111
-93 -9
-152 -95
97 -72
18
-41 -30
-42 -100
-137 -29
54 -97
-47 -179
-103 -193
55 85
7 -202
-55 94
-7 -78
-71 -72
-1 71
-102 -11
23 -36
-6 -8
89 -79
54 -47
-102 -61
14
73 14
54 9
82 170
40 22
76 97
48 -64
-80 12
103 119
90 84
-76 48
206 58
27 -13
210 94
57 92
6
-65 -4
-97 99
-44 -88
9 10
-61 33
28 52
8
-37 20
99 -33
127 -102
173 -149
-83 67
111 -23
-21 -59
-9 -49
20
-33 -10
-44 -65
0 67
-28 35
11 -64
26 -37
-79 2
45 91
-13 98
66 -70
50 -51
61 -87
-92 15
-59 96
52 -8
10 -59
3 -57
40 97
-100 73
-86 20
2
-69 -65
37 47
2
82 -96
55 -10
8
-35 -70
-60 246
-59 77
-86 143
73 91
74 -78
100 25
49 238
14
44 -64
41 86
56 -12
71 14
67 -59
-29 87
-3 -58
57 -52
-33 14
120 47
-19 80
-6 92
-18 40
-82 -19
2
-69 -18
78 10
2
93 -65
103 -33
8
12 -111
-100 -176
-2 -177
66 76
50 -46
-84 -54
-46 11
-32 77
16
35 -79
-98 10
-67 -92
-40 66
-95 -59
-46 23
-17 -4
61 37
-81 -47
63 3
-44 56
-64 -92
-38 3
58 100
43 -67
-21 64
2
81 88
-265 50
2
79 14
9 -40
20
61 91
-65 80
53 71
-39 64
95 -88
81 47
33 -93
80 21
75 64
25 4
-64 34
21 67
-34 -51
-64 51
-31 98
-28 -20
-48 -73
-79 -3
36 -68
-99 -7
12
13 -10
26 79
3 -87
-60 -73
-126 -35
-16 -29
-18 35
-37 93
92 41
-82 10
48 -4
-47 16
12
-34 -93
12 -3
-37 -32
-56 -78
24 56
1 94
3 97
-26 -46
36 36
-80 61
-45 20
-52 -90
20
-79 -75
73 70
1 -68
53 29
-37 -23
85 8
11 22
73 -49
44 19
-59 96
-29 38
-91 -60
-50 51
-11 35
85 -24
-37 54
38 -99
-2 -40
-72 89
-66 13
6
-92 -38
-95 93
-99 -97
98 63
-99 71
-85 -92
20
186 -97
90 69
64 82
37 -47
156 -82
107 -38
59 33
-89 -89
32 -96
132 -63
-45 -4
-60 68
73 -88
-36 49
-11 24
-90 83
6 -83
23 74
141 -10
185 75
8
13 -70
13 -97
94 -81
52 -4
-80 73
39 17
35 -65
21 32
8
59 70
35 62
140 181
-20 66
-86 -18
114 66
180 150
-46 -49
6
187 -21
55 -61
82 -52
-51 9
54 40
81 49
8
14 94
53 -210
131 -223
42 -286
96 18
-75 31
3 18
-40 -210
20
49 -95
10 -84
15 -33
-34 100
-77 11
-87 -10
-48 61
22 -90
13 0
-2 -84
40 -59
69 -30
-12 -85
-66 88
38 52
-80 -17
95 -25
-31 -100
-68 -91
-88 86
14
68 19
-62 48
-39 54
46 48
60 19
-17 -28
56 7
6 -100
114 -100
-4 -59
91 -106
-16 -71
-8 -71
69 -24
14
5 -131
-47 -54
4 -80
166 -93
100 -8
14 -7
-51 -13
-62 5
99 43
132 -67
155 -75
-28 -21
90 -81
151 -34
12
6 26
196 -135
-43 76
86 -40
25 42
194 -13
173 -132
192 -116
4 -77
241 -166
2 45
112 -50
16
94 -66
16 -89
23 -14
66 -52
68 20
-51 -47
-10 100
-30 33
-39 -75
79 33
1 86
-31 -22
-57 -27
40 -86
27 -70
-80 4
16
-85 -43
-71 86
58 20
-31 8
58 -36
47 -33
-17 -8
-1 49
-90 -94
40 53
-93 67
-38 -36
-82 87
100 -60
-26 -50
25 -20
16
23 -33
-24 55
-73 98
-5 43
-16 37
-15 -69
-71 -73
-18 -2
26 -71
95 -58
11 29
-12 -17
-1 85
-71 -77
-89 -15
-66 -51
12
100 3
40 -39
-62 67
16 100
-39 34
58 18
89 22
-90 91
51 -53
-38 -94
-58 0
17 -74
18
-16 -61
-29 -87
-40 -79
54 87
79 24
-67 46
-83 -85
-19 -1
-65 -16
-46 27
60 -19
30 69
81 -38
-65 8
33 9
97 93
79 0
43 95
12
-33 -25
-56 -87
-26 52
-74 -61
-81 33
1 -45
30 -59
80 43
30 57
-94 -30
-49 46
36 -4
8
73 -28
-233 -172
-70 24
41 86
-64 -116
-90 -224
-96 -84
-201 -286
16
67 90
51 -10
-9 3
-17 -34
-30 -38
35 3
-35 90
-55 29
17 99
-28 88
-71 -99
-31 -81
-56 -2
-72 -60
63 -40
55 12
20
-62 35
41 -66
2 29
70 -5
111 -97
3 19
-34 -23
98 -63
33 -47
-75 69
-40 -34
126 -15
-90 -13
34 -57
-5 38
-26 -26
76 6
62 -2
-14 -56
50 28
18
-93 -13
-62 57
11 -37
100 0
-94 -32
-35 -29
-93 38
21 -71
-86 2
11 -55
-26 66
32 67
37 54
13 94
-39 37
91 -69
-65 -89
-49 -80
12
-73 56
67 -99
-70 20
-82 95
44 -15
-58 -50
-79 90
-57 31
-63 -86
-76 -71
54 -68
13 -87
18
73 -21
81 80
67 89
67 97
-36 -2
-25 44
-78 -35
28 37
-84 81
-3 -31
-45 -99
-29 -6
35 69
20 96
21 45
-49 -39
44 -32
-56 0
14
89 65
30 -47
91 -71
75 75
64 -36
41 -9
1 11
46 -84
40 14
97 -35
86 -25
32 -64
86 15
91 86
4
51 -77
81 -139
-77 81
-47 19
10
21 -43
131 -141
-81 -22
-43 1
92 60
-78 6
67 -97
169 -118
-4 -200
166 -146
4
-9 40
50 40
-232 -234
-173 -234
16
87 -82
53 -70
101 -231
94 -76
51 7
39 79
-13 45
20 41
46 -76
153 -197
89 -159
120 -193
-77 -45
-7 80
217 -107
147 -232
14
-28 -28
98 -93
62 6
-49 16
-99 79
37 17
84 -19
84 -40
-98 -53
-91 60
-65 -12
86 -16
33 97
0 93
20
126 -157
156 -83
-15 86
20 -105
-48 17
93 -226
-15 -79
164 -139
58 -35
120 -97
58 49
20 -189
34 -67
44 -73
32 -180
46 40
-42 -43
93 -61
-78 -57
-86 -1
4
97 -100
31 -57
48 -97
-81 -87
10
91 -60
-16 -99
-56 -28
-38 29
5 100
81 9
59 59
90 16
-65 -69
0 -17
18
38 56
23 7
42 -14
-70 44
168 21
61 139
59 11
-88 21
-83 -45
150 114
-70 -72
57 35
19 -97
21 31
150 -2
70 -50
10 92
163 87
20
56 50
-35 88
-34 185
84 -82
-70 80
-76 37
-31 209
-48 -48
30 -27
20 -55
62 93
34 178
17 -79
-98 212
46 38
21 42
62 45
-60 92
-44 157
-76 85
6
150 -54
152 -123
168 -25
-18 -52
-36 -81
-20 17
2
-83 -67
26 90
2
1 130
21 58
2
-116 -239
-30 87
10
35 40
88 -25
20 -56
20 84
-62 -70
-75 -33
50 39
-58 69
38 97
89 -66
4
-10 -5
29 -63
75 -13
114 -71
18
-45 -49
17 65
-4 -70
-31 3
17 -31
12 7
-58 -43
61 -11
-59 72
84 -81
66 62
-71 26
72 93
67 55
21 54
-98 99
15 48
-23 -83
4
-21 251
18 5
23 -95
-16 151
16
2 57
-39 50
57 8
-99 11
-21 82
3 -61
-28 44
-82 -93
4 32
-85 44
68 -45
-55 96
12 -81
-53 82
-32 71
19 -21
16
-87 -11
-31 -40
159 124
-13 45
215 95
-7 -19
48 77
21 99
80 7
-10 -50
217 16
141 39
138 134
135 103
107 -15
-89 68
2
139 122
-81 -42
16
78 -100
-68 -33
0 83
91 -5
-50 -61
98 -69
-29 -12
-2 -66
83 72
43 28
54 -61
12 -71
-40 57
80 0
-27 -26
99 49
16
6 -76
-21 81
-22 -9
36 76
88 57
-69 54
-45 4
-28 34
91 -31
-97 4
-91 99
-28 -90
-70 46
57 74
19 39
-36 -47
20
55 81
-33 99
-88 -16
-50 6
30 39
55 -78
63 -55
4 -33
54 54
24 57
92 -48
-81 37
2 61
83 42
-31 31
-81 30
51 -67
34 7
-92 13
-79 85
4
34 -125
81 -144
43 86
90 67
4
-25 -63
62 -93
-108 101
-21 71
4
80 -56
-43 -97
-3 40
54 -87
8
-65 -89
22 -20
-78 26
21 -59
-9 -53
-70 33
100 28
-56 77
18
-71 -30
-8 44
57 72
92 -47
-64 -81
-89 -94
57 -103
-89 81
13 61
32 59
61 26
-45 -83
-24 -66
-93 -48
34 -15
39 8
-66 -7
-124 25
6
-99 -51
-53 -59
58 16
88 -55
-57 -26
51 -16
16
-37 -41
5 -80
100 99
44 -10
-63 -47
-80 85
58 185
15 264
-38 -1
-84 -96
57 225
20 214
-24 194
104 280
83 231
0 -30
18
-142 -12
21 52
2 46
-25 -38
-40 13
14 -26
-130 -84
-88 -51
41 -74
-75 -63
-99 -26
-169 36
-29 -12
-53 25
-31 25
-149 -90
-103 0
-97 -63
10
184 -193
190 -124
131 -38
-90 93
24 -128
70 28
-37 -62
71 85
-96 24
23 -185
2
6 56
-30 96
18
96 48
-82 117
-164 101
-8 48
-250 78
-66 54
-94 162
-93 88
-146 78
-72 9
-60 -36
-79 78
-61 38
-75 48
10 25
-225 207
71 -81
-88 72
12
147 -236
72 -117
54 -39
-12 -85
96 -162
28 -115
138 -71
68 12
58 -168
30 6
-21 80
98 -41
4
1 -84
181 186
231 28
-49 74
10
125 147
7 27
-19 -48
72 111
-16 63
39 -34
148 111
151 222
93 208
60 63
10
-52 14
15 78
35 31
23 9
62 -61
65 73
-41 -92
7 -22
43 51
-81 -60
8
88 174
149 205
0 2
104 199
-8 88
-61 -29
-16 -23
96 88
12
-38 32
67 88
-75 44
-30 -36
5 83
-69 41
-88 -92
-46 -27
-60 27
-99 -1
-37 -83
-25 -3
6
48 -2
-11 -32
27 -34
-135 96
-173 98
-194 66
16
68 -19
-26 -83
93 41
-58 -41
59 -66
-49 24
-37 71
-37 -39
-18 -94
-56 52
-12 -65
-73 -41
-23 13
-8 78
8 -9
-88 -96
2
44 -29
75 90
10
37 -2
115 -14
44 -99
67 -49
88 11
-9 1
65 -39
95 -86
17 -74
141 -89
16
-27 42
-40 -40
-57 -78
32 71
-34 16
26 -100
-74 -84
-64 1
49 16
52 36
-25 -30
-43 -96
81 94
-9 36
-62 78
99 -86
8
-82 2
-17 -1
22 -40
62 -94
-9 69
52 -78
80 61
68 -21
6
-13 -73
82 26
-73 -47
-168 -146
-140 -32
54 -88
20
-31 -98
41 38
-5 -58
100 38
-57 -52
-60 -21
14 99
-9 27
-71 88
73 73
-45 41
-72 44
-38 64
67 88
51 45
43 81
-10 51
-49 -40
87 -9
-42 8
14
-63 -89
-1 -95
74 -86
-5 15
-57 -138
-11 56
-92 -8
4 22
-68 -206
-7 -46
-53 -240
-138 -98
28 -176
-59 -199
8
-79 50
90 71
81 -19
-71 -40
-59 -90
45 71
100 16
-3 0
16
4 -4
108 -98
47 -90
176 -160
-64 58
65 -12
212 -143
79 -193
-68 -58
33 91
180 -44
175 -108
-52 75
-100 41
164 -177
-63 6
18
-67 92
-248 95
-39 -45
-59 67
4 -60
-166 72
42 -54
-103 -55
-96 -31
-98 -63
-227 -54
86 -83
-123 57
-66 43
-95 -80
-204 66
65 66
-64 75
12
146 136
-13 91
76 -54
-15 -45
97 151
95 15
-3 -65
145 127
6 160
85 171
-63 -21
-64 -30
8
96 61
34 31
-10 -3
35 14
-36 22
-94 -13
95 -96
-66 49
20
68 -20
95 126
84 -13
41 129
153 165
88 61
-88 -17
40 146
20 65
13 0
39 -77
196 143
67 -3
62 89
69 203
-45 -39
46 37
24 139
119 72
-11 54
4
-27 -12
-23 -65
-52 -82
38 28
16
-59 93
63 93
-47 -18
-91 81
65 38
4 -88
39 78
38 -53
-48 2
59 -69
16 -38
4 -65
-56 77
-49 6
93 -16
8 -82
6
-99 -95
43 97
2 31
-58 -29
17 85
-73 -83
2
-52 83
99 32
10
28 -17
-99 103
-62 41
-50 74
-91 -50
65 -79
16 -50
-62 66
28 -42
57 74
12
10 -12
-3 37
7 34
73 -91
-40 100
-77 -33
-54 73
-96 -90
41 51
34 -38
-5 -81
-12 47
20
-125 105
21 124
80 57
-46 95
7 216
-61 -2
82 71
-114 136
-47 -94
85 17
88 -46
-8 128
-32 -6
-120 65
-122 51
6 27
-136 67
74 -14
96 55
-128 168
14
-70 78
-27 -11
18 93
-19 53
-23 100
-36 -30
-73 38
18 21
-74 74
30 29
-60 -42
39 10
-46 -45
-30 48
12
-3 54
34 97
45 -71
100 -253
-41 -50
109 -125
46 -279
83 -236
121 -132
-20 71
35 -111
-29 -57
8
19 17
-94 173
81 -87
-96 -9
15 -42
-271 251
-205 206
-209 147
16
17 -14
27 -34
-83 -10
50 54
-30 10
-83 -15
-26 -54
-89 -19
27 -29
-106 -98
-63 19
33 -25
-73 -30
7 -63
-1 48
-55 -92
10
-30 -23
21 -1
2 48
39 -48
60 -32
15 1
-50 -45
-90 -40
81 -76
90 81
18
29 -88
234 -59
117 97
246 -57
-68 -2
-72 87
62 -63
-15 35
105 -6
242 32
189 -5
193 94
-19 -64
69 36
145 118
112 93
-60 89
57 -67
12
78 33
89 79
168 43
-2 31
-13 -15
-27 -98
-95 -41
171 105
103 162
75 43
-92 21
1 21
2
39 63
-43 -139
10
-66 42
47 -54
48 15
85 -64
-99 35
-74 -92
28 -60
85 -46
-68 48
21 -75
14
13 35
21 66
-13 -143
-165 -204
-19 77
-133 -250
-68 -25
-125 -219
-21 -163
53 20
-44 -159
-99 -41
-93 -261
-91 -21
16
184 -4
261 -5
-22 -40
32 -26
13 -30
150 10
-21 90
169 14
212 -21
-30 5
257 -18
-79 -11
203 -106
204 24
-2 -12
-75 2
6
28 100
-10 87
18 -3
12 -76
50 -63
22 27
10
-58 -91
-84 -20
-68 -16
-87 -61
-72 42
-66 -89
-14 -81
-34 12
-29 -96
33 50
8
-17 -83
87 5
94 1
49 13
20 94
73 -63
-78 95
-38 41
10
199 53
163 88
38 -22
143 94
98 138
78 216
58 -100
-63 63
-7 22
-27 28
8
-98 -65
97 55
39 54
-45 -56
-60 -24
98 18
27 92
-56 -64
14
-6 80
-97 16
54 -21
39 95
16 36
24 -90
73 -23
26 17
-36 25
96 29
-8 34
-50 4
23 -74
-43 -70
20
-3 -70
-84 54
-61 -26
50 46
1 -13
96 58
-53 53
-42 -63
65 -68
-35 91
-43 6
75 -66
80 97
58 61
91 6
78 -61
-37 99
85 -60
34 12
-73 4
14
-54 40
-40 14
91 -69
84 -87
53 27
59 -21
-77 95
-46 27
83 2
59 -11
78 -21
-93 8
84 -7
96 3
10
58 -20
39 8
-104 -7
-32 61
-74 110
-26 -30
-139 72
4 87
-68 19
-158 100
18
225 93
211 -55
41 -26
-75 97
201 61
219 102
146 99
95 68
85 64
-10 -57
-89 -51
-65 -19
51 -22
-95 -34
-55 -70
-83 -60
231 76
191 112
12
-34 -22
-96 -73
-6 -7
-30 -162
-57 84
-98 -74
-72 82
-68 -58
-34 -26
-68 -54
-4 -6
-45 -164
8
74 60
42 -3
71 -70
-89 -49
-24 10
-86 -98
6 -90
90 8
8
34 11
83 49
83 36
-38 82
57 -66
63 -81
-42 10
78 52
4
214 -263
-44 91
-96 91
162 -263
14
-58 -79
52 -56
27 7
31 90
-45 20
83 27
49 65
76 -32
45 -14
-78 79
4 0
-25 -61
-22 67
-93 29
12
-47 49
-61 -84
-20 8
-44 54
-85 -32
66 -65
99 -70
88 66
96 32
16 13
-36 91
85 -5
20
76 -2
-68 -11
17 17
-81 -74
-34 62
-99 -58
37 33
95 52
-43 -61
39 -92
46 89
22 -46
40 -5
-1 -5
-5 16
-96 20
11 0
-13 42
8 -51
-66 60
10
25 -35
22 -86
-278 -54
27 -39
-16 -23
-207 35
-202 82
-205 31
-164 19
98 50
18
54 -55
-34 -28
-97 -14
-37 -49
-61 -83
12 76
11 -45
-7 62
-10 14
-44 -44
99 94
85 24
-4 84
-27 50
62 -53
33 8
-98 78
-85 -7
20
-51 -3
-84 -62
-105 -7
5 67
-92 59
-26 116
-82 52
-98 -4
-159 115
-1 142
-16 122
-2 64
-8 1
-99 -82
-30 81
-18 8
59 -55
-49 63
-74 -56
-70 -21
10
38 -23
-38 13
-70 -34
91 64
-38 113
83 69
38 77
-83 21
-91 26
70 124
18
-65 -10
-72 42
-104 -148
-102 -4
-8 -44
-104 -5
46 -69
-192 -96
-45 -38
-156 21
-6 100
-167 -57
-38 -90
57 9
-94 -81
82 48
-6 -43
-16 33
12
-62 41
92 -28
5 91
52 -11
78 -73
51 89
-29 69
62 7
-60 -62
81 -26
63 63
-51 74
10
85 27
94 -38
-10 -76
-5 -43
33 25
37 -23
-23 37
-72 47
74 -47
86 -95
14
-175 53
58 69
-192 -12
28 -2
-14 4
-46 82
-76 -30
-150 -18
-118 -96
-88 16
79 -88
11 -67
-243 74
-222 -83
16
-122 -42
-259 -83
-213 -94
-135 -131
-73 -86
-117 -14
-250 -82
60 -18
-108 -52
69 -17
-35 29
-55 31
-82 -48
-155 -129
23 -6
-68 -58
20
62 -67
-55 111
-63 122
-74 115
-86 62
-145 40
-86 20
-76 -80
-74 23
55 -73
-62 118
-203 211
-62 76
-85 16
-93 27
-3 98
-73 102
-75 36
-72 218
-210 205
8
18 120
-44 66
-24 -62
73 33
-98 99
92 -41
-79 25
38 -8
14
42 -74
73 -65
-201 -190
79 -10
-50 -213
-72 13
-195 -135
-221 -288
-172 -241
-34 -28
50 41
-164 -126
-88 -172
99 88
4
-230 105
-92 45
-42 65
96 5
2
-12 -20
-88 -64
6
-23 1
-20 -61
-75 -123
67 -53
-165 -69
-78 -61
16
-47 -54
72 94
-25 55
45 -67
-26 -62
-61 50
-12 -32
26 71
20 -40
-26 55
-17 49
-79 19
-49 -46
-2 95
96 -4
15 46
2
35 137
-53 -13
14
-114 102
-65 27
86 12
68 -96
-128 16
-90 98
-74 -48
100 98
37 87
-33 154
62 16
5 -40
-96 210
46 162
20
-80 -40
56 -76
-176 -95
-200 -256
48 -87
78 -76
-206 -106
99 -44
-227 -138
-48 -142
-64 -145
-96 -184
-52 52
19 26
72 74
-64 -37
-32 2
-184 -106
-76 -234
-147 -208
8
-25 -60
91 150
-55 -60
-97 -18
121 150
163 108
117 133
-51 -43
6
-63 42
-89 -58
14 80
-10 70
-76 -57
25 84
12
-65 -22
71 89
47 -2
-74 46
-95 -9
60 65
18 36
-100 -7
-36 36
47 -76
3 -94
58 -35
20
78 -46
13 97
-83 21
-26 71
4 4
-80 -69
85 -2
-41 94
18 -54
-18 77
80 41
23 9
-74 -88
-15 94
-74 -32
-53 69
-85 78
98 -73
22 -48
-30 2
6
33 45
43 -64
-32 35
-69 52
72 -63
44 78
20
-132 -19
34 -97
-49 -191
-155 -93
-100 -126
-184 -64
1 -102
-49 75
-108 -16
-136 -71
-28 -141
-70 25
-99 -14
-103 -155
5 39
57 -23
2 10
38 -45
86 -52
10 -100
6
44 -5
-64 20
12 -96
-8 29
-79 52
-88 57
14
-11 63
-86 -20
-70 62
19 87
72 -53
-35 -85
42 -87
-25 86
16 -77
-95 13
0 -40
-44 -65
-100 -4
33 -73
4
-4 12
10 -14
58 26
49 -48
16
41 -18
-94 91
77 86
-30 -23
-42 37
82 89
-14 -63
94 12
82 20
-86 -92
64 -66
-32 -35
-10 -28
-39 -74
-46 35
49 -28
12
-49 -53
-27 -36
157 7
157 66
161 54
-61 -78
145 41
123 24
68 -6
-65 -66
28 -6
-61 -19
14
94 -36
67 5
-89 56
-16 -25
68 60
-76 -24
79 -42
-98 -53
86 80
13 -23
32 32
85 -80
70 -78
19 -8
10
42 -62
96 -40
-26 74
77 53
28 96
-28 63
98 -29
-7 -19
-13 -10
83 44
2
-18 90
-78 -288
10
-17 49
46 -22
71 77
-98 81
-33 -81
-36 94
-96 2
96 -52
-71 61
-72 -49
16
30 -2
-123 -146
-76 -107
-30 -264
-18 -85
7 -44
1 -91
-124 -190
-54 -173
-128 -246
-101 -148
34 54
-95 -101
-40 -19
29 -46
-64 72
10
66 -71
-91 87
90 77
-22 -33
50 -59
-39 95
-61 10
50 -88
96 -63
-26 -62
6
9 23
53 -215
-18 68
80 -260
130 -284
-68 92
18
56 -70
56 -46
-12 -14
-42 -43
-62 -5
-39 17
23 -97
8 46
-88 -44
-39 95
83 -78
-30 -29
-8 -37
-36 75
40 37
50 48
80 16
34 25
12
30 89
93 81
-26 -173
-18 -165
38 -31
50 -40
-7 97
-81 -157
19 -173
38 97
-26 -45
-38 -36
2
30 -6
13 17
6
-40 -37
-49 15
-17 -78
-19 10
-38 -72
99 -50
20
176 271
241 187
136 82
55 30
-48 21
8 92
192 153
96 -37
-32 -97
-97 -13
130 125
89 144
111 133
33 41
15 -42
-13 -56
129 216
48 211
157 230
14 49
