1
719287118 827446091 74

4
1 20 1
1 20 2
1 1000 4
719287118 827446091 74

666
1006652233 1061471255 6
40682733 786758194 150
843133494 883168028 73
315395472 328278605 29
719287118 827446091 74
803433464 1050578067 29
205185824 979586697 8
178836207 620531832 71
178725788 327043427 8
350703023 518507584 8
334003182 929592234 9
621335293 892499770 5
956375962 960700254 1
78196183 329259403 9
203861404 734588980 8
616757602 1023336540 61
716887769 777070694 3
180778503 254670284 5561
527261747 892970360 3
376184461 765307696 21
380641918 752055582 6
157310942 697760885 7
646125087 810762782 576
150686965 156955194 10
301631862 1067171064 7
342144895 957378280 9
637382756 848632920 8
42612144 365317162 6
371505831 898653638 9
364977003 468608028 9
287673442 318000759 2
19366756 906093596 1
346769254 799804017 1
109435174 212713540 2
193460652 493818968 7
125402938 475416448 99
674778294 978766501 2
155720612 951358822 90
166518643 852488624 67
317248942 827572082 3
352440141 1033457411 14
286946129 708014661 55
542320719 634724445 1
248474841 577433585 6
929549913 988113450 1
624386813 791927623 8
101121049 762069784 10
383962352 844450158 30
572689438 873300860 4
100967527 464155854 2
309199273 1065559237 6
521365770 689967194 28
304190051 554876991 5
382945759 943371080 5
369118296 877213960 91
111630772 1055155344 4
66756031 387736484 45
119170030 532105002 30
319454307 844326750 8
685680333 1000008751 1
83270513 417366326 83
438015898 710349270 6
881965669 931566104 6
778163601 789567065 3
603768397 753332047 7
54265256 758681725 5345
273809059 351781093 2571
237073227 802863622 3
80778903 747981963 3
898841092 901654583 8
732921617 859133916 5
563725032 695726407 2
293415794 514000927 3
679243606 849466735 5
157982149 552558282 5
66489479 566613188 1772
384935507 605621537 2
105753812 287144276 2
208794520 443975935 1
446534719 861196320 47
397799494 659586823 77
209746808 1001398109 9
956330886 1006473987 10
527058156 677252294 7
332399207 1052021924 3
41588707 643531487 4537
22198184 149541815 32
193928836 703982512 10
486251019 585220766 6
521996742 754008474 53
224324449 537717723 7
333557490 847205488 9
414437445 521854988 9
531551991 1041641022 99
440415840 884256726 46
721977361 1029286001 5
158031362 539241908 21
801988626 862460199 9
473123253 959967765 2
370277242 642349759 1
26931394 455198104 47
684683406 917847264 7
531953660 1036277818 10
281272563 915599240 7
451601318 577205220 61
153754552 952029315 2512
302583527 899752048 45
198439372 355692357 8
431941479 588607750 5
378255902 903307701 4622
549325555 839983205 2
443873654 843880616 3
31950157 732326538 5
355440360 919598482 32
156640365 905046496 19
133751846 915372420 5665
234981758 630286563 30
528754675 867178250 9
695789535 949479147 7
395577219 434269990 3
442050722 574897020 9
270520544 322069516 11
430602013 626803655 92
278116010 627360462 83
211051472 844756346 6
38536602 760189610 8
739073570 861795291 58
420930922 737702053 10
419832496 827084669 20
223650573 702834263 73
135753677 550860949 6
712694019 1055831047 6
391591229 402893198 3
662360925 938184828 9
391359228 716258137 5
319952384 975355570 67
264164486 765072492 45
612980722 946960663 8
345920723 791370103 83
220171382 733655902 7
966724997 1041573455 4
158937938 506267825 66
253492816 1062208007 2
70061284 961663612 10
138250891 881806772 10
189299199 386187107 2
230549659 339339780 3820
616889067 916770156 2
168925431 374059135 6
323218605 436248655 64
331795802 544022821 17
364657257 423326484 5827
274532227 463209453 8
109052305 872784962 5425
389928699 460642700 4
74114818 570774876 4
203028835 997436669 5
150477263 920531959 2
170300584 471044216 8
465361379 982533138 3
637895219 897713604 6994
210028359 724894718 2
342435706 887957217 10
51865465 660841869 39
67199780 939708071 2
292843204 317826084 5
331909435 520601407 2
202095992 726998812 10
449078636 726255534 9
440079809 938266226 3
711846941 1061176120 1045
343808395 535303689 5567
633238706 856843466 2
484552868 841344312 100
651043009 932600723 3
549735158 967624199 8
849403516 963414953 2
341328313 723451932 1
80880315 998541780 5
273922460 308446217 10
56047876 641939020 2
721860923 818208411 2
612422753 1032981340 16
500172075 1042432019 6
179269018 636985410 2681
250750276 915981148 3
239330808 832336943 85
150730221 600364643 1
397070892 884740490 2
103801246 191094576 6522
368166597 715962046 10
56200080 472517753 2
163507304 993389477 4116
961415946 1037280723 9
770739825 857284575 69
470211084 824701192 41
68399731 640448320 8
68860859 873208518 1
480463854 1065288483 5
65022941 868838666 4138
181279068 1050888159 9105
65587174 1067710524 6
78114180 711910379 6
41023757 935796630 3606
77346769 158705411 4
261012604 475842550 9
428567327 498349297 6
261725863 329535165 1
338617491 959902834 7
606549206 1053549772 70
765488836 891847283 1
46954440 1055609128 7
621559944 757675958 5
380916939 426758690 87
242312297 591448809 5
157868756 831749123 2
71574380 227665549 7755
331050801 761311662 5
22500258 584710532 35
572402688 669706585 1
359571594 964946022 75
187030614 338350046 92
528029328 820326059 1
63788868 525004399 7
56705941 249227073 36
603867499 658841803 90
426231061 552037318 5
661655022 667118317 3
479056768 575264057 1
316327891 923219562 6
668066458 983857509 8
894908666 938448877 3
346991214 517389382 7
987356986 1024497845 10
22632016 308553540 3
753699847 835697627 6997
513724480 719066419 7
584037846 1034736288 8
519910791 941436562 8
117138156 458800622 5
418945271 990756534 1
525509711 717771516 4
801270868 884392891 96
706389505 840851200 9
425191256 994213188 5
677737317 935482315 9041
790709677 889649875 1
56614657 541592523 87
459670529 977128705 3
279003062 527569412 5
225925197 666048004 5379
284909427 885799049 2
412299235 801280061 6
24811637 34329685 7
204669715 330230857 1
988166887 1064500005 3
443955688 988438985 4
51595152 644308223 10
221034865 546666323 8
531832530 718532718 4
138824085 227611349 99
6977601 114052737 17
350573162 607630348 3
386087765 602717225 56
535929918 957286781 3
176605648 685441187 1
1537173 892036107 3
98809889 313166666 73
449287017 503435448 7
356604390 534685242 33
200561643 397799841 5861
60400564 444862948 6
289405113 680468456 8
297564318 651617054 10
93867446 970858600 4
288727204 338010606 3
121187308 472949128 2
143711736 349785042 52
448050099 954656576 7
409769301 893619661 2
405013457 1048135157 3
394041128 586151804 8
63882143 304643634 4324
529237540 828468248 4229
196951482 682280170 5
83029903 815281211 3
687613615 999166330 1
266057799 817415756 1740
92308487 1030422820 6
64387363 1061251342 3
415962099 732298090 4
134796176 405969397 10
188351674 414191221 32
499076108 604593047 6152
438226311 868015462 3192
67033092 587733507 569
241252081 708233134 9
282603177 522671228 7
290636500 374558169 2
606383405 826636561 5
13328109 619821604 4
23937780 883315649 6
314314102 428030008 3
552390550 700984400 10
175428400 326938645 5
751514302 839190842 4
7196199 307018702 5
175708768 941434866 83
111374833 894995217 6
37966617 672166424 4
64281346 781808603 3
643657643 799143423 9
298651493 313880120 5
693992015 1020046623 43
126107367 291511871 1
378701887 962974861 8
24069155 868743503 1
359077385 679996817 4
551567341 700151336 5
911379986 937792513 3
734289717 1010378165 1
173509715 854919129 2
236101918 1008755327 92
581058138 771003143 4
677091969 967885745 5
3696565 155176766 4101
382055511 1027233002 8552
684110016 1004318124 11
375067105 410054522 26
6919529 544868915 1
439133279 672127304 10
271497933 805171982 2
573664205 920077779 66
54276808 915372336 4
46217333 544611543 5
218467010 944598840 4693
433158851 433524114 92
117091940 751816560 8
178974424 979000559 9
460168460 740841745 3385
98464676 982208804 1
619362806 800274024 2
369861619 1053156617 3651
489120640 1031604365 1
56253852 90711217 10
858572002 907083903 22
965417252 1039176814 15
252379890 490396219 6
476567363 648425011 9
197191359 553736843 13
474239694 699495466 2
481007794 777965919 3
163119748 378274616 7
281743334 1034198554 9
134519832 534456862 1
52425023 934948660 10
371265111 558243645 10
225000567 600076995 3
565984840 710370160 6
72310865 427907101 8
121609914 264346271 54
15114912 438969842 3202
10532192 326723376 4
469119348 683431452 3487
784414996 917912419 56
114502640 772183973 4
437254323 480918297 61
321857253 817274108 947
830061197 1002795344 3
460753951 472963931 1
476049295 807607303 8
618105206 782715967 8342
205774926 727652245 5
425088017 467300375 8
37658531 557703707 9
394712018 628640442 9
127038614 742901695 93
88210697 561088083 4
698733336 941816428 4
490184534 576233426 2
734086263 754366586 53
13090165 825673080 5299
88546638 817321110 13
105250247 903457092 35
380175366 410635280 54
280400476 907390181 8
526543620 758394569 9
603259059 739198249 5
279721057 963800434 64
117246559 793336395 7
224611900 416237001 4
450763427 991243757 5
973972477 1051773098 8
580405507 608650399 1
344041113 742093999 84
306366364 439755735 6
702047476 1038407107 8
968237788 1019333133 79
494226809 732942606 6
528124826 1001026905 2
766170022 829397249 8
184307577 1049616202 53
690818465 958223393 5036
38814576 1032857204 53
68469165 829197244 3
857640758 915971461 1
347345449 484776159 6
311934497 1053234615 2
248623094 777498708 6550
113636070 1010077010 8
38198066 622084232 6
816565119 1047912516 5226
671553312 977909036 3
403009686 577142576 9
554924612 742406903 19
544928048 1068001713 8
102955958 244811111 3
823099185 1028993454 10
205458725 345769845 78
647211966 804384313 3
74289627 685293780 3
29973954 148909825 33
577036925 642296967 6
307864906 576983262 2
821337474 930482282 7
217705309 780782608 2
128336317 1009060632 37
318916592 818191670 1
68500258 992934060 8
186584909 672081729 1
913913782 921891916 9
492327555 754323727 10
991101659 1040983993 4
159433471 970709792 7
18937177 51009479 47
145708261 376797437 6
200525845 206596364 6
29433758 188180597 10
781628651 819071551 6
454297169 1022724381 24
591375433 869143703 8
346912438 616831040 1852
163418656 1001429028 9
708813833 1031058455 4
7826595 876138420 8
467445825 702370981 3
366163545 419960782 7
528577145 598919226 8
3610479 812108168 1
300284590 608877433 1
248762298 441568309 4887
525445072 895765256 2
202940329 648637059 1
630074121 913267155 6
508747820 723061021 1
207451976 707606095 8
931380193 1012087931 6
636706350 1013495887 8
285679358 796663253 6
118509245 181543879 5
139425820 347660877 6
363768919 1010136978 10
476477811 797283053 35
269991036 305026328 3
585764346 1049419664 8733
368047114 680269233 4
497639527 674796150 6
265862153 626434565 10
95990787 706569352 7
257729445 258875310 1
419754629 980080033 6
557055051 978979816 44
486307473 981939613 33
662464302 1036390817 2
167468420 824797189 5761
42603318 894707683 22
509556560 726266862 2
229526892 842405901 88
347353179 486607916 10
416155127 995624568 5
117736366 624219061 10
204771779 523552309 74
551251808 970999786 2
487296972 752311922 7
416368065 546762866 29
62162938 327309595 8
418350480 905313125 1
452536036 556399864 98
49868595 141722898 70
375832085 743737265 14
303971530 671317459 5
62920339 99787273 6328
736103658 1029428273 7
143612859 557411836 5
44861826 901982696 3
617283914 749138512 4
785752425 1049657468 6
181739023 303660702 3
191442202 568304334 3
595774070 1040178778 4
232237563 955821463 7
157993327 827261395 2
146290295 302812875 10
154519294 264998544 7
523863713 943558625 9200
793535977 811227059 8
391812511 451185580 7
236741308 473945373 4
164515656 209030768 44
434703457 607309567 5
166801172 998820605 5
3300423 942550804 1
342631427 1061245246 2
777181913 989728672 5
107994523 1027608536 3
127839224 777435474 6
160589206 575722824 12
127512231 244527338 2
10959939 21984854 3531
200571960 627426924 4
503439134 590763441 5
462648652 501428420 670
495338161 762005934 4
755943035 1024224993 8
250940042 534468469 10
356573112 657591045 3
248123166 679383485 1248
47326359 290762794 6
660576731 933790180 61
894134524 931457548 53
323533948 449628063 8
135340711 335591051 7
145762748 911036699 6
257584954 654997701 17
188224732 851324547 10
103635463 127205679 1
175898954 348538081 50
440075666 860619429 2
79651692 137501713 10
44001890 154038663 1
373291382 662584048 40
96752070 184991639 7
458887847 540451558 6
351708791 1067931711 81
672973430 1006548599 20
78042023 187777963 11
66233368 791175722 8
22702079 597875207 1
501286638 620414564 5
123738575 897489140 5
404605930 624819500 2666
310151038 672108603 1
130904934 803419675 4
482528596 786508011 1
517909307 571140315 8
16909934 587382082 2
134408899 440483447 5557
844070 764904189 3
237133485 797944488 43
372026096 643587759 9
356518422 751320813 67
680983326 972405745 4
476869630 776714369 435
525471285 1009675071 74
105459474 487104359 3175
183752628 695934132 10
235267998 329161941 81
498078814 728772000 90
364006903 973119602 5
110318508 455873442 6
24281336 548911583 8
690973380 1046374520 93
326472053 931902639 8
651161371 709651369 86
22821296 522042975 7841
88880175 860513303 7
681943440 975123381 4085
147807938 865061436 50
58147920 364058926 1
676412605 817847724 7
885959581 960852478 5
81662115 286166498 8
143412922 727287520 6
280194928 881332294 1
196623959 393227222 9
454967358 989812089 7
260668296 721074845 7
761189657 835894623 10
521237139 1046747240 6
394237247 428533476 6
129433799 481551294 7151
476806740 585790295 29
162820360 428701321 8
344061581 618595121 4
518088022 775575229 9
190288147 202034402 94
421941832 542437470 7
253497211 569875004 10
5286339 620773524 8
672810646 977563575 22
54629516 1054579224 9
68386602 722087373 3030
264599995 754552593 5
820266180 1023122880 5
650676213 973473380 4372
347802929 610196675 3672
152504499 228326373 9
823006629 949941780 53
55675322 621488636 4
222608955 817831124 6958
160429603 877183001 9
30965727 1057780168 5
931998204 988563470 5
748790695 947619599 5
201285693 588372967 10
370059091 1008752742 9761
499752805 644462762 6
92804029 183543704 1
370046381 689664054 6
120424196 1070751564 6
67627305 647330757 3
126615291 267207259 167
202504799 577080368 4
8196529 550458974 65
597897440 679835236 1
350771865 417371648 9
642407600 711017849 70
8740462 263296396 76
734986185 829053987 5102
950635537 1067484828 3
196508041 732065604 53
151701952 684925185 4087
459642423 806833091 6
655584027 929700052 6
570775186 976572683 88
240389692 255012818 10
212268722 583708133 9
658966439 739279499 6
159158329 549776855 7
202140898 595316378 10
87655261 689247821 6355
56249966 218934919 1
285561338 846972618 9
316939890 863708126 1
151523451 291126523 37
115760159 766979116 1
11875654 891631555 7
849453768 926057982 3726
232689200 880124767 4
731836331 1012655536 8
811102465 996890469 9
414465214 759525980 11
5106484 42593769 5637
865007594 1006392868 7
672150530 959341319 9224
192534827 614842372 4
386398991 403237455 2
151273087 347989405 5
108682616 794110270 78
461784730 862782551 57
725581208 1059833213 2
525086960 817030381 4
194864968 1028755807 95
265188158 722248126 4
394433412 819599149 8
170867649 859042635 2
