Case 1: 154 164 166 170 171
Case 2: 94 99 104 107 107
Case 3: 163 168 171 173 182
Case 4: 136 140 141 153 156
Case 5: 88 93 95 100 102
Case 6: 162 168 174 176 177
Case 7: 85 89 92 99 100
Case 8: 183 183 189 196 198
Case 9: 103 104 117 118 120
Case 10: 58 66 67 77 78
Case 11: 106 108 114 115 118
Case 12: 180 183 184 185 187
Case 13: 181 182 183 190 192
Case 14: 163 165 166 169 170
Case 15: 65 67 76 78 85
Case 16: 88 97 99 105 105
Case 17: 166 171 172 175 178
Case 18: 162 168 169 175 178
Case 19: 121 122 132 135 139
Case 20: 168 174 175 183 184
Case 21: 54 55 59 60 70
Case 22: 56 57 60 64 69
Case 23: 64 69 70 79 81
Case 24: 103 107 107 110 117
Case 25: 112 116 120 122 128
Case 26: 160 160 161 162 166
Case 27: 119 119 127 133 138
Case 28: 88 89 89 95 96
Case 29: 110 114 119 121 121
Case 30: 121 129 131 132 134
Case 31: 161 162 173 176 178
Case 32: 172 174 183 184 187
Case 33: 98 103 105 109 117
Case 34: 140 145 148 149 154
Case 35: 105 108 108 120 121
Case 36: 162 167 172 177 177
Case 37: 175 182 190 192 194
Case 38: 73 77 84 85 92
Case 39: 173 182 188 189 191
Case 40: 153 161 165 169 172
Case 41: 127 127 128 132 145
Case 42: 151 154 157 160 165
Case 43: 108 115 118 118 125
Case 44: 109 123 123 127 127
Case 45: 68 70 72 74 83
Case 46: 95 98 102 109 110
Case 47: 159 160 165 168 170
Case 48: 138 144 146 149 153
Case 49: 177 178 186 193 193
Case 50: 64 66 75 80 81
Case 51: 96 100 109 112 112
Case 52: 175 180 187 191 191
Case 53: 113 119 121 122 125
Case 54: 70 74 79 88 88
Case 55: 104 108 110 110 114
Case 56: 61 62 66 70 73
Case 57: 64 65 66 70 71
Case 58: 97 100 101 115 117
Case 59: 109 110 115 116 127
Case 60: 77 88 95 96 96
Case 61: 106 112 122 123 125
Case 62: 65 69 69 78 79
Case 63: 60 68 76 77 79
Case 64: 170 175 176 181 184
Case 65: 125 128 133 135 143
Case 66: 154 157 159 163 167
Case 67: 166 170 173 178 180
Case 68: 110 112 113 123 125
Case 69: 170 173 178 185 187
Case 70: 152 157 162 168 171
Case 71: 71 76 77 80 85
Case 72: 109 110 113 119 128
Case 73: 68 68 69 76 84
Case 74: 56 59 65 70 73
Case 75: 148 150 153 154 154
Case 76: 123 124 131 131 133
Case 77: 73 77 80 93 93
Case 78: 104 104 109 111 117
Case 79: 65 73 77 79 80
Case 80: 93 103 103 105 111
Case 81: 104 105 108 110 112
Case 82: 111 123 125 127 128
Case 83: 118 119 123 127 130
Case 84: 94 97 98 105 109
Case 85: 73 78 80 86 89
Case 86: 159 165 167 172 175
Case 87: 54 56 57 68 69
Case 88: 110 117 117 120 120
Case 89: 155 162 162 166 173
Case 90: 118 123 123 124 134
Case 91: 52 59 62 70 70
Case 92: 103 106 119 120 122
Case 93: 128 131 138 140 147
Case 94: 97 97 106 110 117
Case 95: 52 53 55 64 68
Case 96: 154 158 162 165 167
Case 97: 176 178 179 185 193
Case 98: 156 156 163 163 169
Case 99: 171 175 175 178 184
Case 100: 125 127 133 134 134
