50
178720 227608 4731
4097 672773 4367
433614 320164 1277
224320 929922 2427
719471 552733 8984
172722 730348 9223
549117 737314 2680
160127 39519 1737
749831 845284 5910
618669 298325 2297
3259 944006 8972
940082 711438 6003
562772 470638 9003
73874 581384 5741
697811 967357 1886
431888 992511 8889
453113 209109 896
231468 570145 4763
716426 587163 6218
30583 622765 1664
335839 31601 3096
849585 464891 8326
836881 509739 2907
883371 611771 9652
432337 711422 9050
128657 9450 2511
139275 243823 9433
366973 894807 351
451354 7779 1763
946541 144267 2511
67112 47489 3826
757676 617183 9219
395635 313610 5794
376685 762647 225
930000 33244 5092
794350 690605 6769
361391 885399 6719
408004 815941 1054
894427 396489 2520
542034 792587 8191
238136 719084 1056
107357 114054 3956
886498 491519 7283
424942 10234 3770
721415 967289 5463
556465 222656 776
888837 367541 5846
458276 910622 8315
79653 320884 1932
413411 93675 3652
