260 100 2 1 6 4 3 2 3 1
260 100 6 4 2 1 3 2 3 1
260 100 6 4 3 2 2 1 3 1
260 100 6 4 3 2 3 1 2 1
100 260 1 2 4 6 2 3 1 3
100 260 4 6 1 2 2 3 1 3
100 260 4 6 2 3 1 2 1 3
100 260 4 6 2 3 1 3 1 2
175 100 2 2 1 4 2 5 1 10
175 100 1 4 2 2 2 5 1 10
175 100 1 4 2 5 2 2 1 10
175 100 1 4 2 5 1 10 2 2
100 175 2 2 4 1 5 2 10 1
100 175 4 1 2 2 5 2 10 1
100 175 4 1 5 2 2 2 10 1
100 175 4 1 5 2 10 1 2 2
360 240 4 3 16 15 10 3 2 3
360 240 4 3 10 3 16 15 2 3
360 240 4 3 10 3 2 3 16 15
240 360 3 4 15 16 3 10 3 2
240 360 3 4 3 10 15 16 3 2
240 360 3 4 3 10 3 2 15 16
100 200 1 2 3 4 5 6 7 8
7554 3192 1409 32 6573 3032 509 694 981 2498
180 100 3 10 7 10 4 3 2 1
180 100 3 10 4 3 7 10 2 1
180 100 3 10 2 1 7 10 4 3
180 100 3 10 4 3 2 1 10 7
180 100 3 10 2 1 10 7 4 3
180 100 4 3 2 1 3 10 7 10
800 100 7 1 5 2 1 3 4 3
100 800 1 7 2 5 3 1 3 4
0 0
