0.80      0      0      0      0      0      0      0      0      0      0
1.60   3735   5040   6365   7650   8955  10260  11565  12870  14175  15480
2.40   5604   7562   9550  11479  13437  15395  17353  19311  21270  23228
3.20   7470  10030  12590  15150  17710  20270  22830  25390  27950  30510
4.00   9338  12538  15739  18939  22139  25339  28540  31740  34940  38140
4.80  11205  15045  18885  22725  26565  30405  34245  38085  41925  45765
5.60  11579  15547  19515  23483  27451  31419  35387  39355  43323  47291
6.40  11953  16049  20145  24240  28336  32432  36528  40624  44720  48815
7.20  12327  16551  20774  24998  29222  33445  37669  41892  46116  50340
8.00  12701  17052  21404  25755  30107  34458  38810  43161  47513  51864
8.80  13075  17554  22033  26513  30992  35471  39950  44430  48909  53388
9.60  13449  18056  22663  27270  31877  36484  41091  45698  50305  54912
3
Smith
5 28000
1 1 80
1 1 90
1 1 91
1 1 92
1 1 94
Jones
3 15000
12 20 87
3 22 96
4 22 96
Doe
3 9500
1 1 95
2 1 96
3 3 90
Test
0 32561
