1000
21
4220 2914 1 626 2135 2876 886 3911 2456 1 1 1459 885 3190 850 2196 1 4391 547 3654 1280
1
4353
10
2207 2315 2628 3015 448 1566 1610 2124 2366 1608
5
4342 1073 1 46 3283
20
3979 1 813 3385 694 150 2247 3549 4476 4062 3 2967 1475 1 3984 1213 781 4702 4213 294
22
2631 670 3451 2072 2038 3490 4374 4361 413 1 2160 2311 1 3924 1638 1 1426 4052 1 3616 1 1
46
3634 861 1560 1994 1 1213 3070 376 2619 1271 1 1 1 2987 4357 2701 2644 519 3392 865 1658 1 3501 2014 1 2924 4312 646 1 1714 1 2014 3228 3450 2485 1 3832 3751 1712 3586 1743 3765 958 767 2924 1448
32
3462 1 1 1171 2226 503 1757 1 1556 4145 412 3903 3659 438 2910 979 3113 310 3360 2006 1675 2315 2666 1087 1 1 3376 1 477 1120 1 1
20
201 1572 1 796 1 2934 194 2140 1 1 1 3575 4529 4278 1 2279 3250 1054 1142 1
16
1 1150 1 1206 1 1 571 3952 1 1957 2991 1 1 676 4233 1
28
1217 1734 3841 3433 1184 1408 4248 1230 3588 3204 3688 2923 855 1010 2473 1134 34 1614 1 2152 2783 1 2631 2496 4439 1640 3319 2716
42
3725 1 4652 3345 4506 2151 2063 281 1 945 1 3637 3683 3840 2425 1 1 1 1 1781 2850 1 1 3227 1678 1 1468 4327 3873 1 1 2581 2814 422 366 1 3574 3009 2973 4610 1 1149
18
729 1 3382 3153 1 85 2055 2297 6 1 1 1718 3296 2872 1 1 2174 1
47
3118 3726 1 1 647 456 4279 1 3478 1513 2335 188 1 1 3279 1158 2784 1 1 3583 532 170 3239 469 1 4135 1 3757 2888 253 1 509 1174 4406 1 1 1 1 3198 1 3427 4183 1582 3431 3911 770 4722
6
1149 3330 1633 1 1425 1707
45
3153 1345 1 1 1 328 2007 2605 1 2758 1 1 231 429 1 1613 263 3887 807 1 32 2054 1 3648 1440 1824 2663 185 1347 1 3117 1 16 478 3151 2670 1700 1 4634 2698 2848 4694 994 3285 2933
4
1302 2704 1294 1
32
3338 984 2201 3675 1 483 1027 3326 2748 1 3152 1 4533 605 1837 1 2386 2905 3801 1 1 1 2094 1384 1 3215 1 4235 2128 3612 253 1831
44
4735 178 1100 156 1 112 3091 4519 861 1053 1623 1 3974 1 1806 948 1 1 1 1 357 3096 3212 1 2443 2704 3459 3221 1250 4696 1 1 4209 1 1249 1 1 1 1 2777 1 4674 1 1351
21
1300 583 554 1285 1 1 1 1 1 1 2702 2753 3451 1 1 2508 3663 1145 2629 2621 2875
4
272 895 1424 1001
44
2336 1 1087 2518 2071 1 2997 454 3820 4321 1 1 1 1 3492 1553 1 1 2622 851 1613 931 1 1 1 1 1377 1 1 1738 1463 1 1563 1674 885 1570 1 4546 3514 1 107 4612 840 1
21
1 1 3211 3731 507 3275 2178 4091 3011 1 1 1 3231 691 1906 3499 2730 2952 1235 1024 4731
7
2161 1184 1025 45 2247 1 1894
42
275 2298 1 3616 3661 2282 1 1675 1866 1935 2902 1070 1321 1 3814 1089 1156 1 1 3644 1 1 1 1 947 1 4574 3644 3832 4194 3042 1869 1 1 3664 4675 4638 1 3329 1 2270 817
34
4460 1 2318 1251 1706 1 516 2674 1490 3866 1256 4329 2298 2484 2113 1957 2333 2223 1 2384 1 1 853 986 679 1 1 4336 1661 533 4093 3039 1 1209
17
1034 2669 1 806 2853 1 3930 2209 1 1 1732 1369 1 486 1695 2279 1901
2
2647 3486
37
1514 1 2862 4618 1047 460 3124 1879 2314 4315 2967 3806 1 1 2665 3173 916 1 2848 1 2889 4112 1569 1 1 212 1024 1 3196 3511 199 544 189 1 2483 1 1
35
734 1499 1 4456 4258 4310 2174 1 1 1270 166 2429 3679 1 1019 1073 931 1 1 2386 4681 217 2922 275 1 1632 2741 1 3354 856 1 1005 4128 588 650
24
2772 1 164 1 2461 3330 1759 272 877 3915 3961 1 2664 1 1 1178 1 4008 3325 2071 3060 1898 364 570
14
1 1 1 1 1105 1 97 2092 2828 2520 1 2622 2896 2620
24
1301 2627 1912 1 1 825 1593 2669 1 682 1 4120 2866 3529 1 770 2610 2730 3925 4241 4317 3213 2654 3763
36
1 2631 3850 246 1 4607 1083 822 460 3285 1906 1 4580 2318 1877 3962 4381 1 1 1283 3888 247 1061 1 3481 1 1676 4679 1 2474 1781 4356 3162 1 1765 1
24
1 1 1 116 2943 4514 1 76 1188 3973 2467 919 46 2421 4509 5 1524 4388 1 4702 2327 1368 995 2273
25
3686 2021 858 3999 1 1 4366 1 1 3957 3717 1369 2776 1 1163 3402 1433 4055 2980 2099 2919 3332 1 4679 2056
5
1025 4313 2953 1 4366
2
1908 1010
18
1430 1 4508 413 2391 1858 762 1 3363 3689 2512 1061 677 3666 1 1 3910 915
4
1 1 518 2982
22
2209 437 957 1 4706 1 1681 3385 1 551 3658 1 3329 2465 292 3654 809 720 1 1 1076 1
17
1580 1 3810 478 4579 2949 2700 2181 1821 1999 1 524 2426 452 596 711 3908
9
411 3849 1278 421 1 1 2597 106 2631
11
4566 1 1 3107 1 903 2306 1690 1068 197 2320
18
428 4623 4398 1842 1 1 1388 2771 1 3558 1 915 4415 2197 1 1 4178 102
5
4131 642 1 1229 3076
44
1 680 1295 1 604 2303 899 4061 2100 3785 1 3618 3956 3874 1 2920 957 1 1 2841 1538 423 1 2393 968 4081 549 4598 2126 1223 4175 4504 434 2264 4531 3372 753 3385 1 3051 2459 1 1 1
28
3614 3591 1727 882 3678 4421 1 2228 4007 1847 2476 2376 1814 2886 467 1669 2450 4529 1 4066 1681 4520 1802 2569 3614 3166 1 3642
23
3968 1523 3696 2149 267 1 3083 51 903 1 3941 1397 1 1199 3821 4460 1 1 1 1 1348 2544 1
2
3713 2330
15
1776 1277 884 484 1 2627 1 1 1 1835 3436 1049 1854 465 1
31
3608 18 3178 1171 3380 643 1 1050 3468 3738 1 1 2664 1 2841 2105 405 1 1 1599 4182 3207 572 1 1942 4125 2450 3496 1149 1171 4321
9
4725 1 1 1 1 1 2851 2043 2926
16
1242 4220 3939 1453 2051 3265 3192 465 3685 4232 1 3801 4615 3022 1 3158
6
1 4722 158 1 671 1816
32
3448 4393 356 1 2582 1634 1454 254 1 4682 1 4362 437 3835 2242 1 3890 1315 1 3283 336 2776 1 1282 1507 2045 1 3123 4645 2218 392 522
11
1 687 1 2693 1 3577 3203 53 902 769 1
19
2414 1 454 1 3653 1 1 1395 1 956 3960 3583 1 1 1237 1 1357 3896 1536
22
2629 1 4317 2726 448 2279 2696 1 2435 488 1 3021 3428 1 1346 3358 2692 1 1 3584 1 2738
37
2991 3082 1 1 1574 4230 1 2728 2960 1831 2141 1 368 1 1617 4318 4540 1579 3764 4073 1 1 1 769 3724 615 1 3611 3988 862 4554 347 1 310 2626 4507 1
6
3786 1 2478 3209 3136 4647
12
2904 3668 3438 1937 3379 3132 4068 2573 4252 3736 1 2925
45
1 1 17 1 3158 1 3732 685 1 2739 1 3895 3865 2461 1 2934 1 2659 3850 4303 1351 4314 1 1193 1821 1 1 1 1 1 1 1 3494 283 1 1926 1 1430 1372 2612 3994 4408 1491 995 2323
36
2620 941 4198 1 1990 1 2846 2327 3904 4007 1 4197 4137 447 2442 503 534 4124 757 3846 463 3272 114 2145 1 3806 4050 3957 1 3462 1673 639 2849 1818 924 3421
1
4133
46
1 68 1 1 4198 2934 3913 3149 1 2673 1 4017 1 3181 4263 1770 1 1 2780 161 476 2123 4372 2667 3939 1 2522 4417 2490 1 860 3944 4458 883 1 1 3767 2390 2246 1 1 1 1 2930 1 655
4
1 3923 3418 1615
43
4364 2987 3940 1 1551 1 33 1288 3737 1 1 1682 1 1 1 1 1 1 1918 2194 4259 1 1225 1 2502 4234 3401 3814 1448 3778 4344 105 3657 1 1 3924 1022 1 1 4277 1230 1 2371
24
3819 20 114 4706 3341 1 1308 1 3490 822 949 2706 1 1 3720 1841 10 1 3732 1 692 3562 928 918
8
3927 1 433 2818 464 3314 1 1
11
1906 3673 1 1 3804 1230 2912 1342 4427 1 1
21
1999 1 2405 4640 1 213 3944 290 1 4616 3884 2017 2810 1 977 3728 373 1 1316 1 1
29
462 1707 61 1 1815 1 4537 1 1629 342 1763 2661 4196 1297 1876 2492 4189 1067 2129 237 1 2974 1 1 1 1 1 3237 2908
35
36 4030 1869 881 490 1 1 2288 2746 1 4634 4721 2995 4009 1 1 1 1 2642 1 3521 1 4679 1 1 456 1 3225 1 745 3349 294 157 1 3178
13
4139 3257 1 3555 1 4672 1 1 1 611 4522 245 3950
20
1 2932 1 950 2073 1 2321 3655 2187 1962 3389 1 721 1024 1 1235 4351 232 4329 4249
45
310 2203 1 1 2320 1 2068 3616 1 4314 1 3583 4525 1 213 3029 106 1 3030 4275 1 939 1 2296 2878 202 1409 1 4496 1 1 111 2355 3571 1 1 3704 1 1 1 4032 4367 1628 1507 3192
25
445 1 1 1373 3592 1 1 71 1 2488 1524 810 4146 1 287 1 4103 2909 3691 2576 1 2361 2295 1 4671
39
1 1365 3884 1525 3121 1276 1 4200 2289 1591 2248 2066 2673 3669 1 34 1 1 4233 1 2742 1339 3920 3778 1 1166 1 724 2609 1 162 4476 1 179 543 3740 1 1 1
13
156 1110 646 2161 4389 4533 4154 3467 1 1 4477 4743 1349
19
2392 3151 3420 3445 3444 4459 4495 2426 552 4394 2332 375 750 3330 831 2397 1 2998 1
42
4482 2855 1 2241 1 4309 1 1 1 4203 3054 1 2354 1967 1651 1 1 1 1 1 836 1 4137 3995 1 1 3632 2621 1 1 1 1224 2432 2433 1 3779 2675 4331 1 2413 4469 2412
27
285 1 1350 1 306 1764 1 2730 3998 713 3522 1 70 4262 1 931 4527 1 3633 1 4335 3735 4631 3481 3097 1 4039
18
1 1 4634 1 3452 3134 1 4670 1075 3968 4217 1 3663 3336 1056 4636 4597 1
17
2007 883 666 1 1 1 2472 1 380 4512 1 1 1 3074 2526 3310 1
2
635 2221
15
3284 1726 1144 1 418 1109 3987 1971 1 438 2735 4374 634 1151 3238
19
1774 1 1 4267 1 1 2197 1 4741 4129 1 4209 1 291 1 1 1382 1 1
18
1657 1 1 1 2359 1032 2562 1655 4620 4180 3289 1 1 4252 1 3848 127 1
41
1 1 2956 1 2982 1869 1 3285 3997 1 3890 1 1 1074 3474 2778 1084 569 1 3476 3305 1 2848 399 1 4430 4230 1 3805 1 4341 1490 4219 4344 1679 1624 3297 1537 539 935 3170
7
2652 2705 3873 1201 173 588 2980
1
942
43
1 3882 3165 3636 3654 1 4232 3967 1 1 2190 4502 1231 2491 3675 1890 764 2031 1184 1 1807 1429 2995 920 1181 3782 1882 1028 3710 1856 95 1200 4398 1 1 3112 1141 1 2629 1 4174 2060 4376
27
1 1 1 1 1 4665 3944 3378 2076 1 680 1 4258 1429 1177 2307 1 2441 3246 154 1 756 1 3149 1 1614 272
25
1 3662 301 2536 1753 4325 1 2180 2877 1 2884 4394 1822 1 105 4359 3534 115 1585 971 1342 1 1692 3145 4302
32
4627 1 2296 1 1 1474 1 1 3401 3505 1 2234 1 457 1652 1511 2139 1 2398 1548 4612 654 90 3289 3491 2920 1 4702 4691 1 4263 1
8
2451 1 328 1894 1645 3067 3748 1
8
1033 17 1073 3585 1184 1937 1 3830
3
1112 1537 1
12
1 2093 3776 1459 2236 3236 1063 1684 2614 1 1 1
43
1593 3893 1617 792 4331 3472 1 1 4210 3704 2273 1 4086 4436 4130 5 1 1728 3576 1456 1 2951 1 1658 1 1 1074 1306 3906 1716 142 1704 1 4232 831 2113 1 4633 547 1777 1786 4086 1065
7
2412 4615 1408 96 1 805 1
34
1 1 1096 1 4265 938 1 1 1855 3829 1802 343 4198 1 2735 2528 1 2461 1217 3711 1827 3966 1 1730 929 3633 3296 3292 166 2493 2651 622 2966 1047
32
1 1226 1 3261 2913 106 2973 1900 3196 1 2020 3198 1 1 1893 2878 1558 1 539 1938 3672 2055 1 1 3482 1 1 487 240 3880 199 1
28
1 1532 1707 1 4478 1 1 4607 1 1 1 4110 1698 1553 2226 2142 1 1 3537 1 1371 1 1 1 1 1635 1397 4386
31
1191 1 1 4646 4667 3726 2608 452 4077 1 4422 2954 1 1 1 1291 4306 1075 4145 3571 2725 1 2235 2069 1486 2214 1 1 1287 1331 4005
34
3563 4189 2536 1021 580 2437 3245 2861 4589 1 1 2482 1 3502 3121 1209 1954 1574 693 3781 1 1 4573 1421 4253 1 531 1 1 4051 4377 4021 791 3513
15
1 1555 1889 912 1 3760 3062 3442 961 1 3955 1032 1 2698 3568
39
1 1 1 1 1 1 1884 1867 3900 3031 3166 1587 1 464 2650 3230 3529 3537 1 2395 1 1 2438 342 1 2146 1 1985 627 3904 1 2173 445 1 183 3287 1831 710 2545
10
1 698 913 4682 4684 3882 4356 267 1 302
27
2635 1824 1 3986 1 1037 676 3431 1 1 2544 541 3031 3098 835 2739 3178 627 1978 3188 2032 1 2839 1 1 133 262
13
1 1 2040 2611 4630 1 1 1142 354 1 3086 1 1
47
1627 1 1 1 1217 1 3787 2621 3319 2882 1 1 1 2432 3727 1053 1 1 761 1 2704 1 1 924 1 4710 4375 4746 1 2289 1 4371 1 2592 3896 2171 1661 1036 3905 4229 646 1574 22 3556 1 4195 4066
41
1 1672 3314 4047 3004 1082 1279 1 1 1 1 4585 1932 1091 2441 700 3955 1 3713 1 1 2419 3759 923 1 1 1 4212 1196 1319 345 81 1 1702 1143 4580 1 1 1 1578 477
47
1 310 1642 1451 838 2798 1 1719 2343 2622 3668 755 1797 4496 1 1 2567 245 3911 4366 45 2207 3617 453 47 4438 1 1 1837 1 1 1 1 1 268 2712 1 1 3725 4223 3689 178 1798 1 764 2220 2100
40
3460 3078 1 4135 194 2422 1 1 1 4300 1 1 1 2188 3973 1 4416 4108 2205 1317 2683 1 1656 222 3190 2261 645 2052 33 1122 4416 4131 1 1 4427 1 518 649 1 688
37
1 916 3298 768 4316 1 1226 1 1 4025 755 4048 1917 3783 2161 2687 1 3285 2049 1 1 2823 3552 4529 3113 1 2514 1809 4742 2098 1 4332 1 1 1 1 4143
36
1 4731 1322 1 3743 1 749 405 3952 1 1 1110 4228 3157 2148 2631 1255 3360 3843 2646 1971 1146 4686 1 1619 1211 1 1 1 1834 3005 1 1 4276 1536 3894
2
1 1517
11
1 1 1 1260 998 429 3315 4737 1 3522 3375
45
1 3665 4551 1351 1 150 2614 922 1 951 2890 442 1 1938 1018 1 573 3049 3188 3605 1160 1384 2936 1736 4069 1 1 2815 1652 1 1 1088 3376 1 3417 978 4696 1042 4295 3441 2903 708 1523 1704 967
40
2847 4371 2116 1 2057 162 3157 2926 1 2176 1 1 3400 2735 1 2550 1 1111 814 893 1 2196 3205 1 958 351 3034 1 3119 1 1 2134 557 1 4061 1681 2442 1398 1319 684
10
1 1 1 2847 3905 608 3623 1 2451 1062
46
4401 4652 2061 1 940 1220 1670 490 1235 1 4326 1 1 1424 4409 1 1676 2553 3345 3922 1083 4264 970 438 1 2368 1 4464 2567 1 1 3731 4539 4135 1 1 3331 1 4012 1385 1208 3732 413 1 4216 90
37
1261 2413 537 1 1 4617 1 3071 2995 3808 4673 4601 1 1 2551 1 1812 4049 2352 1 1313 1583 4743 4402 847 2431 1 3775 4745 647 2160 3799 4638 1201 1 4395 289
46
284 687 1 586 986 3598 2495 272 4696 1534 319 1 1 4025 5 4632 1 1 1 4521 1526 212 1159 1 3099 2467 244 1 4371 1 1 1734 3919 3310 3581 3735 3894 1819 4057 3600 1371 3267 1227 4039 1 2295
36
1469 899 3157 2666 846 2827 4471 1542 4172 1 1 1599 2642 1 1 189 1330 2367 387 860 2938 905 1699 3027 3836 3683 1178 1 52 2280 1 1 3183 2531 2677 4430
4
1 3655 1435 1749
5
1 1 1327 456 672
15
1 1 4682 3577 1 2722 2480 1 3476 246 332 1 1640 3451 2495
22
3191 1 518 2920 1 4003 4724 1276 1 3765 1194 1 3159 2892 1 2179 1 1684 592 776 4288 1680
7
397 1 1683 264 306 1612 38
12
991 3198 2049 1 1 3441 4645 1 770 2044 2652 2291
47
4184 2225 1 1 1 1754 4270 1 1 1845 2755 3857 1400 3817 1 2126 2521 1 126 2162 1 2582 1001 1 1 2056 4050 1 1931 4499 3061 2361 1 1 1 332 1 3179 3849 1 1228 2763 4504 860 1 1555 1
4
667 217 3280 4420
43
1 918 151 685 3723 1 1 2606 76 4643 769 4675 1787 1 1 566 1362 4657 1 2519 1481 1391 960 694 3038 297 4346 1 1 1532 4565 3962 3208 133 1 1 1 650 325 3210 1 2050 3730
31
1 1515 1402 2684 4259 154 1153 1712 1832 70 553 2469 2600 3406 2398 1181 2312 3969 1 3734 3341 2354 4131 1725 1735 1 1 3643 1 1884 1
21
221 3358 1 2548 1296 1 3259 2395 813 1 1 4182 1 1 1 1916 3058 1 1 2662 4731
3
683 2471 4500
37
293 3710 3845 1091 10 870 1 1 1 1 4343 1841 4433 4329 1 1 2378 182 37 2115 1 1600 1792 1 3498 157 2055 205 219 1090 908 1 2117 4388 1 1 2179
13
1 4326 1 117 2125 1 1 1 1797 1 1514 4351 659
19
1 3800 1 4082 3966 4653 1529 1594 1419 1 1 3303 647 1286 1 2127 3250 1 1
22
1 2773 4004 589 1091 1 2232 1 3794 82 104 1 3415 1 1 1 1 1264 122 4479 2363 3873
29
1 1 913 3335 1612 1 1 1429 1357 2974 2401 1557 719 1497 1 4047 1 1 3924 1 1 3573 4660 3524 3580 145 1 367 4097
5
1 1 2079 895 1022
39
3997 1 2562 2705 2700 2716 2398 1986 3418 1 1 638 4049 2906 1 2447 3431 2645 1 23 1767 1 1 4369 1 2841 3288 1677 3401 3754 11 1 1042 4315 1 1 1958 1289 2648
9
1 4495 396 1451 4067 1620 1 3084 1555
11
1428 3152 2379 1 273 1 1875 3862 1709 539 1287
19
4580 1706 4183 1 2129 3590 1 1521 1665 3838 44 146 1 4418 841 2880 1311 3588 539
8
1 25 1574 1471 3081 2855 4430 4257
40
1622 1 1 3134 1 1 1 557 2498 1 1977 1 2577 3487 749 1 414 2273 1165 3124 4450 1523 1 35 2585 1 3020 1 3987 1566 4288 1 1439 1 4546 3677 4581 33 4719 3679
8
1 1267 3430 1790 1122 209 1 2907
5
2950 1 4388 4520 1
2
4672 176
22
1442 422 4067 4307 1299 2299 3563 483 1 1085 1 2465 2789 4729 2009 2081 1616 4077 1 1660 4293 1
18
1 255 3398 1 3323 4483 2306 4606 1 1 2268 2761 736 331 3394 1 1003 3194
26
1 743 712 3154 639 4390 750 1097 4131 1 1 562 3377 1 3375 4664 1 1 1 360 834 1 1 1 1 2299
43
1 4735 1 1298 2400 1 1 4125 1 4632 4548 1 1 196 3064 3268 489 1288 3179 1 665 1 1 543 1791 4238 4082 463 1 3746 1 4136 402 1 702 1 1434 1 588 85 3456 3598 1636
47
4461 3254 1058 1 2991 1 3437 1 140 1 1214 2388 1 2071 1039 1 2800 1 2923 1 1283 2619 2734 2215 1 429 830 1489 2219 1 1 3637 3726 3920 3047 509 566 1742 3932 1 3964 1073 1738 35 3561 2094 3546
42
2524 60 3411 1 1541 4733 1 3333 599 3814 1433 1 1 1 1 1 1150 2906 255 1 915 1 3801 1 1985 1 985 1128 2511 4134 3905 4626 2263 4495 758 1 2039 4340 2998 1 2172 1
23
4407 2298 1 1936 3203 1 3806 4185 685 718 2519 1832 3998 1 598 1153 4632 477 2027 190 1723 1351 655
2
3528 2364
28
1243 1699 1 1 2320 1 3900 564 4510 1 1 1894 870 3727 3345 1321 2974 2521 4545 3291 81 1 1 1 1 3141 1 1
46
1800 2054 1 1 1854 1508 1093 1 1 3522 837 3476 1 3951 1611 2566 3974 3620 3952 4375 4606 2171 1 1 4160 676 3601 4604 1 1533 2733 2843 1410 2064 3771 1302 2454 1 2088 4556 1 1378 1 997 2111 4077
26
2172 730 1558 2539 2274 3142 510 527 4671 3715 845 4298 2913 3817 3525 1 3406 1 3534 904 1 1 1601 874 4240 1
19
1 2111 3301 1 2077 1 4004 3424 1872 2257 1423 1 4385 3128 1 1 2576 2028 1
1
2367
43
1 3125 1 2485 1047 1948 236 60 2880 3896 2264 1 2482 164 3884 3114 1 1583 1740 1 2856 3671 2634 3524 1 1578 4025 842 1 1 1698 1921 2574 654 4639 1981 1174 720 4263 1 4355 2777 3466
13
3041 3360 3760 742 1 3659 1576 3443 4587 4671 3491 541 1214
17
2287 1 1 1173 384 1 1 1 662 1 1 4536 3079 2061 1 810 3179
8
1019 1321 1502 2759 203 4632 1 42
15
4378 1 996 3080 1 3009 1 1 1 1 1075 3936 1166 1 1099
13
2917 1 1 3587 2287 390 3805 1 346 2763 3379 709 1
18
1 1 663 896 4630 1 1 1 1 310 1 691 3434 3031 2265 2092 2541 1
12
1 928 1821 3404 1 1 2223 1 1 964 4644 3917
6
1 2979 1 4207 1 1644
12
1082 3899 1480 730 3280 2385 4048 2513 1 1 3292 1
5
1803 3454 424 1 2031
32
3033 547 1 1 2654 4434 1 3730 4176 1 1 1 4521 1 610 2963 4302 1 1694 1 1 1 1138 1876 3679 4495 2922 598 3521 1135 1 466
18
1 1 2654 193 210 1419 1 1 1361 1070 1 2516 2339 3817 4552 4176 3725 1
15
3700 1 1 1 1 814 4438 4731 2325 1046 3928 1469 1 1 2775
15
1 2473 2927 1159 1 1005 2029 3283 580 1 1 1152 444 3052 635
34
2362 3191 1 1648 1364 823 896 1 2215 2668 4046 3050 4322 3116 1545 1017 3855 1 1 1 4537 1 1009 4132 3681 1 1 855 3963 2874 1 1735 3350 1287
32
1 1 303 2778 3237 3632 3445 981 158 3154 4240 1 529 1 1 540 3987 964 996 1681 1 4401 4615 2513 4189 1593 1901 1945 4678 3595 1877 1
35
4193 1902 1966 2693 3227 4586 1 742 3644 3667 1249 2874 4571 4124 1 1 2966 4721 1 2343 1 624 4232 1428 1 1325 3511 1 1 1 1 3417 1 3511 1
9
2310 1 1 1 4200 4664 1 1 1
6
1747 1 4713 3434 3336 2023
7
1 1 1 1554 3371 4464 466
8
1 1 1061 1 3010 4131 2989 1
19
2583 2369 1145 937 1 159 1 1 910 1 885 3996 3376 4679 1 1 1 71 2801
9
1 1 3891 1 1 4386 4156 2182 1887
43
4109 3323 1 1 1856 3789 1 3044 1 2005 1 2720 1 904 930 1 1 3469 1915 45 3819 2302 1 4500 4307 1 1914 1378 1 4331 1 4580 3364 1 1891 1742 417 3216 1 1 1794 3924 1
20
1435 4398 628 810 3920 1 3442 3632 1 2500 4636 1 2142 333 1700 797 420 1 1003 3511
36
2514 2234 950 1 4018 1 1 1390 1 1128 1 1 1 1805 2697 1 1484 3309 1 1 1 1 1 1564 4695 2241 1834 3665 2126 2651 1 1 3087 3686 885 1
17
1573 1 1054 1537 505 1 1 1 1 1620 1 2982 4370 2117 1 3721 3707
21
13 3954 1 1 2174 1 1 525 1338 729 1 4687 1415 3561 3116 1 4428 3955 165 3263 2574
26
425 3584 1 1459 2693 1 1 1 1 4255 1 2504 979 1223 3381 3817 4268 1976 2327 1 1 2432 1338 3997 656 2615
42
1 2738 4075 4187 2192 1 1 2053 1823 2908 1 4514 4000 1138 3887 4516 1 1 3069 1 441 240 4219 1 1 1912 4428 3992 1 1318 1 1228 1 1210 1300 1684 1918 1 1 1 3478 1
6
3532 1 479 2647 1932 1854
8
836 2535 3955 1 722 171 1756 1
18
1 3408 1435 424 332 4477 1 461 1310 4694 2301 1 1 1 2159 1824 1 423
25
846 2142 3603 1724 2227 3687 1 1 1316 1 3017 3124 4478 2955 3879 1 1 2807 1 1289 2245 3129 1 1 3872
42
4329 466 1346 2015 1 3215 71 1 3078 2458 557 1 1 1652 4021 1 2228 103 597 1 4319 1 1 1 961 77 834 1980 2167 1 4244 4672 1273 2738 1 2958 864 3174 232 1 1 2709
35
4688 4201 439 1 447 4120 4599 1875 1 3097 1273 1641 1 2643 2982 1 2036 1375 1 2762 1185 2474 1 709 2448 1 3391 1670 2845 3204 1 1 4368 1 4328
16
765 1 2968 2137 1 1 1 1 1 841 1394 1 3426 1 1 1
12
3224 1877 541 481 2672 831 4176 335 4055 1789 1510 3979
14
1 953 3754 3888 1 2698 3718 3659 145 3359 235 478 795 4318
7
1 1535 3909 936 1 2948 1044
21
358 2729 2746 3860 2535 3229 250 1 1 1676 1 1188 465 1058 2765 1 1 1064 2789 1137 4141
9
4391 876 1 3648 1 3997 679 1989 1176
20
1 1139 550 1 4132 1305 1 1235 3719 1 2670 1030 3406 3029 616 1 2536 2594 1 24
25
3516 1 1 1091 1 4578 1 1 1 3584 4687 1 1223 3298 4197 1 1 2525 1668 1 3926 343 1 1 3066
38
1 3309 1 1211 4744 660 4449 2927 3228 671 3161 3027 1 1 1 1178 2392 1407 1 1 1 1 1 3780 1 1 1087 1 1 1 1 1 2110 2216 3451 1 3600 1
28
2014 1023 1496 2432 1 1153 1 1 1 3038 3095 1 431 4525 2768 1596 1149 3567 4157 3606 2990 2137 1845 4662 1 824 707 2588
46
2365 1617 1 1 99 129 738 1781 2290 34 1 3294 1403 1 2797 1873 1610 1060 1 1 4733 1 3271 3660 3274 2980 1 4288 3922 1391 1 2014 1 4444 3367 3961 1 1 2818 1 1 2370 4525 3458 2488 552
6
2565 1 1 3885 3305 1725
13
1303 1 100 2134 1 4007 3051 1471 1 3607 4341 702 3262
11
632 1 4028 2832 1 2737 3062 3509 2580 1 1
37
1 4046 1216 2418 1 3823 1865 2608 349 2645 952 1 6 3606 1125 3548 3823 2887 1 1 582 2882 1 2354 1 3035 1 2036 1 939 1 430 2214 3621 3502 859 1
21
1 3763 1 1328 1 1 439 1 1 2017 1520 4034 1 2319 374 1900 2861 1 2369 4624 1
9
2148 2256 2527 3192 3082 4413 1 4672 832
21
3249 2747 4207 3067 4055 2828 2177 1692 1304 3984 1 1 2455 3495 2638 2031 776 4727 1 1758 1
39
1 461 4666 2722 2371 1 2699 1 2645 1 2516 1204 238 1 4395 899 402 3267 2142 4109 1486 959 1 4522 81 3627 1 229 3962 4350 1 1 3677 1755 1 1 1 1 1
19
1 4094 2854 1 833 2116 3319 2714 1175 1761 1 1 1 1124 1337 2273 351 691 678
9
3698 527 1 987 1387 2310 3144 1222 1249
3
1 3358 194
19
1 1 2391 1 1 570 1 3019 469 4195 1 1926 1190 3728 3691 664 1 2958 1318
42
2860 2679 4212 1101 1 481 1568 1040 4554 918 3481 4055 36 3335 860 1337 1 3990 973 42 2488 1 3887 3433 900 4525 277 11 816 1 2685 1 1961 1238 1 1330 1431 3472 2510 3891 1388 483
32
1 1 1142 3592 4405 1047 1 1 2749 2091 1182 1 3991 2166 685 1 2873 4272 195 3101 1260 845 820 3860 1595 2598 3491 1 2151 2716 1870 1
43
1 3527 4549 1 1664 4397 2176 4583 697 4310 3234 4425 2453 3144 3594 1370 1 1 598 659 981 2691 1 3975 1 1377 715 1 1007 833 3131 4052 1980 1 1 4466 1 1 2376 2530 3994 156 213
9
1219 1 499 2564 1 1 4323 1 459
45
1698 79 4074 827 3661 3793 4446 2328 3847 774 3091 2042 2459 3026 124 2289 2566 1 1321 3563 1 1 1 2892 1740 2505 3989 1 1652 1 1 1038 1 3601 1165 709 2465 964 3169 1794 2401 1 1 1 1782
8
1 883 4021 3675 3643 2646 1248 889
1
1
47
4585 1 1 4449 2041 3158 2409 3039 4330 3619 2937 3150 3472 4358 1 1 2725 2421 4311 1414 1 2010 1304 1 1 1551 3771 2081 1433 1 1 3849 1983 1 3274 591 212 1 2901 4588 1154 2692 973 1 1344 194 4013
18
1 1531 3349 825 2130 1431 1208 1 1 1 1 1028 1 397 1 4433 4514 180
33
3192 1 966 1 1 4595 601 1 1792 4395 4686 293 1211 1214 1 443 1 2547 1820 3194 1906 397 3805 4146 4024 4261 2759 661 1 1 3643 3325 1
24
1939 914 604 1191 2641 1 2390 1 3942 1893 2110 1881 103 403 1 210 225 1334 4706 3566 1 3159 1767 1953
30
1 473 1 1 513 3085 3105 4080 211 3815 3355 1 2266 3517 3367 3861 3112 210 1 1 1 4062 206 977 3183 220 1 1 2328 1795
2
908 1
5
1 1305 1 1 1
36
2541 2983 1139 1363 634 4379 1643 3868 3245 2672 1 491 1 2079 1 906 1314 1756 983 1944 1 1 3969 2039 4277 1652 4638 445 4517 3134 1 1064 2809 4122 3378 2847
30
2287 1742 1 1 741 46 1 93 91 178 116 1819 1 3753 1 2131 1 3911 1 4220 1 4025 1222 1 1 1 1 3660 444 2557
27
1 1 1632 1 438 1565 1 1 4076 4239 4628 930 1688 4652 3874 1 3965 4693 363 1647 1835 384 1 2418 747 1 4685
42
3814 4740 4562 798 2895 3202 1 2831 4076 3556 3763 1 2932 1813 4569 1 1 1 10 2755 1 4089 3079 3354 1 1 4348 1 941 3531 1 1838 1 1 3944 1 3206 1 1 1384 142 346
33
2897 1 3245 2943 1 1507 2670 3982 1 1 2547 1 3485 668 325 304 4499 616 1 994 4056 3691 4594 1898 3539 2544 1 1 1 1 9 2692 2593
35
485 1 1 522 3165 2372 1 4206 1 2506 2893 2399 4673 2867 1560 1699 3174 1063 3276 4704 2099 1 2415 2048 1 3703 4100 1949 321 3338 1124 3553 247 3408 1081
23
1 3450 1 3701 26 1 1 3376 3748 2544 1 4061 519 2035 2079 1947 1226 1 1 397 1693 688 1149
2
2337 1182
30
1 2651 598 3454 218 2815 3490 3098 604 1 3404 3918 1246 4330 1179 1 1 1675 10 1 663 1 296 1 3142 636 3113 1232 4550 315
3
295 4525 4545
1
1
40
1 1 385 4191 1 4107 808 44 1 362 1 4635 3582 2975 1 4190 2717 206 335 1 2091 1280 350 2946 1808 710 3962 1358 1 1635 1 1 4609 1 2146 2292 1 1 1 98
42
2996 176 2983 3502 1676 1849 3379 1 4570 1 1 3173 1 397 1864 1 1 1144 1 1475 614 1 234 373 289 4243 1660 2710 1875 4122 2154 1 1958 4664 4519 1 4713 1 304 1 3275 1
4
2830 1361 3439 783
42
1421 1 4233 1 1669 2920 2521 3115 1 1781 4018 3834 1 1 1 1 3969 3071 2294 1733 1 2330 568 1 1968 1 3664 1 1447 1218 1 1307 1 1 310 303 855 1 2958 2875 3095 1
12
3058 1014 1841 711 1521 1350 813 1 2740 2618 1919 3210
31
1 1 2602 183 1 1 1 1 3851 1 4004 1721 1610 826 1 139 1 3136 4465 2179 4736 734 2439 1093 3226 3082 2061 1389 1 1642 165
44
1265 1372 1 2397 4306 4125 2212 208 1 4276 2777 3854 3428 1 1 3755 1371 1 2137 1099 1 810 2351 1 1 2982 1 1 3036 3432 1 3966 2446 4587 1 3717 1413 3190 425 3909 1886 1551 4230 1
38
2834 2346 767 1 4318 1 1 4109 3297 3793 1915 1929 2383 1 2450 1 2488 1 1 2904 974 1 1 1 2456 1 504 1 609 1 2671 1 4443 3294 266 2353 571 1055
26
1 1 515 1 108 872 2412 2320 217 1 906 1 1 1 1940 1 301 223 1532 3267 2067 918 3321 3122 849 2919
42
1 2599 1 643 1 3830 1925 2596 1 3507 2593 758 3801 1 4653 4649 4122 1173 766 4080 1 720 1 4322 2431 2548 1201 987 1 397 741 2297 1 294 166 1 229 1 1 1 1171 2281
18
3267 3933 91 1434 1308 256 1 2383 1547 1324 2020 1 2030 1280 1294 4191 2975 506
38
1939 3696 3337 4585 989 3212 4445 1395 585 478 1 891 2659 1 837 1 200 3330 3418 454 1542 3780 2123 1 4118 2304 3380 539 3525 2208 1 4576 1 191 3766 1 1750 3987
10
3673 4550 3763 4657 4311 3174 3037 476 1 4629
20
1 2711 4608 1 3584 214 3152 4058 1401 1741 1 519 1117 2044 1 1 4186 1372 1 2775
44
1 3853 805 1 834 1 3879 1 809 343 1 1 174 1790 1 415 2296 4435 802 1 1 1 595 3829 1050 4537 414 1 3863 2489 1 3719 4611 3750 1 1 1 3294 1 1 1428 1193 1 4616
43
4545 1285 1271 1 3496 1 408 1006 4500 829 2565 996 1 2349 2333 3459 3557 2271 4490 1827 1 3109 1 3304 3918 3206 3952 1 1 1117 1 1633 4572 3483 1 4621 1 1859 1977 3456 1 2511 1
45
725 2525 3418 1861 1806 3368 4262 1 1 2813 1 1 1 4000 1 2693 4135 1 2451 1 1824 2697 4498 4481 1 2928 655 1577 2693 2034 1392 150 78 3212 647 1 3911 1249 1 2531 3156 1 3844 2000 1753
6
1 438 1160 4203 2740 235
39
2038 1 1 4111 3373 4168 2564 3886 334 153 2052 2575 2788 2137 1 2057 1 590 103 4057 3781 3385 2337 1 1579 1526 2091 1 2684 2785 2644 171 1 2603 1 741 270 3529 1531
16
3109 1683 2613 1 3348 780 1 1 1 4463 1743 790 4084 1 1327 1
37
1 2978 1 1 1381 2658 1 2107 1 1 386 2636 2455 1508 1 1 4689 3919 1 3405 2059 1 1 1 3530 1 3318 4096 3403 393 1679 4434 1 577 2889 1 2737
40
3821 2803 1 953 1 1 3553 1 1814 3079 1760 1 2265 1 3048 461 3828 1 2077 1 2496 1 1 2135 1788 804 2031 1 1 1641 993 2615 2805 289 1606 1 1349 1 4332 4143
23
2387 4545 3945 1713 1 4456 73 2962 1 3127 4507 1853 2394 3001 1 1 3801 1 979 3902 1 1750 460
9
2345 3208 259 4701 2963 1928 3800 487 1
32
2862 681 315 2696 1 2027 2941 4318 1 625 3102 1080 577 1 4684 1636 1 4442 1855 2527 427 3624 1960 1 2963 1337 3626 4515 2118 1810 3064 1
31
4174 1 1 1 3514 1 1 4551 1 1 3076 3226 3840 1 2452 620 4427 1 447 4213 566 801 4419 1 1354 4220 1 3651 2858 1 4497
42
4176 1 1 4405 1656 1306 1 555 704 1298 3399 1477 4293 3877 2414 2174 2827 2034 1719 2437 1 1 534 3461 2494 1251 3634 2419 2832 2914 1 4156 3157 607 2763 942 1667 1 1264 1 1 2342
18
2202 1 1 1787 2102 3912 1 1188 4610 659 1 1 3735 4719 1 3038 1 1
30
802 2721 2735 2332 2333 1 1 1 1597 1268 863 2559 302 2676 1 3966 1 3653 526 1 2189 9 2933 3893 2746 1 4612 1694 1 3141
17
4547 2123 1 1894 1077 980 1 4737 1 2052 3556 1 1 1 1 1 1
30
1081 2889 1800 3039 1 1 2248 962 3988 920 3738 2399 1 4516 1 3179 4095 3331 1283 3 4322 2355 4028 3288 2260 1 1816 1355 2347 1
9
4613 3472 2392 2096 2062 3217 589 4565 1
13
480 1925 1442 4105 4031 3767 2845 2131 1 3195 1 25 1
5
804 1 1 1 4333
23
1 3143 1 2290 2340 708 3946 1 1 1355 4665 3005 1200 53 735 2168 2463 1011 1804 3234 944 2370 3593
7
2726 2536 3617 4162 1 2506 1
29
4663 1 3433 3854 1748 1 1 1 4502 978 3593 2515 4203 3804 1 191 4642 1 3464 2687 2887 4211 458 3337 3023 3311 2465 607 3784
40
2669 4132 1 823 3588 3258 4358 956 1 2723 4466 2988 1 1822 1 2936 3582 1 256 1396 4043 1 3662 3039 2617 616 2931 1 4737 1 4297 813 2069 1397 2945 1 4515 1 2440 4367
38
1 2640 1446 3456 4206 1 1 1 656 440 1717 655 895 675 1 4046 1067 4473 4583 4210 1678 688 2528 1041 2631 1511 1 24 1130 3901 1310 3280 2577 4516 1 1334 4687 3731
15
2213 1496 4229 4550 1 1 3267 2383 1 3924 1 1791 363 3324 959
6
612 2373 683 1547 3472 4364
22
1735 2967 1819 1 1173 2422 2129 1 1 1140 4239 623 4059 3500 4385 1 359 1198 1835 1 2273 1
38
1 3002 949 1397 1 1 2365 662 1 3462 1 1 3923 1 1 1586 4155 4505 2409 1258 1 4437 1 739 2014 1 4720 1 3561 3777 2459 1413 83 4038 1 1156 2018 4353
27
2532 2839 4726 4144 3692 1 4508 1705 1 2645 2489 1 3732 2495 3394 284 1356 602 1339 1 359 1717 1 123 4060 1918 1
28
1 1843 1 1 1 1 852 2445 629 2480 1 1 2283 104 3490 873 1870 1737 1108 1149 2761 4125 2063 1816 2284 880 2519 1354
15
1 3013 1 1 2701 1155 1742 1030 3576 849 3898 375 4048 3405 148
40
1233 1 1998 3457 1760 1 1044 3618 1108 2866 2291 4321 588 1464 1 1096 4469 787 3368 1205 3545 409 1 1858 1 1871 3451 2768 4188 2745 1847 1708 3030 729 1 1659 1 1 3533 1
4
2579 49 3562 3091
42
1 1 1 1946 2555 1073 1790 1162 1 3414 1 1 2620 2576 1 1 2837 2803 1 1 1 2282 1564 4468 830 4369 3146 1 1 2605 1514 1 1 1 3228 4335 1 91 2752 3963 2945 2631
39
3253 3034 2405 658 533 1890 1 1 2624 3972 1 2125 885 2010 3218 2867 2781 1 3448 4000 1414 2992 4179 2683 1 1 1016 155 1581 3438 1 3962 2338 1055 1235 2459 1078 53 3003
31
90 1062 538 1333 3265 757 3521 4717 2092 446 915 471 1459 1055 1 1 752 2513 1786 1 4411 1059 1 387 1 3598 1 2624 1 4268 161
22
3101 1 78 1 1 1 2556 2057 1 1874 1542 1 1 1174 3579 4642 2774 1 1371 672 2890 1
27
3953 1888 3406 3263 3863 1 971 1365 4450 919 4499 3250 1 1 2813 148 1 1181 1 3909 1 2687 1584 798 42 3165 1
15
1 2165 2837 3457 3046 917 1783 1887 4481 2064 499 995 1038 2390 1
4
2766 3437 1 2225
5
1 1367 3062 3756 4356
11
107 1 1 1720 1724 1 4737 698 3868 3693 772
1
2591
10
1599 4177 2939 1 1055 1 3727 1 4107 32
17
1340 1595 3379 2606 512 262 1486 1 4738 1704 909 1322 2419 4633 49 1 4739
24
3370 164 3718 2295 1 1 98 1311 1 1202 529 4227 3826 2060 1601 213 2922 4444 2595 3508 2098 1 1 2076
41
719 736 3372 1015 1485 1 1 1 1 4291 1 1 1 1 2065 4558 4426 4719 4719 726 4654 1 1 364 4744 955 1 520 1668 2117 1 3956 1 2575 166 969 2929 928 2355 1 3386
34
4017 2152 1 3899 3869 1 2808 1220 365 729 141 992 1589 1 3109 1 1 1602 4068 4215 3648 4022 1 1469 1 1484 1 1860 4387 1841 2449 1 2709 1
39
2786 3451 4120 4327 1 4506 2111 18 3840 1666 2319 1 1 1 1 1 4330 1 1 1 3307 1741 188 2697 2237 3513 1099 4420 1732 3501 1 3352 703 2083 4014 1 927 1 3884
24
3561 1 1 1 1220 1 3713 1 2676 1987 3947 2850 1 269 1 4211 4086 802 4675 2437 1 3329 4727 4324
6
3751 1 662 2407 1 4257
20
2062 1378 1 1 2081 1912 1 31 1986 173 4395 2648 1541 4464 1 1766 1 2482 4078 4014
46
1179 276 1 4684 1618 1 1 4481 1 3475 1956 1 827 4058 1 646 1 650 2366 1 2508 4364 1 1 1 1241 1 1 1 432 1 1 1998 1 1 669 1 1 1822 1218 2631 2483 2913 1 1810 1
44
1 1504 1 1 1417 2885 1 3523 4655 1 1 1 491 1 3209 3543 4287 1 1047 4717 1 1606 3733 2976 1 3074 11 3107 1 4167 3790 2615 702 2463 332 1653 2728 1723 1079 2793 29 1 1 169
22
4335 1 2978 3252 4391 3505 1534 1 1 3310 1630 3171 1 1979 1 1 1 1 4717 3941 969 1317
32
1 1 737 1467 1618 2811 1 2714 1028 1409 585 3415 1370 2270 1 929 1 1 1 526 623 3313 2733 2756 1468 4646 3781 3353 1221 1 527 1
44
2547 2877 3252 4325 2488 4202 4029 2676 2742 2108 773 4716 1121 4362 2899 1 4694 4401 1 4667 1 2548 2217 300 2272 1 4175 1761 3715 3765 783 4 2801 3926 3635 2993 660 993 897 527 3327 1 2786 742
25
4506 1 1 936 1988 4353 833 3933 1 4338 1 1676 1293 4487 1 699 1 1 1 4331 1096 1 3 623 2600
16
70 4020 3893 1 1193 1 62 1133 1 3257 1 2666 2077 726 1 1481
13
2941 124 1 1 1916 3793 1 1 3416 1 2727 261 3123
10
1502 2994 3448 2604 1 379 257 272 3453 1
40
2634 2031 578 1425 1317 2642 1 2712 1 4551 753 1575 3490 3181 662 1 1625 1 4410 1 1319 244 1 2977 3329 1 1 1251 79 984 1 1 1004 1 478 3834 1 2094 1913 2001
6
227 1 3266 1 4218 1
21
964 1 4401 3230 1555 1 122 3600 2292 2348 1 267 1 3153 1615 1968 496 631 1379 1077 3636
6
1 1 304 3107 4535 2317
45
414 1 453 1 1 3284 3978 1 2763 1 4486 1078 3183 3241 698 3824 907 580 3830 1 557 1 84 1 128 1 1673 3319 519 1 1215 4514 2103 1 2973 1222 1 2945 1 4067 2076 4289 1 3856 2112
21
767 1459 283 1249 4406 2318 865 1015 1084 3964 1 2490 4674 3866 155 2466 1 3438 1 1437 1853
4
2717 4099 3813 4019
20
1056 1863 2546 1385 2489 3251 467 329 1879 3531 772 1 1219 2195 655 1 3963 2692 1 4091
8
35 3273 1886 1 1 1863 1 3288
42
2791 4087 1 58 1 68 708 1511 3588 4150 1 831 4544 1542 3998 4668 1239 3628 2192 2585 265 1054 779 2865 930 2437 1 1 1 4415 4036 2338 3224 1 2344 2433 2490 3208 1 1 1033 2077
46
1 1 2715 1 1 2596 3552 3407 1 1 4104 4252 3986 1714 3070 2173 1 2657 1640 1 483 1 1 117 2105 2852 159 2142 3348 658 1 2221 4403 1031 1622 1 2242 1 1791 355 1 2796 814 3757 3674 1
12
1 1 1 1 1 1 1 1 3560 3651 1 1
17
4061 4128 4036 1 3288 1 840 1 2574 1 1666 2032 3182 1299 1390 1782 1
24
1 1 3398 1157 2870 1878 3923 3273 1 1868 3425 1 2188 2157 3727 1060 3428 1664 1 1602 1 413 1 1
7
1 47 1806 354 1 1850 1744
43
1 1 1 994 1498 1977 1 3742 4712 1 2593 1 2198 1 912 1 1 1 1 1 2964 4146 1596 2089 3927 1 538 4676 1 1334 1 164 1169 1 99 74 1052 3439 2240 1 1698 1 1328
14
857 3745 1 1 1744 3902 1 2783 1 3299 1934 3249 658 3611
22
1611 1 3929 1 3293 3687 36 4467 1 198 318 1311 302 4682 3155 192 3011 3937 3675 4135 1 24
23
1 4407 1 1456 1 1 668 1 1943 1386 1509 1969 405 1488 1 3084 2918 2161 1 2667 1790 1275 2026
33
1 1 1 1 3267 3923 1 2523 2766 460 1 3486 1 1 666 4033 2373 1 4364 1 1 4511 3930 1 4620 208 3927 2546 2334 3127 1046 4702 3543
14
601 3860 1323 1 1 4740 1 4531 1 1 692 4635 5 715
20
2075 1 3306 3088 1 1940 750 4709 928 2178 439 1 3202 1591 1451 1108 1900 544 1750 1
43
1589 20 1 1 232 1 2552 4559 4490 4738 3490 3725 1 2552 1272 1840 1 3034 4660 3626 1963 1 1 495 1 1728 1 2498 4515 391 1 3529 3718 1412 3391 1 1 1 1 173 608 1 46
34
2001 1 728 1450 715 2988 4096 440 1 4330 3138 1270 313 1 2843 4043 121 2765 925 4612 173 865 1 3479 1157 2936 2766 3804 68 2506 3194 447 1 3791
26
3655 2480 1 2771 360 1 2798 1067 3617 4511 1531 1255 2749 1383 1053 1 1 3908 2509 3748 1 1169 2010 1357 1260 1500
37
2754 1422 1 1 1035 1 2005 4423 4051 1 1 3138 1067 1 1 488 1131 607 1 3699 1960 1 1 2780 3850 2657 2728 1 316 3049 736 1 1 2822 3213 2399 1508
22
1 4237 1 1 1 1028 1974 4400 4558 3988 3516 1939 4362 3107 100 1 1163 4347 1 1173 1 1
6
1 1085 3208 4010 1 3971
23
3638 3279 1 1 550 1914 2610 1 318 1 1163 2745 1701 3132 3765 1 1764 110 1 3012 4486 2314 3590
4
1 1 169 3630
17
3425 3426 3036 2167 1588 3549 454 1 1621 1 3465 1810 4583 80 1578 3834 784
22
1260 4491 1 2302 1 1512 617 2273 1 1 4326 2196 2042 2931 1 2061 1 1671 1265 4657 409 912
42
626 179 1 1 1 4565 1 88 1 2698 2117 1 1039 3937 1283 2621 1 4464 1 3969 1 3266 781 4050 1611 3254 3130 4696 1 1508 3727 3818 1 1 637 2243 1 1095 1555 3060 2398 1
12
1722 2824 3524 2027 1 4342 1 2857 3620 3492 2551 817
26
1 1477 3194 1 1 3615 1 1 3183 3275 377 1 1 4383 1323 1 2438 1192 2045 1 4577 4411 1 3400 1980 2050
3
735 3826 1
25
3475 2747 4132 4236 2739 1918 2493 2522 1 1 541 1 1 2937 3031 1 1 1 1 454 4691 1886 3581 1 3021
29
1003 2423 764 492 2473 2470 2064 2034 4116 1 1458 2760 2375 197 322 4044 1 1067 1161 1 3609 557 1024 4202 1 1266 4538 4335 3885
2
4207 661
4
4567 1473 476 4613
6
1 1243 1905 4185 340 2320
11
1 1069 2590 1 1503 1920 1 2401 3920 1 1
29
2936 3498 1 1 1 1 934 4374 2822 1 4472 1 1 1 2625 4522 1 3717 4342 1 2022 3014 1771 3959 1 523 516 3495 1
26
2430 3586 4640 1842 3893 903 2423 1819 1 4217 4632 1 2119 1 1780 1441 1407 2334 4577 2676 2017 1 2373 4697 1496 3349
15
4281 2770 2251 3288 1469 1 4713 1 3 1038 517 3394 308 1609 186
28
1 588 1 4144 1 4727 3929 290 2057 1429 985 1 4652 1 1 1825 1 1139 3028 1 4499 4196 4686 4070 2394 1 2537 1917
34
1 2619 1 1 1 1 1 3955 1101 3979 1838 1 3367 2566 849 1 3776 432 2381 442 3993 1 3381 2507 2480 2388 2593 4346 4180 767 1 263 1855 703
13
1 57 1546 3694 658 1 3256 1 598 630 1 1 3361
19
1 1 2249 1 1 3697 801 599 3073 1 4383 2339 2695 3907 3680 2758 666 2364 1
30
3915 1 2739 1 1 3511 1614 1 2676 238 1 4673 2653 1 4265 3366 1 3585 1427 961 1 1 1 4631 1 3924 2108 1417 1860 461
12
1267 1837 3274 1 383 55 1 1 3119 2375 1 228
33
2428 3870 1847 1 2829 1 2850 1 421 1 1436 4215 2159 1 4 1 1846 201 2356 2669 1840 2687 3097 1 2569 1 1529 1 1 4085 2607 1174 1
18
2739 3136 2079 3303 1 1 1326 2110 3906 4168 1 1 1 2658 1 1 1712 1
27
2753 3850 1 2834 1 299 2466 4339 1 1628 1 1 1 1 1 4351 1 417 1 3625 1 2543 1 1 1 1001 1
33
1 3712 3048 1 3156 4560 1035 4517 1681 4152 891 398 4378 4044 210 2996 4320 4519 1 4204 1219 1 4149 3863 1225 1656 2247 2599 1342 1 1 464 238
16
1 600 1317 1386 1 1 1 3823 3079 4485 4658 238 2773 1 1 252
6
3039 3202 2462 1 4337 3711
43
850 1244 3338 1478 2245 1 3359 839 1 4090 808 2204 2939 4609 4734 1906 1 3240 1 1 4219 2667 3019 3510 1112 3616 4358 4379 2095 1781 4153 1 1717 1 3195 1 1 2566 1 2668 1620 3111 2236
45
1 441 1 3839 1 1604 2953 3210 2660 878 1 1 1266 1 2773 1156 1838 1089 603 2076 2125 391 1 830 1 1 1354 3233 4349 1 1 1 187 1 1 4304 3830 401 3176 948 379 1 74 1791 381
32
1 1286 2753 4470 2118 539 1514 31 1 2240 1639 1786 763 1 3899 1742 1835 1617 2081 3010 1211 3828 1473 1 1 742 2199 2448 3486 3027 1387 2606
20
1663 1 1 1 729 1223 3275 4585 1 1 3922 2873 1 1 809 2873 1652 1 1 164
21
3574 1979 1 2042 1 2655 1742 1 4066 2940 1340 4309 646 3636 4514 3543 1 3404 1 2679 1756
33
938 4483 3480 3450 4289 3140 4387 93 1 714 1 4136 1 2196 1 2504 1825 1 2629 1 1 816 153 1 4406 835 3628 4614 2126 894 1 885 517
22
586 752 1 3200 1 776 3395 1 4727 1 1 2544 4655 1 1 262 1758 2121 3920 1648 1 275
24
3900 3131 443 1 2577 3092 1 4738 4438 1122 1 1 2881 1 1639 1 3212 1 1753 2091 2405 422 4611 1
28
1 871 1578 163 1 1 1496 3880 4040 1 4505 1 2040 4432 1 1 3500 4104 515 3271 1 2406 3724 2018 1 1529 3855 1
26
3214 3136 2512 1 1 1 4062 1 19 1 1839 1 447 2812 2510 2564 1 1 1 4686 1 3830 363 923 1 3753
16
1582 1308 3530 3071 2017 4436 1984 1 3833 2506 2837 1 1934 1 1211 4367
34
927 1192 3865 1 1 29 953 1482 729 238 1 1 546 3811 2050 2458 91 2985 4652 1 2695 1 1 3236 2670 1977 1 1 774 1 1466 682 1 2952
6
1 1505 3299 3556 3268 575
36
1 1 2295 1977 1 3137 1 1820 1 475 4692 74 2959 3245 3300 3027 1 1628 1 1 1 2903 3639 1 1 1 2326 2713 1498 4729 1330 4057 1 1 1981 1
16
1 3258 1227 1 1691 3915 1134 4148 4062 1114 576 44 1 3122 1994 4553
6
1 1 2110 439 1 1
25
3635 1198 3272 594 726 680 1299 3569 1962 1607 3986 3560 2981 1 634 3442 1065 1710 1664 344 3415 3676 3325 1 2008
42
1 1 3080 1 36 537 348 895 1721 2467 1 2667 1 1 2053 1293 2001 1798 3313 2175 249 2533 2768 160 1 1 1 4090 3631 1 3030 1 2082 1 1 1 383 1 89 332 4025 4225
42
1 1 3849 419 3028 3729 1 330 1 3745 1 4378 2107 2183 2891 1 1 1287 3769 4688 4223 871 2926 1223 2544 972 1 4026 1 152 3175 938 1 1 3558 3780 3896 3081 732 1 4151 4395
5
1 3601 3092 2818 1578
4
1 1265 3508 156
17
1 2748 1 1824 551 1 3603 1307 1 3146 2000 1 1385 3670 1645 1139 1
21
1743 1 223 3709 3524 2822 3606 1311 3827 1 255 352 1437 1 557 3381 1143 1393 1 692 1
24
1 2629 1859 1185 1 1 225 3462 1 57 3517 2137 2697 3013 4530 2793 1999 1 4360 1 975 4313 1367 64
22
120 3799 506 2953 1827 1 2101 2672 1530 4204 1249 4320 2575 3161 1 766 1 1 3377 1911 3100 3689
2
1613 3813
14
223 1 1 195 702 146 1240 3471 403 1 4744 1 3933 180
14
1 3082 1255 1114 1 4363 1 2037 1994 4695 1 1 1212 2784
42
4454 3479 1453 2013 4387 4097 1 1 2183 1059 225 3485 3753 1 1 1 4143 3023 3572 4434 1 3324 3930 820 1 4731 4099 4109 3243 4396 3340 3319 1 652 4069 3179 1 1 1062 3926 2056 82
23
1631 3312 3788 4726 2938 3959 435 1294 169 1964 1 425 1515 1 3339 2933 1660 1609 1 957 1 906 4093
43
1703 1 2283 3679 712 132 2968 3948 1500 4426 1441 3156 2264 3840 1 1 1 318 1 1 3625 1 3170 1 3209 2121 1 277 921 3516 1 4657 1 4414 3851 4747 1 4201 1 1979 1 4187 1
40
58 1299 1561 624 1340 972 4329 3417 1 1 3057 2013 2982 2034 501 3476 464 1272 875 3329 4562 885 831 1334 3723 1401 553 2068 4405 1920 1 2903 305 1 1 1 983 1 1 620
20
2020 1841 3976 1 2176 4062 2659 569 1169 106 22 1392 290 453 1264 143 1 1 1 4425
32
1180 1233 130 1 1 1527 1 3469 3348 1 2464 797 1 1567 1569 1 2983 1877 1479 1 1 2591 1732 2234 3633 1 1 2866 1578 479 1 1
44
2651 347 1021 2587 4536 1 1 2174 1 3606 1 1 1 759 506 1 1 304 4033 1 220 4550 3593 2654 2568 1228 3941 1 4480 2414 1418 464 1494 3079 1098 4230 1201 1 3449 3706 2334 4735 188 697
32
1 2953 2438 1 463 1742 1341 3008 3414 1 1640 1 211 1642 1114 3223 3164 4180 3559 1 2742 3269 1 2149 4210 3708 1327 1 1 2853 270 1
35
3036 3384 2854 1 808 1782 2654 1428 2404 337 4716 3640 1 4065 1875 2949 4106 3710 3871 627 1010 1 1 2673 3295 3762 4140 1 1 4312 1819 33 1538 1 3876
8
138 1 2039 1356 3988 1 1198 2254
40
1323 2892 1 1 1548 1 3303 3002 1 1 1 1 1 3482 3452 1767 1 609 2463 1 2025 2127 3666 69 4253 1 3551 81 4706 1 4310 1 3551 4300 1 1 2189 968 2295 3534
5
1 1 1 4135 1321
43
214 3947 4419 4660 1226 3541 1 4149 1 1 1416 1189 1 233 1 741 1 1 881 1 425 401 4410 2310 178 213 1264 1 1665 4181 582 2485 2303 2684 1 170 1 3927 2559 1 2198 1771 312
13
1 1 4529 402 3192 1703 1 1 439 1818 1 2866 1
18
1 471 1505 3284 1 2010 2246 2731 4271 178 1 1421 1 1086 1 37 1 1
36
2015 2187 577 3315 1 2508 1 1 1 1 593 1 1782 3655 4218 2464 3557 1 2747 2370 2819 944 4428 3992 3927 859 1 3225 3987 1 4562 1 2467 198 1 1480
44
1 2006 1 3463 1 1 3899 1 4347 727 1 2442 1 1 4016 4439 1 3045 1793 4485 1 4019 4185 4685 1192 1200 1 3477 3619 1302 1 1649 1 482 1 1739 1 235 793 821 1 4409 1 1
43
3524 431 3578 4274 1 2298 1 1 1 1 1872 1 1146 4063 138 1 2847 3059 753 1 3291 3130 1 2626 1 1483 1422 4094 1583 1 1768 2822 1 1 787 1638 3259 690 4235 4155 694 580 1999
34
1 3485 4732 3004 1436 3210 4552 319 1 2012 4202 1 901 1 1 2208 742 261 1 1 2282 1 198 1 1 1747 1 2272 1908 1 2648 1 1 1
38
1390 3918 3753 2441 2105 2824 1868 1 601 3877 735 813 2951 2889 639 2958 2047 1 3013 1 1715 3145 1671 2992 552 1 1843 3534 2890 3557 482 438 3524 1021 1 4346 2693 3921
27
2165 2787 1 1382 2488 3530 1 2084 1 1 1 3152 3982 2556 476 1654 1 4367 836 1531 1 2366 2252 3182 3941 1477 1
15
2090 2126 1 602 1 3175 759 1 1113 3887 2360 1 2411 3346 2794
16
1 3813 2395 4061 738 1818 4743 3919 4174 286 3828 1 1166 1737 3358 222
12
1475 1 3706 85 1247 380 1 3734 1811 3556 4260 3919
42
4642 967 4367 1590 1 2970 3579 1 3733 3115 1 1 1 3961 4246 4347 1 1696 2114 3794 1662 1463 622 1 4484 1 1438 1 2765 3753 1313 1285 3547 3817 1 613 2320 741 1 1 1 4275
25
1 3118 2725 1 1 2317 1 3113 3470 1536 1543 1 2276 4637 1 2734 1 1 1367 3546 1 1 3973 466 1
40
3029 1 1075 683 4348 1442 1 4235 1353 266 1 1837 235 3846 4009 3862 1 1 1515 4427 1 851 1107 1 2319 1 1471 3453 1 4633 1 4584 901 3777 3754 1 4206 2703 3975 1
22
1 82 1 1237 3860 1 1 1201 308 4549 4214 662 1359 143 3508 2868 2937 3038 4735 2833 1 1588
26
2788 333 1900 750 1 1915 1 1442 4291 1 1 4669 2288 2029 2796 1 2871 1 2556 578 1975 2316 3544 2159 1 3021
40
1 97 1 1828 1819 2810 1 647 1 1 38 1767 211 3961 2757 1492 3642 2171 159 1 1544 1 1 3369 624 1972 1 4085 1 1 2494 2062 1 1 1 1 1 1116 1904 1977
29
1 2932 4342 3852 3162 268 90 1 2922 2687 3160 1895 3710 4064 2099 3010 1 3865 25 1657 1 1 1020 4665 2815 1 2639 3388 3028
23
2567 379 1 424 1 1 1459 4525 1 4279 4112 4358 4403 1 1 814 622 2110 1 1703 1 1462 4597
4
1 3228 1530 22
41
2538 785 4361 3766 2418 1 3289 1490 1880 871 3819 1 858 1 1045 1 747 1 454 2783 1572 2562 2652 1 1883 1142 1967 2190 1 1367 1 467 3411 3268 149 3805 2799 1462 1 2675 4516
8
3923 2646 1 807 266 1 1 3882
22
1 1 3075 3568 3790 1 2751 175 1 1 1 1 4591 1 2530 1295 1 714 1 1 657 2718
23
1 438 2091 2556 1 2646 4607 1 1876 2695 2171 1 1 4177 746 1 4323 1026 200 4469 1682 1895 389
11
2264 945 1824 1 230 26 107 1123 2066 1 1129
26
1 330 3523 1663 423 1 3140 212 661 1203 4426 3167 3198 1 1 2332 3166 2583 820 1 814 1 1 2570 3910 2261
17
2868 3355 4591 2320 2750 1 1832 1 4359 1 4290 1 3175 1 400 1 1213
36
1056 1 1 2973 3393 2973 1040 1 2308 1 2964 1922 613 2400 1 1314 1 1 1 128 1945 3435 1119 4578 4598 2306 2118 1 2911 1121 1 1199 3872 1393 1 3397
40
1 3179 1 4183 1603 1 4736 1 1280 1442 319 279 1 506 3240 1 2964 1 1 1 3664 1534 2442 3780 1 128 1 3283 250 2755 2566 1136 1982 2273 1 4213 1729 2722 3595 584
45
1 1780 3691 996 181 2738 1 3849 673 1951 1957 4036 1553 1 1482 1 2774 2939 4367 1 3300 4226 2656 480 1070 1 1261 863 1 1000 4659 1818 1 4030 3572 2655 1 1 1 3361 1526 4065 4053 2668 4662
4
4573 1 3200 3981
2
34 4596
16
3213 3506 1 3463 1 4727 1 3957 2179 2308 1 341 1696 69 2661 1517
30
1 4515 1 1 2610 1956 2066 2217 4048 4090 1439 3944 1 2164 3440 265 1 855 2663 3728 338 2751 117 572 3505 3853 1 1 1 1
37
1 3452 2744 2996 694 562 1 1375 977 1 1 4558 1469 2429 1 61 2864 4338 479 3273 1 1 1680 953 1 3175 1 3765 3350 1 4608 1192 1 3214 809 1 455
15
2135 2330 669 1 3331 3435 1875 1 4370 4629 2409 442 1 1 1
45
2210 4046 2086 4727 3109 1 9 1 4575 1 1 2244 344 1514 1939 2398 1 1 1 2250 1583 357 1 1 525 1 2859 3129 1 1325 1 1925 1 3093 1 3795 1 2150 1 1 1307 2644 3742 1 3107
5
1 1 288 2754 4023
4
4582 139 4033 1
24
610 1 861 1905 4219 3286 2536 3500 3236 2323 1924 4534 3195 2356 3262 3191 1 1 2202 551 671 2952 4214 911
39
3233 1 4629 4737 2880 1 1 1704 1 4170 4554 1 3676 550 4241 1 3347 3898 1820 1 1 2405 662 2606 805 1 193 1322 3453 1941 1 555 1 4019 1032 3357 776 3244 2562
18
1 3427 393 2368 1 1454 4242 637 1 4303 3560 3156 1 4663 1612 1298 1 905
47
3272 3220 4394 1 3938 1 1 532 2927 1122 1866 1 4665 3359 2164 859 2791 1 74 1268 199 1 3571 1495 1 1539 3424 1 1 675 3374 1932 1 1295 481 1 1 1 4144 4005 1 2701 3364 1 1640 1 2147
43
2640 2606 1613 3037 1292 1 2875 2803 1422 1 1843 889 1 1 3648 3908 479 2186 4003 4012 3953 1 1427 138 1 3427 4146 1 1069 1 1 3696 1 3474 3797 1 1035 4711 2872 190 2814 105 1
20
1 962 2013 2425 1 1 49 234 774 84 3830 3053 2627 4501 2174 1102 1861 36 3581 1
7
1 3136 1017 36 3339 1 3392
23
1 2938 3400 3302 984 1 3237 4678 1310 2525 1 607 1 16 2149 875 811 1 2734 4351 1481 3163 1
44
1 1513 3347 1 1 2320 1 2888 3481 3052 1 1 1 3888 1 1 1 2903 575 1 2458 4385 2065 1 1 3369 1 1 1842 1 654 3539 3848 1462 2622 1 2679 3908 3467 2981 1 1382 2399 1
45
1 1 1086 2421 1 2841 1 4357 1 1 27 1 1 1469 2239 4453 1 874 1122 3818 1 1194 4712 3261 1 1 1 1 1 2918 820 1959 4252 2555 3566 1 3166 1 3954 308 2099 3682 1 1984 2673
29
3493 859 4469 4633 4697 1 1 1 285 436 3308 2838 1 2420 3207 554 231 1470 4731 4675 2494 787 1122 4367 2677 563 1 3861 1
2
4581 3072
39
1924 1358 1 1 3516 3664 1163 926 778 1 140 1 2791 3535 1 3555 896 2211 3638 4186 1 4114 3825 698 3967 3463 4100 3061 3988 1361 2049 1 4710 399 1 3076 2568 4417 174
1
1581
32
3128 845 1772 2917 2454 371 231 1 1 95 203 1 1 1 1 2348 2704 2975 718 4678 991 3549 2821 4038 4385 1 2046 4088 4681 1 1 2435
38
1 499 1342 2426 1 1903 378 1423 4500 1437 2791 4609 1660 1348 1 589 66 173 2198 2677 1126 1 3367 3083 1 3047 4630 1 1 4537 389 2671 3654 1 323 2841 3996 2581
9
916 2534 1103 2757 2054 2190 1 4176 1
40
1771 1545 1 982 3443 1907 1 2673 1066 2431 1274 2147 1 1930 2448 2556 2809 3752 1 2887 3177 2200 9 4397 4093 3219 1132 562 1 1 1743 3127 614 1 1745 1293 1214 1 1058 1
4
1 80 3401 2222
5
1130 3945 1 1 1231
29
2523 2981 776 1954 1380 3899 2637 1 2838 4623 1 4719 1 1797 3201 2704 1 1 21 3855 691 2804 4425 2058 2552 1 4324 1170 2301
27
754 991 1156 1 4136 1726 1 1 1 331 1 4724 1468 1120 2608 1 1994 1 2213 3208 4391 1 4545 1 1 893 205
11
1 1 1224 2346 3333 1 97 1 1 3716 4552
6
3640 1 200 1 1 3455
7
47 1775 1582 4741 546 816 1
39
1816 1 1 121 1 4167 1489 1500 362 3014 2032 804 2211 1 2630 316 1 34 4042 1 1 544 1203 2913 4682 185 1 556 3795 4229 1 1 1 1 3377 4175 878 1 1644
3
1578 1 116
14
1 1499 1 1146 2972 3903 1 3671 3535 1 4069 2676 3608 1
42
3187 4490 4697 3796 1 3567 1 1920 3612 4209 1 175 1 1 1 681 1 1 1514 3193 1 1380 4141 1660 1 3858 2046 724 4241 1 1970 1325 59 2098 1 2392 1 1733 2323 2022 1 999
46
1722 1727 1295 1 4055 3178 1 1 1 1 705 809 1 1 2829 2143 2522 1485 4411 2187 3911 1 2436 2898 1 2943 324 180 464 3758 1 1 2463 1 4598 725 569 3055 1 1 4401 1 1 1637 857 1
20
3092 3892 2287 1 1 619 3729 958 1218 2029 3267 1 1 939 927 2788 1 1 2831 1
27
1 2768 1 2980 2424 1 3100 2951 4432 2026 2349 3448 2377 4552 3930 1969 4124 1644 384 1 1 2117 1 1503 2070 1 1
34
1 1 3761 2232 1530 2727 2233 2072 4652 1 1022 3998 1 1 2483 1 4348 4456 1 4443 3789 1 2465 1194 3895 117 3028 816 4333 3129 1 1 649 4033
18
1 1832 3016 1308 3927 1 1234 1 845 2373 1035 3591 836 1880 3548 2288 2287 3559
37
119 1285 3688 2469 4013 2002 323 1 2992 480 3503 1 2265 3616 4463 1 2879 1070 1041 1 1 1853 4379 1082 3868 1 1 1 1851 1 1501 1401 1 1079 889 1 1724
11
1 1964 2297 3247 1761 1 1297 20 1 1704 3629
8
2774 4416 4134 597 2376 4421 1 4110
7
3555 1 841 2595 1 2708 793
44
364 1286 4130 2207 537 62 2147 52 419 1 279 2746 3981 1 2718 1 2723 273 1 932 1800 146 1 3002 1 1 3053 3245 538 1 1963 1 1 1 1 2952 3225 1 2924 1 1887 2472 1 1
33
286 162 2851 2150 1 1004 2460 1 1 1174 1 2936 1085 1 1 2441 3997 1126 4518 1694 224 2240 1791 562 1 3969 1 1 1 927 4662 3242 851
42
621 2958 1 1099 138 872 2743 1908 394 153 1 2752 4552 2633 1 1 4406 1329 3353 2345 565 1 704 402 2282 1 444 783 1555 3592 550 3315 1 4429 4510 1 124 3263 705 1552 4218 1818
4
2600 3652 3382 1
9
3841 400 3734 430 117 2160 1008 1 1
13
1 4012 1 1669 106 3638 4395 1 3671 3227 1 1 1
16
4415 2868 2152 474 4536 1662 936 2418 4051 1 1279 581 1709 2818 3656 1
7
2665 2701 259 3700 1 1 1
24
2506 1 4357 3288 488 1831 1 2347 1733 809 1 1 3110 1 2110 940 2397 722 295 2952 250 1 1662 662
7
1470 4114 1 775 668 3090 3715
38
574 3902 11 1279 1 255 678 4264 4574 1769 271 3013 162 1782 9 1558 369 1079 2446 1 1 337 3998 1403 3289 3504 106 1 251 2116 722 471 1 1469 3535 806 1 857
13
4447 1 1 417 1673 3548 2428 1 1718 1 3865 1683 2393
5
976 1 1 392 540
13
3837 17 4630 3885 1 1 1191 3073 3184 1294 3881 2162 1735
27
3211 1 58 2560 1934 4020 1 1 3506 1 4543 4741 1 3504 1 3342 2714 375 3771 718 2818 1520 1 3988 1908 1 1
16
3310 3989 1 1 1 4457 1 2070 343 2223 3992 3523 2120 1516 1 1749
8
3178 1983 934 557 1 2145 1 1082
40
2805 534 4474 4532 3915 1 1294 1535 1 855 1137 1457 279 2275 2907 1 3354 1 4073 1 1027 3785 3594 2242 1 3506 1 585 2041 2075 3491 1 4383 60 1 1 2796 3890 3628 4347
40
3106 1 2532 1 1615 1 3422 1654 2988 2553 4633 299 1 4009 3728 1449 1240 2476 1580 1483 2418 1 3426 542 1990 3917 2470 1 1037 516 1 1732 1444 331 3995 3287 1 1 2567 4472
26
1 1 3567 1 497 2964 1 1345 4601 1300 348 1047 3162 3734 1 427 106 2649 4151 1 348 1989 1377 2804 2583 2526
22
3572 1 3083 1507 4318 4170 4066 583 1 3528 4659 2654 4523 3268 3850 709 2987 233 1 1 597 1
11
1 2208 1505 3387 1392 1 1 1 2097 4099 1
9
1 4243 1 3300 3083 2691 221 2638 1
10
2977 1 550 1238 672 1 3632 2808 661 3381
15
2097 112 1 1 2153 3382 1 1 1736 3227 1 3279 2040 4378 1622
46
3719 2977 1 1 571 1 4205 997 907 493 3422 1274 1 2022 1137 1 4471 1 1 1582 4667 151 1613 1389 882 2701 3793 4135 1 4206 1 1 1 2540 1 4178 4004 329 357 457 3227 422 4201 522 846 2077
14
3878 3859 1 801 3986 1725 1 3552 120 4465 93 2359 4698 1
3
1 3578 2183
47
1992 2045 780 4425 872 1540 713 3896 686 1 1 2755 3204 2407 702 3639 1 1 1774 741 1711 1077 977 1 3921 1 1 1880 3201 3489 2361 4036 386 4648 1321 58 2550 2895 3547 71 3824 1 4120 4221 1 3915 2412
43
2798 862 2245 1 1494 864 2017 2531 1 1 3900 92 4500 1 347 26 1 794 1 4489 3906 3413 4661 2980 1 3663 1 1 4249 2306 1 433 2847 1165 1544 3258 3700 1505 1 1 1 2736 1
35
1 2528 2779 3989 1 776 1639 3402 1 1 1 1037 3636 1731 1 3026 812 3840 547 1 617 1089 2728 1 1 4677 1412 1 4645 544 3709 1 1 804 1
43
3549 4024 1 533 3713 1203 1 1 1695 1 3040 4044 1 3615 2451 1 615 4496 1 1 1 557 983 3982 2902 1 1 1446 4035 1975 2814 431 2673 2326 2649 4024 1 83 1 1 1357 2379 3022
13
4498 3539 1833 1 1 1 4375 2545 2267 1003 2850 405 3865
22
1 1 3871 1 3783 2159 627 1 3513 1320 1 1 1428 1 1942 2381 1 475 2515 171 352 727
10
2741 233 1 4718 235 2895 2055 254 3431 3925
16
1296 96 383 3794 1054 1290 2934 1 1 1 1124 508 1 1 614 2371
3
4655 3325 4608
3
2562 1 1
11
3225 1 4149 1 199 4249 4234 1 4365 4397 4585
21
1 671 2449 4585 3451 1381 2265 1 498 1 2743 1 3638 1228 274 4088 2438 564 1 1 1
31
1 1144 1 1 206 3345 2450 1 1 1063 1 2834 1 2976 1378 1016 1566 916 1811 4272 1454 3428 4090 3066 1766 548 1 1 1496 3460 2903
12
1910 2645 3326 1 1992 1 1 1 1618 1047 1 1514
6
2296 1 579 4548 745 1
32
1 1360 1492 4399 1 3435 230 1 4130 1479 3429 3000 1 4462 3208 1 1343 1343 320 3047 1 1850 3355 1 1 2600 2153 1500 828 2598 1841 3019
26
4362 1970 1385 1 1 1 1918 1179 1574 2105 2648 1 3094 1 2257 2720 4663 1 821 4048 1 3440 1 4529 1020 2885
33
3207 2917 805 1 4147 1926 1 4537 2155 1 1 4256 3870 2921 3224 3020 1691 1568 2616 1 1 3172 1979 4124 4112 1824 788 1109 1 548 1 1459 1
31
1 1 1 2692 4683 4299 4646 3333 3974 2402 1588 1 4250 1 2886 3575 157 1 2923 1 3507 1 1 4699 1 3457 1 1 3459 1 3879
14
4035 4457 1587 4571 1 3692 264 1 2203 3294 1 4426 2215 2620
33
1 1248 391 1 354 1 1774 1 2063 753 732 3186 4158 1 3687 4199 1075 1 3416 1 1 3667 1 3833 1 1 4317 1483 2813 1 1018 1 1
31
1 414 561 3799 3684 4557 1 2572 1 315 4570 861 4143 773 1414 2483 1503 470 3197 228 4587 3585 4059 2444 607 1 1136 4192 2007 1 4668
2
1 3855
2
816 2489
3
1327 1946 1963
10
1 1 1307 1268 1 3803 109 3661 1 184
19
2672 1 1 1 1 1541 307 836 1 721 2833 1449 2243 1 3647 1216 4152 451 878
11
1 4679 1 312 3195 2406 2174 3796 2860 1 1
30
2612 4394 4319 1 470 1 1 2816 1 3423 1771 4320 2153 3750 566 2270 1 1 4627 2258 1554 295 1 1 148 3332 4618 3827 2058 1067
5
3336 2964 1 1 22
26
2361 2436 1 302 2728 1 3977 1 59 1351 1 1 3461 2232 3424 4638 3249 3279 1917 1060 4653 4311 1560 51 4379 4292
7
436 3963 2495 1 4 3588 3899
42
172 1212 3564 1028 1 1994 1 2632 1 1826 3201 1 1943 4569 2606 1 4539 2482 1 1172 2028 3949 4332 1999 4728 1507 3204 4162 489 4299 4169 3311 2441 10 4553 1 3975 3410 912 4373 4114 1
46
928 842 2148 1 2498 1 2813 789 255 2849 913 246 915 1 2650 4588 618 811 1 556 2828 791 1 4515 1 9 1346 3385 1019 1 4162 2128 1897 238 404 1 1207 1 1 2302 1388 2274 1 4621 2305 2131
19
1699 4359 1617 1 2579 1056 1 3393 237 1 1010 2178 176 1 2771 3886 16 1799 1
24
1 4724 1 1 336 2263 2736 4687 1 1 3350 742 1 4499 3623 2593 1966 807 110 1 774 1 2083 1
21
4618 4263 2418 3936 1967 414 1 3215 4617 1 2901 4438 3480 1943 1 4728 1 1 1 343 2380
43
525 463 1876 3507 3888 2671 2764 3131 4437 1 3723 3577 2274 310 1 640 1 1 2089 249 2351 2417 1112 1 1 3675 4198 4519 3042 1 2963 276 1 2931 1 1 1 1 592 1 1 1 1394
45
4436 1640 1107 1175 1 4581 611 1540 1433 502 4110 1298 2924 1 1581 4486 2590 4356 1 600 1051 1220 885 1 1530 3281 4620 1 2206 1 2265 2124 4195 1244 2143 4531 1 2296 3390 358 4306 693 3098 2227 4191
22
1708 1346 1 1 2661 1 1 843 4606 3015 2171 1 2444 1 3608 4410 2643 4571 3714 3708 2663 2362
16
645 1 525 681 2449 1944 620 727 4234 2529 3306 1 4394 1 1 1
17
3840 1367 2542 1079 621 324 1112 1 179 1 3892 1 1 10 363 4445 475
38
3016 3539 1 1 2476 366 1 2543 3941 3692 4474 3440 456 1 1 1 1 3145 4714 4255 3950 1 4669 695 3831 2546 1 1769 2921 1913 3766 1 2513 1 1 2361 187 3502
37
1 718 3586 3196 1 1 2736 4737 1522 4411 1 524 1944 4145 1 3024 2734 1 710 1 1 2606 4300 2218 2503 1 1464 240 1476 2237 3519 1 1 3077 1 4039 3140
40
2692 1531 1877 394 4504 3144 1210 281 1 1 4677 1 4293 1 1201 2972 338 351 1 371 478 596 3735 1 1 3222 1959 1 1 44 1033 83 2399 1025 1 439 4538 411 1910 1
34
1 1 1062 1 206 2163 4229 1 1999 720 3574 2813 4601 3958 164 1485 4664 682 678 4296 1 3733 126 125 62 1 287 1 4431 4552 1 1 1804 3087
8
1 2356 4167 1 1 1155 3693 1262
44
1401 1 3503 4681 2866 1 3848 1281 1 3701 2049 1 3388 4288 1 1 2794 3956 2617 3924 509 1569 659 1331 798 1 329 1 1498 2028 4306 1225 2806 970 1 1040 3812 1 2898 4105 3121 1 1572 2048
20
1 2284 1 1 1 1659 4052 4073 1 4438 1 3718 2248 1 4096 1 1 767 1 1
27
650 673 4400 4527 1904 1 1535 1 565 1 1 3034 2004 1 3679 4288 1 1 4614 4584 1014 4500 1371 3573 4390 590 435
15
1 1 2124 1966 173 2564 1 3704 2027 1 1 841 2077 3426 2660
47
2538 4411 4687 4370 1 1 545 1 2128 1695 2154 2424 1459 1109 2562 3490 1225 197 764 2436 1 568 3814 2480 1 1 996 4078 1 2701 1 2525 2037 745 4357 3905 1 1 1 2034 1 1668 4520 3962 3624 1928 800
28
1 2679 1664 4422 1 1 1 1012 1 1243 2663 1263 1 1785 3606 285 3172 2211 1 1867 1 819 1 2231 4720 1 596 2492
16
1718 1 2164 3818 386 1522 653 1 1621 1 2952 863 1 1902 870 3533
25
2573 2167 1933 1 1136 1372 1 999 1452 1 192 1 1 4186 1876 1359 1 449 3139 1 1 1 1505 596 1
30
4170 1 1 1 1 1 1 4508 1 3718 3396 1640 4267 209 403 4317 1 5 4377 2403 3454 1483 1 1416 25 1 589 475 1579 24
12
1 615 1440 373 4372 4516 1096 3821 1 1992 1181 1905
37
2012 1450 30 3445 645 717 2001 1 3735 2709 1 4553 1919 1289 1 791 3114 4143 1 4608 1910 410 1984 2964 3829 1 1 1 2590 1 1 1 707 1817 92 1 1
14
3865 1568 2538 1750 1 3134 1 3420 1244 2343 405 3921 2244 1222
5
4591 1 1856 1091 3314
14
1 3198 1544 23 3755 144 4146 4609 2355 3327 1 1815 1 2757
19
2790 1541 2791 1 1 1108 564 3238 2569 4424 901 4578 1 2308 4254 1 3669 3135 652
5
4686 1 3940 1 2889
45
1 1 1 2750 4686 3962 1 1 2035 1 1020 899 1 4506 4107 2985 342 1 855 4742 4479 207 1 3921 1717 2664 1 226 34 1 4332 2361 1431 2223 4428 519 1426 1 1 335 2075 1 1813 1571 1
47
1 669 1 1522 4371 1111 2605 1 2455 3895 1 736 1399 1510 1 1181 2146 1 1 1 3561 2639 1062 1 1061 1369 1153 1 828 2865 1540 1 776 1579 4514 3612 4409 4373 3198 1308 3610 1639 2221 4383 1 1 1427
15
4391 1291 3743 704 3204 4135 1 115 1 1433 4640 1761 4745 953 569
9
1 1 1 195 1 1 1 2695 1155
35
1 1 639 1 4700 1 1 1 2690 1 2915 717 3868 1 3103 1 3695 3745 199 1 251 1 4303 1614 4495 601 2325 1 706 1 1 2514 1 1 4319
28
4569 2822 1 1157 987 4052 1 1 1 1060 1 2530 3449 3489 1 3025 2712 2605 4526 1 3129 1854 2919 1 4163 1 2898 2925
31
1666 1647 293 4695 7 798 1 4337 856 3321 2129 1133 1 1 4263 3857 113 606 347 1 41 1562 854 2924 2630 868 1 919 1 1489 2822
19
375 2081 3518 1 2674 2872 4536 3372 3722 1994 1505 2093 2584 1220 2331 1 2430 1 4320
20
4434 2823 1 1 1 1671 1 1408 3129 1 689 3425 1 3948 1 3431 2538 1 674 1
47
1 2858 1 990 633 3703 1 2763 1179 3045 4554 185 1313 1 3855 1 1490 1221 1900 1 1900 1 1 1 2153 1242 3969 711 139 1438 1 46 2668 1 3105 1 2813 524 1276 1 1194 268 1994 578 1 1006 2453
46
373 1 2862 2172 2135 1084 1135 1943 1 4459 1946 1 1433 2524 1768 3913 2960 1961 554 1634 1432 2743 2951 2009 2078 1471 1 2981 1 1463 1 1 1 2875 1 4357 2107 1 1 1 1 3271 181 1 4449 680
21
114 4422 1 4106 954 1 2673 1 587 4052 2997 4365 1 1643 1123 3136 900 2374 1596 161 4746
6
1 1214 3921 825 3935 416
26
859 2907 398 1 1 1 1832 2760 1 4130 4709 901 1 1 2114 1 1 4582 3205 1 2780 4590 3870 1323 1 1
13
2703 31 1 1 1 1 4203 818 1095 4544 1 1074 611
42
1 1 535 1 1267 4142 1 929 1 1 368 1 1 833 2117 3805 2001 2680 1 2351 866 1 1 3389 1406 3469 1 1532 2445 769 1 316 3321 1 1 1137 2366 3481 4473 1242 369 2532
34
1 2975 2087 535 1 2303 2219 1 1 1 1 1 1893 917 3269 2384 3092 1335 840 1601 698 4180 681 3196 2868 1 1744 1 3938 2931 1 2114 3366 2935
10
4535 3083 1 1812 1888 457 1 1 3964 3458
36
3358 1992 2074 3800 2256 2236 4520 1 432 1 1 4463 2937 898 2694 3225 2071 1656 3267 1845 4333 1 141 2570 117 1 3323 4289 4736 753 752 1 1 4406 1 2998
15
1 3164 2002 3954 1 568 983 396 273 4361 1574 3206 4281 27 1491
42
311 1 1534 3354 745 1 1 1 3886 1694 1 3663 1 1 1 3265 2092 1 1 216 1 676 3176 1 1356 1 2525 1 3471 274 1 1 1 1 1 2091 396 1 2058 766 4082 729
9
478 3573 268 1 917 2473 2876 3920 4569
20
1 4744 1 2939 1738 2316 4145 1 2578 1 1 3737 4433 2272 3849 4567 1 1 206 1
2
1269 1
34
1253 1 115 2480 1 571 1 1 1 4450 3758 496 4038 1420 1 2030 3478 1 1 136 1508 1 2195 1835 3755 1 1074 1 287 506 1657 3340 4269 3978
37
1554 1 4051 4082 4462 3369 1 4142 1 1236 4640 2616 4298 1 1 4045 512 1 2978 1617 1664 1013 1252 1 1982 3582 1359 3930 1 661 1 2047 2496 1 1 1 1275
2
1 3350
13
1191 1 2503 3457 2772 1 3705 1 4745 3996 1601 3336 3794
22
1 2873 2194 4740 4240 3081 29 1 1037 478 1008 1367 2270 3898 148 1 4743 1 1 1813 2077 2808
17
1 3263 103 3691 1 482 844 689 815 4578 1 4165 1 1 4076 3644 258
24
360 2257 1 3800 46 1 1 1899 887 3415 2630 1 1 1 1873 648 1 803 4294 1 1231 1 4029 1
6
1708 2427 3236 1 1 1977
46
1650 1048 1794 4124 2373 305 1 4659 1 1469 2135 2684 1 1 1 4035 1 1188 3117 1201 1170 1844 720 1 1 4298 2229 1969 2462 1527 2434 1 1 1473 405 4264 3807 1651 556 4629 3907 497 1 1 4174 3302
23
1 142 1829 1830 1 3190 1 348 290 1 302 3202 1 1 2952 2025 4036 1 1 2689 1700 4054 1168
17
1 2191 4137 4009 3522 1 1 3460 1 3236 1 2701 3602 1 4627 3915 967
8
356 1034 1733 1 3994 1880 1 1
7
3475 4707 3852 2447 4435 4697 2601
27
3000 2777 2698 1 4374 2469 4488 2305 581 1116 3989 2797 2989 2551 1 1721 4467 1 1 3990 1 83 1005 1158 2525 4123 3386
44
3815 4359 1 1871 1043 697 1 142 3867 2139 298 1 1932 1 819 1 1 37 1 2953 596 1 4695 1 1 376 1288 4134 2834 4358 2586 1 1 1 362 1 3295 1 855 4497 4642 1058 1 4029
16
1080 1 3123 3633 1239 4128 1 1620 1 2560 2052 1 2051 24 3544 1
29
652 3412 2027 3876 1 1 3819 387 1253 3426 91 1738 507 1 4141 1871 1048 2682 2966 556 4010 1 1 4455 3578 1 1057 1 1
1
1
38
1842 2620 772 1586 1 3247 1 1937 1 1 4064 1 1338 3522 3457 1448 2988 327 2347 2527 1 2958 2328 4461 544 3650 766 1 1637 3654 1 897 1 464 1 2304 1 1
8
3130 833 3434 2326 211 300 775 4274
18
3537 4582 4639 4432 1 1 1 1868 3459 1 3195 1 1 3279 1 874 1 4438
21
1563 445 4512 1 3239 1103 4014 2556 4125 1 1032 1 2404 1 1 3487 1454 1 1 1050 805
32
2259 3151 1293 1 4123 1 1 1 1489 3148 466 1 1 2362 4624 2157 3868 2418 1092 646 3420 4539 1 4376 2915 3119 4736 2134 1447 4066 1330 1
19
3316 1 3696 3956 455 3024 3552 2153 2562 1 1 3823 461 1065 3485 1 2006 31 4085
26
1 4391 1966 1 1649 1814 1586 1 3416 1 1 1271 1 1 4030 1 3788 2480 3653 3810 2700 4208 3831 1 1 1
39
3630 3885 1 298 1 2660 4040 1224 1 535 866 2317 1 3995 4615 3599 1 2324 2871 1 1622 3311 1 3497 3380 265 1 4741 4465 1859 1 1 887 1 2909 4378 1 326 2356
27
989 4474 1718 1 1 2377 4648 1 1413 3282 2768 2241 3308 1 231 2641 1753 3522 1 1 50 4633 4331 1 1 1 2890
12
1450 4207 1021 2151 2419 1 1 1 1 1863 3398 3209
31
3241 1979 1 273 1 3231 1932 1 3180 1 1886 1 4123 4350 963 591 4317 1 3320 1 3079 2219 1 1 454 1684 3766 733 600 1 1
30
1 4042 4454 1 1 707 1529 220 4114 1 3302 2438 3449 2231 4171 1279 4490 1 605 125 1886 154 4492 4295 2098 3005 213 1 3096 1
20
2642 1 1 1259 1758 1 1 4521 1 2478 4076 911 4734 1 3375 4076 3059 1923 1 4249
23
1 1226 1 2996 4083 1 1 1 2015 2685 3040 3032 3317 2580 1 2597 1 2340 2869 2049 1722 2110 1
1
2945
32
360 4224 1 1946 1 1075 1 725 4642 3049 1 1048 3419 2230 2364 4207 1 3554 3917 3487 1 244 2693 3710 4190 4530 1663 2910 1 3899 1027 215
18
3769 1093 3691 157 1 3638 2183 1 3448 738 1 1594 4600 1 1 1 4055 1
21
1 4728 1 2912 1 1 2725 1 461 3277 4730 1036 1 2769 4016 2914 2032 65 1 756 2404
2
381 1323
7
190 1527 3333 1075 1 1 4491
15
3964 1 1061 1536 1 3436 3520 1 1 1 1910 704 1270 1779 1
15
3135 966 1496 702 1 2893 3662 2438 173 1574 2925 505 6 1463 1
42
2237 1 681 4293 1 3029 790 3647 3545 1 279 1291 401 1426 2884 212 4106 1405 1373 176 1 3086 1 3329 4086 1041 635 2139 1 1 1179 3878 2264 205 1115 394 1025 4625 2904 549 887 1859
45
3998 2354 2778 1 613 728 1804 4450 2197 2837 1 1272 1119 2124 625 1 3269 4505 1 4510 2419 3803 1 1288 2029 1 1 1 334 3402 1 3020 1 1764 3597 1785 4203 373 1786 1 665 1314 424 1 1281
2
1 4363
23
4581 1 1860 1 1 1 1241 1 1 4703 1511 3472 1 1269 1 1 3105 388 3503 1 2108 1320 353
14
457 89 1 1 1826 2637 3833 1 835 1177 1803 1 2880 1
45
1897 1 1330 2658 4631 4133 4104 1 1997 479 336 2100 1183 1 2383 4166 3777 1 1 108 2619 888 929 3807 3165 663 2885 2049 1785 4006 1 3328 4596 283 2603 982 4629 1 3315 1 2862 115 1670 2507 1
12
3974 3272 4666 4179 1 4655 1 2938 4720 572 1 1
20
1 2043 2340 2986 510 4516 1566 873 3349 2904 2113 4726 3243 1 1 3869 2270 1 1 1901
44
3858 1 1 3342 1369 1 1 1 2949 89 1819 1 1 1 998 1 1 1 4327 3370 2042 2429 1 1 2914 860 1 2596 4310 1 233 668 1472 1 1 4187 2611 1 1713 1 4301 4239 1 4649
40
3904 439 1515 3174 1243 1372 3293 94 1 4313 863 575 1 32 1591 3046 1 4637 1 215 4729 716 1529 3315 4087 4243 4140 1 1759 2612 1 1 1 3334 1 4498 15 2255 3462 17
14
4259 2722 1397 1 2917 1869 736 913 1 1162 1 1 209 1
33
1 249 4521 256 1 437 1 1 2615 2644 1 4530 1359 1 2909 1 3929 1 1 3409 517 1 801 4369 1 1 1885 3454 2486 1 1936 1972 966
3
3116 921 1
29
2642 245 1 4527 1 1 1976 1 898 1 1 1 1601 2760 4499 1679 665 1 2866 1609 981 1 1 2576 3574 832 1141 618 1
20
4435 2215 3887 4177 4444 1 4473 4041 3901 139 2859 2695 1374 4442 809 1 3735 18 3326 1421
25
3764 106 1 1 2554 2478 4444 1602 3438 3566 2689 377 1 1 4671 3533 4517 1861 1 1 1 1528 1565 3391 1167
26
1 1650 2300 1 2264 3867 3942 2692 1 4137 629 3960 964 4281 948 2121 2522 1 1 408 1 1 1 1 4282 3290
44
1 3780 1 1 4188 1920 651 2015 4589 1 234 1282 253 1800 2870 1739 2645 4724 280 1 1 371 1 737 720 2822 2324 3218 3683 1498 1 1 1 1 2311 1075 301 3480 1271 429 3380 1 47 972
43
4657 3173 286 4220 1 4260 1902 1229 815 4616 822 1103 1 1 2658 1663 3143 1 1 631 3080 1817 2225 1 3438 1 4564 3211 1362 1 1 4026 3044 1 4312 1459 2044 319 1573 4377 4415 4150 4443
46
1 275 1 3983 4086 1565 3047 1 2950 890 1468 1 1 761 4002 1 518 4644 2752 2522 2615 2000 1 3673 1075 1 3860 1342 1461 3462 2546 2843 1 543 4059 1 1 2468 4387 2540 3026 1 4615 1 1 1672
23
1955 2751 4431 4005 1261 4407 3280 1548 4104 21 28 1 2003 1 1 4014 3241 1 1 553 3606 119 1
6
1132 1342 1 20 1 875
10
2416 1574 1856 1274 3155 1393 4225 1 1 4573
3
1 77 3537
41
1 1 1 428 16 1161 967 2624 1 3886 4197 1546 1619 850 1 1 4529 4712 2868 448 1 3494 1 1 2655 2666 863 2878 1 1656 4664 1 1 1 484 768 1 2334 513 1621 1
13
3110 472 2649 1 3743 3199 1374 3049 3773 2214 392 3193 4428
38
1 1 1590 1 1 4189 1175 4317 2054 358 1884 966 3853 1 4560 359 1019 171 571 2110 2891 1 2231 1375 1 1 1 223 1574 1 1388 1116 1 1 4186 3728 996 1648
4
463 1 679 1
30
1 1 4708 1 1 1992 3991 3165 1200 4244 79 750 1 588 94 2436 1282 4191 4259 4506 1081 2311 1 1 1 1 1 129 311 1477
18
1353 2145 3207 1144 2774 1 4232 25 1 2541 3210 1851 328 1 3552 4095 1 1
41
374 2532 1873 1780 1961 1 4161 1 1 1 3731 739 1 582 2314 3398 2411 2423 3118 1 3264 1 1577 4479 456 810 4661 4089 2072 953 1 4513 2972 1 1272 3491 1285 1 2308 3926 3685
23
3598 1 3236 1864 4370 1 4066 1 3168 3780 408 303 3106 1 1 2580 1 456 1 1659 3413 1726 1074
18
4241 1682 2291 2380 1 1 454 1609 1 453 3971 571 1 4301 1 3885 1 2393
14
1 3766 1 4614 4404 1723 316 1 3393 1 879 1 1 1
6
1 1 1 1 2674 3879
26
1216 1673 3380 3849 900 490 1 1 1935 2148 3106 1396 1 1281 1 1 1 1182 1097 407 4638 1 2607 827 1800 1
21
1 4204 4421 1 1 296 1867 3251 885 1668 1 1 2625 2824 1 3743 3564 3454 2910 1 1419
22
726 1 3268 1982 1819 1 1657 3108 1090 760 1 1 4309 1 1 3352 3801 4043 1 4438 2498 1596
26
1 2243 1932 4718 3792 332 4325 1443 2783 4426 1 1076 3878 1 1 1 3331 1 3241 1285 1 354 1 3988 1 664
3
1739 1 569
35
2727 1069 3729 1824 1 4136 2166 1 3727 4483 1 208 4326 2015 2968 3393 1 2257 4533 668 2071 3852 1987 1 868 1793 1 1 4400 1 3420 1008 803 3889 1
36
1 1 4039 3555 3949 4238 1 3931 3330 1 1940 1839 1289 1 23 3113 1078 1 1 1 4480 2479 3052 4398 1 4653 1 2197 4288 1 2626 1323 1 1 1 2547
19
278 3822 2317 1751 243 899 949 1527 4421 2428 2042 1 2526 1 1 2134 2660 1 1544
47
1786 2121 1 2740 3516 4651 752 1 1254 3822 2282 3 1 465 1 248 1 1 3650 179 1 1182 1 2257 3241 2309 2587 2458 1 1 3548 2394 464 3601 3840 1 1 1079 490 4179 4295 4505 1121 1 1 4684 4581
20
298 1 1889 3264 1 3771 1 1 4095 2158 2377 4627 4020 4025 1 1 1845 1 1 1
39
331 1524 1972 1665 1 858 1 2420 1 2418 2692 4743 1 4353 288 1 1 1 4269 1210 1 1444 1894 1130 1 3895 2222 640 312 462 1106 1 1 4593 3260 1821 563 558 1
21
1 2600 4525 3473 1682 1804 2263 2753 2530 3971 1 2756 470 880 2908 3817 1 4442 1 871 1765
24
1469 4635 800 1 3415 4491 76 1 993 2069 1444 4484 4218 4031 4297 3885 2414 1493 2514 2760 798 1 1 1313
44
823 1 3545 1 2688 878 1 1 1 3778 1 2447 1 3322 1 3225 1403 2336 2126 3716 1 1779 1 3475 1562 1 2346 1 1563 4220 1 1411 1047 2300 2433 2866 1 4244 3242 1 1 4410 911 2499
28
1 1431 1 1 1083 3461 1 1 1 2092 4025 1 1 1 1 1 3388 2616 2200 4256 1858 514 1 2220 1 2053 3899 1983
23
1908 1 1643 386 1 4700 3123 1083 1189 2500 4113 1 1 268 2829 442 513 1734 977 4656 986 595 536
5
3912 1 1 1835 626
46
4523 57 2938 2674 1 1672 1 1 1647 2543 1822 65 1370 1 114 1 3007 4481 126 1 3498 363 4707 2447 394 3586 3424 2504 579 347 2126 209 1964 1 4536 4568 1449 2309 2667 3013 2067 156 2942 2976 4728 3840
21
4048 2574 770 3406 1 1 1 2214 3107 838 1 2780 1996 2577 273 3368 1684 3190 1 4439 1234
22
369 2235 1578 4724 1 4196 1 1 902 4187 1 1105 1372 1396 3815 1 2992 1 1371 1237 4111 2056
45
1 2215 242 2371 1 4434 1 323 840 929 1 1193 4174 2440 2198 3613 666 1 3396 1 1955 765 2258 2432 1 360 1 1 3883 1 1625 3590 2849 1 1727 1 213 1 1 1 1 3953 4177 3697 1
17
3729 3115 1 3726 1 1297 496 813 437 1 3467 2602 2908 761 1 998 1490
13
1 4281 1 2241 2870 1 627 3758 3617 1876 2838 3629 3307
1
1
3
3517 391 4584
45
2077 1 3364 334 343 4570 1113 551 3761 1 1 1 1105 4250 1480 4088 4689 1 1 4258 2464 4092 4212 2203 4383 1175 1724 3424 1194 4051 288 3299 3348 974 4671 1 4194 1 388 1 1 1775 2117 1868 818
45
3294 1604 1 1 412 1271 1 3271 2151 1 1445 1389 1 1 98 2979 1 1 1 763 3221 3162 3797 3 695 3002 3608 2624 1111 2711 1 4228 406 4430 2446 1 2477 1 3381 1 1948 1096 4627 1033 3577
19
2211 3494 4719 934 2095 4353 1 1 4682 1 3434 1 544 2716 2535 429 1 1 3572
27
3107 3372 4485 1 1 1 2143 1295 893 1422 229 2482 1 3663 110 3934 3917 4217 4671 1093 1 720 1497 997 4455 1883 432
47
1 1265 3200 1 3349 767 3002 789 1 945 502 150 2295 2214 440 2021 2362 1497 1 1 2909 3203 4339 3576 2996 3286 4548 3828 3442 1767 2753 3671 4512 1 2439 1 305 1 3316 1470 2181 314 3071 1 317 3087 1
31
2087 1686 2309 1 1978 4300 402 1 1954 1908 1 705 3806 1 1 446 356 2728 1245 1 134 2537 4155 4688 1181 177 2778 2618 1 1405 1
31
1 2570 1 1 633 3304 2979 3296 498 4145 1 479 2216 923 589 1 3821 1 1 1 1 561 8 4399 1321 3113 1 3640 43 1 2216
8
1 4037 1789 1 1934 3930 1 4204
39
694 802 271 1 3886 3132 2239 84 1 1 223 4311 2301 1326 1014 1 1 3545 1773 3838 3654 4452 829 1293 4716 1 4160 3335 1 1 1741 1 1283 1 55 1406 1 1 3086
11
3054 2808 3668 1461 1 1 2742 329 1 199 1190
27
1 1 2750 540 1 1 3716 1180 703 1 1 1 3317 3362 3863 1 1071 1 1 971 1184 2706 1 1 3506 3711 4744
7
754 2898 2290 2593 897 1 2464
27
1 1 1691 2176 1052 2622 1 2704 1 4118 862 1 1 3454 3576 261 3160 2570 2867 1 2748 1373 1 904 2648 1 1
13
1750 3890 2099 1 3552 3829 3766 1 1455 1749 1 2042 1
11
2116 1 1 3882 4127 814 890 1 2919 1 4629
20
3208 3191 815 4633 1355 549 1529 481 1 1456 896 4131 1 3834 4627 1629 1 3217 1 2986
33
975 809 1 1 2906 463 1624 1 2058 3689 2696 1 126 1708 299 2136 1 1893 1835 1 1 948 1825 1 3937 2178 1 1 727 3293 1 1926 3253
46
2529 1539 1 3097 2216 3307 2597 968 2275 3646 4736 3445 1 2567 1 1 1 2 359 3657 1759 3553 3808 1160 1 1488 1 4042 3939 1 939 1 1259 3618 4219 3819 1 467 1 2207 1 1 1 1 1 1
39
3080 1 3487 1484 3139 2708 2808 3040 3227 1 1254 563 1730 1 1 636 1 75 218 3511 1 1811 1 3463 1644 2401 4033 227 3664 2646 1 4017 1620 4173 1 2633 4035 3089 1987
6
3631 4406 1 1635 3726 3719
22
1882 1 1 2778 3475 1 1 1 1 486 1 3992 3529 126 1 3142 1 4299 2606 3715 2620 3725
15
587 2831 2135 2728 1 250 3629 124 1 2963 1 3971 1940 1 1722
21
2309 1 4134 1931 4210 1 4315 1 3867 1351 4376 1 1 1 1 982 1 3127 3419 1 3184
9
2751 1041 1 4678 2013 4451 649 4247 3400
7
1 3865 1 1 2487 2681 1709
37
1 3972 760 4472 190 2248 599 1 546 923 1 1651 1 2355 2316 402 1 264 491 2666 1 2558 2882 1 864 1997 1 1 3883 1294 4066 1496 950 2964 1375 1 1
23
999 1 1951 1303 2002 1 1526 3215 4115 1 741 1 2116 1 4279 2870 4204 4583 253 1 969 4176 3616
23
1 4453 1 3645 2562 3793 1 1604 3806 1 3948 1879 1572 3072 1 1858 1 541 4197 3510 4125 2934 2158
30
3404 503 2314 628 119 4281 3077 3482 1 1046 1 1 2049 4320 2602 1564 4663 1 1 1 1588 1984 3101 2611 645 1011 1580 1407 4463 1595
43
1 4261 1 348 1 1 1 3575 1 3682 1350 3331 361 4712 1 1 3296 1581 1 3045 76 2359 3961 686 1526 3806 1 566 1669 1 251 1830 547 2746 2779 3881 1 2690 120 922 2625 4149 1997
44
1106 4039 2935 1 1 4108 3990 3252 2245 4415 2304 1 3108 2979 3266 1137 3070 1 4563 1 1 1308 1 693 1 2808 472 572 3550 207 3565 1 1771 2773 2737 3151 4441 1431 1712 3401 2112 331 3371 1
18
1 1 1 1804 4628 466 3610 1 1 4661 2392 1 1 4665 1984 3073 3772 709
28
4700 1 221 1833 1 1 4695 1 2110 4218 61 4663 1536 1 1 1 27 1 2373 1 3157 1 4048 1 39 1 1 1
40
495 1 85 792 2942 1 1133 1 786 728 1452 719 1109 1 509 1 1 3957 1151 3966 2856 1 1047 1 1 1 3162 3098 4048 3893 696 441 2860 1432 4026 2985 1 1 361 2275
12
40 3669 1 11 1966 4260 4636 1 2874 1004 2756 1
32
432 1 1 187 2682 2066 3095 161 25 1 3436 4340 1 3403 545 1 3398 1 1909 85 1834 1 1 165 1 4153 1633 4467 1 4482 2688 1
43
1 1622 3808 1 1321 3501 4200 1721 475 3309 2700 1 2158 1202 1 3435 3705 1 3591 1 580 3688 1 1 1082 442 2693 4483 1 1265 1 1 1 81 3467 1 3111 1 1 200 936 60 1926
43
1220 1 1650 1 4466 3792 1 1725 721 2370 1 4527 1413 2779 1975 1 746 4236 797 1 1 3342 1 3939 1699 2690 2038 994 2518 1183 1228 1 684 1438 1 1623 2829 2449 2725 3582 3201 1 3622
18
1392 1 1 3703 404 1 1396 3135 1998 646 1 3491 2928 2958 1 4428 1314 3486
41
1 4183 3499 1 1523 1 759 1 1 854 4302 2356 1 4584 885 1 1 1288 1 1 3317 1 1 1 894 1 2007 3719 3942 3732 598 845 82 2198 2776 3660 1 673 2047 3502 2968
30
1 4547 1 4425 3952 1 669 1 1 4158 3470 3732 1396 2192 2065 1 2195 2985 3200 4649 3249 1 767 1 1 3352 1 1 1063 3415
15
1 1974 725 3945 325 1 2116 2547 1 1282 1073 1119 2115 4100 1
19
2324 3261 1 1 1450 2914 1 1 649 707 2011 83 55 1841 3891 1 3796 1978 2488
11
3937 3561 3487 1 2319 1059 3838 3554 1 861 418
34
1 1 547 428 3574 1 1 4322 1436 3201 2679 1154 1253 4747 1 2774 1 912 4679 1985 1 4379 739 3202 2794 4521 1295 2053 3354 4415 3929 1 2365 588
20
1 1 314 1 4653 1942 4319 295 4348 3852 1 462 1613 4385 3034 1 57 1 1431 2077
9
4018 4233 2819 3354 1 3051 2907 1 1
46
1522 4126 3660 4137 4174 1 366 1 1 2726 4091 3307 772 3872 3218 2085 1 1199 1 1409 1683 3916 1 1048 810 3958 1638 3142 1028 855 1 1 4030 1398 904 2071 1 1 1051 1 1776 1641 2512 1 1930 1
14
2154 847 1 3373 42 1743 1 1961 1 2322 2531 1 3507 4123
43
1672 3538 4544 1 4632 2557 1169 3268 2867 2533 1 1 249 391 3109 352 1473 3960 1 1225 1472 1 4688 1 413 4004 2926 871 1970 1771 1 2551 1 3595 3437 1 1294 1 3192 1111 1102 285 792
15
2761 1294 1 523 4308 1 1 1 1 1 1 103 229 1 1
46
1 2514 1 4702 371 4454 1 724 4166 4234 1 3260 1402 1622 2058 1759 1 2580 336 454 1 4118 1 1 4721 1466 3456 2335 1 2837 2732 3422 1 1 1229 1 3577 1 1 3332 781 1 1 1 2482 706
16
1 1 1577 4050 4298 1264 2822 658 1 1 1 1 1 4270 1 377
16
3107 1995 1729 2165 1 4365 1 1498 2295 2255 19 656 3566 1953 1 3601
41
1 1 1 3662 3943 800 4715 1 1 3105 1104 2349 1 1 1825 4275 4651 1 1887 1 585 843 2514 3638 786 3342 1 4673 1356 4406 2012 1105 3683 2265 1301 1904 4351 1 2713 4118 2581
34
4288 2383 4639 2570 36 1616 2879 1 2103 3046 1 936 1 1 4101 2033 2692 1806 1 906 1 1866 3323 2473 1686 1 3632 4458 1 1474 1 2438 1 1089
42
1 1 2276 1 3567 2364 14 1 1 2497 4034 3245 3731 1 1 1977 1382 3487 2834 4335 1925 3432 3769 1 4094 2861 1104 1054 2737 1 2502 4547 4098 1 4373 1279 3589 3117 3685 2789 241 1
30
2346 4625 4001 3818 2322 1 2815 1 1865 1 32 1 1384 1 1 4174 2735 1 1826 1 1 2447 1 3054 4223 3349 2753 1 4235 3863
1
730
35
1 1579 1869 887 4248 1 3334 3611 2356 1 3023 1938 2212 3782 1411 3776 1 372 2854 570 4220 4071 1 3056 1 4306 1 442 4366 1 1 2101 1 3867 1171
2
643 1
44
4311 1309 4198 2269 4180 873 1815 1 1 1 1 4446 2188 975 1 4449 3250 464 3694 1 324 1 4385 559 1133 2751 1 626 4571 1837 904 1 1 4295 2644 1 1373 358 631 1 106 4244 1 1292
34
1 4442 2430 1 3024 2797 4165 581 1 983 606 1653 1871 2207 4736 2971 1546 1 1 1 1372 1 263 1 3237 624 1 4023 1 682 47 1 3757 820
32
2388 1147 1 4455 2705 4202 1 1649 12 2285 1 1169 1 1 1 2860 1 1 822 4440 1 678 4630 948 476 645 1361 1 2014 3720 1506 3881
9
1614 4099 1 4402 996 4553 238 1237 1
41
3974 2906 1201 1713 1150 1 1 1 3665 2985 1 3394 1 1973 135 575 3364 2788 240 2523 2787 698 980 3458 1267 925 3969 4535 1921 2597 1345 1 1 1 3586 2791 1 3941 658 1 1
41
3567 2580 754 2778 1 1295 2363 4681 1 1 1 35 1205 1 1 1173 3363 914 1 1807 1962 3694 3480 3341 2932 3539 3136 4069 1140 2349 1441 1225 4342 3802 710 988 1403 1878 3190 2832 1
33
3635 764 1 457 1304 2933 3201 43 662 4196 4493 92 2201 1 3250 2458 4039 1 3084 2217 3937 2816 1 480 3760 1 1126 827 2069 4341 2382 2337 153
19
677 1 1730 572 2592 1 1 275 2721 3843 3851 3080 1 1639 2724 1189 1643 1 1
23
1 1852 2109 1500 1049 4220 4573 2868 1 767 855 1455 3698 2481 2067 2136 3875 3471 1 1613 945 592 259
39
1 1 4633 1 1299 1502 2105 638 1 1 4009 4384 1681 2844 3168 4535 1 1 2428 3868 2431 2228 841 4137 4558 400 3197 3513 1 2209 234 929 4264 547 2108 551 1 1 524
10
2522 973 3882 4735 1 1102 1458 754 2242 2451
11
4305 2365 1 1 1 1 1405 2545 1530 1 2539
8
517 998 1 1825 447 1 905 1968
9
4588 2880 566 1 4302 4477 1 2239 2009
14
2898 1776 1 1 1373 193 2141 3723 1 4110 1395 1 3627 607
1
3044
10
4747 2815 1 2073 702 1 1 1109 1662 2021
1
1
34
2567 376 2145 1 1594 2727 2757 2419 1946 1183 1 1384 1 128 1540 3390 2840 1058 3677 1 1 378 4417 1 943 1 1 1102 1 1 2409 2677 1 2555
39
2375 1 1318 4220 3267 4685 1 1 4697 1 113 1 1 435 1 50 1 771 874 4662 1 1 888 980 3308 1 1876 1 897 563 1095 1 3340 1617 1097 1047 3570 1 1
35
1 4008 971 1 2085 701 2614 1 4281 1 3977 1 1 2376 1160 1 983 1 1 4650 2064 4150 1544 3241 1 1892 11 4451 3942 1 1 675 3766 1 4121
47
3625 1120 3458 1677 3927 1 2547 4238 1 1 416 1 1 2026 1 3089 877 3359 1638 3750 266 1 1 782 1 4741 1632 4139 4643 1 8 3185 2292 2660 1 1 1601 2232 2514 1 1804 393 2506 1807 830 3223 1821
8
1553 4009 2239 2550 4341 1 1 1241
38
3217 2276 1228 3005 514 1 1 1328 574 2973 4240 2907 3774 4639 1 1 1 2106 1 1 1471 1 2197 4601 2008 3525 1 1 1 2547 4236 3264 1937 1111 1 2044 2546 1202
36
1056 801 1 1473 1 1212 2825 1 1489 2212 1976 2722 2336 1 1 2162 3079 706 2703 1613 1 2790 3237 3367 1 1 1 579 1936 3896 1 18 1713 1 1 1
41
1 2714 4137 2120 4408 3158 1828 1288 2833 1 1569 1 2238 2261 802 1 3640 1274 1213 2877 4643 1 1 445 1 4269 1755 3991 2852 1 1815 2521 2331 3364 1 4046 4596 1129 1 199 879
5
74 1739 271 1 4686
10
2833 2561 1647 11 4036 2285 4308 1 3001 3854
32
1 1 612 349 1 3383 1 4358 1 3034 2468 1 1 1 4200 270 1414 2269 755 15 1731 767 551 4593 1 1302 1211 1 2607 3609 2246 2784
24
1 3859 1 1 122 4155 2784 686 2799 1 1177 1 3965 1 1 1 3287 3308 2107 165 1033 166 1 1801
36
3556 2810 4167 571 1 4479 4747 2883 1 1 1 364 4321 2064 862 4246 1 1 1936 3319 139 594 980 2518 2548 1 1 1 2789 1661 3466 760 538 2633 1 3471
2
1505 114
19
1 2933 4192 4676 1 1 3807 1346 2184 1228 1 1 63 1653 150 1457 3925 1 4237
19
1 1341 1 2107 2368 1 3227 2966 4606 1 1 4283 973 1008 484 438 4202 1819 1
37
3958 3616 1 1682 3271 2370 1 3074 2578 4233 2363 50 2561 2680 1 1 2466 1 1748 1084 1 3809 2499 1 3644 4317 1994 1 1074 1091 4096 1998 1 436 1244 1 1
34
2352 1 3191 4438 1 1449 1 447 477 1 2826 1 1 2558 3727 4312 4264 3640 1278 1 1 184 4613 4222 4193 2262 457 3548 1 1 3515 1122 1215 1
12
2655 2682 3132 887 4065 1 931 2818 1 1611 1 1
5
1 2536 3618 4472 884
15
3286 1405 1 217 2038 3846 2034 598 4668 2175 337 2419 4730 1 1
9
2229 849 1 1 4566 1 2437 3429 20
44
4650 1 2127 1 1723 3696 1553 2016 1 1 1803 1948 1 3316 1 4631 3295 3916 1 4307 3621 3003 3526 1 2255 1 1 1385 1 785 2904 1 490 4313 4110 1 1 849 3154 1 2125 1 1 3405
45
1 1 1 1 2299 2081 712 3431 3352 2001 1300 1 4450 4536 1 3813 2331 3668 1 3207 4355 3870 484 3913 4212 4237 1269 2373 913 3846 2230 4585 699 2489 2282 3666 1 4395 1 1 2167 1 4009 1846 4611
30
4282 2854 1623 1 3523 3947 1 4688 4398 1 3107 1 1 1 1730 1 1 2799 3742 4482 1927 1 1 2532 3690 1 1 3472 3379 1
32
1540 1 1864 477 4669 3305 1 4153 1 2376 1 1028 2778 3663 1 1 3089 2078 2031 4142 1 2996 1221 1 1 3622 1850 1065 1442 1 1 3283
4
2801 1 1 3224
31
2147 3445 2646 1 3302 1050 3657 1 2989 899 1 1766 1297 1 478 759 4096 4568 1978 3142 3337 2338 4122 2874 47 3516 1 1315 347 4495 1
43
1653 2897 1569 1 3233 4067 2675 3234 930 1247 995 2745 2127 774 1071 3468 3058 1251 1513 1607 1472 2546 1809 4065 2919 1980 4533 1 1 1 4061 4724 2268 4437 1 1 2222 1 1867 4209 3785 3580 1
9
1976 1 1 1 467 1 1278 4724 1
19
488 4154 2344 1018 2014 4576 1479 2483 1 1 1149 3928 1 2442 2299 2475 1 1 2513
12
1 3788 1 4266 1 4237 1 2984 1 1 3445 1
13
378 306 1 1 2934 2042 1 3730 4039 1 1 1 2046
41
1316 4536 1 3518 621 1 850 1 2436 3067 1625 1143 2126 1 1911 412 1 1 903 3719 566 4573 1 753 2503 866 2365 1 4061 3666 1 1 1717 3231 3671 3772 1 1 3394 2120 2546
17
163 3548 1748 3200 4404 4490 1687 1797 1 1 4305 4455 83 1488 3538 1 1789
18
1 3876 1 1132 1 2906 1 4746 1343 1 3706 2198 1693 836 3340 1 1 958
27
2089 3965 602 2634 3563 1 182 1396 1 1 4237 4592 3813 3681 370 2324 2711 1323 2546 952 1857 1239 4744 2933 1 1 1076
33
1 1671 205 3425 4278 1 1 3424 1 1 1 1970 3424 1 3447 1821 3887 4317 1 1265 1 1 22 1678 1 1 1 3073 1 1 1 4504 4197
14
1949 2453 4418 1174 2233 1462 1390 62 4507 4484 2867 1 1 1352
27
1 921 1 1555 3513 1 612 4134 1 1 1 1 4317 1 1 622 2742 2187 1322 2792 332 1 1466 4193 456 1612 1
6
2777 3229 2425 2489 1285 1
20
1349 1 2025 1 250 1 4152 3883 3885 2829 1 1430 1 1 3953 3771 2735 1 1 1
8
4182 96 1 1235 417 1 1 4618
35
849 3434 1 1403 1 1 1 3626 2480 1 4399 3043 4629 1190 1 3343 3999 1 890 3863 1 1395 2822 3692 878 1 4290 2608 1 1 1 933 610 1 1
44
1 4472 3736 4119 504 2350 1 1080 285 405 1 954 1783 1153 1 1241 2173 759 1 331 1 1 1014 2999 1 1319 1 1 2294 1962 377 1 1 3338 693 1 1229 108 2759 3539 3949 3526 4200 1
26
4419 616 3953 1921 1384 461 1 1 284 1 7 32 1053 3945 3707 225 2161 3692 3633 1 2052 1 1 697 2950 1
13
2543 950 1529 1 1 4261 1 1 1 1 1 3891 2050
28
4419 1 1133 519 2618 2186 53 1671 223 4 1 613 1769 2524 1456 2849 4126 1 1 2505 1 536 2769 3655 1825 1103 1514 3535
40
3499 17 3311 3666 1 2866 4122 1 3966 1714 2186 1 1 2239 1819 1 1 2298 1 1785 2834 2599 3334 1 244 3605 1 2784 20 3354 678 2037 3109 3157 1 1 1 2914 1 863
7
1909 1 1 1 3452 3445 2049
46
3824 3684 1 2774 523 1624 2075 3258 4395 2665 1 4023 3655 1 3895 1 3248 4667 1 1 3261 38 1834 1546 1884 1 1 1 2962 130 90 1 4572 308 1 2776 2125 1 1360 320 4498 3649 1 177 1 1
41
3188 1 4196 521 4081 3980 2536 1 3139 2573 2719 3827 1794 1 3796 1 1654 186 1555 1 1 475 2450 2180 3049 1393 1 2148 3228 2583 4062 4142 2813 1 1 1 1728 3769 2030 271 835
15
4644 1 1 1 3991 1543 1 4098 3594 1 3175 4469 871 316 1
46
1282 1 1054 2809 1923 2185 248 3302 2152 1320 617 14 3218 3164 1 1 1 2704 2164 4717 4354 1 2900 1 1474 596 1 191 1173 1 3007 1603 2416 608 2511 1 171 1 1 814 755 1633 1647 19 2248 1
2
1 1
44
1 411 4050 1 1 2143 27 2942 395 553 101 1 3306 1 1411 2367 693 1074 798 2713 3228 1 446 1 1 3070 587 2477 1 1 2393 963 1701 520 33 1 781 1 1742 1 1 1822 2406 1
9
1831 1 1 2456 1873 1 1 3325 1060
9
1 1236 1 4424 2609 1 1661 1873 886
10
2376 2148 2895 1 1 3092 1752 1 611 1540
13
3929 3903 106 699 4253 1 2599 2750 3519 1 1 2585 2222
45
1 1313 422 4485 94 1592 1 4079 4642 316 1 18 3802 1477 4338 2623 1 2645 3923 3732 1 4729 2618 611 1 3323 4720 4676 709 1 2211 4548 3374 161 2268 1447 1908 3711 2928 1 2687 2193 1275 3875 595
30
2806 1710 1315 1 3863 192 1 3121 1988 1 263 590 4059 1 745 1 1 1 1 2556 1 2103 1 4733 240 2192 686 3053 372 920
1
1
27
986 1722 2439 1 2277 4703 1 571 30 338 424 1 1 1 1 1 2493 1 1 3086 2692 1 422 2123 3970 3353 1
44
1547 1980 837 669 1 960 3235 1521 1 1540 2423 3954 1 1108 1 4245 1 1 1 1 4742 1972 1 3389 746 546 2929 3111 3235 4327 1 3717 1 1615 1 3515 2363 3702 3859 1 1 94 1 1
23
1 4387 2148 1 1 1 1 1 4190 1922 1 1379 1500 2513 1825 1 1 1 1320 1 724 1 676
34
2306 592 1 1 3498 3664 1 1 766 2757 1 4135 157 2290 4626 4182 3121 1157 1 1 1 1 3162 1 4018 583 1 1205 3921 2427 969 1 1516 3091
30
1055 1 119 2914 1 3470 117 3544 2271 1 1 1 623 3703 1 1055 3504 107 1 3074 4741 557 675 1 4559 1 659 2325 1416 1367
18
4609 4346 1 712 3735 1 1976 3646 450 768 688 2010 3230 3 1 605 1045 1
19
77 4599 3258 3472 4281 4332 3008 1693 386 1 283 655 2391 3862 4166 1 1 990 3573
2
1 1
5
385 3755 3525 1515 629
44
460 1 3829 1 1614 1 596 2580 861 136 1 1 2159 1 3927 535 1 4508 177 885 363 1 1 3917 3995 1 1 4474 3926 3131 1 2373 72 1 1 1667 618 3862 2647 4565 1 1 991 4374
7
2758 1 2715 3935 4277 2643 1
33
3971 1 2944 1205 2285 2621 364 884 2445 2919 1 2937 2321 1 1 2333 1 1 1 3192 1 1 1 1 1603 4386 897 4095 1 489 1 1 2140
35
1 1 1 4579 1 1781 1 3259 2971 1 2731 1558 3209 3939 1 1 1859 2557 2124 3450 36 3979 1 4079 646 4037 845 1 106 2948 1 1 1 1 3549
5
3584 1425 1182 4389 1
33
257 1 332 3236 1 3468 2915 1 1 1 2925 1693 1419 2876 4676 1 1 3244 4141 387 1320 3553 1 2214 3433 999 3691 2285 1 3000 910 361 1
28
1654 1 1 2444 4248 2866 2662 858 1 1 1608 947 2758 1 1 1 3405 402 431 476 4262 2350 4541 3887 4196 2632 1 1
46
1 3589 1 4266 1 1 4564 1 2409 2580 3684 4693 2590 1936 3467 2222 2877 2373 1043 1621 1233 4648 1 1276 1 1 1625 1 1 1 4449 773 869 1 2477 1146 562 4388 1127 4400 2212 4567 2091 1 1 1
29
476 4120 1885 979 1 888 1398 4229 1 1966 2494 4619 1425 3052 18 1 734 3743 1468 385 3920 4439 1970 2512 4035 101 412 1 2474
15
2491 4588 1504 1608 1122 4135 2942 4337 2257 905 1 4305 675 1 4190
12
1933 1006 3391 1406 1 3969 810 3458 1 107 4274 779
30
2495 994 1 3870 606 1399 326 1 455 1192 1 3916 1 1 1 1911 1 1 2504 2421 712 1 2493 3607 91 1 2633 3691 4655 1
12
2981 858 101 711 2573 1 3073 1578 1 1 2314 1
14
2455 1819 4631 1758 4734 3980 675 153 3356 2448 1 1445 3789 1
6
1 3212 1 1 3375 4099
14
4237 1800 1 1067 1 3790 3917 4422 3183 1 3272 4394 1 1
7
4667 2599 3788 2204 1 1361 1963
22
2235 1 2264 81 1593 3488 3484 1 1 1885 2316 3194 1941 564 770 135 178 3673 2924 669 3108 1
46
4334 3469 3015 430 1 1402 2385 2110 1 537 1480 3128 1 3222 3013 1418 1078 2902 1 3553 406 1535 316 3149 1451 1 1 1 2040 2384 1096 345 3939 1 1460 1423 1 4654 1483 3219 4182 1 3494 679 1 1091
1
1
18
4310 1 1 1 3985 1511 2918 1 1 2959 138 3494 4140 127 901 2445 1584 1114
18
1440 128 1 4219 1569 2393 1 3173 1289 133 324 1654 3714 4376 671 2277 1 1
13
2883 1889 3053 3997 790 2135 2311 3498 4542 1 3360 2210 1092
10
1 3080 377 3145 1 1402 4111 278 1142 1289
26
1 1 1336 4709 793 2992 962 1 2646 1997 28 1 417 2189 4039 1425 4312 1 1 396 1 1 1 3770 3511 1634
30
1846 3763 1654 1 3651 1 3715 2106 1374 234 1 342 1 922 202 1 1365 1524 1 1 1 2172 3143 1531 77 4529 3256 1697 880 1
10
3246 1 1721 1205 1 2821 1 939 4128 1
45
236 241 1 1619 4389 4293 1 4118 3141 1 1642 3153 4301 3249 1912 1 745 1 1 1 3782 1 3767 1 3785 3850 317 1988 3469 2319 1952 1 1 3933 1 1 3301 3608 4194 4109 1 3539 348 3819 3456
36
1 1739 1913 1 2119 2049 2193 1214 725 3503 4589 188 1944 2862 1 2531 2849 1 4444 3679 4010 4168 2259 850 3779 1821 1201 1 2604 1 1 4059 2907 1 71 1
14
3466 1 3454 1 1326 1 1 818 950 3865 4225 1 1 1436
22
1 3112 768 3896 2665 1 976 912 1 1278 1 272 1 2085 2701 1 3516 1352 1619 1996 1 3460
47
4372 1 4546 4100 4729 2203 4736 1760 2692 587 1090 3465 1747 3553 1341 1066 1 709 62 1 1 1289 1901 1959 1 1 4483 2905 3036 1 3084 223 2749 3044 621 4669 1953 914 3887 3326 1 1 1 3332 1 2600 125
9
1 4535 4003 485 2951 571 462 264 1
13
1 1906 3437 3719 1 1552 1 4062 1 85 1076 1857 1869
16
4255 3185 4021 1921 4529 4236 1 1 1 3068 3693 2425 4456 2088 1 2933
35
3558 1 2026 1 2536 389 2632 1300 1 1453 3506 432 1212 3172 1 1989 1179 1615 2818 3743 3868 1354 1 1700 1175 1 4465 2151 1 1849 3837 4045 1048 1 1839
10
959 1 4260 1 4161 1 1789 3684 1933 1635
37
2912 3244 4103 2706 1 4341 1 1751 1 2231 1 4711 142 2298 3944 1 1 3509 1 2625 1 2791 3780 1 3739 3178 4490 1968 703 1354 1 4196 1 4467 4052 4339 1
16
3224 3937 795 1 1 1804 2821 524 4100 1797 3383 1737 1 4201 1 4279
19
3468 1 3714 3042 954 1347 548 3444 745 2946 2450 1 4449 2007 1 55 1 4166 1
47
1 1 2659 1 3601 421 2861 738 371 1533 1 1590 1 3713 4222 2970 3537 1 242 3670 427 1 4389 254 4521 3735 4024 275 1164 1 2853 1770 1 1 3919 1564 613 2513 400 2453 1621 900 1 547 2601 3076 1
2
739 4694
23
3775 2398 1 2081 2558 1931 1 2516 1444 192 3294 2191 805 1 1554 670 2844 4596 2859 1 1343 2287 1
3
1 1 1
26
2726 1 1 1 2408 1776 3080 1 2743 3060 47 2154 1 1214 3632 1 1 1 567 1541 3237 2671 1 3302 4332 3298
29
2892 428 1 4116 2323 1 1 3815 2907 2654 1 1 4594 3102 1126 4428 3805 4501 1 205 1 2231 1 3698 2969 1558 337 1331 1
23
71 952 3662 3470 4655 464 1948 1 3684 61 1 1 1629 1 637 1 1513 1 2162 2874 617 1 1
8
3292 1175 4391 3255 4096 4444 3024 1681
24
3154 1 3620 2265 4013 4241 2369 2166 1 1388 2982 3596 3556 1087 3876 95 2733 1 3690 1093 288 1458 1193 1841
39
3229 1213 3882 779 1 1 662 2792 4477 2247 2929 1831 1 2148 1580 3394 661 4218 1322 3313 1 1 651 34 1 1 4552 2947 1 1 721 4388 4269 1176 4107 4714 581 3840 1123
17
1 3161 3028 376 539 2830 1443 2319 1 1 2977 1 1388 4433 165 1 1664
35
2132 2901 1673 1655 4694 1 1042 3837 3768 3421 3473 4045 1 4457 1589 2943 1 1 4348 4017 1039 1 4169 3049 930 2802 1625 1 1 2109 1573 2215 1401 1423 1
35
131 1 3121 2700 1 1 927 1430 809 4727 2966 3705 3872 3584 1 1 3227 2220 2640 603 4222 1 3749 460 2670 1 1 491 3603 1789 1043 3861 3765 1 1133
15
1 1 1 1 113 1311 4075 1120 424 1 1489 3017 3514 1390 2923
40
1 1 1583 143 1 344 633 3157 1 28 2532 1 732 1 1 1 3195 3746 1 3811 2635 3934 948 144 3387 1471 1 1782 1 1 3036 973 1 1513 3488 3826 1801 4271 237 540
4
1 1600 1 2349
35
810 1 1 1383 235 1 1127 1954 1 2504 3254 1026 1380 1825 1 3722 1 1 1 1 1 256 425 4066 1839 2665 3790 714 2467 1 1 779 4714 1398 1
46
2018 1502 1 2194 2989 935 1 1488 1973 1 1 3783 1046 3754 327 2967 248 2661 871 2632 1563 4633 1 52 1 743 270 3091 2566 477 3030 119 3163 2521 2885 1 1412 3579 1472 1851 262 2114 1 1846 1 1
9
2458 1620 1145 814 1490 403 3721 1 3806
24
3839 836 2263 1 2073 164 1 2150 1 1 4173 4072 1 1 338 3171 3382 1 3758 2783 635 3801 1 1
12
513 753 1730 1 1091 1 795 1301 1 3440 2420 3504
30
4354 1849 716 1673 3928 2661 792 4224 1710 1768 1 1 2330 2571 3545 191 2239 1 467 3886 1 2409 162 1357 1 1237 1 1 1 959
2
1149 1
12
661 454 1 1226 428 1 699 1 2623 2532 1 1
40
2369 1 3021 1 483 4112 3947 584 3873 914 1 1 2822 3502 4179 1659 204 4063 1 1 1 1 1 4373 2787 2246 1 109 1541 1 3608 1 974 4477 3954 1 1346 1 1596 1
9
4678 1636 1384 1 4688 1 3988 2347 1
1
3853
8
2640 2412 1 278 1300 1306 4030 2731
25
2672 3485 726 3832 257 1 340 1631 3092 4653 1 1 1 3620 2872 3932 2814 1 1022 2661 2967 270 66 2445 3563
24
2944 1 966 1 1 1519 2617 2355 91 3697 1 3826 1 2199 1 247 4274 2340 600 2827 1 1 855 4642
35
3592 285 1022 2143 1 1050 1015 1 3195 2875 4509 250 1 1 1 4100 2731 3777 1862 1 4128 1016 4724 2670 1701 2432 3549 2639 3977 1 1 1 1 2073 1
20
3669 1 1 1614 4331 1 1 1 1638 1 3572 1 2355 1 1868 1 1 4481 2316 1
2
4016 2038
15
1 1 1 1341 2159 3233 3550 2926 771 2498 871 4040 1 1868 2156
24
1791 1256 1 2873 1121 1009 252 304 4320 3002 1985 3745 1 3893 3460 3153 1 1 1 1 1 1868 2889 1995
43
249 1 3353 2489 1694 1 1673 760 1 1 1 1 1197 1874 4558 1 3571 2633 2045 1 3641 443 3465 4088 2516 1528 814 3705 2976 1 2235 1 1289 304 361 1953 1981 4197 1 4208 2463 3526 3588
1
1
24
4230 1 3303 1942 1721 505 3745 1 1 1612 1 3259 2604 4241 1 1 2492 1 1 4282 4105 1 4711 1177
26
2788 3800 3186 2159 675 1520 3379 482 1 3098 2879 3376 1 1 1 4299 1 131 1973 1 1 1 14 1 1903 1
20
1 704 2901 1462 1546 3531 4354 4309 759 3995 2473 1 2565 374 1788 1 2988 2660 2960 4207
4
431 2833 3843 692
32
1 1394 1 383 4530 2285 1 1010 3853 2816 1167 3743 4127 1984 1 2592 3759 3200 2826 2392 634 1 82 2672 2513 1 4222 1 1 1 1601 2405
27
1 2126 3518 4700 1896 968 1482 1 4470 3884 773 526 2767 1059 4419 1 2425 1 1680 1710 798 1456 2460 4128 3359 1 883
23
1090 1 1 1 694 1 296 1 1 2767 1056 1 667 774 1 2898 1843 921 695 1 3394 2905 4094
19
1 461 3224 3209 3182 2116 1 1011 1 1572 1 1 2436 746 3576 3818 4296 1 1
25
1 1482 2633 1421 850 2296 1 542 1214 4272 1 3849 831 1101 1 2597 1 827 3951 1255 1985 3099 1 1703 1
25
1771 1 1 1 1 4048 1 1740 23 1 3411 1 1042 3289 1 1 1905 2224 1 1 1 2931 1 223 1350
36
1 1 261 4517 1 2758 3259 1595 4493 4587 523 1 4226 1 1 4060 922 1 1402 906 2470 1065 4448 1 1 3026 1 1 4287 1546 875 135 4020 1 1 4556
3
874 1 1
44
1073 1 2079 1223 2175 1262 1066 2285 318 3200 1466 2861 1 1 1 1566 1 43 470 2713 1 1 2811 2506 815 3482 1037 1424 264 1723 2604 1 2944 900 2141 1310 1 3223 2556 1101 1568 902 1 1
16
1 1 1 491 1 1347 1 1 3064 1 1 3053 3687 3393 1 3353
27
1109 2727 4733 764 3279 3613 3333 1437 1 668 856 4542 1 1 4040 3080 1401 1 1 157 3373 2083 1 1942 1322 2797 863
46
4697 1 2201 3900 1 1 2832 2889 1 1319 3221 3990 3229 3212 2343 1670 1404 3113 2585 1087 1 4474 923 1614 1594 503 1 1 1226 1418 4377 3301 609 4266 1 4563 1 736 1785 3444 2721 887 1133 1383 2502 3366
39
4108 1 1 4214 1 1865 2937 2781 2992 700 1 764 2334 1049 3927 1156 854 1383 1984 2780 1 4435 1633 1 1321 1696 496 4353 1 2845 3462 368 1415 4549 2227 4278 1 3955 1
21
1 191 1 739 3109 3767 2295 2745 1876 3851 4161 4433 3789 3526 2404 1275 2107 3612 3743 1 624
17
359 4667 1 952 1 4505 3865 1805 3251 1 1 4593 1 4621 4448 1 3175
28
904 1 4465 733 1 4177 1 3818 995 2727 3294 3997 1505 1 2438 912 1 1757 4147 1 1509 4657 1 1 1572 710 4255 1099
21
3877 1659 1 4380 4196 1 1 886 4344 1 1830 2335 1 3417 3181 1671 1514 3373 650 3838 1
18
1 1 1 2245 1 2267 1 3942 593 3331 2206 1 1 1 1 3578 1 1
18
2391 86 4561 1 4551 7 3683 514 3693 1 1 513 3039 1803 1 2767 3901 1
10
1389 706 3133 1 1715 2056 1 1861 556 1
16
1 1319 4573 993 1626 1352 1 1 1 769 1 2502 1454 1596 1855 1
5
1 1 4040 1 1
6
3300 2470 1 1006 272 1490
9
527 902 1 980 1 2160 3849 1 207
23
1 1 913 1 1391 350 1 3527 1969 1 645 1 3759 4584 1 1 2211 1 809 1 1845 2266 1
35
383 1388 3345 3582 310 1 3831 1745 1174 1 359 925 2725 4452 1 3438 3450 4349 3563 3574 1854 2130 3900 3340 3425 4251 3178 3411 2706 683 3492 94 1638 1 319
6
2173 1337 4596 1 1 1
37
1923 654 3959 1089 1 4526 3065 1 1596 2996 412 4329 130 1 1251 1 111 1 1 1655 1 621 1 1 1 3850 1 2666 1 1 1 4309 4512 2454 1268 724 2982
6
756 2976 1 1 227 1
25
2673 1 523 4450 1 1 3705 1 4432 135 3145 1 1674 1 3533 1 1 2405 1 1749 1704 3020 1 2228 4103
20
4688 1 3922 3181 4108 1 2954 664 363 3604 1915 3658 2864 4431 4389 1 3922 1 3707 1112
33
1 2965 4177 3879 1118 1555 1240 4391 1 1166 136 1 1 1 3378 1250 3687 3025 1 569 4484 1813 3322 4689 1 2011 1854 1826 1259 1216 1 1215 1561
34
729 1731 1012 1 2057 1558 2334 965 1 158 3404 3150 2944 1 4616 2151 1 3798 57 2411 667 1067 1884 3521 1616 1 209 634 4675 1582 717 1 2494 1293
11
1144 3430 2798 1877 2643 3885 4188 3970 4418 3547 1397
11
1 3094 4622 2493 1 1319 2275 1 1 3309 2692
36
1564 2953 1 1 1799 2279 1 4234 1958 1 3425 1 1 1 3649 3189 3586 2644 1 1919 250 4163 3184 2860 2611 2756 1 1 1 1513 182 2601 976 3941 1 3649
2
3064 1
14
1208 1638 1 4053 1 1 1 1 4512 1212 37 4446 1985 1
44
3594 4097 2486 1 58 4000 1 3272 1 2444 2638 1 1 4630 1317 946 903 655 1047 1 1 1144 4475 2755 1094 2716 1 1629 593 4640 1 1 3320 1 1686 352 3742 4650 1 1 2737 496 3603 3495
41
1 2268 2687 2426 4729 1 1 1 1339 4309 1014 1615 4128 7 4207 1 2628 1 3718 3050 1 1 1 1 493 4123 2733 2658 4261 1 1746 3637 2618 2381 2289 2728 2782 4361 2269 4626 3001
16
3175 1806 1 3414 3656 4183 1 1 1 814 1447 1 2960 707 2435 122
20
1 3964 1 186 1386 4687 1450 1 3587 3750 4433 1 2724 1183 653 4332 1 1298 2939 352
44
292 3467 3979 1 2213 2697 1 1 440 4735 1 2257 3493 1 1 1875 794 1 1245 849 3278 2940 243 1045 1987 1 1 1 1 1 4151 3913 997 1 1 1 1 1934 1358 48 1 2126 213 2980
32
1879 1576 390 3649 1 1562 1721 4002 1159 1 1 2657 11 1349 2266 503 4441 1 1290 2139 3909 2670 738 1374 1 914 3667 1 1 1 1 4149
34
1 2948 1 3379 1221 3214 3076 1 1 2658 1 4402 1 2874 1248 4462 3745 4356 1213 2810 1 3017 1 1 1 1158 3323 1 2658 1674 1 1 1491 1
36
1 4019 475 3138 1736 680 3537 2417 3443 4446 771 221 1 1 4248 389 879 2708 1 853 918 2407 1 1495 1361 4497 4424 3917 943 3261 749 1 3310 420 4342 1
11
3298 1 1 2174 4242 1 3103 1 1 1 1
26
2071 1 1 1 1418 2829 2996 4405 4256 2253 4134 1195 1 3554 1 1 87 1 2377 1646 2576 3466 1 1237 4155 1
33
1233 1 2163 3032 3816 3488 4346 1 4598 538 3095 1136 2227 3066 2239 885 1 1257 1323 913 2212 3344 2605 4519 1366 1661 1 1 250 1 1 841 46
10
3556 3883 920 2171 3581 1 1 2948 3737 680
