25
-855 820 24
335 898 33
863 616 24
-569 -592 28
-47 -151 25
-808 -895 33
-47 560 3
83 141 20
613 781 49
-890 -932 1
-566 -209 8
687 857 20
308 753 23
830 798 16
884 21 36
600 -673 18
-376 -287 23
462 -753 33
384 911 47
216 813 30
368 -1 42
843 896 13
789 525 16
-391 -330 26
-743 -806 16

29
55 46 4
-52 82 0
47 7 1
-75 61 25
-93 55 18
56 6 24
-34 -88 3
36 94 49
-64 -11 34
48 -61 8
-45 27 7
4 -9 22
74 -18 15
-92 58 40
-93 67 26
-62 -56 31
-42 58 26
-52 -88 41
94 -67 1
-25 -19 39
-87 63 7
84 -58 8
83 -43 19
-71 71 26
89 3 40
64 53 21
34 52 0
-64 -99 9
-32 38 7

0
