0.00
2090.19
1358.41
2304.58
6642.71
3.60
5.56
259.25
2.89
150.08
6.82
1.49
159.74
157.50
4.36
12.29
42.13
0.06
17.98
526.66
12.61
21.27
33.17
14.80
146.01
11.55
31.81
1.75
3.05
306.85
148.94
81.86
4.76
86.65
0.90
18.83
15.49
10.23
2.24
1.05
0.21
33.98
40.06
219.06
86.27
9.98
2.31
13.08
36.98
33.44
17.64
26.52
9.88
3.85
9.53
1.81
9.45
320.02
2.64
8.14
29.17
3.83
13.29
324.90
1.47
13.61
18.24
11.12
0.05
464.04
18.39
17.02
7.37
90.04
3.82
4.07
0.29
124.79
0.71
3.60
15.39
1863.46
35.66
216.09
108.63
1.43
5.76
0.01
3.17
3.26
10.91
71.11
3.57
2.99
60.77
2.92
30.33
10.30
4.25
143.27
