0 0 0 0 0 0 0 0

1 1 0 0 0 0 0 0

0 3 1 0 0 0 0 0

5 2 1 0 0 0 0 0

8 1 3 0 0 0 0 0

3 0 2 1 0 0 0 0

4 6 2 1 0 0 0 0

7 4 4 2 1 0 0 0

14 8 3 4 0 0 0 0

2 4 5 1 1 0 1 0

11 11 14 1 0 0 0 1

12 8 14 4 2 1 0 0

26 9 13 2 1 1 1 0

12 14 9 2 2 0 2 1

27 19 10 9 1 0 0 0

54 15 16 6 3 0 1 0

19 19 5 9 4 0 1 0

31 9 15 5 3 2 0 1

13 12 12 7 3 0 2 2

15 21 15 5 6 0 2 1

59 29 20 6 5 0 0 2

56 40 35 8 9 1 3 1

32 29 16 3 1 0 1 1

292 207 180 58 46 6 18 7

120 104 94 20 17 3 14 1

32 32 44 23 12 1 4 2

5 13 6 5 1 0 2 0

22 20 11 3 3 0 1 0

32 23 12 1 4 1 0 1

348 195 159 47 38 9 10 7

66 90 115 52 30 9 15 10

17 16 15 2 4 0 1 1

70 38 37 9 6 0 0 0

18 20 21 10 4 1 0 1

78 84 59 26 16 2 1 1

199 105 102 26 22 1 7 2

69 69 74 28 21 2 15 2

6 8 9 1 1 2 0 0

52 34 28 13 6 0 1 0

48 34 35 18 12 2 3 3

57 46 58 24 20 1 3 4

15 11 11 4 3 0 0 0

382 232 148 47 40 4 15 7

116 116 141 42 35 6 10 3

70 33 63 20 14 1 4 3

35 35 36 10 8 4 1 0

31 16 17 4 2 0 1 0

310 174 170 40 25 7 10 6

183 93 112 21 25 5 5 4

46 59 67 25 17 0 8 3

35 30 35 18 17 2 6 3

42 39 41 13 6 3 3 0

38 16 24 5 5 0 1 1

3 3 4 3 0 0 0 0

36 18 16 5 4 2 0 1

19 14 19 6 4 0 2 2

55 24 19 6 6 1 1 1

26 14 19 11 4 0 2 1

285 217 212 74 31 8 17 5

55 40 21 13 6 2 1 0

138 100 110 42 27 6 9 2

164 138 142 57 40 11 11 6

24 22 8 7 3 3 2 1

73 62 32 9 6 0 2 2

218 160 148 52 34 6 12 7

66 35 31 11 9 1 0 2

52 60 86 34 19 5 6 4

31 26 14 6 9 1 3 1

40 54 50 18 5 2 4 1

13 23 12 18 6 2 2 1

66 54 55 16 14 1 6 2

37 30 53 9 16 0 6 4

11 6 8 3 2 0 0 1

20 25 39 18 12 3 6 2

86 60 31 14 8 0 4 3

259 137 123 34 21 4 11 4

54 34 17 6 9 0 1 0

72 38 18 4 6 1 2 1

19 18 26 9 6 1 3 0

47 34 31 11 9 2 1 2

17 16 12 6 2 0 1 1

35 28 26 6 5 0 2 1

44 37 36 9 10 1 2 1

109 135 112 60 32 10 20 8

212 166 142 57 31 8 11 4

22 23 29 9 7 1 3 0

8 7 1 0 1 0 0 0

323 230 200 65 51 5 15 10

49 32 25 7 2 2 0 0

69 57 60 23 20 3 7 2

8 4 4 1 1 0 0 0

38 58 77 27 30 7 9 1

121 113 103 41 22 1 11 2

128 103 71 19 22 5 5 2

79 55 44 11 17 0 4 4

28 35 52 21 8 3 2 4

40 42 37 16 13 3 3 3

0 1 1 0 1 0 1 0

30 36 38 17 7 2 3 1

73 64 60 18 9 1 1 0
