87922 134
98371 605
79865 5033
3046106 697
36005 667
6712 478
84490 9968043
10000000 10000000
6477574 15236
1 6274840
58105 6251
3584 8145
22139 39356
39099 42
3514 5773
539 3332285
2017479 5741
905070 53585
2794 70427
0 0
84643 24711
7128 3077
1114 896
8269 8921
7459424 8054
319 5464
4506171 1416
985 8432270
521 5664
3668044 347
10000000 0
568 5523
1729722 4959
360 4468
4579 7287165
1529575 313
3810 209
4507 6827
8297661 939
8300 5785
0 10000000
301 43857
26587 59987
2127 961
938 6571
3426 8127127
4776046 8
56 3148
8439 557859
68451 138516
