87788.000 165.418
97766.000 147.635
74832.000 153.206
3045409.000 986.011
35338.000 106.108
6234.000 49.790
9883553.000 1604.179
0.000 0.000
6462338.000 1237.715
6274839.000 1255.533
51854.000 181.008
4561.000 75.425
17217.000 164.709
39057.000 115.503
2259.000 63.506
3331746.000 926.228
2011738.000 736.674
851485.000 579.335
67633.000 148.017
0.000 0.000
59932.000 158.379
4051.000 56.107
218.000 2.000
652.000 9.165
7451370.000 1433.716
5145.000 48.135
4504755.000 1049.646
8431285.000 1557.462
5143.000 42.509
3667697.000 948.314
10000000.000 1583.865
4955.000 31.225
1724763.000 761.160
4108.000 40.951
7282586.000 1436.196
1529262.000 637.212
3601.000 36.042
2320.000 17.349
8296722.000 1459.264
2515.000 69.936
10000000.000 1583.865
43556.000 97.617
33400.000 156.000
1166.000 30.265
5633.000 33.061
8123701.000 1403.150
4776038.000 1091.221
3092.000 24.331
549420.000 363.625
70065.000 179.469
