66
50 0.0
100 0.2
1000 0.25
1000 0.50
999 0.49
958 0.24
434 0.12
4546 0.23545
6534 0.2355
54654 0.2356
934959 0.25656
459876 0.4377834
213 0.111
456 0.23
34 0.1
100 0.00
100 0.01
100 0.02
100 0.03
100 0.04
100 0.05
100 0.06
100 0.07
100 0.08
100 0.09
100 0.10
100 0.11
100 0.12
100 0.13
100 0.14
100 0.15
100 0.16
100 0.17
100 0.18
100 0.19
100 0.20
100 0.21
100 0.22
100 0.23
100 0.24
100 0.25
100 0.26
100 0.27
100 0.28
100 0.29
100 0.30
100 0.31
100 0.32
100 0.33
100 0.34
100 0.35
100 0.36
100 0.37
100 0.38
100 0.39
100 0.40
100 0.41
100 0.42
100 0.43
100 0.44
100 0.45
100 0.46
100 0.47
100 0.48
100 0.49
100 0.50
