0 0 0 -10
0 0 0 -10
0 0 0 -10
0 0 0 -10
0 9 0 -1
0 9 0 -1
0 9 0 -1
0 9 0 -1
0 11 0 1
0 11 0 1
0 11 0 1
0 11 0 1
-9 0 -9 -10
-9 0 -9 -10
-9 0 -9 -10
-9 0 -9 -10
-10 -1 -10 -11
-10 -1 -10 -11
-10 -1 -10 -11
-10 -1 -10 -11
-11 0 -11 -10
-11 0 -11 -10
-11 0 -11 -10
-11 0 -11 -10
0 -5.142 0 -15.142
0 -5.142 0 -15.142
0 -5.142 0 -15.142
0 -5.142 0 -15.142
0 -5.143 0 -15.143
0 -5.143 0 -15.143
0 -5.143 0 -15.143
0 -5.143 0 -15.143
-8.999 0.001 -8.999 -9.999 
-8.999 0.001 -8.999 -9.999
-8.999 0.001 -8.999 -9.999
-8.999 0.001 -8.999 -9.999 
-9 0.001 -9 -9.999
-9 0.001 -9 -9.999
-9 0.001 -9 -9.999
-9 0.001 -9 -9.999 
0 5.142 0 15.142 
0 5.142 0 15.142  
0 5.142 0 15.142
0 5.142 0 15.142  
0 5.143 0 15.143 
0 5.143 0 15.143
0 5.143 0 15.143
0 5.143 0 15.143   
