105
46 -11
-30 93
92 -62
-38 47
34 -15
61 -30
-40 70
55 -34
31 -43
24 70
78 -54
-39 -49
-80 15
-48 14
-17 52
77 15
-96 -33
-79 88
46 1
60 -39
-81 87
-4 20
10 71
-51 -43
83 9
80 -10
48 61
93 -77
42 -77
54 58
80 8
1 -88
89 -41
46 57
-94 -82
29 -62
-8 -15
-4 27
-24 0
-36 76
-54 -60
-78 20
22 -49
-61 -76
-92 -90
86 -37
-78 -9
7 -10
53 45
-64 -49
3 -32
-58 68
88 -17
99 38
-61 52
44 65
-69 -14
100 65
-42 59
99 29
-80 -71
-44 -67
24 46
46 86
-25 -98
-63 76
-75 26
-91 57
92 40
45 -40
62 50
3 -9
65 -11
-7 61
-55 -71
48 -65
-72 65
4 50
-28 -24
3 -68
10 -16
-63 75
63 41
88 0
-42 -29
-79 -61
26 61
25 77
-85 70
-60 9
90 89
32 -84
-39 95
42 16
-43 -26
-15 -30
76 56
-41 -95
-30 48
-25 -71
-4 10
-54 40
-55 95
-75 -56
-28 98
88
-62 -36
-1 -51
29 -25
67 -55
-13 -36
-35 43
12 -59
99 71
-15 -1
-90 -28
-10 65
-75 -21
31 -59
86 -89
11 29
-62 -35
1 58
-66 -39
-5 61
23 -40
-33 24
-80 -5
-70 -16
-12 59
-85 -54
84 30
-5 32
-7 60
49 63
-36 -60
27 -33
71 42
78 -16
9 63
-57 54
-86 15
53 -31
0 -64
10 57
84 -73
96 -83
71 10
13 14
90 -40
67 -76
-94 31
-6 -27
-20 -87
-78 -7
42 39
1 -16
-59 -21
31 27
55 -18
-52 51
87 -50
86 68
9 -18
73 29
-24 72
-17 -61
62 -69
-40 31
44 19
-55 20
-82 -79
-34 -31
-31 10
21 96
-13 54
38 69
36 40
-61 -96
76 68
54 -98
-85 77
-90 -65
60 -80
60 19
68 38
-29 -85
-65 -24
-21 -31
16 88
93 -76
15 59
-39 -80
-26 62
66
-17 -86
-77 92
-28 81
-93 -52
86 95
58 63
21 -83
-23 8
3 -26
-25 51
-31 45
74 36
74 76
-9 49
100 100
-31 -53
-78 66
-54 -73
-86 80
-5 62
81 -55
40 60
80 -92
-60 -20
64 16
79 5
-4 -19
-69 -81
-16 -8
-23 -19
-96 -29
-44 89
-22 56
55 -33
99 -28
-89 -43
13 18
57 -73
-73 -43
45 -12
3 91
-82 -37
-65 73
-51 -56
76 -33
-95 -58
-74 54
-86 54
-45 37
-43 -7
-22 -89
-24 59
95 3
-69 36
-88 -32
-36 77
12 -22
-3 83
10 37
-6 77
59 85
-50 60
-71 -100
-57 -15
100 -7
35 -82
15
23 -28
36 88
-94 -78
-84 -68
-24 41
49 -56
-50 77
75 -46
55 6
-47 4
94 45
-49 91
79 -75
69 6
-40 74
95
-41 21
75 46
-57 28
85 -48
18 -33
78 18
-33 70
64 -37
-58 58
60 -87
15 6
-20 53
95 72
38 -75
-19 -85
-9 -20
44 -19
26 -27
-16 81
11 36
56 -35
71 -81
17 42
43 -69
64 30
13 -53
5 30
8 -18
58 7
49 49
47 71
27 -27
-91 -8
-16 -86
-6 41
-80 -57
-96 85
90 -16
76 74
-95 59
31 61
67 -43
51 -16
27 95
59 62
13 -21
-29 72
79 95
70 27
43 100
64 -94
6 43
-6 -95
86 -25
70 -48
-66 6
24 -85
14 -37
-18 87
-79 87
-34 93
-11 -14
-80 -69
-33 28
14 -80
91 36
95 -45
-43 -26
-64 -99
-71 62
-89 -66
32 -13
40 -59
-27 -32
35 70
-52 9
-60 47
-86 -85
82 -87
67 36
-94 -37
-48 -59
17 -54
-60 -20
77 -70
45 -59
-35 -45
95 93
-87 -82
-40 47
83 -25
-58 33
-20 -7
-57 45
-28 11
27
-64 -25
-23 4
55 46
-77 -41
70 -16
44 -62
-3 -38
34 50
67 -41
14 -73
91 -9
27 -99
-89 35
-4 85
-96 46
0 -67
73 -1
-55 57
48 97
-81 65
-39 -22
15 56
52 82
16 10
-96 57
-83 90
68 6
95
-55 13
-71 -47
-1 3
33 -56
2 -3
-65 -47
88 34
76 -18
-30 6
-92 -78
87 -57
15 77
92 -38
4 -57
-86 34
40 -67
76 87
12 41
42 3
-37 -16
66 19
-11 97
-45 69
82 -28
54 25
-2 4
-49 44
52 -56
-75 -7
-34 5
-68 88
76 -87
-41 21
57 -18
39 34
-45 66
19 -26
-37 -52
14 -74
98 -98
16 -43
-54 -70
63 -18
100 84
28 1
-84 96
-2 -3
-64 -10
80 -48
-76 -14
64 23
90 7
63 -1
71 41
-42 83
8 -11
-37 -69
-33 -72
-98 34
31 -73
34 -30
-14 -79
-17 -42
27 60
66 52
-19 -89
36 -85
84 -27
15 -72
-65 62
100 7
-78 -49
17 -7
93 -10
16 14
5 -75
59 68
-22 65
99 17
-36 -95
53 87
82 -61
-62 79
21 69
-30 -32
-32 -73
73 66
-35 -41
-42 47
-13 -92
90 -65
19 16
99 -54
94 -53
67 -61
33
-22 -49
-24 57
-40 35
-12 -70
88 62
-49 -52
-71 -76
86 -89
29 10
99 26
-24 -22
-21 90
54 63
46 -96
14 50
-51 87
3 86
-47 76
80 -68
55 47
42 -23
-5 -5
-11 -34
-26 56
86 -19
51 60
99 56
-67 -53
17 57
6 -1
-78 -82
2 42
-41 -37
84
-36 100
35 0
-76 -30
-58 51
-3 -30
-90 33
72 30
-79 28
51 -62
25 -88
-93 -16
7 -68
-34 7
-90 70
89 -56
-38 91
-19 47
8 -9
-61 12
66 33
-1 27
-83 36
-50 -54
57 -56
-31 99
-79 17
25 54
-88 -34
-38 44
65 55
64 96
86 -85
-31 54
28 -9
-90 39
-79 -55
17 -52
46 51
55 68
-74 -40
88 62
-69 -39
82 91
76 -47
-77 -64
-18 -90
-45 92
-58 10
15 -37
37 -21
-89 -100
63 -53
83 -20
-77 76
83 -74
69 83
59 51
61 29
37 -32
-99 -85
-42 -91
-48 31
60 17
62 -38
-47 43
61 57
42 99
16 25
-95 15
4 -24
-55 75
31 -34
9 69
87 -33
-8 -93
-85 -33
-12 -73
-93 58
64 47
-4 57
28 -19
38 12
12 -2
37 -30
88
7 37
17 94
-80 20
41 90
-11 -41
97 -100
-39 39
14 94
-67 61
-91 -8
58 -87
-29 -82
79 -64
-23 16
77 -39
34 9
1 53
63 9
22 -100
96 -89
-8 -43
23 -18
17 47
94 -61
27 60
59 65
-10 -53
30 80
-77 -24
39 45
1 15
-35 32
96 -81
1 -86
2 54
-94 -6
52 20
-4 -68
13 37
-42 -35
-45 87
-37 71
78 61
-74 6
13 -55
-79 33
61 26
-40 -99
10 50
76 65
3 36
-22 3
15 87
-40 -19
-12 -89
-98 -44
-14 -69
-45 -28
44 -94
25 44
43 58
80 52
67 -29
-64 63
-89 -11
-84 43
30 -17
-42 65
-52 80
73 99
0 -81
37 78
87 -88
-83 -84
-4 -38
26 40
68 -61
-72 2
-73 80
-35 -71
-26 -43
36 76
-6 -52
87 78
-72 22
-57 61
53 -31
11 -7
89
-89 83
-93 -70
-17 86
-93 52
-1 -85
-42 45
66 -21
65 -72
69 91
61 -71
40 97
97 10
92 -24
-18 73
78 17
-88 -6
83 10
-69 0
85 47
-41 -58
-77 25
-9 98
-37 12
-27 -50
59 86
75 64
-44 -20
-100 -6
36 75
-38 -89
-6 -65
-66 35
49 -19
-42 -59
-25 93
75 -99
-69 72
-52 -32
99 88
-40 -41
82 53
-74 69
-4 36
46 69
-87 -51
7 37
25 -58
-46 -13
15 -55
-71 43
-2 -9
-77 -39
94 39
-14 -3
-10 77
55 9
71 -49
93 -35
-94 51
3 -30
-2 45
28 -9
-74 48
-69 88
-4 -21
92 1
-99 41
18 -77
10 98
43 57
-33 -57
-17 4
-49 15
-26 35
-84 -87
51 -13
41 -44
-4 -68
-70 71
-51 12
-81 13
-7 -45
15 94
-56 16
34 -100
-63 -29
45 -65
-87 -91
-31 -69
25
57 -5
-41 75
61 24
-18 -34
-5 59
-4 -31
-32 -32
71 53
78 27
100 15
29 37
-65 47
-57 -64
-25 -49
49 -7
-66 34
82 25
-76 9
-4 -68
19 -54
88 36
-43 34
-5 82
44 89
36 79
14
47 -89
-66 -73
2 -63
-60 78
84 -63
88 -81
-39 37
13 84
-29 3
-24 -12
-56 49
56 -77
72 -85
96 29
70
39 -75
70 76
-63 85
-7 59
-28 -67
-4 -57
-60 -88
71 81
60 56
7 -21
58 24
75 -57
-66 -10
97 -37
-99 70
11 55
45 -95
-55 -31
-30 55
22 41
-30 45
25 68
-96 -3
45 69
82 2
-82 45
40 -84
40 -96
2 49
58 6
-99 -99
63 -10
-15 -93
25 -69
78 74
-29 -26
-67 17
-81 -51
-90 80
67 -57
28 9
-37 -38
51 -60
52 89
77 -6
-90 2
-95 -1
25 57
48 -85
49 -3
-94 -56
76 37
24 75
4 28
-65 -15
58 -75
49 -17
27 -38
-47 -75
38 5
75 -76
-100 46
-85 8
1 78
41 1
9 7
97 -38
-58 24
30 29
77 -89
86
48 -65
5 57
-92 -56
25 -96
49 71
89 15
-11 -46
47 25
46 21
-2 -99
-4 95
-19 -8
-77 -76
-65 -15
53 94
42 31
-33 49
-79 -87
-88 -44
-83 80
-95 11
-79 53
74 -23
-19 85
-72 44
-76 -33
-59 -41
-9 -20
-5 65
-28 -14
44 98
-53 8
-92 -22
89 -48
-54 62
-3 -14
12 79
-26 -88
-17 18
-7 -12
19 -16
25 -62
-58 36
-17 10
7 -97
-93 37
-90 29
-41 31
-93 -73
17 -76
-39 -78
-47 -79
75 87
12 -34
-24 70
16 89
-6 -11
-53 87
12 98
-91 -49
41 -96
93 -95
15 94
85 42
6 9
83 -80
83 69
59 56
11 23
89 -67
-86 24
-9 38
-39 -6
82 -63
-74 -97
51 -91
90 -96
-22 -20
2 -24
63 4
-67 -6
-33 11
-9 51
22 42
37 24
33 -39
77
-92 12
-46 -17
-4 -78
96 77
73 45
-67 -30
-23 20
76 -79
-67 -57
-54 -79
-90 32
81 64
13 -72
-55 62
-5 55
10 28
-88 -44
-63 78
-20 -69
-37 59
27 -7
-90 -41
49 95
19 98
-32 63
13 -91
-26 -18
27 -90
-61 -61
95 -62
-69 91
71 61
-85 -2
-48 -45
-45 -53
-88 15
-85 71
-1 42
-43 -37
71 60
23 25
-63 36
51 -86
80 -60
100 -26
64 0
-93 14
-50 -69
67 51
-53 -100
26 86
72 -33
-99 58
-82 85
2 56
-96 -1
-66 -20
-40 93
95 -55
-64 -59
-18 -85
23 -50
52 -76
80 -82
81 -99
-77 88
-91 82
40 9
55 40
-87 53
10 64
-85 -37
-70 60
3 32
-100 -63
-37 99
19 99
97
-76 -94
96 7
-83 -19
9 -51
99 73
47 -11
9 39
38 14
-91 66
33 -47
-67 -3
33 -92
-39 47
94 -86
28 3
-100 95
23 -75
11 -63
50 0
-86 72
-75 -2
-79 31
-1 42
57 -27
-25 -68
-94 72
87 -50
-92 -99
-52 -40
32 -96
-33 54
-69 -23
4 80
61 5
-19 26
92 -36
8 -74
-33 100
-14 -68
99 29
-13 -8
71 28
44 89
-21 -27
-46 85
2 33
-49 -67
-42 -84
-18 -9
-28 -81
-44 46
29 -55
-39 -26
93 -27
-10 -2
53 97
24 8
-50 84
97 -36
-40 -31
-96 -15
25 19
20 -56
100 -26
94 23
-4 78
-77 72
-43 -50
-33 88
42 -29
-12 20
-46 4
-9 -2
80 64
0 -47
-27 100
93 -79
42 92
-53 72
92 -97
17 29
-76 76
51 100
-45 92
-47 97
-57 -70
-65 82
-37 100
4 34
-75 -39
-73 100
40 57
56 71
-38 95
-27 -18
83 -43
49 -56
90
73 6
61 -38
-53 44
-89 -93
0 38
37 70
36 80
61 -9
-36 24
41 43
-26 -3
3 -81
80 72
43 -13
69 -24
39 25
-48 41
78 54
-35 58
-12 45
49 82
71 -92
15 93
12 -61
-42 -36
18 17
64 90
-31 -77
74 -90
49 36
-75 81
41 -93
-30 93
-82 -65
13 -31
13 -78
51 -31
64 38
-97 9
20 -41
34 -58
95 -56
15 3
-50 -87
66 -92
73 50
-82 -82
-88 -81
-1 -26
-43 -79
65 -85
-57 -92
-49 -53
7 2
-68 31
99 -4
19 46
-16 64
100 -73
1 -61
12 -42
58 -63
17 82
8 22
-39 66
-69 66
-86 2
89 -65
-38 89
20 99
82 11
73 80
-19 -94
29 -3
32 65
67 9
-91 -79
8 -95
-98 100
60 16
74 -72
-44 -99
-27 4
-58 63
77 66
-4 -1
-53 -5
10 -71
31 -85
36 -48
87
59 54
81 -57
35 -52
95 -91
74 44
17 42
-39 7
29 73
-73 31
-57 60
-14 -86
84 35
30 62
18 59
94 66
-62 -7
52 35
-65 -12
27 -74
-12 82
66 -32
34 -9
-12 -20
-75 -11
-94 -83
56 -5
31 25
77 60
-14 -56
-49 -46
29 -83
-44 49
19 44
-43 -6
47 22
86 26
-26 19
12 0
-73 -24
88 -86
-4 14
13 -62
74 -49
-31 99
-65 44
-56 89
-74 -83
42 35
-13 -63
80 -62
98 -13
17 12
95 32
42 41
-94 20
83 24
-20 -59
43 100
39 92
69 -1
57 -90
-71 60
-44 80
-100 4
77 73
-33 -70
32 58
-91 -54
-92 39
-86 93
22 -51
78 -76
23 -87
-10 26
19 -1
59 -63
36 63
95 6
-65 41
-65 -68
75 -45
-63 49
-84 -94
48 -58
95 -66
61 93
-47 55
86
68 -38
30 -31
-87 15
11 -2
42 -84
-40 -14
67 88
86 -56
-92 -62
-23 -66
12 56
20 49
9 -23
63 -77
-86 64
-66 -35
-74 48
90 -40
-27 42
81 43
-11 -54
-57 13
89 64
51 1
79 64
-48 57
93 -8
88 19
-22 28
-9 -80
28 -13
-63 -43
63 1
100 -96
31 -55
-85 73
-61 22
-68 -100
51 19
-23 -43
-89 70
-81 -38
96 -87
56 -83
-74 -47
93 -22
-9 -19
70 -96
38 49
-54 -90
22 77
66 73
22 -35
-14 -70
43 -31
-93 68
86 7
-89 23
100 -67
70 44
-87 -18
43 27
46 19
5 75
40 67
-13 -86
26 -6
-26 -64
17 -17
97 -92
18 94
-67 -81
92 -35
61 52
-22 56
75 -54
24 74
51 99
-40 -39
-4 -8
-50 27
78 30
10 -58
94 -27
50 91
-84 55
65
-67 -51
-65 -17
-71 45
9 -63
-14 -29
83 25
46 -12
31 61
-10 93
-69 -2
-87 -45
-9 0
88 -26
-87 -13
40 96
-100 17
-48 -39
22 38
-97 49
25 26
47 -33
86 81
82 -29
-55 46
73 2
-86 37
12 36
-47 41
83 61
-9 13
22 87
28 47
18 80
-62 3
16 -61
68 -90
61 78
32 -23
20 -90
62 -51
2 65
-45 65
-69 59
-48 84
-68 50
90 46
-39 9
29 43
-46 59
60 64
-84 92
75 -6
25 -9
36 -86
-42 -97
62 60
50 -64
-71 -93
-16 -75
-62 77
7 3
92 10
52 52
70 80
15 8
40
-36 10
-53 -18
74 -90
25 58
-82 -1
-92 66
33 22
-17 -93
-63 -83
93 45
13 -100
-81 29
17 91
4 10
-72 18
-12 -71
-63 -87
9 32
67 -35
-4 -68
-18 -56
-65 -96
88 -28
66 54
99 -40
44 35
30 -85
-74 34
-40 8
-9 -82
-90 78
77 78
-24 40
47 -3
60 10
-76 94
-36 17
-52 -87
91 -68
-10 87
69
-62 -84
52 -29
-16 16
-87 3
-97 90
18 -87
27 43
-81 -42
-53 -48
36 -38
-30 25
33 4
-44 -67
-85 -87
60 -6
58 -60
86 98
22 -70
-34 8
90 -56
-87 -11
-34 -73
-86 96
18 18
-9 51
-21 85
47 42
43 -35
76 -84
-86 -57
40 85
-58 -100
-88 55
50 33
-7 98
-76 -66
-52 -21
96 -54
-16 -76
-52 6
44 59
-82 -2
39 -20
-32 81
7 82
64 -64
24 -41
52 82
20 66
92 6
87 -26
39 -32
-81 -29
99 -76
-94 44
-98 85
-35 30
56 1
60 43
-38 -41
77 73
98 63
64 -17
-42 -47
-48 -70
-54 51
-99 -42
-17 -57
89 55
53
-92 -36
-1 96
-25 24
94 -49
-99 71
88 -33
39 -82
-11 -19
12 36
39 50
-45 60
78 -9
54 -23
-4 -83
-30 -56
-76 -57
19 -69
-59 10
98 -41
76 99
0 -83
20 -41
23 41
77 54
97 -76
-68 -24
-9 -98
-63 98
-53 95
0 -23
22 -1
83 75
-24 55
-67 17
7 -99
96 -81
-44 -16
98 37
54 8
21 -61
-87 -96
-36 28
83 -73
81 -45
80 -33
-65 -77
78 31
-95 94
-44 31
25 15
-28 18
23 -63
23 -100
64
-95 -39
53 72
90 58
82 -95
-18 -11
-4 -14
90 77
-17 26
63 -24
8 -51
-39 -7
78 5
-37 -59
-72 -59
5 97
-62 25
12 15
-7 -15
2 -35
-94 -33
43 -96
-57 -93
-64 -96
82 21
74 -22
91 -89
93 -78
21 50
-80 -99
67 2
5 -31
97 60
-22 -16
41 32
-9 34
-88 -1
93 -21
-70 1
10 69
35 -86
64 -14
58 -66
58 5
-90 31
-61 -36
-82 25
-45 -1
-88 70
-41 -40
66 -70
33 -40
-99 -25
41 34
9 97
-10 -75
-67 -9
68 -47
89 63
-34 -75
-79 60
31 -57
90 -50
-1 26
65 70
58
-8 61
-82 -57
-72 -77
-4 -61
17 42
66 89
-87 -92
-9 90
25 50
-52 -7
83 -15
16 -9
24 -7
15 -69
56 -59
-34 -71
-67 13
-100 1
18 -3
-37 -15
71 20
-7 -20
-18 -44
-84 41
28 -6
-86 -72
-56 -79
87 53
69 -71
78 48
-75 -84
-60 -65
-19 60
-24 60
95 91
-7 99
57 -43
-83 9
-83 -77
77 -20
65 -66
36 -76
39 11
78 -85
42 17
42 9
-5 -89
-80 -81
-71 11
-58 90
58 -73
34 61
-69 65
-11 -67
-34 -29
76 10
34 22
18 -5
22
77 8
81 66
-67 -38
-86 -44
-37 -53
91 -55
84 30
-28 -62
38 -74
7 65
1 13
55 23
-6 2
-55 -13
-38 52
-36 83
76 10
-41 -53
42 35
-53 35
94 -69
-3 -47
42
25 31
-66 -77
-1 29
12 -22
-83 -48
-4 -19
16 -36
37 -43
-91 5
-4 22
-93 39
56 -7
58 58
-18 87
-15 -35
-92 -61
49 -54
-4 -76
87 -94
37 -72
56 49
-47 -41
-21 -13
-76 68
80 60
-23 17
99 82
-88 3
26 -56
46 72
-42 95
-8 -27
58 28
94 -18
94 32
79 -77
4 -41
85 55
-54 59
-52 -91
76 -77
-40 38
92
20 -23
38 -44
-22 5
81 -94
55 33
-73 -70
-43 97
32 -89
-11 -13
32 0
-93 29
39 12
-58 59
-40 -83
-64 -51
-54 25
10 -89
54 -28
34 -8
-35 -32
-58 18
36 -70
8 -96
29 22
-67 42
98 -11
84 32
-95 37
-53 23
38 -35
41 56
-2 -79
39 -24
-75 97
94 -26
73 13
6 -9
76 93
-5 -18
-45 -64
-44 -98
-21 83
-90 98
71 26
-12 88
72 64
-12 13
-98 -85
62 2
-80 28
22 -28
40 -18
21 90
44 39
17 -62
-34 12
3 -2
-2 -3
47 -30
-93 36
-9 42
-2 65
-68 -11
-40 -71
43 -85
89 79
-11 54
-65 38
-7 91
71 59
64 81
55 -81
-20 24
-65 9
40 -14
51 -32
-55 -95
-48 -33
-98 12
-38 -21
-76 65
73 61
12 -60
-24 37
-49 -78
3 9
36 -69
59 -59
-30 29
19 -47
53 64
7 37
19
66 -30
-17 -40
-48 -49
69 98
-41 50
0 91
80 -8
-65 75
16 73
-26 -40
-100 36
17 -63
30 -8
78 55
29 85
-4 -80
-22 59
87 -17
30 46
96
41 23
62 83
-15 -5
-99 54
50 51
98 59
10 33
73 93
90 -21
61 -86
-48 64
-69 44
91 75
-95 -82
39 43
-80 -50
-12 66
-46 -52
-85 74
88 36
-16 37
63 -62
19 -19
59 -7
92 -8
7 47
96 -65
44 35
5 33
-95 59
18 -1
5 32
-81 72
40 27
68 -37
30 15
-28 -56
-42 -11
33 -94
-67 -18
6 -50
14 -3
-54 -55
-79 82
59 -85
-66 99
-31 89
78 -21
92 -40
88 3
96 -10
-15 -29
-91 -14
-21 -58
-1 22
88 35
60 47
16 72
92 -18
41 18
26 -86
78 -86
-65 -52
-23 -1
60 75
47 -96
51 -64
-25 -86
2 84
10 -73
58 82
-32 88
-3 -45
36 -11
74 12
89 -32
49 -37
-32 -3
-29 -71
29 -51
-42 -61
-6 -52
55 93
42 -43
-43 -98
-17 30
67 -80
61 -65
58 -37
47 38
11 57
82 -95
-74 -37
70 97
-74 -39
33 100
38
-49 96
-60 -27
-78 -59
45 -12
-71 -50
34 52
86 -28
97 -44
-3 -7
78 96
-18 -19
-20 70
3 -44
-8 -79
36 21
-33 77
-19 52
16 16
-10 9
-5 14
98 -73
-90 -42
41 81
-80 2
-62 -76
24 98
14 -1
30 45
-31 62
-11 83
-15 -82
15 -92
-94 -44
30 -82
67 3
-37 -30
-50 -18
-30 -15
82
2 -4
44 86
3 38
-80 95
85 -56
-76 -95
89 -73
-30 -34
-43 -44
78 -81
-29 -41
18 77
39 -12
77 -74
92 -58
100 23
-56 -35
22 -22
-80 57
-20 82
-2 65
-59 -46
-61 66
68 -88
-93 11
-65 -28
-24 -51
-40 -88
74 -21
95 -83
45 -57
17 4
8 -81
-4 2
10 -58
-83 -5
87 -40
-84 38
-55 20
-96 -34
67 56
-60 -29
-40 43
-57 77
56 -60
67 -73
-93 -67
-20 14
85 56
20 -99
68 37
-59 -91
6 -79
75 23
69 -54
85 -66
20 44
100 -18
-53 -73
4 -16
-14 87
70 -70
8 87
-81 83
-21 74
91 -31
-93 -42
-51 -15
32 46
-89 -80
42 -92
77 -26
69 -83
98 9
74 74
-99 61
17 11
13 -87
19 -35
-28 9
-24 86
-72 77
97
46 35
-47 40
-58 43
-60 -27
77 -96
43 85
-42 78
13 -34
62 -12
82 -22
94 -31
-39 -71
-75 -23
15 4
33 7
-23 -51
-48 -39
74 -84
-64 -7
25 86
69 48
-94 -53
-60 -21
44 -84
64 -24
100 2
3 -48
99 70
-79 74
32 25
29 83
-52 74
97 34
47 8
65 -53
-100 58
-47 -12
98 99
-63 -3
100 -28
-40 -68
-58 35
45 -67
15 25
-36 68
-11 43
95 22
59 -63
-53 56
-60 -39
57 -100
-15 -69
23 63
70 -48
-7 99
-69 -70
12 -30
-47 -31
76 -90
-29 77
73 23
-52 -55
64 59
41 51
-2 32
-48 -24
-77 83
91 -20
-99 -9
48 42
82 49
-10 17
-53 7
98 -70
53 -44
47 -40
-34 -21
-37 -2
16 -3
77 66
-70 90
-47 41
-94 -80
37 24
-63 -35
-94 11
75 76
37 97
19 -64
29 76
34 -2
30 -4
-25 -25
-11 -34
-32 -54
-63 -87
-94 -25
17
68 4
22 -15
14 -24
-14 -88
-39 -76
33 -26
44 29
-12 98
-40 -81
43 -76
65 -30
-64 -85
-47 16
-92 -81
90 -88
-87 51
58 -41
29
-58 26
-98 -48
67 41
68 85
47 95
14 81
86 55
40 -44
-61 98
72 1
-51 -91
-93 -41
90 37
93 -13
62 81
-20 86
88 -4
-77 -52
-26 25
99 -61
-70 96
16 80
-44 -78
-81 -85
47 100
-17 11
-75 49
68 -53
-47 29
102
72 51
-39 45
45 41
26 30
-100 -90
89 -45
33 59
-35 32
19 96
23 13
-73 -2
41 -87
-12 -16
99 -79
31 -87
-18 27
47 -29
-59 46
-3 -9
-6 -54
-25 -20
-80 -88
1 -42
21 -12
-24 77
-4 74
95 -34
-6 16
-2 -17
40 38
-1 -5
51 68
89 24
41 -98
94 -16
8 33
-60 -71
50 -50
14 -55
96 45
66 -99
34 -56
41 -27
-23 0
86 -31
98 -78
-72 -50
84 66
34 16
38 35
87 -57
30 -84
-80 -84
9 54
30 79
22 -56
-82 -71
-31 100
-76 -92
-29 82
55 14
74 -25
47 -70
53 -52
19 23
12 -15
-86 92
-22 -6
84 5
-8 62
-98 20
-10 18
37 -49
12 -2
83 -67
32 -7
44 -33
66 73
-27 -27
37 -37
-51 -58
21 70
-69 -87
-37 -30
-12 16
-5 60
-56 -61
59 86
24 -54
72 97
-48 17
60 33
-30 -18
-86 90
-85 77
23 -30
-31 -96
4 36
-69 75
-59 45
-79 29
32 87
63
-23 -29
83 39
-65 -86
35 -34
-6 -74
3 -56
31 -29
-74 65
79 -35
-79 31
60 64
20 -98
-66 -93
25 2
96 61
72 63
83 -13
28 -41
-99 1
93 -7
-71 -83
11 76
41 -31
8 61
53 -88
-79 18
3 67
64 -24
59 86
-64 6
76 6
81 -61
18 21
-25 40
75 31
93 79
43 22
-47 87
99 41
-65 -43
55 -13
-61 0
79 21
8 40
-17 -3
24 -89
27 15
-5 -30
98 -55
78 75
70 81
-100 49
6 -26
-78 -51
69 -55
83 20
90 -46
-88 57
-91 -74
-31 -65
-52 -93
73 99
9 25
27
-4 10
-14 76
41 49
-100 -20
-83 -3
61 -97
-79 90
47 93
-44 -89
-99 -57
-86 -98
-11 29
84 35
-45 -96
-77 -74
26 15
-31 -52
48 25
-4 -34
-89 54
-53 -12
44 -47
19 100
2 -22
67 -97
-80 48
-71 14
15
71 13
-48 31
55 53
-56 61
77 62
-96 -60
55 36
2 -79
-50 -15
-76 -92
-6 -75
-51 69
21 50
63 79
-22 -31
52
-72 -38
23 -14
34 -39
41 72
-71 91
-11 13
92 57
-74 -15
88 58
74 32
-87 -89
0 45
-92 -20
-31 -35
78 98
14 74
-15 14
7 28
-62 -12
91 -98
-9 -63
-67 69
45 -51
-56 -48
7 55
-90 -21
38 96
10 -67
-82 25
-30 3
35 75
48 -51
-12 20
60 -83
80 76
1 99
43 -28
-44 82
-6 -54
-52 -43
-27 31
-51 23
95 -70
-18 -96
-81 -86
-31 -94
91 -78
80 89
-10 -60
46 90
-37 -14
80 -98
28
10 -27
24 8
66 47
98 71
60 -17
72 -47
66 -38
48 88
-94 2
-35 -56
-58 -25
-80 80
51 -48
-30 -87
33 -15
45 27
23 -47
11 95
4 -49
69 30
-36 -67
-39 39
37 97
-77 39
95 19
-76 -59
40 2
77 40
98
-77 -51
27 50
-60 78
99 49
-40 -53
-1 -3
21 -79
-99 -49
-15 -68
-87 -20
-13 -97
-8 26
49 -97
-42 -29
28 86
17 -19
-81 -55
-74 -52
-83 25
-50 10
41 55
33 -8
75 -100
86 -76
-42 -25
39 14
78 -9
43 0
-56 -99
-54 -43
0 -3
70 17
63 47
75 87
-85 84
26 -4
-78 55
-22 56
-55 -97
-18 65
6 49
-45 -56
80 45
-7 45
-15 -67
15 10
57 -76
39 -46
-68 39
-83 84
64 32
-55 -91
84 21
-56 62
-62 42
-77 79
36 82
74 12
-65 57
15 -67
-28 64
81 -9
-63 47
80 -59
-98 -40
-15 -50
-30 -6
-90 20
-43 42
-10 -44
85 1
-38 -64
1 38
5 58
40 -46
-58 4
-80 82
-48 33
77 -48
9 -18
83 93
-5 -48
32 -91
17 99
8 25
35 87
38 21
45 -52
-98 52
-55 -14
-88 41
62 -48
-53 -7
-47 73
49 -78
-9 56
37 54
-95 -13
43
76 -37
10 79
-95 81
43 30
-23 71
32 7
61 16
50 -28
-64 -71
-35 73
17 -72
15 -62
89 71
82 -14
-78 -57
-19 83
-25 -68
-33 13
87 35
14 54
13 -65
75 34
-5 -83
-63 17
-33 96
-94 89
10 32
80 42
87 -79
-37 -15
-19 3
-58 -5
73 -2
62 39
23 -53
-87 -23
-65 89
19 54
16 -17
53 -96
16 -21
98 59
87 -15
16
16 -13
-74 1
-87 -30
-65 62
-36 26
-97 100
22 -17
28 -86
9 8
-2 -1
-34 -17
-78 -75
-54 16
-79 -29
-16 75
-10 -86
26
-57 -10
-60 -51
-43 -21
-60 80
-78 -79
-8 -100
-45 60
3 6
-49 22
57 24
64 60
80 97
67 -73
79 100
1 -35
-47 -15
-39 -66
-38 -100
81 -90
80 84
-47 48
46 85
-42 58
1 37
-65 -52
-5 69
56
-30 -10
43 95
-4 74
-64 89
-90 86
-32 -65
49 34
-21 -85
-15 -100
98 74
10 73
-76 -19
-24 84
86 78
31 76
60 -30
-73 -73
-54 5
-33 53
6 -25
-66 48
98 -40
-70 -61
-25 41
95 27
47 60
92 -85
65 86
-74 -93
75 -16
-37 50
-74 77
-4 78
-65 -17
87 -72
12 -22
55 47
-73 97
19 27
-19 31
79 100
-90 -84
-1 -20
-9 -37
-59 1
17 1
5 -42
-54 8
93 72
38 37
-83 -10
15 87
-13 57
37 -11
-90 -97
-87 21
67
25 89
-58 -4
58 -2
-63 -20
-5 71
-89 20
72 -23
40 93
-90 -91
-68 33
-47 -86
-15 80
-14 -84
7 -78
37 -38
57 -22
31 84
-6 78
79 18
55 -17
-21 -45
48 -30
-86 -10
-81 -37
60 61
-29 25
40 -60
51 84
-63 0
79 94
81 51
-78 69
83 89
-81 -90
-51 -8
-3 -25
24 -14
9 -44
-88 52
-42 -55
-29 60
46 37
-44 -57
-68 95
-6 95
-38 24
19 45
-36 33
-40 -67
-63 -93
67 -53
77 49
-3 -20
-62 -63
45 -23
-84 47
-90 70
58 41
-10 7
-98 18
-94 -90
33 42
77 -43
40 63
-74 -13
-100 49
1 75
35
50 -46
-46 30
-47 -4
-27 26
39 -75
-22 0
-50 -58
-44 -64
61 -14
9 7
75 30
-38 -27
52 77
-17 -50
-22 -62
76 20
0 -41
-91 -43
-54 9
79 -89
-65 9
2 14
-55 26
55 -39
-8 0
-32 63
7 57
69 -57
8 53
37 49
-20 82
-49 -91
-78 60
90 -55
-14 -28
51
-21 -8
-87 -20
-7 5
-47 -5
-16 33
-73 -57
-41 49
34 84
-27 -81
-53 -59
-33 26
-7 38
-94 60
36 -9
49 -15
71 -46
24 30
-71 69
64 -28
-66 97
51 42
86 4
96 -24
87 29
-25 -48
-68 -44
-1 20
-5 -10
-39 -76
16 49
89 -57
11 68
49 58
-4 -2
50 -78
-99 94
-87 -78
-98 79
-5 48
-49 -99
-4 43
-40 -51
38 42
-58 8
-14 -2
98 83
7 -18
14 -95
-15 -9
96 -11
10 47
35
-97 61
20 -94
-94 -33
-100 15
-25 46
81 4
-18 18
-38 -93
-87 -84
-48 73
-52 -58
34 -83
46 25
-49 -67
-85 -84
7 10
22 76
22 100
52 49
-16 -35
38 2
55 29
-33 56
-59 15
-19 -1
-100 -99
-85 -74
45 -46
69 -92
18 -31
-68 -31
19 -13
-66 -13
85 87
47 95
76
73 16
72 -29
-8 -19
-57 40
-29 37
-61 88
33 67
-48 42
2 89
-6 45
-25 99
-31 -51
-60 -39
10 -57
-48 -32
93 -16
75 -35
82 -96
46 -91
49 11
75 52
20 -41
-6 -74
14 -36
80 77
19 -73
66 66
0 -51
-37 53
15 0
-87 -84
79 61
-39 -70
23 98
92 96
-19 -27
-67 -97
-46 -70
54 -49
-99 -40
-7 -84
62 -40
-75 -6
-97 42
18 40
-1 16
33 4
73 29
28 -6
37 69
50 13
-67 14
42 -85
8 30
49 -16
12 5
-86 -18
-46 -19
-93 82
-30 -26
-72 75
-32 -62
-44 -60
0 -69
24 -87
24 -47
6 17
63 -23
3 -75
5 -87
95 -54
-30 -99
-37 35
-82 22
94 -2
-62 -20
56
-35 36
49 -86
-3 -62
-49 77
28 42
84 75
68 -34
-38 65
-20 -9
-83 8
-19 -36
-61 -32
78 20
94 -54
19 48
-86 19
-83 18
95 23
3 37
42 -83
57 49
68 44
-14 -88
-47 -14
-14 -65
-55 -99
-81 73
2 -53
75 92
87 -10
-12 -67
-20 35
45 18
94 19
-57 26
-94 62
-76 -26
-75 -4
-35 79
91 -1
-69 92
-4 23
10 63
-4 -12
-2 24
27 22
5 9
26 -55
6 52
-73 -71
35 48
93 55
-33 -28
70 -20
-70 -42
72 65
23
-91 -93
-3 12
0 87
-81 -27
84 -57
-54 -41
-56 5
54 -35
-2 -42
90 54
85 47
53 -30
-82 -40
16 -47
-77 88
37 3
88 54
-44 48
-23 87
-63 -46
-85 -17
0 -50
-80 -74
50
-58 1
23 -49
60 -11
28 97
-38 89
34 -89
71 87
-47 41
-12 80
-18 -81
-35 -15
-83 84
35 89
83 -51
52 -73
-50 85
77 13
100 85
-86 -81
91 11
32 -5
-15 5
-86 -66
49 0
-8 84
100 76
-78 67
-79 -93
-68 -83
-2 -27
4 100
84 -33
78 62
-53 76
44 -59
2 -3
59 -42
11 -46
-84 87
-13 81
-38 -46
83 39
-60 82
81 30
-44 82
-20 -49
18 73
56 -2
3 35
-37 -24
15
-20 -81
-67 96
4 95
70 -25
-95 -47
-54 37
26 0
26 5
77 -40
48 33
-57 -7
34 87
-93 -48
1 2
-67 -91
57
98 -10
76 92
-83 10
-94 76
-84 26
-73 57
-33 -46
-31 86
60 73
15 100
-33 55
-64 -80
50 60
74 74
34 -88
-88 18
-86 94
-1 43
-36 -29
17 -45
47 -50
49 63
13 -12
-38 -71
9 -48
89 -51
99 -48
45 -46
78 -13
74 -87
-51 -25
3 22
44 -65
4 34
-36 -52
-37 7
34 -54
-73 53
20 -71
-66 58
-52 -77
-72 53
-50 82
87 75
-18 -54
5 58
47 -75
-14 -5
82 35
16 -10
-65 29
-74 5
-62 45
79 -51
-60 -7
5 -49
9 96
64
80 80
-26 -86
93 -51
-21 64
39 47
8 6
-65 40
30 46
-93 -6
-87 45
-32 -91
40 98
-79 93
52 -73
-93 78
-55 -24
74 -2
-49 -10
-26 -13
31 44
14 -67
-63 -4
55 -81
5 -12
59 -16
12 70
-2 37
-2 30
-51 63
44 -28
-14 28
-20 89
-27 -25
-10 -64
0 9
-17 -32
-17 21
-27 68
-10 24
-36 -96
-78 -18
84 40
34 29
59 29
-63 -42
91 -33
-83 -13
-66 53
-77 -48
-31 64
-77 21
-26 -26
-43 38
47 -25
74 82
88 21
-61 -71
55 -29
91 41
-59 -25
17 15
37 53
-61 -41
72 -56
81
-31 18
-27 61
100 76
-98 52
5 -76
-73 -3
91 26
10 -22
-34 15
-99 3
-89 47
-39 -25
45 36
58 -6
-76 -71
-30 46
52 -13
22 -50
22 -39
-42 -9
-43 -51
38 7
57 99
3 -90
-10 -55
-41 96
2 83
-98 43
-78 75
67 30
-29 33
-78 -75
23 -50
96 94
40 65
-97 -14
-19 3
56 14
20 -47
-17 73
80 70
2 -82
100 40
71 83
-84 21
-56 22
-8 -28
27 -92
-96 58
-9 -70
75 26
-50 10
-28 17
-15 -71
-85 -18
-71 46
-19 31
-32 17
-52 -31
-46 64
83 37
-37 -95
-16 25
52 -80
-21 53
-90 10
-76 -28
-25 67
-65 -32
-20 30
53 -83
-51 45
90 21
-93 -32
35 45
98 53
-90 68
89 -93
97 -69
-43 -98
38 30
19
-22 -91
66 -68
20 -40
8 58
-75 -29
79 50
37 96
-100 68
-99 66
39 -82
-55 -85
-85 -3
10 38
-44 93
-28 62
4 87
10 81
-96 62
-100 -21
65
89 -31
12 -17
-100 20
-9 66
-4 89
70 -17
4 67
-73 15
41 -44
78 91
-82 42
64 47
-29 46
10 -61
62 -29
63 -46
24 100
-51 -57
81 20
-70 -21
-90 -37
-39 24
-87 -3
-73 -75
-84 -42
48 63
70 -12
60 -70
77 -62
-90 -71
-92 -12
62 -36
-30 12
76 -92
-70 -41
-52 83
-37 11
-8 -64
-83 100
-31 -29
-66 -38
5 79
-44 -78
-63 -67
-61 1
55 43
-46 70
1 -12
-34 -86
7 78
74 -94
-65 -9
93 35
-29 99
-98 -54
-61 -93
72 16
-67 52
-98 17
-34 31
-100 85
100 36
-99 95
-97 53
-16 -6
91
43 98
86 94
-27 -70
-91 94
-54 65
50 -30
-68 -43
39 10
67 -59
-55 -57
-29 13
25 30
-33 -57
62 -99
86 -56
84 4
-36 -49
21 8
-8 25
-20 -12
96 -59
39 -100
72 -11
16 42
3 45
-59 52
59 92
-15 84
-32 -88
-27 11
22 -5
53 22
-9 76
28 83
16 58
3 48
29 -77
-47 -69
-77 -22
-54 -80
51 48
94 2
-98 -89
99 -1
12 28
-82 95
35 68
71 -53
-53 -41
-61 -96
93 84
-86 -74
26 -18
24 -97
68 66
-95 29
92 -78
4 14
-5 -42
-5 -64
-26 46
84 7
70 -58
-70 9
97 15
3 15
83 2
55 100
-19 -92
10 -15
4 1
-39 84
-21 -99
26 84
83 -9
-28 71
29 71
-24 17
-64 -78
46 -15
96 8
90 -16
-9 -12
49 100
-64 93
51 73
-10 -51
-67 -33
71 7
-59 36
63 96
15
30 -15
53 -89
20 57
51 57
-15 -11
-31 -78
94 65
-88 9
44 63
-21 -32
8 -17
55 -60
65 65
-46 -52
77 35
85
29 79
44 60
-33 84
-93 32
11 27
59 85
67 21
12 -50
-39 -13
100 53
-6 41
90 47
-80 40
-53 -41
-5 6
51 -34
-32 -40
82 61
-44 -90
-36 -75
56 70
-87 54
31 -1
66 41
-44 -89
0 57
-26 98
-63 39
24 -84
-59 -54
-48 -93
-100 41
-81 57
-82 40
-59 14
16 94
74 1
14 19
87 -94
61 -69
98 -98
-84 12
-34 -26
-12 -58
97 24
32 16
30 -95
73 -43
-1 -85
-86 13
61 81
76 -61
-98 -97
-59 -69
-86 -9
54 94
17 51
34 -49
-47 -1
48 -2
-90 55
87 33
-91 -55
50 -51
88 -49
38 74
88 9
-94 1
84 -67
69 49
-65 -71
-46 -37
98 15
-71 62
78 -70
92 -44
-84 -12
-45 5
-75 49
47 -43
87 -39
-2 58
83 80
20 -30
41 23
106
84 41
-35 54
63 -77
-71 -70
21 69
-3 -48
-41 -18
76 -2
-6 93
-24 21
55 -80
76 -31
-40 -16
56 -15
17 -3
85 -43
14 19
-42 -60
26 63
-77 58
47 -32
93 -34
57 79
-25 -3
97 49
87 -93
-75 64
32 48
18 -67
-63 -22
6 0
11 34
59 77
60 52
11 28
-14 60
-25 93
25 52
-1 33
77 79
-77 -100
-95 -66
58 -46
-92 27
-30 -86
-42 78
-1 19
-51 -43
-2 65
-72 -57
74 -75
-13 -28
80 -83
-36 -70
60 -19
20 22
7 -91
41 5
-83 -73
-48 33
6 25
48 -68
-61 -77
-93 47
22 -42
25 -76
-89 -55
-78 58
50 94
60 -71
-20 16
-8 51
-4 15
-24 37
79 4
-90 51
18 -2
18 92
-16 -81
-64 22
51 -50
97 -20
-74 13
-34 3
-69 -14
-75 25
53 15
10 -60
-73 32
-66 62
42 -15
-47 60
56 -13
-81 -53
17 -42
56 23
65 -4
12 69
61 -83
89 -33
-25 86
79 88
81 -46
2 66
-83 -30
-21 25
18
7 6
70 93
-24 -58
67 -74
73 -60
-98 70
31 -98
63 -77
84 68
-6 -41
43 8
49 88
-9 1
-53 14
-14 86
-6 -53
12 -92
-65 -7
97
-39 -30
100 16
93 -7
35 51
76 -90
18 14
-98 61
-65 18
-24 -6
19 -83
18 -7
42 -45
-69 65
78 100
35 -33
-3 -76
86 -37
92 27
2 -71
-87 20
-54 -87
-4 -21
81 -21
12 27
-44 44
51 -35
-41 12
-63 -9
-13 12
-28 54
31 -29
-30 -14
60 4
41 -82
91 82
-63 23
-9 -67
97 -2
92 77
80 54
88 -30
71 -7
-76 -32
96 -38
-75 -5
-24 66
1 -50
-63 -32
-9 8
95 79
34 85
20 -24
49 72
-17 23
100 65
72 -81
-43 35
67 58
47 -72
17 -41
15 60
29 5
-50 -55
11 -37
-68 -16
51 -4
-38 -85
52 -1
-40 40
12 20
-35 9
-4 8
-18 -28
16 34
77 41
81 -87
-74 -39
-44 15
38 -47
62 92
27 -48
-29 -68
-55 -1
-3 -15
-42 99
28 -92
-97 -72
23 51
17 -77
-73 -11
22 -23
-89 3
62 -30
33 -3
76 -100
-39 47
86 -95
57
15 18
28 -8
-63 -91
-30 54
-15 52
77 -41
-72 35
-28 77
-38 37
-25 -57
-6 89
-2 -38
-49 47
-31 63
84 -96
61 21
-87 -77
-98 -20
-84 47
58 -14
-11 57
-42 -42
-2 80
49 -11
-93 53
99 -77
66 15
65 -100
81 64
-57 -40
-78 91
61 -94
-3 -13
-10 61
-20 9
-48 -21
-96 -40
29 -88
53 99
-15 -81
-83 48
96 4
-23 32
68 14
33 -54
-67 95
66 57
22 -91
-76 -48
-71 77
-2 -55
-64 -21
8 -55
-79 87
73 -49
86 12
-58 -71
18
-51 -3
22 -94
53 -86
-43 31
1 59
-61 -24
48 8
-44 -20
-20 -26
65 95
-72 -5
-8 9
63 -18
87 35
-22 -52
-7 4
-35 7
89 -44
48
-69 -56
-94 62
-75 -50
33 5
39 -50
-45 83
48 55
87 67
-45 60
70 60
61 -52
-100 -71
50 69
26 -63
-14 -71
97 -79
-81 31
-53 65
39 -63
3 -49
-88 31
-50 19
-83 95
35 80
-61 -52
49 -22
48 44
70 -51
-26 96
67 10
-45 -20
78 5
63 -46
4 -73
-55 -54
17 49
33 94
-86 88
-1 68
59 41
-41 -14
-87 15
30 -43
94 -21
60 5
50 66
93 -29
-74 -6
19
77 -98
-93 35
-59 -41
45 93
-39 -67
33 -75
8 16
-8 -31
-24 -57
-93 79
11 16
-60 54
-21 54
35 -24
62 -78
-51 -42
-74 12
85 96
69 9
34
-46 1
-76 24
30 45
18 -33
-71 -32
-36 10
48 4
96 38
-46 2
4 4
23 4
-66 -89
43 27
39 -49
86 -75
69 -74
55 -76
-56 -94
86 -56
-4 91
54 -45
-69 -79
71 -75
0 15
19 -45
53 -39
-90 -96
20 54
-42 49
8 39
-93 -88
-26 -98
0 -85
-28 -2
24
-59 -23
-57 14
-36 47
30 43
-48 -44
63 7
1 39
40 70
-13 -21
65 65
-43 61
76 97
-46 3
-88 21
56 -55
56 -70
84 87
75 -83
11 94
-46 62
-65 73
-93 -52
98 -41
-71 -38
98
-57 74
55 -92
50 47
-97 19
-33 -18
15 -89
48 78
-31 -32
-88 35
-44 96
52 51
-35 -33
-6 48
-84 65
-43 12
97 -9
24 51
77 47
-58 -72
68 22
0 13
-80 12
-70 9
-57 -1
-16 40
71 -23
47 -73
2 30
0 48
77 -56
43 -77
-28 -62
-2 89
-52 -9
66 25
-68 41
95 80
-99 -90
-98 23
-80 -19
-37 81
34 -68
-30 -14
-61 -24
35 -67
-28 95
-66 -15
-37 3
-76 62
3 98
-80 -24
-38 -31
-29 26
19 77
-38 -53
-15 35
93 33
30 -97
99 -3
-89 -79
94 -40
-84 91
15 63
4 91
-80 74
-6 18
43 97
18 -70
10 8
13 22
-83 -14
64 -32
-35 -47
-23 89
59 19
17 20
-34 44
-100 22
60 42
-40 -30
17 -54
-72 48
-28 -97
65 -100
44 -69
99 33
-29 -72
92 -93
34 68
-26 73
74 54
60 36
-99 -1
18 -18
54 91
-42 83
-74 -33
30 -82
100
57 9
32 -6
-59 100
-41 -67
-88 79
-68 52
16 98
99 -53
-41 -50
-90 6
48 -68
6 70
-55 28
33 -11
78 -84
-74 -49
-66 90
-6 23
-44 -10
-45 93
-34 84
22 98
-63 92
37 -56
-3 52
-49 -48
-36 -76
61 88
95 -64
-43 -46
-79 55
-60 -99
82 51
-29 -18
48 -43
-84 -54
-19 -38
-25 -40
-56 79
-44 -2
-90 83
98 90
-90 -91
-28 -93
70 -44
-18 91
-61 -21
96 57
-10 4
-68 -32
85 -60
-41 29
-7 -9
89 65
-83 47
40 97
-25 77
-53 43
7 73
57 92
-93 -22
-51 45
-13 94
-43 -53
21 -76
-84 -82
-43 -92
10 -16
34 25
9 -53
82 31
-92 58
-90 19
97 14
57 38
-42 71
82 74
-28 -24
80 57
20 53
82 -15
62 -75
26 64
79 -6
-67 -30
52 66
-69 -54
67 -38
46 65
-64 -23
-26 12
46 38
52 50
-84 89
36 -5
74 -4
-91 -15
82 -56
-79 -4
-6 -69
36
-93 -19
-99 -71
69 22
-50 -22
20 -36
-22 -99
-67 -33
65 42
-32 46
-59 26
-90 53
-81 -29
-100 -45
72 77
-33 -12
-22 -37
-85 -53
-57 70
-76 -14
46 66
-32 68
-98 32
43 -11
39 95
30 94
-48 48
81 82
35 23
-57 -86
-54 71
-15 77
17 49
-53 58
77 -2
-100 38
-34 -1
81
73 -2
13 -83
59 31
37 56
-21 -1
-32 -69
-23 -44
-78 82
4 -83
-28 -55
-90 39
89 65
-58 -2
64 85
-82 -96
-1 48
-17 -85
97 91
72 -81
41 -39
2 37
-14 -68
63 44
-13 -28
97 -97
-70 -12
-58 30
-67 -35
63 -88
-43 72
-81 -50
41 -30
46 2
86 -39
-31 87
-25 -17
77 60
-52 -12
-98 -61
-67 48
-66 47
31 -64
-49 -19
24 -3
-10 27
-24 -99
13 -55
62 -80
90 99
69 47
11 55
60 51
-45 -54
-29 43
1 45
-31 64
58 93
66 17
-70 30
-97 91
53 -84
77 -11
-13 94
-50 -28
-48 42
100 -55
75 -26
19 -6
30 71
-93 63
55 -43
24 59
-76 -5
92 6
-88 19
-5 16
55 65
-39 -8
-87 -94
47 -41
-20 86
51
1 68
-29 -90
-38 -73
-68 98
43 -55
-87 -4
-94 38
-71 34
-2 -43
23 90
-49 5
27 61
56 94
46 -36
-85 92
16 8
-25 82
-37 21
0 67
8 77
5 -13
-9 95
47 -56
15 -35
50 -82
-35 -77
-95 -92
-4 -44
91 16
33 -54
97 16
-25 49
-4 90
56 -26
16 77
-73 7
-57 -6
22 66
-31 -25
60 27
-82 -88
-93 44
58 -54
67 55
-97 81
-43 -3
-47 5
34 81
31 -59
85 -49
-24 85
57
-26 91
-17 82
85 -90
-10 -95
-11 67
-38 -60
46 47
-33 -48
61 17
76 -30
73 -4
-25 20
-90 -16
22 -16
70 52
98 49
-80 67
-30 -80
-24 1
-14 69
-51 12
47 57
20 -25
-36 -80
60 -34
25 89
-36 61
68 -85
61 32
10 6
54 -51
-19 79
94 -87
-83 -88
-76 -10
31 -2
42 -56
-39 6
42 44
-73 -44
7 -46
87 -92
19 -51
81 -25
95 -40
-7 -64
-84 -1
69 -50
45 6
-94 22
8 81
76 -21
68 3
-91 57
3 67
15 63
-9 -92
63
-39 -43
-8 58
0 -71
-95 -59
37 93
48 -37
82 -75
-27 77
-39 30
-96 -81
-9 -41
-69 99
43 -49
-69 -65
42 -52
-95 -66
-7 -32
-2 57
-17 19
-98 70
1 -38
-84 43
40 -13
-67 -65
8 -53
63 0
4 51
-36 -81
-73 35
-62 16
84 -40
56 -22
-76 -86
44 74
95 4
-33 3
-61 -17
90 100
-67 -91
-58 15
-54 25
72 0
-66 -66
44 -74
18 -28
-41 -92
77 61
92 -63
9 90
48 88
-80 17
19 -42
60 -90
64 -12
-51 -15
-89 5
-24 -83
60 -56
-3 -23
-82 24
11 39
12 -93
29 -46
91
-65 27
14 3
77 81
-44 -94
-41 -87
52 -96
-52 -29
3 79
8 -74
48 66
3 -14
23 66
1 71
58 66
4 88
-89 35
21 -91
48 -34
38 -62
-6 -63
70 0
-1 37
83 -44
-80 -51
0 -32
-41 98
-35 -5
-68 87
-5 -68
87 -28
-15 93
92 4
-62 80
70 -55
-18 -7
-36 -68
-11 88
62 -100
-36 35
45 -70
-48 81
26 21
91 -55
-93 -33
90 58
-29 -50
-37 -94
42 -31
18 -29
-9 71
0 29
-17 -98
-77 42
88 -50
-83 -19
100 -42
-34 97
21 7
13 -35
30 2
84 94
68 26
46 -12
-84 51
-69 51
-5 -58
-86 26
97 81
27 -48
-76 4
100 -68
43 -38
36 -63
80 52
45 -33
98 -23
-38 -45
25 60
-38 -65
-61 23
-44 -27
67 -26
-13 33
78 -60
-21 -20
77 -88
-34 -37
61 6
-44 -26
-58 -42
67 -39
57
-22 -27
-3 79
94 4
-10 -47
-14 -93
-73 90
29 -88
54 -24
56 -28
40 64
-63 65
36 70
89 -23
-30 42
74 48
-40 -44
78 45
100 53
1 63
-94 -34
-64 -72
-91 66
-48 -7
47 68
-50 -82
-68 -18
-70 65
13 -77
1 -28
40 57
36 -54
61 -88
-71 -1
38 11
-18 47
81 58
19 -79
0 -2
9 -89
55 44
20 14
21 17
-13 -33
20 61
19 24
-25 100
36 65
-93 76
50 92
-41 14
-76 -12
30 27
-79 13
-93 71
95 -34
85 26
54 -63
98
-11 30
-17 -88
-77 90
22 86
-71 47
-88 -81
-13 86
94 -51
90 23
-43 -89
-62 52
-62 58
-14 97
-68 44
98 59
91 55
-79 -95
-5 17
72 10
28 -24
12 -99
44 -31
75 71
-91 -12
-54 -87
30 -63
72 4
92 18
78 -43
-26 -60
-93 43
69 86
-37 98
-92 -50
-57 7
41 -68
-55 23
-100 -53
-100 47
94 -81
0 45
-83 68
-4 -57
16 -96
86 26
70 -12
3 44
13 82
-77 95
67 87
-42 56
-78 -36
-6 -97
-27 61
22 -23
-78 -65
68 95
74 -23
21 59
7 21
64 4
-22 75
16 42
-7 40
29 -13
-8 0
-38 -52
55 -41
96 76
-21 40
62 -49
14 -78
62 -78
76 -98
-1 -55
26 6
-38 -35
64 61
23 55
-67 83
-5 -58
25 70
-79 -18
64 -58
2 84
47 -99
94 -20
100 -93
28 -77
41 -27
28 -38
51 -42
97 20
-80 -36
-5 87
28 -25
88 55
-18 -70
31
31 -2
-36 -49
-76 -10
-18 75
-65 -92
-42 -81
-15 69
-93 -42
98 94
-12 7
-93 -6
-82 2
12 -2
91 -78
-93 -27
-74 35
-48 -37
-27 76
-47 -91
22 63
-19 38
9 -92
87 -21
42 -43
-57 0
-59 88
-34 73
-85 19
-24 55
-12 39
-6 -88
28
41 61
-51 38
-40 -94
-84 53
-39 -5
80 -37
-41 97
-55 -49
37 -9
49 91
39 -35
30 70
-70 -69
35 -17
-82 73
40 -33
-48 -82
61 -68
-64 -79
1 -24
76 -30
-48 56
-61 82
-24 -62
-28 1
30 -75
24 -55
2 88
17
-8 -44
46 -95
-69 -67
-25 45
85 -58
-27 22
-77 -37
-98 -54
66 34
-72 -92
45 -12
65 57
-60 85
52 -37
94 59
62 80
-67 65
88
11 17
64 63
21 60
-87 9
9 54
19 63
74 35
34 28
-33 73
-32 -20
-82 -71
54 93
-47 87
-18 19
-14 78
-2 15
94 34
-72 -84
-43 24
-50 80
-20 -7
63 80
-4 -18
-21 25
28 57
77 -92
-15 -86
-26 42
-90 -55
9 14
-10 -13
23 -7
23 -54
58 50
36 -42
-96 -91
-65 -16
15 48
72 94
30 56
29 -35
18 -72
55 -49
79 -46
22 -67
-9 -1
-38 -30
-96 -97
-94 86
-10 -21
-53 25
7 -36
-6 16
75 35
-34 100
-99 -96
-70 -2
59 -87
-91 1
50 51
84 25
65 -10
-61 11
59 75
73 86
-73 -81
-8 37
0 -34
-62 97
-3 89
-22 88
73 -88
1 92
-36 21
21 57
-88 79
-89 51
-1 22
22 60
-67 -68
11 -16
-82 -60
-39 -3
-30 -15
80 -46
32 -38
-36 28
-10 -74
48
-92 94
77 8
-9 68
-53 97
62 -96
-60 73
-58 -23
79 -18
-73 58
32 -85
90 16
-72 89
69 -80
36 -100
-55 -92
-76 -29
52 67
-96 63
29 -61
93 46
99 67
36 -88
-47 56
-62 68
11 -17
-82 -34
81 3
52 -75
-4 -100
32 -75
-51 64
91 63
-28 -57
80 12
-9 -13
-16 -10
-5 13
-27 72
29 47
-10 1
-89 30
87 -96
-8 95
-33 61
-2 34
-90 67
-13 -42
-75 78
91
-82 -57
55 65
77 -67
60 91
-73 -36
80 74
-49 76
-84 23
-96 97
57 -88
-34 -79
-55 48
49 13
92 44
84 84
-90 82
56 -11
8 -23
9 -79
100 -60
82 7
-44 -31
-21 55
56 37
75 -37
75 -76
-40 -56
90 29
81 29
-97 -9
-71 61
71 90
-54 -63
-60 -13
-88 41
95 98
48 -5
39 -45
-63 -72
-77 -8
-45 24
-81 77
-45 -61
-42 -34
81 47
-88 -43
-98 96
58 -38
30 -91
-85 12
-5 39
-69 -2
44 81
-83 -4
-77 -81
30 -53
79 -72
-42 29
25 51
84 15
-94 -63
60 -16
97 25
-62 8
-44 93
-4 -61
33 -43
-8 44
-35 27
19 36
-71 -99
96 -93
-5 33
80 -6
-13 -85
84 66
81 35
81 -95
-11 -3
40 -10
-48 38
4 -16
-79 -53
-86 -42
65 90
-78 77
79 7
-21 59
97 -98
-55 86
86 80
52
-52 9
-56 -50
56 0
71 -82
79 11
87 32
-91 -21
50 -21
-56 60
-4 -68
86 9
34 4
77 -70
94 -65
-49 15
-16 10
-17 -65
-49 31
85 -44
21 38
59 86
97 49
87 -38
93 -67
-45 61
81 -96
1 -5
1 85
49 -6
13 -4
59 51
95 85
29 71
-64 -6
-91 53
-14 -34
-29 27
-78 -75
-79 80
-1 87
59 36
-52 12
-64 100
-73 65
-36 -64
-20 -49
65 25
-32 -65
85 -46
51 22
-63 -57
-37 -76
44
8 49
-10 0
46 32
75 -4
98 92
-40 -13
12 82
44 74
-81 91
-99 -29
43 -32
45 97
-96 42
-2 -72
79 69
0 -51
-4 60
25 -84
10 12
2 -55
39 -68
-14 -16
-36 -5
-17 89
-32 33
-18 -46
12 12
1 -29
9 -28
-62 33
-21 -77
37 -92
79 91
-47 8
11 98
-44 32
-10 -50
65 -87
1 91
37 81
-43 79
-56 5
66 2
54 13
61
64 88
26 -31
-33 -60
76 75
85 -11
-85 -33
-29 12
86 -26
-98 26
-1 -1
-50 -85
-4 -97
9 -47
7 92
53 78
-18 99
-1 -67
-52 -92
29 -30
65 -73
41 64
61 16
-16 -26
-79 -99
-68 -100
60 17
30 89
18 -14
-92 11
48 45
-100 3
-17 -39
-11 8
-43 25
-37 -34
-37 48
-34 -27
-25 -15
-53 65
-32 17
7 55
-1 55
-53 -82
37 -4
5 87
88 95
-89 -81
92 -27
80 85
21 85
-61 10
-9 -26
59 -17
35 92
-20 -25
47 -24
49 7
-84 -12
32 -16
-26 -58
67 -86
106
-44 76
33 -92
44 -18
33 -71
-76 -82
-81 28
35 61
78 24
41 13
-63 -33
85 13
40 -10
17 -28
-72 88
-52 -59
6 54
-74 8
-95 71
81 47
19 -18
62 -32
-22 -75
73 -32
65 29
-14 -47
55 -22
65 -78
40 -43
60 -51
-64 -62
-79 63
-7 -18
-90 -39
-98 -96
-81 97
94 63
-61 9
27 70
24 -64
34 -50
-38 56
-73 -49
-47 43
-58 98
39 -67
8 -37
-20 -57
62 -43
-31 -41
-30 -64
-19 -19
42 8
-60 59
-91 85
94 38
-24 -67
87 37
21 88
-22 -81
-12 -98
98 35
-41 65
19 -40
3 -16
-15 46
-1 -56
44 -63
36 94
-58 -51
42 -19
9 11
64 50
-41 13
-28 32
-5 -4
48 61
8 -99
92 13
-52 -17
96 18
-68 -39
-54 -87
-60 -7
3 -77
99 -60
67 -30
-11 -56
-65 47
-68 69
-41 85
23 23
-62 -94
35 26
-95 -41
66 -7
-27 13
-34 21
35 -43
25 9
4 46
-90 -72
-59 -69
-19 -97
78 -99
-27 28
38 79
28
85 -44
75 78
77 -64
-71 78
-50 -4
92 83
6 91
-61 -86
82 -35
70 92
25 -1
46 48
98 -18
23 -32
28 78
-53 84
75 -21
-86 -74
66 89
-76 46
22 90
3 84
21 73
58 -27
84 27
55 22
15 -70
61 91
57
-59 17
46 -13
-16 -93
45 90
85 -10
-53 91
-29 60
22 97
50 -49
-26 -26
44 -5
28 -5
97 -45
-57 -27
-52 -51
-83 65
-65 39
-54 -95
-12 -29
-30 44
-30 -45
7 89
5 70
-26 -78
-41 45
45 -31
-16 85
-43 54
55 -61
53 -88
86 28
-75 -14
-71 -30
92 -51
85 -35
-74 1
-88 -62
-23 -25
50 -39
52 -34
13 -41
7 69
50 61
69 24
-39 9
-77 8
64 -51
-67 91
30 68
-3 -72
-66 17
-81 35
97 70
-43 12
-46 49
45 -57
-70 -7
98
66 -55
-37 -10
1 88
-37 54
60 2
-23 67
80 -15
86 -36
-53 55
-93 95
71 -31
16 44
-75 -35
99 94
20 -59
-96 -64
-50 -23
87 -34
83 50
-52 83
2 -12
9 80
-11 75
57 -14
-90 -93
68 83
95 20
-24 -13
1 -46
45 -66
-18 74
48 -79
29 -65
-39 -89
2 2
-42 -89
40 -37
-3 3
98 -96
76 -49
-92 7
86 28
-4 -61
52 -77
37 -71
76 61
-99 86
-77 -75
50 97
10 49
42 -79
31 8
-39 -42
-19 -51
43 -19
28 21
68 -97
-25 52
-99 -7
-59 -13
42 4
3 70
44 -73
-77 -41
-38 48
-85 78
8 -6
100 0
-91 -32
46 -76
-26 -82
-48 -96
71 94
-85 34
-26 96
8 75
91 54
-26 -73
30 -87
76 9
91 -57
16 -74
51 -59
-55 -33
68 -12
31 -38
-42 53
2 -21
-85 98
72 -61
34 -47
-77 -18
1 -4
-1 -63
-53 39
4 43
-47 59
73 59
99
-11 15
-46 23
-42 -39
17 -10
56 46
-68 -47
65 1
27 60
33 39
-84 21
-91 -11
66 -87
-23 -76
-54 41
-16 23
-20 97
54 -87
-37 -89
92 57
6 60
-18 90
7 -87
-74 95
73 -10
80 40
-48 95
97 -48
-77 -1
-49 42
-47 41
80 -26
27 99
42 83
93 20
-74 -45
90 -72
-77 86
77 73
50 -98
94 -72
43 -21
-99 -89
-69 90
-25 1
-27 39
-47 -9
44 -65
38 -53
-82 -49
70 -9
64 10
-23 25
23 -45
67 -88
-22 64
-13 1
10 18
4 81
13 73
-98 66
96 -40
78 -89
44 -67
-89 -93
-82 -59
91 -22
-60 -54
-78 -43
-5 25
16 30
-7 23
46 -40
11 5
82 15
-22 -72
-75 98
86 70
85 7
-58 75
18 2
-74 46
4 92
4 -12
68 -59
23 -54
49 -50
-52 47
3 31
33 16
-15 -61
81 -54
-59 -47
-60 -57
20 45
-60 20
12 -6
32 -52
8 -26
7 29
78
-78 15
-68 -85
-5 24
-59 -16
-49 -90
-95 -46
42 18
-58 59
26 20
3 54
-15 20
-51 46
0 -63
10 -17
-17 -81
79 68
-50 -21
-7 81
48 64
-12 70
-99 70
-74 95
42 68
-23 -20
-41 69
-2 -50
-18 -71
49 24
20 -22
-53 -29
-7 -100
-29 53
98 -30
-95 57
-72 -59
-73 78
91 -62
7 -16
19 1
46 -7
9 -19
-21 -31
7 71
89 38
51 47
23 -63
9 -8
-26 -96
13 -82
73 -23
6 -54
-54 -3
-12 37
31 -89
-46 -14
85 72
9 -32
11 -69
-83 -75
-21 92
43 16
-81 -100
15 -79
-22 71
-2 -38
-27 74
-62 0
71 16
-63 -79
24 64
-55 79
-79 25
-92 35
60 -18
98 -82
49 29
-25 50
-35 -21
99
25 -75
42 100
-47 -43
99 21
6 38
67 1
-16 68
15 67
87 -99
-16 -69
-25 18
13 52
40 -65
45 -48
40 -17
-100 43
93 3
43 64
25 -89
-58 -76
27 -98
75 -75
19 20
36 -58
-86 0
9 68
-37 5
12 -36
-79 18
81 -11
-77 -16
44 1
-16 97
-47 -64
-40 12
-36 -17
93 23
63 -36
87 71
32 11
-40 -49
-81 41
-2 -94
-45 19
19 -61
-33 27
87 56
32 45
-96 -92
-97 -1
43 -70
0 -66
55 84
-68 -58
-68 26
-4 -12
-67 2
-74 20
23 -53
3 -61
-98 -94
54 36
-99 27
82 -42
-2 0
29 44
-53 -23
-17 -20
-14 -2
-51 15
44 -97
23 0
44 -36
95 55
17 -92
-24 21
59 -100
-31 18
-93 -64
35 24
-98 -100
-10 -93
-75 -62
-87 -34
-6 -49
56 -36
87 -72
-44 -56
52 -88
9 -48
-88 24
-55 -96
-3 89
-34 21
-90 90
75 38
-30 63
31 72
-37 94
95
-47 2
-2 36
-59 66
39 -62
78 -79
12 -2
47 -23
-98 -62
19 -21
-54 3
88 38
59 -54
-96 -66
-10 -39
35 -2
24 62
79 78
1 55
90 -91
67 23
-85 54
1 96
76 -64
-28 84
26 -59
51 -100
-47 -15
-30 30
80 -4
7 72
49 -52
88 19
65 -77
56 56
45 -28
45 -7
44 -28
33 -23
16 29
-84 -23
78 -20
-65 95
62 -58
54 -80
-86 84
16 92
-3 8
-69 60
65 -40
-64 22
78 -82
-50 -52
-10 -60
64 -81
68 -88
91 97
74 82
83 -69
23 21
-34 62
1 -20
-2 -28
64 -51
84 -56
10 -45
-71 53
-91 -78
-6 80
-2 -44
-92 -40
18 -58
79 -42
87 4
58 -15
-53 -34
6 -77
12 -5
12 40
100 -83
12 89
42 -51
50 -30
15 16
-40 -22
58 -17
24 -65
-41 41
83 10
-62 -98
9 -54
-62 73
56 -12
-15 17
78 -38
42 -2
0
