37397.54 773.58
37185.43 771.34
38786.70 788.02
30976.89 704.27
37689.71 776.65
35579.62 756.80
38294.44 782.86
29034.90 682.13
37561.90 775.57
38327.13 783.27
38811.85 788.03
24136.89 626.04
27066.79 658.44
36439.47 763.98
36377.41 763.25
39800.00 798.00
39507.70 795.06
39111.54 791.11
37972.72 779.54
37619.32 775.88
36467.20 763.86
36573.11 765.69
39080.99 790.76
39077.28 790.73
38388.87 783.77
36849.33 768.07
26300.60 652.90
35318.73 751.76
38302.27 782.84
28958.34 681.14
38860.76 788.53
36254.68 761.63
38335.15 783.57
39800.00 798.00
33852.00 736.00
36876.17 768.22
39178.86 791.78
38340.00 783.49
36375.10 763.33
27941.69 682.40
36768.20 767.18
34696.82 747.15
39150.45 791.47
35829.99 757.39
21518.62 610.81
31713.38 716.94
37600.00 776.00
34404.00 742.00
31191.02 706.63
38531.66 785.18
36815.00 768.00
38325.89 783.12
35323.66 751.90
31907.74 714.90
35733.44 756.39
30178.69 695.77
35478.47 753.46
35422.70 752.90
38990.67 789.98
33473.00 732.00
38794.08 787.96
39108.82 791.13
27367.15 662.42
39060.49 790.60
37211.13 771.61
33750.14 735.16
39600.00 796.00
38859.76 788.56
25559.92 640.42
33569.00 734.85
34396.00 742.63
34342.46 742.02
34097.45 738.90
39179.30 791.78
38161.65 781.53
35114.00 750.00
38839.75 788.32
36652.01 765.82
35443.65 753.14
37072.94 770.17
37859.60 778.31
37258.21 772.11
39400.00 794.00
35526.00 754.00
28496.97 678.37
33200.67 729.08
37611.69 775.97
37705.88 776.72
38653.96 786.43
35443.50 753.56
34892.04 747.46
37658.64 776.34
38436.39 784.21
32297.26 719.42
35520.00 754.00
38700.84 786.99
38529.24 785.16
38144.40 781.26
39777.92 797.78
38867.34 788.60
