73
70
1
18
68
46
76
94
26
41
89
85
81
86
39
52
22
22
96
42
94
1
100
49
27
35
23
69
46
59
9
100
7
25
90
91
76
17
95
31
72
62
4
2
6
72
70
77
37
66
63
74
89
4
61
82
63
7
24
8
18
66
28
35
93
9
82
89
42
21
5
28
12
42
45
43
99
95
28
6
70
12
8
72
2
25
31
42
9
92
87
48
85
60
22
82
50
89
94
100
19
40
91
81
57
97
31
51
3
47
29
93
64
7
5
68
54
21
85
47
100
21
59
49
91
59
60
93
59
51
34
66
13
17
4
31
66
44
72
62
40
97
24
9
51
26
95
90
67
71
58
16
18
51
37
41
41
4
25
71
29
69
97
59
48
66
30
12
12
44
74
59
55
28
73
51
45
29
81
3
100
9
35
49
27
83
52
34
3
5
75
99
15
41
25
37
59
93
91
82
10
67
44
29
60
30
36
5
74
27
58
94
26
48
3
88
65
34
1
90
58
93
82
80
89
39
86
48
69
51
37
10
64
52
98
30
23
80
88
94
35
71
18
63
37
63
18
73
20
14
82
92
85
79
11
52
68
33
43
32
18
96
21
55
21
82
29
12
42
99
29
43
99
31
69
59
93
48
95
13
94
84
86
63
90
68
42
39
4
48
5
59
50
72
99
80
51
31
54
81
50
36
83
83
9
6
28
96
40
46
91
37
4
33
40
15
53
61
65
73
87
12
98
80
4
56
96
13
13
40
73
92
63
87
50
48
84
66
52
70
4
77
59
51
98
62
78
80
60
33
65
85
81
100
42
44
68
15
54
53
93
16
12
28
82
8
69
67
9
4
64
54
73
34
72
61
65
59
65
65
72
44
83
88
66
45
86
15
8
44
48
15
35
29
2
70
80
38
58
24
48
69
33
28
43
27
22
72
95
75
11
51
65
12
80
54
63
12
31
81
42
82
72
28
66
88
87
59
41
22
53
48
50
48
17
54
29
51
80
27
47
78
57
42
25
99
95
9
2
38
56
48
98
88
49
44
66
97
83
28
57
11
10
33
78
14
50
58
49
92
84
18
33
92
1
12
23
47
79
99
42
47
66
96
98
60
56
63
32
4
67
62
37
48
89
48
35
47
32
24
58
31
41
46
81
90
61
55
28
44
8
92
23
21
97
95
12
87
72
65
8
100
42
21
45
13
7
82
48
63
32
66
28
14
54
17
6
15
54
64
92
8
83
29
5
88
46
78
48
57
3
95
12
25
28
33
72
66
60
81
2
67
96
23
84
63
54
96
68
39
95
38
84
22
20
18
71
69
87
68
82
55
14
8
44
36
70
86
95
97
5
2
41
47
60
86
95
36
52
64
71
67
48
97
25
38
72
51
7
31
18
86
92
8
12
28
9
87
57
56
60
14
73
72
99
36
43
89
67
89
30
50
95
80
38
70
71
10
51
88
33
94
15
44
69
39
15
80
53
56
99
12
28
38
7
40
95
57
7
81
95
94
69
28
53
58
64
55
56
50
3
27
44
97
15
26
100
42
2
63
60
25
73
100
55
54
88
15
61
32
48
36
21
15
46
97
67
65
23
92
82
41
5
8
99
55
63
76
35
55
11
58
74
54
49
5
62
15
99
46
1
96
12
21
34
8
33
71
99
3
15
93
17
26
20
71
3
72
88
92
47
19
87
21
11
79
33
23
100
60
21
23
98
6
58
79
52
35
73
58
14
26
99
34
22
92
36
76
23
71
34
79
57
66
75
47
10
7
14
76
3
42
57
71
5
80
59
93
85
82
6
73
40
80
12
28
24
19
44
47
71
78
37
18
84
43
88
49
73
3
22
5
4
36
90
14
20
40
92
5
63
46
97
8
35
58
52
31
28
59
35
42
13
32
49
21
83
88
71
59
10
58
27
83
60
8
48
85
47
71
91
54
46
90
25
97
32
12
15
53
67
39
35
94
1
13
64
51
79
89
99
63
30
73
68
55
5
30
43
82
90
93
34
43
59
55
35
96
24
36
68
58
58
8
93
61
21
30
28
54
42
47
65
11
82
47
17
8
49
49
72
26
72
1
17
23
15
12
35
87
60
55
52
26
35
40
37
47
46
93
10
42
20
53
48
61
53
58
19
11
65
23
63
41
93
96
51
89
22
71
97
24
24
68
51
32
41
14
94
99
96
46
86
38
34
53
30
36
13
13
49
18
81
9
2
57
9
16
41
25
88
38
34
22
13
23
46
29
94
77
98
70
71
52
74
83
81
98
90
34
