917
15 300 705 656
249 94 718 663
266 874 484 701
588 781 869 652
584 229 618 685
31 140 584 269
361 877 932 290
362 14 587 66
57 769 360 603
265 997 863 439
312 566 697 820
36 779 471 591
7 998 966 311
141 592 266 73
640 935 882 317
0 72 21 226
519 748 841 785
744 703 914 131
212 226 387 684
462 472 507 113
159 566 424 470
329 323 752 116
123 659 257 145
575 949 908 94
386 748 569 130
140 172 952 353
88 28 727 595
141 879 758 566
38 917 822 790
723 841 804 847
499 751 682 764
548 85 699 589
26 807 906 857
900 67 980 547
575 626 663 716
195 420 972 233
26 483 714 440
286 512 323 517
267 658 276 657
432 963 937 824
509 610 631 27
367 839 574 409
244 610 725 29
139 216 844 857
296 713 699 247
224 721 764 272
377 556 620 500
14 499 208 335
526 717 635 790
628 231 816 1
31 873 841 861
407 167 779 684
880 384 931 393
665 104 796 284
294 863 530 999
333 578 362 738
58 961 145 968
191 691 970 686
241 717 248 32
406 649 885 27
41 454 101 397
248 897 371 233
231 812 450 592
79 164 329 565
125 501 532 137
514 6 882 762
169 826 729 123
772 53 853 503
197 644 590 446
541 652 679 681
243 910 492 262
164 261 427 697
399 552 888 913
248 770 364 978
803 354 893 533
276 345 547 164
610 219 989 828
479 979 900 412
578 81 674 743
129 432 343 100
342 16 344 591
258 58 476 398
102 588 622 60
95 650 752 83
167 51 994 336
29 583 748 298
40 698 665 421
129 554 522 169
144 352 876 473
410 182 561 402
152 513 771 938
712 710 853 212
45 984 264 705
281 642 287 793
339 115 904 11
670 747 871 468
631 504 789 192
64 439 597 889
377 944 401 835
47 88 343 1
483 388 985 770
102 465 871 957
580 839 968 441
585 540 910 940
422 40 444 63
479 43 952 487
11 546 677 749
634 20 750 116
98 425 577 660
124 348 381 679
186 719 810 394
334 461 950 468
198 166 524 61
209 560 548 367
308 547 914 886
354 695 906 749
173 621 354 554
299 478 902 108
518 896 562 779
53 144 930 157
218 251 310 767
16 532 619 519
94 324 769 691
385 936 763 122
489 732 743 739
531 468 907 81
54 479 860 48
623 113 896 107
359 933 570 668
141 586 199 236
601 658 927 363
299 904 471 311
636 646 740 478
249 857 804 799
278 490 595 548
603 705 656 901
62 975 834 864
449 952 901 49
103 79 609 827
137 92 984 877
212 510 260 309
165 707 308 760
254 586 940 600
487 232 995 10
95 56 675 545
7 576 284 617
386 230 402 387
169 369 797 430
368 700 940 533
406 247 983 660
524 922 951 10
154 945 711 940
1 385 484 8
625 53 651 459
536 11 974 706
70 770 135 439
469 765 662 565
11 335 916 535
235 791 947 866
731 811 810 946
21 905 820 672
363 134 415 900
295 597 836 388
726 7 849 120
573 586 885 77
412 488 812 49
353 46 840 853
664 394 683 570
65 528 475 173
117 524 998 481
120 407 559 412
415 416 532 846
693 25 923 988
74 518 165 504
60 613 240 914
6 339 174 724
587 72 867 585
243 985 799 802
86 919 209 619
725 376 764 624
301 417 401 466
611 165 674 852
79 734 464 944
148 471 282 735
9 476 233 839
277 600 513 808
218 870 416 176
246 791 490 943
50 337 947 661
202 272 503 620
44 667 906 192
617 60 828 187
226 229 716 317
815 193 829 231
100 860 370 46
341 419 679 36
80 567 374 287
598 973 839 332
524 156 639 744
216 336 621 831
147 132 255 653
326 83 884 386
820 674 936 499
608 775 711 967
341 542 945 378
351 870 564 990
146 924 303 87
608 52 950 446
98 201 876 205
277 799 979 982
297 55 345 212
179 905 830 814
283 170 355 634
313 32 730 609
646 994 696 149
439 768 893 286
491 537 659 469
208 936 267 554
609 707 838 254
520 823 850 129
146 720 990 565
173 149 752 559
299 88 553 191
374 682 959 555
219 617 714 117
242 672 671 79
477 465 616 971
99 997 978 779
498 425 562 123
273 941 985 262
28 227 453 92
647 818 909 101
408 50 936 650
419 338 722 606
266 896 493 365
144 144 583 471
259 557 284 332
272 243 819 991
160 962 773 69
753 419 887 160
160 512 500 882
118 920 219 384
440 87 505 403
231 157 874 274
405 569 606 181
114 914 249 275
34 628 876 22
131 611 479 291
123 979 864 932
5 403 898 773
175 445 180 48
719 412 897 15
274 397 283 301
214 523 672 780
98 57 235 706
317 577 348 130
61 143 555 902
236 850 675 66
512 416 589 921
518 175 626 801
198 380 476 590
113 560 160 38
95 964 957 949
93 770 525 134
603 400 726 154
911 839 941 112
724 463 946 219
394 349 955 870
940 843 940 743
92 790 471 48
702 953 738 257
391 795 723 116
207 550 639 325
662 800 855 147
366 385 953 450
319 54 425 597
439 949 487 222
270 166 739 958
119 295 214 973
102 96 457 532
336 401 547 309
146 688 891 202
652 879 764 534
821 661 933 260
172 347 609 419
66 442 204 281
104 323 266 252
348 91 545 368
183 823 677 374
24 515 61 764
297 676 393 118
68 636 336 325
434 240 673 501
372 877 472 167
199 738 419 434
106 457 526 473
831 709 987 582
97 460 472 701
268 403 377 490
506 26 729 940
130 18 957 402
185 168 278 292
30 294 602 827
299 271 751 818
526 976 544 689
677 641 839 744
821 797 837 16
647 469 823 566
487 936 968 777
103 790 760 363
306 98 657 396
59 430 213 295
118 948 271 603
691 445 934 647
443 527 461 956
92 798 114 750
265 601 686 24
504 1 654 479
790 779 875 810
104 849 208 375
12 766 142 16
210 796 663 703
441 703 921 362
159 555 453 114
138 500 846 138
191 182 307 642
451 981 961 246
621 661 829 859
427 227 875 634
26 637 713 947
650 539 689 153
398 793 653 934
123 928 621 792
123 314 800 575
294 450 511 814
308 131 474 873
99 172 455 591
809 607 919 502
145 743 345 458
677 561 941 489
179 93 971 800
114 979 358 98
119 869 602 427
691 767 991 145
7 275 357 780
282 817 883 627
60 906 965 718
466 867 897 737
226 645 961 30
314 318 820 433
187 421 550 878
187 540 713 545
320 721 820 602
537 392 919 501
96 697 801 979
405 563 564 632
352 902 898 214
222 171 334 409
593 885 977 470
14 434 114 380
726 17 791 525
208 407 607 335
313 305 795 409
40 145 558 358
47 484 262 82
254 381 584 537
6 761 956 250
630 21 885 110
127 843 236 611
250 639 636 336
47 889 641 44
33 44 92 87
528 114 861 80
152 802 651 798
52 657 558 372
368 443 483 604
447 379 744 610
17 967 636 387
121 65 855 904
843 579 948 703
507 501 659 165
299 710 968 157
81 873 505 857
477 733 990 564
802 190 865 614
0 820 157 121
24 107 575 702
280 662 501 630
130 484 827 698
193 360 856 429
923 966 977 275
389 83 529 399
12 190 274 703
700 121 824 965
513 538 763 794
423 407 890 954
651 553 891 506
556 649 673 775
304 959 740 169
42 271 568 693
574 6 974 273
238 330 818 488
25 691 123 606
12 294 644 236
480 593 491 152
367 737 491 106
756 474 906 485
435 442 869 798
405 311 494 408
641 612 896 333
23 455 217 667
691 920 962 861
512 452 703 880
676 785 879 884
369 431 949 928
369 412 919 383
413 67 481 774
107 54 679 130
199 586 488 580
441 707 505 449
586 469 591 143
27 953 944 86
13 683 73 892
94 446 274 382
513 643 846 198
774 141 943 882
467 952 721 662
368 681 400 161
149 22 305 645
108 50 287 93
675 812 733 640
85 729 193 518
372 658 716 598
169 836 799 636
787 209 988 877
371 45 557 366
78 667 690 396
179 186 718 855
184 881 688 450
299 683 968 269
30 726 557 671
51 983 196 519
549 99 729 38
83 105 155 464
192 233 821 371
109 538 916 797
367 646 679 99
19 615 58 356
27 740 30 914
259 81 897 988
777 584 810 135
241 622 738 433
494 344 545 558
787 100 831 465
199 197 801 949
243 510 253 270
250 284 875 509
186 866 365 461
449 837 596 653
274 186 960 819
162 530 744 144
244 993 685 133
81 122 880 486
83 936 996 335
444 674 619 958
418 320 539 704
541 246 973 678
755 298 864 190
334 607 518 578
599 894 712 168
379 483 982 64
0 126 818 755
712 134 801 820
455 29 523 427
364 261 708 754
249 969 635 118
237 14 726 458
183 420 351 639
121 855 484 940
609 174 756 10
309 556 520 764
276 42 881 674
487 244 935 121
363 875 780 88
22 16 793 373
345 666 483 467
96 128 520 657
829 140 832 852
98 348 594 374
47 568 81 474
379 81 719 672
236 158 860 258
321 210 866 342
8 804 367 528
347 983 461 463
5 866 813 103
214 406 477 295
553 288 880 214
59 122 886 932
70 645 780 609
546 960 952 392
177 36 886 913
18 71 66 214
80 831 174 294
236 341 279 807
94 130 245 832
453 845 943 232
453 13 568 404
53 981 95 804
17 782 716 922
543 906 826 35
557 407 890 793
289 683 438 859
504 833 690 74
756 61 919 446
149 13 156 244
225 222 817 209
695 647 821 242
242 524 968 237
7 82 645 132
681 296 766 371
60 269 894 669
405 649 731 555
352 887 489 168
391 607 786 714
646 85 944 614
137 657 322 185
7 835 430 689
131 195 750 882
154 643 551 249
494 334 983 281
193 643 858 984
697 584 940 33
359 883 647 371
28 75 68 474
309 148 454 130
11 187 343 203
126 519 537 562
533 621 543 390
33 991 604 736
23 368 319 973
546 360 740 304
69 834 835 458
606 524 964 639
516 263 727 665
227 642 472 760
150 866 262 15
751 874 857 761
128 772 536 570
75 765 931 868
15 145 288 621
669 251 950 85
349 833 916 465
107 821 283 59
526 123 926 277
37 222 997 472
41 856 995 662
116 429 724 69
214 404 741 573
345 690 659 952
784 643 846 698
208 66 702 735
11 566 880 317
479 739 789 211
594 473 873 7
232 680 437 137
83 868 710 429
70 92 247 58
735 965 756 854
611 127 699 490
134 400 747 304
138 535 515 422
120 930 698 77
66 531 757 557
114 467 650 361
454 281 525 720
245 874 573 879
54 521 696 634
33 801 825 862
25 339 974 723
106 93 342 554
84 454 340 99
566 734 816 90
61 716 453 960
528 997 590 915
435 353 630 334
134 259 905 850
288 879 572 394
948 312 972 604
456 268 703 722
49 598 455 962
314 139 921 110
53 427 107 594
781 752 928 488
601 34 747 375
118 916 253 863
227 169 466 757
127 624 478 373
221 255 335 176
394 775 978 535
819 447 892 746
497 371 625 362
95 991 738 97
650 905 906 116
351 823 976 829
142 531 196 793
476 637 660 54
101 98 279 561
698 993 844 323
355 31 384 92
128 170 773 469
74 369 275 425
191 250 944 77
298 392 733 86
719 109 831 465
25 820 207 413
426 548 503 51
82 811 330 901
59 54 981 102
169 353 471 334
120 7 584 112
399 719 889 419
829 599 884 118
11 130 628 726
467 128 678 239
831 609 939 698
353 962 801 890
4 498 224 522
324 125 505 213
544 905 622 117
713 140 716 340
471 23 867 417
263 173 545 839
537 93 782 27
673 825 679 897
36 684 85 361
264 42 809 590
159 897 184 886
237 273 717 565
296 217 982 398
390 153 927 249
180 706 342 863
602 724 687 550
233 687 775 732
774 151 968 38
614 933 739 330
187 976 603 168
63 590 385 680
834 872 839 466
328 704 577 14
253 869 428 176
556 202 908 213
364 545 931 681
303 102 565 490
349 521 768 859
201 977 448 734
199 34 848 217
428 114 923 682
548 229 984 350
243 456 442 864
136 496 408 130
310 56 599 664
522 659 578 660
83 469 326 973
190 621 193 174
288 112 993 962
152 541 190 85
950 823 997 632
128 47 643 417
163 613 401 954
272 385 302 431
48 92 900 599
463 929 714 441
403 883 731 396
659 623 937 283
136 734 916 298
35 779 841 437
49 415 422 3
435 322 490 24
117 764 611 538
466 521 895 196
607 297 770 544
581 118 857 186
416 683 610 451
462 450 888 574
143 938 989 268
293 250 950 479
704 173 707 100
59 227 621 598
461 857 586 829
42 52 947 8
504 843 691 652
417 625 792 81
18 95 894 658
264 186 598 972
144 597 286 301
514 485 900 203
341 359 723 666
412 54 674 73
415 916 898 897
521 706 997 4
53 364 99 414
290 652 335 266
553 232 643 169
62 67 407 785
733 438 835 96
150 616 511 246
161 47 512 848
243 532 742 724
137 297 896 118
384 972 639 921
204 842 780 628
317 117 695 611
49 151 904 250
397 53 867 248
786 533 792 68
64 620 792 29
16 650 738 345
260 812 316 730
129 520 572 514
631 561 822 579
420 534 811 817
278 367 755 69
126 540 292 918
227 275 259 47
387 655 620 338
67 286 157 627
146 639 801 658
218 327 908 121
346 720 834 624
86 278 383 212
819 365 821 768
412 738 734 490
393 43 828 550
526 507 670 895
164 131 224 326
138 73 149 484
793 983 798 879
782 460 952 180
227 338 235 292
720 961 828 112
4 655 352 674
239 569 871 463
285 723 585 35
108 124 206 901
469 748 797 694
207 800 564 941
137 643 923 435
85 965 445 89
309 798 454 548
366 324 702 641
49 987 364 848
110 260 748 907
345 518 955 908
317 461 538 552
103 763 677 144
108 238 542 417
35 686 656 91
701 357 733 750
33 787 598 834
46 35 430 691
900 171 943 775
327 907 632 3
51 425 456 850
267 389 663 999
170 384 684 613
660 593 825 693
216 116 379 422
147 646 497 781
111 396 952 128
822 44 994 273
698 278 894 50
129 650 276 851
463 991 725 813
505 653 583 549
459 808 661 721
57 646 588 168
296 726 733 229
460 890 502 117
85 353 941 51
702 47 895 760
750 116 861 333
355 55 676 15
513 524 777 134
692 202 780 792
20 678 928 523
412 571 485 387
431 42 622 325
372 242 803 13
129 232 575 484
189 755 288 941
765 393 969 235
184 660 437 204
27 365 417 512
752 520 773 873
197 54 562 395
98 570 297 228
402 470 492 562
503 282 915 267
192 859 675 883
232 630 753 259
462 436 995 861
309 632 380 234
319 196 377 418
336 639 456 364
108 118 926 428
76 384 710 714
286 268 933 519
468 582 898 376
236 620 709 306
545 708 628 864
904 4 972 360
368 307 999 985
736 797 793 135
210 797 510 869
5 415 828 142
208 163 688 134
440 18 784 396
794 68 882 697
56 822 763 544
806 276 851 745
412 742 542 288
228 675 848 622
454 233 780 663
87 467 797 561
553 928 579 346
686 150 734 448
694 790 960 545
511 76 535 765
508 591 744 923
544 737 956 689
351 747 970 735
307 135 893 838
172 140 765 886
36 906 589 420
385 238 655 920
686 437 694 166
27 323 88 194
11 590 931 673
97 52 337 680
816 345 890 644
220 678 485 947
366 968 583 764
2 21 578 696
187 954 823 966
147 540 288 768
48 309 212 990
41 385 990 622
657 629 719 495
172 832 575 755
286 942 412 288
653 990 674 530
495 781 944 186
239 938 726 474
153 287 246 886
362 926 507 771
400 282 420 163
727 280 995 665
258 949 296 139
478 452 819 622
808 664 924 223
160 981 828 162
139 97 866 191
713 62 962 133
105 911 225 361
26 833 881 322
662 830 962 480
141 129 623 640
793 546 863 310
291 227 398 23
418 523 811 847
346 825 910 379
425 147 431 452
469 636 975 997
806 967 826 120
250 118 296 733
43 752 664 159
873 24 979 373
871 396 896 470
295 897 466 933
43 48 74 410
374 231 406 202
323 870 889 263
989 875 996 342
33 729 94 596
753 763 969 624
93 315 850 555
211 561 487 78
299 895 489 945
817 850 837 673
112 220 232 395
269 799 563 994
279 280 527 347
109 248 904 959
803 687 964 980
230 254 766 174
809 529 839 646
495 123 892 345
344 390 430 298
73 623 96 597
903 743 944 352
600 496 702 92
71 639 183 665
530 992 583 28
520 421 674 101
225 887 457 860
157 259 276 944
546 349 566 489
231 992 392 159
655 623 775 528
166 508 979 536
226 738 528 749
840 317 861 591
450 64 894 297
13 170 931 559
209 496 738 601
283 0 345 659
307
748 218 951 283
385 458 501 133
374 239 994 965
78 310 414 833
204 401 846 64
331 94 964 518
522 255 863 180
152 976 228 553
462 102 949 847
250 450 980 625
589 457 689 664
289 558 664 694
312 807 785 825
324 130 919 967
0 139 221 877
114 582 120 153
118 887 946 62
201 581 202 788
37 115 451 790
173 326 363 649
150 676 455 759
579 553 642 469
35 580 692 155
427 368 733 496
248 545 254 451
31 474 333 455
279 799 936 760
85 643 447 927
8 902 685 340
60 264 893 96
534 274 942 266
324 17 770 59
158 317 294 269
414 881 792 349
640 761 839 725
341 101 403 285
131 938 878 717
724 204 981 714
160 447 988 666
155 709 415 484
26 167 753 313
206 523 884 508
268 44 939 362
20 279 463 898
525 666 996 595
308 940 870 987
433 19 605 29
204 588 418 957
592 444 814 475
689 220 952 711
272 775 755 627
362 592 906 735
19 578 257 18
517 818 695 812
521 741 537 818
406 939 698 688
73 201 853 24
912 541 935 357
822 454 858 206
45 341 632 184
49 659 452 993
470 37 500 744
562 991 778 658
35 692 619 165
367 888 717 969
119 341 325 977
238 147 430 870
21 165 901 163
158 951 822 658
694 291 695 946
603 590 972 163
282 695 328 638
216 689 354 335
29 679 311 958
517 537 826 432
597 418 700 445
368 521 794 752
502 178 698 473
63 360 341 991
54 845 629 35
724 408 870 443
401 293 778 871
302 918 831 590
25 220 725 83
742 208 836 243
387 223 407 418
213 470 778 532
66 919 505 523
361 88 621 936
382 799 807 452
60 903 388 85
122 804 169 554
11 4 488 88
197 130 918 895
54 665 353 559
187 419 477 499
355 528 587 852
650 40 981 659
561 729 816 374
222 985 928 233
12 596 679 415
417 53 1000 209
612 752 874 770
188 779 941 233
775 668 998 217
398 127 877 425
501 65 844 213
198 429 989 877
163 534 534 0
587 464 900 580
39 890 906 918
151 355 358 846
22 629 62 926
40 110 757 884
324 257 639 522
88 911 376 318
134 909 318 942
211 721 372 250
168 659 300 277
704 565 813 9
194 666 935 417
239 851 527 951
62 274 898 879
196 842 875 204
783 8 803 685
419 865 935 720
68 644 832 102
111 772 209 737
188 93 402 406
256 631 734 641
209 9 595 95
541 159 991 13
167 793 698 277
348 633 997 179
425 755 824 227
526 723 964 405
811 239 816 55
386 757 870 286
381 997 456 155
10 172 314 61
449 893 545 708
30 135 71 456
683 105 890 585
200 813 307 336
51 157 81 701
148 612 443 604
291 771 457 515
576 301 633 811
699 772 703 730
876 486 907 775
49 248 282 357
584 482 860 355
183 912 512 331
213 956 625 670
130 426 160 916
237 606 907 454
225 940 335 823
404 210 999 454
458 280 501 732
763 50 777 636
652 288 657 865
224 93 934 972
520 794 888 355
89 724 499 757
236 481 386 114
324 235 935 472
515 125 894 968
175 670 293 828
382 582 649 950
366 189 612 607
652 576 983 150
332 763 564 408
877 801 889 892
35 823 53 240
638 948 899 814
307 191 331 646
228 443 832 713
9 284 632 661
501 882 860 304
66 65 289 634
525 281 556 178
521 329 691 578
215 109 833 523
168 823 301 854
256 86 265 266
60 587 617 920
581 118 801 338
183 781 972 429
710 649 959 496
668 980 764 230
192 331 340 190
153 991 734 360
137 108 256 197
385 873 808 966
681 298 994 864
78 965 983 36
150 692 376 915
584 643 613 734
615 776 974 348
338 963 826 817
615 284 851 1000
655 528 848 658
82 34 956 649
613 64 761 454
368 369 757 827
561 642 702 175
213 242 417 675
181 552 896 796
485 373 836 746
93 139 902 739
463 91 788 984
47 224 545 494
553 301 741 603
166 661 244 254
619 380 903 800
285 147 622 488
233 770 521 16
756 697 910 422
95 218 478 833
132 22 327 874
625 880 865 559
134 722 219 443
243 413 792 813
250 224 300 528
240 898 989 461
284 668 573 996
501 727 905 763
290 791 475 518
349 221 397 846
257 259 665 48
71 598 151 61
285 804 816 401
391 125 553 216
794 496 902 366
223 293 819 985
83 589 502 203
48 123 811 305
43 453 382 165
204 268 453 194
286 180 763 839
396 844 964 297
794 718 900 447
431 707 702 933
522 649 910 785
598 22 644 980
122 330 878 688
288 858 572 327
386 593 507 741
275 40 580 174
487 63 893 609
231 370 770 594
18 357 68 443
155 662 336 32
52 922 349 459
469 673 476 31
265 737 462 546
586 845 602 763
61 368 909 494
738 536 778 293
736 756 893 892
108 920 614 457
68 544 378 357
216 540 388 228
277 49 774 171
706 569 812 304
62 874 673 530
756 592 857 410
173 965 857 339
111 326 258 478
835 871 870 222
98 776 452 562
611 652 947 419
647 740 988 112
269 532 986 319
124 966 419 716
54 988 620 2
328 299 465 422
211 80 292 888
642 299 663 664
82 252 641 70
364 287 810 40
296 770 572 716
175 386 681 920
64 992 922 529
413 940 519 705
475 870 517 420
83 116 168 857
58 499 617 112
787 116 843 82
488 751 576 105
181 169 670 245
160 281 465 263
911 984 968 427
296 177 403 132
724 687 939 464
489 440 654 340
146 332 212 723
127 701 163 308
244 410 560 524
495 399 673 406
382 330 833 475
342 400 462 129
86 937 283 65
66 933 95 575
597 279 655 414
413 229 980 508
31 657 639 527
272
127 641 311 933
455 292 793 274
325 192 558 80
867 233 969 184
251 799 831 220
453 244 890 651
347 118 683 694
439 758 447 900
88 977 832 256
251 564 549 881
72 499 644 731
683 510 964 624
534 451 999 484
419 423 793 766
231 475 460 678
64 899 125 586
155 213 562 394
93 813 958 856
311 291 586 685
308 490 492 240
632 142 724 533
909 878 956 424
555 653 589 58
238 802 957 681
195 678 584 800
223 304 303 843
825 500 989 6
496 463 740 988
296 165 520 127
42 830 241 204
172 909 953 288
401 552 969 410
901 286 920 894
197 644 820 143
643 186 650 72
173 836 535 383
548 895 654 831
415 367 725 281
276 537 569 587
688 367 779 278
171 472 653 389
115 865 222 368
244 455 627 107
291 161 490 945
529 97 683 729
9 944 465 578
221 431 805 599
488 273 567 140
613 884 662 428
438 731 486 418
528 855 564 64
489 289 917 18
76 446 747 17
23 563 652 231
161 840 352 518
791 418 981 143
717 331 846 283
391 155 752 955
499 516 910 280
495 735 989 988
5 262 871 347
493 584 910 536
101 761 375 892
725 714 869 45
328 442 735 410
287 487 364 196
403 445 457 864
851 898 870 546
159 740 583 343
323 492 879 424
5 811 943 253
214 7 990 421
417 149 863 950
35 583 126 782
27 876 335 438
26 897 422 185
218 649 326 695
187 96 763 820
40 458 631 29
727 431 879 845
484 144 580 610
192 951 616 306
434 910 516 460
336 822 496 938
160 510 633 554
19 381 651 613
100 640 762 650
185 827 762 669
279 276 661 31
337 161 917 772
71 433 231 257
60 257 79 383
583 152 812 930
533 304 543 603
634 127 943 633
459 395 487 811
86 454 427 456
307 694 916 68
326 877 817 147
94 95 951 906
24 223 57 257
561 459 826 280
586 62 913 886
873 87 971 763
542 216 909 649
284 849 342 457
294 610 416 389
705 366 985 420
589 42 677 105
322 929 564 926
814 840 988 784
293 550 562 201
198 103 417 231
79 235 250 392
1 185 314 397
551 298 817 831
340 493 626 353
111 189 969 925
399 11 719 646
195 961 213 83
4 694 754 320
712 775 929 404
801 201 960 242
541 307 722 571
490 347 614 602
216 254 536 582
227 305 957 112
887 399 956 169
93 892 179 581
295 5 355 712
897 185 955 786
446 963 783 618
564 500 965 60
332 471 444 250
52 422 776 400
259 629 821 439
20 255 210 914
260 270 626 5
455 263 791 156
225 738 774 591
341 480 928 674
614 416 951 62
152 356 838 412
541 195 986 349
262 561 450 578
566 711 848 46
309 21 557 993
449 925 584 224
288 344 704 377
439 592 451 591
693 934 949 979
128 590 327 233
484 578 858 740
786 226 979 706
247 972 388 785
587 93 700 696
438 892 763 565
157 579 173 796
557 866 729 885
164 964 790 547
704 484 815 21
417 179 710 806
467 354 655 647
32 744 447 796
309 575 377 156
153 550 952 711
106 370 285 586
239 731 917 139
851 943 905 268
764 467 813 614
511 984 951 230
469 974 975 958
129 376 223 536
777 771 777 883
140 61 158 747
167 51 200 397
9 843 30 72
376 773 1000 327
310 667 693 510
157 469 640 380
4 459 447 781
353 59 920 223
496 175 976 201
599 664 917 319
736 616 852 111
128 81 388 851
50 438 438 207
278 292 597 769
72 838 918 725
587 613 638 116
317 83 479 606
747 395 925 172
702 776 974 89
316 102 861 366
230 990 264 828
119 365 758 542
202 594 957 882
688 790 898 5
611 309 873 376
461 226 481 162
252 8 692 454
64 477 246 803
792 328 995 239
560 113 605 206
491 373 685 497
68 849 286 388
157 224 764 369
285 328 387 978
473 329 676 719
195 304 822 740
543 318 759 189
215 368 993 838
25 706 431 311
784 499 851 547
461 844 558 7
26 848 511 499
867 186 908 689
616 103 993 374
383 666 983 225
33 779 754 598
780 777 994 464
13 901 653 630
328 474 434 354
322 945 543 879
567 437 821 450
553 249 811 226
475 884 892 919
171 925 697 164
78 476 631 421
11 434 106 644
118 446 478 130
8 902 80 20
338 714 470 266
515 839 940 680
598 894 723 831
445 985 749 213
151 69 634 257
381 522 714 645
342 862 781 859
569 350 763 38
306 791 752 512
629 691 882 41
521 480 626 656
154 64 869 305
133 192 252 847
58 308 528 633
169 750 181 400
441 622 789 747
102 230 949 732
463 132 922 831
0 88 479 154
150 977 843 347
540 402 823 67
35 572 375 907
347 412 972 235
547 135 850 650
55 798 71 977
318 224 800 318
3 278 473 846
315 623 822 855
612 750 715 335
347 568 907 678
603 694 671 149
489 574 519 210
7 250 241 16
334 478 475 731
13 13 699 497
810 836 869 525
861 170 965 457
24 450 848 311
4 695 290 213
595 779 788 293
346
194 449 719 309
147 140 643 362
375 160 950 901
451 890 719 474
427 440 439 908
135 7 623 878
167 348 603 946
665 544 826 896
204 549 993 847
677 977 911 830
681 627 877 89
669 920 791 328
360 548 926 96
556 831 974 185
466 359 533 158
53 131 593 257
370 276 794 281
105 471 257 476
566 578 788 824
188 768 842 234
5 994 330 238
423 561 824 646
695 462 719 290
111 288 719 481
452 359 564 513
836 461 984 399
38 755 914 91
212 346 325 917
154 218 339 267
469 854 914 879
340 945 834 608
115 149 896 59
199 936 262 568
396 880 967 725
325 831 816 124
41 227 176 886
135 206 153 605
483 583 750 66
217 260 674 823
409 524 572 332
149 557 900 298
22 545 126 838
360 451 669 401
679 535 977 814
108 180 431 129
453 560 886 591
104 670 510 366
2 609 581 592
148 930 908 730
275 966 458 635
416 817 726 785
289 473 351 702
522 397 653 407
657 473 679 106
466 857 839 468
466 109 751 373
840 899 993 114
439 661 554 450
266 855 445 308
246 424 781 768
512 123 866 881
353 386 920 212
69 882 854 535
598 831 992 604
193 590 635 437
97 687 731 764
618 543 685 864
322 168 657 155
279 187 739 198
89 91 274 158
664 819 693 655
112 290 175 996
433 992 571 500
263 530 368 881
434 420 763 53
208 446 278 177
66 413 323 17
571 462 799 340
158 264 807 271
244 672 266 505
171 699 186 434
4 682 920 555
101 506 298 129
374 899 575 70
311 576 778 440
729 629 780 572
526 225 590 771
898 856 966 759
193 164 245 152
397 888 536 695
16 328 891 282
180 175 398 264
394 181 441 865
493 279 753 169
395 82 740 292
628 395 741 563
237 624 417 634
18 218 512 954
190 679 281 910
544 258 864 60
122 685 241 985
154 615 654 239
221 14 387 393
578 716 788 962
349 788 586 995
5 919 638 368
287 831 968 196
256 831 779 188
506 901 563 660
205 216 899 592
297 86 609 810
771 565 802 356
143 888 249 842
496 867 900 840
387 672 726 784
304 166 550 810
66 112 159 272
328 748 554 627
557 541 714 328
105 205 374 45
737 518 933 636
47 428 502 773
134 897 902 890
55 685 706 812
774 125 797 866
303 18 752 861
559 155 879 355
51 252 400 788
424 507 460 332
450 616 970 42
195 104 939 941
443 275 479 334
90 193 890 216
234 533 744 484
688 622 839 739
217 334 874 238
260 331 531 400
132 833 947 191
773 464 986 761
95 906 429 985
122 520 868 46
52 611 220 430
232 58 860 797
130 937 987 76
27 43 407 351
542 159 876 217
611 339 681 706
244 801 380 56
103 62 320 939
182 472 549 13
72 41 268 749
117 88 376 214
258 672 439 93
579 553 943 133
162 260 949 407
463 70 751 329
267 256 823 506
270 4 978 32
46 245 471 854
68 463 333 537
630 16 825 573
816 2 840 403
99 103 353 765
93 252 173 50
199 686 556 469
191 117 381 534
779 352 971 803
265 519 890 729
435 89 782 275
492 598 968 846
362 66 949 145
8 813 195 207
188 441 676 569
686 444 975 557
910 347 937 799
7 511 75 201
476 162 981 480
698 129 768 443
199 337 965 207
415 27 840 850
287 956 290 781
89 938 338 973
319 25 426 85
286 587 917 433
603 762 749 370
189 93 895 137
474 153 991 313
2 405 30 984
877 317 939 905
290 718 842 299
74 349 743 267
390 360 936 994
363 396 812 374
179 675 511 553
678 399 706 170
265 709 382 832
25 10 736 5
728 577 996 160
199 925 534 69
430 825 918 932
198 971 328 400
523 507 765 920
8 633 367 443
151 80 464 867
90 891 563 508
157 558 358 692
616 747 627 557
381 223 679 269
359 97 884 697
16 261 203 124
257 715 584 98
795 738 965 885
82 786 628 217
477 92 775 440
687 783 839 67
26 579 696 207
366 798 904 386
58 457 200 382
96 642 555 581
69 209 155 698
173 892 427 237
367 340 984 53
811 508 813 823
720 838 777 624
421 113 914 143
215 169 260 2
501 505 583 570
714 429 958 831
413 724 666 130
470 396 777 282
480 629 909 588
252 338 425 948
141 996 781 363
222 401 688 723
596 271 983 309
390 631 831 55
451 243 469 922
329 246 894 238
524 64 867 639
11 809 667 792
171 808 477 393
806 494 899 165
126 478 493 516
108 13 261 560
171 276 947 731
514 190 667 755
509 380 519 520
1 49 879 185
132 271 683 169
24 628 765 150
356 905 796 948
154 598 962 307
37 15 874 394
274 279 770 387
457 793 489 335
74 350 978 181
40 897 621 64
214 75 214 10
23 260 605 675
272 295 567 759
689 233 774 837
202 371 223 964
396 114 446 692
464 603 563 161
667 963 748 776
851 571 973 874
238 87 831 577
25 201 382 799
37 762 722 951
11 861 725 925
306 408 975 559
161 6 259 129
905 518 969 755
319 609 779 631
207 247 696 232
448 769 721 175
126 945 530 133
57 137 805 53
235 470 612 494
191 193 599 463
671 159 948 449
57 688 791 957
611 342 895 443
208 741 211 21
154 334 375 902
161 180 955 87
271 939 650 256
131 389 719 462
312 769 838 102
416 585 480 310
652 620 719 90
112 550 361 266
168 736 884 426
606 813 823 946
69 784 884 478
246 705 558 558
164 85 350 580
671 830 890 79
611 231 699 723
679 355 782 750
90 782 176 537
350 603 418 109
77 992 587 323
571 861 697 835
440 281 921 921
360 50 440 19
250 58 463 31
387 985 809 142
456 719 679 167
461 874 828 538
861 562 866 105
112 860 940 121
140 171 732 242
261 190 913 511
233 57 249 375
517 620 732 887
477 187 605 938
61 433 475 617
228 25 869 167
146 981 718 878
740 173 913 548
374 988 739 652
717 607 735 234
811 394 917 466
331 404 343 415
538 497 711 766
212 579 624 359
559 341 927 161
334 627 889 356
304 415 698 709
315 38 339 232
194 149 316 538
564 337 632 102
558 737 834 343
786 171 922 181
212 402 332 101
418 456 759 667
65 723 871 70
451 209 993 646
183 613 358 308
405 169 646 815
157 963 906 770
835 381 941 46
784 963 838 542
629 947 688 384
359 249 455 810
35
197 756 447 455
91 834 328 810
214 951 991 867
391 928 547 760
390 128 711 353
656 252 672 602
631 56 651 880
27 648 201 461
93 625 606 915
458 628 724 875
185 372 826 138
299 979 899 576
21 50 394 701
342 273 643 694
440 994 843 331
144 561 669 440
64 199 475 453
327 212 517 843
214 940 351 702
918 52 969 204
793 237 905 940
323 135 511 453
784 653 819 353
92 389 914 142
278 613 595 848
59 795 455 410
39 846 187 360
564 958 898 158
85 600 587 691
516 596 743 334
640 216 677 243
322 954 358 459
306 290 566 56
85 711 156 963
70 196 808 324
673
395 172 430 776
258 720 291 544
183 678 462 315
35 451 992 117
439 679 447 730
505 646 935 193
350 157 716 546
389 49 655 731
826 160 903 509
395 380 919 807
122 578 748 804
385 783 945 515
152 82 244 777
275 439 422 625
596 829 861 250
559 940 990 151
2 56 138 505
312 397 436 124
618 50 665 183
565 499 657 253
275 610 335 499
628 388 926 914
163 155 907 786
306 554 416 843
348 308 611 350
164 60 395 737
611 472 801 958
456 59 725 365
360 181 554 421
94 405 809 285
560 176 761 948
421 518 480 867
558 260 865 31
10 68 458 722
716 609 885 811
359 109 866 862
283 719 981 782
187 144 694 74
11 191 712 747
303 432 400 168
118 611 153 958
370 819 370 254
629 85 863 184
293 921 948 912
320 273 702 13
37 579 849 439
320 319 326 860
177 134 982 720
435 47 678 295
804 495 992 432
271 854 306 909
456 289 829 776
252 220 480 289
418 816 800 328
134 859 878 739
458 312 683 135
297 808 873 101
223 264 303 864
172 864 408 220
329 762 509 0
220 809 741 710
136 159 215 704
562 45 898 40
42 935 872 339
130 736 743 744
298 44 1000 396
259 463 955 171
862 278 915 772
87 346 482 223
505 697 928 92
137 469 427 179
499 547 805 8
282 431 443 629
363 972 827 317
142 776 471 694
53 385 465 140
54 616 421 947
334 672 708 761
230 345 541 536
234 729 892 367
47 864 798 101
418 357 525 314
50 834 89 579
655 516 974 75
152 718 692 486
79 89 938 621
625 858 966 550
276 548 917 13
101 405 114 627
719 223 984 499
332 146 492 725
222 392 240 996
404 604 569 483
103 8 693 196
558 19 744 760
307 164 723 98
259 528 415 669
167 933 751 399
79 53 814 189
135 588 184 992
595 704 762 287
295 333 590 865
352 621 624 543
708 766 720 967
293 134 635 734
223 492 666 36
681 745 780 556
736 916 834 20
308 900 619 595
150 293 232 464
85 234 837 585
350 495 891 333
66 233 319 216
269 79 708 732
167 49 325 593
614 964 655 849
134 612 863 284
748 431 905 95
370 523 665 410
708 556 743 27
260 169 772 809
230 219 939 397
959 263 991 613
112 294 577 246
220 810 906 129
224 658 241 284
181 596 694 579
151 436 606 613
473 165 935 556
252 424 776 411
37 477 675 242
226 304 413 131
433 633 632 348
290 873 632 161
468 326 741 310
452 36 923 77
242 368 593 85
497 184 792 862
117 519 338 343
475 637 513 441
73 106 985 53
215 827 669 306
136 465 322 646
542 274 682 750
332 21 835 474
658 815 883 775
23 911 118 537
173 114 351 283
168 748 389 848
153 73 574 166
631 90 719 401
365 365 841 172
387 303 646 387
769 916 892 960
452 912 871 887
169 315 717 248
686 5 853 885
171 56 648 259
146 190 350 802
556 309 664 201
279 633 303 170
85 152 592 71
648 227 755 507
232 471 755 84
45 440 781 693
389 642 439 740
134 275 620 798
167 866 798 446
188 100 306 471
623 509 862 82
15 232 1000 67
6 583 538 460
590 787 966 979
408 563 429 94
50 227 370 719
274 848 363 463
638 669 934 499
441 246 698 441
314 403 363 542
125 452 863 369
121 275 847 781
528 936 876 219
162 903 628 578
365 754 426 215
253 15 884 989
146 238 925 641
44 509 471 597
568 596 740 104
66 861 379 632
567 398 770 597
175 419 300 291
44 208 634 355
33 988 223 958
629 369 887 363
568 357 960 826
643 699 931 709
249 1000 341 19
417 462 597 598
17 407 443 651
452 177 859 485
132 484 165 772
831 18 847 398
224 17 375 496
195 845 417 444
153 440 844 758
45 570 592 62
404 809 667 34
293 67 903 953
241 245 725 426
134 778 644 510
217 468 273 558
402 634 603 936
66 127 81 756
16 658 880 683
383 283 492 285
42 651 236 475
591 283 896 416
60 229 926 333
492 879 787 833
157 94 505 929
55 866 850 571
239 992 919 626
276 835 909 421
485 868 586 8
283 41 291 71
65 778 300 899
346 578 731 557
341 851 507 881
421 252 437 30
21 787 878 676
311 372 787 298
239 288 997 797
19 858 868 212
110 775 635 532
21 982 109 362
243 944 832 616
869 370 974 436
45 995 913 522
894 670 983 224
711 824 958 268
125 837 726 667
368 463 442 761
516 263 742 477
784 449 897 342
778 864 819 870
75 227 555 381
605 659 897 315
172 544 273 899
735 343 902 398
158 102 496 590
269 11 544 52
84 278 460 440
0 863 832 555
243 597 472 538
256 59 543 428
326 504 603 816
213 751 537 62
342 813 853 724
555 886 735 886
326 640 854 326
192 686 571 435
282 733 663 228
657 395 792 205
589 614 711 673
424 817 676 276
540 18 779 965
594 334 850 920
936 165 974 704
79 196 290 51
280 721 930 643
806 248 848 627
299 395 862 723
690 441 902 538
246 468 405 840
450 465 802 946
320 418 339 75
272 300 469 201
922 480 943 439
65 728 728 365
87 714 813 590
818 467 845 754
593 427 936 940
583 914 885 733
331 80 809 903
203 491 281 145
620 893 626 686
310 43 741 122
526 140 633 518
894 611 986 370
0 177 37 575
489 718 910 620
213 510 488 106
0 769 942 621
352 257 997 662
301 427 475 624
765 620 945 0
61 348 230 61
326 435 525 268
578 815 843 481
325 331 587 15
326 832 790 529
494 777 786 322
401 384 749 969
3 720 659 856
203 234 471 419
192 798 544 460
302 386 632 627
333 888 407 218
437 659 719 914
690 420 982 903
494 220 561 781
630 530 636 498
422 792 949 614
279 492 764 581
568 395 899 666
304 231 553 741
344 561 890 962
672 115 865 34
25 141 815 165
353 656 671 775
78 416 137 619
801 533 997 368
33 922 928 585
663 396 816 276
238 697 647 793
731 8 908 236
67 217 865 934
279 738 683 416
46 451 832 847
905 912 984 518
103 629 523 609
695 142 905 185
573 32 935 303
229 595 731 533
156 987 503 435
414 185 851 150
326 372 997 310
890 592 912 683
220 434 983 124
310 367 958 883
399 582 876 130
114 796 415 270
395 196 782 608
346 810 483 936
119 888 307 33
260 535 315 30
154 242 349 464
346 699 610 997
519 383 579 222
17 935 344 489
375 25 542 739
675 722 835 672
445 644 559 760
364 820 985 518
752 23 983 51
20 18 751 599
240 269 672 948
127 126 894 15
445 502 842 119
481 358 914 366
9 40 808 373
550 792 581 301
43 526 506 563
582 794 815 512
150 647 753 176
192 277 463 637
446 693 779 304
670 927 741 369
432 897 657 549
30 12 889 536
266 932 752 848
49 477 725 256
433 890 814 625
166 276 952 636
18 940 270 87
308 361 704 759
307 430 948 28
254 709 443 836
246 491 767 6
262 986 659 695
9 41 876 472
439 651 677 709
339 442 738 695
144 337 493 141
169 210 768 130
609 733 967 424
120 855 915 72
530 573 768 405
447 864 735 467
118 814 573 546
199 602 988 343
174 706 939 170
301 344 606 958
458 905 690 578
340 980 449 604
384 602 867 107
155 383 265 521
335 418 929 224
19 607 257 959
354 458 467 431
415 923 465 651
190 695 245 796
399 531 674 957
248 593 328 748
269 403 666 294
518 531 822 595
489 358 892 775
507 361 896 534
283 119 875 922
407 164 504 807
385 868 453 713
616 701 997 575
103 662 869 615
146 838 947 76
851 325 887 436
549 393 797 423
4 771 233 412
909 9 935 427
295 361 722 601
61 718 175 855
70 43 470 16
119 306 855 660
95 180 631 741
293 828 824 583
239 978 353 216
644 147 987 939
198 398 539 259
805 877 807 404
447 965 893 256
270 747 606 901
177 701 771 0
829 326 974 64
280 758 994 614
552 794 596 980
68 781 744 875
751 321 875 548
267 782 512 333
372 948 771 873
264 143 639 237
207 467 254 177
792 510 915 247
918 33 995 986
505 738 550 379
391 177 976 991
323 658 649 93
221 20 732 485
163 370 412 60
238 441 527 666
604 720 642 521
196 257 753 636
327 38 373 746
215 749 736 718
65 864 843 286
461 738 884 264
634 874 798 160
229 726 601 833
43 889 135 242
836 941 878 239
669 410 985 162
159 636 570 884
437 692 612 11
749 279 956 73
439 556 637 236
389 788 653 730
366 540 973 432
171 346 362 202
54 840 447 315
414 296 951 851
678 562 862 323
325 300 602 962
518 189 537 40
667 432 770 597
28 33 663 390
427 670 926 834
363 564 985 777
318 227 860 935
187 179 550 512
474 707 480 151
191 682 586 651
83 997 278 252
77 901 976 746
261 632 579 504
99 307 758 245
534 748 871 417
259 456 286 83
162 115 234 423
104 438 766 72
69 356 691 849
284 837 948 863
30 208 185 788
94 13 143 284
701 318 761 677
133 325 401 711
133 986 440 929
424 205 691 805
160 28 745 450
286 798 582 316
5 767 103 149
741 888 853 131
205 304 808 296
621 838 705 631
456 731 617 751
535 391 647 147
109 574 287 385
183 691 580 188
27 578 147 374
261 571 709 157
453 269 565 207
797 454 838 765
515 253 875 161
90 409 552 377
485 352 641 668
42 221 546 881
458 546 595 264
703 89 835 858
64 847 358 902
46 816 611 154
97 921 978 187
20 219 255 505
172 304 571 586
807 408 875 91
638 196 672 332
189 30 285 944
567 643 846 177
798 582 994 585
463 522 502 661
26 141 880 718
445 801 994 889
297 319 582 659
341 219 856 221
164 507 941 140
375 962 474 700
281 58 546 784
719 8 996 598
416 713 739 410
291 874 901 588
192 482 938 224
392 793 445 22
529 787 623 609
309 594 748 280
63 370 652 985
659 99 683 750
199 753 462 87
31 844 962 99
67 353 271 659
375 764 451 512
551 811 812 595
90 841 188 989
663 154 901 346
135 746 594 559
188 298 647 334
123 219 141 394
748 18 878 209
473 222 721 122
32 596 407 714
392 123 436 55
401 561 968 26
306 923 586 536
220 683 560 184
404 51 767 972
260 204 681 672
17 844 894 424
19 949 557 617
694 707 740 145
172 94 958 448
60 570 320 954
137 971 252 231
21 710 894 973
644 931 914 264
45 354 107 227
844 64 993 273
901 687 980 72
210 482 471 627
51 408 580 961
639 642 931 995
614 617 704 222
238 283 486 948
175 283 637 709
37 630 983 938
316 962 700 787
268 549 279 600
560 10 957 180
4 286 823 708
14 685 508 436
384 943 968 249
916 605 958 954
234 940 581 240
592 972 717 871
109 131 571 676
1 690 686 66
42 824 87 240
925 334 951 792
583 650 735 583
187 230 293 111
41 452 170 875
322 106 536 758
123 431 928 809
187 930 188 229
160 393 753 966
727 182 758 84
522 544 667 1000
230 816 345 90
380 386 542 916
712 958 835 554
457 863 675 640
569 335 782 11
301 942 405 749
717 822 931 73
512 452 618 432
267 653 522 337
730 754 943 564
211 982 307 655
294 358 534 553
254 685 694 316
433 354 948 349
428 373 862 53
505 736 805 463
388 16 490 808
371 76 770 433
87 273 748 71
314 14 631 282
288 568 389 926
280 469 608 512
565 708 842 761
133 336 223 211
19 812 42 403
578 613 836 80
353 325 684 675
379 585 607 688
256 459 511 864
22 226 971 791
188 554 677 321
222 622 890 590
433 829 993 241
12 701 131 55
25 506 420 323
193 800 908 449
2 609 949 418
835 86 899 24
97 157 578 511
100 320 779 93
251 902 612 263
9 318 602 743
641 132 939 429
228 548 581 176
476 555 657 274
332 567 989 310
414 302 512 429
85 381 439 884
334 77 785 387
395 759 821 343
773 35 891 691
273 162 868 620
436 33 866 424
343 197 681 545
316 786 848 446
669 623 827 453
10 160 530 831
279 967 504 615
650 170 657 614
233 458 332 214
247 98 572 591
826 993 986 944
438 87 729 363
230 687 987 264
114 451 207 308
65 486 274 716
19 678 656 932
145 252 826 393
41 398 674 717
31 189 709 450
537 229 553 146
100 767 916 215
736
122 523 283 298
488 689 645 419
254 650 708 322
691 927 839 337
701 98 958 891
443 954 807 407
53 400 944 672
277 959 618 89
172 901 387 660
279 722 769 987
44 22 326 883
360 708 809 60
641 612 806 456
255 496 863 83
445 309 586 412
501 129 958 203
789 72 794 579
300 557 749 34
270 75 607 320
70 278 783 105
561 712 890 113
299 931 485 145
144 886 342 101
231 573 779 534
335 793 803 710
828 918 958 775
237 12 540 124
230 307 290 481
595 194 709 179
324 584 815 158
260 248 469 847
380 181 511 873
666 538 891 536
310 183 455 850
307 692 552 227
690 842 709 88
21 994 282 35
194 737 577 96
675 13 944 144
325 876 887 906
411 242 444 412
425 899 952 422
281 504 340 661
345 48 749 56
92 999 732 722
508 977 735 451
120 99 155 135
40 76 975 732
488 88 974 484
73 129 200 44
395 669 633 540
278 143 725 700
555 507 699 63
173 433 204 984
118 197 533 359
273 444 781 159
222 96 333 451
140 904 581 423
572 622 653 535
321 614 369 988
184 19 677 358
31 366 143 572
563 402 621 150
846 22 1000 527
119 248 978 68
152 524 181 950
145 234 175 414
91 157 848 276
324 9 867 525
65 407 96 355
195 319 809 194
217 823 846 345
71 975 103 26
498 841 976 914
74 419 327 334
385 47 491 923
57 924 137 709
330 950 754 813
131 139 834 977
484 741 490 277
251 433 767 251
164 749 273 181
290 263 773 38
1 97 961 675
20 828 73 58
467 693 561 350
179 991 669 663
630 188 732 849
99 881 311 954
135 92 320 275
46 273 313 425
370 864 791 47
691 356 796 80
48 610 430 848
839 408 963 570
256 593 448 46
163 760 1000 483
576 37 725 825
0 40 250 622
594 464 669 60
140 285 510 260
823 559 870 661
921 913 967 523
806 59 959 969
142 233 819 959
270 723 783 718
339 270 453 698
330 47 852 470
22 361 730 845
196 576 920 290
489 308 503 807
866 137 967 374
95 108 607 569
516 877 982 545
242 166 837 125
172 93 326 885
145 747 419 64
331 229 727 615
112 510 227 978
42 433 647 884
692 198 993 649
216 673 744 52
798 986 910 660
544 915 770 926
362 964 669 88
7 380 268 1000
48 847 509 925
279 491 809 90
429 971 689 645
388 131 643 432
418 988 791 878
792 966 913 25
679 460 744 947
17 349 150 752
195 174 676 756
536 474 665 965
300 778 444 354
599 894 786 688
675 389 771 277
104 252 933 783
403 677 730 553
428 437 902 794
883 97 969 418
261 633 382 396
677 372 864 153
46 424 59 462
392 646 541 508
428 162 760 324
405 809 691 848
603 857 975 307
94 261 274 355
441 261 584 347
414 469 719 304
583 307 766 150
643 108 658 975
961 680 990 70
179 583 609 366
130 147 363 782
192 316 733 404
267 160 441 634
319 704 938 371
522 902 701 870
668 556 877 343
103 629 926 712
685 104 986 738
576 115 885 308
209 767 315 651
400 582 501 338
732 165 954 820
34 287 721 432
465 703 533 568
21 459 971 396
253 646 824 830
761 398 828 970
164 142 620 565
415 811 903 368
533 351 630 324
328 911 446 257
168 671 650 862
10 829 757 263
474 580 783 234
204 142 978 301
397 548 443 514
325 990 916 645
313 138 686 759
86 14 359 736
97 576 566 527
356 854 529 830
124 2 755 792
303 649 624 436
162 20 985 177
9 590 513 322
419 198 771 505
212 129 240 468
43 703 347 337
222 696 882 263
265 977 487 568
3 478 625 802
345 522 822 678
268 858 534 687
56 305 882 959
124 121 427 471
149 160 864 30
113 86 726 378
62 903 636 378
704 330 856 216
7 200 738 966
58 271 342 805
266 223 763 391
345 880 862 494
214 844 731 416
502 630 913 254
532 548 632 927
142 576 568 487
231 126 378 880
150 574 931 107
498 141 797 383
325 374 954 49
217 967 465 229
859 820 912 81
7 626 58 543
201 98 721 149
719 123 915 559
666 493 697 845
325 871 918 163
904 650 935 368
25 428 880 152
509 720 662 937
346 890 479 516
355 237 678 764
323 56 360 592
240 44 436 989
605 436 843 565
804 784 905 540
382 519 903 43
455 411 764 625
514 663 618 800
36 192 427 87
143 911 474 750
428 383 645 961
396 543 638 249
16 861 479 891
409 919 905 555
20 358 179 638
157 383 991 884
265 417 971 740
340 976 857 114
187 985 626 826
58 403 924 22
263 702 603 74
256 13 994 858
341 62 906 435
819 331 947 83
439 917 513 295
721 853 961 599
114 761 837 587
299 172 854 902
246 807 603 930
355 550 633 260
323 493 985 664
267 124 996 960
419 287 876 780
576 159 633 70
610 956 657 690
547 488 552 153
418 315 961 840
389 741 575 64
247 90 405 588
214 113 547 204
400 998 675 323
156 740 393 976
355 457 385 907
394 570 610 932
462 502 575 541
243 841 295 338
118 976 428 233
88 111 437 332
108 429 345 178
153 956 168 198
104 712 412 554
175 188 973 327
691 547 869 624
387 854 652 506
86 770 171 214
325 136 792 259
127 124 565 971
168 181 770 734
583 152 978 272
460 555 480 841
154 870 793 38
375 669 582 806
575 546 883 366
193 622 495 898
592 481 712 758
181 760 352 158
1 873 722 936
403 973 490 171
209 558 843 481
53 217 149 629
454 722 685 639
261 21 310 878
326 543 503 507
356 715 994 545
277 661 480 357
528 681 633 427
908 982 929 475
300 527 383 748
159 986 165 469
181 879 553 426
76 653 660 374
367 89 919 432
750 6 789 335
433 634 706 382
305 621 548 340
147 938 778 606
281 2 406 834
403 779 429 277
431 260 651 479
349 79 601 488
85 218 823 98
170 518 542 408
28 326 548 848
143 866 263 424
869 359 948 988
327 350 766 668
519 196 928 119
198 197 684 967
415 926 755 974
23 730 491 648
55 638 495 52
608 8 752 476
153 694 367 699
52 949 740 919
759 179 805 980
66 391 947 647
6 802 621 481
128 30 531 313
641 380 773 276
284 392 547 342
726 211 782 700
309 778 850 113
448 608 983 84
255 48 475 566
220 482 367 38
352 975 512 589
44 149 865 683
181 237 766 591
448 290 982 907
93 823 375 988
596 767 907 541
106 34 815 381
553 163 764 755
729 307 752 806
146 253 488 774
54 327 490 35
15 298 924 628
616 800 811 902
442 70 566 717
789 238 796 31
91 559 787 534
364 205 841 542
669 987 796 724
313 976 449 927
225 600 294 155
501 901 645 726
443 633 971 922
561 456 953 652
14 429 185 68
611 994 635 25
702 96 717 14
632 55 762 857
345 346 702 857
246 715 582 846
168 907 326 729
53 970 71 758
398 947 827 723
663 127 717 364
69 675 914 123
421 371 980 701
247 766 717 519
234 470 302 653
250 250 890 303
60 308 219 651
597 577 721 259
394 437 624 307
251 693 673 921
83 93 292 330
549 8 849 851
11 602 352 773
23 901 595 933
240 838 241 345
788 6 923 962
4 29 88 101
484 677 951 567
770 242 897 318
860 292 941 745
518 871 584 231
163 702 461 178
229 136 524 404
55 16 142 834
808 837 864 291
513 814 858 282
291 686 746 754
189 150 669 707
711 252 938 171
121 100 873 645
194 792 471 940
464 306 499 303
140 327 598 653
626 576 831 455
900 607 952 88
757 310 795 157
328 684 563 422
18 97 212 891
682 179 727 180
482 190 487 622
517 84 966 37
229 591 613 128
197 255 216 644
565 701 801 818
191 716 813 819
709 900 813 80
78 539 261 561
730 438 873 937
212 838 975 441
118 277 260 5
222 166 339 788
295 370 558 830
648 487 776 46
76 588 127 155
406 237 818 388
516 278 864 728
807 838 859 615
311 27 806 118
285 650 505 533
170 801 593 818
555 53 978 369
208 464 647 682
391 275 760 304
273 255 693 79
384 588 783 551
616 645 670 695
177 205 345 811
611 770 713 278
332 476 829 267
940 398 949 230
363 808 535 21
276 55 577 58
337 967 607 961
301 381 346 643
453 478 586 755
32 457 938 298
566 364 933 204
285 562 603 510
7 549 583 966
21 584 608 318
234 945 284 580
277 585 961 730
484 380 753 546
837 100 845 517
304 856 571 769
21 907 55 604
153 274 563 62
282 571 646 451
85 566 150 362
91 283 841 802
347 266 353 882
783 190 982 43
649 286 900 670
883 645 965 135
99 43 708 117
258 381 614 343
705 477 947 455
256 486 760 293
175 224 752 113
268 332 994 847
693 706 823 858
502 657 531 209
464 631 944 722
11 557 64 649
702 459 816 958
635 576 942 77
301 62 379 116
394 476 963 569
426 86 872 619
518 897 743 402
618 735 723 461
73 410 709 372
58 156 831 889
154 1000 233 223
285 458 806 534
794 680 934 910
456 805 528 890
786 620 898 737
354 596 888 404
697 297 776 117
6 445 143 851
74 940 444 376
397 393 600 359
303 876 729 331
765 723 826 521
257 550 343 145
431 110 644 387
97 201 505 127
51 706 262 240
616 125 645 215
175 733 299 594
469 579 754 602
302 70 813 233
474 335 906 117
227 917 722 336
117 416 154 324
254 860 813 870
675 147 776 850
444 633 880 765
366 913 903 178
837 895 939 310
229 844 427 641
558 24 871 345
359 365 440 614
173 900 224 252
400 639 439 970
403 573 603 459
486 195 638 12
89 266 322 318
110 439 649 981
695 143 784 897
262 134 447 176
77 310 766 167
136 352 950 896
468 429 812 954
314 139 966 403
95 978 411 896
417 60 566 891
724 909 957 260
85 170 776 853
19 430 481 231
126 846 472 595
548 279 966 974
683 899 803 204
794 288 872 784
179 181 534 360
89 395 310 903
247 244 764 555
364 913 787 957
507 458 803 526
190 746 737 993
581 511 640 109
584 375 800 117
298 735 425 669
261 388 821 24
633 758 959 419
332 207 715 322
539 529 665 729
274 91 721 914
115 475 892 993
57 605 592 482
273 891 907 224
249 601 969 417
175 207 711 890
96 759 220 42
177 536 261 451
139 123 232 588
288 637 580 254
809 822 859 881
46 119 461 406
410 998 823 986
577 102 883 120
551 114 853 363
504 728 650 737
6 479 550 586
223 282 734 839
409 722 795 560
127 531 679 951
516 88 638 398
191 752 900 906
268 742 556 463
160 896 199 166
375 749 442 799
277 665 771 686
77 565 245 204
154 992 786 614
390 983 393 483
388 271 424 346
12 981 809 863
566 698 719 941
137 161 429 414
516 200 791 593
455 726 798 932
340 642 923 423
405 893 815 312
239 286 273 829
499 738 839 65
436 558 696 573
409 125 677 925
15 467 208 160
91 223 193 696
27 14 646 843
16 741 735 290
259 664 266 759
92 795 824 218
42 209 481 451
66 39 334 157
200 508 625 965
660 982 731 687
529 393 686 66
373 65 807 955
514 710 618 329
123 337 618 166
237 98 307 571
256 373 301 571
78 687 337 501
172 499 374 859
251 61 565 593
126 856 547 314
255 766 643 331
358 874 622 595
166 227 972 930
488 330 993 467
658 566 707 830
378 319 755 80
70 220 674 319
633 888 766 275
218 21 732 576
171 866 895 43
784 966 973 27
184 962 986 842
361 973 528 692
463 430 983 136
46 72 749 52
37 157 940 813
734 418 834 769
813 905 974 475
130 806 932 447
337 627 409 115
498 698 599 961
96 567 818 581
329 573 634 833
645 366 731 168
276 638 826 154
58 250 803 680
485 105 697 934
732 236 739 822
196 27 209 21
284 926 602 983
499 841 506 613
9 804 979 920
73 976 131 822
191 613 225 625
558 366 718 296
533 777 878 140
161 419 494 453
92 778 379 598
80 568 438 750
177 137 243 941
452 28 804 65
641 247 690 333
233 266 699 49
42 731 880 456
183 658 876 227
695 252 946 776
215 687 510 73
317 705 902 458
523 769 733 212
101 64 149 490
756 683 804 383
413 404 839 489
406 286 752 100
229 697 566 739
116 672 771 781
376 452 930 433
355 994 893 799
174 356 553 194
38 797 267 620
200 204 799 141
305 657 428 643
85 800 339 871
161 271 342 201
325 227 413 217
26 768 901 269
626 920 653 765
385 354 716 183
388 614 496 607
249 383 270 278
78 285 944 45
556 953 938 239
467 970 860 183
427 760 452 770
215 768 690 600
122 95 473 618
231 641 702 551
920 878 934 191
853 864 927 998
816 83 927 99
759 675 957 876
125 409 646 340
630 989 867 25
120 102 606 513
153 277 654 527
718 72 845 645
198 377 760 698
460 555 797 14
379 107 430 504
206 766 534 72
61 912 791 163
114 610 266 667
885 267 887 602
30 732 937 790
166 916 429 135
149 317 160 218
114 280 413 320
46 947 392 837
438 66 801 453
366 695 811 242
510 252 987 540
19 102 984 924
17 898 58 877
193 868 806 998
148 218 317 194
165 709 721 966
722 353 853 850
91 87 738 601
29 724 831 704
337 851 806 85
673 610 727 514
381 479 607 219
413 552 697 924
207 865 322 825
674 619 908 765
56 426 396 645
59 887 820 86
172 153 427 315
453 901 829 535
13 59 119 401
643 996 673 223
47 541 550 411
698
246 793 458 866
612 362 852 189
181 629 616 496
15 25 491 460
730 973 913 606
335 638 415 821
375 694 463 20
544 719 571 476
342 790 511 644
151 53 833 22
518 172 682 449
197 511 599 223
173 244 829 617
437 509 572 591
284 790 529 638
113 828 508 145
480 458 617 19
72 312 170 444
451 689 616 49
561 431 602 503
120 424 675 557
838 152 933 937
574 122 942 378
213 257 950 450
159 693 405 922
5 576 365 456
196 556 955 981
173 447 987 984
541 494 871 351
288 68 336 552
190 277 930 831
87 576 417 834
497 531 526 182
678 402 758 552
222 564 959 396
10 635 379 571
755 965 987 610
206 559 679 90
368 136 389 475
51 185 970 166
349 238 407 797
199 703 481 775
98 38 338 157
609 468 792 168
122 146 468 364
396 512 454 329
465 785 988 124
642 729 1000 991
477 137 657 406
180 676 841 518
246 5 523 629
163 956 487 856
792 53 910 286
566 770 615 187
894 614 973 243
294 318 972 583
456 860 990 771
68 350 137 987
355 793 615 314
169 519 748 769
805 539 823 419
188 389 727 388
631 772 693 292
44 677 610 33
447 756 584 274
625 47 742 652
840 826 966 670
594 373 879 587
125 416 482 542
494 360 621 815
106 867 131 313
900 127 990 407
91 905 162 483
825 406 952 791
76 791 616 645
18 192 377 900
316 500 425 810
625 682 861 45
49 421 548 729
546 991 828 138
311 638 895 136
43 536 617 810
326 232 455 393
275 137 822 163
638 213 663 700
436 953 586 175
373 133 594 892
882 273 962 140
99 511 778 466
1 716 11 17
410 459 638 156
287 672 319 375
576 892 766 925
66 630 567 161
521 947 985 350
490 402 910 958
159 249 558 699
266 51 414 170
200 335 326 366
6 197 432 487
88 668 101 582
298 418 433 845
54 375 194 819
332 159 912 654
352 491 409 766
351 365 507 367
422 397 702 854
50 986 885 709
344 414 981 829
522 557 673 332
841 576 932 442
602 271 920 955
135 701 727 487
65 233 854 487
320 556 340 204
881 625 955 80
38 581 909 915
246 250 829 86
516 760 529 435
396 540 404 821
521 122 717 586
45 570 764 366
260 460 816 103
85 783 875 140
54 814 54 991
64 883 768 270
332 296 706 737
116 101 967 637
913 960 915 683
15 759 943 676
218 344 470 276
416 994 817 161
808 871 842 562
443 609 832 466
893 711 905 537
37 934 329 859
541 951 893 173
316 599 932 476
510 981 875 841
832 331 834 327
888 674 893 21
282 725 487 878
588 280 952 69
213 158 928 316
331 272 957 797
395 954 439 269
484 949 940 317
649 854 966 772
445 541 565 727
294 908 956 51
120 573 878 738
586 845 889 91
578 607 807 663
560 245 622 43
51 159 194 561
332 390 703 467
621 267 885 577
8 178 484 819
556 639 751 361
142 832 483 410
72 689 439 290
225 694 423 419
269 277 946 474
554 972 745 174
239 319 751 247
66 248 497 234
286 312 887 428
835 60 839 273
40 911 652 265
295 74 375 240
207 792 238 644
305 642 967 544
482 458 961 407
396 928 642 238
45 74 240 973
32 884 37 763
485 690 719 780
454 93 710 693
174 732 427 917
249 831 967 209
238 138 357 570
187 306 376 753
381 448 726 232
807 108 902 291
488 620 761 943
325 520 403 160
76 499 251 15
20 908 225 258
45 582 518 111
335 705 418 751
198 433 627 489
414 85 597 99
409 865 718 502
21 792 24 42
231 964 807 251
199 917 871 722
27 329 304 407
79 429 111 135
624 968 862 221
758 967 997 166
521 714 669 546
27 677 756 380
343 524 929 214
246 818 821 240
225 538 569 26
455 297 674 338
208 753 996 7
610 184 664 204
420 363 918 969
40 692 348 447
596 908 972 659
147 391 166 106
108 317 644 406
615 429 744 563
182 924 260 823
718 482 799 325
379 488 450 218
666 109 870 327
234 624 768 465
261 381 706 906
222 220 787 814
66 527 649 17
40 521 941 448
693 429 773 142
321 3 648 151
260 190 330 718
32 607 346 254
202 802 325 738
241 425 712 307
324 682 642 50
129 955 572 956
384 593 788 722
725 695 744 108
102 334 989 745
632 13 689 134
505 112 872 834
110 281 949 216
267 124 963 529
483 845 770 783
65 270 566 499
68 982 193 57
81 415 726 987
118 683 120 403
485 876 928 624
156 487 530 595
15 870 410 810
282 189 714 347
149 971 536 218
952 420 966 367
406 46 472 526
140 591 899 67
633 434 905 384
669 790 922 769
289 627 639 261
298 346 506 42
12 834 564 654
253 219 712 659
876 95 956 183
162 368 464 464
493 207 848 796
275 104 976 254
515 928 731 614
273 359 347 503
336 527 704 280
629 701 746 415
487 62 598 194
120 196 659 649
134 613 403 99
353 138 717 379
65 29 683 558
79 87 751 338
57 300 555 783
197 686 691 485
237 229 571 177
425 651 827 48
351 829 751 759
897 270 898 794
42 652 991 793
570 234 680 69
224 739 542 317
694 915 914 264
92 151 493 609
259 240 890 918
436 700 999 23
184 585 294 226
236 284 709 606
43 970 530 585
13 980 286 754
243 761 669 927
369 657 768 426
34 628 898 160
18 586 184 202
118 97 171 478
452 517 704 495
486 233 770 463
442 656 988 783
106 167 709 376
514 526 802 475
687 811 793 101
688 871 703 549
38 511 646 180
28 39 365 514
964 134 977 951
296 315 917 109
172 667 175 92
193 49 567 687
788 880 861 165
440 253 714 478
658 793 765 50
89 22 997 52
693 763 847 664
463 679 768 638
304 337 771 941
317 497 387 795
66 938 961 506
190 364 984 645
414 331 437 194
43 124 246 890
342 941 788 940
578 389 618 801
416 748 431 882
69 493 232 135
120 883 642 1
247 315 646 351
337 774 545 380
588 792 961 375
315 729 421 993
793 583 808 223
154 915 661 223
359 218 407 584
219 713 466 691
696 555 755 32
328 299 413 916
781 63 981 892
55 986 621 539
452 413 568 428
342 113 636 440
658 162 697 685
375 567 566 71
103 450 121 10
55 781 1000 206
362 15 960 727
554 971 712 983
101 5 383 133
573 195 809 709
48 459 394 921
220 609 487 304
314 14 749 313
784 871 911 494
220 837 886 623
283 610 819 129
744 324 825 356
64 6 519 148
608 104 618 567
403 875 561 828
532 842 879 443
313 246 336 352
188 889 869 698
17 151 307 532
507 741 856 262
410 55 438 65
632 17 850 884
536 253 758 67
94 326 510 120
367 557 679 823
254 108 401 235
77 252 641 584
536 120 683 496
561 947 866 884
457 189 964 716
257 753 969 214
231 457 874 600
847 371 971 931
165 101 480 933
43 120 207 726
306 743 537 558
131 343 689 402
117 588 532 776
219 723 492 789
12 907 937 92
22 860 277 878
651 757 811 694
109 874 567 708
121 139 450 336
429 252 482 546
12 21 840 704
183 231 435 119
13 447 25 726
603 647 997 302
30 316 750 103
189 952 811 831
90 285 166 310
252 262 832 782
804 148 966 534
267 778 765 929
193 62 375 983
285 796 709 34
350 90 590 430
260 230 732 116
230 822 402 483
774 924 955 430
147 448 578 912
376 536 379 442
504 493 518 572
57 903 217 337
118 282 332 568
89 718 488 850
362 181 891 135
565 942 795 846
853 360 984 834
59 922 802 267
183 305 451 240
268 230 898 668
202 413 926 386
235 291 822 597
423 266 472 712
207 231 247 678
201 750 281 951
218 544 361 82
77 669 475 975
336 743 895 262
128 97 365 53
388 186 651 551
507 526 589 764
131 405 447 333
154 728 283 206
500 191 750 577
242 577 550 224
529 785 967 136
839 2 924 894
553 359 771 179
885 73 943 59
96 309 464 332
205 250 750 70
261 955 517 812
78 526 870 759
311 509 586 607
500 149 511 270
18 754 319 961
504 895 724 968
917 821 967 666
891 171 916 842
343 376 817 433
882 421 902 157
27 212 667 218
51 868 178 69
622 498 720 125
82 134 783 999
664 535 955 440
301 270 376 117
183 274 393 410
432 549 831 85
767 730 988 789
489 277 656 635
92 214 132 209
343 876 903 988
5 567 212 306
114 229 837 278
193 519 688 297
67 60 382 315
103 524 790 450
158 278 727 982
177 510 886 210
75 789 197 80
355 99 386 882
378 500 801 65
584 870 798 994
309 341 930 102
552 714 865 719
688 970 695 865
479 580 766 554
58 963 634 103
62 710 985 130
195 698 210 785
469 780 567 778
570 366 811 187
79 283 596 122
91 774 839 570
43 604 814 793
256 137 896 8
138 747 847 571
355 334 444 514
804 702 982 304
670 484 889 552
458 765 674 749
24 947 212 987
590 838 739 536
545 821 975 324
258 941 895 373
397 702 454 200
93 436 195 982
156 351 988 865
115 516 614 304
290 139 462 570
105 641 667 891
151 109 215 340
49 110 714 409
1 895 802 194
320 196 567 307
658 54 751 723
571 6 717 463
576 268 602 32
599 829 614 681
628 425 712 440
225 341 850 368
235 882 562 917
803 802 879 554
214 226 608 931
627 981 689 178
902 202 939 205
33 285 574 537
400 516 667 351
547 971 719 625
232 783 542 34
274 110 278 179
109 715 336 887
695 346 755 737
551 202 629 633
177 527 860 274
316 577 733 725
202 971 386 434
158 717 753 928
38 437 896 64
13 696 780 458
122 164 495 751
488 736 644 347
564 16 701 821
398 988 741 290
414 400 958 126
745 262 807 473
537 402 699 393
88 316 861 901
341 659 481 355
5 791 90 985
496 260 497 584
874 585 938 238
54 978 675 489
239 481 962 629
30 652 874 499
505 581 552 676
334 717 626 894
197 63 568 30
337 608 981 695
192 367 623 901
857 117 878 557
37 508 436 602
253 893 697 466
258 363 738 496
79 593 770 647
313 968 401 984
352 738 591 665
639 473 722 206
13 757 29 578
48 473 777 449
365 343 606 993
488 624 706 567
904 910 907 166
133 995 893 175
530 61 733 173
646 251 958 365
121 296 520 972
420 170 769 716
58 340 162 825
448 455 597 44
621 500 954 444
185 536 309 608
669 354 709 839
89 626 409 609
287 220 905 708
390 364 423 242
188 172 272 326
370 938 627 869
59 13 71 244
549 380 852 257
218 210 301 307
526 710 917 814
211 10 930 511
875 324 943 753
78 813 496 215
440 523 774 138
151 511 767 700
891 308 957 108
106 735 518 948
548 277 657 713
223 449 978 789
541 960 773 920
462 289 825 310
138 903 812 290
413 579 680 995
577 327 793 786
274 899 520 622
611 758 899 525
3 669 206 876
485 234 628 310
544 90 599 683
663 786 683 410
679 342 780 947
669 573 732 944
255 773 471 251
8 153 988 905
263 894 719 991
224 892 894 459
672 492 832 354
139 962 593 494
526 610 908 195
182 329 829 343
580 774 806 278
873 335 927 793
228 388 473 136
537 389 718 813
304 368 433 587
239 768 552 262
653 744 872 837
166 171 778 436
405 561 945 583
66 277 896 539
103 815 617 821
627 153 900 621
211 22 899 453
221 847 285 828
281 520 354 874
45 58 647 990
551 397 641 51
18 136 937 122
633 958 641 553
397 533 579 608
61 530 555 167
67 38 685 282
559 891 846 348
96 896 571 737
134 965 947 812
777 589 948 761
3 410 546 400
699 187 943 815
672 450 718 356
395 267 422 785
823 644 849 919
345 175 539 419
230 169 830 868
146 624 930 607
707 383 714 339
526 560 888 412
552 934 606 974
241 230 408 0
334 89 839 873
47 118 198 184
353 878 676 974
174 823 287 881
205 691 219 92
103 435 342 345
319 777 369 949
639 560 698 974
339 536 536 227
35 454 410 274
117 15 842 711
533 404 586 428
94 495 521 888
233 989 620 553
191 552 456 831
494 831 802 844
57 790 379 720
934 835 994 92
493 50 540 26
144 816 454 238
0 665 817 621
299 99 909 740
930 783 982 755
303 668 598 113
147 517 834 50
42 325 833 80
351 965 821 582
88 496 893 88
709 759 851 709
138 8 859 119
453 478 592 742
282 895 409 115
632 777 945 246
16 674 793 837
801 34 947 834
329 383 813 180
629 921 783 522
40 363 220 487
104 938 656 322
52 542 908 203
9 465 449 374
739 802 992 375
99 965 635 792
175 912 835 648
123 463 568 33
397 296 641 298
233 218 621 191
395 976 760 534
39 769 690 468
570 681 843 205
163 632 860 28
234 694 676 357
81 487 847 243
232 168 473 543
794
396 761 754 371
101 289 520 979
549 348 668 569
102 754 201 424
303 229 658 997
534 839 905 706
70 955 787 711
313 270 875 613
63 758 332 583
426 433 562 93
131 484 692 111
865 333 909 168
562 256 855 157
962 78 996 748
480 756 702 354
58 706 624 121
153 956 394 579
78 957 672 461
67 493 635 622
480 78 826 543
235 451 490 25
199 273 794 921
627 734 676 591
296 251 545 139
718 666 897 939
126 342 585 79
573 451 965 88
166 174 685 134
625 644 850 91
11 824 917 377
105 234 110 91
175 345 231 762
427 559 975 949
719 243 902 291
379 379 695 556
553 230 690 546
637 177 874 339
692 480 716 797
404 517 578 579
341 836 862 809
395 166 448 458
457 86 702 987
465 231 542 526
151 399 762 708
428 957 575 24
195 143 443 599
660 21 869 212
520 209 738 968
133 58 667 823
144 350 809 280
272 258 497 299
347 272 697 423
138 775 228 23
609 362 622 268
170 903 383 180
79 909 561 437
495 540 731 384
355 330 890 852
109 326 629 852
275 457 288 103
126 530 922 206
489 641 568 438
234 698 619 659
134 989 567 795
178 630 528 533
384 278 650 107
294 925 960 184
27 252 331 272
473 737 479 153
378 209 591 962
598 878 620 612
96 732 866 274
51 83 498 701
670 840 881 572
446 654 454 777
720 95 927 481
634 192 832 916
815 153 844 900
30 297 201 412
262 886 835 586
277 240 359 760
21 637 770 468
290 224 935 907
1 29 705 654
846 834 945 379
533 935 733 449
862 253 922 696
271 889 840 183
128 345 633 238
813 856 875 589
762 207 813 747
91 764 236 627
6 710 287 871
10 539 334 872
257 321 792 256
129 218 901 453
457 719 798 21
307 300 877 119
17 828 737 329
455 69 783 944
469 515 815 151
386 171 690 804
183 879 750 333
21 698 551 83
410 800 802 819
809 977 919 546
63 778 305 626
570 208 847 74
359 6 589 739
601 559 810 975
127 238 998 474
247 149 937 48
538 467 658 36
12 147 703 8
773 766 786 342
416 23 665 323
329 4 453 138
387 356 669 53
217 514 595 464
353 221 512 11
168 269 257 741
277 660 888 871
2 991 326 63
76 108 705 405
543 472 804 157
519 117 901 620
133 113 581 177
188 591 334 783
213 46 550 100
607 828 761 933
581 453 614 657
561 318 752 364
165 294 527 756
563 737 914 45
604 182 849 834
306 482 463 520
528 12 620 134
530 70 758 801
147 775 523 371
379 899 829 234
192 45 680 796
223 629 781 933
766 827 811 762
972 527 1000 964
352 506 977 282
352 109 998 566
340 549 480 144
43 859 473 926
412 685 905 152
4 540 84 325
151 815 301 841
368 445 779 964
245 720 641 597
519 638 853 689
237 516 473 883
131 336 742 710
552 543 711 636
866 710 868 715
220 857 550 999
133 64 820 608
17 774 352 536
102 204 224 575
87 151 781 519
855 412 861 912
455 565 738 12
280 603 722 500
188 970 460 963
34 588 570 321
785 386 814 577
151 367 590 38
189 932 886 741
843 989 844 740
691 275 996 581
465 23 874 413
65 343 994 325
354 718 913 138
103 727 716 383
455 557 751 334
74 22 489 326
66 918 701 752
188 391 717 752
494 181 776 559
524 459 575 568
176 487 706 970
352 48 904 111
383 848 669 793
119 457 560 876
64 951 627 943
341 343 695 526
214 160 775 428
619 349 996 485
454 120 527 391
169 862 503 806
289 242 709 98
699 959 974 454
396 940 909 290
155 227 323 781
655 249 941 931
734 496 970 340
307 233 731 878
374 476 785 663
718 493 761 106
141 424 250 49
404 647 680 417
117 835 644 58
765 989 998 425
328 732 921 58
299 918 983 673
335 801 393 767
598 91 951 786
832 303 900 848
410 612 494 511
345 53 360 801
41 357 225 59
118 78 779 836
751 837 754 100
328 507 557 777
252 926 289 152
145 958 773 120
259 666 631 556
156 341 299 309
356 381 400 826
904 351 908 208
187 556 999 344
753 63 811 205
130 41 215 594
551 482 852 50
606 500 839 906
809 995 937 855
66 26 680 974
235 273 324 233
479 118 618 201
181 227 407 232
273 86 821 125
137 61 297 433
251 826 338 750
605 577 821 965
550 226 992 284
459 866 558 564
455 629 984 552
780 824 861 856
632 290 639 459
42 937 893 293
43 963 452 921
539 877 886 648
622 88 793 179
44 488 342 942
39 430 570 719
254 586 264 509
45 532 490 583
209 628 515 662
238 558 624 814
380 518 896 163
387 284 942 172
114 122 462 374
531 501 805 795
70 881 701 749
331 806 412 231
123 617 893 362
866 516 866 761
369 246 969 311
108 356 285 913
287 8 478 747
493 638 938 782
220 563 518 241
369 620 472 492
237 54 544 102
553 940 571 100
346 522 941 144
568 225 748 736
434 910 972 725
196 927 237 416
179 446 347 238
421 683 756 510
564 965 785 825
64 28 765 100
240 705 936 808
543 592 621 683
191 603 407 977
593 119 709 462
255 746 701 10
255 121 694 820
644 531 776 168
196 98 321 126
494 256 934 114
396 726 629 166
18 115 833 588
397 417 578 652
163 278 662 418
399 45 928 865
214 262 395 100
227 544 360 717
658 292 663 851
17 54 17 540
332 727 656 729
143 233 380 306
201 41 415 290
87 32 154 992
91 345 294 240
889 619 957 8
601 877 860 237
106 313 291 309
35 762 41 178
175 576 685 111
152 280 866 930
312 711 611 297
642 597 951 393
215 260 401 220
457 507 827 438
751 851 816 934
385 482 719 761
336 436 593 584
55 867 864 893
293 667 854 934
59 495 530 460
405 435 411 863
942 237 991 757
297 246 861 742
697 507 914 16
290 723 943 845
305 998 711 598
354 564 531 413
564 153 749 751
186 665 706 818
575 453 902 387
389 732 819 562
238 869 578 85
713 113 808 871
401 222 869 113
326 806 367 623
373 580 649 249
244 45 758 836
432 332 979 250
584 367 982 162
452 911 721 951
754 339 781 123
236 154 252 293
98 841 467 268
780 782 848 747
307 914 482 537
163 143 559 977
343 836 996 486
436 216 746 716
529 880 556 765
724 808 748 191
31 613 75 536
84 455 973 501
368 287 729 81
57 222 120 401
57 115 577 493
521 12 709 49
504 305 582 955
452 251 496 217
477 217 830 450
409 604 905 137
424 743 686 272
184 235 834 241
40 410 424 562
112 824 301 694
468 806 690 921
137 224 747 185
93 658 674 502
261 268 639 947
380 415 540 753
346 28 988 904
314 771 590 116
284 891 501 752
386 190 672 133
47 468 375 810
467 411 660 418
365 909 679 298
51 435 323 38
338 670 757 342
130 36 459 414
165 3 618 960
827 905 840 528
337 564 373 494
912 653 975 32
21 967 252 72
91 575 801 430
462 64 935 248
284 921 478 902
570 334 596 409
314 889 862 112
382 341 677 377
99 984 685 811
883 41 951 937
161 136 201 374
200 906 622 624
234 369 498 495
393 93 904 254
142 572 896 908
914 765 975 214
575 528 888 288
224 148 260 425
251 143 522 421
735 142 739 660
154 594 511 236
19 748 848 606
177 320 346 680
84 471 584 781
68 350 690 983
98 19 498 950
60 349 853 796
455 692 491 591
285 227 518 299
46 823 833 392
192 701 713 466
171 487 938 931
527 317 913 24
43 326 266 10
360 586 812 541
233 385 868 266
302 302 565 518
31 826 694 223
526 96 690 387
274 317 317 801
634 921 826 900
621 559 916 671
145 728 212 12
87 249 684 445
241 684 653 79
598 120 905 935
31 287 508 996
294 515 796 928
435 311 517 56
727 706 871 432
408 534 850 629
73 185 473 417
100 169 264 714
338 388 980 369
54 659 675 487
2 851 586 127
161 793 183 722
117 455 916 601
229 525 989 994
410 665 710 151
524 203 865 200
262 954 589 503
613 683 681 7
810 709 858 889
121 978 372 684
284 238 432 203
196 854 454 421
518 127 572 606
20 85 807 732
38 606 235 973
288 527 980 341
921 788 927 292
161 47 269 445
649 429 976 701
812 845 974 74
141 181 201 638
723 839 914 912
444 554 574 451
771 403 793 422
209 697 695 371
506 410 744 654
44 845 839 857
380 502 621 521
158 597 684 512
125 997 423 571
21 569 240 504
681 11 907 580
708 291 951 142
552 680 945 147
536 61 992 80
582 266 583 156
553 781 668 430
0 678 467 22
526 307 937 708
719 123 887 116
258 359 414 528
38 356 675 810
418 473 891 264
110 690 429 468
811 982 939 811
349 405 523 976
112 740 282 521
638 276 863 168
325 60 696 896
107 286 706 53
7 525 759 117
275 715 905 187
216 207 859 213
619 739 873 421
478 154 943 30
12 580 307 709
165 632 459 871
376 566 847 383
90 605 501 686
90 30 482 466
237 989 680 306
409 904 736 800
935 967 954 41
365 787 621 241
347 939 563 824
322 170 390 885
489 513 856 662
692 348 979 637
26 368 943 620
272 63 419 436
29 789 477 206
137 84 265 390
329 297 908 302
186 341 468 366
27 212 544 13
251 283 650 409
651 829 719 277
713 613 892 881
359 646 819 611
36 602 695 624
590 803 926 55
168 630 396 748
451 886 842 792
74 704 294 92
370 415 532 773
28 113 343 537
183 108 414 702
15 910 400 632
434 50 965 680
427 602 680 879
177 211 670 161
304 434 865 364
827 567 849 86
104 303 890 170
411 578 562 978
577 502 900 541
181 333 281 609
177 802 625 651
653 856 862 847
910 509 971 518
76 184 294 737
487 158 597 871
426 424 848 899
90 325 655 271
348 936 880 663
154 828 276 56
593 808 684 253
15 283 763 309
19 839 493 616
465 246 709 671
259 891 360 349
620 254 907 14
608 606 640 500
246 762 433 530
259 807 783 274
90 235 584 109
73 767 416 472
437 881 718 696
44 367 461 768
312 111 782 355
545 920 717 791
10 941 681 150
905 46 957 484
719 488 847 793
946 262 955 72
769 293 833 363
130 503 661 913
714 402 858 973
582 431 884 262
271 584 893 227
67 798 965 787
269 611 976 811
684 595 763 914
276 452 578 407
9 193 645 929
285 482 901 723
153 859 435 114
342 510 443 17
505 997 987 171
497 946 782 259
544 135 860 465
542 252 607 121
50 241 135 641
814 808 965 420
279 939 923 722
646 955 922 151
322 447 951 599
396 403 544 103
229 175 569 940
117 491 751 771
12 252 823 667
363 636 474 642
53 910 264 86
40 975 60 681
127 808 573 72
210 435 867 523
152 439 300 594
84 603 901 108
269 723 360 597
54 186 232 433
96 250 520 107
773 847 932 35
843 476 920 749
911 114 963 53
182 901 708 82
8 483 375 59
79 644 782 2
188 978 768 837
227 406 634 975
442 121 512 849
597 560 598 284
27 197 364 210
97 763 983 797
856 14 936 358
692 637 707 459
163 586 436 488
560 354 584 762
883 490 893 716
691 479 740 718
618 774 676 795
247 291 260 182
649 115 887 30
442 594 490 296
784 119 870 616
660 367 882 553
83 764 733 774
181 609 934 163
72 895 958 490
76 119 781 332
149 580 447 963
246 329 876 806
636 659 926 295
538 489 716 807
260 271 262 193
124 134 493 772
624 565 666 404
523 725 588 742
304 331 394 362
136 327 692 179
622 244 838 61
558 851 733 819
702 936 812 686
707 133 820 194
450 372 537 37
762 888 804 750
111 66 218 493
820 464 936 45
106 132 708 355
864 794 983 130
419 325 816 565
450 125 458 900
187 685 937 991
434 388 878 236
144 787 729 80
544 628 832 239
371 251 983 43
381 846 527 888
101 946 212 551
70 671 140 948
45 76 938 480
154 505 406 299
69 813 982 134
373 613 441 434
477 625 554 113
512 441 650 3
949 415 992 709
656 821 776 131
898 283 991 742
40 460 789 396
221 800 273 594
412 404 719 656
207 195 281 857
890 483 988 528
237 363 588 979
800 583 875 387
820 345 867 865
261 550 805 172
350 768 456 762
108 69 171 174
60 389 616 950
477 841 562 604
272 404 894 763
149 854 988 768
323 969 889 274
446 559 519 693
320 322 461 902
76 428 391 827
507 698 776 760
301 943 600 573
335 24 347 493
568 274 952 175
548 42 834 456
148 994 601 299
312 661 585 612
487 237 730 393
90 953 687 391
586 977 655 623
159 990 647 110
384 689 855 214
421 508 670 622
615 22 808 200
551 363 634 119
202 729 290 293
371 977 374 957
579 112 953 28
709 916 913 563
129 988 942 489
609 363 998 915
385 495 805 709
304 45 762 506
464 52 799 836
482 362 719 173
164 600 892 61
163 797 667 76
754 104 976 363
157 663 968 232
157 772 941 151
658 281 817 393
445 146 807 854
9 288 906 902
39 69 501 707
193 590 837 354
149 168 643 306
539 679 832 610
71 169 831 579
550 697 562 178
14 356 241 24
644 146 926 374
80 52 216 116
332 620 471 964
616 653 822 976
22 347 585 154
14 543 926 576
721 475 964 425
449 164 831 204
350 64 538 256
181 308 308 342
271 331 652 784
306 267 436 581
112 148 928 126
381 853 702 792
217 848 327 355
559 666 703 600
731 240 856 602
239 855 634 200
185 285 984 181
452 354 552 110
480 330 949 70
121 631 613 873
227 338 478 477
4 180 76 425
111 932 717 40
240 971 786 350
325 915 842 567
715 294 922 663
364 401 993 977
273 114 607 191
142 776 668 146
261 757 956 744
675 668 797 461
17 728 121 32
600 356 642 964
18 311 257 521
287 886 922 702
76 648 506 585
360 744 485 5
487 746 763 852
104 559 312 812
286 124 845 618
87 444 664 34
345 576 655 683
74 322 151 580
227 266 907 227
272 147 661 712
148 725 690 252
63 951 974 1
568 903 816 598
41 232 627 696
605 972 963 679
258 891 294 113
31 175 157 692
530 726 888 119
844 219 978 507
457 727 911 731
319 60 329 716
447 242 948 947
611 902 918 99
793 934 903 559
626 311 734 640
36 983 449 155
64 704 489 975
125 947 701 144
204 299 662 711
541 264 657 341
130 151 857 33
710 649 967 133
445 427 979 592
409 501 437 481
166 0 185 898
144 195 534 867
494 924 577 38
188 510 380 725
749
44 543 275 383
200 99 361 482
544 788 920 24
887 110 900 784
276 900 318 834
43 203 100 82
152 112 388 24
679 947 903 352
19 786 586 644
267 286 743 70
1 434 548 877
217 644 678 591
181 225 477 224
429 268 997 507
292 839 619 194
191 988 831 777
252 755 322 540
610 519 732 157
86 733 591 764
13 498 407 194
109 533 414 575
39 825 843 796
635 348 709 826
292 658 336 229
412 68 769 544
225 839 753 834
292 270 566 506
464 107 694 390
640 497 965 573
321 694 369 369
519 53 718 720
401 407 949 501
44 503 475 797
326 593 337 700
863 589 896 618
7 327 697 662
158 649 590 26
342 804 396 169
857 527 889 551
51 948 934 786
140 98 273 477
761 383 798 599
216 623 973 915
576 921 640 359
75 425 569 161
594 602 965 173
152 511 390 895
458 324 680 599
422 643 766 911
241 526 984 148
149 956 753 479
4 328 399 80
241 37 443 659
260 206 901 102
687 866 717 290
154 417 304 57
17 632 700 920
136 0 780 976
454 651 647 532
550 544 731 994
202 663 721 152
559 311 945 966
291 322 831 286
379 675 703 78
400 731 595 410
100 179 706 747
88 642 401 850
393 509 635 285
127 420 171 45
356 72 386 647
394 216 933 463
231 176 892 325
597 526 735 632
501 993 963 903
234 926 532 50
560 869 901 421
532 960 914 28
606 875 791 918
337 405 824 539
554 568 581 289
505 391 890 868
550 467 984 82
518 217 698 768
776 598 879 379
316 410 338 106
327 944 671 842
172 698 246 727
706 846 957 518
236 626 385 210
367 910 708 885
126 95 342 902
693 221 971 700
321 308 496 339
180 114 943 167
531 821 865 426
634 927 667 19
335 194 827 593
503 42 769 319
137 111 912 520
22 882 219 33
190 716 372 823
573 242 937 437
359 158 949 993
702 602 775 615
486 90 898 36
78 254 410 906
55 11 116 768
802 773 893 335
595 313 741 864
106 222 441 465
70 389 457 845
446 591 694 850
372 655 886 622
560 932 877 782
483 676 700 65
529 442 702 191
54 123 446 160
35 887 315 105
951 659 966 463
312 86 940 197
709 311 852 275
783 102 897 265
21 169 778 596
302 532 477 550
382 399 673 748
324 698 504 980
160 144 638 162
49 320 922 267
579 902 595 51
3 181 7 471
468 28 641 945
476 250 578 943
339 394 380 859
246 534 373 96
258 289 368 701
299 546 968 307
288 592 899 584
754 233 766 295
177 901 323 394
26 344 841 96
490 138 893 180
234 81 714 863
61 530 563 182
179 360 767 78
635 745 670 400
39 113 323 362
262 223 507 190
9 116 534 793
254 686 973 499
51 178 458 304
360 519 835 540
308 203 569 291
35 668 293 765
126 979 782 306
497 78 893 721
838 844 871 902
219 142 401 782
447 10 961 367
240 145 576 972
38 988 953 238
442 378 907 22
328 568 356 825
236 206 336 939
740 932 841 73
73 505 545 650
16 520 206 593
181 136 428 133
375 156 811 281
659 197 869 252
712 846 820 705
52 174 644 948
105 256 711 482
131 869 451 839
79 347 121 260
394 859 484 239
139 264 395 204
151 967 457 488
813 216 883 863
80 211 501 555
36 876 157 859
697 824 745 609
774 439 956 818
56 858 988 141
62 817 95 209
866 878 995 246
784 300 800 368
201 960 923 865
740 359 818 174
658 204 688 303
21 462 433 768
319 420 909 71
237 695 280 231
799 430 941 837
204 583 730 127
137 622 777 877
671 284 742 328
321 199 488 429
891 754 967 901
174 565 972 101
22 891 259 943
10 983 779 822
94 741 800 231
52 576 798 723
50 37 550 539
927 549 969 371
449 680 816 893
148 111 781 97
53 803 678 522
504 408 624 689
119 995 639 171
260 127 894 811
356 634 538 324
564 510 695 465
47 703 189 886
814 660 984 867
78 777 463 661
349 273 876 158
267 514 329 527
27 688 331 913
546 566 702 932
441 768 721 265
344 472 659 321
29 824 671 327
291 718 678 107
380 166 876 647
370 205 865 702
79 354 808 892
147 781 976 868
636 395 737 106
427 670 557 789
612 674 997 586
81 764 384 903
68 958 101 129
831 660 853 656
547 600 704 695
380 679 562 807
786 888 892 903
557 449 691 243
608 108 725 303
205 689 563 965
93 188 336 354
9 614 539 246
213 242 631 283
781 397 922 884
299 18 771 672
811 991 952 536
334 879 984 249
533 965 939 897
153 950 941 626
196 142 930 382
116 235 624 517
400 897 632 171
568 622 880 379
302 521 605 285
163 399 771 939
363 466 526 387
12 206 106 943
588 993 775 903
137 910 509 891
477 460 771 45
81 340 114 383
358 321 861 719
347 211 720 563
598 774 720 301
670 826 934 258
508 398 851 16
289 988 616 766
137 386 501 909
416 305 982 968
23 339 288 61
241 699 314 839
472 33 830 141
89 56 859 763
73 140 161 940
596 445 618 379
354 872 456 97
402 335 839 116
365 818 868 606
134 988 516 181
215 965 819 764
727 909 821 578
538 584 718 846
291 418 963 4
101 645 981 193
670 509 1000 34
326 867 330 842
519 954 739 465
119 338 407 536
114 164 937 918
10 154 501 522
262 627 526 301
511 305 636 242
340 77 752 200
67 360 610 496
449 944 825 128
156 546 480 783
464 284 948 655
806 958 809 332
649 584 949 762
579 445 694 850
50 919 213 808
303 794 970 513
428 488 641 442
270 141 988 598
797 687 882 217
18 813 865 605
86 60 366 358
195 257 207 666
64 243 274 98
611 57 728 943
120 177 499 155
318 634 753 390
10 162 298 114
410 720 666 466
77 442 526 975
107 412 232 72
200 987 315 502
44 42 134 233
410 640 888 254
644 419 964 632
485 943 533 665
384 150 409 151
125 390 282 625
152 928 727 47
34 467 119 769
200 253 692 87
418 841 507 793
211 71 473 434
67 119 736 958
270 79 798 166
159 208 791 86
133 311 135 858
316 669 469 945
197 8 446 704
234 702 801 554
135 361 626 707
171 842 354 202
368 441 922 850
527 771 748 351
208 241 773 573
517 525 600 714
417 23 533 736
290 341 415 916
48 240 967 92
133 137 935 191
269 546 731 486
6 478 837 779
50 45 710 567
280 793 570 309
506 25 736 387
729 611 941 467
559 674 851 597
735 183 866 3
419 596 489 426
74 326 895 124
61 605 692 321
604 662 804 339
49 309 54 468
610 685 935 150
282 183 825 16
367 690 710 476
285 198 592 49
214 487 865 275
596 75 782 246
105 647 908 399
114 7 398 159
158 817 535 48
523 980 923 983
362 232 455 337
387 335 430 47
224 251 610 696
187 897 461 94
742 384 986 566
81 951 416 546
457 517 595 930
496 964 602 980
211 641 992 331
378 378 666 292
319 967 988 506
290 538 553 449
612 120 705 31
578 384 761 863
3 217 69 606
259 97 887 255
119 965 586 250
256 637 318 475
441 935 833 684
383 123 913 87
845 524 899 112
598 349 665 602
207 453 567 734
241 265 679 156
407 360 920 415
743 967 835 175
340 182 800 575
388 252 961 233
35 64 467 549
666 154 898 701
124 563 298 804
720 539 759 817
231 113 589 368
233 974 770 33
215 627 239 110
362 866 550 519
414 586 584 2
156 100 977 940
503 454 594 913
419 271 683 42
75 644 410 340
4 845 677 243
560 698 645 582
216 552 448 110
244 362 386 800
430 401 462 933
535 919 545 747
189 199 789 644
843 988 984 955
800 519 921 444
100 481 141 238
281 358 791 667
719 277 848 34
125 871 900 361
279 406 617 124
605 752 768 158
113 137 429 913
46 446 656 350
521 879 685 802
158 774 927 165
742 706 890 877
66 54 437 331
150 223 456 35
193 755 665 306
582 94 909 928
134 646 373 655
146 450 524 748
603 304 914 183
871 345 889 307
51 823 677 645
680 201 736 873
646 401 870 227
154 9 185 468
664 327 804 218
467 259 966 810
442 674 804 381
416 330 671 92
915 344 975 723
907 570 924 341
432 466 487 617
626 738 935 642
756 515 860 980
479 222 774 282
293 215 646 710
492 209 545 316
243 343 729 97
438 150 603 870
176 240 616 89
669 280 731 492
471 114 796 950
336 569 922 320
475 567 720 710
573 902 920 302
645 126 999 853
2 247 996 309
336 862 549 758
37 514 353 908
21 523 463 48
58 257 783 384
641 778 967 214
516 368 679 576
429 851 494 121
430 814 788 180
41 670 261 85
577 990 599 599
337 294 512 753
241 468 827 395
682 541 863 208
474 888 599 593
428 93 715 215
273 144 719 4
89 81 504 981
370 481 970 689
441 707 466 267
425 654 792 707
605 106 885 770
362 111 684 484
16 540 267 76
234 415 912 736
186 375 406 324
546 834 703 556
791 434 953 702
87 704 99 216
12 973 163 697
456 526 498 723
292 205 953 203
309 36 631 877
101 903 200 495
736 384 742 647
349 527 819 448
433 906 842 445
568 5 832 714
126 513 221 20
225 769 717 546
272 846 646 716
439 642 901 373
710 865 717 58
81 535 196 514
130 729 650 699
102 955 734 481
157 106 191 229
652 333 998 564
179 180 279 924
512 697 987 308
445 945 863 228
148 274 453 642
60 488 663 794
438 851 970 765
684 285 958 372
705 128 850 609
223 574 999 209
596 745 882 201
119 41 379 573
373 217 537 433
226 365 706 199
215 338 654 354
639 172 710 178
472 414 998 385
594 560 989 996
887 881 995 6
269 294 922 373
591 806 727 987
351 348 695 643
686 15 687 566
194 591 429 395
500 191 976 178
738 764 877 259
139 733 770 60
44 76 796 729
62 228 534 771
266 790 413 413
670 953 806 789
37 1000 379 537
715 757 881 44
210 133 303 143
876 980 884 671
398 929 748 932
699 500 850 803
592 273 914 116
61 796 759 87
23 657 86 130
104 167 174 428
300 136 571 314
498 382 985 184
4 501 112 245
435 854 994 348
311 108 660 586
363 62 905 140
192 618 797 56
224 307 736 901
133 199 215 214
88 631 271 200
392 1 566 275
129 385 349 479
588 24 661 351
164 296 413 182
352 225 490 961
532 767 552 266
171 356 656 259
460 553 987 927
202 542 554 21
190 588 927 593
612 47 944 468
343 830 650 776
55 978 426 385
342 277 434 513
633 780 772 620
172 599 707 231
310 390 463 416
699 500 978 333
380 308 969 279
138 861 745 413
798 193 839 830
342 794 470 963
413 139 743 114
35 275 738 499
381 47 889 79
237 556 412 205
514 269 525 482
820 383 895 342
212 695 535 658
311 555 488 53
669 591 883 394
866 620 893 246
16 594 357 471
490 241 717 428
200 805 911 694
35 20 878 260
368 90 645 679
335 133 422 694
87 280 724 304
216 971 614 981
141 232 255 859
99 261 661 435
128 991 756 854
10 634 113 378
414 758 748 749
442 996 581 169
164 529 275 778
199 491 439 341
414 694 890 765
25 947 819 989
669 471 800 679
104 603 748 208
50 495 957 632
354 88 627 518
308 592 987 507
538 186 773 425
641 627 809 427
106 666 263 775
144 622 828 753
45 892 831 95
76 477 417 430
566 43 639 874
70 98 325 625
740 299 975 238
416 616 865 522
972 818 988 799
421 615 570 822
400 789 713 942
418 818 909 674
237 877 551 237
552 308 665 291
529 22 607 639
235 607 945 83
95 160 901 913
465 136 734 206
147 866 615 566
683 523 930 233
451 167 800 2
475 464 985 772
484 738 794 513
34 878 287 409
38 745 321 130
336 193 881 484
58 495 740 431
355 159 709 669
526 154 852 0
462 412 619 836
349 947 840 326
203 367 355 875
4 932 111 30
125 683 514 874
177 944 996 576
303 350 425 829
504 277 830 813
112 982 224 151
167 664 618 755
30 323 629 371
353 117 993 832
514 558 682 382
501 677 958 804
26 73 633 220
33 152 350 152
133 257 995 752
415 20 702 161
222 135 343 215
332 171 967 387
243 135 945 704
380 891 630 96
317 3 964 262
104 350 156 237
297 841 679 1000
1 784 19 224
439 576 609 53
437 74 440 461
165 680 209 235
332 224 570 529
227 895 791 339
689 73 823 986
675 916 914 191
666 385 830 274
438 959 540 568
419 977 642 274
200 607 346 541
70 532 831 551
136 249 871 748
822 649 925 735
340 195 530 290
470 112 675 860
370 928 818 9
201 713 677 702
319 693 933 91
623 840 935 183
122 99 588 70
409 47 524 939
337 555 825 702
414 294 504 232
159 360 994 874
73 197 575 50
142 392 891 455
329 510 923 825
299 994 585 141
188 823 622 215
377 446 917 792
430 110 714 114
474 248 984 563
303 547 446 445
591 552 630 26
541 610 752 125
751 50 809 630
535 941 563 120
257 142 422 687
252 826 491 236
174 691 388 966
512 310 827 832
336 107 383 877
692 467 717 134
787 438 875 500
68 568 311 322
464 180 945 716
5 436 642 83
401 817 464 603
126 981 435 153
87 508 720 804
333 412 962 207
335 603 602 748
170 223 760 93
940 969 964 115
551 271 742 642
778 897 935 905
748 965 877 369
458 901 878 157
107 862 259 419
154 617 858 133
226 325 531 190
130 160 849 371
12 209 431 281
177 947 804 53
6 241 708 574
398 166 474 658
209 132 585 271
404 363 750 321
201 508 688 971
130 740 879 561
20 581 770 888
218 263 942 224
488 903 504 649
560 90 815 962
222 327 232 769
131 662 648 510
0
