10 67
11 7
11 7
11 7
10 159
11 7
9 41
11 4
11 4
11 7
10 2
11 7
11 7
9 2
10 168
11 7
11 4
11 3
5 4
11 4
9 104
9 1
11 7
11 7
7 32
11 7
11 7
10 7
11 7
11 4
11 7
11 7
10 7
10 49
11 7
10 2
11 7
11 7
11 7
11 7
10 7
11 2
8 12
3 2
7 58
11 2
11 7
11 7
11 7
11 2
11 7
11 7
10 4
11 7
11 5
11 7
9 21
11 7
11 7
11 7
11 7
8 6
2 1
11 7
11 7
11 7
10 7
11 7
11 7
11 7
10 4
11 7
11 7
11 7
11 7
10 48
2 1
11 7
11 3
11 7
10 35
2 3
11 7
11 7
11 7
11 7
11 7
11 7
10 120
7 3
10 54
11 7
11 7
11 7
8 15
4 2
8 2
11 7
11 7
11 7
8 4
11 7
6 8
8 84
11 4
11 6
11 7
9 24
10 7
11 7
10 37
9 57
11 7
10 7
11 7
11 7
11 7
11 7
11 7
11 7
11 7
10 5
9 22
11 5
11 7
6 8
11 2
10 120
10 37
11 7
8 4
11 7
11 7
8 21
11 4
11 7
11 7
10 97
11 7
10 7
11 7
11 7
9 8
11 7
11 7
11 7
11 7
7 20
11 7
10 2
9 111
8 3
11 5
10 144
10 105
11 4
11 7
11 7
9 94
11 7
5 12
4 1
10 7
11 7
11 4
11 7
11 7
11 7
7 42
11 7
6 1
11 4
11 7
11 7
8 8
11 7
11 7
11 4
11 7
11 7
9 43
11 7
11 7
11 7
11 7
11 7
10 1
11 7
11 7
11 7
10 88
8 4
8 10
10 2
11 7
11 7
11 7
6 10
10 7
9 28
11 3
11 7
11 7
4 3
8 22
11 7
10 4
9 27
7 4
11 7
11 3
11 7
11 7
11 7
9 7
6 16
11 7
10 42
11 7
11 7
11 7
9 60
11 7
11 4
11 7
11 7
11 7
6 6
4 8
7 1
11 7
11 7
11 7
2 1
11 7
11 7
11 7
11 7
11 5
3 1
11 7
9 78
11 7
11 7
11 7
11 7
11 7
11 2
11 7
5 1
10 7
7 4
11 7
11 2
11 5
11 7
10 159
11 7
4 6
11 7
10 39
11 7
9 7
10 4
11 7
11 7
11 7
8 2
8 20
11 7
11 7
11 7
11 7
10 53
11 7
11 7
11 7
11 7
10 7
5 2
10 159
11 7
11 7
11 7
6 10
4 4
8 40
8 91
11 7
11 7
11 7
11 7
10 103
1 2
11 7
11 7
6 6
11 7
9 8
9 38
11 7
11 7
11 7
10 67
7 21
9 4
11 7
11 7
10 52
3 1
9 53
9 7
11 7
8 7
11 7
11 7
11 7
10 168
11 7
9 29
8 28
11 7
4 2
11 7
10 104
11 7
11 7
11 7
10 68
11 2
10 6
11 7
11 7
11 4
11 7
11 7
11 7
8 19
11 7
11 7
11 7
11 7
11 7
11 7
10 4
8 80
10 7
11 7
11 5
8 7
10 1
4 2
11 7
11 7
11 7
11 7
8 3
11 7
10 159
8 111
11 4
9 46
10 120
11 7
11 7
10 112
11 4
10 106
11 7
11 7
11 7
11 7
11 7
11 7
11 7
0 0
11 7
9 5
11 7
11 7
11 7
10 7
11 7
7 35
11 7
1 1
11 7
10 69
11 7
11 7
11 7
10 2
11 3
11 6
4 16
11 7
11 7
11 4
9 14
4 2
11 7
11 7
6 1
10 7
9 10
11 7
9 24
11 7
11 7
11 7
11 7
11 7
10 26
11 7
11 7
11 4
11 7
11 7
11 7
2 1
11 7
1 2
11 2
10 148
11 7
11 7
11 7
11 7
7 3
9 7
11 7
11 7
11 7
9 7
11 7
11 7
11 7
9 23
11 7
11 7
11 7
8 30
4 1
10 4
11 7
11 7
11 7
3 1
11 7
11 7
11 7
11 7
11 7
11 7
10 1
11 7
11 7
11 7
11 7
11 7
11 7
8 8
11 7
11 7
11 7
11 7
11 7
10 57
11 7
11 7
9 18
11 7
11 7
11 3
3 2
11 7
11 7
7 3
9 7
11 7
8 14
11 7
11 7
11 7
8 10
11 7
11 7
11 7
11 7
11 7
5 6
6 44
11 7
4 6
7 22
11 7
10 120
9 2
11 3
11 3
11 7
11 2
10 19
11 7
10 67
11 7
7 51
10 4
11 7
11 7
11 7
10 48
11 7
1 2
5 20
11 7
10 7
11 7
9 2
11 7
11 7
10 15
11 7
11 2
10 7
11 7
11 7
11 7
11 7
11 7
10 115
3 2
11 7
11 7
11 7
10 42
11 7
11 7
11 7
11 7
11 7
11 7
11 7
11 7
11 7
11 7
11 7
10 3
11 4
10 7
11 7
11 7
11 4
9 1
11 7
11 2
11 7
11 7
10 76
6 12
11 7
11 7
11 7
11 3
9 76
11 7
11 7
8 4
10 2
11 7
11 7
11 7
11 7
8 60
11 7
6 18
11 7
11 4
11 7
11 7
11 7
5 8
10 48
4 3
11 7
10 7
11 7
11 7
10 45
11 7
11 7
2 2
11 7
11 7
11 7
11 7
8 2
11 7
11 7
10 4
11 7
11 7
11 7
11 7
11 7
11 7
10 76
6 2
11 4
11 7
11 7
11 7
11 7
9 13
10 114
11 5
10 36
11 7
11 7
8 42
11 7
11 7
11 3
11 2
11 7
2 1
11 7
11 5
8 8
11 7
10 3
11 2
11 7
11 7
11 3
11 7
10 26
9 63
11 7
10 4
10 7
7 27
11 4
11 7
11 4
11 2
11 7
10 7
9 7
11 5
11 7
11 7
9 8
11 7
11 7
11 7
8 12
11 7
11 7
11 2
2 2
11 7
11 7
11 7
11 7
7 3
11 7
10 118
11 7
11 7
11 4
11 7
11 7
11 7
11 7
10 7
11 7
7 9
11 5
11 7
11 7
11 7
9 49
10 62
4 6
9 30
9 114
11 7
11 7
7 22
11 7
11 7
4 1
11 7
11 7
11 7
11 7
10 159
11 7
5 15
11 7
7 20
10 63
10 6
9 12
10 4
11 7
9 28
6 1
4 2
11 7
10 117
11 7
11 7
7 15
11 7
11 7
5 4
11 3
8 4
7 3
11 7
11 7
11 3
11 3
11 7
11 7
11 7
11 7
5 18
9 56
8 33
10 6
8 9
4 1
11 7
11 7
11 7
11 7
10 35
9 120
11 7
11 4
11 7
11 7
11 7
11 7
11 7
4 3
5 12
2 1
11 7
10 2
11 7
11 7
11 7
3 4
11 7
10 106
11 7
11 7
11 7
11 6
11 6
11 7
11 7
10 89
11 7
11 7
11 7
11 7
11 7
8 83
5 22
11 2
11 7
11 7
11 7
11 7
10 67
11 2
11 7
10 22
11 7
11 7
9 24
11 7
10 7
11 7
11 7
9 8
11 7
11 7
11 4
11 7
11 7
11 7
11 4
9 46
10 5
11 4
10 3
11 7
11 7
11 7
11 7
11 7
5 2
11 7
7 72
11 7
11 7
11 7
6 2
10 92
11 7
11 7
6 5
11 7
11 7
11 7
4 3
11 7
11 7
11 3
11 7
11 7
11 7
11 7
10 120
10 120
11 7
11 7
7 4
11 7
11 7
11 7
8 110
11 7
11 7
10 2
8 24
10 7
11 7
11 7
11 7
11 7
11 7
10 7
11 7
9 90
9 9
3 30
11 7
11 7
11 7
11 7
10 1
11 7
11 7
10 168
10 5
9 32
8 4
9 56
5 12
11 7
11 7
9 2
11 7
10 4
11 7
11 7
11 7
11 7
11 1
11 7
11 7
2 1
11 7
11 7
11 5
11 4
11 7
11 7
10 168
11 7
11 7
11 7
11 7
11 7
11 7
11 7
6 10
11 7
11 7
11 7
9 55
11 5
10 7
11 7
11 7
10 84
10 4
10 7
9 7
11 2
11 7
1 1
11 7
11 7
10 36
11 7
11 7
11 7
9 14
5 8
9 27
11 7
10 7
9 2
10 7
11 7
11 7
11 4
11 7
11 7
11 7
11 7
8 6
11 5
11 7
11 7
11 7
11 7
10 29
11 7
10 43
11 7
11 4
11 7
10 9
7 14
11 7
11 7
9 44
9 14
8 6
11 7
11 7
11 7
11 7
10 3
11 7
9 109
11 7
9 62
11 7
3 6
11 7
11 2
11 7
11 7
5 1
11 2
10 159
6 3
10 7
11 7
7 8
6 24
11 7
11 7
9 8
11 7
10 159
10 7
7 4
10 7
10 76
11 7
9 23
11 7
10 7
10 84
5 2
11 7
11 7
10 7
4 2
11 7
4 16
11 7
11 7
11 7
10 3
11 7
9 60
11 7
11 7
11 7
11 7
11 7
11 7
8 12
11 7
10 159
7 6
11 7
10 6
11 7
11 7
11 7
11 7
11 7
11 6
11 7
11 7
11 7
11 7
11 7
11 7
11 7
11 7
10 6
11 2
11 7
9 5
11 7
11 7
8 12
11 7
11 7
11 7
8 18
11 7
11 7
11 7
11 7
11 7
7 12
11 1
11 7
11 7
11 7
11 6
10 4
11 7
11 7
9 27
10 92
9 4
11 7
11 6
10 94
7 9
11 7
9 4
2 1
9 30
11 3
11 7
11 7
10 168
8 112
11 7
11 7
11 7
11 7
11 7
11 7
11 7
10 21
11 7
11 7
7 65
9 8
11 7
11 6
8 20
8 33
11 7
11 7
11 7
11 7
11 7
11 7
11 7
1 4
11 7
11 7
10 64
11 7
11 7
8 12
8 31
11 7
10 112
10 7
10 30
10 7
11 7
11 7
9 119
9 20
11 7
11 7
11 3
4 9
11 7
11 7
8 8
8 95
11 7
11 7
11 7
6 12
11 7
10 32
11 7
11 7
11 7
11 7
10 10
7 40
11 7
10 7
10 7
3 5
11 7
3 9
11 7
11 7
11 7
7 2
11 2
5 4
11 7
11 7
2 2
9 57
11 7
10 7
6 24
10 168
3 2
11 7
11 7
7 27
10 159
11 7
10 28
11 7
11 7
11 7
10 32
11 7
10 88
6 1
10 21
10 24
11 4
9 32
11 7
11 7
11 5
10 4
7 3
1 1
11 7
11 7
10 67
11 7
7 41
10 67
11 7
5 24
11 7
11 7
7 4
11 7
10 7
11 7
9 21
8 111
11 7
11 7
11 7
11 7
11 7
11 7
8 8
11 7
11 7
11 7
11 7
11 7
11 7
10 67
11 7
11 7
9 6
10 5
11 7
9 34
11 7
10 5
11 7
11 7
11 7
11 7
11 7
11 7
11 7
11 7
10 67
11 7
10 6
11 7
11 7
11 7
11 7
9 24
6 10
11 4
8 21
9 18
11 7
10 118
11 7
10 4
8 28
11 7
11 7
8 96
7 3
8 22
11 7
10 7
8 47
8 2
10 120
11 7
11 7
11 7
11 3
2 1
8 24
7 21
10 31
9 55
8 5
11 7
11 7
10 7
11 7
11 7
11 7
11 7
11 7
11 7
7 3
11 2
11 7
11 7
9 5
10 62
10 58
5 2
9 168
11 7
11 7
11 7
9 15
11 7
11 7
10 25
11 7
11 7
9 5
11 7
11 7
11 7
8 8
11 7
10 12
11 7
2 1
11 7
7 13
6 8
9 3
11 7
11 7
6 8
11 7
11 7
6 26
11 7
10 148
11 7
11 7
11 7
8 3
8 3
3 2
4 2
6 15
11 7
11 6
11 7
11 7
11 7
10 35
11 7
10 93
11 7
11 7
11 7
11 7
11 7
11 7
11 7
9 48
8 1
11 7
7 66
11 7
11 7
11 7
10 27
11 7
11 2
11 7
11 7
11 5
10 2
11 7
11 7
11 7
10 7
9 8
11 7
11 7
11 7
11 7
11 4
11 7
11 7
11 7
8 2
8 20
11 7
11 7
11 7
9 1
11 7
11 7
11 7
8 4
11 7
10 23
11 7
11 7
11 4
11 7
11 7
11 7
6 31
11 7
11 7
11 3
10 1
10 7
11 7
11 7
11 7
11 7
4 2
11 4
10 92
10 8
10 1
11 7
11 7
9 72
10 4
11 7
11 7
11 7
11 7
11 7
11 7
1 2
11 7
11 7
11 7
11 7
11 7
11 7
11 7
11 7
11 7
11 7
11 7
11 7
11 7
10 21
11 4
11 3
11 7
6 10
9 87
11 7
11 7
11 7
9 45
11 7
11 7
10 2
10 67
11 7
11 7
10 120
10 4
11 7
11 7
11 7
11 7
11 7
11 7
6 12
11 7
11 7
11 7
6 2
11 7
11 7
11 7
11 7
7 28
8 74
11 7
11 7
11 7
8 4
3 1
11 7
11 7
9 29
11 7
11 7
9 41
11 7
8 4
11 7
9 4
11 7
10 7
11 1
10 4
11 7
11 7
11 7
7 106
11 7
11 7
10 156
11 7
11 7
11 4
11 7
11 7
11 7
11 7
10 7
11 7
9 36
9 40
11 7
11 7
2 1
11 7
11 7
11 7
6 20
10 104
5 2
11 7
11 7
11 7
11 7
9 26
11 7
5 18
11 7
11 7
7 4
11 7
11 6
10 31
11 7
11 7
11 7
11 7
11 7
8 20
11 7
11 7
11 7
10 66
11 7
11 7
11 7
9 5
10 4
11 7
11 7
1 1
1 1
7 6
11 7
4 1
11 7
11 7
11 7
11 7
11 7
11 7
11 7
11 3
11 7
8 2
11 7
11 7
9 7
11 7
11 7
9 7
9 118
11 7
11 7
11 7
9 80
10 106
11 7
11 7
11 2
11 7
11 7
11 4
11 7
11 7
11 7
10 7
11 4
11 7
11 4
11 7
11 7
11 7
8 19
11 7
9 101
10 62
11 7
11 7
11 7
11 7
9 2
11 7
11 7
6 23
9 1
11 7
10 2
11 7
11 7
11 7
11 2
11 7
8 37
11 7
11 7
11 7
10 7
10 2
11 5
10 48
6 9
11 7
0 0
6 24
4 12
11 7
7 1
9 1
11 7
11 7
11 7
6 10
10 7
11 7
11 7
10 70
11 7
9 2
10 3
11 7
10 30
10 7
11 7
11 7
11 7
9 3
6 2
11 7
11 7
10 7
11 7
4 1
11 7
10 9
7 14
11 7
11 2
11 7
11 7
9 5
11 7
9 4
11 7
11 7
11 7
11 7
11 7
10 10
11 6
11 7
11 7
11 7
11 7
9 4
11 3
11 7
11 7
11 7
11 7
6 6
11 7
8 28
10 66
8 24
11 7
11 6
11 7
10 67
5 24
11 4
7 18
11 7
11 7
3 4
11 7
8 16
9 1
11 7
10 10
5 2
11 7
11 7
11 7
10 67
11 7
11 7
10 120
11 7
11 7
11 7
11 7
11 7
11 7
11 7
11 7
9 1
11 7
11 7
11 7
11 7
11 7
11 2
11 7
11 7
9 102
9 6
3 1
11 6
10 1
11 7
10 7
7 77
11 7
11 7
11 7
11 7
10 7
10 96
11 7
11 7
9 29
11 7
11 7
11 7
11 5
11 7
11 7
11 7
6 4
9 8
11 7
10 67
11 7
10 7
11 7
11 7
11 7
3 1
11 7
11 7
7 168
10 14
7 31
11 4
11 7
11 7
11 7
11 7
11 7
11 7
11 7
8 23
11 5
11 7
11 7
9 152
10 76
11 7
11 7
11 7
11 7
9 78
10 60
11 7
11 7
11 7
5 2
11 7
10 2
11 7
11 7
11 7
11 7
11 7
10 53
11 7
9 37
11 7
11 7
11 7
10 10
11 7
11 7
5 12
11 7
10 48
10 36
11 7
9 97
4 1
11 6
11 7
9 84
9 2
5 2
11 7
11 6
9 159
11 7
10 4
8 22
11 7
10 7
11 7
6 13
11 7
10 12
11 7
11 7
11 7
10 42
11 7
11 7
7 6
8 15
11 7
11 7
6 2
11 7
11 7
11 7
8 62
10 120
9 105
11 7
11 5
11 7
5 8
11 7
11 7
10 37
11 7
10 3
11 7
11 7
11 7
9 6
11 7
11 7
11 7
11 7
11 7
11 7
11 5
6 18
9 21
11 7
11 7
11 7
11 7
11 7
11 7
11 7
8 42
10 7
9 10
9 2
11 7
10 159
11 7
11 7
11 7
11 7
4 5
11 7
11 7
11 7
11 7
11 7
11 7
11 7
11 7
10 7
8 92
11 7
10 7
11 7
11 7
11 4
2 1
11 2
11 7
11 7
11 7
11 7
10 2
10 2
11 3
11 7
7 36
11 7
11 7
11 7
11 7
11 7
9 1
11 7
11 7
11 4
10 7
11 7
10 138
11 5
11 7
11 7
10 7
11 7
8 8
11 7
11 7
11 7
11 7
11 7
9 76
11 2
10 7
11 6
11 7
11 7
11 7
11 7
11 7
11 3
11 7
11 7
11 7
11 5
11 7
3 1
6 1
11 7
9 7
10 7
11 7
6 2
11 7
11 7
9 28
11 5
9 55
11 7
8 26
11 4
11 7
11 7
11 7
11 7
10 5
2 1
11 7
11 7
10 7
11 7
10 41
11 7
11 7
11 7
11 7
7 18
11 7
9 2
7 60
11 7
11 7
11 7
10 7
11 7
9 22
11 7
11 7
11 7
11 7
11 4
11 7
11 2
10 4
10 159
11 2
11 7
11 7
11 7
11 7
4 16
11 7
8 3
10 3
11 7
11 7
11 7
10 7
11 7
11 7
11 7
11 7
11 7
11 7
11 7
10 4
11 7
10 7
11 7
11 7
11 7
11 7
8 38
11 7
9 122
11 7
11 7
11 7
11 7
10 44
4 1
11 7
11 7
11 7
11 7
11 7
10 2
11 7
10 4
11 7
11 7
11 7
11 7
11 7
11 7
9 52
7 13
11 7
11 7
11 7
9 3
9 28
9 8
11 7
4 3
11 7
11 7
11 7
11 7
11 7
11 7
9 8
8 44
11 7
11 2
10 1
11 7
11 7
8 6
10 26
6 6
9 30
1 2
11 7
11 7
11 7
9 6
11 7
9 62
11 2
11 4
11 7
3 2
11 4
11 7
11 7
10 29
11 7
11 7
9 8
10 102
10 64
11 7
2 1
11 7
10 60
11 7
11 7
11 7
11 7
11 7
11 7
11 7
11 7
11 7
11 7
11 7
11 7
10 67
11 7
11 2
11 7
11 7
11 7
11 7
6 15
11 7
11 7
11 7
11 7
10 135
11 7
11 7
8 120
11 7
9 48
11 7
11 7
11 7
8 26
11 3
8 14
7 4
11 7
11 7
11 7
11 7
11 4
11 7
11 7
6 8
9 73
11 7
11 2
11 7
11 7
11 7
0 0
11 7
9 2
11 7
9 12
11 7
11 7
11 7
11 7
11 7
11 2
9 105
8 2
1 1
7 18
8 16
9 20
11 7
11 7
11 7
11 7
10 4
7 9
10 2
11 7
11 7
10 66
11 7
6 9
10 3
11 7
10 37
11 7
8 11
5 3
0 0
11 7
11 7
11 7
11 7
11 7
11 7
11 7
11 7
11 5
11 7
11 7
11 2
10 4
9 9
11 7
11 7
11 7
11 7
11 7
11 7
11 7
8 81
11 7
11 7
11 7
11 7
6 4
11 7
10 5
11 7
11 7
11 7
11 7
10 117
10 7
11 7
11 7
11 7
11 7
11 7
11 7
10 7
8 4
11 7
11 7
11 7
11 7
11 7
9 60
9 133
11 7
10 32
11 7
11 7
11 7
11 7
11 7
10 43
11 7
11 7
11 7
11 7
11 7
11 7
11 7
11 7
7 8
11 7
8 1
11 7
11 7
11 7
6 10
11 2
9 69
11 7
11 7
3 2
11 7
3 2
4 3
11 7
11 7
7 6
9 35
11 3
10 77
10 7
10 168
11 7
8 6
11 7
11 7
11 4
11 7
11 7
5 6
3 1
11 7
10 1
0 0
11 7
9 4
11 7
11 7
11 3
11 7
11 7
9 66
11 7
11 7
8 9
11 7
11 7
3 2
9 25
11 7
11 7
11 3
9 66
11 7
11 7
11 7
11 7
11 7
10 7
11 7
11 7
11 7
11 7
11 7
11 7
11 7
11 4
11 7
11 7
11 7
11 7
9 4
10 22
11 7
11 7
11 7
11 7
11 7
4 1
11 7
11 5
11 7
11 7
9 8
9 13
11 7
11 7
11 7
11 2
11 7
11 6
6 1
11 7
11 4
11 7
11 7
11 7
9 88
11 7
11 7
11 7
11 7
11 7
9 36
10 7
11 7
11 7
11 3
11 7
11 7
11 7
11 7
11 7
8 27
10 67
9 17
11 7
7 2
11 7
10 159
11 7
8 12
9 19
11 7
10 7
11 3
11 7
11 7
10 159
8 32
11 7
11 7
9 2
8 96
11 7
11 7
8 120
11 7
11 4
11 7
11 7
11 7
11 7
8 52
10 7
10 20
11 7
11 7
11 7
11 7
11 7
11 7
11 7
8 4
11 7
11 7
7 2
3 2
11 7
11 7
11 7
11 7
8 8
11 7
11 7
11 7
11 7
11 7
11 7
11 7
11 7
11 7
11 7
11 7
11 7
11 7
11 7
3 1
9 24
10 37
9 14
11 7
9 5
11 7
11 7
11 7
8 9
8 4
11 7
11 7
11 7
10 2
9 94
11 7
11 7
11 7
11 7
7 20
11 7
11 7
11 7
11 7
6 3
8 18
11 7
10 40
10 4
11 7
11 7
10 7
11 7
9 8
11 7
11 7
11 7
11 7
11 5
11 7
7 10
11 3
11 7
11 7
10 68
11 7
11 7
10 168
10 7
10 7
10 2
11 7
11 7
11 7
11 7
10 90
7 12
5 1
4 2
11 7
9 50
11 7
11 7
11 7
11 7
11 7
9 32
11 7
11 7
11 7
5 3
11 7
11 7
10 70
9 8
11 7
11 7
11 4
11 7
11 7
11 7
11 7
11 7
9 18
4 2
11 7
11 7
11 7
10 38
11 7
8 16
11 7
11 7
11 7
11 7
11 7
11 1
10 2
11 7
11 3
11 7
11 7
11 7
3 1
8 28
9 66
11 6
11 7
5 12
5 2
6 2
4 6
11 7
11 7
8 1
11 7
10 38
11 7
11 7
11 7
11 7
10 42
11 7
11 7
11 7
10 77
11 7
11 7
11 3
9 24
10 7
11 7
10 7
11 7
11 7
10 4
11 7
11 7
11 7
11 7
9 78
10 5
6 13
7 46
11 7
11 7
9 10
10 120
10 48
11 7
11 7
6 66
8 22
11 7
7 24
11 7
11 7
10 67
10 18
11 7
11 6
5 3
11 7
11 7
11 3
11 7
9 4
9 123
11 3
11 6
9 68
11 7
10 7
11 7
11 7
11 7
6 2
11 7
11 7
5 2
9 10
11 7
11 7
10 7
11 7
11 7
11 7
9 7
11 7
11 7
11 7
11 7
10 13
11 7
11 7
11 7
11 7
11 7
4 8
11 7
6 4
9 106
11 7
11 7
6 4
11 7
11 7
11 6
11 7
11 7
10 168
11 7
11 7
3 6
11 7
11 7
11 7
11 7
11 7
11 7
11 7
11 7
4 6
11 7
11 7
9 4
11 7
9 7
10 4
7 19
9 50
11 7
10 144
11 7
10 2
11 5
11 2
9 6
8 6
11 7
11 7
8 12
11 7
10 40
11 7
10 92
10 4
11 7
11 7
10 2
11 7
11 7
11 7
8 42
11 7
11 7
10 101
11 1
11 7
8 5
4 1
11 7
11 7
11 7
11 7
11 5
11 7
1 1
2 1
9 30
11 7
3 1
11 7
1 1
9 2
10 7
11 7
11 7
11 7
9 20
11 7
11 7
11 7
11 7
11 7
11 7
11 7
10 2
10 120
4 4
11 7
11 7
10 117
11 7
11 7
11 7
6 1
11 7
11 7
11 7
11 7
8 4
8 29
11 7
11 7
7 6
11 7
11 7
11 7
8 9
10 105
11 7
11 7
11 3
11 7
10 120
11 6
11 7
11 7
10 168
11 7
11 7
11 7
10 36
2 1
11 7
11 7
11 7
10 138
11 7
11 7
11 7
3 3
11 7
8 2
11 7
11 4
10 4
11 7
11 7
11 7
11 7
5 12
11 4
11 6
9 82
11 2
11 3
10 12
11 7
11 2
11 7
11 7
11 7
3 1
11 7
11 7
11 7
10 56
11 7
11 7
11 7
11 7
11 7
11 7
11 7
10 138
11 7
11 7
10 38
11 7
11 2
9 2
11 7
11 7
11 2
6 2
5 8
11 7
11 7
11 7
11 7
11 4
6 4
9 5
7 129
11 3
11 7
11 7
6 4
11 7
11 7
11 7
11 7
11 7
11 7
11 7
11 6
3 1
11 7
11 7
11 7
11 7
11 7
11 7
10 4
6 2
11 7
11 7
11 7
9 36
11 2
5 22
9 135
11 7
6 2
8 15
11 7
10 3
11 2
11 7
11 7
11 7
11 2
10 110
5 6
3 1
11 7
9 18
6 10
10 7
11 4
5 4
11 7
11 7
11 7
11 7
11 7
11 7
8 24
11 7
11 7
11 7
11 7
11 7
11 7
11 7
10 159
11 7
6 16
11 7
10 30
11 7
9 7
6 4
11 7
11 7
10 10
10 7
11 7
11 7
3 2
10 4
11 7
11 2
11 7
8 2
6 6
11 7
11 7
11 7
11 7
11 7
11 7
11 7
10 7
11 7
11 7
11 7
11 7
11 7
11 7
5 4
11 7
11 7
10 7
11 7
10 7
11 7
10 42
11 5
11 7
9 9
11 7
9 70
8 5
11 7
11 7
11 7
11 7
11 7
11 7
4 1
7 3
8 18
11 7
1 1
10 1
8 10
10 5
9 28
11 7
9 6
11 7
11 7
11 7
11 7
11 7
10 70
11 7
11 7
11 7
11 7
11 7
10 1
7 4
4 1
11 7
11 7
11 7
8 24
11 7
11 7
11 7
11 7
11 7
11 7
11 7
11 7
11 7
7 14
11 6
10 168
11 7
8 25
11 7
11 7
5 6
8 4
11 7
8 23
6 20
11 7
11 2
11 7
8 11
11 7
11 7
11 7
11 7
11 2
8 8
9 36
11 7
11 7
11 7
11 7
11 7
11 4
11 7
11 7
5 6
11 7
11 7
11 7
11 3
11 7
11 7
9 67
11 6
11 7
11 7
10 7
11 7
9 14
10 131
10 168
11 7
8 24
4 6
11 2
0 0
11 7
11 7
5 6
11 7
7 6
11 7
11 7
11 3
9 3
9 80
9 20
7 4
11 7
11 7
9 74
11 7
10 159
11 7
11 7
11 7
11 7
11 7
11 7
11 7
11 7
10 2
11 7
11 7
11 7
11 7
11 7
11 7
11 7
11 7
11 7
11 7
11 7
11 5
9 6
11 3
11 7
8 60
11 7
11 7
11 7
11 7
11 4
11 2
9 2
9 32
11 7
11 4
11 7
8 22
7 2
10 76
11 7
3 1
5 4
11 7
11 7
10 91
9 9
11 7
10 40
11 3
5 12
6 26
11 7
8 3
8 36
10 7
11 7
4 4
11 7
11 7
11 7
11 7
11 7
6 3
10 164
10 7
11 7
11 7
10 1
7 4
11 7
11 7
2 4
7 29
11 7
7 6
10 67
11 7
11 7
11 7
11 7
10 7
9 12
11 7
11 7
11 4
10 67
11 4
11 7
11 7
10 1
10 2
9 2
11 5
10 120
11 7
11 7
10 2
8 4
3 2
11 7
11 7
8 21
5 14
9 15
11 7
11 7
11 7
11 7
5 2
11 7
11 7
9 68
11 7
11 4
11 7
3 3
10 2
11 7
11 7
11 4
11 7
11 3
11 7
9 12
11 7
11 7
10 5
10 67
2 1
11 7
11 7
6 1
11 7
10 4
11 7
9 4
11 7
11 7
11 7
11 7
10 67
11 7
11 7
11 7
11 7
11 7
10 106
11 7
11 7
11 7
7 14
6 2
11 7
10 7
9 92
11 7
3 1
11 7
11 7
11 7
11 7
1 1
11 7
11 7
11 7
8 69
6 5
11 7
10 67
10 61
10 7
11 7
11 7
8 3
11 7
11 7
11 7
11 7
11 4
11 7
11 7
8 30
11 7
11 7
11 7
11 7
11 7
10 3
10 55
11 7
11 7
9 104
11 4
9 123
10 7
11 7
10 7
3 12
11 7
11 7
7 47
10 7
11 7
11 7
11 7
1 1
11 7
11 7
11 6
11 7
10 7
11 7
11 7
11 5
11 4
11 7
11 7
10 6
5 3
11 7
11 7
11 2
9 27
11 7
9 2
10 7
10 21
11 7
11 1
4 1
10 159
11 4
11 7
10 12
7 8
11 7
11 7
11 5
11 7
10 34
11 7
9 7
11 7
10 73
10 3
11 7
10 82
11 7
11 7
11 7
11 7
6 46
11 7
7 3
11 7
10 7
9 60
10 133
11 7
11 7
11 7
10 120
11 7
10 7
11 7
1 1
11 7
11 7
11 7
11 7
11 7
11 7
8 46
11 7
10 7
9 7
11 7
10 7
11 7
11 7
10 4
10 92
10 120
11 3
11 7
11 7
9 18
11 5
11 7
11 7
11 7
11 7
11 7
11 7
11 7
10 67
11 7
9 29
11 4
10 112
5 5
11 7
8 6
11 7
11 7
11 7
11 7
11 7
11 7
11 7
11 7
11 7
11 7
3 1
10 82
9 1
10 159
11 7
7 9
11 7
11 7
11 1
5 8
11 7
10 16
11 7
9 102
11 7
11 7
8 60
7 38
8 4
11 7
11 7
11 7
7 12
11 7
11 7
9 34
11 7
10 148
11 7
11 5
10 33
7 1
11 7
10 104
10 7
11 7
11 7
11 7
11 7
10 53
11 7
9 1
11 3
11 7
9 57
11 6
11 7
4 1
11 7
11 7
11 7
11 7
8 14
9 2
11 7
11 7
8 2
11 7
9 84
11 7
11 7
11 7
11 7
11 7
11 7
10 4
11 7
11 7
11 7
10 30
10 159
11 7
11 7
8 10
11 7
10 5
10 7
11 7
9 22
11 7
11 7
7 2
11 7
8 13
11 7
11 7
3 4
11 7
11 7
11 2
6 5
7 7
11 7
10 126
11 3
10 7
11 7
11 7
11 7
9 69
5 1
11 7
9 4
11 7
10 159
11 7
11 7
11 7
11 7
9 68
11 7
7 4
11 6
11 7
9 2
11 3
10 98
10 38
10 18
9 8
11 7
11 7
7 1
11 7
8 24
11 7
4 2
11 7
11 7
11 7
6 2
11 7
11 7
11 7
10 88
11 7
10 92
11 7
10 2
11 7
11 7
11 7
11 7
11 4
11 7
11 7
9 108
11 7
10 7
5 12
10 7
11 7
10 168
11 7
9 26
8 24
11 4
11 7
11 7
11 7
11 7
11 7
11 7
8 42
10 33
11 7
11 7
11 7
11 7
11 7
11 7
11 7
11 7
11 4
11 7
10 105
11 5
11 7
10 7
11 7
11 7
11 7
11 2
11 7
11 7
9 16
11 7
11 7
11 7
11 7
11 7
11 7
8 92
11 7
11 7
11 7
7 1
11 7
11 7
9 42
11 1
11 7
9 2
10 7
11 7
11 7
10 159
11 7
11 7
2 2
11 7
9 84
9 74
10 168
11 5
9 46
11 7
11 7
11 2
11 7
11 7
11 7
11 7
11 7
5 6
5 2
4 6
11 7
7 22
8 12
6 36
10 2
5 1
10 7
11 3
11 7
11 7
9 50
11 7
8 14
9 7
8 60
11 4
11 4
11 7
11 7
11 7
11 7
7 26
11 7
10 159
10 2
11 7
10 28
11 7
11 7
11 7
9 1
11 7
11 7
11 7
11 7
11 7
11 7
8 10
11 2
9 26
9 42
10 168
11 7
11 7
9 2
9 10
11 5
11 7
11 7
11 7
11 7
4 1
10 7
8 2
11 7
10 7
9 8
11 7
11 7
8 21
11 7
11 6
2 1
10 14
11 7
11 7
11 7
11 7
11 7
3 1
11 7
11 7
11 7
10 70
11 7
8 39
11 7
10 7
11 7
11 7
11 7
11 7
11 7
11 7
11 7
11 7
11 7
8 24
10 2
1 1
3 2
10 7
11 7
11 7
11 7
11 7
11 7
11 7
11 7
11 7
11 4
11 7
10 4
11 7
11 7
7 15
11 7
7 8
11 7
8 27
8 23
11 4
11 2
10 7
11 7
10 7
9 60
5 1
11 7
11 6
11 7
10 67
10 7
2 3
6 8
8 18
11 4
9 30
11 7
11 7
11 7
10 7
11 7
11 7
9 33
10 3
3 1
11 7
11 7
11 7
11 7
11 7
11 7
11 7
11 7
11 7
10 68
11 6
11 7
10 7
8 4
11 7
11 7
8 1
11 7
11 7
10 5
11 7
8 18
2 1
11 7
11 7
11 4
11 7
10 2
11 7
11 7
11 7
10 7
11 7
11 7
11 7
11 7
9 12
11 7
11 7
11 7
4 1
10 42
11 7
10 12
11 7
10 45
11 7
11 7
6 3
11 7
9 14
10 3
9 63
11 7
11 1
6 118
10 92
8 120
11 7
11 7
6 70
11 7
11 7
10 55
11 7
11 7
11 7
9 29
9 4
9 120
11 7
11 7
10 39
11 7
11 7
9 85
3 1
10 159
11 7
10 4
10 2
11 7
11 7
11 7
1 1
9 135
11 7
11 7
10 117
8 16
11 4
11 7
11 7
11 7
10 120
11 6
11 7
11 5
10 4
11 7
11 7
9 4
9 8
11 7
11 7
10 67
11 7
1 1
11 4
11 7
5 2
8 12
11 7
8 18
9 6
11 7
11 7
11 7
11 7
11 7
11 7
10 8
9 48
11 7
11 7
11 7
11 7
6 6
10 7
7 14
11 7
11 7
11 7
10 3
11 7
11 7
11 7
11 7
11 7
11 7
10 7
11 7
10 168
11 7
11 7
11 7
11 7
11 7
11 7
11 7
11 7
11 7
7 10
10 67
9 28
11 7
11 7
10 7
10 24
11 7
9 12
9 67
8 63
9 2
11 7
11 2
5 12
11 7
10 7
11 7
11 7
10 120
11 7
11 7
11 7
11 7
11 7
11 7
11 7
11 7
11 7
11 7
11 4
11 7
9 36
11 7
11 7
6 2
11 7
10 138
10 53
11 7
11 7
11 7
11 7
10 67
10 6
11 4
11 7
10 4
11 7
11 7
11 4
10 168
11 7
11 7
11 7
11 7
11 4
7 28
11 7
11 7
11 7
11 7
8 4
11 7
10 159
11 7
11 7
11 6
11 7
11 7
11 7
11 7
11 7
9 19
10 120
11 7
6 24
11 7
11 4
11 7
4 2
8 24
11 7
11 7
11 7
11 7
11 7
11 7
10 4
10 168
10 7
11 7
1 1
11 7
11 2
11 7
11 7
7 10
10 20
11 7
1 1
11 2
11 7
11 7
11 7
11 5
11 7
11 7
11 7
11 7
11 7
11 7
11 7
11 7
11 7
11 7
11 7
7 5
11 7
11 7
10 7
11 7
11 7
8 24
11 7
9 5
10 168
11 7
8 6
11 7
11 7
8 2
11 7
10 5
11 7
11 7
3 2
11 7
10 7
11 7
8 168
10 118
11 7
11 7
10 7
10 24
11 7
11 7
10 2
11 7
11 7
6 4
11 7
11 7
11 7
10 7
11 7
11 7
6 8
11 7
11 7
8 7
11 7
11 7
11 7
11 7
11 7
11 7
6 12
11 7
11 7
11 7
11 7
9 104
11 7
11 7
11 7
11 7
11 7
3 6
10 7
10 4
6 4
11 7
11 7
10 7
11 7
10 4
10 2
7 17
11 7
7 4
11 7
11 7
11 4
8 9
11 7
11 7
11 3
11 4
11 7
11 7
11 7
11 7
11 7
9 62
4 1
11 7
11 7
11 7
11 7
11 7
11 7
11 7
11 7
9 30
5 32
10 120
9 3
11 7
11 4
11 7
11 7
10 159
11 7
10 42
8 10
11 7
10 45
3 1
11 7
11 4
11 7
9 50
11 7
11 7
11 7
11 7
9 26
9 159
11 7
11 6
10 42
11 4
8 153
10 6
11 4
11 7
11 7
11 7
11 7
8 20
7 50
11 6
11 7
11 7
11 7
11 4
11 7
11 7
10 5
11 7
11 7
11 2
11 4
11 7
11 7
11 7
11 7
11 5
11 7
11 2
8 7
11 7
11 7
8 14
4 1
9 4
7 10
6 42
11 7
11 7
10 105
11 7
2 1
11 7
11 7
11 7
9 28
11 7
11 7
10 2
10 7
11 7
11 7
11 7
11 7
7 2
11 7
11 5
9 117
11 3
5 6
11 7
11 7
11 7
9 102
11 7
8 21
11 7
11 2
11 7
11 2
11 7
11 7
11 7
11 7
11 7
11 7
11 7
11 7
4 2
10 168
11 7
11 7
11 7
11 7
11 7
11 5
11 7
8 7
11 7
11 7
11 7
11 7
11 5
11 7
4 6
11 7
10 10
4 2
11 7
11 7
9 20
10 51
11 7
11 7
11 7
10 69
9 159
9 80
10 39
11 7
10 7
11 7
11 7
9 2
11 7
9 8
11 7
7 14
10 7
10 44
11 7
10 110
11 7
11 7
8 48
9 1
8 4
10 84
11 7
11 7
8 8
8 8
11 7
11 7
7 152
11 7
11 7
11 7
11 7
2 2
11 7
10 7
11 7
11 7
10 44
11 7
11 7
11 7
9 6
11 7
11 6
11 7
11 7
8 66
10 50
11 4
11 3
11 7
11 7
11 2
10 7
11 7
10 7
11 7
11 7
10 88
9 53
11 7
9 4
9 24
10 46
9 3
11 4
11 7
11 3
11 7
11 7
11 7
11 7
11 7
11 7
11 3
9 68
11 7
11 7
11 7
10 7
11 7
11 7
11 7
8 4
10 69
11 7
2 1
11 7
11 7
11 2
9 106
9 92
11 7
11 7
10 7
10 7
11 4
6 3
9 2
7 1
11 7
6 4
11 2
11 7
10 7
11 7
11 7
11 7
6 17
10 1
11 7
11 7
10 16
11 7
5 3
10 4
11 7
9 8
11 7
11 7
11 7
9 15
11 7
10 32
11 7
2 1
11 7
9 36
9 41
11 7
9 2
5 12
11 5
11 7
10 120
11 4
11 7
8 13
11 7
11 7
11 7
5 4
9 126
10 7
11 7
11 7
11 7
11 4
6 20
4 18
11 2
11 7
11 7
11 7
9 19
11 7
11 7
11 7
11 7
1 1
6 36
10 7
10 82
8 8
11 7
11 4
11 7
11 7
0 0
11 7
11 7
11 7
10 7
11 7
11 7
11 7
11 7
11 5
11 7
8 12
11 7
6 2
11 7
10 24
9 7
10 168
5 8
11 7
11 7
11 7
11 7
11 7
11 7
11 7
11 7
10 4
11 7
11 6
8 12
11 7
11 7
11 7
3 2
10 12
10 62
10 42
11 3
11 7
11 7
5 4
10 2
5 2
6 7
11 7
9 2
11 7
6 6
11 7
11 7
11 7
8 8
10 139
11 7
10 54
11 7
11 7
10 24
11 7
11 7
11 7
10 7
11 7
11 7
10 159
11 7
10 67
11 7
11 7
11 7
11 5
11 7
11 3
11 5
9 20
8 11
11 7
11 7
8 8
11 7
8 48
11 7
11 7
5 4
8 4
9 159
9 4
11 7
11 7
11 7
8 16
10 4
3 1
11 7
11 7
11 7
11 7
9 7
11 7
11 4
7 56
9 4
11 2
11 7
11 7
7 32
11 7
11 7
11 7
7 12
10 7
11 7
11 7
11 7
11 7
11 7
11 7
11 7
11 7
10 12
10 7
11 7
11 7
10 18
5 4
11 7
6 3
11 5
11 7
10 2
11 7
11 7
11 7
11 7
5 1
11 7
9 2
11 7
11 4
2 1
11 7
11 7
10 7
5 2
6 12
11 7
11 7
11 7
11 7
11 7
10 4
11 7
11 7
8 40
9 23
7 6
11 7
11 7
11 7
11 7
9 85
11 7
11 7
10 7
11 7
10 45
10 70
9 78
11 7
7 12
11 7
11 7
6 6
11 7
11 7
11 7
11 7
11 7
10 14
9 14
11 7
11 3
11 7
11 7
11 7
9 70
11 7
11 7
11 7
11 7
9 14
11 7
11 7
10 10
10 7
11 7
11 7
10 90
11 7
10 119
7 1
11 6
11 7
10 43
11 7
8 1
11 7
7 13
11 7
11 7
11 7
9 16
10 7
7 18
11 7
11 6
11 7
8 20
11 4
11 7
11 7
10 7
11 7
2 2
10 7
9 77
5 1
11 7
11 7
11 4
11 7
11 7
10 7
11 5
9 26
11 7
11 7
6 4
11 7
11 7
11 7
11 5
7 6
11 7
11 7
8 8
11 7
11 7
11 7
11 7
10 102
11 7
11 7
11 7
10 63
11 7
11 7
11 7
11 7
7 24
11 6
4 4
10 4
3 2
10 120
11 7
11 7
11 7
5 2
8 2
10 6
11 7
2 3
11 7
7 8
11 7
6 4
11 7
11 7
9 30
11 7
10 168
1 1
11 7
10 14
9 4
11 7
10 5
11 7
10 96
11 7
10 120
8 32
5 2
11 7
11 7
11 7
9 32
11 7
10 4
7 12
11 7
11 7
3 3
10 7
9 6
11 7
8 26
11 7
10 7
11 3
9 5
8 24
7 10
9 28
11 7
4 1
11 7
11 7
4 1
11 7
11 7
11 7
9 29
10 120
11 7
10 3
2 1
11 2
10 159
11 7
11 5
11 7
11 7
4 6
10 7
11 7
10 1
11 3
9 19
9 67
11 7
11 5
6 10
11 7
10 34
11 7
8 8
9 68
11 7
5 3
10 2
11 7
11 7
11 7
11 6
2 2
11 7
10 69
11 7
6 16
11 7
11 7
11 7
11 7
10 117
11 7
11 4
11 7
9 39
11 7
10 42
11 7
11 7
11 7
7 45
11 7
11 7
11 7
6 2
11 7
10 4
9 34
11 7
11 7
11 7
11 7
9 3
11 7
11 7
11 7
10 7
9 4
11 7
11 7
11 7
11 7
11 3
8 2
11 7
10 7
9 36
11 7
10 7
10 124
11 4
10 44
11 7
11 7
11 7
8 3
11 7
11 7
11 7
11 7
6 11
10 3
11 4
11 7
10 55
11 7
11 7
10 7
11 7
11 7
2 2
8 84
5 14
11 7
5 4
11 7
11 7
11 4
11 7
11 7
11 2
9 6
7 2
11 7
8 110
11 7
11 7
11 7
4 2
11 7
7 8
11 7
10 66
8 56
11 7
11 7
11 7
11 7
11 7
7 6
11 6
11 7
10 7
11 7
11 7
9 7
11 7
11 7
11 7
11 7
9 4
7 16
11 7
11 2
11 7
11 7
11 7
11 7
10 115
10 75
6 1
11 7
11 7
11 7
10 2
11 7
11 4
7 1
11 7
11 7
8 1
11 7
11 7
11 7
10 30
7 14
2 1
11 7
10 39
9 14
6 20
11 7
11 7
11 7
11 7
9 44
11 7
10 36
11 7
9 29
11 7
10 133
11 5
9 57
8 42
11 7
11 4
11 7
5 18
7 8
10 7
10 110
8 3
9 64
11 7
11 7
10 43
10 5
11 7
11 7
11 5
10 42
5 6
11 7
11 7
11 7
11 7
11 7
11 7
11 7
10 2
11 7
11 7
11 7
11 7
11 7
9 120
10 1
11 7
8 22
10 2
11 4
11 7
11 7
11 7
11 7
11 7
6 4
11 7
11 7
7 19
9 3
11 7
11 7
11 7
11 7
11 7
11 7
10 40
11 7
11 7
7 2
7 2
11 7
8 1
11 7
9 120
11 7
11 7
11 7
7 24
9 5
10 42
2 2
11 7
11 7
11 7
11 7
9 6
7 8
11 7
11 7
10 91
11 7
5 2
9 9
10 1
11 7
11 7
10 120
11 7
8 6
11 7
11 7
11 7
11 7
11 7
11 3
11 7
11 7
11 7
5 30
11 7
9 12
11 7
11 7
11 7
11 7
11 7
7 24
8 9
11 7
8 13
11 7
11 7
8 1
11 4
9 5
11 7
9 3
11 7
11 7
11 7
11 7
11 7
11 7
11 7
11 7
11 7
11 7
10 88
11 7
11 7
9 10
11 7
11 7
9 4
11 7
11 7
11 7
11 7
11 7
11 7
11 7
11 7
10 7
11 2
8 27
11 7
9 8
11 7
8 2
11 4
10 7
10 67
11 6
9 34
11 7
10 5
11 7
11 7
8 102
10 7
11 7
11 7
11 7
11 7
11 5
11 7
10 7
6 2
6 18
11 7
11 7
11 7
10 7
11 7
11 7
9 26
11 7
9 7
11 7
10 4
8 16
11 7
7 18
11 7
11 7
11 7
10 50
11 7
11 7
11 7
11 7
11 7
11 7
11 7
11 7
11 7
11 7
5 2
11 7
4 6
11 7
11 7
11 7
11 7
11 7
11 7
11 7
2 2
9 6
11 7
11 7
11 7
11 7
10 7
9 81
10 7
5 3
11 7
9 12
11 7
11 7
11 7
10 2
11 7
11 7
11 7
9 118
10 2
7 2
5 5
10 96
11 7
8 2
11 7
11 7
8 20
8 44
10 57
8 12
11 7
11 7
11 7
11 7
9 3
11 7
2 4
1 2
11 7
11 7
8 11
11 7
11 7
11 7
11 7
11 4
11 7
11 7
11 7
11 7
9 15
8 7
11 7
11 7
11 7
11 7
7 18
11 7
11 7
5 8
11 7
11 7
11 7
11 7
11 7
11 7
11 7
11 7
10 168
11 7
11 7
10 4
11 7
11 7
11 7
8 1
11 7
11 7
9 10
11 7
11 7
11 7
11 7
9 26
10 7
11 7
11 7
11 7
11 7
11 7
7 2
11 7
11 7
11 7
11 7
11 7
11 7
11 7
11 7
11 1
10 68
11 4
11 7
11 7
10 1
11 7
11 7
11 7
11 7
11 7
11 7
11 7
11 7
11 3
7 4
11 7
11 7
11 7
11 7
11 7
11 7
10 7
9 15
11 7
10 7
11 7
11 7
10 6
11 7
11 7
10 5
11 7
11 7
11 7
5 3
9 42
10 25
8 15
10 147
10 14
11 7
11 7
11 7
10 7
11 7
10 78
11 7
8 1
11 7
11 2
11 7
11 4
9 40
10 14
11 7
10 6
11 7
11 7
11 7
7 66
11 7
11 7
11 7
11 7
8 13
11 7
7 28
11 7
11 7
6 48
11 7
11 7
11 7
11 7
11 7
11 2
1 1
11 7
9 16
11 7
11 7
11 7
11 7
6 5
11 7
11 7
11 3
11 4
11 2
11 4
11 7
11 7
11 7
2 2
11 7
11 7
11 7
11 7
11 3
9 120
11 7
8 5
9 12
11 7
11 2
9 6
11 7
11 7
11 7
11 7
11 4
10 7
10 7
11 7
11 7
11 7
11 4
7 6
11 7
11 7
11 7
11 7
11 7
11 7
10 30
11 7
10 7
11 7
11 7
11 7
11 2
10 99
11 7
11 7
11 5
10 159
9 30
11 7
11 4
11 7
11 7
11 7
11 7
10 75
10 29
8 92
2 1
10 7
7 22
11 7
11 1
11 7
11 5
9 6
11 4
4 6
8 3
11 7
11 7
10 7
11 7
11 7
11 7
11 7
11 7
11 7
11 7
11 7
11 7
11 7
10 159
10 14
10 20
9 19
11 7
11 7
3 1
11 6
11 7
11 3
9 144
11 7
11 7
8 3
11 7
11 7
11 7
11 7
10 33
7 46
10 168
11 7
11 7
8 4
11 7
11 7
11 7
7 6
11 7
11 7
10 49
10 7
9 6
11 7
11 7
11 7
11 7
11 7
3 2
11 7
11 7
11 7
11 7
10 14
4 9
11 7
11 4
11 7
11 7
11 7
10 67
10 63
11 2
11 7
11 7
10 6
11 7
11 4
11 7
11 7
11 7
9 3
11 7
11 7
11 7
11 7
11 7
11 7
11 7
6 4
11 7
11 7
11 7
11 7
11 7
10 29
8 38
11 2
10 4
9 31
10 7
11 7
11 7
9 62
11 7
4 3
11 7
11 7
11 7
9 7
11 7
11 7
11 7
11 7
11 7
11 7
11 7
8 2
11 2
11 7
11 7
11 7
11 7
11 2
11 7
7 2
4 1
11 7
11 7
10 64
3 2
11 7
11 7
10 28
1 1
11 7
11 7
11 7
11 7
11 7
11 7
11 7
10 7
11 7
11 7
9 2
11 7
11 1
11 7
11 7
3 1
11 4
8 8
11 7
11 7
11 7
11 7
11 7
10 168
11 7
11 7
11 7
11 7
11 2
9 49
10 7
11 7
9 19
11 7
11 7
11 7
10 7
10 7
11 7
11 7
11 7
3 6
11 7
10 17
11 7
6 10
6 12
11 7
11 7
1 1
10 84
11 7
11 7
11 6
9 2
11 7
10 7
11 7
11 7
11 7
11 7
11 7
11 7
11 2
11 7
10 36
10 7
10 25
11 7
11 7
11 7
11 7
9 76
9 42
10 120
11 7
11 4
11 7
10 2
11 1
11 7
8 20
11 7
11 7
9 40
11 7
11 7
11 4
11 7
11 7
6 18
8 12
10 96
11 7
11 7
4 3
3 3
9 6
11 7
11 7
7 6
9 2
11 7
11 7
10 159
11 4
11 7
11 2
11 6
11 7
9 117
11 7
11 7
10 7
11 7
11 4
11 7
10 14
8 16
11 7
11 7
11 2
11 7
11 7
11 7
11 7
8 2
11 7
11 7
11 7
11 7
11 7
7 1
11 7
11 7
11 5
5 4
11 7
6 4
11 7
11 7
9 1
7 10
11 7
4 2
11 7
11 7
11 4
11 7
9 4
11 7
11 7
11 7
11 7
11 7
11 7
8 117
10 120
10 7
11 7
9 9
9 6
11 1
11 7
11 7
11 7
7 32
11 7
10 7
11 7
9 21
11 7
11 7
9 159
8 168
9 38
11 7
11 7
10 2
11 7
11 3
11 7
11 7
11 7
11 7
10 168
11 7
11 4
11 7
10 4
4 1
11 7
11 7
11 7
8 15
11 7
11 7
10 7
10 168
10 28
11 7
11 2
11 7
11 7
6 21
11 7
11 7
11 7
11 7
11 7
10 7
11 7
11 7
11 7
8 2
11 7
11 7
11 7
11 7
11 7
0 0
10 110
8 16
11 7
8 47
10 62
11 3
11 7
10 3
11 7
11 7
11 7
10 36
11 4
9 21
11 7
11 1
7 4
11 7
11 7
10 67
11 7
2 2
8 30
11 7
6 12
10 7
9 28
10 15
11 7
10 133
10 159
4 5
11 7
11 7
8 20
11 5
7 13
11 7
9 5
9 90
9 87
11 7
4 2
10 4
11 7
11 7
11 7
2 4
10 4
11 7
11 2
10 120
11 4
10 4
11 7
11 7
11 7
2 1
11 4
11 2
11 4
9 10
11 7
11 7
8 2
8 19
8 6
9 14
11 7
11 7
9 20
11 7
11 7
7 36
11 7
9 7
11 7
6 7
11 7
11 7
11 7
8 2
10 7
11 7
11 7
11 7
11 4
11 7
10 168
11 7
6 3
10 3
1 1
11 7
10 159
11 7
11 7
7 2
10 5
11 7
11 7
11 7
7 32
10 6
9 105
11 7
7 1
11 7
10 33
10 105
3 2
11 7
11 7
11 7
11 7
8 13
11 7
10 1
11 7
10 54
11 4
11 7
11 7
11 7
11 7
1 2
11 7
11 7
8 57
11 7
10 168
11 7
11 7
11 7
11 7
11 7
11 7
11 7
11 7
11 7
11 7
11 7
8 8
11 7
11 7
11 7
11 7
11 7
11 7
11 7
11 7
11 7
9 78
11 7
11 7
10 45
4 8
11 7
9 7
11 7
11 4
8 4
11 6
11 7
2 8
10 30
11 7
11 7
10 7
9 33
10 159
11 7
11 7
11 7
10 2
8 6
11 7
11 7
11 4
11 7
11 7
9 36
11 7
11 7
10 138
11 7
11 7
5 8
4 5
11 7
11 7
9 99
11 7
11 7
10 7
8 78
11 7
11 7
11 7
9 42
11 7
11 7
9 20
9 4
11 7
11 7
9 15
11 7
11 7
11 3
7 24
11 7
11 7
11 7
11 7
11 7
11 7
10 2
11 7
6 2
11 4
11 7
11 7
11 7
8 16
11 7
11 7
11 7
11 7
11 7
11 7
8 46
10 110
11 7
7 5
11 7
8 41
8 26
11 7
10 56
11 7
7 22
11 7
11 4
11 7
11 7
11 7
9 24
11 2
10 120
10 2
11 7
11 7
11 7
11 7
11 7
11 7
11 7
9 168
8 9
9 7
10 29
11 7
10 4
8 12
11 7
11 7
11 7
11 7
11 7
11 7
11 7
10 74
11 7
11 7
10 2
11 7
8 76
9 20
8 23
11 7
10 4
11 7
11 7
8 11
2 4
11 7
8 63
11 7
11 7
6 8
11 7
11 7
10 3
11 2
8 23
11 7
10 7
11 7
9 168
4 2
11 7
11 7
11 7
11 7
11 7
9 28
11 7
10 29
11 7
11 7
9 14
10 7
11 7
10 7
10 8
11 7
11 7
11 7
11 4
11 5
11 7
4 1
11 7
11 7
8 28
10 30
11 7
11 4
11 7
11 7
11 7
10 7
11 7
11 7
11 7
11 7
11 7
11 7
11 7
11 7
11 7
1 1
10 46
11 1
11 7
11 7
11 7
7 7
5 4
11 7
10 4
6 14
11 7
10 7
9 39
9 54
11 4
11 7
11 7
11 7
5 14
11 7
10 8
11 7
10 63
11 7
10 7
11 7
10 17
11 7
11 7
11 3
10 16
10 94
10 42
10 70
10 35
11 7
11 7
11 7
11 4
11 7
11 7
7 2
11 7
9 2
11 7
11 2
10 7
11 6
11 7
11 7
11 7
10 7
11 7
11 7
11 7
3 1
10 55
11 1
11 7
8 6
10 7
11 7
8 14
11 7
9 14
11 7
11 7
11 7
11 7
11 7
9 4
11 7
10 28
11 7
11 7
11 7
11 7
11 7
9 2
11 7
10 7
11 7
11 7
11 7
11 7
11 7
11 7
10 7
11 7
11 7
11 4
11 7
11 7
11 7
11 7
11 7
11 7
11 7
8 6
11 7
11 7
10 12
11 7
11 7
11 1
10 29
11 7
8 2
11 4
11 7
11 7
11 4
11 7
9 81
11 7
10 2
11 7
7 5
11 7
10 19
11 7
11 7
11 7
9 120
8 4
11 7
11 7
11 7
10 1
11 7
10 67
11 7
11 3
11 7
10 168
11 7
8 14
11 7
11 7
11 7
10 7
11 7
11 7
11 7
11 7
10 4
8 2
11 7
11 7
11 7
9 11
11 7
11 7
10 7
11 7
11 2
11 7
11 7
10 73
11 2
11 7
10 7
11 7
11 7
10 3
11 7
10 62
11 7
10 148
5 2
9 7
11 7
11 7
7 12
11 7
11 7
11 7
11 7
11 7
10 45
9 7
11 7
11 3
11 7
11 7
9 6
11 2
11 7
11 7
9 92
11 3
11 7
11 7
10 40
11 7
11 7
11 4
10 55
11 7
10 7
10 7
0 0
9 18
5 9
10 168
11 7
8 2
6 21
8 8
11 7
10 3
11 7
7 39
11 7
9 30
11 7
11 7
11 7
11 7
11 7
5 3
8 8
11 7
11 7
11 7
11 7
11 7
11 7
11 7
11 2
10 7
10 57
7 15
11 7
11 7
11 7
10 28
11 4
7 32
11 7
10 7
11 7
10 159
11 5
7 2
4 4
11 7
11 7
11 7
11 7
11 7
11 7
10 7
9 104
10 159
10 16
11 7
11 7
9 80
9 4
11 3
11 7
8 24
11 7
7 54
11 7
11 7
10 120
11 4
11 7
9 1
11 7
11 7
11 7
11 7
10 7
11 7
11 7
11 7
11 7
10 7
11 7
11 7
11 7
11 4
10 99
10 102
10 159
11 7
11 7
11 7
9 2
10 168
4 1
11 7
11 7
11 5
10 4
11 2
10 7
8 15
11 7
11 7
11 7
10 7
10 19
11 7
9 86
11 7
11 7
11 7
5 2
10 7
11 7
11 7
11 7
11 7
10 7
11 2
10 15
8 39
11 7
11 7
11 7
11 7
11 7
11 3
11 7
11 7
11 7
11 7
11 7
11 7
10 7
11 7
10 42
11 7
9 1
10 7
10 7
10 78
11 2
11 4
11 7
11 7
5 1
11 7
10 14
11 7
11 7
11 7
11 7
11 7
11 7
11 7
11 2
11 7
11 7
11 4
10 8
10 6
9 49
11 7
11 4
11 7
10 112
11 7
11 7
2 1
4 1
11 7
5 4
2 1
9 168
11 7
7 14
1 1
11 7
11 7
7 13
11 7
10 159
11 7
11 7
2 1
11 7
11 7
10 15
11 7
11 7
11 7
10 43
11 7
6 2
11 7
9 43
11 2
11 7
11 7
11 7
11 7
11 7
11 7
11 7
11 7
11 7
11 7
11 7
11 7
6 2
9 154
11 7
10 159
6 2
11 7
9 98
11 7
11 7
11 7
11 7
7 8
10 10
11 7
11 7
10 159
11 7
11 7
11 7
11 7
11 7
11 7
11 7
11 7
11 7
11 7
9 7
10 4
5 2
10 7
9 9
9 60
11 7
10 7
11 7
11 7
9 20
11 7
11 7
11 7
11 7
11 7
10 7
7 1
11 7
11 7
2 1
11 7
11 7
4 2
11 7
6 2
10 5
11 7
9 18
10 22
10 87
11 7
11 7
11 7
11 7
11 7
9 20
11 7
9 4
11 7
11 7
11 7
11 7
11 7
10 7
10 69
3 3
5 2
7 18
11 7
11 7
11 7
11 7
2 1
11 7
8 4
11 7
11 7
10 44
10 56
11 7
7 20
11 7
9 120
11 7
11 7
11 7
1 1
11 7
11 7
11 7
10 21
11 7
11 7
11 7
11 7
11 7
9 22
11 2
7 4
11 7
11 7
11 7
8 4
11 7
11 7
11 7
10 4
11 7
11 7
10 7
11 7
11 7
11 5
11 7
11 7
11 7
4 6
11 4
11 7
11 7
9 28
11 7
11 7
11 7
11 7
11 2
11 7
11 7
11 7
10 7
10 116
11 7
11 7
11 7
8 25
11 7
11 7
11 7
11 7
11 7
11 7
11 4
11 7
6 10
7 32
8 2
11 7
11 7
11 7
11 7
8 55
11 7
11 7
11 7
11 7
11 7
9 33
11 7
11 7
11 7
10 17
10 7
11 7
11 7
11 7
10 67
11 7
11 7
11 7
10 7
11 7
11 7
11 7
11 7
10 7
10 120
8 18
11 4
11 7
11 7
11 7
11 4
11 7
11 7
11 7
11 7
11 7
11 7
11 7
11 7
9 67
11 7
11 2
11 7
11 7
9 2
6 5
11 7
9 5
11 7
7 4
11 7
11 4
11 7
11 7
8 19
10 120
8 56
10 14
9 60
11 7
11 7
8 6
11 4
11 7
10 4
8 42
11 7
11 7
10 7
11 7
10 72
10 2
11 7
10 6
11 7
10 2
11 7
11 7
11 6
11 7
11 4
11 7
11 7
11 7
11 7
5 10
11 7
10 33
11 7
11 7
3 2
11 7
10 2
10 21
6 9
11 7
8 4
11 7
11 7
3 3
10 1
11 7
11 7
11 4
11 7
11 7
11 7
11 7
11 7
11 7
11 7
9 78
11 3
11 7
10 12
9 12
11 2
9 54
4 4
11 7
11 7
11 7
10 6
10 2
10 168
11 7
11 7
5 36
11 7
11 7
10 3
11 2
1 1
11 7
11 7
11 7
8 19
11 2
11 7
10 159
7 10
11 7
11 6
11 7
1 1
11 7
11 7
11 7
5 2
11 7
4 2
11 4
11 7
6 2
7 30
11 7
11 7
11 7
6 6
11 7
11 7
10 7
11 7
2 1
11 7
11 7
11 2
11 7
11 7
11 2
7 11
11 7
11 7
11 7
9 9
11 7
11 7
11 2
11 7
11 7
11 7
11 7
11 7
9 1
10 159
11 7
11 2
11 5
10 1
11 7
2 4
1 1
10 4
11 7
11 7
11 7
9 2
10 60
11 3
11 7
10 7
11 7
11 3
10 67
11 7
7 2
11 7
11 7
11 7
11 6
6 2
11 7
11 7
7 67
11 7
11 7
11 7
11 7
9 30
11 7
10 7
8 1
11 7
11 7
11 7
10 7
11 7
11 7
11 7
11 7
8 14
11 7
11 7
11 7
8 34
11 7
5 6
11 7
11 4
11 7
11 7
11 7
11 7
11 7
11 7
11 7
10 7
11 7
11 7
10 7
11 7
4 5
11 7
11 7
6 4
10 7
9 2
11 7
7 6
10 22
11 7
10 4
7 1
11 7
11 7
4 2
11 7
11 7
10 51
3 2
10 67
11 7
11 7
10 4
11 7
11 7
11 7
11 7
11 7
11 7
11 3
8 30
11 7
11 7
3 1
3 1
11 7
11 4
11 7
11 7
11 7
9 30
11 6
6 3
10 15
11 2
11 7
11 7
10 133
4 12
9 57
9 135
9 92
11 7
11 7
10 48
9 96
6 2
11 7
11 7
11 7
10 168
11 7
11 7
11 7
11 7
10 7
11 7
7 10
11 7
11 7
11 7
11 7
11 7
11 7
11 7
11 7
11 2
10 8
8 13
9 36
9 102
11 7
11 7
11 7
9 25
11 3
11 7
11 7
11 7
11 3
6 2
10 7
11 4
7 5
8 24
10 129
11 7
10 7
10 82
11 7
10 70
7 21
11 7
7 17
11 2
9 60
9 120
11 7
11 7
11 7
11 7
11 7
11 7
11 6
11 7
9 13
11 7
10 159
10 32
11 7
11 7
8 3
11 7
11 7
11 7
11 7
11 7
11 7
11 7
11 7
3 1
11 7
11 7
11 7
11 7
8 1
11 7
11 7
11 7
10 7
11 7
11 7
11 4
11 7
11 7
11 4
11 4
11 7
11 7
11 7
11 7
6 3
7 4
11 7
10 3
11 7
10 6
11 7
11 7
11 7
11 7
10 20
11 4
11 7
11 7
11 3
11 7
10 3
11 7
11 7
11 7
11 7
7 6
11 7
11 7
11 7
11 7
4 4
11 7
8 7
11 7
10 67
11 7
10 6
9 7
11 7
10 159
11 7
9 12
11 7
11 7
8 2
11 7
11 7
10 2
11 3
10 54
11 7
11 7
11 7
7 10
11 7
11 7
9 9
9 40
11 7
10 67
11 7
11 7
11 6
11 7
11 7
10 6
11 7
11 2
10 120
11 7
11 3
11 6
11 7
11 7
11 6
11 7
11 7
10 67
11 7
11 7
10 7
11 7
2 2
11 7
11 7
11 7
11 7
11 7
5 35
3 1
8 36
11 2
11 7
11 7
7 2
11 3
11 7
9 19
1 1
1 1
10 9
11 7
10 7
11 7
10 7
11 7
10 62
10 7
11 7
8 11
2 2
11 7
11 7
11 7
11 7
9 17
11 7
11 7
2 1
11 7
11 7
11 7
9 6
10 4
11 7
11 7
9 27
1 2
10 7
5 4
11 7
11 7
3 4
10 7
11 7
4 3
11 7
10 49
11 7
11 7
11 7
11 7
11 7
8 96
7 24
11 7
11 7
6 22
11 7
10 29
11 7
8 44
9 40
10 168
10 7
11 2
10 4
11 7
11 4
11 7
3 6
11 7
11 7
10 120
11 7
11 7
11 7
11 7
11 7
10 67
11 7
11 7
11 7
11 7
11 7
11 7
11 7
9 46
11 7
11 7
11 7
10 7
10 67
11 2
11 7
11 7
8 18
11 7
11 7
11 7
11 7
9 20
8 9
11 7
11 7
11 7
9 63
11 6
10 159
11 7
11 7
6 2
10 114
7 4
8 18
7 4
11 6
11 7
11 7
7 8
10 168
11 7
11 7
11 7
8 122
11 7
11 7
10 168
11 7
11 2
5 13
11 7
10 5
11 7
10 168
11 7
11 7
10 7
11 7
11 5
10 7
11 7
8 35
11 7
11 7
7 100
11 4
11 7
11 7
9 27
7 8
11 7
11 7
2 2
11 7
11 7
11 7
11 7
11 7
11 7
11 7
11 7
11 7
11 4
11 7
11 7
11 7
11 7
11 7
11 7
11 7
11 4
9 7
11 7
11 7
10 4
11 7
11 7
11 7
11 5
11 4
9 41
11 7
11 7
5 3
4 1
11 7
6 24
8 27
11 7
11 7
11 7
11 7
11 7
11 7
11 7
11 7
11 7
11 7
8 6
11 4
11 7
11 7
10 62
11 3
10 7
11 7
11 7
11 7
11 7
10 67
10 120
11 7
11 7
11 7
5 3
8 12
11 7
11 7
2 1
9 46
11 7
11 7
9 18
11 7
11 7
11 6
11 6
11 7
11 7
11 7
11 7
11 7
9 18
6 8
8 88
11 7
11 7
11 7
6 15
11 7
11 7
11 7
11 7
11 7
11 7
10 4
11 2
11 7
11 7
11 7
11 6
11 7
11 7
11 3
10 70
9 10
11 7
11 7
11 7
3 4
11 7
11 7
11 7
11 7
11 7
5 30
11 7
11 7
8 22
11 7
11 7
10 4
6 5
11 2
11 7
11 7
11 7
5 16
11 7
11 7
9 6
8 34
11 7
11 7
11 7
11 2
11 7
5 3
11 7
11 7
10 2
9 57
11 7
11 7
11 7
5 2
8 6
8 5
4 4
11 7
11 7
8 8
11 7
9 37
8 20
11 7
11 7
11 6
11 7
11 7
11 7
11 3
11 2
11 7
11 7
11 7
11 7
11 7
11 7
6 4
11 7
11 7
11 4
11 7
9 168
8 16
10 7
11 7
11 7
11 7
11 7
11 7
11 7
11 7
11 7
11 6
11 7
11 7
10 105
10 2
11 7
11 7
11 7
11 7
4 1
11 7
1 1
11 6
8 3
11 2
11 1
11 7
11 7
9 2
6 2
11 7
11 7
11 7
10 7
11 7
5 3
9 4
2 1
11 4
10 168
8 4
11 7
11 7
11 7
11 7
11 7
11 7
11 7
11 7
6 1
11 7
8 4
10 102
11 7
10 7
11 5
11 7
11 7
10 67
11 7
11 3
11 7
4 8
11 7
11 7
8 88
7 18
7 2
11 7
10 7
11 7
9 22
10 5
11 7
9 21
9 93
11 7
11 7
10 6
5 2
10 105
9 2
11 7
11 7
11 7
9 4
6 8
11 7
11 7
11 7
7 14
11 7
11 7
10 159
6 15
10 7
10 128
11 7
11 7
10 6
11 7
11 7
11 7
11 7
11 7
10 23
11 7
10 1
11 6
11 7
11 7
11 4
11 3
11 4
11 7
11 7
11 3
11 7
11 7
10 7
11 7
11 7
11 7
10 6
11 7
11 7
11 7
10 105
11 7
11 7
11 7
11 7
11 7
11 7
11 7
9 42
11 7
3 1
3 2
3 1
11 7
11 7
11 7
11 7
11 7
11 7
11 7
11 7
11 7
11 7
11 7
11 7
9 41
11 7
11 3
8 1
11 7
11 7
11 7
11 7
11 3
11 7
11 7
9 21
5 4
11 7
11 7
11 7
11 5
11 7
11 2
9 5
11 7
11 7
11 7
9 49
11 7
11 7
11 7
11 7
11 7
10 7
11 7
11 7
9 86
9 2
11 3
11 7
2 2
11 7
11 7
11 7
11 7
11 6
11 7
10 7
11 7
11 7
5 6
10 118
11 7
9 107
10 1
11 7
11 7
11 4
11 7
11 7
11 7
9 4
11 5
11 7
7 8
8 8
11 7
9 36
11 7
9 24
9 67
11 7
11 7
9 17
10 3
11 7
10 26
11 7
9 1
11 7
11 7
11 7
9 54
11 7
11 7
11 7
11 7
10 7
11 7
10 122
9 29
11 7
11 7
11 7
11 7
11 7
11 7
11 7
11 7
11 7
11 7
7 6
11 7
10 7
10 3
11 7
11 7
9 52
10 7
11 5
11 7
3 2
11 7
7 2
11 7
11 4
11 7
11 7
11 7
7 22
11 7
10 120
11 7
11 2
11 7
10 3
11 7
11 7
10 78
5 12
11 7
11 7
11 7
9 2
9 13
10 55
11 7
11 7
8 75
11 7
9 4
11 7
11 7
11 7
8 8
11 7
10 3
11 7
4 2
11 7
11 7
11 7
11 7
9 56
11 7
11 7
11 7
11 7
9 32
11 7
8 2
11 7
10 7
10 159
11 7
11 7
11 7
10 46
10 7
8 5
9 1
11 7
11 7
11 7
10 4
3 3
11 7
11 2
11 7
11 7
11 7
11 7
11 6
11 7
11 7
10 7
11 7
11 7
11 7
8 12
9 42
4 2
6 6
11 7
11 7
8 44
11 7
11 7
9 67
11 7
11 7
11 7
11 7
11 7
11 7
3 2
9 7
10 22
2 2
11 7
10 7
11 5
11 7
11 7
9 39
11 5
11 7
11 7
11 4
6 12
11 7
11 7
11 7
11 7
11 7
9 48
10 7
9 4
11 7
10 7
11 7
11 7
5 2
11 7
11 7
7 16
11 7
11 5
11 4
11 7
10 42
8 28
11 7
11 7
10 133
11 7
11 7
11 7
10 4
9 12
11 7
7 6
11 4
11 3
11 4
10 70
11 7
11 7
11 7
11 7
11 7
11 7
11 7
11 7
11 4
11 4
11 7
11 7
10 159
11 7
11 7
11 7
11 7
11 7
8 10
5 2
10 7
10 4
11 7
11 7
8 2
11 7
4 14
9 58
11 7
11 7
7 40
11 7
7 10
11 7
10 7
10 7
11 7
11 7
11 7
10 2
10 91
11 7
11 4
11 7
11 4
11 7
11 7
11 7
11 7
10 7
11 7
11 7
10 3
11 7
11 7
3 2
11 7
11 7
10 30
8 54
9 40
11 7
4 4
11 7
11 7
11 7
9 4
11 7
11 7
11 7
11 7
11 2
11 7
11 7
10 6
11 7
11 7
10 7
11 7
11 7
10 168
8 10
11 7
11 7
11 4
11 7
9 4
11 7
10 7
11 7
10 4
6 8
10 7
11 7
11 7
11 7
11 7
11 7
9 2
11 7
11 7
11 3
11 4
9 33
8 3
11 7
11 7
11 7
10 120
11 7
11 5
11 7
5 4
11 7
11 7
11 7
9 58
11 7
5 8
11 7
11 7
9 7
11 7
7 36
11 7
5 12
5 4
11 7
11 7
11 7
11 7
10 135
11 7
11 7
11 7
7 26
11 7
10 41
8 6
11 7
11 7
8 1
8 84
6 10
11 7
11 7
6 3
11 7
11 7
11 7
9 52
11 7
11 7
10 120
6 2
10 7
9 6
11 7
11 7
11 7
9 15
11 7
10 7
11 7
11 7
11 4
10 7
11 7
9 41
11 7
11 7
11 7
7 18
11 7
10 81
10 120
11 7
10 7
11 1
11 7
8 20
11 7
9 3
11 7
10 3
11 7
11 3
11 2
10 67
11 7
9 10
11 7
11 5
11 7
11 7
11 7
11 7
11 7
9 168
11 4
11 7
11 7
2 3
8 14
11 7
11 7
2 1
11 7
11 7
9 4
11 7
11 7
10 67
11 7
10 159
11 7
10 124
11 7
11 7
10 159
11 7
10 80
11 7
11 4
10 7
11 7
11 7
11 7
11 4
11 7
11 7
11 7
11 7
10 7
2 1
11 7
11 7
8 25
7 18
11 7
11 7
11 7
6 1
11 7
11 7
10 24
10 7
11 7
11 7
9 66
8 8
11 7
7 6
11 7
11 7
11 7
11 7
11 7
11 7
11 4
10 5
11 7
9 6
2 4
11 7
11 7
10 7
11 7
11 7
11 7
11 7
11 6
11 7
11 7
7 72
11 7
10 4
11 7
11 7
11 7
11 6
11 7
9 16
11 7
10 7
11 7
9 15
11 7
11 7
11 7
11 7
10 7
11 7
11 7
11 7
11 7
8 39
11 7
11 7
11 7
11 7
7 3
11 7
11 7
11 4
4 1
11 7
11 7
9 168
10 67
10 54
11 7
11 7
11 7
11 7
11 7
10 9
11 7
10 4
11 4
11 4
11 7
11 7
11 7
11 7
10 120
10 50
10 7
11 5
9 70
11 7
11 7
11 7
11 7
11 7
8 24
9 6
10 159
11 7
9 1
9 7
11 7
10 30
10 33
9 12
11 7
3 2
8 24
9 34
10 38
11 4
11 7
11 7
11 7
11 2
6 2
11 7
11 7
11 7
11 7
11 7
11 7
11 7
11 7
11 4
10 1
11 7
11 7
11 7
10 58
11 7
11 7
2 2
11 7
6 2
5 4
7 15
11 7
10 5
10 14
10 7
7 1
11 7
10 12
11 7
9 1
11 7
11 4
8 16
11 6
11 7
11 7
10 7
2 1
11 7
11 7
8 7
10 46
11 7
10 159
11 7
11 7
4 2
11 7
11 7
11 7
11 7
3 2
11 7
11 7
11 7
0 0
11 5
11 7
8 8
6 2
10 51
7 2
11 7
6 5
11 7
11 7
9 20
11 7
11 7
11 7
11 7
11 7
4 2
9 7
9 66
4 1
11 7
11 7
11 7
11 7
11 4
8 14
11 7
11 7
11 7
10 96
11 7
11 7
11 7
11 7
11 3
11 7
11 7
11 7
11 7
11 7
11 7
11 7
11 7
11 7
11 2
11 7
11 7
11 7
11 7
10 7
11 7
8 13
10 120
2 1
11 7
10 13
11 7
11 7
6 2
11 7
11 7
11 7
11 7
9 41
11 7
3 12
11 7
11 7
11 7
11 7
9 68
10 7
11 7
10 7
10 7
11 7
11 7
9 51
11 7
11 7
3 1
2 2
6 6
11 7
11 7
11 7
7 3
11 7
11 7
7 2
11 7
8 57
11 7
4 1
11 7
11 7
10 7
11 7
10 7
9 18
10 85
6 16
11 7
11 7
11 7
0 0
10 7
11 7
11 7
11 7
11 7
6 9
11 7
11 7
11 7
11 7
8 24
11 7
8 44
11 7
11 7
8 3
11 7
11 7
9 36
11 7
11 7
11 7
11 7
8 7
11 7
11 7
11 7
11 7
11 7
11 7
10 7
11 7
11 7
11 7
11 7
11 7
11 7
11 7
11 7
10 2
11 7
11 7
11 7
11 7
5 4
9 168
9 22
11 7
11 7
11 2
11 7
11 7
11 4
11 7
1 1
11 7
11 7
10 7
11 7
11 7
11 7
11 5
9 41
10 7
11 7
11 7
11 7
11 7
9 80
10 104
11 7
11 7
11 7
9 14
9 110
11 7
11 7
11 7
4 8
10 41
11 7
11 7
11 7
11 7
11 7
9 30
4 2
9 20
11 7
10 2
1 1
9 15
11 7
9 4
10 10
10 159
11 7
11 7
11 7
11 7
11 7
10 87
9 7
10 62
11 7
8 12
11 7
11 7
11 7
8 10
9 33
9 2
11 7
11 7
10 81
11 7
11 7
11 7
11 7
11 7
11 7
11 7
11 7
11 7
11 7
9 20
11 7
11 7
11 4
11 7
11 7
7 6
11 2
11 4
11 7
11 7
5 2
10 67
11 7
11 7
11 7
11 7
9 8
5 8
10 4
11 7
7 12
11 7
11 7
11 3
8 16
11 7
5 4
9 4
2 2
11 4
11 7
11 7
11 6
11 7
1 1
11 7
11 7
11 7
11 7
10 67
11 7
11 7
11 7
11 7
11 7
11 6
11 7
11 7
11 7
11 7
10 118
11 7
3 1
11 2
9 123
11 7
5 4
6 12
5 3
10 12
11 7
9 15
11 7
5 3
11 7
11 7
11 7
11 7
11 7
11 7
9 4
11 7
11 4
11 7
10 168
11 7
11 7
10 13
11 7
7 2
11 7
11 7
11 7
10 159
10 7
7 1
10 3
8 56
11 7
9 26
11 2
11 7
11 2
11 7
9 94
3 1
8 4
10 60
10 54
4 2
8 30
11 5
10 5
11 7
11 7
10 16
10 88
4 1
11 7
6 5
11 7
11 7
8 9
11 7
10 54
10 67
11 7
11 7
11 7
11 7
11 7
10 7
11 7
10 7
11 7
11 4
11 7
11 7
11 7
9 4
11 7
11 7
11 7
11 7
11 7
11 7
11 7
6 2
11 7
11 7
1 1
10 4
10 7
11 7
8 36
11 7
11 7
11 7
11 7
10 2
11 7
11 7
11 7
11 7
11 7
11 7
11 7
10 85
11 7
11 7
11 7
11 7
11 7
11 7
10 45
11 7
11 7
11 7
11 7
11 7
11 7
11 6
11 7
11 7
11 7
10 6
8 2
11 7
11 7
11 7
9 34
11 7
9 18
11 7
11 4
11 7
11 7
11 7
11 7
11 7
11 7
11 7
8 23
10 4
11 7
11 7
11 7
11 7
11 7
11 7
10 7
10 9
6 2
9 2
6 1
11 7
9 47
11 7
11 7
11 7
11 1
11 7
10 7
4 6
10 4
11 7
11 7
11 7
10 168
7 2
11 7
11 7
10 120
10 168
11 4
9 106
11 7
11 4
11 7
11 7
11 7
11 7
11 7
11 7
9 144
11 7
11 7
11 7
11 7
8 31
10 5
11 7
4 34
5 8
11 7
11 7
11 7
10 32
7 3
10 159
11 7
11 7
11 3
11 7
11 7
11 7
11 7
11 7
11 7
11 7
4 2
11 7
11 7
11 7
11 7
11 7
11 7
11 7
10 20
8 18
9 1
11 7
11 7
11 7
10 7
11 7
8 144
8 2
11 2
11 7
11 7
10 117
11 7
11 7
11 7
9 60
11 7
11 7
11 7
11 7
11 7
10 4
10 67
11 7
11 6
11 7
8 6
11 7
11 7
11 7
10 36
11 7
11 7
11 7
8 4
11 7
11 7
10 4
11 7
11 7
11 7
11 7
10 6
11 7
8 6
11 7
10 2
11 1
11 7
6 6
11 7
11 7
11 7
11 7
11 7
3 2
11 7
11 7
11 5
11 4
11 7
11 7
10 10
11 7
11 7
11 7
9 19
11 7
10 7
11 7
11 7
11 7
11 7
9 43
11 7
11 7
4 6
11 7
10 4
11 7
11 7
11 7
10 106
8 12
11 3
10 4
11 7
11 7
11 7
11 4
11 7
8 14
8 35
11 7
10 4
8 123
9 2
11 7
7 6
8 28
10 67
10 45
11 7
9 85
11 7
9 6
11 7
11 4
11 7
10 7
11 7
9 74
1 1
11 4
10 7
10 7
11 7
11 7
11 7
9 2
11 7
11 7
11 4
11 7
11 7
11 7
5 3
11 7
11 7
11 7
11 7
10 38
11 7
9 27
11 7
7 28
11 7
9 114
10 49
11 7
11 7
10 168
11 4
11 7
11 7
10 96
6 2
9 159
11 7
11 7
11 7
11 7
6 8
11 6
11 7
11 7
8 38
11 7
11 7
11 7
11 7
11 7
11 7
11 7
11 7
11 7
11 7
11 7
6 2
11 7
11 2
5 4
11 7
5 26
3 4
11 5
11 7
11 4
10 147
11 7
11 7
11 7
9 25
10 4
11 7
10 2
10 7
11 2
11 7
11 7
10 43
11 7
9 18
11 7
11 7
9 14
11 7
11 7
10 53
10 48
11 7
7 2
11 4
11 7
10 4
10 9
11 7
11 7
11 7
11 7
11 6
11 7
11 7
11 7
11 7
11 7
11 7
11 7
11 7
11 7
11 7
11 5
11 7
0 0
7 15
5 9
11 7
11 7
11 7
8 20
11 6
10 7
10 12
11 7
4 2
8 6
9 2
11 7
11 7
7 5
11 7
11 7
11 7
11 7
10 6
11 7
8 21
10 138
11 7
11 7
7 4
11 7
11 7
11 7
11 7
10 7
11 7
5 4
10 7
10 70
11 7
11 7
11 7
10 98
11 7
11 7
11 7
11 7
10 2
8 14
11 7
11 7
11 7
11 7
11 7
11 7
10 7
11 7
11 7
11 7
4 1
11 7
3 1
11 7
11 7
4 1
11 7
11 7
10 3
11 7
8 18
11 7
11 7
5 10
11 7
10 120
8 2
11 4
11 7
11 7
11 4
11 7
10 37
11 7
11 7
11 7
11 7
10 67
10 3
11 7
7 6
11 7
11 7
11 3
5 2
11 7
11 7
11 7
10 120
9 56
11 7
11 7
7 5
11 7
11 7
10 2
10 120
11 7
10 3
9 56
10 11
9 118
10 4
11 7
11 7
11 7
11 4
11 4
10 12
6 3
10 20
10 7
10 43
8 6
11 7
11 7
11 3
11 7
11 7
11 7
11 7
9 106
10 119
11 3
11 7
11 7
11 7
11 7
11 7
8 2
11 7
11 7
11 7
5 2
11 7
10 105
11 7
11 7
11 7
11 7
11 7
11 7
11 7
11 7
11 7
10 67
11 7
10 7
11 7
11 7
11 7
9 6
11 7
9 18
11 7
9 65
11 7
9 10
11 7
11 7
8 9
9 88
11 7
11 7
7 6
10 31
11 5
11 7
11 7
11 7
10 118
11 7
6 26
4 2
11 7
7 20
11 7
8 24
11 7
4 8
4 2
10 7
10 75
11 7
11 3
11 7
10 4
11 7
10 4
11 7
11 7
11 7
11 7
11 7
7 1
11 7
10 7
11 7
11 7
11 7
11 7
1 1
9 23
11 7
11 7
10 3
6 30
11 7
10 168
10 58
2 2
11 7
4 4
11 4
11 7
8 20
11 7
11 7
8 25
11 7
10 5
11 7
11 7
11 7
11 7
11 7
9 4
8 2
11 7
11 7
11 7
10 67
10 129
11 3
11 7
11 7
11 7
11 3
11 7
10 7
11 7
11 7
11 7
10 73
9 13
8 16
11 7
11 7
11 7
11 7
11 7
11 7
11 7
11 7
11 7
11 7
11 7
11 7
11 7
11 7
11 7
10 7
10 168
6 3
9 7
11 7
8 9
11 7
11 7
11 7
11 7
11 7
11 7
11 5
11 7
7 8
11 7
11 7
11 7
11 7
11 7
11 7
11 7
11 7
11 7
10 4
7 8
11 7
11 7
11 7
7 12
11 3
9 37
11 7
11 7
11 7
11 7
11 7
11 7
11 7
11 7
11 7
9 120
3 4
11 7
11 7
11 7
11 7
6 6
11 7
11 2
11 7
10 26
11 5
10 52
9 30
7 3
11 7
11 7
11 7
11 7
10 12
6 1
9 123
10 2
8 4
11 7
9 1
11 7
7 3
11 7
10 1
11 7
11 7
9 94
11 7
3 1
11 7
9 3
11 7
11 4
11 4
11 7
9 20
11 7
11 7
11 4
11 7
11 7
11 7
11 7
9 56
11 7
11 7
11 7
3 6
7 12
4 1
10 110
2 1
11 7
10 36
9 7
11 7
10 76
11 7
5 1
11 7
11 7
11 7
8 12
11 7
11 7
6 22
11 7
11 7
11 7
11 7
11 7
9 26
8 24
11 7
11 7
8 12
7 4
11 7
11 7
11 7
10 7
3 2
11 7
11 7
11 7
10 69
11 7
10 52
11 7
11 7
11 7
11 7
11 4
10 159
9 120
11 7
10 32
11 7
11 6
11 7
11 7
11 7
5 6
11 7
10 8
4 1
10 7
10 4
11 7
7 5
11 7
3 2
7 19
11 4
9 2
10 120
9 2
11 7
11 7
11 7
10 7
11 7
11 7
10 105
11 7
9 4
11 7
11 3
11 7
11 7
11 7
5 2
11 7
11 7
9 6
11 7
11 7
11 7
11 7
11 7
11 7
7 7
11 7
11 7
11 7
11 7
11 3
7 27
11 7
10 168
6 4
9 144
10 105
11 7
11 7
11 7
11 7
10 7
9 4
11 7
11 7
11 7
9 4
8 10
11 7
11 7
11 7
11 7
8 42
10 67
11 7
11 7
11 7
10 18
11 7
9 7
11 7
11 7
9 48
11 4
11 7
11 6
11 7
11 7
11 7
5 3
11 7
11 7
11 7
11 7
7 8
4 4
11 6
8 84
4 2
11 7
11 7
11 7
11 7
10 64
11 7
11 7
11 6
11 7
11 3
11 7
8 6
7 2
11 7
11 7
11 7
4 3
11 7
11 7
11 7
11 7
11 3
11 7
11 7
11 7
11 7
11 7
11 7
11 7
11 7
11 7
11 7
11 7
11 7
11 7
9 23
11 7
11 7
11 3
11 7
11 3
11 7
11 7
11 7
11 7
11 7
11 7
11 7
11 7
7 1
11 2
11 7
11 7
3 1
11 7
11 7
11 7
10 7
10 7
11 7
3 1
10 42
10 54
11 7
11 7
11 7
10 7
7 12
10 10
9 12
11 7
11 7
11 2
8 12
11 7
11 7
11 7
11 7
11 7
11 7
11 7
11 7
10 4
11 7
9 30
9 7
9 3
11 4
11 7
11 7
11 7
11 7
7 68
11 7
6 4
9 12
8 12
11 7
11 7
9 67
10 120
11 7
11 7
11 7
8 18
11 7
11 7
11 7
11 7
11 7
10 7
11 7
11 7
11 7
11 7
11 7
11 7
11 7
11 7
11 7
7 3
11 7
10 5
11 7
8 75
11 7
11 7
11 7
11 7
11 7
11 7
11 7
11 7
8 19
11 7
11 7
9 18
11 7
2 1
11 7
9 102
3 4
11 7
11 7
11 7
11 7
11 7
10 7
11 7
11 7
11 7
11 7
11 7
11 1
11 7
11 7
4 3
11 7
4 2
10 7
11 7
10 4
10 110
11 7
11 2
11 7
11 7
11 7
11 7
11 7
11 7
8 1
4 6
11 7
11 7
11 7
10 67
11 7
11 7
11 5
11 7
11 7
9 28
11 7
10 4
11 7
10 7
11 6
11 7
5 1
11 2
10 168
11 7
9 10
11 7
4 2
11 7
11 3
11 7
11 7
9 2
6 3
11 7
10 120
11 7
11 7
11 7
11 7
11 7
11 4
6 6
5 6
10 4
11 7
11 7
11 7
11 7
11 7
11 7
10 7
10 7
11 7
5 7
11 7
11 7
9 18
11 7
10 1
10 3
11 7
11 7
11 7
10 7
8 4
10 7
11 7
11 7
11 7
5 7
11 7
10 35
11 7
11 7
3 2
11 7
11 4
11 7
11 7
11 7
11 7
10 168
11 7
11 7
11 7
2 1
5 2
9 13
10 7
11 7
10 78
11 7
10 120
7 60
11 7
11 7
7 12
11 7
11 7
11 7
11 7
7 2
11 7
9 62
11 7
11 5
7 4
11 7
11 4
9 4
11 4
11 7
11 7
11 7
11 7
4 2
11 7
11 7
11 5
11 7
11 7
11 7
11 7
6 20
11 7
11 7
0 0
11 4
11 7
11 7
8 8
10 7
11 7
9 102
7 42
11 7
11 7
11 7
11 7
11 7
11 7
11 7
11 7
11 7
10 7
11 7
11 7
11 5
10 4
11 2
10 3
8 78
9 2
11 7
11 7
11 7
11 7
11 7
11 7
9 117
10 7
5 4
11 7
11 7
11 7
11 7
11 7
11 7
11 7
11 7
11 7
11 7
10 7
10 7
11 7
9 81
11 7
9 7
7 7
11 7
10 6
9 168
10 2
10 27
11 7
11 7
11 7
11 7
11 7
9 7
11 7
11 7
10 7
11 7
9 51
5 16
10 67
6 1
11 3
11 7
11 4
11 7
11 7
11 7
11 7
11 2
11 7
8 24
7 7
8 27
11 4
8 6
11 7
11 7
7 1
11 7
11 7
8 63
10 3
10 105
11 7
9 36
11 7
11 7
11 7
11 7
11 7
8 35
9 6
10 42
11 6
10 114
11 7
11 7
10 7
11 7
7 6
11 4
11 2
11 7
11 7
11 4
11 7
11 7
10 7
11 7
11 2
10 5
10 153
11 7
9 89
10 36
10 7
9 37
11 7
10 7
11 4
7 6
11 7
11 3
11 7
11 7
6 24
11 6
7 1
11 7
10 22
11 7
11 7
11 7
1 1
11 7
11 7
11 2
9 16
11 7
9 7
11 7
4 2
6 6
11 7
11 3
10 7
11 2
11 7
11 4
1 1
10 7
4 1
11 7
11 7
6 1
11 7
11 7
11 7
11 7
11 7
11 7
10 4
11 7
11 7
11 7
10 7
1 1
8 4
11 7
6 15
11 7
10 120
11 7
11 7
11 7
9 90
11 7
11 7
11 7
10 53
11 7
11 7
8 24
11 7
10 7
11 7
11 3
8 12
10 33
11 7
11 4
7 2
11 7
8 60
10 62
11 7
11 7
10 7
10 5
11 3
10 4
11 6
11 7
9 66
10 7
10 57
11 3
11 7
11 7
9 60
11 7
11 7
11 7
4 3
10 4
11 7
11 7
11 7
11 7
11 7
7 1
2 2
11 7
11 7
11 7
11 7
9 24
8 4
9 41
11 7
10 42
11 7
2 4
11 7
11 7
11 7
5 2
11 7
11 7
11 1
