1000
1
2
3
4
5
6
7
8
9
10
11
12
13
14
15
16
17
18
19
20
21
22
23
24
25
26
27
28
29
30
31
32
33
34
35
36
37
38
39
40
41
42
43
44
45
46
47
48
49
50
51
52
53
54
55
56
57
58
59
60
61
62
63
64
65
66
67
68
69
70
71
72
73
74
75
76
77
78
79
80
81
82
83
84
85
86
87
88
89
90
91
92
93
94
95
96
97
98
99
100
19450
986359
6421
4607
11962
515
302945
38984
3762
283499
134504
333574
23990
34162
32731
938406
221908
3912
33968
33617
27702
9396
137697
5176
810799
3089
20858
849734
20404
30884
923596
9661
9559
599204
91043
8538
657374
31721
6565
15384
8867
36717
1787
7954
570366
9145
291
585
39743
939089
15134
5777
25620
63034
1169
937
4615
755303
37347
112
28611
24092
39070
12857
2479
29837
19514
740839
39607
212115
23207
698683
10848
38818
287
948
779025
31599
73072
833270
16464
30360
560570
33417
8955
13302
495
514008
858668
967295
534
521150
15334
448076
693297
818413
289
214273
634064
129478
826612
721210
29896
22240
837
757739
29567
489208
39865
6575
676939
877608
308737
240991
725641
2509
649080
14813
513089
264795
5926
678693
957
903679
377401
27002
574211
13083
62495
930330
4617
47247
1993
962
36798
261
1913
1241
1747
24080
479691
745448
3355
1316
31757
911547
1027
904
125358
239220
465054
5094
490548
22828
36537
32728
3597
694637
21922
5476
1739
15488
557648
997183
933548
2726
380642
1585
425359
423404
381044
323459
353501
8290
289208
15986
999807
969592
7906
266534
17747
335962
6475
6696
521
15934
558420
315444
20629
21803
460
917233
3068
4042
6181
613877
29608
2738
399825
311318
6871
609392
18195
44400
36998
10649
521987
615715
874740
386487
11512
188
691
934560
35349
1501
34842
683762
3759
448715
742270
6980
720680
538744
28245
16886
41966
313394
41018
909158
4449
2287
12026
185194
103
17216
32427
800128
5192
2455
36265
4386
23072
1479
534320
799255
8549
404
31097
21267
340291
17245
4228
3190
174590
141300
20621
255777
316
520090
22884
981833
550
727936
17642
22014
2226
584916
299697
818103
16689
21081
538638
20041
27683
30015
894990
53111
999582
604689
366523
9821
1807
9284
12266
294262
23721
215443
15698
883018
14455
165885
31186
33992
3365
8350
17104
8895
127906
22632
28795
159357
1670
3080
272146
789
9440
317308
2507
28980
439
1967
32495
645
915884
10208
34764
12679
707037
568290
30555
908129
214
23533
655287
42281
910
41974
38867
416285
19850
8194
785953
1000
10811
22941
634
3241
1880
811193
585
34552
346336
6175
28869
40908
25981
334842
8380
27501
8706
42024
999
660195
1412
8447
428458
66357
19559
560618
320787
340741
698
853842
534432
6196
32411
29956
31677
206324
39705
6019
768642
27372
6182
8416
246757
1940
17715
28694
22559
770560
9503
317108
39835
626083
6895
38167
5474
35244
242934
5137
38543
23826
203851
39117
17334
30911
953540
37053
469
49602
675971
26078
15017
20161
422
606596
998937
28996
537109
8289
2290
16472
1417
33997
26763
253351
823827
537860
8833
35463
28576
914986
654414
578542
6033
3590
488854
753027
25105
35511
634861
635808
629492
40257
12784
30437
40231
110009
9729
99902
27104
931730
3476
980461
6397
29692
2355
42065
2747
22995
330923
347
157
741456
115033
2482
21436
40525
14663
962548
784620
920863
623452
2188
900976
180912
23258
641
23890
222804
706815
9245
9185
23071
11604
387536
924601
36425
672865
924338
922074
649249
746520
20265
2281
623117
26509
41813
7053
21395
276716
383724
408301
8813
99590
41117
31695
28646
735697
69114
34218
462105
33726
15767
5820
818324
255605
9599
143008
479362
27895
695
27282
238146
780141
14292
774847
939
27791
442667
41388
8070
882578
292875
803132
22099
533236
19767
429661
37166
33496
40287
32439
318
264343
33267
568630
35092
355144
895548
4451
31444
1836
32379
345304
835220
37609
4228
5498
73887
4745
4511
3961
2717
1874
424195
21409
26566
4090
548095
34206
9475
36608
6444
629956
35880
13312
22445
556910
39487
779124
1733
31651
16296
721666
249170
10419
1866
729967
30901
1917
30960
896870
8150
695869
15703
202810
4840
26864
35780
704840
2296
36104
156
18985
819625
21735
2354
1337
452941
9402
14362
10363
7107
682981
567309
773326
4200
162248
199303
563748
28561
811748
20697
358
7896
5989
875857
3313
246726
35125
6378
523643
19002
15634
772696
29924
247000
98216
172437
39236
829
8011
4737
39355
363
830527
880
27406
674488
2531
5506
986806
14253
5959
3188
2447
32319
198787
30481
710128
9982
40962
474934
869147
33946
19724
440651
639827
476218
38726
29732
3300
12453
11939
30192
251
828307
11239
459186
4293
132271
167738
6000
320446
42481
11977
1014
899944
29713
866970
976340
434
7027
115727
801514
7306
16400
166271
884230
175
745122
13545
31709
2791
35537
1437
13866
24621
4267
19202
25813
19438
37015
221622
4878
15593
189968
113664
457773
440230
27762
267196
4080
248184
573241
20340
6433
25936
15822
839421
668601
800781
42545
3727
841
30569
119135
14517
28104
832083
76886
26062
317
2225
1513
16234
37959
963634
246
351657
421
19025
6096
3969
27155
12594
978108
15680
1989
16930
1813
28706
40141
25246
9321
35309
962
23788
441641
5619
464108
482078
229877
707792
4239
791841
6348
115
41587
599206
444126
33575
33039
6915
488277
15722
3411
657
726198
21354
637880
2036
574321
741305
9769
8975
753256
885020
332764
22810
33424
2647
4357
695574
498807
38224
21907
9999901
9999902
9999903
9999904
9999905
9999906
9999907
9999908
9999909
9999910
9999911
9999912
9999913
9999914
9999915
9999916
9999917
9999918
9999919
9999920
9999921
9999922
9999923
9999924
9999925
9999926
9999927
9999928
9999929
9999930
9999931
9999932
9999933
9999934
9999935
9999936
9999937
9999938
9999939
9999940
9999941
9999942
9999943
9999944
9999945
9999946
9999947
9999948
9999949
9999950
9999951
9999952
9999953
9999954
9999955
9999956
9999957
9999958
9999959
9999960
9999961
9999962
9999963
9999964
9999965
9999966
9999967
9999968
9999969
9999970
9999971
9999972
9999973
9999974
9999975
9999976
9999977
9999978
9999979
9999980
9999981
9999982
9999983
9999984
9999985
9999986
9999987
9999988
9999989
9999990
9999991
9999992
9999993
9999994
9999995
9999996
9999997
9999998
9999999
10000000
