3
4
4
5
6
6
7
8
8
8
9
9
10
10
11
12
12
12
13
14
14
15
15
16
16
16
16
17
18
18
18
19
20
20
20
21
21
22
22
23
24
24
24
24
25
25
26
26
27
27
27
28
28
28
29
30
30
30
31
32
32
32
32
32
33
33
34
34
35
35
36
36
36
36
37
38
38
39
39
40
40
40
40
41
42
42
42
43
44
44
44
45
45
45
46
46
47
48
48
48
6194
279752
2144
1563
3885
202
88455
12105
1290
82924
40165
97155
7580
10657
10227
266458
65339
1339
10600
10494
8706
3082
41088
1746
231015
1071
6625
241840
6488
9669
262350
3165
3134
171967
27504
2814
188240
9922
2188
4945
2916
11425
640
2628
163888
3005
121
228
12333
266648
4867
1938
8076
19264
430
351
1566
215562
11615
52
8982
7612
12132
4162
870
9352
6214
211534
12292
62529
7342
199775
3537
12056
120
354
222170
9885
22225
237263
5278
9511
161140
10433
2944
4302
195
148072
244323
274470
209
150080
4929
129524
198272
233133
120
63150
181720
38705
235412
206059
9372
7047
316
216243
9270
141102
12369
2192
193704
249585
90103
70795
207293
880
185920
4768
147816
77594
1986
194194
357
256824
109568
8494
164966
4233
19104
264217
1566
14576
708
360
11450
110
682
455
626
7608
138424
212816
1157
481
9933
259008
381
339
37510
70290
134304
1720
141478
7226
11372
10226
1236
198646
6950
1842
624
4977
160321
282751
265111
952
110486
572
123117
122565
110600
94284
102804
2736
84548
5130
283477
275105
2614
78088
5672
97833
2160
2231
204
5115
160537
92008
6556
6912
183
260588
1064
1380
2067
176075
9283
956
115910
90836
2287
174820
5810
13727
11511
3476
150314
176589
248791
112140
3744
81
264
265391
11014
543
10863
195611
1288
129704
211932
2321
205910
155020
8872
5408
12999
91425
12716
258344
1512
806
3904
54800
49
5509
10135
228045
1751
862
11288
1492
7300
535
153777
227803
2816
162
9732
6750
99060
5518
1441
1104
51748
42133
6554
75020
129
149781
7244
278500
216
207932
5640
6976
784
167965
87532
233046
5346
6693
154990
6376
8702
9407
254412
16322
283416
173502
106492
3216
646
3048
3979
85987
7498
63486
5042
251088
4657
49238
9760
10607
1160
2754
5475
2925
38250
7168
9038
47356
600
1067
79689
299
3096
92538
880
9093
175
700
10155
248
260214
3337
10839
4107
202105
163305
9570
258060
92
7440
187656
13094
341
13001
12070
120556
6318
2704
224099
372
3526
7260
245
1120
671
231125
228
10774
100774
2064
9061
12682
8186
97515
2763
8646
2867
13017
372
189027
512
2784
123991
20245
6228
161154
93528
99187
266
242982
153808
2072
10129
9388
9909
60871
12321
2016
219279
8608
2067
2775
72446
690
5663
9008
7144
219814
3116
92481
12360
179488
2295
11860
1842
10983
71352
1734
11974
7530
60160
12146
5546
9678
270655
11526
186
15279
193434
8214
4832
6412
168
174036
283238
9099
154560
2736
807
5280
513
10608
8423
74328
234638
154770
2907
11048
8971
259965
187411
166176
2021
1234
141001
214930
7920
11063
181944
182209
180444
12488
4140
9535
12480
33044
3186
30096
8525
264607
1197
278120
2136
9309
829
13029
960
7277
96403
141
70
211706
34506
871
6801
12567
4722
273156
223729
261594
178752
773
256072
53568
7358
247
7550
65593
202044
3036
3016
7300
3774
112437
262627
11338
192566
262553
261928
185969
213114
6444
804
178659
8345
12954
2344
6788
80991
111360
118303
2900
30004
12744
9915
8992
210098
21060
10674
133473
10527
5063
1952
233108
74972
3146
42627
138331
8766
265
8580
69983
222480
4608
221007
351
8734
127999
12826
2666
250965
85592
228880
7004
153472
6292
124332
11560
10456
12496
10138
130
77463
10388
163401
10936
103268
254565
1513
9839
656
10120
100480
237804
11692
1441
1850
22466
1608
1533
1354
949
669
122790
6793
8362
1396
157642
10671
3108
11392
2151
180575
11175
4304
7109
160115
12257
222198
622
9900
5225
206187
73135
3403
666
208502
9675
684
9693
254934
2691
198990
5044
59862
1638
8452
11144
201492
809
11241
70
6052
233472
6892
828
488
130896
3084
4628
3386
2361
195392
163030
220584
1431
48190
58856
162032
8967
231280
6576
145
2610
2007
249100
1144
72436
10947
2130
150780
6058
5022
220408
9379
72514
29603
51126
12181
313
2647
1605
12217
147
236500
330
8618
193023
888
1852
279876
4596
1998
1103
860
10103
58708
9548
202968
3267
12699
137088
247234
10592
6279
127431
183333
137448
12029
9320
1140
4038
3878
9460
106
235884
3660
132651
1462
39517
49773
2010
93430
13152
3888
377
255788
9315
246630
276977
173
2336
34710
228431
2424
5256
49349
251424
77
212727
4375
9919
972
11072
520
4475
7773
1454
6120
8134
6191
11516
65256
1650
5010
56173
34110
132253
127312
8725
78278
1393
72852
164693
6468
2148
8173
5080
238974
191376
228226
13173
1278
318
9575
35700
4676
8829
236933
23350
8208
130
784
546
5206
11799
273456
104
102282
168
6065
2041
1357
8541
4082
277468
5037
707
5421
648
9010
12452
7962
3060
11002
360
7519
127711
1888
134037
139098
67618
202315
1444
225739
2120
54
12885
171968
128410
10481
10319
2300
140840
5049
1176
252
207449
6776
182787
723
164996
211663
3200
2950
214995
251645
96924
7221
10436
925
1482
198909
143802
11878
6944
2703636
2703636
2703636
2703636
2703637
2703638
2703638
2703638
2703638
2703639
2703639
2703640
2703640
2703640
2703640
2703640
2703640
2703641
2703641
2703642
2703642
2703642
2703642
2703642
2703643
2703643
2703644
2703644
2703644
2703644
2703645
2703645
2703645
2703645
2703645
2703645
2703646
2703646
2703646
2703646
2703647
2703647
2703648
2703648
2703648
2703648
2703648
2703648
2703648
2703649
2703649
2703650
2703650
2703650
2703650
2703650
2703651
2703651
2703651
2703652
2703652
2703652
2703652
2703652
2703653
2703654
2703654
2703654
2703654
2703655
2703655
2703655
2703656
2703656
2703656
2703656
2703657
2703657
2703657
2703658
2703658
2703659
2703659
2703660
2703660
2703660
2703660
2703660
2703661
2703661
2703662
2703662
2703662
2703662
2703662
2703663
2703663
2703663
2703663
2703663
