3522
4555
4646
16211
6536
1
6216
25133
23254
3
42
25
51
656
562
66362
5214
6451
53
4161
34
12331
3612
636
23
23224
22454
42
4213
4366
6321
166
21612
6361
65
41562
311
256
4515
44
432
33
54166
5163
33313
51324
1566
6
35
322
4
3664
24266
62
52
21
16
313
2652
5144
54443
34523
6346
54265
56215
43114
4455
61
63632
64223
646
2142
1334
13
55252
14525
4255
645
34154
22
466
32435
21136
14546
626
52153
2
24
54465
5534
46415
2315
13454
4253
26234
3
16521
365
46362
43
36
552
24246
24
6535
5
56
6436
3562
6153
621
424
4121
4663
13531
423
6324
12624
34434
61211
543
54512
13114
614
26331
42644
54445
26462
642
24343
434
24551
22411
4554
3525
511
351
31413
23453
2445
45341
2651
152
332
53226
35551
25
562
35
45546
621
22
1124
644
164
526
43
24514
15666
611
634
3
14663
33
31212
64451
314
4666
14364
54624
35554
1636
13231
26651
231
2615
5356
56
2514
12426
56542
12126
41445
1315
3324
136
62
6531
24264
36
32
53462
3263
3412
1223
42
12112
262
33263
23
3133
2
355
6334
235
52251
13611
1332
225
44
45262
36642
336
1662
6112
563
4556
644
11
41511
66444
4541
41
254
3
4553
23121
6511
336
3113
15511
36256
5534
62
63266
242
66146
16262
6146
3532
52
242
33421
6665
31425
263
6362
635
121
32125
5
65
6151
64322
3565
445
14
6252
34324
65611
22565
2215
526
22
4
2633
6241
662
66656
1211
3264
23
24523
22
11245
322
3
11224
4
45114
331
61
55535
556
6
6
21344
252
53152
612
1665
5311
666
11
33412
64
513
34322
425
521
5236
53662
2112
444
36
55464
15161
1616
23261
1554
2136
451
33
2222
26
1
316
5426
3146
236
5235
44
336
26121
3256
3262
21
5211
24145
5615
12
345
4625
2554
5465
56524
315
2435
3643
4422
5423
61656
521
36132
41264
13
5666
55621
335
61141
241
146
5154
4331
25422
31612
61261
26
6
63
13
12465
15554
42342
42122
656
663
1434
12333
63534
53562
31216
13644
222
5562
55
3125
3161
6
61
32263
56516
5234
334
45
432
66222
54142
454
4445
1
14435
4634
53
34643
214
255
23664
231
214
36362
342
33
416
661
41
45336
124
553
631
524
555
52551
4131
32645
1453
11144
61
4236
31
31151
3331
1335
4234
32223
136
5533
43363
15254
56136
31225
5221
3365
52254
214
4443
61356
41642
55
146
61416
23364
5462
4554
53
313
436
44424
2315
53656
23266
24322
56463
36131
2
65155
64
34165
1146
36246
66352
26566
34464
432
65515
443
164
35554
66
1514
4351
3556
62145
3226
55444
63524
4464
21663
3
14
6142
53123
12654
4116
552
563
46256
325
25
24552
31545
3661
1261
55641
65
56331
555
3531
3
34311
34
3
4152
5426
14611
143
4554
46146
163
11334
1621
2614
5662
36145
43133
55615
64213
2452
444
412
34
34223
6543
3323
353
3
5355
4553
32133
546
6643
5542
1646
53
24
254
55624
2362
46635
66454
3516
6152
542
3234
412
361
16456
56
2424
4122
424
42555
643
11416
25532
56
46331
6353
12
34125
5663
6364
3124
2
12
36526
34122
515
413
3362
11323
26
23
4
5
51135
1446
1556
56555
56354
323
64645
133
316
4566
44516
44431
2253
22243
53265
6
212
6112
361
16241
4
451
66643
3312
122
21315
32
1322
635
21623
23332
422
2632
1326
14
51634
44164
154
422
216
15435
115
4
35434
526
23114
11
2534
1
1552
16
11
33532
32132
313
434
16232
61111
135
661
224
36542
13323
163
6124
43133
33
4566
5365
5566
6421
6652
5
61163
56
13666
43122
46315
2164
4456
1642
31
421
46556
52662
426
463
346
6461
43235
642
