5 10
2
3.68 0.55
4.45 5.55
3.05
11 8
4
9.59 7.52
9.82 0.89
1.91 4.47
8.34 3.01
1.57
13 4
5
6.52 2.43
5.85 3.48
1.04 0.46
1.07 0.50
1.86 1.44
2.20
2 6
3
0.46 2.50
0.61 2.40
1.89 0.79
2.56
12 4
3
5.46 0.66
11.58 3.99
0.76 1.52
3.81
2 15
1
0.84 12.64
2.78
2 1
5
0.33 0.54
0.77 0.40
1.57 0.54
0.49 0.39
1.82 0.67
3.92
16 8
4
5.52 5.24
9.09 2.56
6.65 4.09
1.83 8.12
3.75
3 10
3
1.03 7.47
2.58 9.68
0.84 0.79
4.23
15 19
3
8.88 9.65
7.71 13.34
2.60 9.97
1.55
5 18
3
1.77 14.79
2.71 14.03
1.50 14.88
3.55
14 19
1
5.74 2.74
2.60
16 14
5
1.13 4.94
10.57 8.34
6.80 3.53
8.50 6.64
5.47 4.80
3.71
4 16
2
3.52 3.17
2.00 8.68
3.60
6 17
2
5.72 12.88
1.66 3.83
2.78
15 18
1
8.43 0.99
4.42
13 3
4
4.63 1.55
9.88 2.22
11.06 0.36
12.69 2.04
3.12
1 13
5
0.36 12.79
0.36 8.73
1.24 13.16
0.64 1.13
1.15 9.05
1.74
13 20
5
6.78 8.22
10.09 2.54
3.51 18.91
8.90 10.94
3.63 4.64
3.73
8 1
3
2.77 1.01
3.92 0.36
5.78 0.80
2.61
8 12
2
6.07 7.39
3.99 6.19
3.52
1 6
5
1.18 0.64
1.03 4.87
1.08 2.49
1.05 5.88
1.22 3.83
3.55
14 12
2
2.62 8.31
2.18 11.93
3.65
11 15
4
3.47 7.52
6.58 8.37
6.64 10.97
3.82 8.94
2.55
11 13
1
2.70 12.43
3.82
2 14
1
2.08 0.63
3.29
18 4
4
17.05 3.06
1.20 1.73
5.37 2.24
6.75 3.71
4.31
12 7
5
9.84 6.05
4.97 6.54
11.89 5.08
7.06 1.56
8.13 1.99
3.29
12 19
5
12.00 9.75
10.12 8.92
3.64 8.70
3.18 1.14
10.52 13.44
3.73
8 6
1
5.14 5.41
4.33
18 4
3
17.34 1.72
14.51 1.24
0.70 3.62
3.50
12 1
2
8.83 0.68
4.22 0.85
2.75
16 1
5
6.49 1.23
8.76 1.14
3.22 0.48
6.95 0.86
6.90 0.62
2.76
16 20
3
15.20 10.21
12.78 19.38
2.78 10.78
3.04
14 3
5
10.15 1.65
12.33 2.82
5.75 1.68
12.92 0.97
0.62 0.30
3.03
10 4
1
7.56 1.51
1.54
9 10
5
3.31 2.55
8.04 1.49
1.46 1.24
5.32 7.33
5.22 3.81
2.20
2 14
4
1.16 8.16
0.88 5.45
1.87 12.23
0.36 2.20
4.22
8 8
2
6.36 4.56
3.82 1.90
2.60
3 1
4
0.51 0.88
0.55 0.83
0.68 0.87
2.58 0.99
3.96
10 1
4
9.23 0.60
4.89 0.77
6.56 0.59
2.68 0.92
4.19
16 13
4
16.06 0.65
15.92 7.08
7.48 9.67
4.07 10.79
3.89
5 10
3
1.14 4.78
3.80 10.20
3.20 0.53
4.46
13 4
5
11.55 0.50
0.82 1.12
12.02 1.98
0.55 3.38
11.68 1.32
3.00
17 10
5
14.73 1.73
2.41 3.37
3.85 9.89
12.33 4.60
1.43 1.97
2.41
10 9
1
4.32 4.89
2.95
10 18
1
3.18 9.03
3.50
8 6
3
2.72 4.00
3.06 1.99
3.96 0.54
2.39
15 16
4
8.44 1.05
6.21 15.41
5.90 3.87
11.32 1.35
2.06
7 4
5
0.65 0.94
7.01 1.87
4.01 2.72
5.69 0.60
0.58 1.56
2.36
5 1
3
4.91 1.15
2.22 1.19
2.09 1.23
1.66
16 9
3
3.05 6.11
11.12 5.56
15.77 1.60
4.27
17 5
4
8.72 1.90
5.76 3.49
11.31 1.61
16.13 2.47
2.57
14 2
3
11.07 0.90
12.11 1.76
4.00 1.23
4.15
8 6
2
2.13 3.07
2.05 1.07
2.55
18 13
5
15.86 12.49
6.62 11.84
1.45 3.43
7.07 2.53
8.10 4.57
3.40
3 8
2
1.54 3.71
1.05 1.93
4.08
17 6
3
15.72 4.14
1.74 6.08
3.86 0.46
2.88
15 14
2
6.38 5.48
1.80 13.52
2.35
8 5
4
4.18 3.74
6.62 1.01
7.95 1.33
2.05 4.87
4.16
16 15
2
7.50 4.02
3.55 14.43
1.95
8 9
2
7.76 7.56
7.79 2.38
2.92
11 20
2
8.83 16.91
0.78 1.12
4.16
14 11
1
9.61 2.75
4.39
6 8
1
3.76 2.45
2.98
9 16
1
2.84 4.30
2.21
12 16
2
4.03 2.83
11.16 4.35
1.96
19 10
2
12.23 8.61
4.65 7.77
4.07
19 11
4
10.65 2.47
14.74 9.75
3.99 5.98
4.99 4.79
2.77
8 4
3
3.03 3.42
4.04 0.56
7.34 3.72
3.49
2 11
5
1.38 4.53
1.40 9.67
1.94 3.72
1.38 8.65
1.18 4.01
3.04
11 16
2
7.97 4.58
5.30 7.58
2.34
3 4
3
1.16 3.31
1.19 0.58
2.69 3.99
3.30
10 9
4
1.96 7.55
4.16 3.88
3.87 8.44
2.71 3.65
2.03
15 18
4
11.84 7.37
9.20 3.62
10.67 12.87
7.53 17.87
2.22
7 2
5
4.96 1.75
1.83 1.42
6.18 1.47
4.63 0.60
5.22 1.58
2.92
14 5
3
7.71 4.03
8.81 1.67
13.46 4.19
2.56
12 7
2
10.22 6.75
0.39 3.84
4.29
9 14
4
7.07 11.21
0.83 13.31
5.21 4.23
5.70 0.84
3.89
2 4
4
2.12 2.18
0.63 3.45
1.80 1.76
2.20 3.53
3.73
16 5
1
1.95 1.18
4.19
5 19
4
4.93 11.63
4.64 11.65
2.10 3.02
4.76 15.54
2.72
17 5
4
15.61 1.86
1.90 4.37
4.88 1.91
7.91 3.39
1.64
2 14
1
2.09 12.36
2.73
11 6
5
3.08 0.56
5.13 2.74
3.84 0.42
1.90 1.20
5.48 6.15
4.35
15 2
2
9.84 1.97
7.18 0.84
3.04
12 11
3
5.66 9.40
6.52 1.64
10.90 7.24
2.73
18 19
3
16.17 5.82
3.20 7.73
0.89 14.10
3.65
10 7
5
9.48 0.77
9.75 4.66
5.82 1.90
5.48 3.72
3.78 3.93
4.18
10 17
4
7.37 5.95
10.11 3.99
9.88 10.79
3.47 1.53
3.37
9 2
4
7.44 1.39
2.49 1.40
2.12 1.44
1.17 1.69
3.23
10 1
1
9.72 0.49
3.52
14 5
3
7.13 1.77
4.24 2.87
3.56 4.66
1.94
11 12
2
4.00 11.22
1.56 0.50
3.27
9 14
2
5.10 2.49
4.45 2.03
4.42
6 8
1
6.03 4.17
1.81
17 8
3
10.83 1.93
12.91 1.31
7.20 4.95
2.05
7 10
1
1.65 6.02
2.53
5 8
3
0.68 5.41
1.40 7.10
1.79 5.02
3.10
3 14
2
1.03 13.86
0.31 10.85
4.47
1 12
5
0.44 4.57
0.82 8.31
0.47 5.77
1.16 1.90
0.40 1.02
1.57
15 17
4
9.62 3.03
14.23 10.62
10.88 9.92
0.67 12.04
3.77
5 10
4
3.94 8.75
2.40 2.51
1.43 9.83
3.50 2.15
3.17
4 7
1
1.63 6.94
2.60
19 17
2
10.40 2.64
8.45 14.70
3.18
17 14
5
14.53 12.51
7.54 5.56
2.22 11.09
5.33 4.48
14.12 1.36
3.12
8 18
4
3.03 4.53
6.45 6.52
6.05 2.07
1.66 6.55
2.53
9 9
4
2.58 1.43
1.04 6.55
3.51 2.20
7.20 6.03
3.08
15 8
5
13.01 4.63
5.79 7.84
12.71 2.30
13.62 6.69
9.58 2.09
4.49
9 13
2
0.64 6.22
2.51 10.96
3.58
4 16
2
2.85 12.98
1.49 2.96
1.89
4 17
5
1.80 2.77
2.72 6.60
3.03 12.35
2.20 2.79
0.57 9.52
2.22
9 19
2
2.50 5.80
0.53 2.20
3.28
2 15
5
1.44 7.18
1.41 6.17
0.88 6.69
1.58 12.21
2.11 4.88
4.19
3 15
3
2.67 13.74
2.58 6.86
1.16 4.11
4.27
4 6
4
2.83 5.95
2.48 3.18
1.83 2.35
1.52 3.40
3.41
13 11
5
12.33 1.52
0.73 6.73
9.75 8.44
1.57 2.02
1.02 0.69
3.30
20 16
3
6.22 14.78
14.89 4.42
14.22 7.70
3.63
10 13
4
9.54 11.14
4.30 1.91
4.73 1.02
7.30 7.54
4.48
6 15
1
2.56 9.67
1.99
17 4
1
16.81 1.19
3.02
1 15
2
0.77 13.45
1.00 6.53
2.76
6 17
5
0.58 5.57
5.59 1.10
4.07 2.96
5.10 11.37
6.05 7.40
2.55
11 13
4
5.62 3.00
2.22 6.82
7.80 9.61
3.00 2.76
2.16
17 10
1
6.39 10.13
2.59
18 18
5
9.01 0.50
6.00 7.64
14.60 8.30
3.15 8.24
3.62 17.85
1.99
13 2
2
13.00 1.64
5.05 1.00
1.92
4 14
3
3.51 7.53
2.30 8.70
1.92 10.40
2.23
11 18
1
6.95 8.51
1.94
12 20
2
7.33 3.34
8.84 3.49
3.37
11 17
3
6.63 2.63
1.83 15.48
9.63 8.94
2.54
19 12
1
8.91 7.78
2.68
20 2
2
9.80 0.33
16.80 1.94
4.25
16 11
3
5.54 10.38
10.47 9.21
4.72 10.47
1.72
10 5
2
8.66 1.45
10.08 1.12
2.39
13 3
4
10.83 2.37
12.65 0.45
9.44 1.76
6.21 1.90
1.61
7 1
4
4.14 0.43
1.90 0.68
6.32 0.36
7.24 0.38
1.53
15 7
5
2.76 3.45
10.23 6.24
4.84 6.95
8.36 7.18
2.36 5.83
4.23
1 12
5
0.36 7.66
0.49 7.79
0.75 9.89
0.97 8.55
0.43 2.96
3.07
11 20
3
2.46 14.63
7.12 5.97
7.46 4.77
3.08
20 18
3
11.97 1.76
11.16 0.86
0.94 6.98
3.67
13 15
1
3.68 1.24
1.75
18 19
3
7.61 14.02
16.49 18.14
5.10 1.86
2.90
3 8
3
1.48 4.19
0.69 5.98
1.20 1.58
2.73
1 5
1
0.30 2.41
2.59
19 10
4
10.20 4.04
13.54 2.09
7.76 7.67
11.21 3.02
3.25
15 3
4
10.90 0.51
7.95 1.53
4.53 2.77
13.90 0.91
4.40
3 17
5
3.15 11.06
1.33 12.35
0.46 9.53
1.15 5.97
3.03 2.92
1.58
11 3
1
8.88 0.30
1.61
4 4
4
2.08 0.86
2.39 2.42
2.10 3.14
2.94 2.35
3.91
7 15
1
6.71 1.17
2.80
2 18
3
1.88 13.66
0.97 9.52
1.34 5.47
3.27
3 19
3
1.39 10.18
1.98 11.67
1.79 8.44
3.81
5 18
1
4.46 5.99
2.17
19 3
2
7.62 0.46
7.78 1.80
1.88
8 7
3
4.06 1.58
2.11 5.98
4.99 5.71
3.29
16 13
2
0.88 10.77
10.06 12.90
2.53
12 16
1
7.55 15.01
1.61
7 8
4
3.78 1.23
0.42 1.59
3.22 3.93
6.93 2.42
2.06
1 11
2
0.77 5.11
0.36 9.12
1.89
8 13
3
5.58 0.35
5.63 9.07
1.39 10.72
2.79
11 13
2
4.80 1.55
9.73 3.54
2.25
5 18
2
0.70 13.08
3.32 15.21
3.75
16 16
4
12.61 16.12
1.30 9.08
12.77 6.80
10.21 1.30
2.66
3 16
3
1.10 7.00
1.14 15.72
2.23 15.77
3.76
19 15
1
6.99 5.61
2.13
10 7
4
5.05 4.61
1.61 2.51
2.38 1.16
8.75 6.33
4.06
1 2
4
0.64 2.23
0.46 0.56
0.80 0.44
0.75 2.03
1.76
19 4
1
6.12 3.63
1.52
3 13
4
2.18 3.19
2.43 4.93
1.49 9.87
2.20 9.07
1.60
13 16
2
0.53 11.03
0.42 5.53
3.49
12 20
1
12.16 1.54
2.04
12 9
5
8.88 4.11
0.74 6.95
5.42 0.80
10.61 6.75
10.34 9.04
2.70
4 15
1
1.01 4.44
3.69
5 16
4
0.74 9.76
1.17 13.78
3.02 5.51
3.08 2.15
4.32
13 4
2
10.35 3.12
0.47 2.16
3.66
12 14
3
3.92 7.59
8.96 13.84
8.90 10.68
3.42
18 4
3
12.52 0.88
7.96 2.44
15.56 2.74
2.84
9 4
4
7.41 3.53
6.14 0.41
8.08 4.23
1.37 1.35
2.35
12 16
1
10.71 11.04
3.12
7 3
2
4.50 2.57
5.39 2.73
1.67
20 6
4
13.05 3.79
3.08 3.41
6.34 2.13
8.19 4.40
3.12
18 16
1
4.09 14.92
2.06
2 3
4
1.07 1.12
0.98 1.66
1.92 2.41
0.56 2.38
4.23
10 5
3
2.16 0.33
1.82 1.60
4.91 3.08
2.28
1 8
5
0.73 6.33
0.44 2.43
0.61 1.84
1.15 3.62
0.59 3.33
2.74
3 9
3
3.04 9.04
0.73 7.21
1.76 3.18
2.16
18 13
1
12.06 3.57
2.98
4 15
2
3.13 5.98
2.09 3.83
4.21
14 2
1
4.38 0.66
1.98
17 8
1
5.82 5.01
2.30
3 18
3
2.13 1.92
3.15 12.74
1.69 13.82
3.72
19 17
4
16.13 14.20
15.70 9.42
0.51 13.14
15.66 6.59
4.23
7 4
1
3.63 4.07
3.71
8 10
5
2.77 8.45
4.57 8.15
3.70 7.21
0.97 6.41
8.23 8.38
2.08
5 8
3
1.97 5.67
0.36 3.65
3.81 3.47
1.72
6 16
3
6.09 8.40
4.55 3.60
2.62 10.74
3.23
1 3
4
0.98 2.84
0.57 3.11
0.85 0.64
1.01 0.59
3.36
12 3
2
11.13 3.15
6.23 1.68
3.00
11 6
2
0.85 2.69
10.57 2.12
1.65
7 12
1
4.19 12.12
1.98
18 3
5
1.31 2.63
5.50 1.36
18.05 0.53
17.67 1.92
8.64 3.05
3.94
20 18
2
9.01 13.55
7.19 13.21
2.31
1 12
4
0.85 0.33
0.70 9.93
1.21 0.73
0.35 9.22
3.22
16 19
2
3.11 8.76
9.38 14.99
2.95
5 11
3
1.67 4.86
1.77 9.72
1.94 9.38
3.02
18 17
4
12.57 12.44
14.89 9.54
12.74 1.94
9.74 7.48
2.68
14 17
4
4.85 13.51
6.21 3.02
13.14 0.56
13.61 3.98
3.47
5 13
2
1.10 11.59
1.34 2.35
2.18
16 14
3
12.96 7.22
4.15 8.16
6.56 8.41
2.21
11 19
4
9.63 14.05
1.64 16.09
1.47 17.75
7.73 5.84
2.38
3 4
5
1.17 3.62
3.23 3.66
2.89 3.45
0.67 3.79
2.98 3.68
2.54
8 5
4
4.76 4.48
7.09 4.84
6.61 1.96
5.87 3.41
2.07
16 6
2
2.61 4.08
7.31 5.76
3.14
6 3
4
1.99 0.70
4.18 0.55
2.18 3.05
1.32 0.36
4.48
18 15
2
5.79 6.15
12.13 1.45
2.55
14 8
4
13.58 6.53
13.09 0.78
10.50 6.75
9.32 0.93
2.43
10 10
3
9.42 6.36
2.80 6.45
8.06 7.97
4.15
13 17
4
6.23 2.65
11.97 15.51
3.81 8.55
9.52 16.82
3.31
1 20
5
1.24 1.79
1.20 14.32
0.76 20.15
0.72 14.38
0.48 19.81
3.39
13 2
1
11.13 2.22
4.12
13 18
3
5.77 0.43
6.12 4.80
11.18 8.59
3.59
16 14
2
12.49 13.38
1.51 11.16
2.70
3 15
3
2.77 3.93
1.45 6.19
3.00 9.45
4.39
7 10
4
7.06 3.05
1.60 2.50
2.93 1.04
4.93 10.22
4.00
18 15
4
12.95 12.21
7.67 10.45
5.61 15.11
1.64 14.38
4.11
11 16
5
7.72 0.54
7.36 5.80
8.20 13.49
8.75 3.49
11.05 11.53
2.21
7 12
3
0.86 12.16
7.01 1.77
5.72 10.50
4.12
12 8
2
11.84 7.87
2.65 4.06
3.90
17 14
4
5.11 14.11
8.82 12.61
16.93 2.77
3.04 10.02
1.90
3 13
3
2.70 3.32
1.12 11.67
2.22 10.97
2.18
18 8
5
8.76 4.59
4.30 6.57
17.69 5.55
2.22 2.76
2.41 4.94
2.16
5 11
4
2.92 10.55
0.72 7.42
3.43 10.80
4.65 10.30
2.47
19 12
1
16.00 10.06
3.64
15 3
4
9.14 0.87
4.02 2.48
10.56 3.11
13.72 0.39
2.10
8 15
1
7.72 4.37
2.71
16 4
1
10.15 1.20
2.20
2 6
4
0.75 4.64
1.84 5.86
1.45 6.11
0.59 0.65
2.87
14 4
1
12.83 1.15
2.64
1 17
4
0.69 9.86
0.63 5.68
0.81 2.50
0.92 7.92
2.92
5 20
5
2.13 2.70
4.15 0.85
0.89 14.88
2.63 12.83
4.39 18.39
2.59
11 12
1
8.05 3.35
3.04
12 17
5
2.16 4.80
5.52 4.80
2.42 7.43
5.36 5.77
7.20 15.22
3.54
5 13
3
0.41 5.66
2.94 2.86
4.78 12.65
1.76
14 12
2
12.97 9.18
7.23 6.87
1.68
17 10
2
13.34 2.11
12.93 6.10
3.08
17 11
2
13.30 6.22
3.63 10.33
3.36
14 17
4
5.03 2.95
13.51 6.48
12.72 2.63
11.73 12.55
2.74
8 5
5
5.76 4.79
5.47 0.63
0.73 5.21
5.83 2.72
5.95 0.95
3.20
8 8
5
4.43 5.54
2.02 7.78
4.32 4.39
3.22 5.63
7.81 2.83
3.10
8 5
1
7.18 0.46
2.04
17 15
2
0.89 14.73
1.18 8.47
1.60
8 2
2
4.01 1.71
2.42 1.70
2.32
8 14
2
4.79 10.59
1.07 13.43
4.30
6 9
1
1.18 2.20
2.03
20 12
5
13.79 6.65
4.14 8.06
8.89 10.62
6.82 2.18
10.90 0.53
3.87
6 9
3
6.20 1.37
1.18 2.06
6.19 8.40
2.20
16 5
3
0.44 4.18
9.53 4.43
15.74 0.45
1.75
4 7
5
4.17 6.38
3.17 2.69
2.42 5.99
2.76 5.48
3.68 2.34
4.34
4 3
4
4.15 1.58
0.36 0.95
2.40 0.98
2.24 2.72
1.77
14 7
5
10.15 2.71
8.99 5.48
5.12 1.65
8.66 6.97
10.74 6.38
3.19
20 13
2
3.96 11.51
15.96 0.57
2.07
1 8
3
1.08 8.00
0.74 0.35
0.71 3.40
2.68
17 8
5
6.74 0.87
16.94 6.24
2.63 3.58
16.94 3.83
4.97 1.78
4.30
15 2
3
0.38 1.02
8.22 1.55
4.45 2.09
3.65
4 3
2
1.10 2.64
2.20 2.72
3.74
14 10
5
5.46 3.85
2.03 5.20
10.80 8.10
10.31 0.46
9.34 8.12
4.04
12 16
4
9.70 11.90
4.50 10.66
6.93 15.70
1.62 5.66
4.23
20 2
2
2.79 0.54
11.01 1.08
2.79
13 4
2
1.76 2.94
7.50 2.42
2.93
10 14
3
4.31 10.97
7.55 8.53
6.92 5.33
2.23
1 16
4
0.43 10.04
0.82 5.65
1.21 6.64
0.49 10.21
3.74
8 15
1
6.98 6.61
1.75
14 14
1
0.44 12.15
3.12
3 10
3
1.35 0.59
0.65 6.47
1.94 5.43
2.28
4 5
2
2.08 0.31
2.71 5.15
2.88
19 16
3
1.36 10.41
14.23 8.85
13.22 6.80
2.64
14 2
2
8.57 0.75
3.94 0.89
1.82
19 2
1
17.10 0.43
3.83
20 3
2
7.33 2.00
10.19 2.64
1.56
1 10
5
0.88 2.02
0.59 3.95
0.76 4.44
0.36 0.88
1.16 9.82
2.14
17 10
1
16.55 3.50
2.07
15 10
4
12.40 9.56
7.90 6.31
5.18 4.15
9.17 7.10
4.05
16 12
2
12.51 3.79
12.54 11.69
4.18
14 16
3
4.05 13.07
4.89 2.42
4.51 12.96
2.96
2 5
5
0.79 4.67
1.53 4.11
0.83 0.52
1.61 4.34
1.13 4.15
3.86
17 14
5
6.85 7.20
14.18 4.88
8.10 6.42
1.61 0.31
8.69 3.54
3.02
1 14
5
0.88 2.99
0.48 9.65
0.35 2.92
0.65 8.58
0.94 5.83
3.93
3 16
5
1.43 10.51
2.77 14.48
1.38 7.43
2.59 10.74
0.78 12.00
3.05
20 19
4
10.73 11.70
10.69 8.96
12.73 3.24
15.07 3.05
2.37
19 13
5
12.48 12.39
5.53 9.37
9.76 5.55
2.91 10.57
17.85 7.42
2.28
16 19
4
7.91 13.67
14.69 3.13
14.39 1.99
16.08 6.70
4.21
3 16
3
0.39 9.59
2.24 12.50
2.32 14.59
2.65
15 5
2
12.42 3.61
8.33 0.61
3.91
16 7
2
16.23 6.39
4.85 5.36
1.87
13 16
2
6.57 3.72
7.37 2.97
2.01
4 12
2
3.86 5.72
2.32 5.90
3.77
7 17
2
0.88 16.46
4.76 5.40
2.80
16 13
1
12.20 11.37
4.34
8 10
4
0.85 1.53
7.43 9.71
2.09 4.12
2.42 7.91
3.42
10 10
4
1.19 5.39
2.81 2.50
4.65 5.76
7.97 3.31
1.60
1 8
5
0.82 1.88
0.67 3.41
0.90 7.45
1.08 1.45
0.63 3.81
3.88
20 14
2
10.99 8.58
2.43 13.53
1.64
6 4
3
1.81 0.85
2.39 3.06
2.61 3.73
2.27
11 18
5
0.40 15.80
8.90 3.09
10.55 17.84
7.07 4.81
5.91 8.94
2.15
7 17
3
3.71 2.86
0.39 13.02
4.34 6.10
1.99
11 11
2
4.30 6.34
4.16 5.18
3.33
10 19
2
2.53 12.91
1.04 5.83
3.72
17 7
2
9.57 4.71
7.03 6.84
2.64
14 8
3
9.16 1.97
4.32 5.67
0.68 2.08
2.28
4 9
2
1.67 2.81
2.18 2.11
3.65
17 9
1
10.23 0.94
2.35
4 15
3
3.47 3.31
0.41 13.93
0.41 4.63
2.95
2 19
3
1.77 0.98
2.14 15.20
1.19 10.65
3.29
9 12
5
5.04 3.90
2.86 10.71
2.35 10.57
1.14 3.99
6.90 7.18
4.28
15 6
1
11.66 1.77
4.17
5 8
5
4.57 1.80
2.64 0.60
2.65 5.73
3.85 3.46
1.23 5.75
2.64
15 8
1
11.60 3.46
2.73
20 20
4
12.74 1.68
0.40 14.50
11.23 5.42
8.98 11.17
1.87
2 5
3
1.21 3.64
1.04 2.80
1.38 0.34
2.24
13 12
5
11.77 9.90
11.04 9.05
11.44 6.64
2.62 0.88
10.80 5.88
2.34
14 15
4
5.43 4.75
13.54 9.49
10.92 5.03
1.04 3.17
2.41
12 14
3
5.70 12.99
6.41 8.38
4.78 11.77
1.84
16 2
4
9.16 1.50
7.90 0.54
15.22 1.97
7.49 1.48
2.40
2 15
4
1.36 9.15
2.14 3.39
1.99 11.49
1.84 14.74
2.30
19 17
4
18.40 3.93
14.03 15.85
10.82 12.83
8.52 13.89
2.06
2 14
3
1.71 1.43
2.02 12.94
0.31 12.81
1.56
16 7
1
13.01 1.39
2.62
14 17
3
9.35 8.42
2.36 10.83
6.15 3.66
4.13
3 14
2
2.50 7.99
2.42 3.83
1.96
13 7
2
11.14 6.32
7.23 4.96
2.24
10 1
4
8.89 0.32
5.20 0.48
3.33 0.93
2.61 0.89
2.02
19 1
4
8.73 0.34
2.06 0.85
12.90 1.07
3.39 1.14
3.46
20 6
3
0.81 6.08
18.48 0.97
6.48 3.47
2.92
12 13
5
8.75 10.77
9.97 11.44
7.74 4.71
9.19 3.09
11.95 11.31
4.48
6 5
1
3.05 3.30
1.80
18 4
5
4.68 1.92
1.52 4.02
11.95 1.63
1.83 1.03
13.18 1.93
1.50
18 10
1
8.17 4.85
3.42
20 14
1
16.82 1.02
4.35
5 20
4
4.00 7.44
5.17 2.65
3.50 13.68
2.81 4.17
1.66
1 3
1
1.21 3.12
3.55
3 11
5
2.00 3.08
1.45 0.32
1.88 3.36
0.44 8.90
2.55 3.87
1.60
16 8
1
9.78 3.24
4.30
6 6
2
3.58 4.98
4.35 2.31
2.16
19 5
2
10.14 4.01
3.59 3.04
4.18
6 14
5
4.74 7.34
2.18 6.22
4.99 8.93
2.46 0.50
3.70 6.45
4.08
8 8
4
2.96 7.03
7.03 4.54
3.04 3.59
7.77 1.95
1.91
19 20
3
1.08 8.64
9.37 4.30
1.41 0.57
4.42
17 1
2
10.37 1.24
6.77 1.02
3.94
16 1
1
15.71 0.37
4.44
4 3
2
0.36 0.84
0.94 2.94
4.07
7 5
3
0.47 0.76
0.60 1.08
4.22 1.98
3.81
13 6
5
9.72 0.94
2.64 4.90
0.60 4.96
11.24 2.88
4.88 4.82
1.77
19 19
2
12.95 18.50
12.04 17.48
3.80
4 1
2
1.66 0.37
3.32 0.49
3.71
8 5
5
3.10 4.61
7.62 4.20
3.66 3.84
7.92 2.95
0.40 1.57
3.06
11 16
5
3.53 7.21
2.53 7.00
8.35 15.91
8.57 11.61
6.12 13.98
4.21
20 11
1
4.54 4.80
4.47
1 12
2
0.51 4.52
1.02 10.63
1.96
20 10
5
19.14 10.16
18.35 1.40
18.16 7.87
18.02 2.19
18.08 7.82
3.52
4 18
2
3.75 11.68
3.97 14.23
3.78
2 4
5
1.43 0.80
0.57 2.34
2.09 3.38
2.14 2.80
1.78 2.96
2.24
2 9
5
1.37 1.36
0.60 4.18
0.72 4.01
1.82 0.42
1.09 2.50
4.39
17 5
1
11.23 1.15
1.93
5 10
5
3.72 8.97
4.12 1.66
3.19 1.11
0.57 0.40
2.65 0.62
4.18
16 14
1
3.09 12.06
2.65
16 20
4
6.42 10.17
10.30 16.68
9.05 13.51
13.12 11.48
3.74
10 20
4
1.48 13.21
4.38 17.06
10.02 4.95
6.53 10.63
1.55
14 10
3
6.08 3.95
11.75 2.11
5.94 1.75
3.02
8 2
4
7.90 0.72
5.03 1.45
4.86 0.72
5.22 0.80
2.85
1 13
2
0.88 9.45
1.11 3.24
3.17
1 19
3
1.03 7.07
0.53 8.23
1.15 0.75
1.80
12 11
5
7.55 6.98
4.51 0.47
4.00 10.14
10.11 1.35
8.65 0.85
1.97
17 20
2
5.32 14.43
9.60 6.12
4.13
3 18
3
0.91 11.14
0.57 0.91
1.43 5.77
1.73
14 16
3
6.38 6.17
1.97 10.32
5.34 3.42
3.32
5 10
2
1.59 7.30
3.44 7.82
4.30
10 6
1
9.37 1.69
2.22
13 4
3
5.69 2.59
3.67 2.01
12.54 1.06
3.02
12 13
3
2.19 5.48
5.59 8.81
8.39 8.91
3.27
2 5
3
0.41 3.84
0.92 3.73
1.39 0.33
3.89
8 8
3
7.42 2.55
6.59 7.78
7.07 2.59
3.30
1 1
5
1.16 0.60
0.69 0.94
0.31 1.20
0.40 1.06
0.79 1.19
4.17
15 10
5
13.70 5.75
5.91 1.92
10.00 2.56
3.56 9.62
0.49 6.40
2.52
13 15
1
10.02 10.09
3.61
17 11
3
14.88 9.42
2.79 10.02
14.92 10.16
3.83
4 20
5
0.78 19.77
0.87 17.20
2.64 10.36
0.78 16.39
3.59 8.64
4.00
8 20
4
0.65 3.41
6.37 17.86
6.39 18.83
3.40 7.41
3.14
3 3
5
0.96 2.41
1.87 1.93
1.01 2.91
2.78 3.21
1.40 1.96
4.33
11 7
4
6.54 2.97
8.00 5.95
3.45 0.46
7.11 6.07
3.12
4 8
1
1.47 5.73
3.60
16 12
3
13.66 4.37
4.06 7.97
8.14 8.50
3.00
3 11
3
2.51 2.21
1.51 6.53
1.69 10.22
2.35
8 10
3
6.59 6.95
2.81 4.43
4.85 5.73
1.71
19 19
1
9.47 12.52
4.00
10 17
5
0.76 5.52
9.88 5.54
8.24 1.37
2.40 8.71
8.74 11.61
1.88
20 6
5
4.07 3.64
13.17 1.33
3.30 0.89
18.53 1.82
11.51 5.75
4.25
10 7
4
5.17 4.13
2.20 6.01
1.36 6.36
1.68 2.02
1.59
1 5
5
0.58 2.54
0.62 0.83
0.49 4.40
0.90 4.95
0.59 1.95
2.81
3 1
5
1.10 1.05
2.84 0.59
0.77 0.69
1.32 1.03
2.43 0.34
2.44
16 14
2
9.31 10.86
1.46 6.68
2.33
15 7
2
3.18 5.43
11.12 0.90
1.82
8 12
5
1.02 12.14
7.84 0.73
1.59 8.03
0.46 4.14
3.06 10.79
1.55
19 6
1
1.55 4.33
1.95
1 17
3
0.58 5.78
0.85 12.70
1.09 9.15
3.84
2 7
4
1.19 2.17
1.13 6.51
0.51 6.68
0.67 0.82
2.63
14 9
2
7.22 2.72
11.43 1.37
3.74
17 1
2
15.43 1.24
10.99 1.07
2.22
12 3
5
9.13 2.93
5.10 2.01
5.32 1.85
1.19 2.87
8.94 2.42
1.88
14 18
2
5.15 8.22
12.54 5.32
2.82
13 3
5
7.88 2.01
8.30 2.35
1.47 2.47
3.66 0.65
5.43 2.23
3.98
3 18
4
1.21 10.99
3.24 15.20
0.45 3.07
1.35 14.31
3.15
13 4
4
3.51 3.96
7.61 1.11
3.42 2.85
11.71 4.22
1.92
10 12
4
6.90 9.82
5.89 10.50
6.79 1.36
0.91 9.85
3.09
5 13
4
3.63 1.55
2.06 13.16
4.11 6.96
0.59 11.32
3.83
11 15
4
0.51 10.06
7.66 7.35
4.55 2.20
4.08 11.46
3.36
3 1
2
0.57 0.61
1.21 0.47
3.67
11 19
2
7.19 0.43
4.12 7.44
3.14
5 14
2
1.30 5.46
5.21 8.04
4.05
6 17
4
1.43 11.99
5.33 13.63
2.15 0.69
1.83 11.05
2.99
2 15
5
1.52 0.32
2.12 4.54
1.57 5.48
1.12 14.17
0.87 1.86
2.37
5 12
2
2.38 1.45
5.16 7.46
4.06
12 15
4
8.16 14.83
10.50 9.75
7.48 2.18
6.33 3.60
3.55
20 20
4
8.40 5.93
18.68 9.09
11.41 2.81
11.81 4.39
3.12
11 20
5
8.69 9.66
6.32 11.22
3.97 12.52
0.35 5.97
4.51 11.84
2.70
16 11
3
7.64 7.58
3.48 10.84
4.07 6.56
3.30
4 3
3
0.36 1.86
4.18 1.12
2.75 2.70
3.01
1 9
2
0.42 4.20
0.91 2.89
1.51
9 17
5
8.52 14.94
0.73 10.51
6.97 2.45
5.99 12.00
3.66 4.22
2.31
6 7
1
5.43 6.00
3.12
17 8
3
11.47 1.67
15.78 4.44
8.17 7.02
2.23
6 20
1
4.69 17.12
1.65
7 6
2
1.24 3.48
5.55 3.65
3.89
12 8
3
5.48 5.16
6.19 3.46
11.88 3.85
2.38
15 3
4
5.96 2.14
4.00 2.15
2.16 1.16
2.01 1.11
3.85
17 6
1
3.79 3.72
1.82
7 8
2
2.58 7.06
1.21 6.68
1.67
17 15
3
12.57 10.97
8.02 12.22
3.88 14.75
4.09
5 20
2
1.33 5.22
0.89 12.10
2.73
2 8
3
0.64 5.59
2.00 2.01
1.17 3.64
2.84
18 18
2
15.22 11.13
9.30 2.99
3.23
5 10
3
1.09 4.09
0.84 9.52
4.20 0.40
4.46
7 2
3
5.94 2.11
0.31 1.14
6.56 1.71
3.34
20 10
3
19.66 8.72
0.48 6.45
17.11 5.69
3.57
18 10
1
10.71 1.65
4.02
16 17
4
0.59 15.08
6.96 7.67
8.31 10.86
11.05 1.74
3.15
1 5
1
0.51 2.87
3.42
20 13
5
13.09 10.84
12.97 2.41
6.18 1.38
16.21 9.58
10.06 11.71
3.64
9 17
1
8.42 6.89
4.16
5 7
1
1.69 1.38
4.06
12 15
2
0.72 4.69
3.35 3.38
2.80
2 18
5
0.46 7.90
1.02 0.33
1.94 2.64
1.32 9.13
2.13 2.39
3.98
17 15
2
12.78 4.53
16.76 9.19
2.44
4 7
3
2.78 4.80
2.01 3.14
3.66 4.57
3.46
5 6
2
3.93 2.62
3.45 2.30
2.02
6 7
2
0.56 1.42
1.50 0.80
2.56
12 7
4
1.61 0.31
6.15 3.98
3.59 1.64
8.65 0.36
4.49
1 18
2
0.42 4.93
1.03 9.16
2.53
10 10
4
8.01 2.61
8.45 7.46
1.16 5.75
5.04 5.36
2.20
4 18
2
2.08 2.78
1.72 9.68
2.19
4 10
3
3.59 6.03
2.78 2.63
3.15 2.69
1.56
17 7
3
5.78 3.38
2.87 5.49
10.69 6.11
1.61
13 12
1
5.75 3.83
4.21
3 2
3
2.11 1.14
0.38 1.55
2.07 1.04
1.75
16 6
5
12.07 2.04
10.77 1.43
1.16 4.17
0.56 3.15
11.07 2.06
2.97
11 3
3
9.63 1.88
5.72 2.50
1.31 1.23
2.31
19 17
5
8.33 12.62
7.72 2.11
16.70 4.84
10.30 8.74
2.12 12.95
3.67
8 7
3
2.81 5.70
3.45 5.59
8.07 4.15
1.78
17 20
5
16.84 18.96
5.89 17.56
0.34 0.90
11.58 5.88
0.82 8.33
2.79
1 19
2
0.64 12.23
0.69 3.19
3.12
6 1
3
3.00 0.90
1.15 0.52
0.57 0.43
3.86
13 10
5
3.39 0.68
9.30 1.61
1.09 5.04
2.31 6.43
2.46 3.82
4.06
14 13
4
0.55 3.83
13.13 10.61
1.21 0.94
2.95 3.84
3.88
5 16
1
3.76 10.40
1.97
1 10
5
0.63 2.34
0.49 7.67
1.01 1.81
0.85 6.46
0.57 4.40
1.54
2 19
5
1.52 4.67
1.07 15.93
1.74 16.23
1.80 14.37
1.86 6.62
2.41
16 15
2
5.85 5.66
11.96 12.13
2.25
5 2
2
3.67 1.35
3.97 1.62
2.75
10 16
2
5.89 6.13
8.69 4.14
4.14
3 16
4
1.43 9.92
2.02 2.67
2.66 11.49
0.71 12.47
2.46
20 14
1
6.90 7.16
3.34
13 18
4
4.90 6.71
1.47 13.49
11.88 2.73
12.24 12.34
2.22
2 2
3
1.91 2.18
2.22 0.36
1.48 0.95
2.12
2 20
1
2.03 2.89
1.81
9 13
5
3.59 0.82
5.98 7.98
6.20 2.49
4.41 4.17
7.33 8.84
3.83
10 13
1
3.90 1.71
3.37
3 9
3
2.14 7.50
1.11 6.77
1.60 5.98
3.66
10 20
5
5.21 2.43
8.37 17.34
5.85 20.10
0.83 7.58
1.12 9.84
3.23
16 9
2
11.17 0.42
4.12 6.17
3.58
4 19
1
2.07 1.84
2.91
1 20
3
1.05 15.94
1.21 17.22
0.57 16.32
4.22
2 13
1
0.68 12.02
1.87
7 17
5
3.44 11.55
6.98 5.79
3.40 17.00
6.93 8.06
4.84 8.45
1.80
8 4
1
3.34 4.08
4.37
15 5
4
14.04 3.21
9.43 0.44
9.65 1.33
8.87 3.24
2.94
20 8
5
7.34 3.74
11.14 1.30
17.34 7.32
5.35 6.91
9.97 4.78
2.78
12 20
5
2.65 12.04
9.74 12.39
3.67 14.09
7.22 20.03
5.56 6.76
2.45
5 15
5
2.38 0.60
3.85 14.00
2.45 10.15
0.87 2.58
0.33 5.38
2.57
7 16
3
4.65 3.62
6.76 1.62
3.73 14.03
2.60
4 7
4
1.39 3.99
3.21 5.17
0.76 2.20
3.43 4.44
3.24
5 12
5
3.23 3.61
4.04 2.93
5.17 1.13
1.11 2.86
3.57 7.53
3.53
7 15
1
0.85 10.74
4.39
7 2
4
5.33 1.01
7.03 1.99
3.85 0.59
5.62 0.60
3.49
5 8
4
0.73 7.21
4.67 0.54
3.69 6.49
5.00 6.39
3.65
1 8
4
0.99 7.13
0.68 0.36
0.32 7.75
0.82 1.67
3.61
10 9
3
7.44 4.24
8.64 5.57
2.14 3.33
4.08
3 12
3
1.67 0.88
1.83 2.01
0.99 1.07
3.21
10 2
4
5.38 0.30
4.50 0.33
5.19 2.20
3.66 0.48
4.17
9 14
3
2.99 5.12
1.43 13.61
1.70 5.87
3.44
3 8
4
1.11 2.99
1.59 2.65
0.86 3.36
2.81 1.06
3.57
15 16
3
5.48 12.64
2.15 7.76
2.02 10.58
3.83
10 14
1
7.63 12.04
1.56
20 4
5
2.65 2.86
14.13 3.32
7.62 2.13
10.99 1.64
18.75 0.46
4.39
6 20
2
5.65 10.79
2.50 3.82
1.69
7 15
2
2.95 12.60
4.66 2.99
3.30
13 18
3
2.53 13.51
10.51 17.12
1.80 5.51
2.47
3 16
4
1.99 6.55
1.49 11.31
1.39 4.88
0.79 11.37
3.21
2 11
5
1.18 7.51
1.37 10.88
1.58 3.53
0.80 9.34
1.86 5.18
3.53
18 11
2
17.90 10.68
15.68 10.41
2.19
9 18
5
6.83 9.20
2.84 17.42
3.78 5.79
1.45 10.56
4.70 3.57
1.72
10 12
4
1.50 11.78
9.23 10.37
1.33 4.04
7.61 4.58
1.98
2 14
2
0.55 4.13
1.00 12.58
2.89
2 20
4
2.11 16.62
1.68 9.80
0.35 2.48
2.20 19.67
3.69
19 1
1
7.92 0.76
3.38
1 16
2
1.18 3.00
0.62 11.58
1.66
17 17
2
0.34 4.66
13.15 2.22
3.80
15 6
3
9.81 1.17
10.07 6.06
7.31 1.02
2.05
14 14
4
0.78 9.75
7.53 1.82
7.12 12.01
11.68 3.70
4.07
15 13
3
12.41 7.21
12.31 9.54
4.57 10.14
3.81
11 3
2
1.09 1.90
4.17 2.16
3.60
3 18
3
2.44 7.49
0.85 1.56
2.98 8.75
1.89
20 5
1
1.69 3.58
4.36
9 1
4
8.46 0.60
8.23 0.55
7.75 0.79
2.44 0.81
2.47
14 4
2
4.93 0.59
3.15 2.90
2.58
3 1
5
3.17 0.31
1.01 0.48
2.23 1.10
0.62 1.00
1.13 0.96
3.92
4 10
4
3.12 8.98
2.41 3.78
1.00 3.31
2.48 8.38
4.44
9 19
2
8.43 2.44
2.88 14.35
2.42
9 10
2
3.74 6.84
4.71 4.49
3.28
3 13
3
1.72 2.78
0.93 6.91
1.07 2.53
4.32
19 7
4
8.60 0.67
17.38 6.87
10.33 7.07
7.72 4.17
3.64
12 4
4
11.78 2.94
2.87 2.01
2.78 4.23
1.01 2.93
1.55
18 10
3
17.35 8.75
5.76 7.32
18.07 7.77
2.05
13 18
5
4.68 3.98
0.77 10.91
1.73 13.89
2.84 13.41
1.37 15.71
4.30
9 12
4
7.44 5.31
7.82 3.90
8.88 2.21
3.68 11.49
3.69
15 9
4
15.13 4.49
9.66 2.31
1.49 2.30
12.79 2.45
3.77
18 9
1
0.53 7.92
1.75
10 17
3
5.51 0.49
1.66 1.33
5.52 2.65
2.15
12 10
3
4.00 9.23
5.53 6.36
11.17 2.21
3.38
7 20
5
7.19 16.61
4.13 17.89
5.14 8.96
1.55 2.86
6.88 18.09
1.94
14 11
4
13.36 8.77
0.74 6.53
10.91 10.23
9.35 8.07
3.43
4 20
2
3.74 9.76
0.40 6.41
2.97
11 17
4
1.80 13.20
5.61 14.98
10.34 2.90
7.20 1.11
1.87
16 7
1
3.21 4.89
1.78
12 11
4
7.65 9.35
7.41 10.35
3.05 2.16
10.88 10.30
3.23
11 4
5
3.04 3.72
3.64 1.51
6.36 3.32
2.70 2.76
10.38 4.00
3.89
7 7
3
6.69 6.74
1.13 1.96
6.53 1.18
3.68
14 14
1
2.54 11.01
2.50
15 5
2
9.66 1.83
2.75 0.65
2.54
20 7
4
15.21 5.44
13.64 2.41
16.05 6.90
7.63 4.42
2.14
17 20
4
13.58 15.03
7.87 8.65
4.84 0.66
14.12 12.15
3.84
8 19
3
4.15 16.00
4.66 10.80
2.11 5.80
1.55
11 1
5
8.90 1.16
0.94 0.64
6.94 0.40
3.99 0.58
1.40 0.92
3.86
12 9
2
1.83 3.35
5.58 4.46
3.01
6 5
5
4.61 2.46
2.49 2.55
4.17 5.01
0.47 3.77
1.76 1.68
3.47
18 11
2
16.45 1.66
1.16 4.30
3.19
1 2
3
1.21 1.55
0.95 1.52
0.71 1.82
3.45
12 8
2
10.32 7.07
4.22 5.44
3.81
13 8
3
4.08 3.69
7.84 1.52
7.12 6.76
3.16
7 5
3
3.14 1.14
6.30 0.51
1.79 2.39
4.03
9 18
1
5.09 13.69
3.48
4 2
4
3.98 1.52
3.90 0.97
3.86 0.64
4.04 1.52
3.26
13 15
1
1.56 1.41
3.31
15 10
2
6.35 1.39
4.21 8.05
2.47
13 19
5
6.13 4.18
8.39 16.22
2.32 3.16
0.95 5.75
12.04 14.21
2.10
10 15
4
9.62 10.78
8.38 10.48
4.74 13.82
4.74 5.68
2.80
6 18
4
3.74 8.78
2.69 17.95
6.05 13.49
2.02 8.54
3.68
9 3
1
3.86 3.14
4.31
12 11
2
12.11 2.65
5.08 7.62
2.26
5 14
4
1.88 12.66
3.62 4.53
4.82 8.74
5.20 2.38
1.61
1 15
3
0.51 3.12
1.20 11.85
0.61 2.01
4.01
5 20
3
1.36 5.20
4.75 1.67
1.21 10.98
2.04
7 15
4
0.66 10.65
6.72 0.81
4.91 14.56
7.24 1.50
3.96
4 20
4
3.05 12.47
4.15 13.72
0.56 16.78
2.62 0.38
1.84
11 16
1
2.74 6.50
3.84
15 13
1
3.84 7.50
1.63
7 8
2
6.51 7.50
3.31 0.64
2.87
9 18
1
4.30 2.98
2.90
2 12
4
0.86 6.18
1.58 7.81
2.21 12.21
1.09 6.34
2.24
19 9
1
18.50 1.11
3.35
4 20
1
0.85 4.42
2.67
14 10
2
3.43 2.64
11.40 2.45
2.69
7 2
2
1.32 1.85
4.38 0.85
2.97
16 5
4
1.22 2.57
14.42 0.60
1.47 0.41
3.45 0.39
2.82
15 20
3
2.41 17.84
7.08 15.36
1.09 1.55
4.32
20 20
1
12.17 4.81
3.72
20 7
3
3.15 5.04
3.87 1.58
20.19 6.75
3.81
17 7
5
15.63 2.81
6.20 2.60
3.69 6.47
11.76 1.82
16.64 4.78
2.01
17 19
2
7.85 8.05
16.70 7.06
2.93
15 20
3
6.08 0.76
5.86 16.48
8.41 3.78
3.46
2 18
4
1.72 13.40
0.67 16.46
1.90 1.38
2.24 6.31
3.00
3 12
3
2.56 10.14
0.32 4.16
2.91 1.24
2.30
17 14
1
0.71 1.03
3.74
3 5
5
2.75 2.00
1.90 1.13
1.80 2.12
2.62 4.22
1.84 1.10
4.03
6 12
1
5.36 4.78
2.40
10 1
5
8.02 0.95
4.57 0.46
7.89 0.69
3.69 0.93
9.03 1.08
3.57
20 11
4
3.32 11.05
8.30 7.68
19.62 0.89
12.63 0.35
3.92
17 12
1
14.10 11.41
4.19
7 3
4
6.57 2.70
6.35 0.73
2.12 0.55
5.63 2.02
3.59
2 8
1
0.95 4.36
4.29
11 6
3
7.47 3.04
5.65 6.22
4.50 2.17
3.76
11 12
2
7.95 3.31
2.14 5.90
3.35
20 15
2
4.36 11.81
17.41 2.24
2.29
6 3
3
5.80 1.55
0.33 2.10
2.88 1.60
2.10
10 19
5
9.21 5.50
6.07 2.76
7.70 3.10
4.88 4.03
9.77 1.53
3.33
2 20
1
0.33 5.43
2.09
17 12
3
8.78 5.24
0.62 1.14
14.43 2.65
2.12
9 15
5
4.14 15.17
3.86 10.84
1.72 14.60
3.77 2.16
3.78 5.63
3.16
1 15
3
1.19 6.46
1.09 10.70
0.89 8.16
2.17
11 4
5
2.64 0.57
3.82 4.04
9.49 2.45
5.55 3.96
10.14 1.07
1.69
2 16
2
1.61 7.14
0.87 3.81
2.21
17 1
1
6.67 0.32
1.81
1 13
5
0.81 0.98
0.89 4.47
1.00 0.34
1.03 6.99
0.36 4.22
3.45
9 10
1
4.57 7.74
2.00
3 20
4
3.12 9.93
0.38 1.42
1.69 1.45
0.82 10.39
3.10
19 6
1
5.52 0.92
4.37
20 7
4
9.21 6.78
4.36 1.95
18.90 6.54
11.32 5.30
3.46
3 2
4
0.84 2.24
2.00 1.11
0.57 0.58
1.76 0.44
3.53
9 7
1
3.10 6.91
1.79
11 6
1
5.42 2.90
3.08
18 14
5
16.99 5.75
5.17 4.18
13.96 12.56
7.53 10.47
1.55 7.74
1.90
9 7
2
2.88 4.93
3.44 3.03
4.42
12 18
3
4.40 9.00
8.44 0.56
10.99 17.36
3.64
17 5
1
8.11 1.31
3.80
8 6
4
6.86 5.60
2.56 4.07
4.51 0.31
7.47 1.30
1.97
4 3
5
4.04 0.65
3.81 0.31
2.31 1.76
4.17 2.15
1.39 2.88
2.63
11 9
3
5.51 7.85
5.03 7.04
9.17 2.47
2.65
9 9
1
5.23 5.33
2.54
5 6
2
4.73 3.47
1.43 1.50
2.72
4 17
2
2.56 9.16
2.62 10.58
4.08
11 2
3
9.59 0.78
8.55 1.88
5.21 1.40
2.79
17 12
5
14.36 5.80
17.15 9.93
12.74 5.78
1.73 6.70
3.74 4.00
4.42
12 3
4
2.43 3.04
11.71 2.53
0.52 1.98
6.37 1.46
3.26
15 7
2
4.37 2.73
9.03 6.24
3.47
5 14
2
4.57 2.22
0.54 14.18
1.51
14 3
5
0.95 2.87
2.65 1.09
5.65 2.75
13.44 0.79
9.23 0.77
3.82
9 3
3
5.21 1.97
6.30 1.95
8.44 2.53
2.66
11 11
5
1.63 1.15
7.09 4.19
7.37 4.51
7.39 1.58
0.82 10.47
2.62
11 18
3
10.12 5.41
1.77 6.49
6.09 12.07
3.00
20 16
2
5.32 9.89
19.55 0.58
1.84
18 14
4
12.79 10.57
2.39 12.14
7.17 13.31
2.46 4.67
2.96
1 2
5
0.55 1.08
1.09 2.05
0.50 0.88
0.86 1.11
0.53 1.24
1.59
16 11
5
2.06 1.24
3.53 4.07
9.95 7.13
8.92 6.16
5.66 1.46
3.00
11 2
2
5.01 1.49
8.46 1.87
2.90
20 16
2
18.63 3.60
6.85 14.46
3.31
2 3
3
0.92 1.91
1.32 0.64
0.69 2.21
3.24
19 10
3
6.88 8.22
1.49 9.48
7.00 1.86
4.49
11 10
1
3.91 3.43
1.50
10 2
3
0.47 0.64
4.17 1.23
7.51 0.50
4.21
11 15
1
4.93 8.73
3.64
6 6
2
0.56 5.37
3.45 3.94
3.04
17 3
2
1.22 2.19
11.83 1.80
4.02
11 2
3
9.13 1.64
9.69 2.06
7.71 1.36
4.23
15 13
5
1.14 8.37
10.99 11.97
5.18 6.62
4.46 2.42
3.79 8.84
2.08
15 1
3
2.18 0.67
1.63 0.43
10.61 0.59
3.10
7 4
4
3.82 3.67
2.71 1.58
0.34 2.86
4.70 3.33
3.22
3 16
5
1.06 10.73
0.88 1.80
0.87 5.20
1.74 6.53
2.32 3.33
2.84
*
