29 71
7
10 26 12 3 7 0 28 1
71 51
9
8 41 57 45 7 2 47 70 61 10
50 7
5
48 35 13 46 19 41
51 72
10
40 4 29 12 8 40 47 39 31 36 51
32 86
4
26 10 22 18 6
42 51
10
0 40 11 19 35 7 18 23 34 19 9
69 55
10
61 34 42 66 67 10 22 68 69 28 22
73 21
10
43 32 63 57 36 38 9 68 10 59 73
31 70
5
3 4 11 9 18 24
3 57
4
2 3 0 3 2
35 56
6
13 33 9 21 22 5 25
88 64
7
28 61 14 20 24 0 69 71
61 3
7
59 36 31 46 17 24 48 59
64 74
3
12 55 62 56
71 35
1
31 6
80 29
6
15 69 50 43 46 43 18
45 13
6
42 34 45 34 44 35 3
79 8
7
59 29 37 17 15 51 3 78
44 81
5
33 6 8 4 24 7
88 89
8
70 82 71 50 48 24 69 88 80
50 50
3
41 17 19 28
2 91
5
0 2 1 0 0 1
16 58
0
13
34 73
2
12 4 34
66 61
0
31
37 70
6
20 10 20 28 17 36 10
76 67
8
33 44 24 13 19 39 57 44 4
92 72
4
47 31 59 10 32
66 34
8
27 48 35 61 39 61 41 64 31
43 13
0
43
92 35
3
69 85 84 15
27 91
3
3 5 17 21
8 2
3
7 2 2 7
42 61
8
15 24 23 38 40 21 17 5 30
56 76
2
2 12 15
11 49
8
11 4 0 4 4 0 8 6 4
73 89
3
2 0 15 16
22 49
2
2 4 22
57 9
3
50 28 10 51
34 37
1
16 5
26 71
1
14 4
47 35
6
28 36 24 28 0 20 39
35 38
3
15 5 34 17
4 64
10
2 2 3 2 1 3 3 4 0 0 3
8 34
1
5 7
100 19
9
44 3 35 35 4 100 33 94 68 69
26 79
4
0 9 17 14 20
84 45
4
19 63 49 55 49
86 2
1
69 86
54 13
4
1 33 34 22 23
5735910 31205
6
99539 4312962 4032853 226183 3951093 3859024 5370830
9646254 57463
10
5680607 6597350 6731565 6154475 3175856 3404310 2211221 515 2401247 645972 3118737
4038515 91254
8
882213 2582819 1315501 2433138 3819697 2678419 304922 3228704 442124
3520580 28684
3
1007239 1110608 1274109 658847
8467499 88463
0
6203929
3970159 54802
2
528096 425984 2848570
9342166 20552
8
6189963 7168803 5632710 288768 3225890 9101806 639957 2193393 8876865
4092723 63651
8
2927503 3205903 2745370 205842 1955416 965835 3348112 92688 3264788
6033974 93326
2
5390727 2535996 3913922
6336974 24420
2
1577286 3106394 3985265
5366548 14697
3
4865071 2158240 1176127 1362141
5734292 77660
6
1456935 318588 307045 5646391 5019775 5285514 3718788
6369399 52664
10
1201515 5309396 1312150 2406147 5235473 486052 1658466 746570 615944 5220573 2010186
518619 35228
0
216191
3866201 68062
2
854371 3019800 3270055
6112325 99408
2
3759228 1972904 3690470
6184763 78774
10
5535458 40275 6062950 3988712 4504625 4565691 3737104 5440870 132930 2044288 5100786
957995 85684
4
20333 705866 46827 285011 862999
5197637 9456
7
776066 1277848 1167560 1872165 5008658 806342 4662317 4337655
1555385 21177
3
1204832 146461 1005935 660723
1071494 30700
8
314103 828894 269355 383008 318413 27359 730199 127733 283255
9437571 77954
0
8242051
1663682 22799
4
1171559 201418 37152 547329 1335677
9834105 91868
7
8620873 8057517 3866681 5987661 1018103 6930595 893133 9318823
7085237 53932
2
1238741 2509987 6966091
7797103 17109
4
3393884 1622887 1324472 5267989 1862067
2311107 83442
1
2240203 1606734
8150320 56374
1
6742003 5871749
7492353 44361
6
4268014 1542488 4541808 756885 6929855 4630973 6536406
7222686 75288
0
519029
9225240 27914
4
6551046 641581 8295776 2140448 8288078
4059761 16491
9
3794395 301729 64101 2977678 2963202 766029 2473188 1347723 2492719 3853765
6956831 88706
3
2821897 1228871 4920808 2218719
3171509 70243
6
2918172 437993 298762 1531713 2507258 255967 1720358
3582175 22378
2
918675 2285490 2997536
4902101 31405
10
1667523 1229209 1289403 3434493 1820125 1249470 1063610 2735288 636046 3757080 3395862
1064330 59426
5
384982 287078 188743 819461 90554 501004
2631944 37093
2
664473 2342054 1406888
3601346 45742
7
1053068 1397734 2504941 653984 2073943 930326 2352080 2304318
1488135 71236
0
1290794
5297571 19267
4
2608256 185019 189865 2955541 159258
8661302 71017
0
4707051
9880354 13688
0
3262665
4942106 59097
10
2797677 1036428 814043 3520131 437000 2397911 3682523 4535051 4486484 4507351 1795163
9041546 44354
2
5806799 8131556 1675364
5963961 32791
0
3206100
2766272 96035
2
5904 1659137 1044734
5760006 25863
6
4550073 5603873 1917879 3920837 4942778 913321 4494922
3974121 98741
7
1362928 116126 2170713 658583 1714527 1627540 1232497 1838547
8796301 17960
1
6318903 894717
0 0
