19 4 19
99 71 60 18 61 70 16 45 84 33 28 26 9 94 81 94 54 63 24
41 41 73 96 6 69 40 23 92 23 49 83 47 51 20 72 37 89 92
27 90 98 71 95 13 8 65 79 12 19 19 24 24 5 68 8 47 39
48 71 39 48 40 12 12 44 88 87 19 6 26 13 27 94 40 58 12
92 16 100 7 92 15 8 65 97 42 53 80 39 97 41 7 46 93 3
43 82 33 33 33 41 30 42 52 25 39 6 40 2 57 91 51 37 55
69 60 30 81 33 92 67 29 50 39 1 74 22 71 43 2 85 70 39
21 100 35 44 51 89 75 32 77 35 90 94 51 50 63 72 65 29 97
47 43 49 69 66 100 73 10 8 63 81 90 60 13 75 66 39 29 31
65 49 14 37 97 3 42 55 48 62 86 30 11 63 83 100 27 24 91
18 9 18 91 66 57 54 48 26 100 81 16 93 90 2 12 41 99 38
56 58 75 25 21 8 89 53 59 85 66 58 54 48 39 75 40 34 17
64 8 12 36 50 37 19 26 33 85 51 55 1 46 65 82 78 63 22
23 13 77 43 45 85 26 24 4 97 10 14 36 38 70 9 40 24 76
58 34 15 81 81 89 31 14 76 18 7 85 36 56 21 38 9 92 91
13 23 23 30 80 32 92 37 62 39 50 2 6 27 73 56 83 51 34
88 82 32 84 54 57 80 65 1 22 76 80 70 34 86 36 87 23 72
32 80 42 29 67 11 34 98 52 83 40 65 15 48 96 14 53 65 87
65 98 39 71 48 54 19 32 38 40 33 25 1 22 24 22 63 13 27
17 2
5 5
15 10
10 2
23 2 20
45 4 57 2 28 70 97 32 83 99 100 5 65 54 26 82 70 44 54 98 71 52 96
56 31 54 97 38 64 32 15 76 25 93 24 67 86 38 74 46 9 61 9 1 14 75
59 35 76 81 94 52 59 72 60 65 39 67 9 32 10 8 67 46 54 21 14 26 83
98 58 96 89 56 32 52 66 62 9 49 31 51 57 64 58 32 47 12 73 41 44 37
75 50 40 71 13 68 29 4 7 64 28 56 77 84 75 60 54 51 35 49 98 43 80
20 54 73 43 24 84 54 14 70 31 3 9 38 5 45 67 65 14 52 88 71 97 37
66 85 79 90 2 30 97 31 7 21 92 21 20 43 99 70 34 74 98 58 16 11 61
46 66 54 44 4 8 92 28 92 33 95 5 35 5 6 16 59 37 56 74 65 93 19
63 3 59 69 58 80 44 9 79 24 88 48 6 61 75 55 30 55 86 83 54 21 24
2 71 61 96 90 14 94 99 92 97 65 70 22 60 78 52 71 59 4 32 59 65 95
70 98 65 62 26 68 66 93 16 38 44 82 50 86 21 14 84 4 91 10 33 27 47
15 46 88 1 68 44 11 41 10 25 41 41 95 93 15 80 67 76 73 97 87 62 22
74 32 85 51 87 72 95 68 93 27 10 93 90 3 24 18 17 70 89 5 99 77 85
97 57 10 94 85 29 39 63 67 44 3 17 67 95 43 91 36 96 47 94 48 96 53
54 70 12 15 83 65 88 57 62 55 56 53 39 26 21 91 7 76 99 69 44 27 39
13 45 19 9 9 83 50 20 73 8 33 53 35 31 77 16 89 81 97 21 93 98 14
33 43 34 56 20 58 78 87 61 72 37 74 78 52 33 56 77 37 34 8 76 11 29
76 96 70 97 1 92 72 54 35 1 87 79 9 29 64 10 9 26 85 18 47 51 14
2 79 14 50 81 60 76 23 84 82 35 68 51 72 79 43 42 84 20 100 28 63 69
59 80 84 49 15 40 85 9 86 67 55 40 36 39 55 4 69 24 85 29 17 77 47
44 18 4 29 95 9 58 43 4 46 98 71 30 54 29 16 14 16 80 67 55 17 63
70 18 48 100 85 47 12 72 55 54 63 94 31 21 6 2 22 79 59 39 39 24 95
17 56 60 93 28 61 69 84 14 17 36 8 5 35 27 21 100 88 31 42 29 23 70
5 7
2 18
23 5 3
26 48 39 91 29 83 82 40 90 26 24 20 25 90 29 42 91 67 32 16 2 53 19
83 25 47 87 18 6 69 96 33 81 2 33 70 32 35 81 41 52 83 10 42 77 9
14 1 44 38 52 73 91 59 97 10 50 68 10 92 44 19 16 66 100 13 44 28 38
84 8 4 15 20 86 80 55 30 86 44 17 74 66 93 1 55 59 93 63 87 6 73
62 91 23 17 31 73 10 70 76 92 60 97 85 31 43 61 5 19 54 94 24 15 78
52 53 64 77 32 23 50 52 45 82 4 78 67 99 73 70 60 25 44 46 32 2 92
16 31 93 99 100 97 18 59 5 92 84 2 17 78 41 98 74 16 7 84 94 68 21
45 90 23 99 31 3 16 44 34 30 42 39 96 74 85 19 38 96 62 7 61 19 58
9 39 83 78 17 31 87 52 80 98 74 29 60 66 84 80 52 21 6 49 77 8 31
22 26 93 4 80 46 89 37 36 17 64 99 24 98 11 95 75 33 71 49 61 1 52
84 21 42 3 29 31 47 56 19 16 73 77 25 53 14 31 27 43 97 32 96 45 60
35 61 65 66 53 92 26 30 38 4 57 40 38 56 19 75 99 51 53 87 32 72 60
100 46 48 53 95 99 22 51 62 88 2 49 77 53 76 9 17 45 92 35 24 76 45
84 21 87 62 12 93 83 11 67 42 70 30 17 76 50 14 66 40 51 92 14 94 52
10 79 6 55 87 73 43 9 46 59 32 91 29 68 54 62 4 72 22 3 65 64 67
73 37 22 84 17 51 85 39 76 12 76 63 17 45 18 2 78 64 81 27 79 57 71
57 84 95 79 20 38 100 30 67 25 52 23 7 88 8 54 47 48 13 36 46 7 65
43 25 26 15 33 23 96 79 38 18 25 87 80 44 35 47 45 44 100 88 39 66 31
7 98 9 45 13 1 75 49 8 44 14 45 64 96 5 87 50 68 65 33 18 72 100
7 32 89 47 84 10 99 9 95 11 66 78 21 59 72 35 12 77 36 86 30 16 34
74 15 73 17 51 8 41 2 9 86 23 15 92 50 26 25 81 27 84 17 5 55 30
8 55 99 13 10 100 80 25 60 33 100 32 15 19 93 87 80 43 59 42 42 18 74
82 24 11 69 49 95 83 55 86 29 99 81 82 81 1 22 74 14 98 89 12 87 5
17 19
19 16
19 5
13 11
10 8
10 3 7
45 93 77 78 26 65 50 10 11 54
48 24 43 13 58 68 67 90 84 97
54 4 15 66 60 13 91 38 54 72
70 54 78 18 15 86 23 72 61 23
5 99 10 44 69 46 48 41 39 60
39 54 83 6 69 16 75 51 21 55
45 11 59 37 55 5 56 59 72 15
31 95 80 18 22 12 90 94 86 34
42 61 9 25 18 48 94 13 39 29
53 97 43 86 3 61 32 97 74 47
0 2
0 8
4 6
7 4 17
96 20 65 58 95 17 32
61 11 43 93 58 84 26
6 37 87 60 94 37 91
7 92 75 70 81 35 79
56 25 30 70 4 22 3
23 99 65 80 46 1 78
34 2 8 62 20 88 39
4 4
6 5
0 1
4 0
9 5 1
14 56 55 64 48 9 55 61 69
96 52 43 69 88 36 14 92 48
9 48 16 12 80 20 49 72 20
4 21 7 61 25 73 35 46 60
15 46 32 41 29 95 30 44 23
13 28 50 53 76 100 40 95 62
92 56 76 49 27 63 49 58 10
1 44 56 21 83 19 22 13 21
68 3 7 25 6 37 37 48 9
5 6
4 3
6 4
3 6
8 1
5 5 19
72 59 15 64 88
9 58 76 5 70
93 62 65 3 12
12 45 99 45 44
80 69 74 76 24
1 1
4 1
3 2
3 4
0 1
3 3 12
77 77 13
78 72 40
79 35 54
2 0
0 1
1 0
4 1 9
93 36 42 78
16 62 39 30
59 91 7 24
14 29 83 99
2 3
1 1 12
81
0 0
7 5 22
23 22 4 61 78 3 52
87 51 23 3 75 98 22
96 98 26 1 28 21 94
82 16 35 84 48 72 18
92 64 88 34 4 63 99
38 58 79 55 13 46 22
67 56 89 38 79 13 66
2 3
5 6
1 3
2 1
4 2
19 2 16
69 95 20 15 20 41 82 38 43 8 44 50 3 31 21 50 18 81 99
9 4 19 49 68 1 98 69 2 67 59 51 87 80 52 29 90 35 68
83 71 61 57 55 24 92 12 47 32 93 63 37 93 58 66 25 75 99
40 51 8 45 24 100 75 21 34 39 79 29 92 31 12 87 12 92 32
49 34 30 98 99 86 21 13 16 95 95 7 63 30 85 77 53 53 48
83 47 69 37 91 41 74 77 87 51 1 7 10 79 45 29 96 84 81
20 61 24 32 8 61 8 25 72 66 41 84 90 56 87 40 29 32 41
46 82 14 72 6 45 85 54 26 41 40 46 36 59 31 65 28 30 18
78 42 38 68 20 61 85 51 26 52 49 53 64 82 72 20 64 79 20
86 86 29 44 25 89 76 39 88 34 18 54 11 41 29 23 36 50 6
85 80 44 96 57 93 22 39 21 20 98 97 88 74 86 41 88 21 58
49 41 39 53 92 38 75 66 26 42 93 80 82 73 62 29 65 91 74
79 73 27 55 70 46 37 93 93 51 27 6 70 60 100 56 18 20 88
86 85 80 7 29 41 6 66 31 81 60 96 77 59 10 64 40 49 76
37 18 22 84 28 32 96 27 6 8 63 53 46 5 18 53 54 51 25
3 91 52 54 93 67 69 91 51 100 76 55 63 53 84 80 40 13 56
44 39 69 45 46 89 6 52 32 66 29 63 66 39 15 57 66 91 22
87 45 97 55 68 61 1 18 17 91 23 18 24 85 76 98 32 96 88
53 20 44 88 31 57 61 20 100 46 13 4 3 5 88 81 1 98 79
5 3
18 4
21 5 24
69 59 37 17 43 88 30 44 86 97 43 32 46 30 49 26 91 7 91 12 19
86 88 47 69 32 19 94 14 69 30 78 6 34 51 96 96 88 100 66 6 56
75 56 27 85 19 7 36 28 99 90 7 22 65 35 89 89 14 7 59 85 7
39 54 84 89 61 21 24 48 96 81 85 56 27 22 59 53 45 48 16 46 98
67 47 84 64 85 32 73 99 99 6 33 50 86 99 34 87 82 8 48 72 82
11 23 40 34 1 19 58 57 9 83 69 72 90 70 57 36 37 93 92 55 29
28 22 70 81 32 68 46 62 100 20 80 74 67 87 22 12 21 75 12 72 91
66 53 98 11 63 86 78 46 40 79 51 36 34 73 26 27 53 77 40 18 34
68 1 34 91 69 53 32 4 73 85 47 74 81 87 20 26 35 42 26 26 13
22 85 94 81 34 91 4 3 90 94 27 40 18 85 11 69 68 42 47 57 4
26 85 81 31 78 70 63 1 74 6 20 72 48 88 63 62 88 39 27 44 17
83 52 99 10 84 4 95 33 40 57 77 89 39 79 28 64 33 18 68 97 99
27 14 65 69 93 23 24 71 51 57 3 11 51 78 22 7 3 18 60 55 11
49 42 90 32 40 39 24 4 56 38 9 30 54 28 1 73 97 24 70 39 16
48 10 53 72 73 58 92 88 43 76 43 14 57 86 32 56 96 39 16 13 33
63 19 54 97 75 26 93 68 68 37 8 63 29 6 32 50 17 76 84 40 92
100 70 92 92 6 69 56 77 49 88 74 42 19 22 47 67 96 18 24 79 36
65 39 6 99 2 38 25 28 11 52 83 98 67 73 70 21 19 43 63 82 3
100 85 90 85 88 35 70 43 56 88 42 21 54 12 1 4 5 33 60 86 64
53 79 58 73 97 37 6 24 70 35 25 13 49 28 43 24 55 69 58 69 59
74 75 71 51 82 8 46 21 80 64 20 78 2 98 3 16 43 52 49 19 40
18 7
16 12
14 13
10 11
5 6
11 5 16
2 73 73 52 46 89 58 97 52 1 68
6 53 55 66 57 41 83 56 4 53 63
67 39 23 66 79 87 35 73 58 86 9
41 30 57 42 52 73 52 33 28 39 29
81 75 55 11 88 78 85 80 86 99 77
49 43 92 68 18 67 69 89 34 4 3
35 87 45 19 68 90 49 48 32 32 35
4 70 74 87 75 47 78 97 7 16 81
13 78 38 68 95 82 67 85 57 94 80
87 2 5 32 1 52 80 95 6 26 88
33 100 50 6 67 60 2 35 80 12 43
1 4
0 5
6 8
4 1
1 7
2 4 1
94 3
60 20
0 0
1 1
0 1
1 0
19 4 14
85 42 24 30 3 58 28 18 35 2 12 66 31 78 62 61 71 79 74
67 100 69 92 13 39 16 4 37 15 94 92 29 17 11 13 43 34 98
71 47 6 30 83 25 37 24 9 41 56 68 100 87 28 61 76 62 75
100 60 83 96 81 18 6 90 25 20 96 68 30 38 19 3 8 69 46
81 81 84 69 42 75 74 47 78 46 49 44 54 3 15 100 44 48 23
46 38 68 95 67 53 69 52 17 75 2 77 49 100 3 3 58 84 92
87 34 5 44 39 84 49 3 65 38 86 14 81 47 11 82 34 88 54
61 45 73 73 43 17 57 54 15 11 18 76 14 25 53 3 51 26 64
65 17 31 8 9 96 99 59 20 96 21 65 79 78 74 53 29 19 29
74 27 47 79 50 95 92 24 75 66 19 91 32 84 56 70 93 85 70
68 4 5 42 42 36 20 46 79 16 68 15 73 40 2 85 92 71 86
48 24 26 56 86 39 46 26 52 71 77 78 9 94 69 57 54 53 92
62 17 77 51 10 67 12 87 54 48 21 68 64 19 86 26 93 88 9
21 50 53 71 13 53 28 5 11 77 86 54 40 34 86 74 2 80 7
98 62 45 16 49 67 91 3 16 18 62 73 59 10 79 78 93 2 53
58 2 20 63 77 52 21 92 56 47 63 92 62 37 44 34 26 85 23
4 19 84 76 26 4 74 97 65 64 42 5 79 3 25 82 7 3 36
2 68 51 62 90 67 80 22 52 4 91 26 69 98 40 77 69 69 72
36 57 82 11 49 99 81 39 94 13 71 69 66 25 31 77 98 48 95
10 2
18 9
17 6
16 18
5 4 24
84 67 23 80 68
27 67 47 64 71
94 15 10 35 19
30 91 6 75 65
80 90 86 58 36
0 2
1 2
2 1
3 3
11 1 15
35 79 100 50 87 77 61 29 93 74 88
81 92 93 48 96 44 81 79 26 14 55
49 61 99 85 64 87 19 26 13 71 34
16 54 66 50 67 14 26 16 55 68 76
37 14 26 83 71 90 3 18 10 41 45
31 29 10 63 15 46 63 100 85 72 45
6 47 32 92 26 75 53 30 63 10 57
70 49 34 19 48 53 3 83 27 6 64
7 89 19 67 77 12 61 85 11 48 14
93 87 63 20 25 17 83 62 54 14 29
23 47 11 55 72 72 62 44 29 26 19
0 0
22 1 16
61 79 86 14 45 36 92 75 37 73 73 5 78 58 56 17 48 48 83 37 81 83
73 51 64 82 53 29 75 64 3 7 16 23 14 6 3 70 30 92 60 29 99 63
8 36 3 61 42 95 9 96 73 11 23 33 27 48 42 58 70 8 39 94 41 25
88 59 75 33 28 57 44 6 60 24 7 72 76 43 74 69 34 28 35 53 45 94
91 38 63 66 91 39 75 39 67 96 35 68 65 97 45 2 34 46 97 40 8 71
26 23 58 73 74 49 33 90 31 18 73 89 8 61 24 7 93 55 8 31 64 79
1 74 93 89 75 69 27 25 98 61 53 85 79 19 80 8 1 38 75 73 20 97
5 69 80 43 30 44 41 54 34 72 46 12 46 3 87 1 19 6 90 55 12 81
60 86 49 44 43 69 52 64 29 33 48 53 4 57 1 50 22 39 67 25 8 99
90 24 97 89 4 76 59 87 36 21 37 48 72 43 59 75 61 86 55 53 75 38
80 7 30 49 89 81 46 51 79 36 3 13 57 58 53 39 15 83 52 48 66 43
40 70 55 66 26 86 90 2 11 49 56 50 40 30 63 11 23 75 75 81 47 23
16 14 29 81 72 56 93 5 88 67 10 35 42 84 32 21 20 24 26 98 29 86
93 45 76 79 23 66 39 22 100 48 73 80 83 18 15 36 97 88 30 41 12 54
57 11 23 21 56 88 68 52 81 26 45 97 74 63 30 36 42 30 89 76 5 65
58 38 16 34 87 57 81 17 1 50 1 2 80 7 42 30 1 71 33 6 88 34
44 94 65 25 45 90 94 7 83 27 72 5 93 25 33 99 47 62 71 83 46 75
24 67 23 20 34 9 74 21 20 52 85 31 98 95 41 23 50 92 66 74 74 12
84 100 29 49 23 69 30 18 34 96 88 80 68 1 65 95 93 25 56 74 90 50
89 88 36 59 37 5 91 99 66 35 62 50 4 41 79 11 22 41 16 100 46 18
39 29 25 79 9 47 76 67 71 8 94 53 72 16 91 40 79 95 91 58 20 30
88 65 73 7 67 32 5 5 84 99 33 86 95 20 45 12 44 65 63 59 55 4
19 4
15 1 14
55 52 84 67 93 35 73 63 60 46 99 69 100 61 23
41 38 97 24 27 14 46 87 84 99 55 98 94 48 89
16 10 75 34 38 9 76 68 9 63 8 79 21 59 64
53 62 98 9 7 97 95 12 43 9 25 78 18 45 23
49 33 27 38 75 72 42 26 57 99 28 26 45 73 12
78 26 44 51 34 32 27 60 51 6 79 96 53 80 9
40 62 90 46 70 69 10 54 24 27 100 11 64 5 89
99 35 23 40 13 97 25 31 71 72 35 90 38 58 80
66 48 46 69 14 88 33 10 96 10 96 83 27 35 12
80 38 10 62 49 85 87 92 80 89 98 94 30 96 26
78 25 96 51 88 26 24 64 69 88 72 39 79 61 84
69 65 94 57 72 95 20 67 18 25 93 68 33 19 62
51 82 5 26 42 27 8 10 26 94 35 51 95 33 30
20 80 36 21 75 30 79 42 1 61 44 26 20 50 31
79 29 29 28 46 8 84 32 37 27 32 68 29 31 33
0 7
19 1 23
50 90 16 89 89 86 28 21 78 55 41 70 39 61 57 10 82 10 43
45 83 53 88 95 69 47 89 44 72 20 59 80 41 80 47 80 19 7
47 8 17 36 97 63 79 44 1 23 67 57 7 38 63 46 72 90 4
89 62 52 67 70 89 34 72 55 80 24 86 45 95 23 84 23 57 7
6 85 5 43 86 39 39 15 85 93 76 70 86 10 23 95 52 74 66
99 68 7 61 71 97 49 92 27 97 4 3 12 38 42 82 49 89 58
51 39 48 93 16 62 55 89 61 8 90 42 38 100 97 88 87 70 38
42 78 51 65 74 7 4 99 44 27 26 35 98 62 69 57 9 87 52
86 87 84 23 94 75 81 88 83 34 30 32 81 42 63 38 80 5 64
86 52 57 67 66 90 24 41 13 47 31 90 5 38 91 53 5 15 4
25 26 57 59 11 98 54 16 52 90 38 82 29 41 64 17 88 28 90
98 52 87 81 73 29 65 45 95 97 53 91 86 32 89 56 67 67 62
67 50 92 83 23 66 79 81 51 37 87 13 58 21 89 69 77 17 8
100 41 19 12 93 70 84 57 4 66 43 39 15 24 24 82 2 75 53
28 12 95 92 33 19 82 82 41 89 64 38 77 55 75 16 87 23 57
31 84 31 4 67 93 16 1 15 68 22 74 66 19 50 44 94 6 59
42 36 22 54 36 34 3 72 85 93 8 29 70 60 79 55 89 77 72
56 12 56 72 31 56 80 73 73 82 69 90 58 49 46 89 100 48 16
9 48 71 31 45 63 94 69 27 16 35 30 95 14 10 45 11 23 60
16 0
25 1 24
67 99 71 11 92 28 61 2 84 22 4 61 17 7 74 31 31 9 89 26 93 10 83 96 40
96 85 29 84 99 40 84 1 10 14 53 52 95 46 80 15 27 37 79 92 27 34 14 51 87
20 50 35 33 31 24 50 25 81 5 97 13 8 100 88 33 68 38 55 48 71 6 48 63 20
89 8 82 98 28 7 38 73 23 6 8 7 83 24 23 15 49 1 81 29 56 37 16 23 57
27 93 84 68 46 43 69 93 71 15 50 65 84 3 97 61 66 20 99 17 30 5 18 41 60
70 95 78 27 59 80 99 44 72 13 83 76 64 74 78 26 12 18 21 8 3 32 75 100 50
74 68 73 72 55 2 40 89 6 100 99 32 70 27 56 21 58 14 34 91 87 18 6 70 62
89 74 45 60 69 74 48 90 88 65 44 26 55 25 13 51 46 3 57 11 21 56 61 56 96
5 24 7 54 17 89 92 71 25 98 23 32 52 7 34 75 38 99 12 77 10 81 99 93 56
2 63 25 59 93 23 5 42 50 28 66 95 96 24 59 65 97 59 78 52 16 87 74 31 64
95 80 10 24 52 81 63 89 4 40 8 29 39 86 72 9 59 50 44 11 11 40 70 34 52
27 52 26 85 8 23 3 48 9 84 58 81 95 11 34 84 31 65 92 33 27 10 54 28 52
42 37 36 82 24 73 30 79 90 48 87 75 28 77 87 99 30 88 31 23 39 90 83 64 92
9 52 8 42 7 87 18 79 71 7 85 83 4 82 9 70 57 13 96 37 23 57 29 67 55
17 91 19 54 38 61 32 11 40 70 19 9 88 39 100 1 30 86 30 94 53 52 76 26 82
99 12 16 5 70 78 67 8 82 29 86 29 5 99 21 38 18 8 98 12 81 18 95 69 81
80 78 63 33 63 84 38 38 48 98 75 20 53 35 13 26 76 12 55 68 19 45 45 33 30
63 11 100 96 65 26 53 32 1 76 20 55 64 42 46 13 25 33 18 35 88 93 22 88 87
40 14 65 18 1 78 61 69 88 71 49 54 55 99 74 35 16 81 9 90 81 77 39 58 31
30 41 92 27 67 14 30 83 95 70 59 39 92 25 52 6 79 81 62 35 84 66 48 100 14
7 49 64 46 21 5 70 18 39 99 12 94 53 87 65 68 12 6 6 22 48 1 70 10 73
30 70 95 48 79 6 26 8 95 52 95 50 83 19 98 37 4 70 96 45 43 66 35 8 26
72 50 98 74 82 55 81 27 11 26 74 19 46 81 57 45 31 1 39 29 25 55 10 52 74
91 34 96 45 86 63 22 93 13 41 73 11 71 8 78 68 10 26 75 34 82 24 6 16 15
27 41 44 20 95 38 37 65 24 23 44 94 87 29 92 29 24 79 10 40 59 12 87 69 26
12 12
5 3 16
7 62 48 74 52
10 85 75 91 41
71 37 14 72 29
54 69 38 48 41
33 70 59 20 72
4 4
2 2
4 3
11 3 5
67 68 47 82 35 47 85 76 2 22 28
49 2 39 48 98 96 78 10 62 73 34
8 80 37 17 44 99 47 84 74 32 87
35 28 66 78 25 57 40 63 96 59 66
39 27 89 16 78 37 64 53 74 47 48
83 46 92 80 23 72 33 55 32 86 10
62 28 66 60 24 86 24 44 48 69 72
52 29 57 14 60 20 17 68 65 78 29
21 64 100 77 4 55 41 77 10 52 1
28 86 18 61 63 76 20 92 35 76 10
71 55 42 11 68 39 74 39 36 78 61
5 3
4 10
1 7
9 3 22
83 63 70 63 92 32 63 98 62
15 96 68 35 55 59 42 24 79
79 57 78 43 92 49 58 68 26
78 9 15 31 9 27 10 36 68
25 95 94 60 90 42 19 89 10
73 71 78 4 42 23 97 22 14
42 90 55 39 57 24 79 56 64
33 11 97 43 90 48 91 89 21
10 36 8 60 87 36 50 28 79
4 7
5 8
6 3
10 5 11
77 95 1 5 74 29 10 61 33 15
29 97 45 18 9 29 27 95 9 20
33 70 80 66 33 38 8 84 34 12
7 23 20 99 48 68 4 95 66 81
74 89 57 90 66 6 18 64 29 68
5 35 50 18 43 17 88 70 26 98
11 38 92 83 82 10 97 68 64 58
21 5 77 7 14 20 99 3 64 2
48 38 77 92 96 73 48 71 8 51
91 91 100 95 55 21 71 88 36 75
6 0
8 0
9 1
0 3
5 3
5 2 24
31 85 75 36 65
46 36 96 85 24
84 37 60 74 7
81 92 3 14 53
4 98 43 51 41
2 2
4 3
13 2 14
4 94 91 96 76 5 48 48 55 30 18 86 25
95 1 90 100 11 90 34 68 84 38 52 46 76
39 22 12 64 64 6 81 34 81 19 42 78 85
78 19 67 6 72 38 56 42 24 85 8 89 85
84 8 54 79 27 63 51 97 73 15 89 6 77
79 86 52 61 61 68 52 25 78 57 3 33 99
64 11 36 42 40 25 95 92 29 2 82 72 8
57 3 63 70 91 99 67 70 89 17 31 79 2
46 12 34 70 31 87 45 98 18 29 64 22 6
13 60 43 15 8 41 47 78 47 41 100 57 13
29 67 56 80 5 95 65 24 69 44 57 42 46
63 14 70 55 2 50 4 4 82 9 37 61 82
66 50 13 82 40 68 80 18 91 9 33 93 31
10 1
0 0
4 3 2
58 96 52 51
100 91 6 3
35 47 21 38
40 54 32 53
3 1
1 2
3 0
5 3 10
40 9 88 57 5
84 54 41 42 10
33 74 99 3 62
15 80 86 68 42
57 41 96 6 83
3 0
2 0
1 3
22 2 21
58 10 15 56 96 65 56 56 86 43 52 95 43 24 11 66 2 13 91 77 19 59
99 86 20 2 59 45 44 60 1 71 18 94 42 48 89 24 85 99 95 21 47 47
76 27 95 43 25 85 63 33 2 89 9 39 30 97 50 36 93 87 52 87 60 6
29 83 88 100 30 83 78 14 99 60 56 10 93 88 95 63 22 49 53 96 5 18
58 77 78 31 29 65 57 83 21 38 73 56 50 93 50 74 65 19 70 3 1 32
3 80 22 11 42 86 57 21 38 45 52 33 24 7 4 46 30 57 52 63 30 7
50 4 41 16 15 7 88 46 6 89 81 36 86 42 28 65 56 88 71 95 60 81
31 44 3 22 32 79 61 85 74 75 81 78 12 85 27 67 75 80 40 44 2 86
83 78 1 51 71 92 35 88 21 3 32 95 14 72 74 11 34 72 18 82 49 57
96 85 78 48 48 21 23 89 30 58 87 100 26 73 63 52 3 29 74 10 85 27
68 33 14 70 18 23 71 55 40 58 60 97 69 92 71 59 62 47 68 30 40 89
34 17 47 31 95 78 98 9 52 74 2 51 47 100 39 90 87 61 92 70 2 60
3 9 27 38 47 45 79 84 47 93 50 7 45 79 82 80 62 52 84 68 64 3
79 80 40 24 2 15 76 45 88 68 97 10 38 4 14 72 32 95 24 31 27 87
63 16 49 58 96 48 33 64 53 97 12 53 26 59 44 26 78 79 6 72 21 85
42 96 81 75 2 34 89 100 97 97 92 24 25 44 47 97 6 81 37 55 53 55
19 6 4 80 80 66 41 12 96 85 53 76 91 17 37 42 32 47 12 74 47 45
16 43 97 24 45 90 23 3 47 38 67 34 30 39 55 38 91 98 97 63 28 76
95 76 32 78 71 61 60 53 42 54 65 48 28 23 9 36 89 49 3 29 66 74
39 20 48 41 3 11 13 79 71 78 97 39 5 5 4 51 10 100 38 88 47 42
100 5 21 21 23 23 85 60 13 47 73 52 37 75 71 76 44 49 96 92 21 37
22 31 62 41 17 67 96 22 3 5 83 83 56 39 72 69 6 56 22 6 67 76
4 8
15 14
3 5 19
31 71 96
88 69 99
10 55 62
2 1
2 2
1 1
1 2
0 0
18 2 2
21 61 7 19 25 32 65 52 59 21 58 17 35 81 69 84 85 30
64 13 38 33 94 84 43 71 85 63 33 10 94 90 54 70 20 96
82 3 27 92 82 9 71 37 90 45 39 12 30 5 6 28 31 43
10 67 68 10 55 93 48 35 15 24 90 5 91 76 35 80 39 21
95 17 14 35 48 81 51 17 28 38 93 96 82 82 36 86 93 56
23 36 9 17 41 42 9 53 65 47 11 25 64 87 2 32 81 71
14 37 81 100 38 43 79 30 66 87 34 6 73 43 55 90 58 83
70 23 39 90 7 78 17 36 69 7 47 32 14 70 22 89 91 26
57 27 31 92 16 48 29 68 39 82 93 8 53 99 89 37 85 8
82 19 50 56 42 21 97 27 52 25 88 20 58 49 3 14 44 60
40 76 58 83 39 83 42 44 32 54 92 77 51 67 38 43 52 81
91 64 69 89 9 25 41 6 39 60 51 23 44 45 3 79 88 78
97 1 71 31 99 11 41 48 73 79 94 2 2 78 30 67 79 9
89 39 31 76 88 6 95 86 52 41 29 63 45 77 77 87 46 96
47 62 89 74 68 93 25 20 15 24 50 75 75 13 71 11 12 33
95 52 12 32 28 91 19 8 50 100 32 27 67 39 4 70 16 7
55 52 52 77 58 97 45 6 80 39 58 44 54 37 35 92 23 12
6 70 2 26 82 43 99 56 51 3 45 63 72 54 28 17 25 22
6 7
8 0
25 5 14
72 84 39 74 89 39 81 77 81 12 58 96 98 15 3 67 3 61 40 43 58 30 16 12 98
38 10 27 73 9 88 61 65 72 36 84 90 67 31 76 5 86 64 61 10 59 83 46 12 71
86 18 99 70 96 56 16 90 64 52 98 4 74 84 24 35 44 54 51 25 58 10 74 35 54
78 27 100 49 63 61 92 57 41 95 13 25 27 97 4 64 24 4 34 19 70 32 10 70 26
72 92 14 85 85 41 32 93 58 39 78 23 24 91 53 64 19 22 89 62 35 33 26 55 62
64 14 14 63 58 20 23 90 27 98 65 53 8 33 62 7 6 39 58 35 26 35 7 99 8
91 36 86 6 71 44 50 50 50 47 32 87 21 70 92 90 36 19 88 34 47 27 82 34 54
75 38 90 36 79 47 57 33 82 71 41 85 70 77 12 52 27 19 51 65 8 36 96 64 56
96 7 10 98 21 77 42 14 51 92 98 5 2 22 27 20 61 73 31 98 73 39 68 85 44
99 64 54 72 21 92 4 92 30 18 55 75 70 95 56 68 51 45 29 16 4 4 14 36 80
20 21 76 92 47 27 22 77 5 97 21 36 25 19 2 83 100 26 72 74 35 79 70 55 33
51 22 64 51 31 29 30 62 49 75 66 94 67 47 16 79 42 45 75 39 88 75 60 93 98
65 3 51 21 90 51 34 18 14 69 74 35 83 34 96 17 3 52 41 3 95 15 42 87 32
55 53 51 59 63 34 27 28 51 42 46 14 30 41 1 52 88 74 2 52 42 9 23 13 29
72 77 3 58 91 27 14 49 60 100 57 41 82 29 14 87 40 36 51 31 6 45 29 72 7
61 74 23 5 45 10 18 4 86 92 6 80 91 77 22 13 77 100 67 72 5 47 84 30 77
86 27 69 90 18 87 92 26 99 81 21 63 56 25 1 69 73 92 73 84 49 44 79 78 98
44 93 63 10 20 29 34 88 7 52 85 9 76 15 13 20 41 89 56 99 31 17 88 69 59
76 14 89 96 34 34 20 50 74 31 1 18 53 15 31 46 23 96 34 7 91 60 56 80 34
12 70 50 74 94 6 2 49 30 59 3 16 75 62 39 97 23 49 22 24 93 87 99 29 1
63 40 59 32 42 60 70 1 10 4 90 99 95 61 30 43 41 57 59 55 54 100 42 4 1
1 92 36 37 66 95 55 82 1 2 31 77 91 33 17 52 21 67 77 23 14 75 24 38 12
4 10 24 83 99 11 10 81 83 50 64 60 85 65 39 39 39 91 86 76 59 58 51 70 77
73 92 15 59 37 82 16 15 42 54 67 18 93 61 2 63 16 63 92 73 75 57 80 39 47
33 81 68 99 25 44 58 79 2 95 2 4 74 69 14 70 22 87 16 1 70 3 71 99 62
21 22
16 16
15 22
11 23
4 4
15 2 9
40 8 15 63 71 73 77 18 28 61 78 71 75 23 21
12 59 91 56 88 62 92 93 36 87 22 36 91 58 67
16 11 85 29 76 22 55 83 35 56 18 64 88 9 8
64 75 30 74 37 71 76 59 56 37 9 97 42 52 73
44 27 61 27 88 94 21 35 10 61 67 45 52 83 56
45 3 75 40 52 93 58 75 52 81 6 11 87 28 78
40 100 99 83 35 58 3 10 74 1 98 99 54 13 14
7 93 48 43 73 28 89 6 78 72 20 58 44 25 85
99 34 89 49 58 80 91 99 10 63 68 90 50 71 56
68 17 54 61 62 58 9 86 10 54 7 94 41 85 61
10 73 93 39 46 90 54 12 62 77 55 91 52 33 47
9 6 11 63 14 92 82 68 63 28 48 65 80 28 88
66 98 26 62 79 19 87 53 69 25 79 23 57 94 21
16 94 76 36 98 29 69 63 49 45 40 29 53 70 57
24 27 88 89 29 55 57 59 71 15 20 1 57 6 79
13 14
7 8
5 4 2
71 95 47 90 62
85 66 55 98 9
42 74 85 94 66
30 98 32 80 56
39 58 78 38 60
3 0
2 3
1 1
4 1
13 1 12
26 91 66 12 88 41 9 14 36 14 62 10 12
26 17 83 24 27 15 34 93 30 50 75 65 9
50 87 6 93 74 40 84 67 61 5 49 87 14
33 83 71 60 85 13 53 40 59 14 15 28 28
53 14 87 35 52 14 73 43 96 31 11 56 94
98 76 10 59 5 6 23 72 38 26 9 97 28
91 67 15 66 68 71 49 24 52 81 54 47 19
80 51 11 24 41 3 79 94 33 78 6 49 7
32 12 45 76 20 52 3 14 27 41 8 96 6
82 45 24 78 65 51 64 80 49 2 84 22 36
34 40 73 13 69 98 55 1 29 27 33 7 11
11 98 78 95 49 18 9 25 82 27 50 67 33
16 47 21 92 65 98 9 10 29 45 5 87 48
12 4
19 5 15
96 61 53 45 58 45 15 2 48 36 6 33 26 3 15 7 42 48 4
51 18 33 28 93 50 13 25 87 42 35 22 92 52 96 68 58 22 85
35 67 100 41 72 26 35 26 92 98 9 34 35 8 79 49 27 53 8
87 3 82 14 82 48 50 9 25 87 19 45 49 12 80 32 28 56 6
53 88 99 94 9 94 78 31 76 17 96 97 48 31 15 40 1 79 20
58 21 21 32 73 48 45 57 35 99 24 72 74 59 69 52 35 75 61
87 95 37 54 45 96 98 71 85 72 5 30 76 88 20 73 50 49 30
34 56 60 59 49 2 41 68 52 80 84 73 94 38 78 9 63 92 81
17 75 91 50 60 36 33 24 10 66 77 16 18 21 54 47 34 69 67
53 15 82 77 79 17 39 69 17 61 75 5 29 99 64 82 71 27 65
3 31 50 76 14 99 89 25 91 35 59 99 29 13 92 87 98 93 90
33 36 21 17 88 85 10 61 89 85 31 31 70 51 45 61 98 80 7
18 33 30 95 91 28 65 45 97 22 52 31 13 26 63 14 51 17 75
89 59 50 51 24 44 36 36 44 23 50 37 27 38 96 60 73 49 33
96 11 79 44 65 81 18 38 24 13 46 16 48 15 84 11 97 91 35
71 68 97 79 7 95 5 13 20 40 57 20 58 59 61 81 19 33 83
18 29 82 32 5 25 68 22 4 25 96 2 24 53 28 61 72 88 65
35 63 60 1 44 33 7 15 80 72 8 58 49 84 97 59 50 96 58
70 86 67 29 14 31 59 54 59 87 81 6 62 53 90 17 100 16 3
9 6
3 8
16 2
6 11
18 16
17 3 22
65 98 98 69 64 76 40 90 92 76 30 22 89 79 72 86 2
29 39 26 61 4 21 61 8 1 97 43 7 48 36 70 38 2
94 29 67 96 82 49 76 74 24 18 48 35 24 58 74 78 72
30 13 93 29 73 8 75 93 43 63 22 32 5 44 14 84 20
78 70 40 46 18 38 83 77 7 97 58 84 43 48 10 60 95
64 43 82 23 58 100 79 12 6 45 68 58 80 91 70 34 23
44 94 82 3 88 8 92 58 24 50 19 42 48 100 37 94 64
89 89 37 58 83 5 58 26 50 16 76 6 92 61 63 5 88
75 67 18 19 40 96 60 1 23 54 57 53 12 42 69 87 33
16 8 88 42 8 27 38 57 65 73 68 1 74 81 17 57 28
38 33 29 83 24 7 3 100 21 88 34 35 31 80 50 92 80
71 48 50 62 16 5 77 85 76 93 51 98 95 77 49 21 94
28 77 36 73 63 36 41 36 50 77 46 59 14 36 14 23 5
16 1 72 47 72 75 26 93 7 24 96 80 22 53 44 86 88
98 78 81 95 92 28 49 38 12 48 61 44 43 65 88 3 31
6 31 89 42 30 30 11 83 92 47 10 51 70 69 100 55 69
19 98 22 99 8 43 69 73 67 67 66 39 65 88 43 14 46
12 12
12 3
0 13
20 5 19
12 78 47 8 47 49 48 96 11 73 85 82 69 53 15 37 98 2 38 32
82 2 24 47 73 20 58 45 41 16 45 64 93 86 92 28 19 9 51 4
52 68 53 37 33 98 96 27 12 44 40 19 65 59 73 75 70 33 93 37
11 55 8 18 20 64 64 66 60 92 41 38 48 73 61 58 73 64 99 98
7 59 34 99 83 39 57 58 48 66 1 30 12 96 80 67 13 96 46 63
55 85 76 96 34 76 60 27 19 68 47 39 69 39 49 27 87 3 36 58
32 38 6 78 90 64 78 67 24 74 40 53 97 40 94 100 94 36 79 60
96 30 49 10 32 46 37 5 83 46 36 17 55 49 57 85 86 23 51 21
79 16 48 70 51 65 59 86 48 66 33 61 1 4 57 74 71 43 66 45
38 98 76 62 26 29 75 2 66 83 60 54 14 62 30 15 100 47 35 14
88 81 57 20 21 65 1 82 41 33 55 86 55 6 24 72 27 15 67 44
35 85 81 39 31 95 22 53 44 10 56 52 15 60 68 9 34 33 85 53
45 75 86 83 99 61 57 94 25 25 84 19 19 53 36 23 56 74 56 89
1 13 77 75 70 62 96 49 26 59 89 41 95 26 63 48 48 36 60 81
69 6 84 61 33 48 4 22 82 23 37 81 16 64 28 9 64 100 48 47
1 5 28 73 56 23 59 9 35 55 72 22 6 69 56 40 78 94 43 35
29 32 6 67 59 59 73 84 90 18 87 68 79 53 60 82 22 42 87 83
53 62 38 39 98 82 86 54 50 93 75 99 54 81 82 44 57 52 93 4
98 5 1 33 23 85 52 28 82 7 43 68 17 44 35 52 68 71 95 2
85 43 45 89 18 91 19 78 17 69 78 23 20 88 100 6 26 74 21 36
19 15
4 13
7 7
6 12
12 2
15 2 21
27 71 59 52 37 29 92 18 29 84 31 27 18 79 31
48 52 3 3 29 79 72 52 62 12 94 40 78 98 83
66 11 51 84 17 46 87 73 67 99 92 15 92 94 34
18 31 9 69 43 6 31 22 84 75 2 69 6 88 49
24 77 48 5 6 43 38 67 54 27 47 38 20 18 6
6 52 82 30 54 24 7 26 13 80 54 59 36 6 35
39 65 45 87 12 20 70 8 69 58 71 50 70 59 42
40 75 60 61 63 34 63 38 69 85 89 53 26 96 64
9 17 72 17 16 24 26 38 4 21 9 70 69 66 10
36 9 70 31 17 77 92 67 92 50 100 8 47 78 35
9 73 57 10 12 20 2 66 86 96 14 24 92 58 69
73 72 61 1 78 68 41 61 62 13 74 57 55 31 7
19 1 19 30 11 51 26 48 20 63 97 99 49 45 39
20 79 85 8 33 33 89 99 57 35 84 85 27 67 37
65 54 59 35 49 15 79 55 23 80 40 46 29 22 64
3 11
4 8
25 5 15
53 93 34 76 75 97 89 98 21 97 74 64 18 37 42 56 37 4 1 79 74 47 56 62 32
27 58 77 34 14 27 100 43 75 54 34 20 19 28 20 100 6 51 68 20 71 44 89 87 99
30 62 82 4 100 62 68 16 79 48 41 68 92 51 3 4 3 50 25 42 99 24 61 91 38
79 28 99 24 94 88 10 70 35 10 4 56 64 29 43 81 81 68 30 48 5 92 75 15 16
100 17 13 82 19 31 11 27 90 41 1 67 61 74 99 20 40 83 15 7 63 26 100 30 75
82 69 27 54 93 30 99 8 62 64 6 25 3 87 55 25 59 55 14 83 84 30 8 87 51
41 23 58 41 47 83 48 63 60 15 68 91 16 62 96 56 64 97 78 35 82 55 86 4 84
56 19 6 36 44 8 47 53 94 66 56 28 12 22 18 13 47 7 90 46 77 23 15 4 34
19 18 64 56 87 24 79 70 55 36 95 20 2 29 77 96 76 3 26 28 59 98 1 45 21
44 42 49 99 72 17 59 67 16 81 6 64 85 61 17 78 55 77 5 60 79 49 18 29 11
24 69 72 7 35 87 28 95 19 75 10 39 51 91 6 52 27 1 68 39 57 59 21 71 56
77 91 5 28 22 5 55 3 4 31 95 81 87 2 73 64 4 58 31 12 30 67 83 56 71
5 83 75 51 13 37 73 30 13 95 56 94 49 66 36 90 16 94 41 8 25 89 82 17 6
69 64 82 70 26 87 61 62 70 72 97 57 94 36 29 64 25 81 17 90 70 30 99 91 32
49 46 99 22 62 10 59 42 98 86 62 3 100 81 69 83 46 54 46 62 14 76 10 5 75
49 60 19 100 57 93 75 11 66 25 66 92 52 56 72 97 13 39 2 20 39 10 23 38 1
13 7 39 99 94 28 7 73 47 58 43 89 69 49 18 34 44 14 88 8 61 45 34 38 76
63 89 11 6 84 49 98 29 96 84 14 97 94 62 18 30 65 78 47 43 1 53 64 88 78
51 73 76 29 11 82 26 41 48 98 84 10 11 46 31 16 58 17 17 9 3 12 93 61 33
90 75 45 57 13 92 55 7 50 46 26 3 35 4 65 42 40 50 87 5 53 13 77 95 95
10 47 32 29 28 9 42 8 97 19 88 37 39 73 91 57 56 15 73 41 40 13 56 62 18
95 91 71 14 27 28 14 43 94 51 30 82 69 50 53 38 97 64 10 28 98 95 81 16 33
58 95 55 34 4 44 39 43 14 7 57 68 2 99 23 60 9 78 58 36 56 18 96 96 1
82 33 62 72 82 9 54 20 38 92 77 13 64 42 71 49 50 50 67 63 69 25 20 24 75
88 1 48 15 6 41 29 36 26 91 63 18 50 75 67 37 67 34 7 32 89 21 51 61 57
1 23
8 6
20 23
0 8
9 23
2 4 16
56 12
22 33
0 1
1 0
0 0
1 1
7 3 3
56 14 7 5 38 83 88
78 95 9 8 16 56 16
7 57 10 88 27 89 62
33 28 8 8 69 23 10
34 78 96 9 11 38 70
4 44 46 43 44 47 57
63 70 94 41 24 99 98
4 0
2 3
4 6
17 4 5
39 61 8 50 7 64 1 83 62 15 49 47 9 1 52 81 96
70 10 45 38 81 45 43 39 54 1 11 5 36 1 8 83 90
52 72 24 95 45 46 16 95 37 30 61 76 11 53 86 37 87
98 13 72 64 76 55 25 38 42 60 60 17 79 52 89 88 15
86 76 54 52 41 49 3 4 58 16 12 95 19 89 66 13 52
98 67 74 24 70 77 59 1 88 31 10 83 98 28 90 17 26
9 4 11 90 92 68 1 4 77 5 14 82 82 9 99 56 61
1 41 97 90 24 50 79 46 36 73 23 1 25 29 77 7 39
78 68 99 65 98 18 3 26 79 27 33 46 92 40 92 99 90
37 54 76 23 71 39 25 80 80 95 88 36 60 58 27 46 69
72 42 7 18 77 15 27 12 57 100 16 88 31 13 89 96 20
59 56 94 80 46 64 59 33 25 13 58 19 93 66 92 25 38
65 85 71 59 30 41 64 64 70 8 29 42 75 97 37 16 70
81 51 62 94 38 79 8 86 37 12 18 33 83 38 41 61 3
55 2 19 96 90 42 77 43 71 23 25 86 40 96 25 67 53
26 28 10 72 78 46 60 62 58 2 30 74 59 64 56 69 35
94 85 9 88 93 62 36 100 71 50 85 4 17 91 40 72 69
6 11
12 9
11 2
15 10
16 1 11
23 58 80 28 35 56 22 97 23 86 20 1 85 88 26 51
1 31 5 27 14 17 83 40 17 42 98 50 78 40 23 51
42 42 32 4 8 24 54 96 26 100 31 8 41 78 45 72
46 80 66 40 6 32 59 28 61 43 25 36 31 70 12 60
100 31 90 20 68 17 64 98 13 41 85 53 77 38 57 10
59 96 51 21 57 97 48 82 50 88 60 54 67 95 86 92
60 51 21 75 6 60 78 20 29 12 10 26 11 100 11 86
3 98 51 56 25 12 21 7 66 45 14 60 4 76 22 90
54 24 75 51 49 45 87 10 57 30 99 46 1 23 2 3
83 23 27 92 34 90 23 5 20 7 81 78 40 98 23 81
6 80 17 85 14 45 18 4 10 72 20 47 35 68 88 47
43 92 65 87 35 21 40 73 34 50 18 67 88 6 9 100
91 4 43 78 17 13 41 8 42 49 87 15 90 94 78 20
100 57 9 67 96 53 25 6 10 93 96 71 37 37 38 53
45 87 4 17 60 49 45 93 65 76 68 57 24 4 13 34
67 61 77 52 91 25 24 72 43 44 45 58 96 83 5 33
2 15
22 2 22
73 87 56 92 3 25 58 10 58 47 25 82 53 8 25 99 99 79 27 30 34 87
92 27 32 79 89 25 86 97 10 75 80 87 76 31 96 95 34 98 77 23 24 57
100 82 34 42 42 3 36 63 55 71 14 81 23 60 20 98 59 31 32 72 99 62
49 92 20 90 79 44 45 28 76 28 68 17 26 18 23 15 10 97 92 78 95 21
45 12 98 39 57 83 86 46 66 72 83 94 72 8 59 81 88 32 64 5 1 14
36 11 34 67 58 34 85 7 53 57 87 51 7 58 13 15 13 20 16 89 81 53
67 96 3 28 70 54 34 35 74 63 71 72 80 20 19 69 4 87 8 18 71 30
92 65 18 86 19 23 70 72 23 56 79 89 5 83 6 65 98 47 19 82 24 24
5 78 69 92 18 80 7 53 45 20 90 50 40 54 4 17 32 64 22 21 6 14
89 60 45 4 34 58 1 25 62 45 18 52 94 1 55 34 28 27 47 57 39 34
50 9 1 56 82 94 19 69 90 16 3 67 4 57 93 10 50 69 20 44 90 57
12 59 45 32 70 57 72 73 92 63 84 86 81 20 9 68 22 21 69 86 93 15
2 16 75 3 60 35 67 3 94 1 70 54 26 94 28 65 41 74 98 45 33 38
67 34 47 25 53 99 60 10 78 26 9 70 10 65 73 70 31 90 90 87 88 15
99 49 76 94 85 14 100 60 53 27 62 36 86 5 42 52 72 33 32 99 71 29
69 64 91 95 20 5 92 72 8 32 74 64 67 39 58 79 34 72 34 100 7 73
15 85 25 52 96 57 13 68 83 100 66 79 76 43 49 89 13 7 20 51 20 59
30 25 21 61 38 38 95 49 4 10 99 23 85 50 97 30 77 69 18 69 32 97
92 1 85 17 5 75 64 13 23 80 48 85 10 6 90 29 14 85 1 43 40 43
63 70 89 57 74 19 10 30 17 76 69 75 81 84 81 43 37 38 4 63 36 8
6 45 51 39 97 68 70 80 94 14 58 94 85 10 69 25 1 58 46 35 66 55
57 64 83 63 9 21 80 100 14 23 23 59 95 34 67 98 34 18 2 47 53 38
19 16
18 4
24 4 25
19 70 4 73 70 39 15 5 77 71 63 38 83 4 41 46 35 82 1 73 18 45 9 18
65 85 53 84 77 65 7 19 4 84 10 48 27 34 63 78 55 100 1 71 16 75 39 77
44 96 90 81 45 65 37 100 89 97 72 11 81 2 47 20 17 23 99 31 41 49 31 50
72 58 89 93 98 26 78 27 67 48 93 26 58 82 75 92 47 47 76 87 91 54 51 13
49 11 71 9 83 38 16 49 46 34 93 16 44 64 88 94 19 11 43 83 8 88 35 42
78 1 56 100 68 71 32 100 79 13 88 86 41 34 62 72 57 6 69 31 23 75 5 9
34 31 53 41 48 17 20 17 80 12 6 43 78 19 93 16 13 70 40 59 39 75 83 37
64 50 1 22 59 72 22 51 71 98 39 17 83 32 71 49 53 48 38 97 39 17 78 81
35 5 27 97 8 57 50 32 27 67 71 44 29 20 36 56 50 74 35 81 36 55 79 46
10 42 91 18 7 29 8 90 84 86 70 66 87 63 34 33 45 75 48 90 21 94 99 95
52 9 72 24 68 42 31 9 95 71 92 12 84 6 72 81 4 53 82 79 69 73 70 41
59 46 22 15 84 72 1 11 21 84 92 28 69 97 99 41 47 14 40 43 98 36 86 86
85 46 6 57 42 93 20 24 92 12 72 60 86 34 27 26 49 29 67 87 52 83 2 18
8 95 82 10 61 54 39 47 40 48 37 22 38 34 52 48 57 63 42 20 79 27 28 64
77 8 26 91 78 31 60 53 11 47 19 58 14 81 2 66 39 65 86 12 79 10 34 77
2 55 19 62 45 91 10 4 83 13 29 78 62 57 99 35 17 10 55 61 11 55 83 85
77 21 7 64 31 34 48 59 60 81 97 10 55 55 10 33 65 54 61 90 12 15 31 17
64 37 58 17 33 64 12 24 16 69 70 40 23 73 16 97 16 56 71 53 91 60 90 33
67 67 44 70 77 2 50 98 74 30 65 86 1 67 74 34 43 88 66 4 77 37 20 97
51 83 20 62 95 59 1 47 31 8 84 6 46 49 83 40 78 68 74 42 78 40 48 29
91 40 30 16 2 54 3 1 17 19 51 2 86 26 55 81 18 98 16 28 72 15 29 44
38 100 16 20 12 90 92 41 54 27 43 88 49 69 81 8 64 87 24 62 86 69 15 90
37 75 75 20 11 90 70 41 36 25 27 35 36 68 3 78 90 64 61 80 57 13 76 64
4 84 27 66 78 30 3 97 74 80 43 72 83 76 51 68 76 91 82 45 78 4 50 16
19 4
8 16
12 6
5 16
5 4 7
35 48 85 49 65
100 16 12 14 64
45 30 40 45 88
24 12 6 10 23
17 92 49 61 58
2 2
3 4
0 1
3 2
22 3 23
78 14 47 62 99 80 80 51 54 13 65 64 85 13 68 55 82 52 78 43 92 54
10 84 76 41 61 24 7 87 66 43 59 73 40 40 42 43 69 99 80 79 40 57
43 52 76 9 49 11 85 63 37 50 65 50 64 73 4 75 1 74 23 94 63 59
89 4 25 13 70 41 41 2 1 47 42 51 27 67 67 2 22 93 37 73 97 64
34 59 75 28 37 45 73 77 31 72 81 65 65 82 68 69 71 12 74 58 37 100
18 44 41 73 29 66 92 27 10 44 31 29 88 48 66 91 19 73 26 88 64 34
73 98 74 96 53 88 91 68 11 64 49 58 65 63 26 82 75 31 87 54 17 85
45 33 46 64 94 60 22 18 87 6 85 100 56 48 77 64 13 95 92 81 88 32
13 6 19 11 71 48 32 54 69 15 69 96 46 61 57 34 21 13 45 9 81 48
35 74 94 53 78 36 81 62 98 47 50 13 17 51 32 87 28 45 23 71 33 81
21 26 6 49 43 21 65 19 41 70 98 42 28 13 28 91 40 27 38 8 95 64
14 39 76 40 1 51 48 52 11 79 91 13 25 53 70 41 13 75 67 86 62 71
81 14 99 40 2 34 73 69 7 45 51 99 10 48 88 89 78 45 19 15 94 16
20 25 23 46 25 31 8 94 44 4 5 84 13 23 75 60 54 7 93 3 17 56
50 100 1 61 100 40 84 93 23 32 77 93 75 29 79 19 24 17 27 68 54 80
94 55 28 41 43 2 12 89 83 27 8 52 31 47 1 4 41 17 44 24 68 63
41 82 10 61 33 4 6 76 9 88 26 89 45 55 72 18 55 73 8 46 75 26
80 52 42 76 38 30 76 81 50 89 74 59 5 16 82 32 92 25 9 20 86 12
19 39 24 82 48 91 85 90 30 12 49 31 45 40 48 58 29 51 33 40 98 71
42 40 61 92 42 51 68 83 99 94 27 64 89 65 92 29 17 21 75 24 2 70
24 27 70 24 60 81 64 43 8 36 29 67 97 86 61 96 30 81 60 6 69 83
5 64 81 1 61 14 97 27 50 1 28 13 16 96 55 35 12 60 17 18 42 25
6 18
1 0
3 20
16 1 22
78 53 64 9 17 22 29 80 57 45 57 39 90 100 42 74
23 15 40 92 26 9 33 70 53 85 8 80 50 49 72 22
17 9 79 83 43 40 100 93 88 1 58 75 21 55 12 18
69 3 60 67 19 19 94 25 89 91 55 43 68 4 7 14
76 8 3 89 6 40 30 71 22 68 22 8 29 10 95 5
57 72 40 9 14 14 25 77 17 82 17 72 40 34 7 12
11 85 26 90 5 83 99 40 29 14 43 63 96 52 62 22
20 52 93 20 10 29 87 71 87 44 93 40 38 76 68 17
1 29 80 69 87 13 33 81 29 95 53 19 56 55 35 85
15 98 98 26 69 64 27 5 92 44 60 79 48 100 14 25
57 19 93 74 2 25 6 44 16 95 6 50 20 81 93 39
72 18 53 8 42 53 39 25 81 82 51 29 17 78 83 62
81 90 25 54 21 2 38 57 30 2 96 19 23 6 99 56
37 13 27 71 4 95 53 9 34 32 60 94 17 37 55 52
9 36 61 100 99 35 61 89 35 20 58 44 27 72 49 7
95 12 100 34 22 54 67 17 90 40 85 22 52 91 76 48
10 7
5 2 5
15 5 96 69 27
59 36 9 47 23
71 99 35 74 46
7 7 7 74 91
24 11 16 89 73
1 1
3 1
11 5 16
1 91 82 5 95 91 14 60 88 30 23
75 64 2 65 91 10 87 75 33 10 87
100 93 21 33 46 7 13 3 73 64 13
6 74 16 59 56 18 15 27 96 36 66
77 29 41 69 15 28 59 50 19 97 21
15 90 15 33 76 2 34 86 2 32 56
13 91 11 9 91 40 75 49 71 99 25
12 25 91 41 62 13 100 39 36 41 9
22 43 61 36 41 43 52 56 98 31 15
58 16 81 19 12 64 55 23 51 35 80
43 99 71 74 22 21 44 46 44 60 81
8 0
0 6
2 10
5 3
3 7
14 2 4
86 77 92 24 73 32 34 27 95 38 43 77 28 95
97 77 37 13 94 42 40 88 73 86 26 45 18 21
18 92 93 93 57 73 33 40 15 96 43 68 86 67
33 85 98 79 31 13 69 85 1 22 84 88 42 11
100 29 12 60 76 95 46 13 14 44 48 3 75 25
52 63 57 80 77 49 84 76 67 30 67 69 6 33
48 51 16 45 77 3 12 27 96 17 71 17 54 71
1 94 73 62 54 62 40 98 10 2 13 28 53 35
61 54 71 43 24 30 88 100 70 2 47 85 2 15
91 14 91 41 66 52 10 20 6 64 42 66 50 14
11 85 17 83 47 100 90 34 98 64 58 41 66 31
15 69 24 30 91 74 53 33 97 42 23 5 58 15
32 66 98 20 46 66 41 68 61 97 9 94 24 8
57 25 48 51 7 1 73 25 93 39 49 84 21 93
4 10
3 7
15 4 10
6 94 70 13 42 26 38 26 25 63 62 18 77 61 84
75 50 12 92 9 37 99 73 11 11 13 1 42 91 63
85 7 86 73 91 82 93 90 44 59 71 37 46 99 84
89 50 58 72 25 11 41 84 17 13 74 5 27 31 33
79 31 44 22 60 52 89 88 44 18 63 91 54 88 98
33 84 8 68 90 77 55 1 33 51 20 83 52 67 77
62 51 35 33 89 33 77 6 32 15 55 63 21 9 17
62 71 38 40 75 95 31 16 92 85 96 31 76 12 74
7 62 89 74 36 36 1 25 18 83 26 25 34 34 8
57 12 10 37 77 58 93 9 24 81 78 76 43 36 46
75 99 88 84 5 92 23 73 27 40 11 17 79 67 79
66 7 16 18 94 62 80 73 82 46 30 62 19 21 20
98 7 57 30 2 23 49 43 12 31 81 21 9 87 70
12 22 60 61 93 5 17 74 86 18 56 87 87 76 82
79 15 17 67 17 9 28 97 27 57 64 60 89 78 56
12 13
1 9
8 3
3 5
21 5 19
75 77 11 23 15 10 82 100 66 78 37 83 98 72 38 57 78 74 20 65 72
62 47 97 87 13 20 97 64 21 57 79 57 37 50 17 17 86 53 29 65 5
62 78 28 8 4 91 29 72 93 11 56 25 8 69 7 50 53 22 4 82 100
47 78 59 50 46 63 68 44 4 50 8 42 62 41 89 89 37 46 56 86 98
33 52 55 88 22 8 85 63 6 21 74 20 49 67 47 25 77 52 55 10 92
1 55 97 64 17 99 87 60 38 28 13 48 40 47 95 8 88 64 9 40 57
67 95 40 72 5 99 64 90 54 86 46 5 15 97 26 2 6 28 50 63 29
88 11 27 99 58 54 10 46 10 14 24 7 77 8 29 50 66 59 35 9 31
63 39 63 51 69 16 59 61 37 13 86 97 20 15 57 32 8 83 60 87 22
8 94 92 90 9 63 44 30 40 4 50 71 75 5 73 28 69 54 23 59 6
51 96 90 75 82 53 86 27 91 55 40 43 26 15 86 80 13 48 73 96 20
66 71 11 40 6 66 94 93 58 2 51 80 38 65 40 28 43 67 52 45 30
66 86 35 95 98 6 41 93 2 9 32 55 3 49 4 16 4 66 89 40 92
82 14 29 2 93 51 86 97 39 76 72 93 99 23 36 56 76 52 33 71 95
58 96 25 95 67 24 66 74 60 84 2 56 27 83 24 17 56 83 13 17 86
38 72 5 50 100 11 85 81 43 87 83 23 69 60 84 100 18 72 31 3 51
43 26 16 77 22 59 8 65 4 96 25 88 91 82 43 51 32 40 46 2 66
62 38 93 87 93 59 58 72 83 55 53 34 90 60 7 72 4 100 20 10 28
60 86 91 65 44 64 62 14 24 14 86 18 43 20 72 6 44 33 93 11 72
62 55 37 13 8 78 20 9 69 81 22 31 26 4 42 60 12 15 13 37 4
40 22 75 7 17 79 54 18 76 73 33 77 98 74 37 38 79 41 88 80 15
10 10
2 1
1 9
14 10
14 11
15 1 6
71 47 52 27 61 62 52 98 59 35 48 29 97 100 11
81 28 95 21 19 75 57 78 27 83 38 29 49 39 48
9 71 97 77 13 69 77 16 34 40 21 70 96 60 18
14 32 66 28 98 22 61 34 75 49 41 1 49 47 19
20 51 78 30 40 5 40 90 22 22 41 37 10 41 98
78 34 85 84 22 98 3 58 67 72 31 10 28 20 24
65 89 58 62 15 14 55 27 45 84 52 69 92 50 32
45 70 52 62 51 59 54 55 6 59 10 64 90 15 64
19 68 59 25 33 44 9 94 31 99 73 49 38 29 45
65 17 56 95 26 14 61 52 1 44 88 10 61 55 19
90 35 55 41 73 30 51 78 59 16 59 63 73 94 58
44 2 73 54 19 68 54 25 46 98 50 100 6 94 65
92 90 90 15 90 7 40 59 86 33 57 85 43 58 51
16 74 47 64 51 75 78 72 61 64 88 3 39 24 4
25 10 64 86 6 98 82 74 84 57 89 60 88 87 41
8 5
6 5 18
67 25 83 83 18 47
76 61 7 96 80 55
74 39 22 99 89 32
17 27 6 74 42 30
76 66 30 44 60 91
17 51 9 63 96 26
5 5
4 3
0 4
4 2
3 2
5 1 4
10 60 75 98 28
18 34 72 76 4
19 63 86 59 53
95 19 16 33 62
80 41 54 2 61
2 3
22 1 22
64 37 28 2 60 89 99 59 95 66 15 13 96 3 2 19 19 61 27 11 52 4
24 45 65 51 82 92 15 87 84 48 66 67 83 20 23 100 12 80 62 27 42 2
74 40 3 65 35 93 30 27 78 11 51 44 79 47 94 64 82 42 22 76 89 99
91 90 44 79 95 39 64 82 50 87 95 74 49 67 63 85 33 5 13 100 40 14
72 54 56 68 38 61 59 41 79 43 17 26 64 79 30 53 94 69 62 42 43 16
94 77 35 75 33 17 34 10 93 27 88 47 71 65 75 71 62 23 8 100 69 32
46 38 60 2 82 85 72 90 54 19 95 63 67 94 3 66 5 5 14 22 61 81
1 80 28 3 72 16 25 37 61 50 95 9 39 40 67 52 81 24 29 85 70 3
42 48 7 58 57 65 66 9 99 55 55 75 72 100 25 34 33 49 94 13 93 45
15 100 75 68 50 62 30 46 60 65 60 32 10 26 68 70 57 59 5 53 84 2
41 96 87 31 35 100 93 35 97 13 52 69 20 83 23 46 18 4 84 79 79 14
29 70 20 89 14 88 40 72 41 52 72 20 39 3 96 69 35 92 26 41 34 58
38 90 26 11 83 59 16 20 79 5 69 26 69 95 14 65 14 18 42 19 92 61
89 65 88 51 63 97 42 65 46 97 57 56 67 70 35 88 51 90 36 76 60 96
64 85 71 99 99 26 31 69 98 76 76 55 69 33 96 17 58 43 87 5 72 59
50 51 55 15 52 41 66 70 61 63 4 7 19 89 43 25 59 70 10 74 21 85
92 64 40 72 46 69 94 93 75 76 1 61 49 1 11 44 20 15 61 36 36 83
10 32 84 59 1 44 44 36 18 42 61 51 58 48 6 98 62 13 95 12 64 78
19 36 49 1 100 19 42 16 76 33 57 75 93 33 13 43 35 10 3 46 72 43
30 54 56 44 99 40 49 55 34 33 39 24 9 43 87 88 24 7 59 11 84 28
76 46 92 6 55 52 80 34 3 12 99 4 77 54 27 6 27 10 100 27 86 20
47 30 20 50 4 72 53 28 62 13 82 28 95 43 58 48 42 71 88 5 14 73
9 15
21 3 3
20 60 62 37 27 74 17 92 13 31 4 81 10 71 87 33 92 62 42 99 44
60 2 22 65 84 88 90 100 54 59 24 9 22 82 79 47 77 89 23 78 72
7 66 52 44 34 9 25 31 53 98 98 52 51 71 57 38 28 27 35 12 49
65 60 27 5 69 65 65 10 5 72 27 59 9 28 79 65 100 47 35 13 98
82 54 95 70 50 57 24 83 45 71 63 25 97 15 45 57 56 6 40 91 39
64 38 64 98 16 14 6 32 91 14 75 79 22 59 82 33 96 78 9 33 13
50 50 94 62 41 48 4 2 57 36 31 18 36 31 35 96 37 16 59 44 33
18 21 69 8 42 34 36 22 29 67 23 66 97 87 45 65 19 35 95 45 96
8 79 43 57 4 55 21 91 96 83 36 3 19 59 20 46 68 90 9 98 34
37 64 37 64 55 63 3 22 17 85 89 47 19 9 8 10 85 92 38 54 71
29 47 99 50 16 85 99 7 23 36 88 86 54 79 26 11 59 48 32 3 10
86 78 7 86 42 62 47 34 49 9 98 19 89 21 63 67 90 36 21 61 63
11 21 82 79 56 75 74 39 23 56 64 54 77 17 52 1 87 57 72 92 87
57 90 22 18 98 16 32 100 57 24 51 49 65 63 35 41 46 71 64 71 100
37 66 98 51 69 31 68 86 77 15 80 82 61 22 65 39 59 53 55 4 28
49 25 72 34 86 30 2 84 31 26 66 20 52 81 20 31 92 17 33 67 44
14 27 36 75 44 1 43 34 76 16 66 19 19 94 5 63 3 54 20 42 64
11 48 89 99 21 77 14 54 5 36 5 74 92 19 45 18 11 82 5 37 26
64 45 45 84 26 97 37 74 14 100 11 3 84 3 77 35 45 48 35 15 94
52 92 60 96 70 17 51 22 61 58 78 78 79 32 13 83 64 87 75 12 60
54 17 37 66 40 40 78 37 79 44 70 56 49 42 50 23 66 66 52 69 24
14 0
0 8
7 12
17 3 18
81 84 97 6 25 98 6 54 72 99 90 17 57 86 44 93 55
13 35 16 31 25 55 39 72 66 98 84 32 38 73 100 33 93
16 100 68 48 19 9 79 78 23 87 25 7 57 83 14 43 27
86 75 70 99 47 21 48 6 14 20 42 36 55 62 30 12 11
94 84 24 68 86 44 39 14 85 20 50 60 44 17 62 66 50
14 81 7 61 51 52 77 56 49 41 38 9 17 70 19 10 37
65 91 63 77 29 73 39 50 5 26 30 23 90 36 68 6 85
87 66 33 32 96 86 74 82 41 34 56 37 94 86 12 58 18
29 5 92 53 97 71 53 92 81 5 25 8 51 4 98 52 95
99 4 88 88 86 86 41 99 63 98 13 29 87 72 1 87 32
35 7 21 31 90 29 92 2 53 40 94 34 78 88 41 92 31
43 70 35 36 64 12 34 51 97 49 91 59 89 88 2 30 58
56 100 18 14 16 31 68 21 61 60 25 70 36 16 67 91 6
29 70 18 47 58 67 1 48 13 26 68 95 7 33 62 45 61
3 12 75 16 36 21 39 88 30 92 94 82 37 13 88 94 68
10 12 86 11 12 87 77 57 27 75 32 30 1 8 99 79 94
73 64 11 9 20 26 43 69 4 9 45 8 94 95 6 41 79
12 15
1 5
10 1
6 5 25
16 73 2 43 95 10
45 27 12 95 39 41
48 61 1 82 72 81
19 79 81 29 46 91
55 9 42 58 62 64
51 32 53 70 92 1
2 5
4 0
1 1
0 4
4 4
11 1 4
33 28 63 40 21 65 48 7 67 50 19
3 82 55 7 78 28 32 13 82 78 5
75 52 34 1 30 58 12 6 2 58 32
14 98 86 96 34 48 3 91 50 65 64
58 17 90 55 1 44 15 57 94 56 40
89 41 61 64 57 56 11 45 8 17 90
87 75 86 50 67 77 23 37 3 18 86
98 70 18 13 39 13 51 33 60 1 63
15 89 1 61 35 11 17 33 41 76 18
8 44 85 66 66 62 85 99 69 53 39
2 21 76 80 36 13 74 78 74 15 35
6 2
6 4 7
23 67 79 92 21 78
96 33 42 96 39 52
91 32 76 64 60 86
65 56 72 89 79 63
89 67 33 23 91 97
74 97 93 55 73 20
2 5
3 4
0 0
4 2
22 2 12
56 12 81 27 75 27 51 59 69 45 98 88 51 65 65 58 89 40 56 43 23 86
58 71 41 31 89 18 76 10 15 45 70 50 22 18 78 69 42 16 57 1 53 72
99 19 19 18 23 15 9 65 55 31 94 41 87 13 20 37 33 49 95 16 8 37
42 20 89 74 19 17 29 19 71 92 30 20 77 50 52 62 63 87 61 24 83 6
83 56 36 77 35 71 10 9 75 61 3 1 73 2 22 69 37 52 20 35 46 18
84 31 8 13 39 43 21 29 77 86 91 55 24 92 100 59 52 5 54 19 58 69
67 98 96 15 97 56 16 19 40 80 28 54 39 13 84 6 23 45 77 29 14 58
17 80 83 37 52 50 63 47 66 16 18 64 83 76 79 11 90 14 12 59 36 19
7 83 3 43 68 5 17 62 53 20 14 73 8 51 58 17 23 86 26 18 81 78
1 94 69 80 2 97 51 89 93 35 22 21 77 82 48 60 7 26 94 30 12 45
100 65 79 34 34 43 59 66 95 74 37 69 39 100 12 77 97 28 56 70 37 40
99 85 50 94 26 16 1 63 18 90 6 55 63 15 86 29 72 24 26 65 38 70
70 40 99 17 39 18 20 25 46 37 68 32 72 89 48 34 20 34 85 94 61 25
50 37 45 21 1 72 38 60 75 81 84 79 19 12 44 90 97 95 90 76 74 70
91 15 52 73 29 43 100 46 93 32 42 96 65 32 9 67 73 14 51 70 47 5
94 41 79 9 86 1 50 85 25 12 38 65 76 74 32 33 75 54 90 52 40 15
86 78 35 14 69 65 19 76 90 93 5 23 22 31 48 76 65 99 56 58 73 55
96 19 31 42 21 3 47 56 25 75 1 78 48 45 62 99 47 93 62 60 97 2
69 32 13 22 80 74 73 96 100 70 49 30 3 23 30 64 74 15 57 10 47 56
82 78 79 15 19 91 99 91 35 46 93 87 96 47 3 92 9 30 73 38 83 13
17 62 4 38 59 32 55 59 59 9 73 40 40 46 58 24 47 50 82 55 80 12
76 99 7 27 33 20 46 82 20 23 82 36 20 77 91 47 96 52 25 61 58 31
21 6
0 6
24 4 11
62 41 12 67 38 7 34 35 11 2 12 23 38 24 97 74 4 58 48 8 87 6 55 71
56 78 20 62 91 72 61 41 20 25 13 30 46 15 97 1 50 26 14 33 74 46 77 93
6 40 62 68 83 78 91 46 89 42 76 28 23 92 31 62 48 51 54 64 48 42 31 76
42 11 41 57 51 49 50 11 63 71 81 95 63 19 25 69 16 53 46 31 65 53 8 85
76 71 8 72 24 16 56 29 4 24 71 89 23 65 51 93 52 33 87 28 68 62 96 23
59 56 26 22 63 9 44 22 6 21 6 78 16 20 90 61 28 70 27 70 57 76 56 34
91 82 95 48 26 42 94 51 74 81 95 4 73 14 45 72 1 77 85 62 37 11 20 37
78 55 32 67 97 61 39 71 24 97 97 67 5 34 93 87 73 18 76 51 27 68 34 70
34 45 20 48 77 66 79 32 70 27 2 88 60 35 67 91 63 42 4 14 33 26 98 97
42 59 27 26 84 45 62 23 38 31 52 48 25 22 20 59 59 9 57 24 57 18 23 14
94 81 71 19 80 56 67 77 70 70 73 32 93 80 24 87 88 98 3 96 30 54 81 2
37 71 4 15 35 57 60 62 94 30 74 47 41 80 90 96 71 48 23 42 34 81 58 74
34 63 70 62 3 59 88 2 7 84 50 88 74 79 61 14 73 53 96 4 32 86 19 3
96 51 86 28 24 18 73 22 14 9 70 60 19 93 65 3 17 5 16 2 5 44 42 8
82 100 60 6 75 35 64 52 29 80 32 27 80 32 66 43 32 32 54 57 27 43 50 61
55 85 80 6 79 47 13 7 34 60 6 66 84 92 82 100 53 35 79 20 45 1 60 48
13 24 29 17 91 6 10 59 17 46 86 54 16 7 21 52 18 45 82 15 69 34 87 53
5 20 23 23 6 72 63 60 82 19 1 62 56 98 9 86 29 78 56 30 48 32 77 82
83 57 39 24 40 29 18 47 52 45 95 32 67 82 72 72 38 4 37 55 39 69 59 88
92 92 13 64 24 34 25 72 9 73 52 60 99 22 80 41 87 24 65 53 42 2 48 9
28 34 66 78 43 45 44 32 2 35 98 9 9 74 71 49 21 18 29 70 89 70 27 56
10 36 20 78 18 98 5 70 22 53 18 90 40 49 50 20 19 90 96 56 94 36 63 84
41 4 40 47 28 24 28 55 53 46 83 13 27 65 91 18 61 88 76 4 28 11 54 16
7 68 98 66 47 7 13 60 87 67 15 78 27 44 85 78 26 82 62 31 72 98 65 91
13 20
8 17
7 19
4 21
12 3 3
94 41 44 12 67 32 16 34 29 56 1 85
26 4 48 100 47 39 29 72 83 21 28 98
34 35 67 18 26 10 19 5 22 14 5 92
96 92 33 35 78 29 23 61 53 71 56 18
69 19 77 18 95 36 70 89 11 85 88 74
30 48 28 9 23 41 71 27 93 100 85 99
34 31 83 45 71 49 88 48 9 13 82 29
52 95 33 95 84 17 29 95 73 67 64 31
14 14 18 6 84 31 59 21 50 22 9 20
82 50 99 54 78 16 60 88 65 18 75 43
47 88 91 61 33 27 54 99 29 71 6 7
65 31 69 90 54 36 91 28 22 52 5 53
1 9
11 8
8 0
6 3 11
7 72 66 5 61 54
31 31 67 65 42 63
39 32 58 87 12 44
22 17 3 22 59 10
59 87 92 58 22 24
15 75 17 51 96 47
5 0
0 5
3 2
24 3 10
65 83 50 90 46 74 96 51 70 48 59 32 67 65 77 34 66 14 88 16 70 30 8 29
63 73 5 9 45 74 12 96 64 45 96 19 47 24 8 10 20 50 6 74 12 6 62 65
80 73 89 57 21 84 82 31 6 3 98 9 98 87 1 51 69 54 38 33 78 32 100 15
1 66 32 84 6 32 54 1 2 94 40 37 31 54 44 69 84 49 92 11 54 35 61 13
26 61 93 29 14 82 100 14 3 61 21 29 33 65 95 51 78 48 86 96 47 89 53 51
94 80 29 77 84 63 50 55 13 98 25 28 43 6 90 73 57 21 35 28 86 72 10 93
77 70 80 53 74 2 80 62 96 34 71 59 63 73 8 28 53 35 17 82 4 70 28 2
10 63 38 99 10 4 60 74 93 74 84 97 32 48 16 85 74 22 41 92 84 15 96 72
54 17 70 12 59 39 19 13 76 53 15 78 41 8 32 73 26 3 69 81 26 32 48 37
74 58 42 39 49 10 1 5 20 23 71 57 94 71 30 99 21 90 24 37 54 99 90 79
44 10 83 86 89 98 9 95 24 55 63 4 60 98 58 57 7 90 14 54 43 89 2 55
29 13 90 47 6 96 57 54 18 59 33 96 16 31 98 85 91 23 1 37 49 58 58 53
59 72 74 26 27 98 62 86 71 7 68 95 13 74 29 28 92 54 72 15 7 34 36 93
57 79 1 1 22 70 17 78 31 43 24 4 100 98 58 84 49 31 67 11 6 40 58 31
76 25 35 57 18 2 68 62 26 65 9 18 64 78 17 22 7 32 33 45 62 72 76 80
43 82 86 32 86 43 33 50 79 8 11 77 24 100 44 100 43 45 34 55 62 90 84 51
73 94 16 12 68 15 92 10 78 95 66 20 6 86 48 85 66 49 6 89 96 64 65 31
6 60 39 42 8 55 18 100 20 31 64 60 30 27 58 34 46 57 62 48 36 54 97 98
11 64 27 53 54 100 89 22 42 24 72 50 16 17 17 3 42 68 51 73 100 82 31 55
36 12 44 38 75 8 3 23 15 25 45 74 22 42 23 85 25 62 57 60 35 75 93 43
77 36 21 24 4 23 100 62 52 97 97 86 43 4 48 22 17 93 64 62 59 16 70 46
67 32 87 71 69 90 10 7 7 41 96 13 70 18 28 3 52 73 67 79 1 47 42 20
87 36 19 39 77 71 27 10 69 33 79 26 92 34 72 9 13 91 2 94 11 23 94 87
84 94 7 27 66 91 30 74 97 45 74 66 39 12 65 40 66 53 7 98 57 20 18 10
12 5
16 13
4 9
18 2 4
5 73 3 63 71 75 53 12 48 71 63 88 26 73 97 56 24 35
31 85 31 17 42 71 60 25 97 15 75 36 22 72 88 96 20 40
14 29 96 15 6 7 27 14 91 28 51 98 79 97 42 12 50 44
75 91 35 91 75 19 47 18 4 74 50 75 18 43 97 100 14 91
36 95 86 80 52 66 38 48 93 70 15 71 2 12 36 96 58 1
16 23 80 32 60 74 19 44 98 24 57 47 89 81 15 24 51 60
15 87 20 86 33 96 7 54 25 98 62 40 36 9 55 42 84 50
26 4 51 73 88 59 64 9 94 34 53 87 54 90 91 76 53 77
42 40 58 9 35 100 37 29 72 90 31 28 84 99 26 92 54 35
52 80 26 99 59 37 94 24 100 15 32 69 50 39 37 99 58 59
5 36 45 36 75 100 83 7 7 79 20 77 73 74 33 26 37 9
29 35 95 21 93 75 73 80 91 30 8 57 79 94 13 98 97 57
64 35 20 4 6 36 57 2 84 58 97 8 35 66 92 77 30 97
66 67 20 62 96 21 61 87 48 41 10 43 11 98 80 19 14 23
84 70 42 46 22 62 77 6 96 62 32 72 7 12 15 44 74 67
5 32 20 24 31 13 81 53 14 12 90 1 55 23 96 56 71 94
98 75 47 79 33 66 73 77 67 11 71 38 88 21 46 63 41 44
11 80 27 15 87 4 67 17 71 13 85 59 40 15 11 9 8 6
17 10
10 6
12 2 24
59 4 12 55 89 63 19 54 31 49 73 70
1 79 6 42 20 45 56 24 93 2 21 77
85 31 37 16 51 58 39 32 77 35 99 91
92 95 14 89 3 14 65 29 37 85 50 24
45 24 24 76 33 55 50 13 5 27 72 61
49 64 63 51 85 83 43 80 98 74 72 98
54 14 30 25 61 18 9 97 76 61 48 76
41 26 8 28 91 90 32 4 26 88 36 33
79 56 85 78 83 39 94 62 47 61 47 14
91 55 49 26 31 8 32 77 44 18 15 16
16 65 26 51 71 40 75 83 41 11 1 35
58 61 28 29 58 24 93 29 11 42 81 78
2 3
8 0
5 2 18
85 5 23 45 92
8 48 79 19 10
39 42 33 1 77
22 35 24 70 75
7 1 25 14 49
1 3
2 2
2 1 1
47 44
36 78
0 1
1 1 24
86
0 0
25 4 21
93 45 5 59 51 52 91 63 55 38 92 59 34 43 69 62 63 100 24 98 94 93 1 15 38
21 39 34 57 11 99 74 19 88 42 100 19 44 40 34 57 98 34 3 40 98 58 49 56 33
23 39 87 84 86 54 31 96 13 47 72 45 82 38 19 16 81 59 75 18 25 79 91 82 29
9 69 48 91 34 43 18 63 30 61 76 88 12 78 73 66 51 77 86 5 14 4 86 90 9
72 2 81 73 57 11 34 84 35 68 31 32 32 97 84 73 5 3 80 3 49 39 66 26 44
37 80 12 12 83 49 74 71 81 71 68 51 85 40 91 82 16 23 45 7 37 87 86 86 100
27 98 80 24 80 33 69 25 67 73 3 50 90 86 77 48 4 1 49 94 37 54 17 86 26
91 14 55 16 27 82 85 20 1 9 85 97 13 5 11 4 18 62 1 76 97 33 86 59 67
45 31 93 29 15 44 32 64 66 86 49 39 44 80 29 87 17 98 26 24 79 50 47 49 64
20 2 55 32 74 79 39 59 42 81 51 77 19 27 55 9 69 2 73 56 8 9 68 75 54
10 25 39 7 17 94 58 29 65 59 43 67 66 21 85 43 74 70 71 89 54 58 95 45 95
78 12 56 56 88 47 29 58 83 37 37 86 63 68 38 100 11 88 47 41 31 23 9 62 37
44 52 1 1 98 18 17 19 87 27 8 81 68 19 74 9 47 38 15 10 71 80 45 75 91
11 87 41 19 69 41 92 76 78 30 45 28 95 81 99 68 27 19 64 46 4 68 4 87 56
76 60 82 89 41 14 12 91 58 93 61 57 57 58 28 40 69 57 7 38 94 57 60 37 16
40 51 33 85 59 89 44 35 81 9 33 55 8 10 52 8 44 38 74 53 45 59 61 40 78
14 15 35 99 35 1 24 1 98 82 64 58 18 77 78 15 46 54 17 72 1 76 5 16 77
7 92 69 1 60 24 3 100 94 85 42 82 50 76 67 73 46 19 86 18 100 60 66 15 15
21 21 38 46 48 82 63 67 18 70 75 50 50 7 99 66 19 12 89 41 18 62 23 25 63
20 61 92 73 17 28 10 56 78 34 78 3 57 27 34 60 47 65 70 49 87 81 99 22 37
65 58 51 50 79 57 19 37 45 85 17 6 8 4 70 57 11 81 25 36 8 70 19 20 43
95 68 91 90 64 84 73 10 56 9 33 48 64 68 89 95 17 83 45 6 12 91 81 41 42
21 37 97 38 43 87 93 10 26 88 21 91 61 53 51 19 38 88 13 19 12 51 75 59 62
25 10 59 8 28 5 19 16 72 46 56 7 73 31 55 28 15 28 16 48 7 79 81 100 66
80 3 58 73 75 77 18 22 81 52 94 53 41 16 62 83 68 40 46 2 90 58 35 40 67
17 9
6 16
6 9
0 7
8 3 24
34 27 25 7 58 7 64 27
67 72 54 33 23 16 16 84
34 18 25 24 59 78 49 31
70 66 91 9 40 4 79 25
53 85 11 92 54 38 12 33
14 87 73 79 53 8 45 73
48 67 77 14 44 98 75 30
32 18 69 97 24 83 100 53
3 6
2 6
3 5
9 5 2
22 46 32 18 51 22 54 18 20
27 47 41 90 56 47 13 56 66
36 8 100 67 47 8 27 7 80
53 30 91 94 81 14 21 52 72
35 31 30 39 2 43 39 5 36
86 51 85 99 15 31 76 44 70
60 32 32 23 64 66 33 19 96
53 62 6 82 28 49 19 80 41
8 48 68 94 99 94 83 6 3
4 7
7 0
2 3
8 2
1 3
14 1 15
4 64 36 48 60 22 44 30 68 1 32 83 63 23
82 63 34 63 77 47 58 59 13 68 53 66 92 52
74 82 22 11 70 45 93 71 15 36 74 65 67 100
96 22 64 45 97 57 69 50 44 22 25 81 10 9
41 81 58 4 77 26 89 20 42 2 27 57 68 79
21 20 77 88 28 72 37 1 19 54 2 6 45 31
52 70 43 92 11 77 94 9 3 15 32 45 25 4
58 71 46 54 62 96 9 52 24 10 11 21 72 80
14 83 54 22 96 66 29 27 66 77 30 22 16 68
31 16 90 100 46 40 2 79 28 48 2 49 2 88
57 28 12 58 61 37 83 67 23 60 20 33 76 73
24 78 87 43 85 97 77 82 28 81 2 100 43 49
21 16 9 10 42 6 34 16 48 75 5 21 39 88
52 54 87 28 28 46 1 15 92 41 43 11 46 84
10 6
7 2 8
57 28 82 64 21 34 87
53 83 6 62 12 8 33
85 51 1 98 71 15 89
36 77 55 50 65 93 89
81 57 75 63 2 42 14
16 33 97 94 30 26 48
77 82 96 95 25 46 1
3 6
2 4
2 3 2
95 44
77 43
1 1
0 0
1 0
1 1 15
63
0 0
17 1 20
1 64 85 51 60 58 80 9 69 9 82 16 46 9 60 20 9
24 46 8 58 7 68 46 35 97 16 47 37 1 91 3 44 36
49 58 33 42 7 58 54 5 77 49 80 4 71 81 41 69 47
59 50 1 70 39 42 67 92 34 58 63 76 89 52 34 24 86
33 40 6 97 10 65 35 85 2 99 11 72 2 23 96 24 1
59 5 29 45 73 16 45 58 77 46 74 49 61 97 75 30 95
26 29 77 90 41 24 91 89 24 43 82 41 3 36 83 77 68
25 48 35 72 30 84 48 89 63 23 53 89 99 12 45 78 7
8 66 35 91 64 42 62 3 8 38 49 24 33 25 60 49 77
37 58 97 50 95 83 94 43 27 26 36 75 55 8 49 68 86
59 90 50 7 41 41 48 29 87 30 87 99 71 96 23 16 75
53 44 91 27 29 70 80 69 6 77 12 15 100 19 40 12 28
61 96 6 26 28 70 44 32 72 49 6 64 98 86 38 77 68
30 69 30 97 23 42 19 84 62 72 43 81 48 59 65 6 8
97 24 97 74 17 96 14 43 53 30 44 87 89 13 46 60 55
20 28 41 2 59 98 38 87 100 34 4 7 27 18 37 26 6
47 81 49 94 61 61 67 16 55 76 87 69 73 87 83 65 62
3 12
15 1 19
87 63 75 37 68 87 80 88 98 37 17 91 76 79 3
99 83 53 26 52 67 86 83 3 39 30 26 80 21 92
38 46 80 38 59 69 82 7 48 53 97 100 23 69 15
40 75 38 3 63 24 47 79 39 94 64 15 29 29 38
85 9 35 98 23 6 54 10 19 37 44 1 3 73 50
63 50 74 29 18 97 68 9 31 99 55 64 15 13 21
40 98 67 47 47 37 45 93 88 9 95 83 31 72 33
45 41 8 91 98 87 61 95 16 74 44 1 96 69 69
83 56 97 41 68 48 15 9 29 37 68 88 27 76 28
61 75 44 38 79 84 50 21 80 52 77 51 47 5 94
1 72 18 63 97 47 99 13 93 70 28 18 60 33 94
32 63 30 91 16 47 82 88 39 66 62 84 14 11 25
91 7 95 23 93 18 87 25 2 12 50 27 97 30 81
90 58 97 88 6 15 15 1 7 85 53 32 98 12 18
68 79 36 20 1 30 64 48 34 34 80 87 54 76 27
11 4
3 4 4
11 42 24
21 79 77
67 68 55
0 1
1 2
2 1
0 0
23 2 17
58 79 38 67 50 13 9 81 73 55 32 62 67 24 20 45 34 100 88 40 2 5 94
21 67 99 78 40 88 70 22 3 78 25 33 29 54 23 20 86 92 91 86 56 49 71
89 64 42 47 83 78 46 72 87 17 25 75 53 6 20 54 32 66 86 86 21 18 80
99 22 8 30 34 41 67 80 33 98 73 62 84 13 49 81 9 26 96 94 49 30 9
26 2 11 92 53 28 31 71 74 79 28 91 71 93 51 26 38 62 34 75 52 22 99
4 79 59 74 42 48 58 5 94 5 28 86 28 80 31 85 7 21 99 44 4 26 69
84 77 88 17 77 24 58 1 99 40 29 46 75 25 15 26 8 23 78 47 3 14 39
99 66 98 90 92 55 31 49 28 76 12 13 92 95 100 35 35 40 99 32 5 43 75
1 39 18 49 1 55 80 19 5 81 45 74 62 56 41 33 25 15 96 3 52 68 20
3 85 51 97 73 45 58 48 24 91 95 81 96 41 8 56 9 66 61 96 32 65 88
75 37 25 65 79 100 38 44 22 42 13 44 80 21 26 6 69 6 40 63 19 38 50
61 75 14 77 88 43 33 86 34 50 62 51 37 26 98 90 52 49 25 47 57 45 37
87 43 2 77 72 47 21 59 17 70 48 4 81 4 57 12 46 7 27 96 62 14 80
26 42 86 44 37 56 47 10 86 26 37 40 52 73 90 26 84 12 83 69 78 97 85
15 8 67 21 93 81 64 57 95 99 66 77 46 1 43 68 98 17 97 76 53 22 28
50 7 77 54 83 100 65 90 5 100 46 93 56 58 88 6 92 8 69 48 70 42 38
62 13 43 30 69 86 92 52 46 37 29 6 86 89 81 77 4 93 35 87 39 25 35
95 99 57 56 82 8 44 69 83 46 50 80 65 35 22 68 91 27 23 95 41 17 79
23 73 54 45 91 17 89 79 91 16 22 32 52 20 40 82 60 89 62 56 93 11 1
13 56 83 95 9 2 68 45 8 95 79 77 96 50 6 93 70 11 95 40 32 6 54
7 23 49 86 26 23 52 73 73 5 27 100 25 81 60 8 3 83 18 35 66 2 5
5 40 37 86 25 14 76 73 50 2 17 37 24 53 40 84 61 88 89 87 19 83 29
70 35 1 83 47 100 71 71 88 13 34 23 63 45 7 87 83 47 10 26 70 92 14
15 1
1 13
11 3 18
71 60 40 75 11 82 75 43 80 45 49
6 85 68 47 81 9 16 52 5 84 62
87 15 73 60 52 74 3 32 57 71 37
73 26 48 64 56 71 20 48 79 23 96
87 26 41 25 23 16 91 72 40 51 35
84 9 90 16 30 79 38 65 27 18 21
76 33 75 17 99 17 28 42 67 17 4
78 58 85 57 64 93 4 30 38 72 28
30 10 40 85 24 94 39 55 86 18 63
14 91 35 50 86 22 67 84 85 88 58
9 23 47 100 32 64 22 49 100 48 40
9 4
5 1
9 6
9 5 10
96 50 50 37 78 75 91 20 93
94 22 3 7 93 39 34 4 69
33 21 57 14 63 77 35 57 1
18 11 11 52 89 44 52 74 86
4 64 33 73 75 54 32 8 74
35 56 31 89 63 71 99 80 34
28 34 56 33 89 43 7 5 23
62 71 44 18 3 53 64 92 94
32 46 27 69 4 37 55 65 33
2 3
5 0
2 6
4 8
2 5
9 4 12
38 23 30 90 86 49 59 89 39
13 80 88 14 55 80 81 24 55
39 82 8 55 100 37 12 51 11
84 39 22 12 8 16 45 97 95
35 59 25 88 47 62 42 75 68
79 51 62 94 60 26 91 32 98
97 44 16 29 61 53 39 41 87
25 30 45 97 51 36 73 63 80
4 37 16 84 58 13 85 16 60
8 4
6 5
0 2
3 2
8 5 5
87 16 68 15 1 23 34 86
10 75 85 57 7 89 93 86
92 83 34 98 47 24 47 90
7 81 39 12 77 2 46 72
11 12 61 66 58 34 69 93
75 59 9 78 22 35 85 36
41 69 50 33 2 5 79 5
94 66 29 94 34 10 9 72
1 5
7 3
0 7
7 1
3 1
9 5 2
44 82 61 98 14 25 51 2 80
7 98 32 29 13 13 58 68 64
39 93 29 51 34 76 21 2 46
51 41 72 17 45 85 42 59 36
58 72 50 4 94 78 12 93 97
62 1 15 85 5 15 94 43 73
62 30 53 13 23 2 82 12 26
11 43 42 33 41 84 38 89 45
3 96 11 18 10 50 22 19 93
6 3
1 7
2 6
0 8
5 8
2 2 20
29 72
12 71
1 0
1 1
9 3 14
28 6 65 49 4 60 50 42 22
84 19 17 16 40 70 26 2 42
61 78 12 33 82 86 46 29 71
85 86 19 14 77 6 66 85 27
95 70 62 44 19 35 32 25 62
22 92 80 74 62 27 9 3 33
30 14 18 1 38 90 75 73 41
17 59 19 50 19 28 82 23 26
83 80 32 58 7 57 40 84 32
8 3
0 8
4 0
18 2 25
94 16 11 26 53 74 70 13 21 34 20 63 29 97 80 33 44 82
27 28 30 22 65 47 43 84 86 47 99 16 95 23 75 51 35 78
39 91 64 97 60 60 28 30 28 91 12 11 4 88 80 39 23 32
94 65 26 87 57 74 28 87 11 58 4 97 92 98 87 65 70 38
35 57 74 22 57 71 6 1 81 97 24 78 47 49 55 52 57 25
74 53 68 66 34 19 69 35 39 65 4 97 99 65 64 79 63 65
21 86 3 1 66 55 12 47 86 17 11 87 72 78 76 52 77 91
22 6 37 88 73 16 61 3 3 80 17 39 94 24 95 19 60 43
49 53 31 65 55 43 99 14 27 1 83 38 61 11 2 36 20 67
3 40 4 45 95 52 57 83 99 79 27 37 12 61 1 32 86 43
6 59 88 90 99 16 18 14 16 8 43 32 81 24 32 93 23 48
84 36 44 6 70 100 65 15 67 49 89 33 77 6 77 63 74 20
41 76 41 68 87 64 95 18 90 99 28 18 30 65 28 17 27 78
30 15 74 46 100 62 38 19 18 37 43 70 64 53 8 81 10 57
75 51 38 57 50 59 82 11 91 12 100 52 81 22 100 29 85 14
40 12 2 84 35 51 91 23 15 48 75 69 12 92 59 13 84 41
12 22 40 28 32 59 48 33 57 17 29 87 91 39 65 48 48 53
4 23 72 50 60 21 64 14 33 62 66 40 100 61 41 11 55 86
16 12
4 17
21 4 15
75 17 39 35 98 27 13 69 29 73 43 31 45 18 7 26 73 79 31 15 95
54 86 26 76 26 53 17 18 10 5 86 71 97 44 48 88 15 66 57 13 83
34 62 94 73 14 22 38 83 28 1 90 4 45 24 47 60 53 35 60 35 77
43 48 70 40 4 73 61 50 50 68 15 25 74 62 83 72 38 56 20 61 71
75 26 100 56 16 31 91 93 69 66 38 32 78 37 15 61 49 46 25 16 99
37 52 31 67 76 3 36 46 96 93 26 7 46 41 98 90 49 8 49 2 25
21 78 26 66 31 38 49 44 19 79 33 47 45 47 58 5 46 19 94 25 77
87 43 28 49 83 28 2 96 25 6 47 51 66 76 87 5 62 34 69 78 54
2 65 98 11 32 80 85 32 37 33 98 50 92 45 48 23 55 99 32 79 34
30 35 27 76 95 37 98 52 83 82 26 36 24 5 99 9 77 72 44 32 7
56 86 61 74 40 76 100 30 23 4 4 54 32 17 52 1 95 43 32 43 6
2 4 22 37 77 63 90 52 22 44 62 5 36 23 53 77 12 72 94 75 50
80 5 88 24 22 51 68 22 88 25 39 9 84 81 57 70 47 15 29 74 47
25 55 40 6 59 33 98 78 72 53 92 72 96 88 8 24 63 38 10 96 8
89 22 51 90 57 45 49 93 24 86 90 74 79 68 16 78 58 41 26 15 17
59 85 23 34 88 8 27 97 29 84 88 60 68 23 83 73 94 31 51 86 8
4 45 98 53 100 82 77 50 80 89 30 89 42 73 96 22 21 17 27 78 24
31 99 100 10 100 97 35 8 8 22 96 15 77 81 38 69 77 70 57 36 98
30 97 28 2 83 83 1 81 98 8 48 51 74 58 39 75 5 72 68 96 2
67 8 15 84 35 4 56 44 82 78 12 93 2 49 97 54 96 42 15 4 28
51 27 96 54 28 60 15 32 71 7 87 58 31 6 33 22 64 65 34 82 55
3 17
16 5
15 10
0 8
15 1 13
71 34 81 53 36 17 4 23 52 20 36 51 44 75 55
71 81 68 2 63 10 44 17 88 11 31 1 31 32 90
50 16 66 21 66 99 41 86 90 62 92 90 80 62 56
63 86 67 73 6 88 12 69 56 54 16 26 2 27 81
90 38 69 29 42 6 49 22 33 5 71 76 7 93 34
32 86 50 88 31 45 73 15 5 28 40 94 53 11 23
40 13 74 29 23 35 33 2 72 63 47 21 54 25 24
84 94 44 78 2 28 57 80 16 99 73 15 95 57 8
65 41 78 17 15 1 78 21 15 100 42 88 70 30 19
91 90 94 37 94 15 18 62 22 52 28 86 39 7 89
13 80 31 42 76 6 40 19 9 47 65 7 77 71 77
66 47 80 67 1 88 51 93 72 21 57 50 50 81 44
53 66 77 49 33 3 26 41 22 37 54 34 64 89 43
65 83 4 70 19 9 40 6 79 100 45 35 5 56 25
73 94 12 96 44 95 18 86 1 58 31 34 99 74 87
3 2
2 3 25
92 89
77 76
1 0
0 1
0 0
19 2 5
17 44 29 61 41 65 9 40 6 10 20 80 8 24 46 11 40 65 84
73 52 5 5 88 9 10 26 47 91 78 92 85 93 17 2 30 33 23
26 67 52 99 20 12 27 17 77 83 86 32 94 34 98 80 100 7 44
25 98 73 38 11 12 38 25 68 49 12 27 58 18 57 30 89 41 72
96 67 44 29 65 36 86 75 27 28 43 83 51 59 62 93 67 65 39
50 100 51 55 3 74 24 67 89 17 4 45 75 79 76 75 41 77 15
61 31 65 72 29 94 66 72 47 99 46 43 49 62 10 39 99 92 19
58 56 24 39 60 45 29 21 39 91 69 24 4 43 51 44 79 13 20
80 71 17 83 52 49 7 65 76 78 36 64 42 6 49 3 23 18 8
39 84 14 24 75 37 55 56 16 3 44 28 41 43 34 54 52 36 97
73 11 94 85 76 15 28 93 43 22 87 3 83 44 3 29 92 16 56
73 69 60 97 81 47 78 1 46 96 32 52 96 73 89 42 95 57 28
47 55 38 58 56 50 93 22 58 94 56 75 59 15 16 63 50 60 44
21 16 71 91 73 65 8 44 62 40 69 70 21 89 71 9 3 90 8
13 71 52 87 66 39 100 9 14 43 33 46 68 14 89 27 86 63 94
80 92 98 85 81 59 62 22 67 79 72 78 60 3 43 45 49 92 6
64 55 51 1 16 52 81 5 85 58 68 75 1 99 15 58 54 2 59
8 49 52 47 33 79 3 97 30 67 45 40 62 20 35 82 96 48 12
69 59 24 24 86 78 8 32 68 73 76 9 94 96 57 56 100 94 67
9 17
2 11
6 3 21
82 23 54 75 24 92
10 27 69 91 87 53
44 40 45 90 74 46
10 3 83 82 9 52
43 82 88 18 48 51
17 10 37 25 28 40
1 2
5 4
4 4
23 4 23
33 7 71 18 21 73 80 26 11 33 32 18 78 87 33 64 72 90 47 5 6 79 62
24 45 66 63 29 27 89 82 98 57 95 44 7 19 63 44 49 11 69 44 44 27 56
1 60 98 63 47 72 22 100 71 15 41 48 64 21 10 79 56 51 49 36 36 86 68
87 38 71 11 94 99 21 13 41 54 34 9 49 21 54 59 6 19 16 86 6 52 94
45 76 92 32 53 37 33 33 81 78 61 44 99 93 86 20 6 64 59 86 37 65 38
76 66 39 61 96 66 80 57 82 1 16 21 87 55 69 17 35 70 53 96 95 2 94
61 40 90 42 85 40 79 27 13 53 15 24 78 43 81 87 23 50 8 27 25 1 71
34 12 71 26 5 65 57 33 10 87 86 18 71 80 73 6 90 30 52 55 31 59 55
39 56 4 27 69 68 77 63 34 45 27 66 12 36 46 87 48 26 95 89 61 85 55
71 95 87 79 92 91 36 86 91 52 78 87 18 74 66 43 85 83 80 23 73 75 17
19 26 42 45 96 24 25 71 50 68 19 61 66 92 77 34 58 33 2 51 97 98 82
12 67 63 62 57 13 36 17 51 51 99 46 51 50 91 29 97 33 32 76 68 15 27
96 8 85 24 34 17 75 97 96 95 78 70 10 48 85 24 59 37 21 40 13 75 44
13 40 3 54 9 95 70 22 89 30 95 25 15 11 54 20 81 23 81 47 38 59 52
87 80 53 9 51 53 83 59 24 68 17 45 21 93 17 28 41 82 86 9 53 50 77
44 27 87 18 29 84 42 37 81 30 42 97 50 9 71 77 99 99 59 1 22 38 63
67 80 76 68 61 55 72 56 37 70 25 88 70 11 17 40 68 24 12 66 84 39 41
60 79 50 39 10 56 69 34 44 21 63 52 2 17 17 93 26 82 48 73 82 64 63
55 64 98 24 90 15 5 14 86 53 62 95 47 80 60 20 32 40 51 99 100 15 49
77 14 40 35 47 92 45 63 8 18 69 48 56 25 35 38 48 91 25 11 21 76 27
81 94 61 51 8 14 4 2 90 90 36 13 33 53 34 28 51 9 58 94 86 9 3
36 39 34 54 85 2 75 75 20 12 46 55 69 8 89 70 5 75 62 99 91 4 5
19 24 31 97 14 41 69 18 37 24 15 95 54 7 10 51 36 77 87 95 56 42 12
3 21
19 13
7 7
1 7
0 0 0
