18

21

15

14

30

22

7

36

17

45

27

34

57

32

9

25

42

13

26

22

22

28

25

11

34

44

4

18

38

18

19

4

37

33

37

21

13

32

36

32

27

34

28

23

16

17

30

11

19

38

18

25

49

7

18

31

21

47

28

28

6

13

29

20

41

30

29

24

24

5

13

44

23

30

9

24

12

39

27

43

33

45

15

46

15

14

25

17

32

14

39

50

15

16

30

23

35

10

41

7

27

15

42

21

29

55

10

11

47

31

8

27

36

25

30

7

23

44

25

28

36

29

18

33

25

39

30

11

39

12

44

30

45

27

12

48

23

25

13

17

34

12

38

31

25

23

26

20

32

10

9

17

51

32

16

37

6

43

21

35

29

39

20

17

31

45

19

37

22

20

23

16

26

21

21

16

21

40

19

30

45

39

22

17

23

51

39

36

27

19

10

27

29

44

17

21

31

27

49

15

6

10

39

18

18

32

8

32

25

8

41

16

12

43

14

27

36

42

16

32

43

39

31

43

16

21

29

21

35

12

19

22

41

12

11

42

16

31

14

18

18

19

6

28

26

21

6

43

8

33

29

13

21

15

23

41

49

23

13

46

26

32

29

26

32

16

28

24

33

43

14

28

38

57

39

5

29

13

31

20

20

7

35

10

8

15

13

37

30

35

32

45

25

40

25

30

18

24

29

40

9

25

8

27

15

20

51

14

41

4

35

36

40

5

47

6

15

46

19

7

35

31

41

48

32

5

13

32

28

26

29

28

37

10991

3547

38222

36331

29740

19551

13075

37828

7632

20952

24498

26555

45403

3800

44137

27451

31718

10255

8385

36745

13083

29307

12404

42732

7697

3682

12311

33889

51169

44285

25223

37327

28236

32618

8068

12111

41049

48691

38910

35023

32657

27459

10239

21354

31332

9583

26561

31424

32966

28129

47890

19546

29872

18514

6535

45635

29823

15702

24115

25221

41130

26249

28333

25964

32785

36527

11986

16831

31061

14136

15791

39491

22367

13412

26125

9366

11764

29451

17741

30657

36597

57972

15523

16061

8983

12701

23808

20336

7907

50463

21876

35997

14404

13030

15585

14203

32051

39929

18557

13611

15142

14423

19632

48015

26422

35416

26094

22919

54599

26869

42045

19593

11550

33192

41213

10980

17702

10329

6777

51835

49682

25780

8492

6771

28357

32693

17922

6378

40821

8900

15773

16884

6751

15292

23358

58090

26750

20051

9880

9898

7040

30144

19106

6469

28890

29743

35651

34307

20105

28032

30074

43586

28501

9335

39617

28982

37459

28983

30022

45633

34329

16211

35466

27443

23748

26572

21876

20725

19735

43413

26376

7116

41155

42800

18720

41383

49025

36593

9475

12699

45207

48126

14568

16780

12487

51035

41175

30449

16316

16687

32957

29804

20817

10415

8165

36100

16909

20535

12465

45109

15757

14732

29187

10031

29180

9325

5905

41368

26220

20583

9992

46332

11368

26694

15756

32381

14333

5017

39397

17363

48988

55043

43567

38694

18559

20459

39525

12018

15634

39269

12157

37776

37508

22458

16893

17627

49400

38209

14606

25261

9655

48573

23049

29595

10195

47775

30002

13384

23017

30397

39942

29430

35888

17732

16347

39193

36424

42861

7720

26745

9685

17375

17337

57390

17807

31650

15882

38996

18427

11475

13350

18006

25812

12005

25421

7781

15346

39201

29312

28627

38347

25481

21294

36509

18603

15605

25873

31344

10825

11328

42984

36119

37006

9834

25333

15173

39820

8545

24915

12002

14153

20232

13899

10944

22414

22152

23002

18246

15899

36364

26777

23972

39164

12773

44702

13186

9142

33958

27088

12919

6437

25608

9478

39094

4127

27270

3016

34768

28536

34733

20970

25747

2097

38981

37562

22440

17831

27760

3778

9981

30564

37178

33299

32710

22368

27562

43286

30093

37602

35178

16944

52969

11788

30406

21948

17167

34489

34340

29425

34302

29979

22999

4907

19253

31466

10244

37333

13429

25994

35435

4903

23192

21477

42663

30055

3648

9104

15872

14491

48444

32088

17368

35494

31787

14114

27453

15973

11577

29670

7378

12720

34375

37814

36731

30332

36588

27486

41564

41741

4993

4517

44285

9865

23891

15546

29103

33694

10601

19067

36135

17369

15524

19005

43101

28909

38628

35048

28654

16901

26828

29071

17182

33862

25482

14149

36452

19191

29397

27146

10964

3794

15110

16893

10938

16131

28659

33332

34698

41013

41994

21234

40594

30051

23810

30724

2991

29012

22624

34149

5968

16177

8725

48989

37624

29929

10222

6069

40571

28149

15542

35954

15097

37636

33957

25578

43857

34287

28039

23426

17785

40669

28233

23548

25166

40391

16361

37610

32290

33735

29456

30499

34895

9803

17444

18233

43484

50097

498

11666

25059

6679

19505

41905

15178

22732

47419

44715

22634

2047

40046

25883

8503

28183

48551

15150

11579

20030

8456

29336

38563

30514

37084

34502

32210

37201

2806

11569

25719

13865

17082

47874

24084

19300

44226

30840

41556

34399

25623

17867

19378

39461

45421

6670

8521

45803

33588

6561

31479

32109

8163

11419

15033

14238

11407

30664

10495

10898

39704

9183

3307

35833

4203

31677

44724

28170

25835

10723

41146

17990

13595

36289

20477

18043

29091

16751

21243

18026

15153

18621

53285

10337

23060

3752

27111

9002

10021

32507

47276

31851

7945

20249

15308

38573

17090

30469

4052

8295

30999

18687

6830

21528

42956

26934

17605

15983

20208

8445

56544

19657

21256

10656

17797

17861

4695

26589

47549

37027

32000

50346

6901

38446

35760

50612

18327

31762

20506

17728

14065

40855

21752

12498

46065

3069

29997

26650

10963

15378

31312

29339

17976

49321

37632

42277

13841

34879

9471

43312

18778

20050

18874

50701

38667

24182

5503

11474

31940

12921

21392

4284

11729

28624

26366

27726

19618

33392

32274

31897

9354

31866

6433

49443

47004

31370

19643

28463

38555

45929
