6 8 10
12 16 20
10 24 26
14 30 40
18 24 30
16 30 34
14 48 50
24 32 40
30 30 48
20 48 52
32 50 78
30 40 50
26 80 102
28 60 80
18 80 82
40 40 48
40 42 58
24 70 74
36 48 60
32 60 68
30 72 78
42 56 70
22 120 122
50 66 104
28 96 100
42 90 120
48 64 80
32 104 120
26 136 150
50 78 112
42 170 208
60 60 96
70 88 150
40 96 104
64 100 156
54 72 90
32 126 130
34 174 200
48 90 102
26 168 170
72 80 136
66 78 120
60 80 100
52 160 204
56 90 106
50 104 126
72 182 250
56 120 160
34 210 232
36 160 164
66 88 110
50 120 130
42 144 150
48 174 210
80 80 96
72 102 150
80 84 116
48 140 148
30 224 226
72 96 120
66 112 130
80 102 154
62 312 370
64 120 136
48 200 232
46 280 318
90 90 144
40 198 202
78 104 130
114 120 222
70 150 200
60 144 156
96 150 234
78 120 126
90 168 246
84 112 140
34 288 290
96 110 146
44 240 244
100 132 208
104 112 120
80 136 168
56 192 200
90 120 150
72 154 170
78 240 306
170 240 406
70 168 182
80 150 170
130 130 240
84 180 240
96 128 160
64 208 240
78 160 178
52 272 300
54 240 246
70 200 234
130 238 360
100 156 224
84 340 416
38 360 362
48 286 290
120 120 144
120 120 192
102 136 170
72 330 390
86 518 600
140 176 300
160 182 330
102 150 168
120 126 174
72 210 222
42 390 408
80 192 208
128 200 312
108 144 180
54 438 480
64 252 260
128 450 574
68 348 400
98 210 280
46 424 450
184 234 410
70 240 250
90 246 312
88 200 240
96 180 204
114 152 190
52 336 340
210 338 544
110 272 366
144 160 272
136 150 154
42 440 442
130 144 194
132 156 240
90 266 328
120 160 200
90 216 234
174 238 400
120 208 296
104 320 408
112 180 212
100 208 252
144 364 500
88 234 250
126 168 210
112 240 320
150 150 240
120 182 218
56 390 394
120 222 306
68 420 464
72 320 328
132 176 220
112 210 238
66 360 366
150 198 312
54 550 584
66 600 654
100 240 260
160 250 390
84 288 300
96 348 420
46 528 530
160 160 192
138 184 230
114 800 910
144 204 300
160 168 232
96 280 296
60 448 452
90 328 374
126 270 360
170 208 342
144 192 240
96 312 360
78 408 450
102 280 298
130 238 312
182 250 408
110 264 286
132 224 260
160 204 308
110 366 448
124 624 740
150 200 250
150 234 336
126 510 624
128 240 272
96 400 464
92 560 636
180 180 288
50 624 626
130 400 510
80 396 404
114 296 350
72 520 560
156 208 260
64 510 514
228 240 444
98 336 350
210 264 450
140 300 400
150 234 240
120 296 352
94 850 936
174 200 286
104 330 346
88 582 650
120 288 312
192 300 468
162 216 270
90 400 410
156 240 252
174 210 288
96 378 390
180 336 492
110 414 488
102 522 600
176 210 274
286 336 610
174 360 510
168 224 280
200 200 240
200 408 592
144 270 306
74 822 880
68 576 580
78 504 510
54 728 730
168 390 534
246 416 650
200 902 1098
114 352 370
174 232 290
130 312 338
154 330 440
216 240 408
72 600 624
200 210 290
120 350 370
170 280 390
146 1170 1312
192 220 292
88 480 488
200 264 416
210 210 336
198 234 360
208 224 240
160 272 336
112 384 400
192 280 424
180 240 300
208 222 350
144 308 340
170 264 314
156 480 612
168 270 318
150 312 378
216 546 750
340 480 812
200 232 288
186 248 310
72 646 650
140 336 364
224 350 546
130 510 608
160 300 340
260 260 480
210 232 286
110 488 546
66 872 910
312 550 854
168 360 480
160 390 506
58 840 842
192 256 320
128 416 480
94 1040 1122
150 552 678
156 320 356
104 544 600
152 438 550
114 1144 1250
88 720 776
102 630 696
108 480 492
192 318 450
62 888 910
200 434 606
160 408 520
198 264 330
140 400 468
260 476 720
120 442 458
136 890 1014
306 370 656
86 1040 1110
168 328 400
208 280 408
200 312 448
168 680 832
120 848 952
150 360 390
270 290 520
126 432 450
144 522 630
76 720 724
96 572 580
240 240 288
240 240 384
234 410 616
204 272 340
182 390 520
144 660 780
238 240 338
112 850 942
270 760 1022
172 1036 1200
176 330 374
216 306 450
152 480 584
210 280 350
280 352 600
320 364 660
62 960 962
204 300 336
240 252 348
144 420 444
90 672 678
84 780 816
182 560 714
160 384 416
272 272 480
256 400 624
130 594 680
230 742 960
74 1050 1096
222 530 728
216 288 360
108 876 960
168 374 410
208 306 370
190 336 386
246 266 400
290 304 546
80 798 802
128 504 520
256 900 1148
136 696 800
182 1640 1818
222 296 370
196 420 560
350 350 672
170 390 440
110 600 610
250 330 520
92 848 900
368 468 820
198 336 390
240 306 462
238 400 594
410 986 1392
186 936 1110
140 480 500
180 492 624
176 400 480
338 528 850
110 1326 1424
82 1160 1218
240 312 312
192 360 408
144 600 696
228 304 380
170 408 442
138 840 954
104 672 680
420 676 1088
270 270 432
126 560 574
120 594 606
150 678 792
330 666 984
138 520 538
600 782 1378
66 1088 1090
220 544 732
234 312 390
288 320 544
342 360 666
272 300 308
222 350 352
84 880 884
170 728 870
260 288 388
280 280 336
210 450 600
264 312 480
312 370 638
232 650 858
180 532 656
240 320 400
160 520 600
272 322 510
136 570 586
180 432 468
288 450 702
348 476 800
130 680 750
94 1326 1400
240 416 592
208 640 816
186 582 720
224 360 424
200 416 504
288 728 1000
246 328 410
208 390 442
154 528 550
234 360 378
270 504 738
280 294 406
168 490 518
176 468 500
288 1586 1870
266 312 410
280 318 494
250 390 560
210 850 1040
208 408 440
264 464 680
252 336 420
182 506 600
88 966 970
296 306 350
70 1224 1226
160 560 624
224 480 640
300 300 480
190 456 494
240 364 436
210 416 466
112 780 788
152 1224 1360
470 1224 1690
240 444 612
102 864 870
258 344 430
246 374 400
176 1326 1490
200 606 754
136 840 928
144 640 656
150 616 634
350 440 750
264 352 440
224 420 476
192 494 530
288 330 438
132 720 732
300 396 624
108 1100 1168
286 610 864
132 1200 1308
280 342 442
240 666 870
200 480 520
320 500 780
130 770 816
186 650 776
150 806 904
312 336 360
240 408 504
168 576 600
192 696 840
238 510 680
92 1056 1060
270 360 450
222 2222 2440
320 320 384
182 560 630
216 462 510
210 936 1122
312 328 400
240 418 482
552 650 1190
160 630 650
234 720 918
74 1368 1370
360 800 1144
276 368 460
106 1600 1686
170 870 1000
510 520 1010
128 1230 1330
228 1600 1820
510 720 1218
288 408 600
310 464 714
330 330 528
86 1480 1530
190 928 1086
210 504 546
282 376 470
174 680 770
320 336 464
192 560 592
168 712 800
120 896 904
200 672 808
180 656 748
240 450 510
390 390 720
182 600 646
152 714 730
252 540 720
130 840 850
340 416 684
96 1150 1154
472 1066 1530
288 384 480
192 624 720
374 630 976
234 480 534
156 816 900
310 1184 1482
182 624 650
390 760 1130
204 560 596
260 476 624
364 500 816
440 930 1358
360 400 680
294 392 490
230 504 554
220 528 572
352 550 858
162 720 738
578 754 1320
210 600 702
390 714 1080
264 448 520
280 424 528
320 408 616
220 732 896
112 1256 1320
150 904 986
78 1520 1522
330 390 600
248 1248 1480
426 1000 1414
300 400 500
300 468 672
252 1020 1248
266 570 760
250 506 624
146 2050 2184
256 480 544
192 800 928
342 390 408
114 1080 1086
144 858 870
184 1120 1272
360 360 432
360 360 576
100 1248 1252
260 800 1020
306 408 510
450 574 992
174 750 816
280 450 530
250 520 630
360 910 1250
390 406 712
160 792 808
230 552 598
228 592 700
238 608 750
216 990 1170
94 1710 1768
144 1040 1120
154 840 854
350 462 728
312 416 520
258 1554 1800
272 488 600
128 1020 1028
306 656 910
456 480 888
196 672 700
432 510 894
420 528 900
480 546 990
280 600 800
300 468 480
318 424 530
240 592 704
528 544 1040
188 1700 1872
186 2422 2600
306 450 504
360 378 522
216 630 666
270 546 696
126 1170 1224
348 400 572
208 660 692
176 1164 1300
82 1680 1682
290 520 690
240 576 624
384 600 936
272 510 578
114 1950 2040
324 432 540
162 1314 1440
104 1350 1354
190 1086 1232
266 2928 3190
248 950 1158
318 450 528
170 1050 1160
180 800 820
86 1750 1776
174 832 850
312 480 504
348 420 576
192 756 780
360 672 984
210 1152 1326
384 1350 1722
330 440 550
220 828 976
304 520 696
200 808 912
390 390 624
168 874 890
152 1610 1734
204 1044 1200
442 928 1350
352 420 548
320 462 562
290 546 704
572 672 1220
294 630 840
272 546 610
366 414 600
138 1272 1350
552 702 1230
338 850 1152
250 600 650
348 720 1020
336 448 560
224 728 840
392 1184 1560
286 880 1122
210 720 750
240 870 1050
270 738 936
264 600 720
182 952 1050
392 2550 2938
400 400 480
400 816 1184
390 408 630
322 480 578
250 624 646
288 540 612
342 456 570
148 1644 1760
136 1152 1160
156 1008 1020
108 1456 1460
336 780 1068
630 1014 1632
492 832 1300
94 1904 1950
400 1804 2196
86 1848 1850
280 946 1182
166 2496 2650
128 1560 1640
228 704 740
348 464 580
330 816 1098
370 1560 1918
360 510 750
120 1530 1590
260 624 676
416 650 1014
308 660 880
598 1110 1696
350 546 784
294 1190 1456
232 1014 1190
432 480 816
144 1200 1248
518 570 1040
408 450 462
264 714 870
126 1320 1326
354 472 590
400 420 580
240 700 740
340 560 780
150 1120 1130
292 2340 2624
390 432 582
920 1566 2482
384 440 584
176 960 976
400 528 832
420 420 672
330 1526 1840
330 520 646
170 1160 1254
396 468 720
416 448 480
320 544 672
224 768 800
384 560 848
270 798 984
126 2280 2382
360 480 600
304 570 646
94 2002 2040
198 880 902
416 444 700
238 750 832
270 648 702
112 1566 1570
522 714 1200
442 1032 1450
184 984 1040
368 600 872
408 592 920
670 814 1464
186 952 970
246 1014 1200
288 616 680
322 690 920
424 450 494
750 848 1582
366 488 610
520 574 1038
518 600 1066
340 528 628
360 624 888
312 960 1224
214 3000 3206
238 770 840
490 616 1050
336 540 636
300 624 756
432 1092 1500
90 2024 2026
680 960 1624
400 464 576
372 496 620
330 560 650
400 510 770
264 702 750
390 534 792
414 448 610
440 440 528
310 680 870
310 1560 1850
144 1292 1300
406 666 1000
210 1326 1488
240 782 818
234 870 984
534 1430 1952
280 672 728
448 700 1092
260 1020 1216
270 704 754
378 504 630
1118 1550 2664
320 600 680
520 520 960
240 1000 1160
420 464 572
220 976 1092
132 1744 1820
624 1100 1708
184 1050 1066
230 1400 1590
754 816 1550
336 720 960
238 816 850
320 780 1012
450 450 720
406 534 800
116 1680 1684
106 2248 2310
314 3770 4080
366 546 600
360 546 654
168 1170 1182
312 822 1050
384 512 640
256 832 960
224 882 910
200 990 1010
360 666 918
442 954 1360
188 2080 2244
300 1104 1356
650 870 1496
330 624 630
312 640 712
208 1088 1200
238 1218 1400
304 876 1100
228 2288 2500
368 654 910
190 1326 1448
350 576 674
290 696 754
176 1440 1552
390 520 650
440 462 638
264 770 814
624 854 1450
570 600 1110
438 480 714
204 1260 1392
408 506 650
312 720 888
216 960 984
384 636 900
94 2208 2210
124 1776 1820
400 868 1212
320 816 1040
402 1352 1730
396 528 660
280 800 936
520 952 1440
304 690 754
350 750 1000
200 1110 1190
550 854 1368
338 1040 1326
336 630 714
294 1200 1446
240 884 916
272 1780 2028
612 740 1312
198 1080 1098
450 594 936
162 1650 1752
198 1800 1962
182 1176 1190
406 728 1050
172 2080 2220
448 488 600
336 656 800
416 560 816
400 624 896
336 1360 1664
240 1696 1904
360 598 698
402 536 670
120 1798 1802
480 510 510
300 720 780
540 580 1040
480 750 1170
390 560 646
272 2590 2850
252 864 900
288 1044 1260
138 1584 1590
152 1440 1448
664 1830 2486
192 1144 1160
312 880 1096
816 1230 2034
480 480 576
480 480 768
468 820 1232
408 544 680
390 1130 1480
232 1200 1352
392 1482 1850
750 2552 3298
134 2694 2800
504 560 952
390 600 630
234 984 1050
450 840 1230
168 2118 2250
374 976 1290
364 780 1040
288 1320 1560
476 480 676
224 1700 1884
414 552 690
540 1520 2044
342 2400 2730
310 744 806
114 2530 2600
344 2072 2400
352 660 748
462 546 840
432 612 900
738 738 1440
170 1392 1430
400 608 816
304 960 1168
624 928 1520
246 1190 1352
280 1182 1394
408 600 624
420 560 700
98 2400 2402
190 1448 1554
440 672 1000
560 704 1200
640 728 1320
290 816 866
124 1920 1924
360 680 832
222 1170 1272
438 550 728
338 1122 1400
550 2314 2856
408 600 672
480 504 696
288 840 888
180 1344 1356
168 1560 1632
426 568 710
270 984 1122
266 912 950
234 1040 1066
230 1590 1768
364 1120 1428
320 1274 1542
450 544 706
170 1440 1450
378 810 1080
320 768 832
544 544 960
128 1968 2000
512 800 1248
510 624 1026
162 3088 3230
392 630 742
350 728 882
504 1274 1750
260 1188 1360
240 1160 1288
460 1484 1920
200 1242 1258
148 2100 2192
444 1060 1456
432 576 720
288 936 1080
216 1752 1920
510 510 816
264 950 986
250 1672 1878
336 748 820
416 858 1190
370 720 910
234 1224 1350
368 690 782
416 612 740
506 520 630
380 672 772
492 532 800
210 1216 1234
580 608 1092
160 1596 1604
494 1344 1810
438 584 730
378 680 778
306 840 894
390 714 936
546 750 1224
408 1050 1398
210 3576 3774
256 1008 1040
512 1800 2296
520 520 624
1054 1554 2600
136 2080 2136
272 1392 1600
512 3842 4350
330 792 858
470 2262 2720
128 2046 2050
364 3280 3636
444 592 740
1050 1224 2262
392 840 1120
700 700 1344
480 550 730
340 780 880
220 1200 1220
500 660 1040
110 2670 2720
184 1696 1800
736 936 1640
102 2600 2602
396 672 780
480 612 924
476 800 1188
330 1098 1344
366 4760 5122
936 1160 2080
820 1972 2784
372 1872 2220
520 560 600
400 680 840
280 960 1000
360 984 1248
146 3080 3198
450 600 750
352 800 960
450 702 1008
378 1530 1872
390 712 874
210 1634 1768
676 1056 1700
220 2652 2848
830 2990 3816
164 2320 2436
240 2770 2990
480 624 624
384 720 816
312 888 960
288 1200 1392
504 550 746
360 770 850
456 608 760
340 816 884
544 850 1326
276 1680 1908
440 750 1054
480 584 728
208 1344 1360
840 1352 2176
238 1470 1624
714 742 1400
540 540 864
150 1872 1878
390 1200 1530
252 1120 1148
654 1968 2610
406 870 1160
520 546 754
312 910 962
462 616 770
240 1188 1212
306 1056 1230
300 1356 1584
660 1332 1968
336 850 914
850 1200 2030
276 1040 1076
1200 1564 2756
132 2176 2180
440 1088 1464
272 3000 3256
342 888 1050
602 730 1248
310 936 986
360 816 840
216 1560 1680
152 2312 2400
474 1750 2200
468 624 780
192 1530 1542
350 840 910
520 1010 1470
576 640 1088
1122 1720 2834
684 720 1332
544 600 616
444 700 704
168 1760 1768
294 1008 1050
336 1218 1470
456 650 794
962 1000 1938
340 1456 1740
106 2808 2810
178 3570 3728
510 594 840
630 792 1350
520 576 776
464 680 936
474 632 790
400 750 850
650 650 1200
1598 1976 3570
192 2610 2766
198 3770 3952
560 560 672
442 1224 1610
222 1360 1378
420 900 1200
450 702 720
528 624 960
360 888 1056
600 846 1374
282 2550 2808
624 740 1276
464 1300 1716
360 1064 1312
166 3498 3640
480 640 800
320 1040 1200
522 600 858
312 990 1038
408 858 1110
264 1746 1950
544 644 1020
272 1140 1172
250 1878 2072
360 864 936
576 900 1404
232 1456 1560
280 1392 1576
696 952 1600
570 570 912
390 800 890
260 1360 1500
574 840 1330
216 1450 1466
550 584 714
530 728 1122
136 2310 2314
442 1450 1848
1430 2312 3738
680 984 1616
486 648 810
188 2652 2800
210 1768 1886
328 3450 3766
504 714 1050
530 1090 1560
270 1968 2190
464 714 950
242 1320 1342
550 726 1144
400 816 832
480 832 1184
416 1280 1632
114 3000 3042
234 4218 4440
372 1164 1440
406 792 890
510 1342 1808
448 720 848
400 832 1008
544 936 1400
576 1456 2000
492 656 820
434 930 1240
270 1200 1230
416 780 884
308 1056 1100
468 720 756
522 630 864
288 1134 1170
540 1008 1476
350 1000 1170
126 3176 3250
650 1190 1800
330 1242 1464
370 888 962
560 588 812
336 980 1036
210 1568 1582
352 936 1000
576 3172 3740
344 1744 2040
306 1566 1800
498 664 830
240 1392 1440
532 624 820
560 636 988
510 814 1192
528 630 822
110 3024 3026
858 1008 1830
248 1544 1680
370 910 960
500 780 1120
420 1700 2080
520 696 704
416 816 880
528 928 1360
522 1080 1530
