100

108 212
3
7 1
2 5
1 7

315 428
3
254 1
69 2
7 3

263 428
7
23 1
12 2
8 6
7 8
4 36
2 159
2 349

367 191
5
22 1
11 3
7 6
2 10
1 165

466 363
4
308 1
95 2
27 3
8 48

419 239
5
195 1
59 2
41 5
2 15
1 169

188 190
6
72 1
29 2
21 3
4 6
1 13
1 179

179 155
7
1 1
1 125
4 152
8 154
128 154
173 153
176 149

213 124
5
60 1
4 3
1 40
1 102
3 112

138 216
3
14 1
7 6
2 17

497 328
5
30 1
4 18
1 38
1 144
2 318

221 446
8
6 1
2 10
1 84
1 416
5 440
145 444
196 443
220 440

321 430
3
61 1
13 2
1 36

492 483
8
103 1
32 2
8 5
6 37
3 115
1 390
1 424
8 461

303 356
5
124 1
42 2
11 3
2 7
1 41

327 493
3
99 1
17 3
9 4

410 348
7
216 1
57 3
8 12
2 44
1 194
1 304
3 324

141 194
7
91 1
7 2
4 4
3 5
1 30
1 151
2 178

361 361
3
209 1
68 2
6 5

268 439
8
117 1
3 8
1 277
1 402
4 422
9 431
28 438
202 438

215 106
5
19 1
3 2
2 11
1 35
1 94

337 322
5
11 1
5 6
3 83
3 258
5 284

175 133
3
3 1
2 14
1 116

190 493
7
14 3
6 8
5 9
1 17
1 429
7 466
11 483

221 439
8
104 1
12 3
4 31
2 42
1 162
1 296
2 403
6 432

487 116
3
11 1
1 11
1 73

187 114
8
19 1
12 4
1 12
1 70
3 97
5 110
16 112
79 113

130 158
4
2 1
1 5
1 56
2 127

122 375
3
2 1
1 10
1 356

152 292
3
6 1
2 16
1 32

161 400
6
49 1
3 4
2 13
1 58
1 301
3 397

493 102
4
4 1
3 6
1 77
1 87

209 393
5
18 1
16 2
4 11
2 85
1 293

302 335
8
184 1
10 2
2 25
1 223
1 261
2 325
7 334
281 334

483 345
3
22 1
9 22
3 39

291 462
3
13 1
2 141
1 172

305 372
6
116 1
6 2
3 17
2 44
1 115
1 174

476 349
8
47 1
15 16
1 42
1 237
10 336
18 348
219 348
378 347

321 397
8
262 1
32 3
4 10
3 16
1 78
1 287
5 350
8 394

268 232
5
3 1
2 4
1 76
1 150
2 217

321 309
3
14 1
5 6
3 12

491 169
4
5 1
1 19
2 85
3 110

307 486
6
77 1
20 10
12 14
5 35
3 92
2 218

186 171
5
4 1
1 3
1 154
2 159
5 167

439 239
6
143 1
37 3
30 5
3 13
2 129
4 219

394 384
7
77 1
35 3
14 25
10 38
1 85
1 349
8 375

486 312
5
229 1
92 2
42 10
7 17
1 23

482 439
3
156 1
28 5
8 14

264 173
5
197 1
29 2
4 6
2 17
1 82

216 393
4
120 1
6 3
3 33
2 65

332 468
4
292 2
73 3
40 4
15 8

264 144
6
18 1
2 12
2 141
14 143
192 143
238 142

463 171
3
298 1
23 2
6 7

175 418
5
43 1
5 5
3 30
2 48
1 78

192 336
4
5 1
1 18
1 302
3 332

383 157
4
32 1
1 5
1 85
3 137

306 287
5
34 1
4 5
1 33
1 282
2 285

380 423
6
32 1
7 31
1 42
1 176
2 369
4 405

299 123
5
69 1
25 2
2 6
1 23
1 106

315 190
8
28 1
8 3
3 24
1 109
2 165
13 183
27 188
38 189

139 118
8
11 1
4 4
1 6
1 98
3 114
22 116
58 117
112 117

223 380
4
64 1
2 3
1 35
1 196

342 373
4
96 1
38 2
14 8
1 46

226 161
3
71 1
17 2
9 8

255 200
8
1 1
1 34
2 171
4 188
10 196
24 197
106 199
189 199

169 323
5
26 1
2 9
1 162
3 307
23 322

102 313
5
16 1
2 9
1 48
1 289
2 310

159 309
4
92 1
12 2
5 11
1 25

121 496
8
53 1
7 4
1 50
1 422
4 491
6 493
33 495
111 495

209 395
5
197 1
86 2
5 4
2 18
1 39

495 114
3
78 1
31 3
10 4

438 430
4
351 1
87 2
32 7
18 19

363 214
3
49 1
2 2
1 203

248 441
8
157 1
9 2
4 3
1 6
1 374
4 429
25 437
47 439

373 377
4
5 1
1 143
1 267
4 350

270 180
7
15 1
8 2
2 26
1 33
1 159
2 172
5 178

379 387
6
74 1
37 2
6 5
4 41
1 168
1 368

131 413
8
30 1
15 2
11 6
3 15
1 21
1 383
2 410
15 412

420 310
6
23 1
5 2
1 7
1 254
2 309
414 309

385 414
4
201 2
98 4
35 7
6 42

101 237
4
6 1
2 4
1 77
1 236

401 416
8
41 2
38 3
3 18
2 26
1 228
1 312
6 389
16 410

322 244
6
106 1
5 4
1 87
2 165
3 224
9 228

355 165
4
57 1
20 7
3 10
1 43

198 127
6
11 1
5 3
1 25
1 87
2 126
187 126

391 159
5
39 1
6 9
1 15
1 125
13 152

471 334
5
15 2
1 5
1 331
328 333
451 331

445 288
8
89 1
76 2
17 9
6 11
2 82
1 108
1 207
8 269

206 315
6
7 1
2 16
1 63
1 288
3 302
31 312

128 174
5
26 1
5 3
3 7
2 18
1 30

359 343
4
98 1
54 2
4 10
2 58

141 250
6
7 1
3 12
1 55
1 238
2 243
8 249

417 222
4
3 1
1 132
4 163
8 188

339 181
8
12 1
8 6
5 11
1 57
1 73
2 163
7 173
11 179

240 249
7
170 1
55 2
28 5
13 7
10 8
1 12
1 244

237 249
5
42 1
29 3
6 11
2 14
1 87

178 372
4
32 1
4 10
2 18
1 36

192 469
6
80 1
43 3
20 5
6 11
3 13
1 16

413 234
4
7 1
6 5
3 154
2 215

142 168
7
9 1
5 4
4 11
2 40
1 73
1 117
3 167
