0.50000
0.00000
0.50000
0.04258
0.12500
0.07161
0.08482
0.04763
0.05042
0.03846
0.06009
0.25514
0.09524
0.09538
0.11225
0.14352
0.07639
0.04940
0.20181
0.13242
0.05820
0.11151
0.04159
0.50000
0.05139
0.06662
0.25000
0.11356
0.11704
0.14612
0.34694
0.11273
0.07407
0.07754
0.16785
0.50000
0.04088
0.05446
0.10035
0.06576
0.20635
0.15297
0.11232
0.03620
0.04649
0.13889
0.26165
0.14440
0.07143
0.05705
0.07945
0.10821
0.16992
0.05873
0.01479
0.09524
0.17977
0.04232
0.10246
0.05722
0.05181
0.04417
0.28001
0.25000
0.13949
0.07440
0.09594
0.04101
0.08516
0.04204
0.04780
0.08294
0.08536
0.05629
0.10000
0.07909
0.07156
1.00000
0.11672
0.16667
0.34880
0.25000
0.06001
0.05112
0.04435
0.05469
0.05819
0.08025
0.05974
0.25000
0.25935
0.10647
0.03503
0.05537
0.00000
0.01000
0.06160
0.08024
0.50000
0.14286
