11351
14033
30323
53201
13313

11351
33203
30323
14033
33311

13313
13043
32303
50231
13331

21569
89231
48407
64553
31793

21587
24971
96323
73553
39119

21767
48407
13577
72671
99131

21767
57731
75353
67523
33179

21839
64661
85361
64553
19139

21839
65921
28571
60089
79133

21929
55931
97151
47363
33179

21929
68531
61673
84047
19373

21929
69431
37337
95063
31793

22397
57731
56543
85703
33179

22397
67631
38543
95603
31379

22469
97241
72617
43853
19373

22739
36761
92381
84533
19139

22739
86441
78341
56633
11399

22739
86711
71537
57173
17393

22937
53861
55373
84263
39119

22937
85109
53591
14783
79133

22937
93371
94343
25763
19139

22973
21767
97511
76163
37139

22973
23567
95531
76343
37139

22973
39443
37337
64067
91733

22973
39461
19319
82067
91733

22973
77171
70583
45707
39119

22973
80177
57731
75353
19319

23189
86441
77351
56633
11939

23279
95621
79601
23279
33773

23297
58631
39209
42683
91733

23459
97241
73607
43853
17393

23549
88241
62627
63743
17393

23567
65309
63671
23873
79133

23567
77171
51593
83903
19319

23747
75209
43691
33773
79133

23747
75209
65651
57173
33773

23819
84551
68171
67073
11939

23873
19139
81761
31649
99131

23873
39461
28319
72167
91733

23873
68351
75209
16187
71933

23873
79133
21767
31649
99131

23873
82463
63761
66137
19319

23981
38561
86243
15629
91139

23981
75641
29453
35339
91139

23981
76541
26249
37643
91139

24179
18329
74561
60773
77711

24593
59351
72707
65129
33773

24683
91229
63743
38561
37337

24953
73643
59351
26267
71339

24953
77171
70583
45707
37139

24971
39047
84443
15359
91733

24971
63149
66821
89213
11399

25367
59441
63419
75353
31973

25439
68531
39227
30983
91373

25439
96323
70619
23981
39191

25439
96323
90833
23567
19391

25457
35771
89303
73643
31379

25583
23549
98321
36761
71339

25583
27653
37571
93407
71339

25583
77153
91571
49307
11939

25673
59351
34439
64157
71933

25673
71663
66713
54167
37337

25673
89303
33647
15737
91193

25673
91229
66713
38561
33377

25763
14747
59351
64553
91139

25763
49253
53717
95027
31793

25943
44249
39371
54851
91139

25943
54347
39371
44753
91139

25943
91229
32783
68261
37337

26177
65309
39551
32783
91733

26177
85109
39551
12983
91733

26267
15809
89501
32783
91193

26267
53609
34871
61673
79133

26267
85361
56453
75533
11939

26339
65921
13577
70583
79133

26339
65921
73571
10589
79133

26393
27851
36563
93407
71339

26393
79151
63419
14657
71933

26573
28661
47417
61169
91733

26573
29633
43457
64157
91733

26573
69431
23459
44357
91733

26681
37571
26339
73823
91139

26681
43691
91823
74219
19139

26717
38561
83219
75083
31973

26717
65309
39551
32783
91193

26861
16349
57803
61169
93371

27239
63761
97241
55373
11939

27329
71861
54581
82463
19319

27527
37409
81671
77153
31793

27527
43961
96323
54563
33179

27527
58451
63419
74363
31793

27617
69341
31469
95153
31973

27653
26861
76253
33647
91139

27653
27941
91283
37337
71339

27653
29741
42359
64067
91733

27653
87071
61583
67307
11939

27653
87701
33647
15359
91193

27653
89051
41729
65327
31793

27653
91193
74831
42737
19139

27851
83471
45707
65147
33377

27941
57191
51539
85703
33179

28229
68531
52457
74363
31973

28229
74831
90617
44483
17393

28229
95441
90617
23873
17393

28283
83471
22973
81707
39119

28319
65921
11597
70583
79133

28463
16943
71807
61169
77171

28463
69431
22739
41549
93371

28463
79151
60737
55229
31973

28463
79601
30677
25439
91373

28463
87251
42719
65147
31973

28463
89051
40739
65327
31973

28463
89051
60737
45329
31973

28517
37409
80681
77153
31793

28643
16763
95261
23747
91139

28643
26249
91823
31667
77171

28643
89051
40739
65327
31793

28643
89051
60737
45329
31793

28643
89303
30677
15737
91193

28661
32369
84713
76631
33179

28661
77171
60539
57803
31379

28751
26177
77513
31379
91733

28751
27941
40289
67433
91139

28751
68171
62483
24809
71339

29147
65129
38561
30983
91733

29147
75209
54581
24683
71933

29147
85109
54581
14783
71933

29363
26573
92723
73517
33377

29363
44483
66821
81707
33179

29363
51287
92723
42863
39317

29453
36473
84713
73517
31397

29633
26249
90833
31667
77171

29633
37571
81563
75407
31379

29633
41387
62753
82463
39317

29633
51683
62753
72167
39317

29741
13829
92381
28463
91139

29741
54581
35339
64553
71339

29741
71429
61871
59333
33179

29921
23459
93371
37463
71339

29921
56039
43853
32369
93371

31379
58109
53951
72923
39191

31649
48371
93407
62753
19373

31649
86441
63527
54563
19373

31793
63149
65633
57641
37337

31793
71249
65651
47741
39119

31793
71249
67631
47741
37139

31793
96323
15737
12569
99131

31847
84551
17483
84533
37139

31883
19751
38273
74507
91139

31883
35933
63527
45077
79133

31973
59441
45293
47507
71339

31991
39047
67433
25349
91733

31991
90149
44843
69431
19139

32297
86711
23549
33863
79133

32369
67901
60647
77243
17393

32369
69431
27437
94343
31973

32369
69431
67433
54347
31973

32693
43781
94613
65327
19139

32693
57191
73643
52709
39317

33179
49433
33359
61871
77711

33179
85451
59351
65633
11939

33359
43961
78341
62753
37139

33359
99401
43457
47543
31793

33377
18617
92507
77261
33791

33629
29363
71429
81761
39371

33629
48371
93407
62753
17393

33629
85451
69341
55733
11399

33629
95531
49307
45293
31793

33647
49109
53681
87323
31793

33647
92921
67343
28463
33179

33773
81671
48623
54347
37139

33791
70529
48821
69233
33179

33791
80429
48821
59333
33179

33827
18059
95441
74453
33773

33827
41549
86711
74093
19373

33863
35933
61547
45077
79133

33863
35951
29363
85037
71339

33863
51449
99401
39461
31379

33863
55931
41549
45077
79133

33863
63059
58631
66821
33179

33863
81077
58631
44843
37139

33863
89051
54617
46229
31793

34259
85703
43943
52457
39191

34259
95603
43943
42557
39191

34259
96431
67307
25583
31973

34367
94541
52709
54563
19373

34439
56633
70619
74471
19391

34439
59333
31883
90527
39371

34439
69233
31883
80627
39371

34439
71861
69341
42773
37139

34439
92831
65381
25763
37139

34457
84731
27509
75083
33773

34673
57191
71663
52709
39317

34673
57713
17627
54347
91193

34673
76343
33647
33179
77711

34673
86243
33647
23279
77711

34673
97511
17627
14549
91193

34673
99401
14657
15629
91193

34763
19463
48407
61547
91373

34763
33827
39371
56453
91139

34763
38561
67217
23279
91733

34763
77351
63617
46049
33773

34781
77351
63617
48407
31397

34781
97151
63617
28607
31397

34961
16349
67433
45077
91733

34961
23459
67631
98123
31379

34961
44249
45833
31379
99131

34961
71249
59333
18671
71339

35159
47741
67631
71249
33773

35267
68711
40559
77243
33773

35447
19427
80537
86351
33791

35447
93911
16673
98123
11399

35447
95441
40739
64553
19373

35537
43781
98123
66173
11939

35573
13757
80681
86423
39119

35573
33359
80681
66821
39119

35591
70529
48821
69233
31379

35591
80429
48821
59333
31379

35591
84137
38723
25169
71933

35753
19139
62483
44267
93911

35753
27329
61673
99401
31397

35753
47129
61673
79601
31397

35753
61673
64661
54347
39119

35753
67343
61637
57047
33773

35753
77243
61637
47147
33773

35933
58271
74507
55049
31793

36293
36923
60737
22469
99131

36527
68261
83219
35573
31973

36563
61871
65633
54347
37139

36563
68261
92507
26249
31973

36563
68351
53717
65129
31793

36653
13577
71663
94343
39317

36653
51449
76631
57641
33179

36653
57173
73607
54347
33773

36653
61547
58631
67343
31379

36761
77351
61637
48407
31397

36761
91373
45833
44249
37337

36761
97151
61637
28607
31397

36833
35951
26393
85037
71339

36833
68351
52259
26177
71933

36833
81077
55661
44843
37139

36923
68261
52529
66047
31793

36923
91229
19391
16871
91139

37139
75641
54941
70439
17393

37139
99131
42467
44843
31973

37463
16943
65327
44087
91733

37463
30893
75821
92237
19139

37463
36761
65309
44087
71933

37463
50891
55823
92237
19139

37517
41981
92363
64373
19319

37643
11579
72671
94541
39119

37643
11777
72671
94343
39119

37643
41927
48371
36473
91139

37643
47381
73643
85109
11777

37643
57173
72617
54347
33773

37643
67181
73643
65309
11777

37643
86171
53609
44357
33773

37643
86171
73607
24359
33773

38183
82571
19913
81707
33179

38219
66821
55661
63059
31793

38219
96431
63347
25583
31973

38237
26339
27581
91463
71933

38273
44753
47507
53087
71933

38327
54851
51719
93263
17393

38327
83471
52709
61673
19373

38453
30893
74831
92237
19139

38453
31847
76631
77243
31379

38453
50891
54833
92237
19139

38543
31847
80681
67343
37139

38543
61547
80681
37643
37139

38543
76343
61637
47057
31973

38561
83219
34763
27077
71933

38651
11579
95603
76541
33179

38651
16349
64553
44267
91733

38651
48029
22973
52529
93371

38723
41189
86441
77261
11939

38723
76343
61637
47057
31793

39119
47741
65651
71249
31793

39119
61961
92381
22973
39119

39227
19751
70439
94343
31793

39443
39371
34457
50549
91733

39443
86423
23747
12569
93371

39461
10499
91841
94433
19319

39461
30389
70853
95531
19319

39461
60089
70853
65831
19319

39623
31469
68351
44771
71339

39623
32783
69341
42467
71339

39623
47381
35447
61169
71933

39623
47381
71663
85109
11777

39623
67181
71663
65309
11777

39623
77081
35447
31469
71933

39623
85361
26339
12497
91733
