100
"U0O?sT(Y%Mbd" 2.0 2.9 0.02 1.2 2.4 0.05
";`.4wl%1>VAH" -1.2 1.4 0.01 -1.5 1.2 0.02
"hm3&eE,if(XS" -1.4 -0.5 0.01 -2.3 1.0 0.01
"/QgiGu]'F>l8" -1.1 1.8 0.1 2.4 2.9 0.05
"uPiD;aY%/5f}" -0.8 0.0 0.1 -1.7 3.0 0.02
"QLG1;%Xr+R`s" -2.1 3.0 0.1 -1.0 1.7 0.02
"u%^a69DI8o,k" -1.9 2.3 0.01 -3.0 1.3 0.01
"uOnXW?8tc!,7" 2.6 3.0 0.02 1.2 2.0 0.1
"Qbmig6EjOB,=" -0.9 0.0 0.02 -1.2 -0.3 0.02
"LNq%>!R5O46u" 0.7 2.6 0.1 -2.0 1.0 0.1
"L.Q7St{/,`zZ" -2.3 -0.4 0.05 -2.8 -1.3 0.02
"4yqZ3Cpc75os" 3.0 3.0 0.02 -2.4 0.0 0.05
"{N!a638mV1A9" -2.3 0.7 0.02 -2.5 1.6 0.1
"hM$;d}=reuXj" -0.5 2.7 0.05 -1.5 2.1 0.02
"V}m8UxyHT05p" -0.9 1.9 0.05 -1.5 2.2 0.1
"kQ!Lm7h|^Y%K" -0.2 2.5 0.01 -2.1 -1.2 0.01
"JXQ72o(4xP%=" 0.6 1.6 0.1 -0.9 1.5 0.1
"T!y6P_zr.oB'" 0.4 2.0 0.05 0.1 3.0 0.1
"mrFL$PzQ\>b{" -0.1 0.3 0.01 -1.9 -1.0 0.1
"`Q-r;8=vXMYk" 0.3 0.9 0.05 -1.6 -0.9 0.05
"ne#=RjS)1.;X" -1.7 2.2 0.05 -1.9 2.7 0.1
"ldCO/&9X~PgN" -2.7 2.4 0.02 -2.4 0.1 0.02
"doI`iTc/tf]a" -0.6 0.0 0.05 -1.9 2.1 0.01
".V&8lnY0HrL7" -1.3 1.1 0.05 0.9 2.1 0.05
"C@PTD%;-G{4+" -1.1 2.1 0.02 -1.5 -1.3 0.1
"G`{%Zp;.1C\h" -2.4 -2.4 0.1 -2.2 -0.1 0.01
"sQ'R/(1JAw#T" -2.6 1.4 0.05 -1.3 1.6 0.1
"]8E07U1R}:Op" 0.0 2.3 0.05 -3.0 0.9 0.05
"$`36.h[N-y\M" -2.3 -1.3 0.02 -0.1 1.6 0.01
"?8B)}D>'lWS@" -2.0 1.4 0.05 -1.0 -0.7 0.05
"dbaMD}8^6WB;" -0.8 -0.5 0.05 -2.0 0.3 0.05
"HGqg@~Q5-tCr" -1.9 -1.4 0.05 -0.1 2.6 0.1
"*lF#q'8A+e^K" -1.9 0.3 0.02 1.1 1.8 0.1
"Y;_7*!`AS=~u" 0.5 2.6 0.1 -1.5 -1.4 0.01
"0ao{_MVU.T%O" -2.8 -2.3 0.1 0.0 2.0 0.1
"'_;8CW5S~)n9" -2.9 -1.1 0.1 -2.5 -0.6 0.05
"\A4'f7Cut&_B" -1.7 -0.2 0.02 -1.6 0.8 0.1
"6/AyS&1Wl{I<" 0.4 1.5 0.01 -1.5 -1.0 0.1
"'lw2N+YKBy\7" -1.9 -1.8 0.01 0.5 2.8 0.05
"@Q_Um7rIN#6&" -2.9 -1.9 0.02 2.1 2.6 0.05
"({^\];O7f58I" -0.1 2.1 0.05 -1.3 2.3 0.05
"Ph;(gI1Nu60f" -2.1 0.2 0.05 -1.6 1.0 0.05
"|splXab'OA_&" -2.6 1.7 0.02 0.6 2.1 0.02
"DwozaeR>._j$" -1.9 -0.3 0.02 -2.7 -0.6 0.02
"H?Bg0AcE2%Ld" -3.0 -2.9 0.1 -0.4 0.6 0.01
"Bx$`f(t~zFL{" -0.7 -0.6 0.1 1.0 2.1 0.02
">(NuQ`w7c:S," 2.0 2.1 0.1 -1.0 1.6 0.01
")Uu|w$J6Mks>" -1.7 2.2 0.01 -1.9 1.7 0.01
"o<dpbO$YLA>6" 1.3 1.8 0.05 0.9 1.1 0.02
"6odiq.4\&)83" -0.9 1.3 0.02 -1.7 -1.4 0.02
"epA=U2@,-3^K" -0.5 3.0 0.02 0.2 1.5 0.05
"Y{/8Bb0&~'xa" 0.2 0.6 0.02 2.8 3.0 0.01
"qu7Ewej.d4&{" -2.1 2.1 0.1 -2.6 -0.8 0.02
"gqTFebntr`y}" -2.8 0.3 0.01 -0.7 0.1 0.1
"UGfu-Hwv8=/F" -2.8 2.8 0.1 -1.4 2.9 0.01
"p-5;E90f?zA#" 1.3 2.7 0.01 -3.0 0.4 0.01
";v{DL>XC5bF+" 0.9 3.0 0.05 0.0 0.7 0.05
"U5drH#j%hN{~" -3.0 2.6 0.01 -1.4 -1.0 0.05
"*xALDPu>l]:1" -0.2 2.7 0.01 -2.4 -0.7 0.1
"/KYX683E#c}W" -2.5 1.0 0.05 -1.8 -0.5 0.1
"@KHDd{_CvY7o" 0.9 2.7 0.1 -0.5 0.6 0.01
"8#&jbcX]Y1`)" -2.5 2.5 0.05 -0.9 1.1 0.01
"*p7f\8HQPIV/" -1.4 0.7 0.1 -2.0 -0.6 0.1
":0aNfjEPXRVB" 1.8 2.6 0.05 -2.6 0.2 0.01
"X+AbOR,n|]h." 1.0 2.1 0.01 -3.0 -2.9 0.01
"R&=,Kj?rT)uB" 1.0 2.5 0.1 1.8 2.0 0.05
"#MOGX?+^[KI3" 0.5 1.5 0.1 -2.4 -0.1 0.02
"@q4nQX|8%R]:" -2.7 0.8 0.02 -1.9 2.4 0.05
"yHc,W=|3i%NQ" -2.0 -1.6 0.05 -1.3 -1.1 0.05
"GL=I`>K/[|^2" 0.3 3.0 0.1 2.0 2.7 0.1
"[_U=6/fM|G5s" -2.6 -2.4 0.05 -1.9 1.2 0.01
"=zg6MuO|pi^0" -0.7 1.2 0.1 -0.2 1.6 0.05
"k&IxNQlj@bYs" 0.8 1.2 0.02 -2.3 -2.3 0.05
"Y%=G)#hK_ub}" -2.3 -1.8 0.1 -1.9 0.0 0.01
"|v5AK&O0S-/I" -1.0 0.8 0.02 -2.1 -0.5 0.1
"kKGSP~6W;{^\" -2.2 -1.1 0.02 -3.0 -1.4 0.1
"}nb,?Z)o~k-e" -2.8 -2.7 0.1 -1.9 1.4 0.05
"qmIsnoVHc#Aj" 0.4 0.7 0.01 -1.2 0.3 0.01
"$rJF<+H7e}@z" 0.3 2.5 0.1 1.0 1.9 0.01
"tPf(*ci=V:$b" -0.4 1.7 0.02 -1.3 0.3 0.01
"a2=vO.|7$/F_" -2.6 -2.3 0.02 -2.3 -0.9 0.01
"X+@^ePRTU*]!" -1.9 0.4 0.05 -1.4 0.9 0.02
"]o*r;%\+pCmF" -0.7 1.7 0.05 -3.0 -2.7 0.05
"s]mH?A{CP)p2" -1.6 -1.0 0.02 -2.6 0.5 0.1
"c=syk8(,4+5l" 0.9 2.0 0.1 -1.8 1.7 0.01
"YmGA_=.]~k?P" -0.2 1.6 0.1 0.6 1.3 0.01
"SzAl)PO6k>i{" 0.4 1.4 0.01 -0.5 -0.2 0.01
"kPbmx.a&etwg" -3.0 -1.4 0.01 0.3 2.8 0.05
"\V/8ZkY`3M,q" -3.0 1.5 0.1 2.5 2.9 0.01
"/>8O+quc&5Q*" 0.7 0.8 0.02 2.5 3.0 0.01
"^v;FiWJxq\ZG" 0.5 1.2 0.1 -2.4 1.8 0.02
"?+hy|MXg8Y{v" -0.8 2.1 0.01 -0.7 -0.1 0.1
"(~v'_ZD,pN8:" 2.1 2.1 0.01 -2.3 -0.6 0.1
"3;XzvIDp6*PL" -3.0 3.0 0.01 0.4 2.7 0.1
"*G(E0~4O'[-t" -2.6 -0.2 0.02 1.6 1.7 0.1
"67Gqe2n3.w/J" -1.2 0.4 0.05 -2.5 -1.7 0.01
"b35g+BWTdx^y" 1.8 3.0 0.1 0.5 2.0 0.1
"7q_{*1U<JBLM" -2.2 -1.6 0.1 2.1 2.3 0.05
"t#Uham^@GP5j" -1.3 0.2 0.1 -0.1 1.7 0.01
"|u,`9QCt41F7" -2.6 -0.2 0.1 -1.7 -0.2 0.01
