1
1 1 1
2 2 1
2
3
1 2 2
2 3 1
4
2 3 2
5
6
1 3 3
2 4 1
7
2 4 2
8
2 4 3
9
10
1 4 4
2 5 1
11
2 5 2
12
2 5 3
13
2 5 4
14
15
1 5 5
2 6 1
16
2 6 2
17
2 6 3
18
2 6 4
19
2 6 5
20
21
1 6 6
2 7 1
22
2 7 2
23
2 7 3
24
2 7 4
25
2 7 5
26
2 7 6
27
28
1 7 7
2 8 1
29
2 8 2
30
2 8 3
31
2 8 4
32
2 8 5
33
2 8 6
34
2 8 7
35
36
1 8 8
2 9 1
37
2 9 2
38
2 9 3
39
2 9 4
40
2 9 5
41
2 9 6
42
2 9 7
43
2 9 8
44
45
1 9 9
2 10 1
46
2 10 2
47
2 10 3
48
2 10 4
49
2 10 5
50
2 10 6
51
2 10 7
52
2 10 8
53
2 10 9
54
55
1 10 10
2 11 1
56
2 11 2
57
2 11 3
58
2 11 4
59
2 11 5
60
2 11 6
61
2 11 7
62
2 11 8
63
2 11 9
64
2 11 10
65
66
1 11 11
2 12 1
67
2 12 2
68
2 12 3
69
2 12 4
70
2 12 5
71
2 12 6
72
2 12 7
73
2 12 8
74
2 12 9
75
2 12 10
76
2 12 11
77
78
1 12 12
2 13 1
79
2 13 2
80
2 13 3
81
2 13 4
82
2 13 5
83
2 13 6
84
2 13 7
85
2 13 8
86
2 13 9
87
2 13 10
88
2 13 11
89
2 13 12
90
91
1 13 13
2 14 1
92
2 14 2
93
2 14 3
94
2 14 4
95
2 14 5
96
2 14 6
97
2 14 7
98
2 14 8
99
2 14 9
100
2 14 10
101
2 14 11
102
2 14 12
103
2 14 13
104
105
1 14 14
2 15 1
106
2 15 2
107
2 15 3
108
2 15 4
109
2 15 5
110
2 15 6
111
2 15 7
112
2 15 8
113
2 15 9
114
2 15 10
115
2 15 11
116
2 15 12
117
2 15 13
118
2 15 14
119
120
1 15 15
2 16 1
121
2 16 2
122
2 16 3
123
2 16 4
124
2 16 5
125
2 16 6
126
2 16 7
127
2 16 8
128
2 16 9
129
2 16 10
130
2 16 11
131
2 16 12
132
2 16 13
133
2 16 14
134
2 16 15
135
136
1 16 16
2 17 1
137
2 17 2
138
2 17 3
139
2 17 4
140
2 17 5
141
2 17 6
142
2 17 7
143
2 17 8
144
2 17 9
145
2 17 10
146
2 17 11
147
2 17 12
148
2 17 13
149
2 17 14
150
2 17 15
151
2 17 16
152
153
1 17 17
2 18 1
154
2 18 2
155
2 18 3
156
2 18 4
157
2 18 5
158
2 18 6
159
2 18 7
160
2 18 8
161
2 18 9
162
2 18 10
163
2 18 11
164
2 18 12
165
2 18 13
166
2 18 14
167
2 18 15
168
2 18 16
169
2 18 17
170
171
1 18 18
2 19 1
172
2 19 2
173
2 19 3
174
2 19 4
175
2 19 5
176
2 19 6
177
2 19 7
178
2 19 8
179
2 19 9
180
2 19 10
181
2 19 11
182
2 19 12
183
2 19 13
184
2 19 14
185
2 19 15
186
2 19 16
187
2 19 17
188
2 19 18
189
190
1 19 19
2 20 1
191
2 20 2
192
2 20 3
193
2 20 4
194
2 20 5
195
2 20 6
196
2 20 7
197
2 20 8
198
2 20 9
199
2 20 10
200
2 20 11
201
2 20 12
202
2 20 13
203
2 20 14
204
2 20 15
205
2 20 16
206
2 20 17
207
2 20 18
208
2 20 19
209
210
1 20 20
2 21 1
211
2 21 2
212
2 21 3
213
2 21 4
214
2 21 5
215
2 21 6
216
2 21 7
217
2 21 8
218
2 21 9
219
2 21 10
220
2 21 11
221
2 21 12
222
2 21 13
223
2 21 14
224
2 21 15
225
2 21 16
226
2 21 17
227
2 21 18
228
2 21 19
229
2 21 20
230
231
1 21 21
2 22 1
232
2 22 2
233
2 22 3
234
2 22 4
235
2 22 5
236
2 22 6
237
2 22 7
238
2 22 8
239
2 22 9
240
2 22 10
241
2 22 11
242
2 22 12
243
2 22 13
244
2 22 14
245
2 22 15
246
2 22 16
247
2 22 17
248
2 22 18
249
2 22 19
250
2 22 20
251
2 22 21
252
253
1 22 22
2 23 1
254
2 23 2
255
2 23 3
256
2 23 4
257
2 23 5
258
2 23 6
259
2 23 7
260
2 23 8
261
2 23 9
262
2 23 10
263
2 23 11
264
2 23 12
265
2 23 13
266
2 23 14
267
2 23 15
268
2 23 16
269
2 23 17
270
2 23 18
271
2 23 19
272
2 23 20
273
2 23 21
274
2 23 22
275
276
1 23 23
2 24 1
277
2 24 2
278
2 24 3
279
2 24 4
280
2 24 5
281
2 24 6
282
2 24 7
283
2 24 8
284
2 24 9
285
2 24 10
286
2 24 11
287
2 24 12
288
2 24 13
289
2 24 14
290
2 24 15
291
2 24 16
292
2 24 17
293
2 24 18
294
2 24 19
295
2 24 20
296
2 24 21
297
2 24 22
298
2 24 23
299
300
1 24 24
2 25 1
301
2 25 2
302
2 25 3
303
2 25 4
304
2 25 5
305
2 25 6
306
2 25 7
307
2 25 8
308
2 25 9
309
2 25 10
310
2 25 11
311
2 25 12
312
2 25 13
313
2 25 14
314
2 25 15
315
2 25 16
316
2 25 17
317
2 25 18
318
2 25 19
319
2 25 20
320
2 25 21
321
2 25 22
322
2 25 23
323
2 25 24
324
325
1 25 25
2 26 1
326
2 26 2
327
2 26 3
328
2 26 4
329
2 26 5
330
2 26 6
331
2 26 7
332
2 26 8
333
2 26 9
334
2 26 10
335
2 26 11
336
2 26 12
337
2 26 13
338
2 26 14
339
2 26 15
340
2 26 16
341
2 26 17
342
2 26 18
343
2 26 19
344
2 26 20
345
2 26 21
346
2 26 22
347
2 26 23
348
2 26 24
349
2 26 25
350
351
1 26 26
2 27 1
352
2 27 2
353
2 27 3
354
2 27 4
355
2 27 5
356
2 27 6
357
2 27 7
358
2 27 8
359
2 27 9
360
2 27 10
361
2 27 11
362
2 27 12
363
2 27 13
364
2 27 14
365
2 27 15
366
2 27 16
367
2 27 17
368
2 27 18
369
2 27 19
370
2 27 20
371
2 27 21
372
2 27 22
373
2 27 23
374
2 27 24
375
2 27 25
376
2 27 26
377
378
1 27 27
2 28 1
379
2 28 2
380
2 28 3
381
2 28 4
382
2 28 5
383
2 28 6
384
2 28 7
385
2 28 8
386
2 28 9
387
2 28 10
388
2 28 11
389
2 28 12
390
2 28 13
391
2 28 14
392
2 28 15
393
2 28 16
394
2 28 17
395
2 28 18
396
2 28 19
397
2 28 20
398
2 28 21
399
2 28 22
400
2 28 23
401
2 28 24
402
2 28 25
403
2 28 26
404
2 28 27
405
406
1 28 28
2 29 1
407
2 29 2
408
2 29 3
409
2 29 4
410
2 29 5
411
2 29 6
412
2 29 7
413
2 29 8
414
2 29 9
415
2 29 10
416
2 29 11
417
2 29 12
418
2 29 13
419
2 29 14
420
2 29 15
421
2 29 16
422
2 29 17
423
2 29 18
424
2 29 19
425
2 29 20
426
2 29 21
427
2 29 22
428
2 29 23
429
2 29 24
430
2 29 25
431
2 29 26
432
2 29 27
433
2 29 28
434
435
1 29 29
2 30 1
436
2 30 2
437
2 30 3
438
2 30 4
439
2 30 5
440
2 30 6
441
2 30 7
442
2 30 8
443
2 30 9
444
2 30 10
445
2 30 11
446
2 30 12
447
2 30 13
448
2 30 14
449
2 30 15
450
2 30 16
451
2 30 17
452
2 30 18
453
2 30 19
454
2 30 20
455
2 30 21
456
2 30 22
457
2 30 23
458
2 30 24
459
2 30 25
460
2 30 26
461
2 30 27
462
2 30 28
463
2 30 29
464
465
1 30 30
2 31 1
466
2 31 2
467
2 31 3
468
2 31 4
469
2 31 5
470
2 31 6
471
2 31 7
472
2 31 8
473
2 31 9
474
2 31 10
475
2 31 11
476
2 31 12
477
2 31 13
478
2 31 14
479
2 31 15
480
2 31 16
481
2 31 17
482
2 31 18
483
2 31 19
484
2 31 20
485
2 31 21
486
2 31 22
487
2 31 23
488
2 31 24
489
2 31 25
490
2 31 26
491
2 31 27
492
2 31 28
493
2 31 29
494
2 31 30
495
496
1 31 31
2 32 1
497
2 32 2
498
2 32 3
499
2 32 4
500
2 32 5
501
2 32 6
502
2 32 7
503
2 32 8
504
2 32 9
505
2 32 10
506
2 32 11
507
2 32 12
508
2 32 13
509
2 32 14
510
2 32 15
511
2 32 16
512
2 32 17
513
2 32 18
514
2 32 19
515
2 32 20
516
2 32 21
517
2 32 22
518
2 32 23
519
2 32 24
520
2 32 25
521
2 32 26
522
2 32 27
523
2 32 28
524
2 32 29
525
2 32 30
526
2 32 31
527
528
1 32 32
2 33 1
529
2 33 2
530
2 33 3
531
2 33 4
532
2 33 5
533
2 33 6
534
2 33 7
535
2 33 8
536
2 33 9
537
2 33 10
538
2 33 11
539
2 33 12
540
2 33 13
541
2 33 14
542
2 33 15
543
2 33 16
544
2 33 17
545
2 33 18
546
2 33 19
547
2 33 20
548
2 33 21
549
2 33 22
550
2 33 23
551
2 33 24
552
2 33 25
553
2 33 26
554
2 33 27
555
2 33 28
556
2 33 29
557
2 33 30
558
2 33 31
559
2 33 32
560
561
1 33 33
2 34 1
562
2 34 2
563
2 34 3
564
2 34 4
565
2 34 5
566
2 34 6
567
2 34 7
568
2 34 8
569
2 34 9
570
2 34 10
571
2 34 11
572
2 34 12
573
2 34 13
574
2 34 14
575
2 34 15
576
2 34 16
577
2 34 17
578
2 34 18
579
2 34 19
580
2 34 20
581
2 34 21
582
2 34 22
583
2 34 23
584
2 34 24
585
2 34 25
586
2 34 26
587
2 34 27
588
2 34 28
589
2 34 29
590
2 34 30
591
2 34 31
592
2 34 32
593
2 34 33
594
595
1 34 34
2 35 1
596
2 35 2
597
2 35 3
598
2 35 4
599
2 35 5
600
2 35 6
601
2 35 7
602
2 35 8
603
2 35 9
604
2 35 10
605
2 35 11
606
2 35 12
607
2 35 13
608
2 35 14
609
2 35 15
610
2 35 16
611
2 35 17
612
2 35 18
613
2 35 19
614
2 35 20
615
2 35 21
616
2 35 22
617
2 35 23
618
2 35 24
619
2 35 25
620
2 35 26
621
2 35 27
622
2 35 28
623
2 35 29
624
2 35 30
625
2 35 31
626
2 35 32
627
2 35 33
628
2 35 34
629
630
1 35 35
2 36 1
631
2 36 2
632
2 36 3
633
2 36 4
634
2 36 5
635
2 36 6
636
2 36 7
637
2 36 8
638
2 36 9
639
2 36 10
640
2 36 11
641
2 36 12
642
2 36 13
643
2 36 14
644
2 36 15
645
2 36 16
646
2 36 17
647
2 36 18
648
2 36 19
649
2 36 20
650
2 36 21
651
2 36 22
652
2 36 23
653
2 36 24
654
2 36 25
655
2 36 26
656
2 36 27
657
2 36 28
658
2 36 29
659
2 36 30
660
2 36 31
661
2 36 32
662
2 36 33
663
2 36 34
664
2 36 35
665
666
1 36 36
2 37 1
667
2 37 2
668
2 37 3
669
2 37 4
670
2 37 5
671
2 37 6
672
2 37 7
673
2 37 8
674
2 37 9
675
2 37 10
676
2 37 11
677
2 37 12
678
2 37 13
679
2 37 14
680
2 37 15
681
2 37 16
682
2 37 17
683
2 37 18
684
2 37 19
685
2 37 20
686
2 37 21
687
2 37 22
688
2 37 23
689
2 37 24
690
2 37 25
691
2 37 26
692
2 37 27
693
2 37 28
694
2 37 29
695
2 37 30
696
2 37 31
697
2 37 32
698
2 37 33
699
2 37 34
700
2 37 35
701
2 37 36
702
703
1 37 37
2 38 1
704
2 38 2
705
2 38 3
706
2 38 4
707
2 38 5
708
2 38 6
709
2 38 7
710
2 38 8
711
2 38 9
712
2 38 10
713
2 38 11
714
2 38 12
715
2 38 13
716
2 38 14
717
2 38 15
718
2 38 16
719
2 38 17
720
2 38 18
721
2 38 19
722
2 38 20
723
2 38 21
724
2 38 22
725
2 38 23
726
2 38 24
727
2 38 25
728
2 38 26
729
2 38 27
730
2 38 28
731
2 38 29
732
2 38 30
733
2 38 31
734
2 38 32
735
2 38 33
736
2 38 34
737
2 38 35
738
2 38 36
739
2 38 37
740
741
1 38 38
2 39 1
742
2 39 2
743
2 39 3
744
2 39 4
745
2 39 5
746
2 39 6
747
2 39 7
748
2 39 8
749
2 39 9
750
2 39 10
751
2 39 11
752
2 39 12
753
2 39 13
754
2 39 14
755
2 39 15
756
2 39 16
757
2 39 17
758
2 39 18
759
2 39 19
760
2 39 20
761
2 39 21
762
2 39 22
763
2 39 23
764
2 39 24
765
2 39 25
766
2 39 26
767
2 39 27
768
2 39 28
769
2 39 29
770
2 39 30
771
2 39 31
772
2 39 32
773
2 39 33
774
2 39 34
775
2 39 35
776
2 39 36
777
2 39 37
778
2 39 38
779
780
1 39 39
2 40 1
781
2 40 2
782
2 40 3
783
2 40 4
784
2 40 5
785
2 40 6
786
2 40 7
787
2 40 8
788
2 40 9
789
2 40 10
790
2 40 11
791
2 40 12
792
2 40 13
793
2 40 14
794
2 40 15
795
2 40 16
796
2 40 17
797
2 40 18
798
2 40 19
799
2 40 20
800
2 40 21
801
2 40 22
802
2 40 23
803
2 40 24
804
2 40 25
805
2 40 26
806
2 40 27
807
2 40 28
808
2 40 29
809
2 40 30
810
2 40 31
811
2 40 32
812
2 40 33
813
2 40 34
814
2 40 35
815
2 40 36
816
2 40 37
817
2 40 38
818
2 40 39
819
820
1 40 40
2 41 1
821
2 41 2
822
2 41 3
823
2 41 4
824
2 41 5
825
2 41 6
826
2 41 7
827
2 41 8
828
2 41 9
829
2 41 10
830
2 41 11
831
2 41 12
832
2 41 13
833
2 41 14
834
2 41 15
835
2 41 16
836
2 41 17
837
2 41 18
838
2 41 19
839
2 41 20
840
2 41 21
841
2 41 22
842
2 41 23
843
2 41 24
844
2 41 25
845
2 41 26
846
2 41 27
847
2 41 28
848
2 41 29
849
2 41 30
850
2 41 31
851
2 41 32
852
2 41 33
853
2 41 34
854
2 41 35
855
2 41 36
856
2 41 37
857
2 41 38
858
2 41 39
859
2 41 40
860
861
1 41 41
2 42 1
862
2 42 2
863
2 42 3
864
2 42 4
865
2 42 5
866
2 42 6
867
2 42 7
868
2 42 8
869
2 42 9
870
2 42 10
871
2 42 11
872
2 42 12
873
2 42 13
874
2 42 14
875
2 42 15
876
2 42 16
877
2 42 17
878
2 42 18
879
2 42 19
880
2 42 20
881
2 42 21
882
2 42 22
883
2 42 23
884
2 42 24
885
2 42 25
886
2 42 26
887
2 42 27
888
2 42 28
889
2 42 29
890
2 42 30
891
2 42 31
892
2 42 32
893
2 42 33
894
2 42 34
895
2 42 35
896
2 42 36
897
2 42 37
898
2 42 38
899
2 42 39
900
2 42 40
901
2 42 41
902
903
1 42 42
2 43 1
904
2 43 2
905
2 43 3
906
2 43 4
907
2 43 5
908
2 43 6
909
2 43 7
910
2 43 8
911
2 43 9
912
2 43 10
913
2 43 11
914
2 43 12
915
2 43 13
916
2 43 14
917
2 43 15
918
2 43 16
919
2 43 17
920
2 43 18
921
2 43 19
922
2 43 20
923
2 43 21
924
2 43 22
925
2 43 23
926
2 43 24
927
2 43 25
928
2 43 26
929
2 43 27
930
2 43 28
931
2 43 29
932
2 43 30
933
2 43 31
934
2 43 32
935
2 43 33
936
2 43 34
937
2 43 35
938
2 43 36
939
2 43 37
940
2 43 38
941
2 43 39
942
2 43 40
943
2 43 41
944
2 43 42
945
946
1 43 43
2 44 1
947
2 44 2
948
2 44 3
949
2 44 4
950
2 44 5
951
2 44 6
952
2 44 7
953
2 44 8
954
2 44 9
955
2 44 10
956
2 44 11
957
2 44 12
958
2 44 13
959
2 44 14
960
2 44 15
961
2 44 16
962
2 44 17
963
2 44 18
964
2 44 19
965
2 44 20
966
2 44 21
967
2 44 22
968
2 44 23
969
2 44 24
970
2 44 25
971
2 44 26
972
2 44 27
973
2 44 28
974
2 44 29
975
2 44 30
976
2 44 31
977
2 44 32
978
2 44 33
979
2 44 34
980
2 44 35
981
2 44 36
982
2 44 37
983
2 44 38
984
2 44 39
985
2 44 40
986
2 44 41
987
2 44 42
988
2 44 43
989
990
1 44 44
2 45 1
991
2 45 2
992
2 45 3
993
2 45 4
994
2 45 5
995
2 45 6
996
2 45 7
997
2 45 8
998
2 45 9
999
2 45 10
1000
2 45 11
1001
2 45 12
1002
2 45 13
1003
2 45 14
1004
2 45 15
1005
2 45 16
1006
2 45 17
1007
2 45 18
1008
2 45 19
1009
2 45 20
1010
2 45 21
1011
2 45 22
1012
2 45 23
1013
2 45 24
1014
2 45 25
1015
2 45 26
1016
2 45 27
1017
2 45 28
1018
2 45 29
1019
2 45 30
1020
2 45 31
1021
2 45 32
1022
2 45 33
1023
2 45 34
1024
2 45 35
1025
2 45 36
1026
2 45 37
1027
2 45 38
1028
2 45 39
1029
2 45 40
1030
2 45 41
1031
2 45 42
1032
2 45 43
1033
2 45 44
1034
1035
1 45 45
2 46 1
1036
2 46 2
1037
2 46 3
1038
2 46 4
1039
2 46 5
1040
2 46 6
1041
2 46 7
1042
2 46 8
1043
2 46 9
1044
2 46 10
1045
2 46 11
1046
2 46 12
1047
2 46 13
1048
2 46 14
1049
2 46 15
1050
2 46 16
1051
2 46 17
1052
2 46 18
1053
2 46 19
1054
2 46 20
1055
2 46 21
1056
2 46 22
1057
2 46 23
1058
2 46 24
1059
2 46 25
1060
2 46 26
1061
2 46 27
1062
2 46 28
1063
2 46 29
1064
2 46 30
1065
2 46 31
1066
2 46 32
1067
2 46 33
1068
2 46 34
1069
2 46 35
1070
2 46 36
1071
2 46 37
1072
2 46 38
1073
2 46 39
1074
2 46 40
1075
2 46 41
1076
2 46 42
1077
2 46 43
1078
2 46 44
1079
2 46 45
1080
1081
1 46 46
2 47 1
1082
2 47 2
1083
2 47 3
1084
2 47 4
1085
2 47 5
1086
2 47 6
1087
2 47 7
1088
2 47 8
1089
2 47 9
1090
2 47 10
1091
2 47 11
1092
2 47 12
1093
2 47 13
1094
2 47 14
1095
2 47 15
1096
2 47 16
1097
2 47 17
1098
2 47 18
1099
2 47 19
1100
2 47 20
1101
2 47 21
1102
2 47 22
1103
2 47 23
1104
2 47 24
1105
2 47 25
1106
2 47 26
1107
2 47 27
1108
2 47 28
1109
2 47 29
1110
2 47 30
1111
2 47 31
1112
2 47 32
1113
2 47 33
1114
2 47 34
1115
2 47 35
1116
2 47 36
1117
2 47 37
1118
2 47 38
1119
2 47 39
1120
2 47 40
1121
2 47 41
1122
2 47 42
1123
2 47 43
1124
2 47 44
1125
2 47 45
1126
2 47 46
1127
1128
1 47 47
2 48 1
1129
2 48 2
1130
2 48 3
1131
2 48 4
1132
2 48 5
1133
2 48 6
1134
2 48 7
1135
2 48 8
1136
2 48 9
1137
2 48 10
1138
2 48 11
1139
2 48 12
1140
2 48 13
1141
2 48 14
1142
2 48 15
1143
2 48 16
1144
2 48 17
1145
2 48 18
1146
2 48 19
1147
2 48 20
1148
2 48 21
1149
2 48 22
1150
2 48 23
1151
2 48 24
1152
2 48 25
1153
2 48 26
1154
2 48 27
1155
2 48 28
1156
2 48 29
1157
2 48 30
1158
2 48 31
1159
2 48 32
1160
2 48 33
1161
2 48 34
1162
2 48 35
1163
2 48 36
1164
2 48 37
1165
2 48 38
1166
2 48 39
1167
2 48 40
1168
2 48 41
1169
2 48 42
1170
2 48 43
1171
2 48 44
1172
2 48 45
1173
2 48 46
1174
2 48 47
1175
1176
1 48 48
2 49 1
1177
2 49 2
1178
2 49 3
1179
2 49 4
1180
2 49 5
1181
2 49 6
1182
2 49 7
1183
2 49 8
1184
2 49 9
1185
2 49 10
1186
2 49 11
1187
2 49 12
1188
2 49 13
1189
2 49 14
1190
2 49 15
1191
2 49 16
1192
2 49 17
1193
2 49 18
1194
2 49 19
1195
2 49 20
1196
2 49 21
1197
2 49 22
1198
2 49 23
1199
2 49 24
1200
2 49 25
1201
2 49 26
1202
2 49 27
1203
2 49 28
1204
2 49 29
1205
2 49 30
1206
2 49 31
1207
2 49 32
1208
2 49 33
1209
2 49 34
1210
2 49 35
1211
2 49 36
1212
2 49 37
1213
2 49 38
1214
2 49 39
1215
2 49 40
1216
2 49 41
1217
2 49 42
1218
2 49 43
1219
2 49 44
1220
2 49 45
1221
2 49 46
1222
2 49 47
1223
2 49 48
1224
1225
1 49 49
2 50 1
1226
2 50 2
1227
2 50 3
1228
2 50 4
1229
2 50 5
1230
2 50 6
1231
2 50 7
1232
2 50 8
1233
2 50 9
1234
2 50 10
1235
2 50 11
1236
2 50 12
1237
2 50 13
1238
2 50 14
1239
2 50 15
1240
2 50 16
1241
2 50 17
1242
2 50 18
1243
2 50 19
1244
2 50 20
1245
2 50 21
1246
2 50 22
1247
2 50 23
1248
2 50 24
1249
2 50 25
1250
2 50 26
1251
2 50 27
1252
2 50 28
1253
2 50 29
1254
2 50 30
1255
2 50 31
1256
2 50 32
1257
2 50 33
1258
2 50 34
1259
2 50 35
1260
2 50 36
1261
2 50 37
1262
2 50 38
1263
2 50 39
1264
2 50 40
1265
2 50 41
1266
2 50 42
1267
2 50 43
1268
2 50 44
1269
2 50 45
1270
2 50 46
1271
2 50 47
1272
2 50 48
1273
2 50 49
1274
1275
1 50 50
2 51 1
1276
2 51 2
1277
2 51 3
1278
2 51 4
1279
2 51 5
1280
2 51 6
1281
2 51 7
1282
2 51 8
1283
2 51 9
1284
2 51 10
1285
2 51 11
1286
2 51 12
1287
2 51 13
1288
2 51 14
1289
2 51 15
1290
2 51 16
1291
2 51 17
1292
2 51 18
1293
2 51 19
1294
2 51 20
1295
2 51 21
1296
2 51 22
1297
2 51 23
1298
2 51 24
1299
2 51 25
1300
2 51 26
1301
2 51 27
1302
2 51 28
1303
2 51 29
1304
2 51 30
1305
2 51 31
1306
2 51 32
1307
2 51 33
1308
2 51 34
1309
2 51 35
1310
2 51 36
1311
2 51 37
1312
2 51 38
1313
2 51 39
1314
2 51 40
1315
2 51 41
1316
2 51 42
1317
2 51 43
1318
2 51 44
1319
2 51 45
1320
2 51 46
1321
2 51 47
1322
2 51 48
1323
1324
1 51 49
2 52 1
1325
2 52 2
1326
2 52 3
1327
2 52 4
1328
2 52 5
1329
2 52 6
1330
2 52 7
1331
2 52 8
1332
2 52 9
1333
2 52 10
1334
2 52 11
1335
2 52 12
1336
2 52 13
1337
2 52 14
1338
2 52 15
1339
2 52 16
1340
2 52 17
1341
2 52 18
1342
2 52 19
1343
2 52 20
1344
2 52 21
1345
2 52 22
1346
2 52 23
1347
2 52 24
1348
2 52 25
1349
2 52 26
1350
2 52 27
1351
2 52 28
1352
2 52 29
1353
2 52 30
1354
2 52 31
1355
2 52 32
1356
2 52 33
1357
2 52 34
1358
2 52 35
1359
2 52 36
1360
2 52 37
1361
2 52 38
1362
2 52 39
1363
2 52 40
1364
2 52 41
1365
2 52 42
1366
2 52 43
1367
2 52 44
1368
2 52 45
1369
2 52 46
1370
2 52 47
1371
1372
1 52 48
2 53 1
1373
2 53 2
1374
2 53 3
1375
2 53 4
1376
2 53 5
1377
2 53 6
1378
2 53 7
1379
2 53 8
1380
2 53 9
1381
2 53 10
1382
2 53 11
1383
2 53 12
1384
2 53 13
1385
2 53 14
1386
2 53 15
1387
2 53 16
1388
2 53 17
1389
2 53 18
1390
2 53 19
1391
2 53 20
1392
2 53 21
1393
2 53 22
1394
2 53 23
1395
2 53 24
1396
2 53 25
1397
2 53 26
1398
2 53 27
1399
2 53 28
1400
2 53 29
1401
2 53 30
1402
2 53 31
1403
2 53 32
1404
2 53 33
1405
2 53 34
1406
2 53 35
1407
2 53 36
1408
2 53 37
1409
2 53 38
1410
2 53 39
1411
2 53 40
1412
2 53 41
1413
2 53 42
1414
2 53 43
1415
2 53 44
1416
2 53 45
1417
2 53 46
1418
1419
1 53 47
2 54 1
1420
2 54 2
1421
2 54 3
1422
2 54 4
1423
2 54 5
1424
2 54 6
1425
2 54 7
1426
2 54 8
1427
2 54 9
1428
2 54 10
1429
2 54 11
1430
2 54 12
1431
2 54 13
1432
2 54 14
1433
2 54 15
1434
2 54 16
1435
2 54 17
1436
2 54 18
1437
2 54 19
1438
2 54 20
1439
2 54 21
1440
2 54 22
1441
2 54 23
1442
2 54 24
1443
2 54 25
1444
2 54 26
1445
2 54 27
1446
2 54 28
1447
2 54 29
1448
2 54 30
1449
2 54 31
1450
2 54 32
1451
2 54 33
1452
2 54 34
1453
2 54 35
1454
2 54 36
1455
2 54 37
1456
2 54 38
1457
2 54 39
1458
2 54 40
1459
2 54 41
1460
2 54 42
1461
2 54 43
1462
2 54 44
1463
2 54 45
1464
1465
1 54 46
2 55 1
1466
2 55 2
1467
2 55 3
1468
2 55 4
1469
2 55 5
1470
2 55 6
1471
2 55 7
1472
2 55 8
1473
2 55 9
1474
2 55 10
1475
2 55 11
1476
2 55 12
1477
2 55 13
1478
2 55 14
1479
2 55 15
1480
2 55 16
1481
2 55 17
1482
2 55 18
1483
2 55 19
1484
2 55 20
1485
2 55 21
1486
2 55 22
1487
2 55 23
1488
2 55 24
1489
2 55 25
1490
2 55 26
1491
2 55 27
1492
2 55 28
1493
2 55 29
1494
2 55 30
1495
2 55 31
1496
2 55 32
1497
2 55 33
1498
2 55 34
1499
2 55 35
1500
2 55 36
1501
2 55 37
1502
2 55 38
1503
2 55 39
1504
2 55 40
1505
2 55 41
1506
2 55 42
1507
2 55 43
1508
2 55 44
1509
1510
1 55 45
2 56 1
1511
2 56 2
1512
2 56 3
1513
2 56 4
1514
2 56 5
1515
2 56 6
1516
2 56 7
1517
2 56 8
1518
2 56 9
1519
2 56 10
1520
2 56 11
1521
2 56 12
1522
2 56 13
1523
2 56 14
1524
2 56 15
1525
2 56 16
1526
2 56 17
1527
2 56 18
1528
2 56 19
1529
2 56 20
1530
2 56 21
1531
2 56 22
1532
2 56 23
1533
2 56 24
1534
2 56 25
1535
2 56 26
1536
2 56 27
1537
2 56 28
1538
2 56 29
1539
2 56 30
1540
2 56 31
1541
2 56 32
1542
2 56 33
1543
2 56 34
1544
2 56 35
1545
2 56 36
1546
2 56 37
1547
2 56 38
1548
2 56 39
1549
2 56 40
1550
2 56 41
1551
2 56 42
1552
2 56 43
1553
1554
1 56 44
2 57 1
1555
2 57 2
1556
2 57 3
1557
2 57 4
1558
2 57 5
1559
2 57 6
1560
2 57 7
1561
2 57 8
1562
2 57 9
1563
2 57 10
1564
2 57 11
1565
2 57 12
1566
2 57 13
1567
2 57 14
1568
2 57 15
1569
2 57 16
1570
2 57 17
1571
2 57 18
1572
2 57 19
1573
2 57 20
1574
2 57 21
1575
2 57 22
1576
2 57 23
1577
2 57 24
1578
2 57 25
1579
2 57 26
1580
2 57 27
1581
2 57 28
1582
2 57 29
1583
2 57 30
1584
2 57 31
1585
2 57 32
1586
2 57 33
1587
2 57 34
1588
2 57 35
1589
2 57 36
1590
2 57 37
1591
2 57 38
1592
2 57 39
1593
2 57 40
1594
2 57 41
1595
2 57 42
1596
1597
1 57 43
2 58 1
1598
2 58 2
1599
2 58 3
1600
2 58 4
1601
2 58 5
1602
2 58 6
1603
2 58 7
1604
2 58 8
1605
2 58 9
1606
2 58 10
1607
2 58 11
1608
2 58 12
1609
2 58 13
1610
2 58 14
1611
2 58 15
1612
2 58 16
1613
2 58 17
1614
2 58 18
1615
2 58 19
1616
2 58 20
1617
2 58 21
1618
2 58 22
1619
2 58 23
1620
2 58 24
1621
2 58 25
1622
2 58 26
1623
2 58 27
1624
2 58 28
1625
2 58 29
1626
2 58 30
1627
2 58 31
1628
2 58 32
1629
2 58 33
1630
2 58 34
1631
2 58 35
1632
2 58 36
1633
2 58 37
1634
2 58 38
1635
2 58 39
1636
2 58 40
1637
2 58 41
1638
1639
1 58 42
2 59 1
1640
2 59 2
1641
2 59 3
1642
2 59 4
1643
2 59 5
1644
2 59 6
1645
2 59 7
1646
2 59 8
1647
2 59 9
1648
2 59 10
1649
2 59 11
1650
2 59 12
1651
2 59 13
1652
2 59 14
1653
2 59 15
1654
2 59 16
1655
2 59 17
1656
2 59 18
1657
2 59 19
1658
2 59 20
1659
2 59 21
1660
2 59 22
1661
2 59 23
1662
2 59 24
1663
2 59 25
1664
2 59 26
1665
2 59 27
1666
2 59 28
1667
2 59 29
1668
2 59 30
1669
2 59 31
1670
2 59 32
1671
2 59 33
1672
2 59 34
1673
2 59 35
1674
2 59 36
1675
2 59 37
1676
2 59 38
1677
2 59 39
1678
2 59 40
1679
1680
1 59 41
2 60 1
1681
2 60 2
1682
2 60 3
1683
2 60 4
1684
2 60 5
1685
2 60 6
1686
2 60 7
1687
2 60 8
1688
2 60 9
1689
2 60 10
1690
2 60 11
1691
2 60 12
1692
2 60 13
1693
2 60 14
1694
2 60 15
1695
2 60 16
1696
2 60 17
1697
2 60 18
1698
2 60 19
1699
2 60 20
1700
2 60 21
1701
2 60 22
1702
2 60 23
1703
2 60 24
1704
2 60 25
1705
2 60 26
1706
2 60 27
1707
2 60 28
1708
2 60 29
1709
2 60 30
1710
2 60 31
1711
2 60 32
1712
2 60 33
1713
2 60 34
1714
2 60 35
1715
2 60 36
1716
2 60 37
1717
2 60 38
1718
2 60 39
1719
1720
1 60 40
2 61 1
1721
2 61 2
1722
2 61 3
1723
2 61 4
1724
2 61 5
1725
2 61 6
1726
2 61 7
1727
2 61 8
1728
2 61 9
1729
2 61 10
1730
2 61 11
1731
2 61 12
1732
2 61 13
1733
2 61 14
1734
2 61 15
1735
2 61 16
1736
2 61 17
1737
2 61 18
1738
2 61 19
1739
2 61 20
1740
2 61 21
1741
2 61 22
1742
2 61 23
1743
2 61 24
1744
2 61 25
1745
2 61 26
1746
2 61 27
1747
2 61 28
1748
2 61 29
1749
2 61 30
1750
2 61 31
1751
2 61 32
1752
2 61 33
1753
2 61 34
1754
2 61 35
1755
2 61 36
1756
2 61 37
1757
2 61 38
1758
1759
1 61 39
2 62 1
1760
2 62 2
1761
2 62 3
1762
2 62 4
1763
2 62 5
1764
2 62 6
1765
2 62 7
1766
2 62 8
1767
2 62 9
1768
2 62 10
1769
2 62 11
1770
2 62 12
1771
2 62 13
1772
2 62 14
1773
2 62 15
1774
2 62 16
1775
2 62 17
1776
2 62 18
1777
2 62 19
1778
2 62 20
1779
2 62 21
1780
2 62 22
1781
2 62 23
1782
2 62 24
1783
2 62 25
1784
2 62 26
1785
2 62 27
1786
2 62 28
1787
2 62 29
1788
2 62 30
1789
2 62 31
1790
2 62 32
1791
2 62 33
1792
2 62 34
1793
2 62 35
1794
2 62 36
1795
2 62 37
1796
1797
1 62 38
2 63 1
1798
2 63 2
1799
2 63 3
1800
2 63 4
1801
2 63 5
1802
2 63 6
1803
2 63 7
1804
2 63 8
1805
2 63 9
1806
2 63 10
1807
2 63 11
1808
2 63 12
1809
2 63 13
1810
2 63 14
1811
2 63 15
1812
2 63 16
1813
2 63 17
1814
2 63 18
1815
2 63 19
1816
2 63 20
1817
2 63 21
1818
2 63 22
1819
2 63 23
1820
2 63 24
1821
2 63 25
1822
2 63 26
1823
2 63 27
1824
2 63 28
1825
2 63 29
1826
2 63 30
1827
2 63 31
1828
2 63 32
1829
2 63 33
1830
2 63 34
1831
2 63 35
1832
2 63 36
1833
1834
1 63 37
2 64 1
1835
2 64 2
1836
2 64 3
1837
2 64 4
1838
2 64 5
1839
2 64 6
1840
2 64 7
1841
2 64 8
1842
2 64 9
1843
2 64 10
1844
2 64 11
1845
2 64 12
1846
2 64 13
1847
2 64 14
1848
2 64 15
1849
2 64 16
1850
2 64 17
1851
2 64 18
1852
2 64 19
1853
2 64 20
1854
2 64 21
1855
2 64 22
1856
2 64 23
1857
2 64 24
1858
2 64 25
1859
2 64 26
1860
2 64 27
1861
2 64 28
1862
2 64 29
1863
2 64 30
1864
2 64 31
1865
2 64 32
1866
2 64 33
1867
2 64 34
1868
2 64 35
1869
1870
1 64 36
2 65 1
1871
2 65 2
1872
2 65 3
1873
2 65 4
1874
2 65 5
1875
2 65 6
1876
2 65 7
1877
2 65 8
1878
2 65 9
1879
2 65 10
1880
2 65 11
1881
2 65 12
1882
2 65 13
1883
2 65 14
1884
2 65 15
1885
2 65 16
1886
2 65 17
1887
2 65 18
1888
2 65 19
1889
2 65 20
1890
2 65 21
1891
2 65 22
1892
2 65 23
1893
2 65 24
1894
2 65 25
1895
2 65 26
1896
2 65 27
1897
2 65 28
1898
2 65 29
1899
2 65 30
1900
2 65 31
1901
2 65 32
1902
2 65 33
1903
2 65 34
1904
1905
1 65 35
2 66 1
1906
2 66 2
1907
2 66 3
1908
2 66 4
1909
2 66 5
1910
2 66 6
1911
2 66 7
1912
2 66 8
1913
2 66 9
1914
2 66 10
1915
2 66 11
1916
2 66 12
1917
2 66 13
1918
2 66 14
1919
2 66 15
1920
2 66 16
1921
2 66 17
1922
2 66 18
1923
2 66 19
1924
2 66 20
1925
2 66 21
1926
2 66 22
1927
2 66 23
1928
2 66 24
1929
2 66 25
1930
2 66 26
1931
2 66 27
1932
2 66 28
1933
2 66 29
1934
2 66 30
1935
2 66 31
1936
2 66 32
1937
2 66 33
1938
1939
1 66 34
2 67 1
1940
2 67 2
1941
2 67 3
1942
2 67 4
1943
2 67 5
1944
2 67 6
1945
2 67 7
1946
2 67 8
1947
2 67 9
1948
2 67 10
1949
2 67 11
1950
2 67 12
1951
2 67 13
1952
2 67 14
1953
2 67 15
1954
2 67 16
1955
2 67 17
1956
2 67 18
1957
2 67 19
1958
2 67 20
1959
2 67 21
1960
2 67 22
1961
2 67 23
1962
2 67 24
1963
2 67 25
1964
2 67 26
1965
2 67 27
1966
2 67 28
1967
2 67 29
1968
2 67 30
1969
2 67 31
1970
2 67 32
1971
1972
1 67 33
2 68 1
1973
2 68 2
1974
2 68 3
1975
2 68 4
1976
2 68 5
1977
2 68 6
1978
2 68 7
1979
2 68 8
1980
2 68 9
1981
2 68 10
1982
2 68 11
1983
2 68 12
1984
2 68 13
1985
2 68 14
1986
2 68 15
1987
2 68 16
1988
2 68 17
1989
2 68 18
1990
2 68 19
1991
2 68 20
1992
2 68 21
1993
2 68 22
1994
2 68 23
1995
2 68 24
1996
2 68 25
1997
2 68 26
1998
2 68 27
1999
2 68 28
2000
2 68 29
2001
2 68 30
2002
2 68 31
2003
2004
1 68 32
2 69 1
2005
2 69 2
2006
2 69 3
2007
2 69 4
2008
2 69 5
2009
2 69 6
2010
2 69 7
2011
2 69 8
2012
2 69 9
2013
2 69 10
2014
2 69 11
2015
2 69 12
2016
2 69 13
2017
2 69 14
2018
2 69 15
2019
2 69 16
2020
2 69 17
2021
2 69 18
2022
2 69 19
2023
2 69 20
2024
2 69 21
2025
2 69 22
2026
2 69 23
2027
2 69 24
2028
2 69 25
2029
2 69 26
2030
2 69 27
2031
2 69 28
2032
2 69 29
2033
2 69 30
2034
2035
1 69 31
2 70 1
2036
2 70 2
2037
2 70 3
2038
2 70 4
2039
2 70 5
2040
2 70 6
2041
2 70 7
2042
2 70 8
2043
2 70 9
2044
2 70 10
2045
2 70 11
2046
2 70 12
2047
2 70 13
2048
2 70 14
2049
2 70 15
2050
2 70 16
2051
2 70 17
2052
2 70 18
2053
2 70 19
2054
2 70 20
2055
2 70 21
2056
2 70 22
2057
2 70 23
2058
2 70 24
2059
2 70 25
2060
2 70 26
2061
2 70 27
2062
2 70 28
2063
2 70 29
2064
2065
1 70 30
2 71 1
2066
2 71 2
2067
2 71 3
2068
2 71 4
2069
2 71 5
2070
2 71 6
2071
2 71 7
2072
2 71 8
2073
2 71 9
2074
2 71 10
2075
2 71 11
2076
2 71 12
2077
2 71 13
2078
2 71 14
2079
2 71 15
2080
2 71 16
2081
2 71 17
2082
2 71 18
2083
2 71 19
2084
2 71 20
2085
2 71 21
2086
2 71 22
2087
2 71 23
2088
2 71 24
2089
2 71 25
2090
2 71 26
2091
2 71 27
2092
2 71 28
2093
2094
1 71 29
2 72 1
2095
2 72 2
2096
2 72 3
2097
2 72 4
2098
2 72 5
2099
2 72 6
2100
2 72 7
2101
2 72 8
2102
2 72 9
2103
2 72 10
2104
2 72 11
2105
2 72 12
2106
2 72 13
2107
2 72 14
2108
2 72 15
2109
2 72 16
2110
2 72 17
2111
2 72 18
2112
2 72 19
2113
2 72 20
2114
2 72 21
2115
2 72 22
2116
2 72 23
2117
2 72 24
2118
2 72 25
2119
2 72 26
2120
2 72 27
2121
2122
1 72 28
2 73 1
2123
2 73 2
2124
2 73 3
2125
2 73 4
2126
2 73 5
2127
2 73 6
2128
2 73 7
2129
2 73 8
2130
2 73 9
2131
2 73 10
2132
2 73 11
2133
2 73 12
2134
2 73 13
2135
2 73 14
2136
2 73 15
2137
2 73 16
2138
2 73 17
2139
2 73 18
2140
2 73 19
2141
2 73 20
2142
2 73 21
2143
2 73 22
2144
2 73 23
2145
2 73 24
2146
2 73 25
2147
2 73 26
2148
2149
1 73 27
2 74 1
2150
2 74 2
2151
2 74 3
2152
2 74 4
2153
2 74 5
2154
2 74 6
2155
2 74 7
2156
2 74 8
2157
2 74 9
2158
2 74 10
2159
2 74 11
2160
2 74 12
2161
2 74 13
2162
2 74 14
2163
2 74 15
2164
2 74 16
2165
2 74 17
2166
2 74 18
2167
2 74 19
2168
2 74 20
2169
2 74 21
2170
2 74 22
2171
2 74 23
2172
2 74 24
2173
2 74 25
2174
2175
1 74 26
2 75 1
2176
2 75 2
2177
2 75 3
2178
2 75 4
2179
2 75 5
2180
2 75 6
2181
2 75 7
2182
2 75 8
2183
2 75 9
2184
2 75 10
2185
2 75 11
2186
2 75 12
2187
2 75 13
2188
2 75 14
2189
2 75 15
2190
2 75 16
2191
2 75 17
2192
2 75 18
2193
2 75 19
2194
2 75 20
2195
2 75 21
2196
2 75 22
2197
2 75 23
2198
2 75 24
2199
2200
1 75 25
2 76 1
2201
2 76 2
2202
2 76 3
2203
2 76 4
2204
2 76 5
2205
2 76 6
2206
2 76 7
2207
2 76 8
2208
2 76 9
2209
2 76 10
2210
2 76 11
2211
2 76 12
2212
2 76 13
2213
2 76 14
2214
2 76 15
2215
2 76 16
2216
2 76 17
2217
2 76 18
2218
2 76 19
2219
2 76 20
2220
2 76 21
2221
2 76 22
2222
2 76 23
2223
2224
1 76 24
2 77 1
2225
2 77 2
2226
2 77 3
2227
2 77 4
2228
2 77 5
2229
2 77 6
2230
2 77 7
2231
2 77 8
2232
2 77 9
2233
2 77 10
2234
2 77 11
2235
2 77 12
2236
2 77 13
2237
2 77 14
2238
2 77 15
2239
2 77 16
2240
2 77 17
2241
2 77 18
2242
2 77 19
2243
2 77 20
2244
2 77 21
2245
2 77 22
2246
2247
1 77 23
2 78 1
2248
2 78 2
2249
2 78 3
2250
2 78 4
2251
2 78 5
2252
2 78 6
2253
2 78 7
2254
2 78 8
2255
2 78 9
2256
2 78 10
2257
2 78 11
2258
2 78 12
2259
2 78 13
2260
2 78 14
2261
2 78 15
2262
2 78 16
2263
2 78 17
2264
2 78 18
2265
2 78 19
2266
2 78 20
2267
2 78 21
2268
2269
1 78 22
2 79 1
2270
2 79 2
2271
2 79 3
2272
2 79 4
2273
2 79 5
2274
2 79 6
2275
2 79 7
2276
2 79 8
2277
2 79 9
2278
2 79 10
2279
2 79 11
2280
2 79 12
2281
2 79 13
2282
2 79 14
2283
2 79 15
2284
2 79 16
2285
2 79 17
2286
2 79 18
2287
2 79 19
2288
2 79 20
2289
2290
1 79 21
2 80 1
2291
2 80 2
2292
2 80 3
2293
2 80 4
2294
2 80 5
2295
2 80 6
2296
2 80 7
2297
2 80 8
2298
2 80 9
2299
2 80 10
2300
2 80 11
2301
2 80 12
2302
2 80 13
2303
2 80 14
2304
2 80 15
2305
2 80 16
2306
2 80 17
2307
2 80 18
2308
2 80 19
2309
2310
1 80 20
2 81 1
2311
2 81 2
2312
2 81 3
2313
2 81 4
2314
2 81 5
2315
2 81 6
2316
2 81 7
2317
2 81 8
2318
2 81 9
2319
2 81 10
2320
2 81 11
2321
2 81 12
2322
2 81 13
2323
2 81 14
2324
2 81 15
2325
2 81 16
2326
2 81 17
2327
2 81 18
2328
2329
1 81 19
2 82 1
2330
2 82 2
2331
2 82 3
2332
2 82 4
2333
2 82 5
2334
2 82 6
2335
2 82 7
2336
2 82 8
2337
2 82 9
2338
2 82 10
2339
2 82 11
2340
2 82 12
2341
2 82 13
2342
2 82 14
2343
2 82 15
2344
2 82 16
2345
2 82 17
2346
2347
1 82 18
2 83 1
2348
2 83 2
2349
2 83 3
2350
2 83 4
2351
2 83 5
2352
2 83 6
2353
2 83 7
2354
2 83 8
2355
2 83 9
2356
2 83 10
2357
2 83 11
2358
2 83 12
2359
2 83 13
2360
2 83 14
2361
2 83 15
2362
2 83 16
2363
2364
1 83 17
2 84 1
2365
2 84 2
2366
2 84 3
2367
2 84 4
2368
2 84 5
2369
2 84 6
2370
2 84 7
2371
2 84 8
2372
2 84 9
2373
2 84 10
2374
2 84 11
2375
2 84 12
2376
2 84 13
2377
2 84 14
2378
2 84 15
2379
2380
1 84 16
2 85 1
2381
2 85 2
2382
2 85 3
2383
2 85 4
2384
2 85 5
2385
2 85 6
2386
2 85 7
2387
2 85 8
2388
2 85 9
2389
2 85 10
2390
2 85 11
2391
2 85 12
2392
2 85 13
2393
2 85 14
2394
2395
1 85 15
2 86 1
2396
2 86 2
2397
2 86 3
2398
2 86 4
2399
2 86 5
2400
2 86 6
2401
2 86 7
2402
2 86 8
2403
2 86 9
2404
2 86 10
2405
2 86 11
2406
2 86 12
2407
2 86 13
2408
2409
1 86 14
2 87 1
2410
2 87 2
2411
2 87 3
2412
2 87 4
2413
2 87 5
2414
2 87 6
2415
2 87 7
2416
2 87 8
2417
2 87 9
2418
2 87 10
2419
2 87 11
2420
2 87 12
2421
2422
1 87 13
2 88 1
2423
2 88 2
2424
2 88 3
2425
2 88 4
2426
2 88 5
2427
2 88 6
2428
2 88 7
2429
2 88 8
2430
2 88 9
2431
2 88 10
2432
2 88 11
2433
2434
1 88 12
2 89 1
2435
2 89 2
2436
2 89 3
2437
2 89 4
2438
2 89 5
2439
2 89 6
2440
2 89 7
2441
2 89 8
2442
2 89 9
2443
2 89 10
2444
2445
1 89 11
2 90 1
2446
2 90 2
2447
2 90 3
2448
2 90 4
2449
2 90 5
2450
2 90 6
2451
2 90 7
2452
2 90 8
2453
2 90 9
2454
2455
1 90 10
2 91 1
2456
2 91 2
2457
2 91 3
2458
2 91 4
2459
2 91 5
2460
2 91 6
2461
2 91 7
2462
2 91 8
2463
2464
1 91 9
2 92 1
2465
2 92 2
2466
2 92 3
2467
2 92 4
2468
2 92 5
2469
2 92 6
2470
2 92 7
2471
2472
1 92 8
2 93 1
2473
2 93 2
2474
2 93 3
2475
2 93 4
2476
2 93 5
2477
2 93 6
2478
2479
1 93 7
2 94 1
2480
2 94 2
2481
2 94 3
2482
2 94 4
2483
2 94 5
2484
2485
1 94 6
2 95 1
2486
2 95 2
2487
2 95 3
2488
2 95 4
2489
2490
1 95 5
2 96 1
2491
2 96 2
2492
2 96 3
2493
2494
1 96 4
2 97 1
2495
2 97 2
2496
2497
1 97 3
2 98 1
2498
2499
1 98 2
2500
1 99 1
2500
