4817956824 1
4817956824 2
4817956824 3
4817956824 4
4817956824 5
4817956824 6
4817956824 7
4817956824 8
4817956824 9
4817956824 10
9501235426 1
9501235426 2
9501235426 3
9501235426 4
9501235426 5
9501235426 6
9501235426 7
9501235426 8
9501235426 9
9501235426 10
0000000000 1
0000000000 2
0000000000 3
0000000000 4
0000000000 5
0000000000 6
0000000000 7
0000000000 8
0000000000 9
0000000000 10
0020000000 1
0020000000 2
0020000000 3
0020000000 4
0020000000 5
0020000000 6
0020000000 7
0020000000 8
0020000000 9
0020000000 10
0000000000 0
