666
31 74
2 4 7 9 9 10 17 21 22 24 24 32 32 32 33 33 42 45 48 50 50 54 57 57 57 60 65 67 67 69 73
30 84
3 13 14 15 17 18 19 23 25 25 26 33 35 35 37 39 40 42 50 53 56 61 65 70 77 78 80 81 83 83
38 90
3 3 5 6 8 8 10 13 13 13 18 19 21 25 26 27 32 36 37 37 37 41 41 41 42 47 58 60 64 64 65 70 80 81 85 89 89 89
42 32
1 3 3 3 4 5 5 5 6 6 7 8 8 9 11 11 11 12 12 13 13 13 15 16 17 18 19 19 20 20 21 22 24 24 25 26 26 28 28 29 30 32
38 79
4 5 6 8 17 17 21 22 22 22 25 27 28 28 29 29 31 32 33 35 40 40 41 49 50 51 51 52 56 61 63 63 68 69 71 73 76 78
23 23
2 4 6 7 7 7 7 8 9 9 9 10 17 17 17 18 18 20 21 21 22 22 22
37 97
2 3 3 6 8 13 15 16 20 23 27 30 31 35 38 39 39 40 56 58 59 59 61 64 66 68 68 75 76 77 79 79 79 83 87 94 97
31 20
1 2 2 3 4 6 6 6 6 6 7 9 9 10 11 11 11 11 12 12 14 15 15 16 16 17 17 18 18 20 20
10 61
9 9 24 30 39 40 40 42 56 60
36 40
2 2 3 3 3 3 4 5 6 7 11 12 12 13 13 13 14 16 17 18 19 19 20 24 26 27 28 28 29 31 31 32 35 36 36 39
46 42
1 1 3 3 4 5 5 6 11 11 13 15 15 16 17 18 18 19 20 20 22 22 23 24 25 25 27 27 28 28 28 28 29 29 31 31 33 33 34 37 37 38 39 39 40 41
17 48
1 2 3 4 4 5 6 7 8 12 18 29 33 34 38 42 48
47 12
1 1 1 1 2 2 2 2 3 3 3 3 3 4 4 4 4 5 5 5 5 5 6 7 7 7 8 8 8 8 9 9 9 9 9 9 9 9 10 10 11 11 11 11 12 12 12
14 47
2 10 15 16 20 20 24 25 26 30 32 40 44 45
15 62
1 1 6 10 11 15 22 28 37 37 37 38 47 59 61
15 95
13 19 21 23 30 41 57 62 67 71 81 83 85 88 91
34 78
2 6 8 8 10 10 11 19 20 21 22 23 25 25 26 28 30 32 32 34 34 39 45 46 47 54 55 55 56 63 70 71 74 76
38 76
3 6 9 10 14 18 20 21 23 25 28 31 32 32 34 35 37 39 45 45 46 47 54 59 62 65 68 69 69 69 70 72 74 75 75 76 76 76
17 7
1 1 1 3 4 4 4 4 4 4 4 5 5 6 7 7 7
24 26
1 2 4 5 6 6 6 7 8 14 14 15 16 16 16 18 20 20 20 22 23 23 23 24
39 23
1 1 2 2 3 4 4 4 5 5 6 6 6 8 10 10 10 10 10 10 11 11 12 12 12 13 14 14 16 16 17 18 19 19 21 21 21 22 23
49 55
1 2 4 5 5 5 6 7 9 9 9 10 11 13 15 15 15 18 18 18 19 21 21 24 25 26 27 29 30 32 33 34 34 35 35 35 36 37 38 39 39 40 40 41 47 49 51 51 55
31 17
1 1 2 2 3 3 5 7 8 8 8 9 9 9 10 10 11 11 11 12 12 12 13 13 13 13 13 15 16 17 17
12 40
3 7 11 14 18 19 25 29 35 38 38 40
46 16
1 1 1 1 1 1 2 2 2 4 4 4 5 5 5 6 7 8 9 9 10 10 10 11 11 11 11 11 11 11 11 11 12 13 13 13 13 14 14 14 14 14 15 16 16 16
43 78
2 5 6 6 12 17 17 19 22 29 30 33 34 37 38 38 39 43 43 44 47 49 51 51 51 52 54 55 57 60 60 61 62 65 68 69 69 69 70 74 74 76 78
44 88
2 3 3 5 5 5 5 7 13 13 17 20 20 23 24 25 25 25 26 29 31 34 36 37 38 39 40 43 52 53 56 57 58 60 61 62 63 65 66 74 81 87 88 88
26 60
1 3 4 8 8 10 15 17 20 20 27 27 28 34 37 39 40 43 45 46 46 47 50 50 56 57
48 13
1 1 2 2 2 3 3 3 3 3 4 4 4 5 5 6 6 7 7 7 7 7 8 8 8 8 8 8 9 10 10 10 11 11 11 11 11 11 11 11 11 12 12 12 13 13 13 13
34 72
1 3 4 5 6 14 18 22 26 27 28 29 33 34 36 36 38 40 47 48 50 50 54 55 56 56 57 57 58 61 61 66 69 72
22 63
7 12 14 20 25 25 27 31 34 35 35 36 37 39 40 42 45 50 54 60 61 61
3 5
3 4 5
41 3
1 1 1 1 1 1 1 1 1 1 1 1 1 1 2 2 2 2 2 2 2 2 2 2 2 2 2 3 3 3 3 3 3 3 3 3 3 3 3 3 3
17 40
1 3 3 9 10 12 12 15 18 20 22 23 32 32 35 38 40
37 7
1 1 1 1 1 1 1 2 2 3 3 3 3 4 4 4 4 4 4 5 5 5 5 5 6 6 6 6 6 7 7 7 7 7 7 7 7
29 6
1 1 1 1 2 2 2 2 2 2 2 2 2 2 2 3 3 3 4 4 4 4 5 5 5 5 6 6 6
35 19
1 1 2 2 2 3 3 4 5 5 6 6 7 7 7 7 8 8 8 9 10 10 10 11 12 13 13 15 16 17 17 18 18 19 19
19 22
1 1 3 4 6 6 8 9 9 12 13 14 16 16 16 16 17 18 22
5 30
1 7 8 19 22
34 56
2 3 3 3 4 6 7 7 8 9 11 17 19 20 23 23 28 28 28 29 30 30 32 34 36 36 38 38 39 43 44 44 48 51
23 50
1 4 4 9 16 20 22 23 24 25 27 28 28 28 29 30 33 33 35 39 42 42 48
26 60
2 6 10 12 14 16 18 19 19 21 24 24 30 31 32 34 34 36 36 37 41 47 51 52 54 60
31 56
3 4 7 8 8 10 11 16 17 18 20 23 23 25 28 31 35 37 37 40 41 41 42 43 45 48 48 49 51 51 53
27 62
9 12 13 15 15 19 19 25 26 26 27 28 29 34 34 38 42 43 46 48 53 54 55 58 58 59 62
50 51
1 1 2 2 3 3 5 9 10 11 11 11 13 13 14 17 19 20 23 24 24 28 28 28 31 34 34 35 36 38 38 38 38 39 39 39 40 41 41 41 45 46 47 48 49 50 50 50 50 50
22 37
1 2 7 9 11 11 11 15 16 17 19 19 21 21 21 23 26 28 30 32 32 34
19 73
2 6 7 9 13 18 23 35 36 36 36 37 45 46 51 55 59 65 69
44 43
1 6 8 8 8 9 10 11 13 15 16 16 16 16 16 17 17 18 19 19 21 22 22 23 25 25 25 27 27 28 32 34 36 36 37 37 38 38 38 40 40 41 41 43
28 85
1 3 21 21 28 28 28 28 29 31 32 33 35 36 38 39 39 40 46 55 57 62 72 73 77 78 79 80
11 40
6 6 12 19 21 24 30 32 34 37 37
43 36
1 1 2 3 3 4 5 5 5 6 6 7 9 9 10 10 10 11 12 13 14 14 14 15 15 18 18 20 21 22 22 22 24 26 29 29 29 30 31 32 33 33 36
15 16
1 2 4 6 7 9 10 10 11 12 13 14 15 15 16
22 64
3 12 17 24 27 32 35 36 36 38 39 40 42 46 46 52 53 57 60 60 62 62
42 74
4 5 6 7 11 15 15 15 16 16 17 17 17 21 22 23 26 27 32 35 37 38 40 42 44 44 45 46 49 50 53 53 54 59 62 64 64 65 68 70 70 72
35 48
1 3 3 4 4 6 6 8 11 12 16 17 19 20 20 21 21 22 23 27 29 32 32 34 35 36 36 38 39 39 40 41 43 45 45
45 73
1 6 9 11 13 14 18 19 19 26 26 27 28 29 31 33 34 34 35 37 38 39 40 41 42 42 45 47 47 48 52 55 57 57 57 60 61 62 63 64 66 67 71 71 72
35 6
1 1 1 1 1 2 2 2 2 2 2 3 3 3 3 3 3 3 3 3 4 4 4 4 4 4 4 4 5 5 5 6 6 6 6
21 46
3 6 11 12 15 16 16 17 18 22 24 29 31 32 35 36 37 38 39 44 46
39 84
1 1 3 11 11 13 17 18 19 19 28 30 30 32 36 40 40 41 41 43 47 47 48 51 53 56 57 60 62 65 69 69 74 74 78 79 80 80 83
49 86
1 1 4 10 10 12 13 13 14 17 18 21 21 22 22 24 24 26 28 30 31 32 35 36 37 37 39 39 42 46 47 47 49 49 56 59 61 62 63 69 70 70 72 72 72 75 78 84 86
32 85
1 1 1 2 4 6 11 19 26 26 28 28 32 36 36 37 45 48 49 50 51 54 56 60 67 75 75 78 79 80 82 83
16 5
1 1 1 2 2 2 2 3 3 3 5 5 5 5 5 5
37 25
1 1 5 6 7 7 8 8 9 9 9 9 10 10 11 13 14 14 14 14 15 15 16 16 17 18 18 19 20 21 22 23 23 24 25 25 25
3 1
1 1 1
47 4
1 1 1 1 1 1 1 1 1 1 1 2 2 2 2 2 2 2 2 2 3 3 3 3 3 3 3 3 3 3 3 3 4 4 4 4 4 4 4 4 4 4 4 4 4 4 4
30 10
1 2 2 2 3 3 4 4 4 5 5 5 6 7 7 7 7 8 8 8 8 8 9 9 9 10 10 10 10 10
41 43
1 2 2 7 7 10 10 10 16 18 19 21 21 21 22 22 22 23 23 23 24 24 24 25 26 27 28 29 30 30 32 33 33 34 35 40 42 42 42 42 43
37 11
1 1 1 1 1 1 2 2 2 2 3 3 3 3 3 4 5 5 5 5 5 6 6 6 6 6 7 7 7 8 8 8 9 9 10 11 11
18 71
7 9 11 12 17 17 19 27 27 31 33 36 40 48 56 57 64 66
29 80
1 2 6 7 9 10 15 23 27 29 31 34 35 36 38 43 45 48 49 52 53 53 54 59 61 64 73 77 80
17 26
1 4 5 5 6 9 9 10 10 11 19 20 21 21 22 23 26
29 55
1 3 4 5 7 7 9 9 10 10 11 13 19 20 34 35 37 39 39 40 41 43 44 46 47 48 50 53 54
22 71
2 6 9 10 15 15 23 24 26 28 32 38 47 50 51 51 54 59 62 64 68 71
31 35
3 5 6 7 7 7 9 9 10 10 11 13 14 15 15 18 18 20 20 21 22 23 27 29 29 29 31 33 34 34 35
15 6
1 1 1 2 2 3 3 3 4 4 5 5 5 6 6
6 7
2 4 4 5 5 5
39 94
2 5 14 17 22 23 23 29 31 32 37 41 41 42 43 46 48 50 54 54 59 59 61 63 65 65 66 68 70 71 73 78 78 81 84 85 92 93 94
31 83
2 5 10 23 25 26 31 35 37 43 43 46 47 47 47 50 50 54 62 62 68 71 72 75 76 79 79 79 81 81 83
9 82
8 14 22 45 49 50 75 79 80
33 64
1 1 1 5 9 19 24 25 25 31 33 34 35 35 36 40 40 41 44 45 45 45 45 47 47 50 50 53 56 58 59 61 63
17 45
2 7 10 11 15 15 19 22 25 31 35 37 37 40 42 43 45
21 23
2 2 4 4 4 5 8 9 10 10 10 15 16 17 18 18 19 21 21 22 23
3 91
58 64 70
43 89
4 8 8 11 11 11 15 17 19 19 22 24 25 27 28 29 35 36 37 38 40 42 42 45 46 46 46 47 49 55 57 62 64 65 68 70 78 83 84 84 86 88 88
3 20
7 12 15
44 40
1 2 2 5 6 8 11 12 13 13 16 16 16 19 20 20 21 22 22 23 23 24 24 25 25 26 26 26 27 29 29 29 30 30 31 32 33 34 35 37 37 40 40 40
44 45
1 1 2 3 4 4 7 7 8 9 10 11 12 14 15 18 18 18 19 19 21 22 23 24 25 25 25 26 26 27 27 28 28 30 31 31 31 31 34 34 40 41 44 45
44 63
3 3 5 7 11 14 16 16 17 21 21 29 29 29 32 33 34 36 36 37 41 41 43 43 44 46 46 48 48 52 52 54 56 56 57 57 57 58 59 59 59 61 62 62
47 88
2 12 13 16 18 21 22 23 24 32 32 33 33 36 37 38 39 40 40 41 42 42 44 48 52 55 58 58 60 61 61 63 63 64 69 72 72 73 75 75 76 77 77 80 82 83 85
30 55
4 4 4 5 6 16 16 17 18 22 24 25 25 29 32 33 34 36 36 38 43 44 44 45 46 47 49 53 54 55
44 46
2 3 5 6 7 7 8 8 12 12 13 14 15 15 15 15 16 17 18 19 19 20 21 23 24 25 26 27 27 27 33 37 39 40 41 42 42 42 43 43 44 45 46 46
35 53
1 2 2 4 10 11 11 12 13 14 15 16 17 18 22 24 26 29 29 30 32 33 34 36 36 38 40 41 43 47 48 49 49 50 51
8 56
5 10 36 39 39 43 45 49
16 49
5 5 7 7 7 9 13 14 18 19 23 26 30 48 49 49
36 91
2 9 10 12 13 18 20 25 25 25 27 28 28 29 42 42 42 44 46 46 47 50 53 63 64 64 67 69 72 74 77 81 85 87 88 90
13 33
2 7 12 14 14 21 23 24 25 25 27 29 33
22 35
3 3 6 6 7 9 10 11 13 15 15 16 16 16 17 20 23 31 32 33 34 34
24 51
1 10 10 12 12 23 27 29 31 32 32 34 35 36 39 45 45 46 47 47 49 51 51 51
43 38
2 3 4 4 5 7 7 7 9 11 12 13 13 13 14 15 16 16 20 20 21 21 22 24 24 24 24 25 26 26 27 27 29 29 30 30 30 31 32 33 34 37 38
26 22
1 1 1 1 2 4 5 6 9 10 10 10 10 12 13 13 13 14 16 18 18 19 20 21 21 22
44 45
2 3 4 5 6 6 7 8 9 11 12 13 15 18 19 19 20 21 22 22 23 24 25 26 26 26 29 29 30 30 31 32 34 36 36 37 37 37 38 38 41 43 43 44
13 32
5 7 8 11 11 13 14 20 21 23 28 28 28
44 59
1 2 4 6 7 7 8 8 11 11 14 14 16 16 19 19 22 25 26 27 27 28 30 32 34 36 36 39 39 39 40 40 41 42 43 46 49 53 53 54 56 56 57 58
45 41
2 2 3 3 4 4 8 9 9 10 10 10 10 11 11 12 14 14 14 15 15 16 18 19 21 22 22 22 23 23 24 25 27 27 29 30 32 32 32 37 37 37 38 39 41
30 81
2 6 7 8 11 13 15 20 23 34 35 37 44 44 46 47 50 53 55 57 61 62 63 64 65 70 74 78 79 81
38 2
1 1 1 1 1 1 1 1 1 1 1 1 1 1 1 1 1 1 1 2 2 2 2 2 2 2 2 2 2 2 2 2 2 2 2 2 2 2
39 80
1 1 5 8 8 10 13 18 19 21 22 25 26 31 32 34 39 40 42 45 46 48 51 52 52 53 55 56 57 63 63 64 69 71 73 75 76 77 79
42 75
1 3 4 4 7 8 9 13 13 17 19 20 22 33 34 34 35 36 38 43 43 49 50 52 52 53 54 54 57 57 58 63 63 66 67 68 70 71 72 72 73 74
41 77
1 2 4 4 4 6 7 11 15 16 17 17 19 21 23 30 32 32 33 40 41 47 49 52 55 55 56 57 57 57 57 59 59 60 60 61 61 62 65 66 69
36 33
1 1 2 4 4 5 5 5 6 6 7 9 9 9 11 12 13 13 15 15 17 18 21 22 24 25 27 28 29 29 29 29 29 30 32 33
32 21
1 1 1 2 3 3 3 4 4 5 6 6 6 7 7 7 8 9 10 10 10 10 12 13 13 16 17 17 17 18 20 20
17 14
1 1 1 3 4 4 5 5 6 6 8 9 9 10 12 13 14
12 3
1 1 1 1 1 1 2 2 3 3 3 3
27 78
8 9 10 13 14 16 18 21 23 30 30 32 32 35 43 44 44 46 50 55 56 57 59 64 74 74 78
39 10
1 1 2 2 2 2 2 2 2 2 2 3 4 4 4 5 5 5 5 5 6 6 7 7 7 8 8 8 9 9 9 9 9 10 10 10 10 10 10
8 17
3 5 9 12 14 16 16 17
37 24
1 1 1 1 2 5 5 6 6 8 8 8 10 11 11 11 13 14 14 15 15 16 17 17 18 19 20 20 20 20 22 23 23 24 24 24 24
11 59
5 26 27 28 31 38 41 46 49 49 54
26 91
6 17 18 19 23 24 26 27 33 33 36 42 43 46 59 61 62 66 69 72 72 73 79 82 90 90
16 58
2 4 4 18 20 27 27 32 33 36 40 44 49 49 52 58
29 69
1 10 11 12 13 14 18 20 20 22 23 29 31 32 35 37 39 41 42 43 43 45 50 52 53 54 55 57 65
28 44
1 2 2 2 3 4 8 8 13 15 16 16 18 19 21 25 27 29 30 30 32 32 34 35 38 39 39 40
2 9
4 6
43 94
1 4 11 12 12 14 16 18 19 21 21 21 24 26 26 30 30 30 32 33 34 35 36 37 37 39 41 43 47 49 52 53 55 56 62 62 65 71 83 86 88 91 93
11 42
8 9 11 16 17 22 26 30 39 40 42
45 83
1 2 5 11 12 16 16 16 17 17 26 29 30 31 31 32 32 32 32 33 35 38 38 42 45 47 47 49 49 53 54 55 62 64 69 71 74 78 78 78 78 79 80 82 82
14 29
1 1 2 6 8 17 18 18 21 22 24 28 29 29
13 69
2 6 27 32 32 42 47 51 52 54 62 64 65
4 21
6 9 11 15
20 50
3 5 8 8 9 9 10 13 16 17 18 21 27 28 33 36 41 42 44 47
45 52
4 5 5 5 5 7 10 10 11 11 11 12 14 16 16 17 17 18 19 20 21 21 21 24 24 26 26 26 26 28 28 29 32 32 33 33 34 41 42 46 47 48 48 48 52
37 34
1 2 2 2 2 2 3 4 4 5 5 7 7 9 9 11 14 14 15 15 18 18 19 20 21 22 22 23 25 25 27 27 28 29 32 32 34
6 71
30 43 43 66 68 70
43 22
1 1 2 4 4 4 6 6 6 6 7 7 7 7 8 8 10 11 12 12 12 13 13 13 13 14 14 15 15 15 15 16 17 18 18 18 19 20 20 20 20 21 22
12 97
10 19 23 24 30 42 44 50 56 61 70 87
26 25
3 3 5 5 5 6 8 8 9 9 11 12 13 14 15 16 17 18 21 21 23 23 24 24 24 25
1 33
19
10 39
1 2 4 4 9 12 15 25 30 32
39 66
2 2 3 3 3 5 8 8 9 9 10 20 23 23 23 24 29 29 33 37 39 43 45 46 47 47 49 50 52 53 56 59 60 61 61 62 64 64 65
19 6
1 1 1 1 1 2 2 2 2 3 3 3 4 4 5 5 5 5 6
26 73
2 2 4 4 6 9 16 17 18 24 25 26 29 32 35 38 39 39 40 47 49 49 50 52 57 69
27 70
6 7 9 14 16 24 30 32 34 35 37 37 39 47 50 50 50 50 51 52 55 58 59 65 65 65 70
3 75
2 53 67
2 62
8 59
50 87
2 2 7 9 14 15 17 21 21 23 23 23 29 30 30 31 31 31 32 34 35 37 41 42 43 43 44 45 46 46 49 50 51 54 54 60 62 64 65 66 69 70 73 76 78 78 80 82 85 86
47 30
1 1 1 1 2 2 5 5 6 7 7 7 8 8 10 11 11 11 13 13 13 14 15 17 17 17 18 19 19 21 21 21 23 23 23 24 25 25 26 26 27 27 28 29 30 30 30
1 52
16
3 67
3 6 6
33 57
2 4 13 13 15 16 18 19 20 22 23 23 24 24 25 26 26 26 30 30 31 32 33 34 35 43 43 44 50 51 52 55 56
49 6
1 1 1 1 1 1 2 2 2 2 2 2 2 2 2 2 2 2 2 3 3 3 3 3 3 3 4 4 4 4 4 4 5 5 5 5 5 5 5 6 6 6 6 6 6 6 6 6 6
42 86
1 5 6 7 8 11 12 12 13 13 13 14 17 24 25 29 32 35 35 40 43 43 44 44 47 53 54 57 63 64 65 66 66 67 69 70 74 75 78 81 82 85
23 40
2 2 4 6 9 18 19 20 20 21 22 22 24 26 28 28 29 34 36 37 37 38 40
19 94
1 3 9 20 22 31 35 41 43 46 51 67 69 70 70 73 75 77 91
50 84
1 2 3 4 4 5 5 5 9 11 12 16 17 20 22 23 23 27 30 31 32 33 36 42 43 44 45 48 49 51 55 55 57 57 60 67 68 71 72 73 73 73 74 76 77 77 80 80 81 83
15 99
3 21 23 30 33 37 56 57 58 65 70 80 95 97 98
34 55
3 4 4 7 7 8 11 14 16 18 19 20 23 27 28 29 30 32 39 41 42 43 43 43 43 44 44 44 47 49 52 52 54 55
3 32
7 21 29
48 68
1 6 10 10 11 12 14 14 15 16 17 17 22 23 25 25 26 29 29 33 36 41 41 43 44 46 47 48 50 52 52 54 54 55 55 56 57 57 58 58 59 59 61 62 62 65 67 67
49 38
1 3 3 4 4 5 7 7 7 11 12 13 14 15 15 15 16 17 18 18 19 20 20 24 26 26 27 27 27 27 28 28 28 28 29 29 30 30 30 30 32 32 33 33 33 35 36 37 38
48 46
2 3 3 4 4 5 6 7 7 7 8 8 10 15 17 17 18 19 20 21 21 22 22 23 24 24 26 27 27 27 28 28 29 29 30 30 30 31 31 32 39 41 41 41 41 42 42 42
30 16
1 1 1 2 2 3 3 3 3 4 5 5 5 6 6 6 8 9 10 12 12 13 14 14 15 15 15 15 16 16
50 79
3 10 10 11 16 17 17 19 20 22 25 27 28 32 34 35 38 40 41 43 43 43 43 44 45 45 46 49 49 51 53 55 56 58 60 62 62 62 64 64 66 67 68 68 69 72 72 73 75 79
10 83
5 8 28 31 36 40 58 65 73 73
7 48
7 13 17 28 30 37 43
20 42
3 5 5 7 7 8 18 19 20 22 25 25 28 29 32 33 36 38 40 41
39 30
1 3 3 5 6 7 7 9 10 13 13 14 15 16 16 17 17 19 21 21 21 21 22 22 25 26 26 27 28 28 28 29 29 29 30 30 30 30 30
39 73
2 3 6 7 9 10 12 14 16 28 28 28 30 30 32 32 34 34 35 40 45 45 46 50 52 57 58 59 60 61 62 66 66 67 69 69 70 71 73
16 77
3 3 4 5 7 15 16 17 20 29 30 30 55 70 73 77
12 62
9 10 19 25 40 43 44 46 48 51 56 59
46 29
1 1 3 3 4 4 5 5 5 6 7 9 10 11 11 12 13 14 15 16 17 17 17 17 18 18 19 19 20 21 22 23 23 23 23 24 24 25 25 25 25 26 26 27 28 28
30 83
3 3 8 9 12 14 16 19 24 34 34 35 36 36 37 40 41 44 56 56 57 57 58 60 61 67 67 71 74 79
8 55
2 8 17 21 28 33 35 41
3 36
17 25 30
25 38
1 2 3 4 5 6 6 6 12 14 19 21 23 25 26 27 28 28 29 32 32 33 34 38 38
11 19
4 4 6 8 11 14 14 15 16 19 19
27 96
1 2 6 12 14 29 31 34 34 38 41 48 50 51 53 56 59 61 61 71 73 76 76 86 92 93 94
45 37
1 1 2 3 4 5 5 6 7 8 8 10 12 13 13 14 16 17 17 19 20 21 21 21 22 25 26 26 27 27 27 28 29 29 29 30 30 31 33 33 35 35 37 37 37
30 90
1 9 11 13 17 25 30 33 35 37 37 38 40 43 43 50 53 56 57 59 60 62 66 67 73 73 81 82 87 89
37 79
2 4 5 6 6 8 9 11 12 15 22 22 33 34 35 42 45 45 47 56 57 59 60 61 61 62 64 66 66 66 66 68 69 72 74 74 78
44 51
1 1 2 4 5 6 7 9 10 10 10 11 13 13 14 15 18 19 20 20 20 21 21 22 22 23 23 25 26 29 30 30 30 31 31 35 35 45 45 47 47 48 49 50
26 74
3 5 7 12 13 18 19 20 24 26 30 30 32 34 35 37 39 39 44 50 50 55 57 63 64 66
49 62
1 4 5 5 6 7 7 8 10 10 12 14 15 22 23 23 23 24 25 25 25 26 28 32 32 33 34 34 35 37 38 38 39 39 41 42 45 49 50 51 52 52 54 55 56 58 61 61 62
46 13
1 1 1 1 1 2 2 2 2 3 3 4 4 4 4 5 5 5 5 5 5 5 6 6 6 6 7 7 8 8 8 9 9 9 10 10 10 10 10 10 11 12 12 12 12 13
47 48
1 1 3 5 6 10 13 13 13 13 15 17 17 19 19 21 22 22 23 24 25 25 26 27 27 27 27 29 31 35 36 36 37 37 38 39 41 42 43 43 46 47 47 47 48 48 48
16 86
1 6 17 19 19 30 46 47 49 52 55 59 61 63 69 71
9 91
6 16 21 31 43 49 62 73 77
5 100
38 67 82 89 98
3 62
8 12 60
32 2
1 1 1 1 1 1 1 1 1 1 1 1 1 1 1 1 1 1 1 1 1 1 2 2 2 2 2 2 2 2 2 2
7 62
21 22 29 29 38 58 59
4 14
8 10 10 12
10 14
1 2 3 5 6 8 11 12 12 14
6 86
31 56 59 62 75 78
18 31
1 6 7 9 9 10 13 14 14 14 17 21 21 24 24 26 27 30
36 33
2 3 3 4 7 9 9 10 10 11 12 13 13 13 13 15 15 15 16 17 19 19 19 21 22 22 22 24 24 26 27 27 28 30 30 31
12 33
1 8 13 13 13 15 19 19 21 22 22 22
4 52
4 11 22 40
9 90
2 4 9 19 25 39 40 76 82
30 60
5 7 7 9 11 14 14 17 18 20 21 23 24 28 33 35 35 39 41 41 44 45 47 48 49 50 53 56 58 58
13 72
8 9 19 22 23 27 28 35 46 50 51 58 64
31 6
1 1 1 1 2 2 2 2 2 2 3 3 3 3 3 4 4 4 4 4 4 5 5 5 5 5 6 6 6 6 6
40 48
1 1 3 4 4 6 7 8 9 9 11 11 13 13 14 15 21 21 22 23 24 24 26 26 28 28 29 29 36 38 39 39 39 41 42 42 46 47 48 48
15 30
2 6 6 9 12 13 14 14 15 21 23 25 26 27 28
20 1
1 1 1 1 1 1 1 1 1 1 1 1 1 1 1 1 1 1 1 1
28 31
1 1 3 3 5 5 6 6 7 9 10 10 13 14 16 16 17 17 17 19 20 20 22 23 23 24 24 26
27 13
1 2 2 3 3 3 4 5 5 5 5 6 6 6 8 9 9 9 10 10 10 11 11 11 13 13 13
15 37
1 9 10 12 12 15 16 18 20 22 24 25 29 34 37
35 100
5 23 23 24 25 30 30 33 33 34 37 39 40 44 47 50 53 55 58 59 59 64 65 65 67 68 71 77 79 81 82 85 85 89 100
50 17
1 1 1 1 2 2 2 2 2 2 3 3 3 3 3 4 4 5 5 5 5 6 6 6 6 8 8 8 9 10 10 11 11 14 14 14 14 15 15 15 15 16 16 16 16 16 17 17 17 17
46 44
1 1 3 3 3 3 3 4 4 6 7 7 10 10 10 10 12 12 12 12 12 14 14 15 16 16 16 17 18 19 20 20 22 22 22 23 23 27 29 33 35 36 39 40 43 44
22 15
1 1 1 2 2 3 3 4 5 6 7 8 8 9 10 11 11 12 13 13 14 15
8 59
26 35 38 45 47 48 50 58
24 96
4 9 11 20 26 27 35 44 45 45 50 52 56 57 60 67 69 71 75 76 80 88 89 92
29 26
1 2 3 4 5 6 7 8 8 9 11 12 12 12 13 13 14 15 19 19 21 21 22 23 23 23 24 25 26
9 91
1 12 36 39 41 43 60 69 86
42 45
1 3 3 3 4 5 6 6 7 7 10 12 14 14 20 23 24 26 26 26 28 28 29 29 32 32 32 32 32 33 33 34 39 40 40 40 42 42 42 43 44 45
8 49
1 5 6 8 9 31 45 47
26 41
4 4 8 8 9 10 11 14 14 15 23 24 25 28 29 29 32 32 32 34 34 39 39 39 40 40
11 25
1 2 3 3 6 8 11 12 13 15 16
34 99
2 3 4 6 6 8 10 11 12 18 20 22 23 26 33 40 42 43 44 46 47 47 48 56 61 63 68 71 72 86 88 94 97 97
23 39
2 2 8 14 16 18 18 20 20 21 21 22 23 24 24 24 25 25 29 34 35 37 39
41 75
1 3 3 4 9 9 9 10 10 12 12 13 14 19 20 20 21 23 27 28 33 35 37 39 40 40 41 44 45 46 48 50 51 52 52 52 54 58 64 71 75
6 76
4 11 31 49 57 61
37 53
1 3 3 9 10 10 10 10 12 12 15 15 15 16 17 19 21 23 24 26 27 28 28 29 31 32 34 35 36 38 40 40 41 44 49 49 50
10 3
1 1 1 1 2 2 2 3 3 3
36 93
9 11 12 17 17 20 25 31 31 33 33 36 43 43 46 47 47 53 53 58 60 62 63 66 71 73 73 80 82 82 84 86 86 87 91 93
44 38
1 1 3 3 6 8 8 9 9 10 11 11 15 15 15 15 16 16 16 16 18 22 22 22 23 24 25 25 27 28 30 31 32 32 33 34 35 35 35 36 37 37 38 38
49 82
2 2 3 4 8 8 8 12 14 15 20 22 26 28 29 29 31 32 35 35 36 38 39 42 45 47 48 50 53 53 54 57 59 59 60 62 63 64 64 64 66 66 67 69 72 73 78 81 82
40 35
2 4 4 5 5 6 8 9 9 10 11 11 12 13 13 13 15 15 16 17 17 17 17 23 24 25 26 26 27 28 29 29 30 31 32 33 33 33 34 35
6 7
1 5 6 7 7 7
16 74
6 8 8 14 19 22 29 35 37 39 41 42 45 49 55 71
36 5
1 1 1 1 1 1 1 1 1 2 2 2 2 3 3 3 3 3 4 4 4 4 4 4 4 4 5 5 5 5 5 5 5 5 5 5
20 81
2 7 17 18 19 19 24 26 31 32 33 37 46 47 52 53 55 58 74 77
11 70
2 8 20 21 25 26 29 33 52 69 70
6 25
1 2 7 11 20 23
39 2
1 1 1 1 1 1 1 1 1 1 1 1 1 1 1 1 1 1 1 1 2 2 2 2 2 2 2 2 2 2 2 2 2 2 2 2 2 2 2
8 72
17 36 48 52 53 53 59 66
31 16
2 3 3 4 5 5 5 5 6 6 7 8 8 9 9 9 9 9 10 10 11 11 13 13 13 14 15 16 16 16 16
20 73
3 4 6 7 7 8 15 24 27 29 30 43 43 48 58 59 62 63 63 73
22 40
1 6 9 12 13 13 13 16 17 19 20 21 22 23 25 29 31 36 36 38 40 40
7 20
3 5 9 12 17 18 20
45 17
1 1 2 3 3 4 4 4 4 4 5 6 6 7 7 7 7 9 9 9 10 10 10 10 10 11 11 12 12 12 13 13 14 14 14 14 15 16 16 16 16 17 17 17 17
25 49
2 3 4 4 7 8 8 10 12 13 16 17 18 21 21 22 23 24 27 31 33 39 46 47 49
44 33
2 2 2 3 4 4 5 8 9 9 9 9 9 11 12 12 14 15 16 16 17 18 18 19 19 20 21 21 21 21 21 21 23 23 23 23 26 27 28 29 29 31 32 33
30 28
1 2 3 4 6 7 8 8 9 10 10 10 12 12 12 13 16 16 19 19 19 20 20 20 23 24 26 26 27 27
7 98
12 26 34 37 40 50 97
14 48
1 7 7 9 20 29 31 32 35 35 36 40 41 47
4 67
4 37 50 60
21 70
1 4 13 13 21 23 26 27 32 45 46 48 49 54 54 60 62 63 64 66 68
12 78
18 29 33 37 39 44 59 67 68 69 73 76
33 48
2 4 6 7 8 8 8 8 9 10 10 10 12 13 15 16 16 17 18 19 20 21 21 23 25 27 31 31 36 41 45 47 48
30 81
2 3 5 5 6 9 14 25 28 29 30 31 31 36 39 40 48 50 51 52 55 55 58 64 65 66 75 75 77 81
44 85
3 4 6 7 8 8 10 13 15 24 25 30 32 34 35 36 39 39 40 41 43 45 45 45 46 47 48 52 54 54 55 57 62 63 71 71 73 74 77 79 81 81 82 84
5 18
5 8 10 15 17
48 19
1 1 1 1 2 2 2 3 4 4 4 4 4 4 5 5 6 6 7 7 7 7 8 9 10 10 10 10 10 11 11 12 12 13 14 14 14 14 15 15 17 17 17 17 17 19 19 19
47 80
2 2 2 6 7 8 8 10 10 10 14 15 17 22 22 22 25 25 27 28 32 32 34 36 40 40 40 41 42 44 46 47 48 49 49 50 56 63 65 65 65 67 69 70 73 75 79
38 41
1 1 1 5 7 7 9 10 11 12 12 13 13 14 15 19 20 20 20 22 22 23 24 25 25 25 26 27 27 28 29 29 35 37 37 38 39 40
27 3
1 1 1 1 1 1 1 1 1 1 2 2 2 2 3 3 3 3 3 3 3 3 3 3 3 3 3
43 64
1 3 6 10 11 11 11 15 19 19 19 20 24 27 27 27 29 30 35 35 36 39 39 40 41 43 43 49 50 51 51 53 54 56 58 58 58 58 59 62 62 63 64
27 19
2 2 3 5 6 6 7 8 8 8 8 9 10 10 10 11 12 12 13 14 15 16 17 17 18 19 19
30 78
3 7 8 9 12 16 16 17 17 21 29 29 30 31 33 44 45 50 52 61 67 68 68 70 71 72 74 74 74 76
7 23
1 6 10 14 14 15 19
1 47
10
42 19
1 2 2 3 4 5 5 5 6 6 7 7 7 8 9 9 10 11 11 12 13 13 13 14 14 15 15 15 15 16 16 16 16 16 16 17 17 17 17 17 18 19
4 44
12 21 22 44
31 56
2 3 6 11 12 12 13 13 16 19 20 21 23 26 30 31 33 34 35 37 43 43 44 49 49 50 52 52 53 53 54
26 55
2 3 6 6 6 10 11 15 18 24 27 29 30 34 35 36 37 39 40 42 44 46 47 47 49 55
11 81
5 13 33 43 50 56 58 60 63 76 79
36 74
1 4 6 8 8 17 17 23 26 30 33 35 39 40 40 41 41 45 46 47 48 48 49 49 51 54 54 60 61 63 63 63 65 68 70 73
33 70
2 2 5 8 8 12 16 17 22 27 29 32 32 33 35 36 36 42 46 46 46 47 47 48 49 52 52 56 59 63 63 66 69
22 41
1 1 3 4 4 6 9 9 10 10 12 14 14 17 17 18 18 23 30 32 35 35
27 23
2 2 3 3 5 7 8 8 9 9 9 10 11 11 14 15 17 17 17 17 18 18 19 20 20 22 22
11 4
1 1 1 1 2 3 3 4 4 4 4
42 57
1 2 5 6 8 8 9 10 10 11 12 13 14 17 23 24 26 26 26 29 29 31 33 33 34 35 37 38 38 39 39 39 40 42 44 50 50 51 52 53 56 57
6 63
6 30 40 40 46 59
33 59
6 6 7 8 10 13 16 18 19 20 20 21 23 26 27 27 28 29 30 30 33 34 35 39 42 47 48 50 52 54 58 58 59
39 42
2 2 4 5 8 10 12 14 14 15 16 16 17 18 18 19 21 22 23 23 25 26 27 28 29 29 29 29 31 36 37 37 38 39 39 40 41 42 42
44 59
1 4 4 5 6 6 6 7 8 11 11 12 13 13 14 17 17 17 18 21 22 25 25 26 28 30 33 38 39 40 40 40 41 41 42 43 44 44 46 47 53 53 57 58
33 39
2 3 6 7 9 9 10 11 11 12 12 13 16 16 20 21 21 22 22 24 24 27 28 28 28 29 29 31 32 33 34 37 39
21 57
1 2 6 7 7 8 8 13 16 16 18 22 28 29 31 32 37 43 52 55 57
45 20
2 3 3 3 4 5 6 6 6 7 7 7 9 9 9 10 10 10 10 10 11 11 11 11 11 12 12 12 13 13 13 13 13 14 14 15 15 18 18 18 19 19 19 19 20
39 13
1 1 1 1 1 2 2 3 4 4 4 4 5 5 5 6 6 6 7 7 7 8 8 9 9 9 10 10 10 10 10 11 11 11 12 12 13 13 13
32 56
2 4 4 5 9 9 10 14 16 17 18 19 22 23 23 26 27 28 30 31 31 34 36 37 39 40 42 43 43 48 49 54
11 71
3 5 13 21 43 43 57 57 62 64 70
26 95
2 13 17 18 28 39 53 56 57 60 61 66 66 66 67 69 69 71 76 77 79 79 79 82 89 89
7 79
8 27 27 45 70 74 79
36 26
2 2 3 3 3 4 5 5 7 7 7 7 8 8 9 9 9 10 10 10 10 12 13 14 14 15 16 16 18 20 22 22 23 23 24 25
44 67
1 5 6 6 7 11 12 13 15 18 20 22 22 24 25 27 28 30 30 30 33 33 35 35 35 39 40 41 42 43 46 46 46 46 47 48 55 55 60 61 63 64 66 67
41 2
1 1 1 1 1 1 1 1 1 1 1 1 1 1 1 1 1 1 1 1 1 1 1 1 2 2 2 2 2 2 2 2 2 2 2 2 2 2 2 2 2
17 57
2 10 11 18 19 20 20 32 34 38 38 39 40 41 49 51 53
43 90
1 2 4 9 12 15 17 18 25 33 38 43 45 51 53 55 60 61 64 65 70 71 72 72 73 73 75 77 79 81 81 82 82 82 83 83 85 86 86 87 88 88 88
37 26
1 3 4 5 5 5 5 6 7 7 9 9 10 10 11 11 12 12 12 12 14 15 16 17 18 19 19 20 20 21 23 23 23 24 24 24 25
33 78
3 3 5 7 14 14 18 18 21 23 23 24 24 29 32 32 34 34 35 36 37 40 43 44 51 55 56 58 66 71 74 78 78
1 49
12
46 46
1 2 2 4 6 7 7 7 8 8 10 11 11 12 13 13 13 14 15 15 16 17 17 17 18 19 19 23 24 28 28 29 30 30 32 33 36 36 37 40 40 41 42 43 43 45
42 76
2 4 5 8 9 10 15 17 20 20 24 26 28 29 33 33 34 36 36 40 43 45 47 48 51 51 52 52 54 55 56 57 59 60 61 61 68 71 72 72 73 76
19 39
3 4 4 8 10 12 17 18 20 20 26 27 29 30 32 32 34 37 39
10 55
2 20 23 30 32 34 41 45 50 52
26 90
7 11 26 34 37 46 47 49 49 53 53 54 56 57 59 63 64 66 71 73 75 83 84 88 89 90
15 5
1 1 1 2 2 3 3 3 3 3 4 4 5 5 5
7 66
1 2 10 56 58 59 63
9 53
2 5 7 18 28 32 34 42 48
24 3
1 1 1 1 1 1 1 1 1 1 1 2 2 2 2 2 2 2 2 2 2 3 3 3
18 9
1 1 1 1 2 3 3 4 4 5 5 6 6 7 8 8 9 9
17 66
9 10 12 17 17 20 24 29 31 36 42 44 48 51 57 62 62
7 14
1 4 6 7 8 13 14
24 31
1 3 7 9 10 12 12 12 13 13 16 17 17 18 21 23 26 26 26 26 27 27 29 30
15 57
1 3 9 14 14 15 20 21 22 23 30 47 48 54 56
7 19
3 10 10 12 12 13 19
36 10
1 2 2 2 2 2 2 2 3 3 3 4 4 4 4 4 5 5 5 6 6 6 6 6 6 6 7 8 8 8 8 8 9 9 10 10
22 83
6 7 11 15 17 19 26 29 31 31 33 34 37 45 48 50 51 53 63 67 69 77
44 76
1 2 4 9 10 11 12 12 12 13 14 20 24 26 30 31 32 34 35 38 38 40 42 46 49 49 49 51 58 59 59 59 60 61 61 61 62 65 69 70 70 71 74 75
11 79
7 9 15 18 19 35 46 48 51 64 75
35 6
1 1 1 1 1 1 2 2 2 2 2 3 3 3 3 3 3 3 3 3 4 4 4 5 5 5 5 5 6 6 6 6 6 6 6
49 59
4 5 6 7 7 8 9 10 11 11 12 13 13 15 16 17 18 18 20 21 23 23 23 24 25 26 28 29 30 30 31 36 38 39 42 42 43 44 45 48 50 50 51 52 53 57 59 59 59
30 19
1 1 2 4 4 4 5 5 5 5 6 7 8 9 9 10 10 12 12 12 13 13 14 14 14 16 17 18 19 19
15 15
1 2 4 4 5 5 6 9 10 10 10 11 11 11 12
1 67
46
29 16
1 3 4 4 5 5 5 5 6 6 6 7 7 7 8 8 8 8 9 9 9 10 11 11 12 13 14 14 16
2 76
26 27
4 9
1 3 4 7
10 51
3 3 10 11 18 19 33 37 38 42
25 28
1 5 5 7 7 13 13 14 14 15 18 18 18 20 21 21 22 23 23 25 25 26 26 27 28
11 65
2 5 8 21 22 24 26 28 32 57 63
6 95
19 22 53 58 59 60
42 6
1 1 1 1 1 1 1 2 2 2 2 2 2 2 2 2 2 2 2 2 3 3 3 3 3 4 4 4 4 4 4 5 5 5 5 5 5 5 6 6 6 6
1 42
5
16 27
3 4 5 6 7 8 9 10 11 12 17 18 19 21 21 26
27 41
1 1 3 4 6 7 9 10 12 15 15 18 18 22 23 26 26 27 30 30 32 33 35 35 35 36 37
47 73
1 1 1 2 3 6 7 8 11 11 11 13 15 15 20 24 24 25 27 27 28 29 30 30 39 39 41 41 44 45 47 48 48 49 50 54 56 58 59 59 60 60 61 61 66 68 72
5 32
5 6 16 18 27
20 23
3 3 4 5 6 7 7 9 9 9 11 12 13 18 19 22 23 23 23 23
28 5
1 1 1 1 2 2 3 3 3 3 3 4 4 4 4 4 4 4 5 5 5 5 5 5 5 5 5 5
2 42
8 22
33 88
1 8 9 11 23 26 29 29 33 35 38 38 39 40 41 41 45 50 52 52 53 59 61 66 66 69 71 73 74 75 80 87 88
4 36
4 11 30 34
22 3
1 1 1 1 1 1 1 1 2 2 2 2 3 3 3 3 3 3 3 3 3 3
7 45
1 19 25 30 34 43 44
50 36
1 1 1 3 3 5 5 6 8 9 9 10 11 11 11 12 12 13 13 14 14 15 15 15 15 16 21 22 23 24 24 25 25 25 26 26 26 27 28 29 30 30 30 31 32 33 36 36 36 36
27 15
1 3 3 4 5 5 5 5 6 6 6 7 8 8 8 8 8 9 9 9 10 12 14 14 14 14 15
45 22
1 2 2 2 3 3 3 3 4 4 4 5 5 5 7 8 8 9 10 10 10 11 11 12 12 13 14 14 15 15 16 16 16 17 17 17 17 18 18 18 18 20 21 22 22
42 30
2 3 3 4 5 6 7 8 8 10 10 12 12 14 15 16 16 17 18 18 18 20 20 21 21 23 23 24 24 24 25 25 25 26 26 27 28 28 28 28 29 29
40 27
1 2 3 4 4 5 5 6 6 6 7 7 7 7 8 9 9 10 11 12 13 14 15 17 17 17 18 19 21 21 22 23 23 23 24 24 26 26 27 27
23 48
1 2 2 6 6 7 7 9 9 10 12 15 15 16 23 27 30 33 40 41 43 45 48
16 15
2 3 4 5 5 6 7 8 9 9 9 9 10 11 14 15
34 34
2 3 4 5 6 6 6 6 9 11 11 12 13 15 15 18 19 23 23 23 24 24 25 28 29 30 30 30 31 32 33 33 33 34
36 32
6 6 6 6 6 7 8 9 10 10 10 11 11 12 13 14 16 16 17 17 17 18 18 19 19 21 22 26 27 27 28 30 30 31 31 32
26 66
1 2 2 4 13 18 19 23 24 26 27 35 36 37 38 39 42 46 48 49 50 51 54 56 59 66
34 65
4 4 5 9 11 11 11 12 13 14 14 16 16 17 20 20 30 31 32 33 33 35 36 36 36 41 45 47 51 54 57 59 61 64
46 84
1 3 6 7 9 11 13 16 21 22 28 29 35 35 36 37 38 40 43 45 46 47 48 52 56 61 63 64 65 66 67 67 67 68 69 70 73 73 73 74 76 79 79 80 80 82
39 40
2 3 3 3 5 5 6 8 11 12 12 12 12 15 18 19 20 20 22 22 23 23 23 24 25 28 28 29 30 31 32 32 33 33 34 34 36 38 38
35 7
1 1 1 1 1 1 2 2 2 2 2 2 3 3 4 4 5 5 5 5 5 5 5 5 5 6 6 7 7 7 7 7 7 7 7
35 45
2 4 4 5 5 7 9 9 10 10 11 15 17 17 17 17 18 22 22 22 23 23 28 30 30 32 33 33 34 34 36 36 39 44 45
20 29
1 2 4 5 9 9 10 11 14 15 17 17 17 21 22 22 24 25 25 25
13 72
7 8 9 10 11 13 16 18 25 34 48 69 72
13 31
2 3 3 5 7 9 10 15 17 20 23 28 31
16 100
2 10 15 20 26 33 37 46 48 60 82 86 91 92 94 97
14 80
1 11 31 34 36 42 46 51 52 52 61 63 76 79
10 9
2 2 2 4 4 5 7 8 8 8
26 90
12 14 15 17 18 22 23 24 30 33 35 39 39 49 60 63 64 66 67 72 72 77 80 84 89 90
50 43
3 3 5 6 7 7 7 7 8 9 9 10 10 11 12 13 13 15 16 16 17 17 17 20 21 22 22 22 25 26 26 26 28 28 29 29 30 32 34 35 37 38 39 41 42 42 42 42 43 43
19 42
7 8 8 9 16 17 18 28 29 30 31 32 32 34 36 41 41 42 42
4 38
6 16 24 26
24 80
6 14 21 22 25 28 29 36 37 39 39 41 45 50 53 54 57 57 57 58 69 69 71 78
4 26
11 14 19 21
34 33
3 4 4 4 5 5 6 6 7 8 9 11 11 11 14 15 16 16 17 21 22 23 23 23 24 24 29 29 29 29 30 32 33 33
34 100
1 4 8 11 14 16 18 19 21 24 25 30 30 32 34 35 45 45 48 50 50 51 64 69 71 71 71 76 79 81 83 86 89 92
32 11
1 1 1 1 3 3 3 4 5 5 5 5 5 6 7 7 7 8 8 9 9 9 9 9 9 10 10 10 10 11 11 11
20 21
1 2 2 6 6 6 6 8 9 10 11 11 12 14 16 19 20 20 20 21
50 32
1 2 3 4 6 6 6 6 7 7 7 8 8 9 9 10 10 11 11 12 13 14 14 15 18 18 18 19 19 20 21 22 22 22 23 23 24 25 26 26 27 29 29 30 31 31 31 32 32 32
40 37
1 1 1 3 4 4 5 5 6 7 8 10 12 12 12 13 14 15 15 16 17 18 19 21 22 24 25 26 26 26 26 27 27 28 28 29 30 32 32 36
37 27
1 1 1 2 3 3 4 5 5 6 6 8 9 9 10 11 12 12 13 14 15 15 16 16 17 17 18 18 19 20 21 21 21 22 24 26 26
9 86
25 32 42 57 58 67 76 83 84
36 32
1 2 2 3 5 5 5 6 6 7 7 9 9 10 13 15 16 16 16 17 18 19 19 20 21 22 23 23 25 27 27 28 29 29 32 32
24 33
4 4 6 7 8 8 9 10 11 12 14 14 15 16 16 17 17 18 20 24 24 28 30 32
47 51
1 1 2 3 3 4 6 8 9 9 11 11 11 12 13 14 15 15 16 16 17 17 21 22 26 26 28 29 29 31 32 32 32 32 36 39 40 41 42 42 43 43 45 49 50 50 50
50 40
1 1 1 1 2 2 3 4 5 5 6 7 8 8 8 9 10 11 14 14 14 15 17 18 19 21 21 24 26 27 28 29 30 31 31 32 32 33 34 34 34 34 35 35 35 35 36 38 38 40
47 97
2 9 12 12 13 13 16 18 19 19 24 24 28 33 35 37 38 40 41 46 50 51 53 56 60 60 61 61 62 63 64 66 66 68 70 73 73 75 76 76 76 79 83 84 88 90 96
41 7
1 1 1 1 1 1 1 1 2 2 2 2 2 2 3 3 3 3 3 4 4 4 4 4 4 5 5 5 5 5 6 6 6 6 6 7 7 7 7 7 7
13 5
2 2 2 3 4 4 4 4 4 4 4 5 5
29 99
4 7 7 16 17 17 21 23 26 30 35 38 39 45 46 58 60 60 69 71 71 73 83 85 87 90 92 94 98
36 50
1 4 6 10 10 10 13 14 14 15 20 21 21 23 24 24 25 26 27 28 30 32 32 33 35 36 36 40 40 41 42 44 45 47 48 49
31 13
1 1 2 3 3 3 4 5 5 6 6 6 7 7 7 8 8 9 9 10 10 11 11 12 12 13 13 13 13 13 13
2 50
16 25
2 44
22 32
9 91
12 16 24 39 52 65 70 80 89
28 70
6 9 12 12 14 14 15 20 22 24 28 29 30 31 34 38 40 41 46 46 48 48 55 58 59 63 66 68
28 97
1 3 5 8 9 19 19 19 21 24 28 34 49 52 55 55 60 63 72 78 79 81 89 90 91 94 96 97
48 56
1 1 3 6 6 6 6 8 10 11 11 12 12 14 15 15 15 16 18 19 22 24 25 26 28 30 32 33 34 35 36 40 41 41 41 43 44 45 45 46 46 46 48 49 50 52 53 55
7 92
25 30 33 37 37 50 56
39 8
1 1 1 2 2 2 2 3 3 3 3 4 4 4 4 5 5 5 5 6 6 6 6 6 7 7 7 7 7 7 7 8 8 8 8 8 8 8 8
25 59
9 10 14 14 15 15 16 18 21 24 26 28 28 33 42 46 46 46 48 49 50 51 58 59 59
17 82
5 9 13 21 21 29 40 50 54 56 58 64 69 75 78 78 81
17 100
2 6 7 9 9 15 22 25 34 54 56 65 71 86 89 96 98
42 11
1 1 1 1 1 2 2 2 2 2 2 3 3 3 3 3 4 4 4 4 4 5 5 7 7 8 8 8 9 9 9 10 10 10 10 10 11 11 11 11 11 11
32 63
3 4 12 13 13 16 16 19 22 25 27 27 27 28 29 31 34 38 38 39 39 39 46 51 51 54 55 56 57 61 63 63
16 12
1 1 2 3 5 6 6 7 7 7 8 8 10 11 12 12
40 2
1 1 1 1 1 1 1 1 1 1 1 1 1 1 1 1 1 1 1 1 1 1 1 2 2 2 2 2 2 2 2 2 2 2 2 2 2 2 2 2
32 57
2 2 5 6 8 11 14 19 21 21 24 24 30 33 34 36 36 38 41 43 43 45 46 47 49 50 50 51 51 53 54 56
22 49
2 4 6 10 13 18 19 21 22 24 25 28 31 37 37 38 40 40 41 43 44 44
16 78
1 5 9 11 16 19 26 33 33 37 49 55 58 65 68 76
24 86
5 6 8 13 18 26 34 39 40 48 49 51 54 55 56 56 60 66 69 77 79 79 80 81
17 65
1 4 7 9 15 15 24 30 33 36 38 39 39 39 44 56 65
33 90
1 3 4 4 6 10 10 17 20 22 25 31 33 34 38 38 43 50 52 53 59 60 63 64 78 78 80 83 86 86 87 87 88
23 48
2 7 8 9 10 10 13 20 21 23 25 25 25 26 26 26 32 38 38 40 44 45 45
3 66
10 49 62
7 37
4 18 28 28 30 30 34
37 51
1 2 8 9 10 11 12 13 13 14 16 20 21 21 24 25 25 26 26 26 27 28 30 30 30 30 32 34 34 38 39 39 41 45 45 46 50
31 49
1 6 6 7 7 8 9 10 11 13 14 17 19 19 19 20 20 21 22 25 28 30 31 32 37 38 40 43 47 48 48
19 65
1 2 4 8 15 17 18 18 23 25 29 35 37 37 37 59 61 62 63
4 67
10 13 38 46
33 4
1 1 1 1 1 1 1 2 2 2 2 2 2 2 2 2 2 3 3 3 3 3 3 3 3 4 4 4 4 4 4 4 4
23 7
1 1 1 2 2 3 3 3 4 4 5 6 6 6 6 6 6 6 7 7 7 7 7
29 58
1 3 3 4 4 5 12 13 13 14 27 28 28 28 31 35 35 36 36 37 37 41 42 43 45 49 50 53 56
17 84
1 2 10 13 15 15 18 33 34 50 53 57 66 68 76 79 84
8 93
16 20 29 54 78 85 87 93
29 76
1 5 5 6 9 10 11 13 14 15 19 19 21 22 25 28 40 41 46 46 61 61 61 65 66 70 72 75 75
15 91
8 15 15 23 25 29 29 31 42 45 46 53 68 80 83
11 34
1 5 8 9 13 16 17 19 21 22 28
23 75
3 6 13 14 14 19 21 33 34 37 43 43 45 47 51 60 60 63 67 68 68 70 73
25 15
2 2 2 3 3 3 4 4 5 6 7 7 8 8 8 9 10 10 10 10 11 12 13 14 15
2 18
3 10
26 79
5 8 9 10 12 12 17 20 21 27 27 30 34 35 36 39 40 40 40 43 57 57 69 71 74 75
33 36
1 2 2 3 5 6 7 9 10 10 11 12 13 14 14 14 14 14 15 16 17 17 21 21 21 23 23 24 25 33 36 36 36
11 85
5 6 21 22 26 32 38 52 53 72 82
2 91
44 81
23 92
7 7 11 14 16 19 24 25 31 39 51 55 55 58 61 61 62 64 75 77 81 87 90
37 90
4 4 5 5 5 6 7 8 9 15 17 24 24 25 29 32 34 35 42 44 46 56 59 60 63 64 65 65 68 71 72 73 73 74 75 89 90
39 99
2 5 9 12 16 24 25 32 33 34 37 40 42 44 45 49 49 51 51 53 55 59 61 61 61 67 68 69 76 78 78 81 85 86 90 94 94 97 98
37 95
8 10 14 19 19 23 24 25 27 30 30 32 34 38 38 41 43 48 51 51 54 55 62 64 67 67 69 77 80 81 85 85 86 87 88 93 94
30 91
1 1 4 6 8 11 12 14 15 18 19 22 29 30 33 35 36 47 62 64 64 65 70 73 74 78 81 83 87 88
21 32
2 5 10 13 13 14 15 16 18 18 20 21 22 22 24 28 29 30 30 31 32
40 17
1 1 2 2 3 3 3 5 5 5 6 6 6 7 7 7 7 8 8 9 9 9 10 10 10 11 11 11 11 12 12 13 13 13 14 14 15 16 16 17
4 3
1 1 2 3
29 61
3 5 8 9 12 14 23 24 24 28 28 28 29 32 36 37 38 41 41 41 44 46 47 48 50 51 57 60 61
16 64
2 4 4 12 23 36 38 39 40 44 46 47 55 56 60 62
20 25
1 1 3 4 7 7 9 10 11 12 13 16 17 21 21 22 23 24 24 25
43 42
1 5 6 7 9 12 12 15 17 18 18 19 19 20 20 21 21 22 24 24 26 26 26 26 27 27 28 28 29 30 30 31 31 32 34 35 36 36 36 36 40 41 42
47 17
1 1 1 2 3 3 3 3 3 4 4 4 4 4 5 5 6 7 7 7 7 8 8 8 8 10 10 11 11 12 12 12 12 12 13 13 14 14 15 15 15 16 16 17 17 17 17
10 46
8 9 15 27 29 32 32 35 40 43
21 5
1 1 2 2 2 2 2 2 2 3 3 3 3 3 4 4 4 5 5 5 5
45 66
3 5 9 10 11 14 16 17 18 19 20 24 24 24 26 26 27 27 30 36 36 37 37 38 39 41 41 43 46 46 47 48 50 51 52 54 54 54 54 55 55 59 62 64 66
26 87
1 2 4 6 11 22 32 33 44 45 47 53 53 53 55 56 63 63 65 66 67 68 71 79 79 82
6 51
1 2 5 18 31 31
20 67
2 12 17 18 19 23 26 29 31 32 34 38 43 49 51 56 62 63 64 67
23 26
1 2 5 6 7 8 8 9 9 11 13 13 13 15 16 18 19 20 20 21 21 24 25
19 19
2 2 3 3 3 4 6 7 11 12 13 14 15 15 16 18 19 19 19
16 68
11 17 18 29 33 42 43 46 46 50 59 60 61 67 68 68
42 56
1 2 2 3 4 4 6 7 13 13 19 19 20 22 22 22 25 28 29 29 31 33 34 34 35 36 36 36 36 39 40 43 44 46 48 50 51 52 52 53 54 54
43 20
1 1 1 1 2 3 3 3 4 4 4 4 5 5 6 6 6 7 7 9 10 11 11 11 12 12 13 13 13 13 13 13 14 14 14 15 16 16 16 18 19 20 20
18 33
1 3 3 8 8 10 10 11 16 19 19 21 23 25 26 27 31 32
46 45
1 1 5 5 5 5 6 12 12 13 14 15 16 17 18 18 20 20 21 21 22 23 23 23 24 24 28 28 29 29 29 29 30 30 30 31 31 32 32 34 38 38 39 40 41 43
7 77
4 6 23 29 49 65 70
32 16
3 3 4 5 5 5 5 5 6 7 8 8 9 10 11 11 12 12 12 12 13 13 13 13 13 14 14 15 15 16 16 16
43 53
1 1 2 3 4 8 9 10 12 15 15 15 15 15 16 16 17 17 18 18 18 19 20 29 31 32 35 37 37 37 39 40 41 41 43 43 44 45 45 48 52 53 53
21 78
6 12 14 15 16 17 34 35 36 43 44 51 56 59 68 69 69 71 71 73 73
34 57
2 3 4 4 5 5 7 8 11 11 13 15 19 21 22 22 23 26 29 31 31 33 39 41 41 42 45 46 49 49 51 52 53 53
20 9
1 1 2 2 2 2 3 4 4 4 5 5 5 6 7 8 8 8 9 9
41 62
1 3 4 5 6 9 10 11 12 12 14 16 17 18 20 23 24 25 26 26 28 29 31 36 38 39 41 43 45 45 48 49 52 52 53 56 59 59 60 60 61
9 93
18 21 36 45 65 65 68 78 82
19 1
1 1 1 1 1 1 1 1 1 1 1 1 1 1 1 1 1 1 1
8 69
3 4 19 28 51 52 54 58
7 79
4 7 21 34 50 62 72
18 16
1 2 3 4 5 5 6 9 10 10 10 11 11 12 13 15 15 16
34 81
3 7 8 10 10 12 14 17 18 20 21 22 24 24 27 32 33 38 38 42 49 49 50 57 61 62 65 67 72 72 78 78 80 81
48 4
1 1 1 1 1 1 1 1 1 1 1 1 1 1 1 1 1 1 2 2 2 2 2 2 2 2 2 2 2 2 2 2 3 3 3 3 3 3 3 3 4 4 4 4 4 4 4 4
13 98
3 4 13 18 20 28 33 33 40 41 64 64 65
25 67
3 4 5 5 10 14 14 18 25 26 26 27 28 30 33 35 42 46 47 47 48 51 56 63 66
27 77
1 4 7 11 17 17 20 20 31 34 41 42 42 43 45 46 46 47 48 49 56 67 68 69 75 75 76
43 61
2 7 7 11 11 12 15 15 17 18 19 20 21 21 21 23 25 25 26 28 29 31 35 38 42 43 46 48 49 49 51 53 55 55 55 56 57 57 58 60 61 61 61
38 54
1 1 1 2 2 4 5 7 10 10 11 13 13 14 15 17 21 21 22 22 23 24 25 27 28 28 32 32 33 33 35 40 44 44 45 49 49 52
1 15
15
16 93
4 6 7 11 20 21 24 31 31 40 46 47 62 64 67 82
13 72
4 14 16 18 20 20 23 31 33 42 53 59 69
41 68
3 6 8 8 8 11 12 12 13 13 15 17 17 17 17 20 20 21 24 25 26 26 32 33 33 34 37 38 39 46 47 49 50 51 53 54 55 56 57 64 65
1 46
7
48 100
2 5 5 7 11 12 15 15 16 25 29 30 31 34 34 37 39 39 41 42 43 49 54 55 57 59 62 63 65 69 69 70 71 76 77 78 78 80 81 81 82 86 87 88 95 96 98 98
38 73
1 2 3 3 4 4 5 5 6 6 8 12 13 13 17 18 19 29 35 36 38 42 45 45 47 49 50 51 55 59 60 63 63 65 67 69 70 72
42 23
2 2 2 2 3 3 4 4 4 5 5 5 6 6 7 8 9 10 10 11 12 12 12 13 14 14 15 15 16 16 17 18 18 19 19 20 21 21 22 22 22 23
25 36
1 1 2 3 4 5 6 6 9 10 11 11 12 14 15 16 16 16 22 24 27 29 29 29 34
43 62
6 7 9 10 12 12 12 13 13 17 19 22 23 24 26 27 29 29 34 35 39 40 41 42 42 43 43 44 44 45 46 47 47 47 49 49 52 57 57 58 59 60 62
44 20
1 1 2 3 3 4 5 5 5 6 6 7 7 8 8 9 9 10 10 11 11 12 12 12 12 13 14 14 15 15 15 15 16 17 17 17 18 18 19 19 19 20 20 20
3 92
4 8 42
29 1
1 1 1 1 1 1 1 1 1 1 1 1 1 1 1 1 1 1 1 1 1 1 1 1 1 1 1 1 1
42 61
1 2 2 3 3 8 9 12 12 13 15 16 19 24 26 26 28 29 30 30 30 30 35 35 36 42 45 46 47 47 48 49 50 53 54 54 55 56 56 58 59 61
4 85
7 15 23 81
31 90
3 17 19 19 20 25 29 29 30 42 42 45 52 55 56 58 61 62 62 65 69 69 69 70 72 73 73 74 74 81 87
46 72
2 3 4 5 9 9 9 10 12 14 15 15 17 20 21 22 24 24 26 27 28 28 29 31 35 35 38 40 40 42 44 44 45 47 50 50 51 54 58 61 61 61 63 64 71 71
29 41
1 2 2 2 2 4 5 12 13 14 15 20 22 22 25 26 26 28 29 30 30 32 32 36 37 38 39 39 41
46 53
1 3 5 7 7 7 7 9 10 10 10 10 11 11 13 14 14 14 17 17 17 17 22 22 22 24 25 26 28 29 30 31 35 36 37 40 40 42 42 43 43 44 44 45 47 52
44 21
1 2 2 2 3 3 4 4 5 5 5 6 6 7 7 8 8 9 9 9 10 10 10 10 11 11 11 12 12 14 14 14 14 15 15 16 16 16 16 16 17 18 20 21
50 14
1 1 2 2 2 2 2 3 4 4 4 5 5 5 6 6 6 6 7 7 7 7 8 8 8 8 8 9 9 9 9 10 10 10 11 11 11 11 11 12 12 12 12 12 13 13 13 14 14 14
22 45
1 2 2 3 3 5 9 14 15 17 19 22 22 28 29 31 32 36 37 38 39 45
37 96
3 3 5 6 7 13 16 17 17 19 19 21 21 24 27 30 32 34 34 37 37 41 45 46 53 54 58 59 70 70 72 75 78 79 80 91 96
18 96
5 6 25 29 30 30 31 42 51 58 63 80 81 84 87 89 93 95
31 94
4 9 11 12 15 21 26 30 39 42 46 46 49 49 50 53 55 58 59 60 64 68 71 76 78 81 82 87 88 91 93
10 50
3 4 4 7 24 27 31 32 36 37
28 100
1 4 7 10 18 19 20 22 36 41 42 44 48 49 51 51 52 52 57 64 73 79 79 79 80 81 84 99
4 77
26 27 36 44
6 32
2 6 15 22 28 30
9 50
1 11 13 14 25 35 38 39 48
47 88
3 8 10 11 16 16 18 18 20 21 21 22 22 24 27 27 29 31 34 34 34 35 37 38 43 43 43 46 51 52 52 55 61 62 63 65 66 66 68 69 74 75 75 78 81 82 87
14 1
1 1 1 1 1 1 1 1 1 1 1 1 1 1
32 21
4 5 5 6 6 6 6 7 7 8 9 12 12 12 14 15 15 16 16 16 17 17 17 17 18 18 19 19 21 21 21 21
23 43
1 3 5 7 9 9 9 10 11 13 16 19 20 22 25 27 28 28 29 30 33 34 38
36 77
2 4 4 8 9 10 11 13 15 15 19 19 22 23 26 26 29 33 34 37 37 38 40 42 44 47 48 49 50 50 51 57 62 62 65 68
24 11
1 2 2 2 3 4 5 5 5 6 6 6 6 6 7 8 8 8 9 9 9 10 11 11
7 67
3 16 19 26 28 32 63
25 31
2 2 3 3 3 4 7 7 7 8 12 12 13 14 14 14 15 16 16 16 18 19 24 27 30
10 38
7 14 14 14 17 19 31 33 34 36
36 51
4 6 7 8 11 12 13 17 17 19 20 21 22 24 25 25 25 26 29 33 35 35 37 37 39 43 43 44 44 45 45 46 46 50 50 51
18 61
1 7 11 18 19 23 25 25 31 31 32 35 37 41 43 48 49 52
4 71
28 62 64 66
23 32
2 5 5 8 9 10 10 15 15 16 16 19 19 20 22 22 23 24 25 29 29 30 31
27 75
6 6 10 11 13 15 17 20 21 25 26 29 33 34 34 42 43 44 46 46 48 57 59 64 66 69 72
48 53
1 2 2 3 5 5 6 7 7 8 9 10 10 11 13 14 15 16 18 20 21 29 30 31 33 35 35 35 40 42 43 44 44 46 46 47 47 48 48 49 50 50 51 52 52 52 52 53
20 59
4 8 11 11 13 21 21 24 25 29 30 35 38 39 40 41 43 47 57 59
4 50
12 22 26 32
2 99
52 80
19 13
1 2 3 4 5 5 6 6 8 8 8 8 8 11 11 11 12 13 13
48 76
1 1 3 4 4 5 8 11 12 14 21 21 22 22 24 26 30 31 33 33 34 35 35 36 39 40 41 45 46 47 47 50 51 52 53 54 56 58 59 61 66 66 67 72 73 73 75 76
22 45
1 3 7 9 12 13 21 22 23 25 29 29 30 34 34 36 37 37 37 39 39 41
10 47
6 17 17 23 27 30 32 34 41 42
18 96
7 25 26 30 33 34 40 43 49 61 62 66 67 72 77 81 88 92
50 17
1 1 1 2 2 2 3 3 3 3 5 5 5 5 5 6 6 6 6 6 8 8 9 9 10 10 10 10 11 12 13 13 13 13 13 13 14 14 14 15 15 15 16 16 16 16 16 17 17 17
27 20
2 3 3 3 3 3 4 5 7 7 7 8 9 9 10 10 11 11 12 12 17 17 18 19 19 20 20
47 45
1 1 1 4 5 7 7 8 9 10 12 13 13 13 16 16 19 19 20 20 21 22 22 22 23 25 25 25 27 27 28 29 29 30 31 32 33 34 35 35 39 42 42 42 42 44 45
30 94
5 6 15 19 20 23 24 26 29 31 34 41 44 49 50 51 53 57 66 68 75 80 80 84 85 85 89 89 90 91
23 59
2 4 5 6 7 8 9 14 16 19 21 21 22 22 27 32 34 42 45 47 50 53 58
5 80
11 64 64 70 72
31 66
3 5 6 6 8 9 11 11 11 12 20 26 26 31 32 32 36 36 38 40 42 43 47 49 52 58 60 63 64 64 65
10 50
5 9 26 32 35 38 41 48 48 49
39 20
1 1 2 2 3 3 3 6 6 7 8 8 8 8 9 9 9 10 10 12 12 12 13 14 14 14 15 15 15 16 16 17 17 18 18 18 19 19 19
10 87
4 8 18 38 42 63 69 71 72 83
25 6
1 1 1 1 2 2 2 2 2 3 3 3 3 4 5 5 5 5 5 5 6 6 6 6 6
1 52
17
2 99
23 28
15 1
1 1 1 1 1 1 1 1 1 1 1 1 1 1 1
28 46
1 2 4 8 10 10 11 11 11 13 15 15 16 18 20 22 23 23 23 26 29 32 33 37 38 40 41 45
26 39
1 4 5 5 8 8 9 13 16 17 20 20 24 25 26 28 31 32 33 34 34 34 35 35 38 39
49 18
1 2 2 2 3 3 3 3 3 4 4 5 5 5 5 6 6 6 6 6 6 7 7 7 8 9 9 10 10 10 10 10 11 11 12 13 13 14 14 14 15 16 16 16 16 17 17 17 18
36 88
7 8 8 8 10 18 19 20 24 26 31 35 35 36 37 43 43 44 45 46 50 53 55 60 63 65 72 72 73 73 75 75 76 81 82 84
33 97
1 4 14 14 16 17 20 20 24 26 26 33 34 36 39 39 45 48 48 54 63 64 67 71 74 76 76 77 77 78 89 94 95
16 64
13 14 24 26 35 36 37 39 41 46 48 48 48 54 59 61
35 88
1 6 8 9 11 18 19 20 21 22 24 24 26 26 36 37 42 44 44 47 47 49 50 50 52 52 54 59 62 66 72 78 85 88 88
25 58
3 8 11 16 16 16 16 19 22 25 30 31 33 33 35 40 42 43 46 48 50 55 57 58 58
13 91
2 7 9 24 25 38 40 41 56 68 73 75 82
50 22
1 1 2 2 3 4 4 4 5 6 6 6 6 7 7 7 8 8 8 9 9 9 10 10 10 11 11 13 13 14 14 15 15 15 15 15 15 16 16 17 18 18 18 18 19 20 20 20 20 22
38 100
1 1 2 3 4 6 7 8 10 12 14 18 21 23 23 23 25 28 33 35 40 43 44 46 46 47 49 49 53 55 58 64 64 80 90 93 93 94
1 49
36
10 89
7 8 19 24 40 45 61 70 80 89
11 32
5 6 8 11 15 16 17 18 24 26 29
18 80
8 14 15 17 19 20 23 23 25 29 32 34 42 62 63 66 71 74
24 34
3 9 12 13 14 15 15 15 16 16 20 20 22 23 25 25 27 28 29 30 31 32 33 34
47 45
1 1 2 2 2 3 3 3 3 3 4 4 5 7 9 9 9 10 14 15 16 17 17 17 18 18 20 23 23 24 24 28 30 31 31 31 32 33 34 37 39 40 41 41 41 43 45
9 22
2 3 3 6 8 10 11 15 21
36 16
1 2 2 2 3 3 3 3 5 5 5 5 6 7 7 8 9 9 9 9 10 11 11 11 11 11 12 12 12 14 14 15 15 15 15 16
38 78
4 4 5 7 8 9 19 19 21 31 31 32 35 36 38 38 42 42 44 45 45 45 45 46 48 49 50 51 58 58 59 60 68 69 73 73 75 78
45 38
1 2 2 3 6 6 7 9 9 10 10 11 11 11 12 12 13 17 18 18 19 19 21 22 23 24 25 27 27 28 29 29 30 30 32 32 32 33 34 35 35 36 36 37 38
27 66
1 7 8 9 15 16 19 20 24 24 25 32 33 34 36 36 38 41 42 43 47 49 49 53 63 64 65
14 31
2 3 8 10 12 13 16 17 23 25 25 28 29 30
26 18
2 3 4 4 5 5 6 7 7 7 8 8 9 9 9 10 11 11 13 13 14 14 14 16 18 18
35 53
1 1 2 3 4 5 5 6 10 11 13 14 14 16 18 21 23 24 26 27 27 30 32 32 35 38 40 40 44 45 51 51 53 53 53
19 42
1 1 4 6 18 19 27 27 30 32 32 34 35 35 37 38 39 39 42
2 10
6 9
42 64
1 2 4 5 6 7 7 10 11 13 13 14 16 17 18 19 20 21 22 28 28 29 35 36 36 37 38 41 42 42 43 47 48 49 49 53 53 57 57 58 62 64
31 8
1 1 1 1 1 2 2 2 2 2 3 3 3 4 4 5 5 5 6 6 6 7 7 7 7 8 8 8 8 8 8
24 33
2 3 7 11 11 13 14 15 16 20 21 22 23 23 24 24 24 25 26 27 27 31 33 33
49 6
1 1 1 1 1 1 1 2 2 2 2 2 2 2 3 3 3 3 3 3 3 3 3 3 4 4 4 4 5 5 5 5 5 5 5 5 5 5 6 6 6 6 6 6 6 6 6 6 6
6 1
1 1 1 1 1 1
18 20
1 2 2 3 4 6 8 8 9 10 10 11 12 14 15 15 20 20
30 15
1 1 2 3 3 4 5 5 5 6 6 6 7 7 7 7 8 9 9 9 10 11 11 12 13 13 14 15 15 15
29 88
6 10 13 17 17 19 26 27 29 32 34 34 37 40 42 42 45 51 57 60 61 70 70 70 71 73 79 80 84
22 99
1 1 15 18 22 25 29 38 38 40 41 62 64 65 73 76 76 78 84 89 95 96
7 75
5 14 33 49 55 66 69
23 61
3 6 8 9 9 13 16 19 21 21 22 25 35 37 38 41 47 48 48 57 57 59 60
45 59
1 4 4 7 7 8 8 9 12 13 14 14 16 17 17 18 19 21 25 26 27 27 29 30 30 31 31 38 42 42 45 46 47 51 51 52 52 52 53 53 54 54 55 56 59
15 97
4 5 6 25 26 31 45 48 49 58 75 77 80 84 90
38 2
1 1 1 1 1 1 1 1 1 1 1 1 1 1 1 1 1 2 2 2 2 2 2 2 2 2 2 2 2 2 2 2 2 2 2 2 2 2
20 24
1 1 2 8 12 14 16 16 17 17 18 18 19 20 20 22 22 23 24 24
40 61
2 2 3 5 13 13 15 16 16 17 21 21 22 22 23 25 26 26 27 27 29 29 32 33 34 34 35 36 37 38 43 44 46 46 47 48 49 54 54 56
43 28
1 1 1 2 3 3 3 3 7 8 9 9 10 10 12 13 13 14 14 14 15 16 17 18 18 18 19 20 21 23 24 24 24 25 25 25 25 26 26 27 28 28 28
44 93
2 2 5 5 9 13 19 22 23 26 28 30 31 36 37 39 40 44 44 45 47 50 52 54 54 59 59 60 65 65 65 74 78 78 78 78 79 83 84 87 89 90 92 92
10 97
8 25 27 31 50 62 74 81 94 97
9 35
7 11 13 13 15 22 30 33 34
23 51
2 4 7 7 8 11 11 13 17 21 22 25 25 27 27 28 32 34 39 41 48 50 51
16 15
1 3 4 6 6 8 8 10 10 11 11 12 13 14 15 15
18 22
2 4 6 8 8 9 9 9 11 13 13 13 13 15 15 18 19 21
29 81
1 1 4 9 14 17 18 20 28 28 28 38 38 44 47 49 55 57 58 59 60 62 63 76 76 78 79 80 81
4 33
7 16 21 24
31 100
2 3 12 14 17 23 33 39 42 43 45 51 53 57 58 60 65 65 66 70 72 75 76 79 83 88 88 89 93 94 97
34 60
2 2 6 9 12 14 20 20 20 21 24 25 26 26 28 29 30 31 34 41 43 46 48 48 48 54 55 55 57 57 57 58 59 60
12 49
7 13 15 18 20 23 23 24 27 33 36 39
19 7
1 1 2 3 3 3 4 4 4 4 4 5 5 5 5 5 5 7 7
42 11
1 1 1 1 1 1 2 2 2 2 3 3 3 4 4 4 4 5 5 5 6 6 6 7 7 7 7 7 8 8 8 9 9 9 9 9 9 10 10 10 11 11
32 26
2 2 3 3 3 4 4 4 5 5 5 7 7 9 10 11 11 12 13 13 14 17 18 18 18 18 20 21 22 25 25 26
36 11
1 1 1 1 2 3 4 4 4 5 5 5 5 5 6 6 6 6 7 8 8 8 8 8 8 9 9 9 9 9 10 10 10 10 10 11
25 20
1 1 2 3 6 7 7 8 8 9 10 10 10 10 11 13 13 13 15 16 17 17 18 19 19
12 73
3 5 15 29 29 31 33 42 50 62 65 73
42 72
2 3 5 10 10 11 12 12 13 16 17 22 22 25 26 29 32 34 34 35 35 36 39 40 42 46 48 49 52 53 54 55 60 62 62 63 65 68 69 69 71 71
33 11
1 1 1 2 2 2 2 3 3 3 4 4 5 5 5 6 6 7 7 8 8 8 8 8 9 9 9 9 9 10 10 11 11
20 67
12 13 15 17 20 24 26 28 29 31 32 33 42 42 50 60 61 62 63 65
41 21
1 2 2 3 3 3 3 3 4 5 5 5 5 7 7 8 8 9 10 10 11 11 13 13 13 16 16 17 17 17 17 17 18 18 18 19 19 19 20 20 21
24 78
2 3 5 10 10 10 17 22 24 35 42 50 53 53 54 55 56 56 58 59 60 62 70 70
12 33
2 2 3 5 6 8 12 12 13 14 18 27
22 48
3 8 9 15 17 18 21 24 24 25 26 27 28 29 30 31 35 35 38 42 43 46
37 91
12 17 22 23 24 28 30 30 31 31 32 36 45 46 48 51 54 54 55 57 62 63 65 65 68 70 74 75 78 79 79 81 82 82 85 86 87
45 46
1 3 4 5 7 7 9 10 12 12 12 12 14 14 15 15 17 20 21 22 22 24 24 25 27 30 32 32 33 34 35 36 37 37 38 38 39 39 41 41 42 42 42 44 45
28 50
1 2 3 4 5 6 6 6 7 7 8 11 11 12 13 16 19 20 21 29 33 37 38 38 38 44 46 46
23 57
5 7 7 8 8 10 14 14 19 20 21 22 22 26 27 28 34 39 40 45 47 53 55
24 59
6 12 12 17 18 18 22 23 23 27 29 32 36 37 40 41 42 45 47 50 51 53 55 57
47 1
1 1 1 1 1 1 1 1 1 1 1 1 1 1 1 1 1 1 1 1 1 1 1 1 1 1 1 1 1 1 1 1 1 1 1 1 1 1 1 1 1 1 1 1 1 1 1
27 88
2 5 7 12 16 18 21 26 33 33 33 36 36 38 38 47 51 57 61 63 69 70 76 77 80 83 88
21 98
2 5 15 26 28 35 36 38 38 46 46 50 53 65 66 80 81 82 83 84 91
39 52
1 1 4 8 8 9 12 14 15 17 18 18 20 20 22 23 24 26 28 32 33 34 36 36 37 38 39 39 40 40 40 41 45 46 47 47 49 51 52
48 41
1 1 1 2 5 5 6 6 7 9 10 10 10 11 12 15 16 17 17 20 22 22 23 23 24 25 25 25 25 26 28 28 29 30 30 30 30 32 34 35 35 35 37 37 37 38 39 40
33 63
3 5 5 11 11 12 15 15 19 22 23 24 27 28 32 39 42 43 50 50 50 51 51 53 53 54 55 55 57 60 61 62 62
28 89
1 3 6 12 17 20 21 25 25 31 38 38 39 45 49 49 50 51 52 55 61 62 63 71 80 83 83 85
41 98
2 2 7 13 13 17 18 20 20 23 25 27 28 29 34 35 36 38 39 47 48 53 53 54 56 63 65 68 69 70 71 75 78 78 82 83 84 86 88 88 96
7 52
2 2 10 36 37 39 40
29 57
4 6 8 8 11 12 13 27 28 29 29 31 33 34 35 35 37 38 39 39 43 44 45 47 50 51 54 55 56
25 3
1 1 1 1 1 1 1 1 1 2 2 2 2 2 2 2 2 3 3 3 3 3 3 3 3
1 31
25
35 97
1 5 5 7 8 14 17 19 19 19 20 20 22 23 25 28 29 43 43 44 44 48 51 55 60 64 67 70 73 75 81 83 86 87 95
38 24
1 1 1 1 2 2 2 3 3 4 5 5 5 6 6 7 7 10 10 11 12 12 13 14 14 15 16 17 17 17 17 18 19 19 20 20 22 24
17 67
4 5 8 25 26 34 35 38 40 48 51 58 59 61 64 64 65
16 83
6 8 13 16 17 29 31 41 44 47 54 55 55 57 61 74
25 68
9 10 17 18 18 24 26 28 29 32 32 33 33 36 38 43 43 44 45 47 51 56 60 62 63
29 95
5 7 12 13 13 13 15 19 22 24 24 24 25 25 28 34 34 40 42 42 43 45 72 74 81 88 88 94 94
11 5
1 1 2 2 2 3 3 3 4 4 5
31 25
1 3 4 6 9 9 9 10 10 10 10 12 12 12 13 13 15 15 15 16 17 17 19 20 20 22 22 22 22 24 25
40 32
1 2 2 3 3 3 4 4 6 8 8 9 12 13 13 13 15 15 15 17 17 18 18 20 23 24 24 25 26 26 27 28 28 30 30 30 31 31 31 32
16 70
12 20 20 27 33 38 48 50 55 60 61 62 64 66 68 70
28 33
2 3 4 5 7 8 9 10 11 13 16 17 17 19 20 20 20 22 23 23 24 24 25 26 27 28 31 33
24 76
1 8 12 12 15 16 19 34 34 35 36 37 37 38 47 48 49 53 56 58 59 64 71 73
24 2
1 1 1 1 1 1 1 1 1 1 1 1 2 2 2 2 2 2 2 2 2 2 2 2
29 97
1 7 8 13 14 16 16 21 21 28 28 29 38 38 42 45 47 49 52 57 68 78 79 83 85 87 87 91 94
41 93
1 7 8 8 9 10 16 23 24 29 31 31 32 37 38 40 40 42 43 47 53 54 58 58 60 62 65 68 71 72 73 73 74 74 76 76 82 83 87 88 93
35 55
1 3 5 7 7 10 10 13 13 15 17 17 19 21 22 24 24 25 27 29 31 32 33 34 35 38 38 43 44 45 45 48 48 52 55
24 33
1 1 3 4 5 7 7 11 11 11 15 17 18 20 22 23 23 25 26 26 28 30 30 31
23 56
2 3 7 10 10 14 14 14 17 17 19 26 27 29 29 29 39 44 47 47 49 51 52
36 16
2 2 2 2 3 4 4 4 5 6 6 7 7 8 9 9 10 11 11 12 12 14 14 14 14 14 14 14 14 14 15 15 16 16 16 16
12 74
3 22 23 30 34 35 37 46 58 70 72 72
8 62
9 19 22 23 28 40 44 57
20 32
1 3 5 8 10 14 14 17 17 21 22 22 22 23 25 25 25 26 30 32
28 25
1 2 2 3 8 9 9 10 10 12 13 13 14 15 17 17 18 20 20 20 22 22 22 23 23 23 24 25
38 34
2 2 4 4 5 5 6 7 8 8 10 11 14 18 18 18 18 19 19 20 21 21 21 22 22 22 22 22 26 26 28 29 29 29 29 31 32 34
3 9
3 3 6
47 97
1 6 9 12 15 21 23 26 29 30 33 34 37 38 43 43 48 49 50 53 54 54 55 57 58 60 63 65 65 71 71 74 76 76 77 78 81 81 86 86 88 89 93 93 96 96 97
8 72
5 6 11 22 30 33 46 55
44 85
1 2 2 4 5 9 10 12 13 14 16 20 20 21 22 23 24 29 30 30 35 36 38 38 40 40 43 44 56 58 59 61 62 63 64 64 65 65 70 71 73 73 78 82
3 83
9 41 63
23 37
3 5 5 5 6 6 8 9 11 12 13 16 19 21 21 21 23 25 26 27 29 29 37
16 73
7 12 22 24 26 27 31 40 46 54 55 58 62 66 68 70
33 76
1 1 6 13 16 19 20 23 26 31 32 34 35 36 39 40 40 42 44 47 48 48 53 53 56 60 61 64 64 65 69 71 74
21 58
3 3 3 5 8 10 13 14 18 20 24 33 35 39 43 47 49 53 56 57 58
49 93
3 4 5 8 8 10 12 13 14 15 16 16 19 20 23 25 27 29 29 29 32 33 34 36 36 41 42 44 44 45 47 55 59 62 62 62 63 64 65 67 68 71 72 75 76 78 82 90 91
18 78
14 15 26 27 28 40 50 51 54 54 55 56 57 63 63 63 64 69
18 70
5 6 6 9 9 11 14 15 18 24 36 40 42 53 54 64 64 66
39 89
7 7 9 9 10 10 12 18 29 31 32 34 34 37 39 39 45 48 50 50 54 56 57 58 59 59 61 65 66 67 68 68 71 72 73 76 77 77 86
47 96
3 4 4 5 7 8 9 15 16 18 21 23 23 27 31 31 35 37 40 41 42 45 45 53 56 58 60 61 62 66 67 69 70 76 79 80 81 82 84 88 89 89 90 91 92 94 95
7 89
5 7 12 52 58 61 81
7 77
7 20 35 50 54 67 69
14 12
1 2 2 2 4 6 6 6 7 7 9 9 10 12
23 15
1 3 3 3 4 4 5 6 7 8 9 10 10 11 11 11 13 14 14 14 14 14 15
10 85
18 33 33 43 57 58 60 67 73 77
