4532
7686
9948
12245
15339
16369
17863
19459
20527
20900
26391
32550
33555
34345
34806
35754
36813
38480
40150
40737
41243
44458
45618
47780
48373
49393
51500
54092
55399
55475
55689
60137
61022
62945
63031
75986
79574
79738
81246
81660
81866
86463
88456
92348
93053
96017
96078
99103
99399
99654
101951
102096
103422
103705
105855
110300
111044
113488
114763
116754
120102
120334
121396
123836
127590
130646
134555
138569
139972
147323
149217
151128
152157
153660
154190
154332
155067
157807
160906
161162
163045
164036
165094
173880
175254
176883
181354
182256
187022
189332
193520
193767
194235
194645
195324
196108
198942
200705
201242
201319
201426
202674
202831
204306
206774
209765
210187
211606
212743
213465
214509
217514
219180
220947
222724
224857
225608
226865
227739
228769
228816
229298
229574
229784
230119
231614
233223
233371
237038
245304
248910
249097
251425
253856
257427
259586
259826
259896
260293
262100
262592
264193
269816
269928
270011
271764
274664
278366
281416
286325
286373
291661
294271
294808
295190
296571
296795
298225
299155
302716
303941
304711
304770
304784
309064
313085
313797
314622
318370
318617
320137
320262
320345
321878
326366
330139
330291
335692
335754
338211
339698
345179
345291
347186
348891
349193
350059
351474
352725
356293
363722
367442
369106
371006
372059
375000
376427
376934
379103
385442
386408
388811
392659
393232
393542
395952
397438
399677
400475
400688
401584
402723
402837
405912
409392
411014
414333
415903
420837
421168
423996
427504
427750
428344
429785
429825
430556
432040
433990
434110
435938
436130
439649
442384
442975
445836
445989
446822
447821
448770
454096
457789
461037
461156
462785
473521
475138
480438
480884
481917
482292
482556
487811
487952
490814
491873
496168
496411
496856
497759
498972
502050
503107
503434
508757
509811
512698
513159
516684
516715
516993
522353
523752
524239
525141
525156
530002
533217
534406
540215
544699
544850
547999
549265
549492
551820
553400
555168
555577
555807
559267
560905
565244
565504
567900
568386
577623
578905
580413
580590
580896
584249
586887
588476
588546
589776
592403
593773
598280
599386
600149
600290
605108
609289
609321
610891
613071
613697
616482
624111
625661
628354
630379
632744
634376
634515
634654
639168
640870
644024
645501
647228
650074
651348
654620
655107
655324
656492
657071
657627
657860
658023
658045
658884
661607
662660
671750
672758
677235
680029
686103
687262
687495
688031
690728
692289
695995
699439
701234
706974
707172
709987
712431
712463
712773
712887
712911
713918
715053
720876
722381
723605
725613
725774
734011
738100
738430
738715
746350
747298
749338
751956
756587
757229
759759
764674
765758
768572
771058
773993
774368
777580
777669
779161
779689
781802
783437
785921
791218
791869
791912
792332
795630
798405
798450
799217
800781
801370
802552
806246
808518
810582
810719
813960
814879
816335
816580
816996
817977
821624
823498
824096
824565
834981
836261
840153
842059
843708
853520
854431
871112
874021
874509
876912
880368
882175
884511
886159
887561
888750
889302
898029
900451
901200
902458
902477
903201
904342
909638
911920
913650
915615
918687
920439
922639
925842
928334
929311
930902
930974
931400
933965
935412
935956
936307
937903
938751
942387
942418
942443
943231
947229
947499
948829
949340
951139
956266
958792
964386
965663
968631
968906
970064
971741
974339
976191
977156
980402
983593
986049
989286
989354
990850
995854
999993
1001255
1001884
1009595
1012079
1012546
1012650
1018651
1020665
1020670
1022285
1022294
1023616
1025134
1026568
1030477
1031047
1031917
1033804
1034934
1035501
1037124
1044390
1048298
1051384
1051925
1052518
1052550
1052966
1054220
1061017
1061571
1063784
1065198
1065655
1066819
1067311
1067632
1067755
1069739
1076879
1076993
1079427
1079821
1080487
1082483
1082581
1083510
1084213
1086019
1100255
1101463
1101802
1102259
1104708
1108070
1109808
1110553
1112420
1113068
1113406
1114641
1114963
1116281
1117459
1123455
1123847
1129807
1131734
1132524
1134351
1135322
1138917
1140133
1142570
1145691
1145845
1145970
1147296
1154860
1157259
1160450
1161504
1164785
1168524
1173563
1173580
1173811
1183105
1189515
1189599
1192295
1192691
1193022
1194893
1195862
1196818
1199123
1200738
1201259
1203893
1209467
1210217
1211932
1212050
1212809
1215615
1216146
1217846
1220204
1221366
1222354
1226686
1227335
1228281
1229031
1242023
1243798
1245155
1245468
1246899
1247488
1247753
1258212
1261615
1264786
1266879
1268224
1268531
1271749
1275804
1276844
1278520
1282328
1282446
1282892
1283141
1285785
1285877
1286613
1287261
1292418
1295326
1297017
1297152
1298148
1299145
1299599
1301418
1304211
1307390
1308587
1309570
1313471
1314001
1314551
1315505
1315511
1320460
1320640
1321903
1322539
1324510
1326003
1329570
1329878
1337169
1339627
1346599
1349762
1355930
1362632
1362986
1363243
1363958
1367091
1368576
1374231
1377299
1378020
1381010
1383420
1383886
1388583
1389492
1391657
1393362
1394354
1399462
1402352
1405192
1405642
1405891
1408975
1411643
1416801
1420642
1421735
1424944
1425237
1429013
1431125
1434649
1435065
1437134
1438963
1439812
1442904
1444210
1445800
1448451
1448571
1450914
1451437
1452312
1456167
1457723
1458152
1461817
1463660
1467243
1467565
1467667
1468090
1468397
1469478
1469678
1470499
1471544
1471851
1472102
1472834
1473510
1475652
1476220
1477520
1479093
1482258
1485529
1488005
1495777
1496168
1500109
1500374
1502305
1503541
1503683
1504218
1505762
1506263
1511212
1514039
1514555
1514982
1518595
1519866
1520869
1522877
1524475
1529370
1529509
1532951
1537358
1540581
1541195
1541549
1542137
1542824
1545498
1547928
1553829
1555722
1558483
1559310
1559909
1564389
1565154
1572961
1575144
1578541
1578544
1579239
1579610
1580543
1580762
1582275
1584451
1585737
1587310
1587562
1594946
1597441
1599977
1601292
1601402
1602116
1602908
1603514
1604182
1605980
1610219
1612165
1612627
1615444
1615501
1620000
1622602
1627430
1629168
1629214
1629823
1630961
1631944
1632034
1633075
1633340
1633966
1634820
1644342
1644433
1645293
1648043
1651592
1652240
1652818
1655926
1658953
1659469
1662088
1662683
1663074
1665883
1666306
1668908
1669880
1675349
1678558
1685294
1686128
1687456
1687984
1688142
1689892
1691722
1693163
1694820
1695524
1696264
1696825
1698791
1698881
1698942
1699570
1701351
1701957
1705031
1706651
1708181
1710488
1712113
1713790
1715691
1716478
1717580
1717730
1719508
1720376
1722096
1725957
1727591
1728269
1728870
1736522
1736710
1737221
1737306
1737687
1738647
1740345
1740380
1742948
1744540
1745090
1745335
1745633
1747123
1753686
1754603
1756462
1759465
1763610
1763933
1764623
1766774
1769428
1769793
1770296
1770547
1773399
1776052
1778018
1781230
1782763
1783345
1784780
1784891
1785342
1786256
1792013
1793539
1794612
1796732
1796988
1797439
1805568
1805604
1808306
1810021
1816336
1827012
1827330
1828238
1829827
1831131
1833375
1836012
1837945
1842517
1842779
1845906
1846828
1848415
1848789
1849891
1850568
1851720
1853517
1853748
1854734
1854775
1855985
1856317
1857109
1857602
1865719
1870431
1878377
1879107
1881504
1882742
1895679
1900775
1903830
1906591
1906801
1907892
1910215
1910653
1916291
1918354
1920813
1921547
1928190
1929179
1929459
1929956
1931335
1931616
1932909
1933590
1934831
1937319
1937731
1938546
1941966
1942520
1943136
1943642
1950975
1952240
1952258
1952957
1956891
1957114
1957546
1962606
1963106
1963920
1963929
1964792
1965495
1967158
1970567
1975788
1976263
1978161
1978174
1978987
1986417
1987781
1992369
1996080
1996762
1998521
1999901
2000000
0
