5000
1
2
3
4
5
6
7
8
9
10
217
611
864
900
1230
1307
1365
1374
1399
1549
1820
2119
2157
2232
3156
3414
3799
3916
4242
4581
4721
4977
5177
5179
5410
5657
5995
6080
6267
6635
6896
7183
7408
7752
8133
8713
9095
9850
10297
10305
10515
11098
11200
11406
11639
12256
12460
12723
12725
12728
12823
12847
12922
13027
13140
13223
13392
13547
13595
13769
13824
13837
13893
13940
14113
14275
14641
14658
14674
14712
14823
15099
15109
15408
15792
16067
16202
16455
16603
16679
16759
16961
16986
17019
17115
17245
17549
17894
17938
18059
18080
18098
18301
18326
18537
18542
18992
19251
19836
19932
19947
20033
20159
20167
20282
20849
20892
20910
20949
20953
21044
21064
21138
21150
21319
21416
21490
21989
22474
22795
22941
23403
23422
23992
24963
25040
25194
25512
25568
25710
26161
26197
26524
26650
27282
27424
27837
28292
28731
28992
29022
29526
29786
29926
29927
30364
30381
30653
31004
31093
31705
31840
32000
32144
32360
32659
33686
33865
34144
34413
34442
34636
34700
35012
35270
35446
35466
35605
35750
35955
36567
36951
37029
37042
37152
37835
38655
39027
39204
39364
39452
39536
39792
39859
40035
40233
40235
40348
40594
40616
40628
40770
40871
41123
41227
41332
41678
41936
41995
42012
42198
42230
43103
43189
43452
43538
43691
43824
43892
43940
44077
44350
44674
44796
44872
45135
45156
45236
45379
45876
45980
46090
46192
46314
46341
46433
46656
46877
47037
47641
47864
47876
47980
48302
48543
48672
48877
49206
49473
49668
49847
50230
50357
50529
50645
50669
50884
50926
51011
51062
51192
51229
51649
51653
51664
52141
52299
52835
52883
52886
52998
53323
53821
54056
54693
55035
55123
55413
55833
56283
56440
56463
56554
56815
57118
57123
57228
57279
57463
57773
57934
58053
58200
58330
59189
59240
59280
59303
59311
59345
59701
60232
60239
60575
60747
60898
60969
60984
61063
61514
61643
61768
61780
62020
62098
62302
62310
62316
62361
62461
62516
62848
63236
63391
63510
63754
63930
64251
64414
64522
64592
64611
65202
65227
65294
65497
65524
65666
65953
65993
66018
66031
66112
66342
66434
66483
66485
66503
66511
66555
66630
66989
67012
67221
67359
67532
68026
68047
68345
68658
68751
68837
68997
69290
69327
69331
69757
70077
70139
70296
70330
70650
70661
70855
70862
71057
71463
71487
71842
71891
72020
72040
72174
72875
72936
73158
73211
73344
74071
74109
74630
74722
74889
75372
75959
75972
76040
76837
77050
77364
77421
77544
77655
78156
78356
78611
78852
79239
79320
79457
79501
79826
80309
80492
80714
80874
81102
81244
81671
81921
82199
82603
82723
82808
82987
83034
83146
83440
83451
84025
84364
84441
84549
84608
84699
85060
85129
85183
85219
85233
85621
85679
85764
86075
86080
86194
86277
86345
86487
86607
86644
86709
86860
86926
87066
87079
87659
87674
87934
88009
88081
88718
89210
89873
89918
90523
91578
91659
92684
92762
93268
93389
93410
93515
93902
93952
93975
94393
94616
94628
94822
95350
95531
95571
95581
95753
95972
95993
96080
96291
96457
96467
96543
96685
96809
97097
97219
97676
97699
97729
97924
98108
98267
98315
98419
98481
98655
98860
99232
99365
99464
99560
99605
99763
99935
99984
100168
100371
101007
101022
101079
101493
101511
101542
101703
101794
102123
102383
102436
102512
102913
103152
103197
103486
103897
103925
104033
104088
104562
105043
105239
105508
105575
105637
105946
106059
106132
106616
106755
106778
106829
106855
107247
107362
109516
109635
109750
109755
109759
109887
109961
110004
110015
110198
110460
110517
110612
110667
111045
111076
111348
111488
112045
112368
112391
112430
112538
112818
112827
113074
113335
113385
113472
113530
113638
113736
114138
114434
114483
114621
114778
114787
114861
115301
115431
115662
115699
115969
116023
116441
116826
116982
117016
117304
117352
117557
117723
118059
118408
118554
118828
118860
118880
118978
118989
119019
119176
119540
119874
119888
119985
120398
120407
120527
120740
120838
120879
121039
121219
121280
121332
121470
121598
121732
121734
121785
122098
122127
122431
122438
122490
122790
122981
123023
123059
123606
123714
123894
124093
124219
124227
124533
124830
124968
125043
125693
125937
125950
126333
126983
127095
127204
127580
127642
127708
127725
128024
128056
128108
128705
128832
129025
129085
129145
129205
129443
129493
130219
130267
130301
130383
130452
130639
130922
130977
131052
131290
131778
132100
132169
132416
132681
132951
133036
133216
133482
133563
133871
133923
134068
134280
134614
134880
135252
135253
135300
135454
136039
136075
136108
136158
136469
136493
136803
136871
137258
137649
137699
138441
138570
138594
138670
138753
138864
138943
139041
139190
139225
139433
139439
139473
139643
139697
139815
140253
140366
140444
140961
141082
141521
141661
141924
142200
142209
142261
142327
142818
142847
142872
143076
143202
143354
143965
144228
144323
144847
144880
145388
145433
145508
145618
145909
145911
146197
146280
146687
146739
146805
146842
146956
147131
147284
147488
147521
147644
147936
148325
148354
148477
148554
148811
148850
148920
148956
149062
149443
149611
149653
149695
149895
150399
150672
150779
150929
151059
151093
151196
151317
151451
151492
152119
152132
152937
153445
153641
154177
154362
154567
154664
154669
154708
155270
155501
155545
155643
155650
155716
155963
156362
156620
156794
157324
157352
157353
157421
157515
157562
158260
158746
158993
159023
159528
159573
159718
159907
160115
160222
160282
160546
160605
160642
160729
160886
160942
161301
161939
162046
162168
162203
162245
162445
162594
162636
163368
164124
164279
164530
164650
164756
165507
165912
166293
166461
166494
167043
167959
168002
168223
168981
169033
169057
169189
169413
169422
169975
170044
170268
170356
170672
170728
170821
170946
171291
171786
171978
172131
172201
172211
172290
172367
172761
173471
173983
174829
174954
175221
175855
176528
176947
177550
177904
178182
178451
178460
178470
178681
178769
179193
179231
179661
179730
179761
180084
180179
180388
180393
181091
181512
182007
182024
182483
182487
182695
182696
182770
182789
182993
184078
184372
185096
185098
185344
185441
185861
186388
186476
186598
186800
186897
187117
187794
188031
188955
189161
189407
189539
189900
190431
190541
190810
191235
191473
192293
192334
192551
192649
192713
192928
193121
193173
193302
193436
193843
194170
194244
194613
194653
194723
194809
194912
194975
195622
195646
195781
195787
195824
195966
196388
196533
196617
196879
197234
197652
197686
197771
197799
198836
198851
198873
198887
199107
199180
199376
199566
199604
199671
199672
199878
200032
200103
200211
200570
200632
201034
201287
201319
201665
201673
201693
201854
201968
201985
202212
202716
202920
203198
203640
203707
204028
204049
204389
204991
205483
205510
205788
205861
205890
206339
206614
206952
207120
207170
207189
207494
208050
208080
208132
208350
208904
209284
209367
209434
209853
209890
210122
210591
211260
211495
211547
211925
212056
212145
212233
212321
212591
212659
212775
212862
213599
214059
214178
214513
214614
214653
214974
214992
215444
215449
215451
216006
216032
216037
216132
216361
216547
216666
217243
217380
217571
217705
217944
218356
218417
218581
218892
218991
219091
219471
219724
220027
220098
220162
220214
220377
220676
220791
220889
220937
221167
221171
221199
221260
221325
221419
221430
221927
222042
222487
223146
223169
223386
223413
223550
224093
224265
224301
224340
224451
224638
225310
225388
225415
225641
225760
226029
226040
226157
226586
226796
227038
227124
227163
227177
228076
228335
228423
228583
228670
228913
228929
229503
229534
229814
230762
230842
231065
231067
231101
231349
231352
231583
231796
232037
232091
232368
232545
232600
232871
232939
233001
233147
233242
233502
233716
233725
233948
234127
234280
234788
235451
235523
235706
236144
236486
236671
236755
237364
237600
237762
237785
238172
238443
238747
238869
239017
239171
239416
239418
239437
239534
239535
239795
239837
240066
240215
240227
240578
240979
240992
241028
241090
241165
241276
241430
241443
241643
241732
241919
241954
242425
242761
242775
242788
243037
243076
243146
244552
244945
244989
245176
245534
245790
245884
246113
246283
246422
246468
246714
246791
246796
246905
246922
247229
247326
247417
247536
247556
248727
248914
248947
248999
249102
249268
249334
249663
249839
249950
251059
251082
251108
251150
251180
251285
251326
251789
251946
252172
252300
252309
252326
252462
252748
252794
252823
253140
253326
253620
253684
253831
253899
254018
254179
254431
255050
255121
255359
255392
255727
255859
256066
256130
256189
256228
256312
256516
256626
256674
256713
256825
256847
257967
258059
258649
258724
258855
259267
259456
259606
259663
260077
260495
260719
260859
260976
261267
261279
261674
262562
262568
262659
262825
262888
262915
263366
263406
263453
263828
263915
264443
264444
265060
265086
265496
265755
265826
266207
266564
266635
267175
267249
267269
267462
267537
267848
268275
268277
268457
268489
268503
268591
268763
268834
268931
268988
269059
270121
270208
270724
270762
270874
271004
271596
271838
272083
272098
272508
273218
273271
273623
273828
274400
274555
274751
274777
275120
275333
275381
275409
275538
275657
275869
275997
276260
276476
276640
276646
276855
276914
276924
276968
277249
277679
277995
278032
278326
278500
278797
278916
278945
279158
279629
279955
280153
280424
280554
280736
280856
280990
281704
281777
281978
282214
282453
282573
282929
283042
283837
283878
283998
284120
284367
284791
285717
285911
286000
286520
286579
286583
286851
286933
286974
287510
287792
287924
288021
288129
288203
288456
288525
288533
288705
288939
289067
289641
289719
289803
289851
290017
290651
290918
291092
291122
291346
291510
291541
291701
292107
292435
292571
292957
293224
293248
293472
293587
293655
293739
294070
294851
295082
295507
295625
295874
295902
296101
296477
296585
296598
296837
297023
297319
297539
297737
298200
298325
299631
299783
300012
300712
300989
301053
301068
301073
301188
301333
301542
301885
301989
302035
302136
302192
302872
302916
302977
303146
303166
303189
303243
303449
303551
303807
303975
303991
304115
304131
304159
304337
304872
304968
305142
305179
305366
305427
305440
306013
306120
306710
306798
306941
306982
307351
307402
307470
307529
307645
307805
307913
308035
308126
308211
308322
308458
308583
308636
308904
309137
309695
309752
309849
309889
310335
310374
310573
310874
310897
311076
311227
311276
311294
311353
311436
311699
311764
312420
312452
312563
313006
313132
313204
313486
313694
313697
313837
313864
314783
315158
315310
315365
315430
315447
315822
315955
316017
316275
316470
316555
316854
317268
317461
317462
317544
317639
318421
318708
318869
318907
319002
319119
319965
319984
319999
320022
320047
320287
320839
320954
321074
321319
321453
321787
321834
321835
322063
322425
322557
322774
322798
323095
323296
323528
323530
323634
323765
323999
324011
324061
324301
324648
324700
324712
325613
325816
325868
326177
326789
326931
326936
327200
327751
327811
327833
328010
328462
328535
329131
329257
329296
329708
329914
330296
330439
330494
331120
331151
331676
331850
331958
332025
332197
332464
332615
332925
333219
333280
333511
333655
333828
334325
334720
334776
334976
335243
335464
335480
335559
335560
335660
335817
336088
336128
336156
336751
336830
336843
336926
337308
337395
337795
337925
338015
338026
338125
338356
338453
338566
338745
338981
339088
339325
339355
339895
340286
340318
340470
340613
340865
340892
341506
342108
342151
342220
342378
342570
342685
342978
343339
343668
343936
344192
344363
344375
344448
344765
345214
345576
345829
345861
345900
345962
346113
346258
346501
346774
347132
347383
347387
347745
348096
348454
348593
348800
349306
349410
349432
349583
349719
349734
350091
350228
350440
351536
351680
351825
351915
352523
352539
352785
353440
353526
353597
353737
353950
354013
354246
354261
354322
354385
354433
354575
354584
354746
354943
355233
355365
355542
355819
355880
355887
356215
356564
356633
356758
357034
357255
357338
357418
357425
357494
357535
357640
357717
357833
358649
358679
358716
359081
359212
359402
359669
360058
360080
360254
360368
360450
360554
360997
361104
361120
361305
361732
361961
362110
362187
362653
362737
363996
364112
364271
364550
364692
364701
364931
365440
365499
365647
365650
365859
366384
366401
366476
366489
366606
366850
366917
367061
367143
367315
367346
368129
368142
368574
368657
369262
369325
369350
369998
370129
370255
371414
371628
371813
371889
372222
372256
372289
372382
373076
373322
373567
373804
374035
374316
374403
374760
374870
375057
375794
376009
376600
376689
376773
377241
377316
377558
377892
378967
379177
379308
379416
379577
379950
380176
380946
381034
381046
381195
381240
381250
381260
381354
381357
381571
381838
381948
382226
382271
382306
382395
382544
382803
382965
383329
383490
383667
383709
383742
384135
384212
384621
385059
385265
385363
385467
385495
385964
386217
386319
386646
386653
386831
387268
387323
387466
387529
387546
387602
387615
387628
387750
387824
387936
388378
388792
389079
389207
389584
389683
390236
390309
390316
390493
390596
390820
390923
390951
391289
391426
391512
391639
391681
391704
391837
392004
392129
392222
392674
392749
392761
392815
392915
393285
393321
393948
394029
394160
394219
394225
394347
394382
394421
394763
394793
394868
395134
395269
395467
395507
395533
395546
396223
396417
396585
396859
396941
396968
397060
397298
397913
397976
398080
398505
398628
398648
398703
399018
399146
399186
399312
399420
399478
399746
399866
399895
399939
400010
400023
400180
400328
400472
400510
400579
400708
400797
400912
401340
401374
401541
401614
401736
402305
402676
402824
403284
403326
403462
403809
403836
404056
404072
404434
404720
405055
405386
405500
405653
405709
405736
405833
405896
405917
405933
405998
406092
406180
406188
406585
406773
407053
408099
408153
409096
409394
409497
409693
409762
409774
409942
410043
410229
410262
410271
410377
410401
410847
410943
411077
411343
411421
411445
411666
411927
412052
412371
412396
412585
412643
413287
413331
414254
414630
414656
414867
415100
415182
415211
415345
415430
415526
415534
416040
416059
416085
416186
416217
416705
417211
417260
417309
417388
417455
417584
417787
418105
418106
418121
418146
418398
418873
419003
419071
419100
419205
419375
419673
419818
419840
419895
420260
420381
420620
420727
421111
421223
421315
421460
421545
421588
421590
421740
421826
422058
422166
422238
422460
422970
423041
423133
423366
423428
423557
423608
423836
423865
424260
424366
424495
424518
425192
425284
425397
425464
425702
425876
426063
426340
426442
426821
427378
427470
427492
427554
427712
427719
427949
428310
428481
428683
429051
429262
429532
429680
429743
430041
430264
430305
430615
430669
430906
430936
430969
431159
431452
431538
431594
431795
432292
432806
432818
432865
433040
433242
433749
433862
433884
433963
434087
434161
434530
434780
435098
435157
435341
435398
435861
436054
436107
436296
436320
436406
436451
437037
437113
437134
437217
437436
437456
438176
438226
438370
438467
438616
438649
439002
439047
439078
439121
439537
440072
440232
440297
440327
440448
440501
440561
440721
440841
441112
441263
441438
441460
441768
441778
441936
442145
442196
442515
443185
443370
443471
443606
443713
443730
443882
443975
444035
444041
444206
444214
444427
444529
444990
445083
445433
445578
445860
445923
445928
445974
446702
446739
446801
447151
447270
447333
447621
447658
448099
448528
448606
448872
448906
448942
449064
449136
449167
449295
449601
449652
449876
449920
450000
450039
450148
450607
450687
450908
451454
451498
451564
452308
452462
452607
452701
452798
453264
453556
453597
453696
453731
454047
454054
454307
454672
454821
454858
455007
455099
455173
455407
455652
456207
456299
456694
456735
456965
457931
458252
458416
458443
458561
459113
459222
459339
459414
459506
459579
459589
459864
460299
460346
460461
460545
460717
461210
461871
462236
462871
463841
463985
464285
464344
464482
464645
464749
465193
465230
465377
465660
465938
466215
466238
466489
466558
466734
467227
467541
467704
467761
467951
468237
468578
468700
468756
469301
469885
470465
470524
470543
470795
471043
471511
471697
471718
472132
472172
472352
472508
472559
472617
472782
472916
473010
473045
473072
473091
473366
473374
473491
474616
474787
475081
475255
475282
475421
475498
475718
475773
475873
476260
476503
476768
476879
476940
476942
477147
477166
477307
477339
477751
477959
478049
478121
478447
478449
478484
478527
478888
478900
479146
479430
479582
479737
480021
480157
480471
480487
480524
480583
481194
481616
482917
483035
483134
483631
484023
484230
484394
484611
484908
485149
485242
485300
485581
485605
485624
486157
486389
486507
486797
487434
487505
487634
487762
487787
488077
488186
488248
488324
488485
488749
488882
489451
489541
489741
489898
489923
490088
490364
490424
490826
490989
491183
491671
491937
492257
492274
492395
492423
492569
492695
492707
493325
493572
493624
493665
494000
494362
494449
494945
494967
494970
495103
495119
495435
495509
495559
496315
496456
496469
496508
496554
496882
497233
497327
497500
497516
497550
497692
497816
497921
497965
498007
498062
498346
498675
498740
499326
499425
499542
499618
499696
499737
499760
500474
500512
501321
501465
501539
502088
502117
502513
502591
503100
503402
503476
503490
503723
503748
503778
503786
503863
503892
504121
504814
504870
504954
505027
505375
505547
505959
506184
506203
506314
506551
506950
507253
507290
507369
507410
507712
508001
508314
508641
508721
508731
508956
509081
509445
509592
509652
509851
509900
509994
510247
510301
510478
510558
510613
510738
511032
511139
511486
511644
511663
511919
512045
512533
512872
513113
513174
513209
513490
513614
513921
513994
514056
514070
514340
514572
514923
515462
515711
515897
515942
516005
516022
516062
516232
516238
516256
516282
516326
516376
516604
516665
516672
516791
517393
517462
517988
518339
518363
518518
518546
518814
519169
519553
519605
519720
519915
520566
520927
521122
521166
521198
521412
521471
521645
521740
521864
522190
523090
523244
523369
523535
523548
523841
523986
524064
524222
524305
524318
524482
524830
525145
525179
525587
526376
526419
526452
526502
526765
527323
527895
527906
527934
527973
528022
528069
528371
528607
528696
528821
529083
529171
529262
529321
529495
529540
529753
529792
529973
530390
530558
530858
530862
530886
531398
531410
531484
531847
531974
532130
532185
532390
532518
532542
533055
533469
533959
534158
534181
534222
534431
534572
534743
534821
534962
534987
535360
535371
535436
535759
535845
535864
536181
536571
536622
536913
537060
537119
537210
537213
537358
537440
537551
537904
537915
538017
538374
539946
540105
540279
540299
540765
541326
541655
541782
541936
541942
542017
542050
542125
542128
542324
542344
542559
542569
542890
543229
543413
543944
544195
544271
544582
544679
544700
544713
544793
544845
545087
545096
545114
545316
545353
545755
546294
546314
546554
546888
547748
547874
548080
548390
549795
549850
550063
550228
550347
550576
550978
551237
551264
551555
551843
552343
552448
552709
552860
552930
552960
553995
554113
554180
554287
554697
554708
554786
554800
554854
554892
554984
555808
555813
556013
556155
556331
556807
556848
557080
557425
557947
558013
558214
558430
558942
559259
559501
559709
560002
560131
560260
560302
560675
560782
561118
561647
561671
561733
561774
561944
562345
562383
562428
562951
562979
563043
563158
563217
563226
563997
564149
564586
564776
564810
564914
565095
565201
565306
565383
565776
566154
566473
566478
566628
567142
567192
567468
567586
567741
568003
568173
568215
568221
568302
568555
568724
569149
569166
569310
569357
569416
569545
569612
569685
570156
570202
570390
570451
570735
570829
570997
571109
571426
571478
571511
571661
571978
572088
572277
572289
572415
572478
572640
572796
573123
573595
573661
573730
574072
574219
574327
574597
574783
575055
575297
576026
576294
576344
576351
576387
576417
576559
576783
576943
577083
577279
577496
577542
577789
578161
578333
578431
578838
578850
579024
579216
579446
579666
579863
580063
580112
580224
580292
580413
580555
581100
581196
581402
581466
581517
581640
581824
581974
582009
582304
582425
582622
582708
582960
582961
583259
583300
583595
583659
583940
584355
584643
584693
584815
584842
585308
585716
585729
585760
585808
585837
585839
585908
586044
586246
586827
587116
587228
588090
588096
588212
588565
588575
588905
589012
589023
589148
589524
589603
589773
589984
590375
590398
590511
590568
591148
591212
591247
591322
591594
591804
591941
591968
591971
592607
592711
592860
592886
592922
593202
593769
593852
593868
594214
594408
594543
594563
594678
594781
594803
594916
594959
595217
595265
595668
595890
596087
596334
596398
596556
596876
596941
597182
597197
597354
597781
598158
598183
598240
598241
598506
598545
598766
599396
599746
599774
599966
600011
600100
600165
600340
600367
600648
601496
601560
601587
601678
601964
602085
602168
602179
602203
602364
602427
602569
603019
603185
603373
603695
603896
603991
604109
604187
604550
605011
605109
605534
605762
605822
606004
606371
606603
606651
606746
606977
607006
607074
607288
607353
608268
608447
608464
608876
608937
608984
609180
609401
609466
609717
610110
610133
610134
610169
610398
610409
610444
610609
611085
611184
611379
611471
611854
611871
612130
612155
612311
612427
612559
612914
613397
613839
614314
614996
615147
615917
616330
616371
616562
616581
616667
616687
616817
617274
617385
617493
617691
617726
617737
618037
618124
618270
618444
618456
618624
618634
618686
619152
619262
619396
619670
619872
619881
620063
620277
620295
620339
620418
620646
620665
620976
620980
621162
621577
621781
621874
622290
622510
623385
624035
624080
624172
624382
624479
624637
624811
624906
624950
625754
625941
626155
626217
626415
626525
626602
626606
626688
626804
626993
627018
627076
627132
627214
627252
627342
627383
627568
627876
628391
628573
629376
629403
629424
629897
630067
630514
630569
630596
630779
631105
631386
631613
631737
631999
632041
632264
632507
632648
632668
632956
634423
634800
635171
635413
635569
635598
636149
636329
636866
637235
637348
637352
637430
637945
638290
638549
638556
638755
638768
639170
639685
639699
639837
640068
640214
640363
640386
641165
641352
641490
641668
641804
642187
642517
642682
643184
643570
643801
644045
644075
644141
644153
644282
644550
644581
644751
645113
645476
645558
645659
645854
645970
646789
647213
647231
647290
647343
647535
647558
647564
647691
647883
648090
648315
648458
648869
649290
649438
649577
649678
649880
649977
650237
650273
650299
651025
651273
651339
651393
651397
651577
651903
652087
652236
652332
652384
652476
652726
652744
652762
652890
652911
653266
653481
653486
653644
654224
654402
654544
654561
654665
654817
655757
655758
656308
656670
656733
656817
656828
657307
657324
657638
657712
657997
658482
659124
659418
659622
659760
660007
660037
660278
660307
660557
660712
660958
661437
661468
661940
662273
662363
662517
662581
663171
663208
663577
663636
663775
663869
664042
664126
664206
664523
665013
665367
665377
665448
665466
665594
666110
666224
666477
666481
666802
666810
667218
667512
667832
668171
668183
668378
668395
668416
668948
668959
669196
669468
669687
669929
669963
669978
670250
670346
670519
670580
670581
670748
671048
671068
671077
671238
671383
671959
671975
671978
672030
672077
672168
672223
672739
672780
672822
673023
673267
673651
674048
674139
674393
674405
674709
674761
674807
675344
675819
675925
675959
676083
676201
676287
676360
676367
676608
676785
676914
677006
677010
677031
677046
677117
677225
677244
677435
678023
678108
678252
678422
678493
678505
678603
678858
678911
678950
679020
679344
679391
679561
679774
680376
680614
680652
680683
680791
680939
681515
681548
681909
682094
682572
682672
683289
683413
683479
683577
683757
683924
684329
684491
684745
684756
684994
685193
685402
685435
685567
685783
685902
686037
686538
686564
686967
687142
687440
687499
687938
688021
688163
688307
688369
688625
688702
688757
689045
689126
689399
689478
689680
689684
689924
689956
690468
690764
691337
691511
691594
691717
691793
692851
693017
693053
694105
694479
695076
695275
695308
695535
696054
696247
696353
696429
696507
696526
696784
696800
696967
696972
697071
697116
697309
697471
697607
698185
698255
698363
698382
698451
698557
698571
698691
698729
698868
699364
699527
699734
699747
699904
700566
700694
700772
701049
701309
701445
701656
702008
702119
702260
702595
702747
702780
703203
703964
704306
704423
704537
704730
704820
705058
705178
706485
706537
706834
707418
707557
707824
708129
708339
708536
708776
709045
709172
709217
709635
709715
709985
709988
709990
710050
710174
710221
710362
710386
710776
711378
711510
711716
712011
712113
712201
712282
712689
712788
712936
713051
713282
713666
713812
713829
714071
714326
714415
714436
714585
714596
714631
714649
714703
715446
715567
716203
716254
716400
716774
716973
717182
717449
717579
717654
717662
717805
717874
717933
718065
718155
718677
718804
718972
719107
719146
719216
719244
719574
719632
719670
720047
720243
720246
720271
720489
720785
720951
721014
721030
721677
721750
721844
721956
722036
722444
722931
722965
723050
723228
723426
724467
724553
724889
725489
725722
725964
726135
726486
726525
726579
726594
726761
727536
727731
727773
728339
728544
728865
729334
729785
729895
729915
730090
730338
730418
730457
731040
731184
731358
731565
731886
731889
732064
732199
732309
732634
732698
733095
733114
733268
733287
733503
733709
733773
733809
734236
734473
734851
734897
735244
735645
735801
735829
736392
736541
737185
737286
737740
737958
737989
738239
738261
738436
738655
738699
738716
738736
738819
739108
739706
739838
739858
739989
740361
740711
741080
741305
741477
742316
742722
742849
743387
743466
743637
743686
743778
744118
744174
744777
744789
744914
745034
745380
745477
745952
746371
746446
746826
746879
747079
747220
747437
747454
747566
747581
748035
748206
748404
748717
748731
748732
749060
749128
749297
749300
749302
749419
750164
750282
750504
751028
751066
751096
751127
751554
751555
751745
751900
752340
752468
752545
752686
753026
753115
753168
753194
753267
753827
754076
754162
754252
754635
755029
755142
755245
755254
755482
755820
755966
756008
756162
756223
756549
756701
756757
757873
757920
757965
758015
758315
758918
760032
760292
760363
760593
760618
760972
761045
761053
761386
761892
762070
762421
762691
762785
763422
764234
764415
764481
764530
764731
764777
764796
764965
765162
765365
766049
766187
766351
766477
766668
766808
766815
766909
767473
767475
767769
767772
767835
768004
768327
768424
769273
769531
769757
769776
769919
769920
769986
770407
771045
771272
771275
771506
771542
771718
771757
772028
772060
772098
772609
772613
772804
773013
773020
773055
773434
773677
773759
774160
774249
774363
774367
774623
774756
774924
775272
775691
775779
776090
776290
776414
776622
776786
777108
777303
777497
777506
777532
777997
778199
778727
779533
779857
780091
780097
780148
780168
780266
780826
781124
781271
781289
781294
781302
781390
781740
781829
782211
782357
782437
782642
782719
783473
783564
783606
783678
783985
784101
784361
784493
785104
785148
785180
785371
785568
785882
786003
786330
786336
786408
787142
787267
787954
788140
788267
788486
788563
788667
788831
789481
789604
789743
789770
789822
789975
789994
790078
790291
790320
790458
790472
790528
790623
790892
790926
791033
791035
791520
791669
791698
791745
791902
791986
792670
792758
792822
792943
793838
794248
794382
794639
794953
795001
795073
795188
795227
795324
795801
795859
795946
796133
796179
796268
796703
796787
797099
797431
797496
797555
797656
797748
798209
798217
798229
798378
798591
798655
799075
799266
799651
799773
799856
799876
800069
800379
800635
800651
801134
801222
801880
802424
802715
803050
803096
803347
803605
803753
804149
804260
804559
804611
804716
804800
804902
805242
805310
805534
805575
805734
805765
806010
806083
806086
806305
807005
807679
807715
808537
808661
808845
809165
809233
809537
809795
809802
810029
810134
810218
810522
810736
810787
810863
810867
810889
810973
811161
811842
812212
812539
812715
812870
813166
813268
813332
813405
813584
813713
814379
815426
815687
815748
815927
816273
816455
816496
816718
816746
817395
817486
817695
818059
818201
818267
818502
818803
818835
819027
819066
819192
819224
819241
819413
819608
819642
820130
820174
820238
820347
820578
820629
820695
821110
821155
821241
821352
821479
821565
821610
821738
821916
822354
822425
822880
823251
823300
823453
824061
824340
824380
824576
824627
824829
824873
824943
825271
825426
825718
826002
826110
826844
826969
827597
827784
827824
827973
828260
828698
828708
828727
828790
828820
829025
829122
829322
829470
829687
829940
829992
830057
830405
830417
830794
831124
831222
831382
831425
831474
831518
831643
831649
831734
831753
831915
831958
832443
832680
833140
833215
833697
834261
834420
834717
834795
835201
835540
835726
835789
836030
836042
836144
836754
837236
837466
837717
837875
838042
838095
838317
838383
838521
839560
839569
839685
840307
840338
840748
840878
840969
841258
841308
841463
841490
841563
841566
841649
842011
842015
842489
842610
843018
843157
843232
843384
843532
843562
843880
844145
844146
844981
845026
845050
845081
845134
845558
845658
846101
846168
846421
847271
847277
847307
847777
847907
848937
848975
848988
849053
849192
849428
849637
850035
850327
850451
850611
850763
850991
851002
851475
851518
851965
852074
852377
852485
852756
852819
853101
853116
854877
855199
855600
855628
855859
856260
856381
856410
856635
856694
856738
856994
857197
857235
857267
857289
857479
857494
857638
858568
858871
859097
859117
859316
859331
859656
860087
860225
860691
860733
861216
861725
862234
863016
863143
863165
863561
864273
864647
864650
864661
864895
865273
865707
865795
865973
866638
866647
866753
867012
867029
867301
867330
867446
867813
867957
868368
868558
868619
868660
868690
868803
868866
868879
869161
869272
869273
869410
869477
869565
870062
870254
870287
870707
870916
871127
871176
871626
871862
872403
872450
872467
872601
872770
872776
873110
873150
873235
873246
873253
873558
873685
873936
874035
874326
874732
874762
874921
875213
875436
875605
875747
875829
875835
876260
876575
876699
877019
877331
877334
877658
877707
877930
878872
878972
879125
879451
879585
880044
880046
880600
880803
880877
880905
881416
881673
881779
881817
881898
882445
882593
882815
883028
883088
883419
883948
883968
884209
884213
884220
884253
884337
884370
884399
884407
884647
884688
884780
884851
884929
885099
885378
885686
885943
885954
886169
886261
886912
887002
887785
887819
888057
888063
888143
888372
888622
888659
888739
888773
889046
889140
889145
889166
889482
889663
889781
889910
890027
890142
890603
890683
891416
891603
891615
891892
891903
892220
892410
892414
892629
892758
893084
893170
893347
893429
893585
893722
894013
894023
894124
894127
894581
895089
895156
895166
895396
895506
895696
895751
895821
896051
896060
896301
896334
896632
896656
896738
896779
897092
897216
897893
897906
898366
898605
898890
899459
899964
900550
900721
900802
901036
901658
901665
901804
902050
902069
902071
902285
902420
902517
902599
902746
902909
903003
903314
903552
903873
904116
904177
904237
904279
904280
904282
904328
904453
904570
904606
904780
904876
905138
905280
905551
906053
906216
906430
906439
906709
907071
908019
908097
908194
908214
908247
908459
908465
908470
909114
909228
909245
909278
909572
910110
910165
910233
911023
911473
911565
911706
912007
912113
912619
913206
913226
913496
913730
913952
914216
914588
914612
914626
914847
914966
915254
915286
915564
915652
916087
916373
916567
916659
916681
917088
917179
917248
917449
917832
918023
918124
918586
918600
919277
919597
919646
919791
919846
919877
919968
920300
920800
921091
921452
921462
921514
921546
921571
921919
922146
922193
922209
922803
923344
923426
923471
923500
923569
923667
923933
924016
924171
924411
924857
925150
925812
926040
926369
926467
926710
926719
927026
927109
927328
927760
927800
928115
928486
929008
929145
929265
929514
929538
929569
930328
930365
930651
931337
931480
931692
931788
932214
932273
932314
932607
933105
933603
933631
933872
933942
934017
934073
934084
934361
934391
934728
934885
934947
935010
935286
935721
935914
936074
936201
936327
936362
936628
936961
936999
937499
937593
937666
937673
937741
937787
937884
938682
938841
938870
939206
939575
939857
939919
940003
940290
940597
940716
941029
941137
941154
941407
941583
941736
941760
942305
942333
942370
942598
942967
943129
943301
943369
943626
943656
943731
943942
943986
944022
944483
944993
945077
945090
945325
945549
945675
946448
946454
946691
947853
948096
948174
948216
949096
949520
949532
949730
949880
949976
950093
950464
950585
950645
950697
950829
950850
950895
951450
951597
951674
951924
952123
952409
952946
953012
953272
953414
953419
953518
953587
953828
954104
954173
954584
955170
955291
955446
956072
956348
956517
956663
956861
957303
957308
957487
957707
957940
958091
958131
958194
958488
958597
958669
958681
958967
958975
958986
959003
959201
959302
959416
959472
959869
959894
960080
960214
960706
961013
961718
962332
962440
962443
962797
962856
964223
964551
964628
964646
964723
964752
964948
965078
965138
965298
965640
965683
965870
966218
966582
966873
966949
966972
967406
967518
967570
967888
967905
967949
968842
968943
969050
969084
969196
969536
969679
970742
970853
971063
971158
971388
971684
971884
972130
972186
972506
972774
973017
973053
973141
973167
973941
973968
973998
974093
974166
974424
974588
974725
974761
974817
974891
975031
975189
975464
975560
975682
976108
976223
976334
976361
976911
977216
977257
977656
977661
977686
978193
978648
978654
978700
979182
979599
979635
979836
980090
980296
980675
980729
980777
981259
981342
981747
982225
982441
982785
983676
983885
984017
984245
984246
984400
984498
985166
985253
985443
985464
985504
985592
985635
985639
985956
986210
986329
986669
986792
986806
987110
987230
987309
987371
987452
987875
988626
988703
988723
988759
988829
989289
989368
989455
989686
989967
990352
990441
991082
991337
991348
991496
991974
992233
992349
992482
992610
993307
993331
993517
993678
994086
994243
994402
994461
994509
994553
994570
995022
995195
995236
995277
995398
996124
996256
996420
996473
996507
996555
997092
997211
997232
997330
998247
998363
998513
998705
998905
998935
999144
999407
999515
999649
999883
999991
999992
999993
999994
999995
999996
999997
999998
999999
1000000
