2
50 50 13
930.8860 692.7770
636.9150 747.7930
238.3350 885.3860
760.4920 516.6490
641.4210 202.3620
490.0270 368.6900
520.0590 897.7630
513.9260 180.5400
383.4260 89.1720
455.7360 5.2110
595.3680 702.5670
956.4290 465.7820
21.5300 722.8620
665.1230 174.0670
703.1350 513.9290
979.8020 634.0220
723.0580 133.0690
898.1670 961.3930
18.4560 175.0110
478.0420 176.2290
377.3730 484.4210
544.9190 413.7840
898.5370 575.1980
594.3240 798.3150
664.3700 566.4130
803.5260 776.0910
268.9800 759.9560
241.8730 806.8620
999.1700 906.9960
497.2810 702.3050
420.9250 477.0840
336.3270 660.3360
126.5050 750.8460
621.7290 661.3130
925.8570 616.1240
353.8950 819.5820
100.5450 898.8140
233.3670 515.4340
990.3640 344.0430
313.7500 171.0870
426.8080 117.2760
947.1780 695.7880
393.5840 705.4030
502.6510 392.7540
612.3990 999.9320
95.0600 549.6760
993.3680 947.7390
210.0120 636.2260
698.5860 348.0940
297.5390 140.7950
480.5700 651.4340
960.3780 97.4670
66.6010 710.0970
612.9020 573.3170
570.4920 926.6520
260.7560 997.3010
560.2800 724.2860
209.4410 953.8650
429.6890 228.4440
346.6190 558.4400
744.7290 958.0310
108.1170 738.0970
905.7710 834.4810
890.6750 120.7090
698.9270 704.5670
777.8560 179.4970
872.3530 254.5860
276.9650 455.3060
964.6830 406.2190
28.6240 51.5280
332.8710 805.7320
48.8290 409.5030
530.0190 258.2700
363.3680 959.7080
486.7150 226.3400
518.1490 747.7960
700.7230 142.6180
2.2450 122.8460
493.4510 892.9210
243.5550 192.3790
597.4880 537.7640
888.2280 469.8410
792.3500 165.1930
441.5000 757.0340
87.7640 470.1240
324.9140 936.9870
275.8560 373.7430
346.4910 322.2270
148.3650 709.8590
281.9360 151.4320
452.5510 316.4370
899.2280 153.2750
975.4070 901.4740
276.1210 468.8580
794.3950 36.0290
661.2370 908.2350
573.7930 65.8180
894.4280 366.1430
231.0110 335.9280
639.5290 318.7760
10 10 9
360.751 805.387
382.554 122.378
875.564 364.891
786.047 707.597
483.656 446.970
515.931 815.145
308.483 741.762
111.833 853.097
146.959 379.672
213.022 921.950
445.904 500.701
770.458 769.137
61.531 516.973
204.572 643.641
75.553 636.290
511.896 436.304
958.029 894.450
558.682 833.593
775.693 861.081
541.190 775.701
