266 6 10
2 5 38
2 5 81
2 3 6
2 5 30
2 3 170
2 3 36
2 3 45
0 3 93
1 4 150
0 5 17
78 5 14
1 2 135
0 4 161
0 2 140
1 4 150
1 3 75
1 2 180
0 3 15
1 2 105
0 4 16
1 2 56
0 2 49
1 3 47
1 4 9
0 4 22
106 6 12
1 5 20
0 4 118
1 4 31
2 5 126
1 4 144
2 3 113
1 4 192
0 3 108
1 5 108
0 5 63
0 3 14
0 4 55
177 5 13
1 3 26
1 4 128
0 3 140
1 2 39
1 4 162
0 3 126
1 2 55
0 4 70
1 3 91
1 3 17
0 3 154
1 3 157
0 2 88
56 6 13
0 5 159
2 3 129
0 5 134
0 5 25
1 3 176
0 5 187
0 3 199
0 5 117
0 3 145
0 4 125
1 3 79
0 3 9
1 3 46
283 6 11
2 5 75
1 4 153
2 3 186
0 4 17
1 4 12
0 4 25
1 3 109
2 5 131
0 3 60
0 4 68
2 4 157
112 6 10
2 3 146
2 4 50
1 5 37
0 4 162
0 4 97
2 3 55
0 5 12
1 3 159
0 3 77
2 4 30
170 4 17
0 3 113
1 3 72
1 2 92
0 3 167
0 2 94
0 2 159
0 3 46
1 3 99
1 3 53
0 3 36
1 3 42
0 2 93
1 3 72
0 3 102
1 3 47
1 2 129
1 3 89
215 4 5
0 2 106
0 2 123
1 2 87
1 3 121
1 3 86
234 4 6
1 3 8
0 3 32
1 2 19
0 3 19
0 3 121
1 2 135
194 6 7
0 5 13
0 4 164
2 5 33
1 3 164
1 5 52
2 4 42
0 4 36
162 5 18
0 2 99
1 3 52
1 3 182
0 2 110
0 4 167
1 2 174
1 3 73
0 3 132
0 2 25
0 3 141
1 3 5
1 3 192
1 4 152
1 2 46
0 4 149
0 3 25
1 4 96
1 3 183
194 4 15
1 3 107
1 3 152
0 2 35
0 3 160
0 3 13
0 3 144
1 2 155
1 3 157
0 2 39
0 3 111
0 3 155
1 2 146
0 2 103
1 3 198
0 2 137
163 4 13
1 2 60
0 3 53
0 3 146
1 3 169
0 2 156
0 3 67
0 3 125
1 2 154
0 2 192
1 2 91
0 2 9
0 3 24
1 3 23
274 5 6
0 4 167
1 4 86
0 3 82
0 3 164
1 2 90
1 2 77
205 5 11
0 3 11
0 4 186
0 2 57
0 2 71
0 4 135
1 2 173
1 3 20
1 2 95
1 2 81
1 4 185
1 2 143
80 4 14
0 2 112
0 2 11
0 3 157
0 2 29
0 2 29
1 3 60
0 2 147
1 3 139
1 2 38
1 2 30
1 3 133
1 2 20
1 2 164
0 3 43
238 5 20
0 3 46
1 4 112
0 3 43
0 4 39
1 4 117
0 3 86
1 3 150
1 3 107
0 2 32
0 4 180
1 4 168
0 4 164
1 2 198
1 2 191
0 4 175
1 2 28
1 3 130
0 3 133
1 2 180
0 4 32
299 4 21
1 3 157
0 2 103
1 2 144
1 2 176
1 2 150
0 2 73
0 2 133
1 3 52
0 2 166
1 2 87
0 2 171
0 3 78
0 2 145
1 2 159
1 3 187
0 3 29
1 2 43
0 2 182
0 3 22
1 3 54
1 3 41
103 4 11
1 2 66
0 3 173
0 2 119
1 3 63
0 3 50
0 2 119
0 2 185
1 2 183
1 3 152
0 2 68
1 3 85
0 0 0
