90.0 100.0 90.0 110.0
90.0 100.0 270.0 10.0
90.0 100.0 180.0 50.0
88.597 697.474 285.103 288.068
285.103 697.474 88.597 288.068
286.164 308.873 6.389 860.262
6.389 308.873 286.164 860.262
284.618 801.905 114.784 934.587
114.784 801.905 284.618 934.587
187.074 673.915 129.657 459.365
129.657 673.915 187.074 459.365
102.179 884.098 281.092 387.536
281.092 884.098 102.179 387.536
333.225 7.844 97.936 973.014
97.936 7.844 333.225 973.014
95.664 228.706 34.465 554.046
34.465 228.706 95.664 554.046
14.197 964.855 278.614 48.567
278.614 964.855 14.197 48.567
7.22 266.87 290.601 289.451
290.601 266.87 7.22 289.451
318.461 938.592 71.214 829.09
71.214 938.592 318.461 829.09
249.65 122.39 294.165 345.078
294.165 122.39 249.65 345.078
294.908 494.923 280.267 540.694
280.267 494.923 294.908 540.694
215.201 936.249 73.482 504.213
73.482 936.249 215.201 504.213
262.005 723.785 313.609 291.659
313.609 723.785 262.005 291.659
77.086 73.208 280.246 351.013
280.246 73.208 77.086 351.013
31.393 924.441 131.802 608.549
131.802 924.441 31.393 608.549
344.119 255.575 207.238 194.493
207.238 255.575 344.119 194.493
196.894 677.612 10.892 908.206
10.892 677.612 196.894 908.206
114.521 141.897 35.185 304.906
35.185 141.897 114.521 304.906
319.829 228.302 174.224 969.424
174.224 228.302 319.829 969.424
83.886 151.868 317.786 610.362
317.786 151.868 83.886 610.362
174.321 760.003 244.279 465.834
244.279 760.003 174.321 465.834
245.533 10.706 0.912 267.85
0.912 10.706 245.533 267.85
190.698 233.895 218.837 208.532
218.837 233.895 190.698 208.532
110.699 885.055 120.542 882.229
120.542 885.055 110.699 882.229
247.922 57.438 166.441 360.309
166.441 57.438 247.922 360.309
293.226 198.684 205.685 462.932
205.685 198.684 293.226 462.932
50.526 70.594 6.663 670.226
6.663 70.594 50.526 670.226
40.544 455.507 288.285 304.815
288.285 455.507 40.544 304.815
239.101 93.365 66.65 934.095
66.65 93.365 239.101 934.095
100.846 333.408 152.767 675.39
152.767 333.408 100.846 675.39
306.181 255.536 63.36 242.781
63.36 255.536 306.181 242.781
268.769 552.532 194.956 7.87
194.956 552.532 268.769 7.87
48.022 943.595 50.711 763.557
50.711 943.595 48.022 763.557
10.414 511.196 306.358 820.531
306.358 511.196 10.414 820.531
73.414 292.199 23.395 709.307
23.395 292.199 73.414 709.307
79.973 4.682 242.592 405.739
242.592 4.682 79.973 405.739
163.111 889.248 273.298 508.267
273.298 889.248 163.111 508.267
133.812 488.893 217.129 16.271
217.129 488.893 133.812 16.271
265.103 620.449 303.915 54.48
303.915 620.449 265.103 54.48
302.311 612.632 190.198 596.198
190.198 612.632 302.311 596.198
238.727 536.717 195.512 68.71
195.512 536.717 238.727 68.71
45.483 996.616 226.106 944.169
226.106 996.616 45.483 944.169
87.636 193.756 199.496 907.862
199.496 193.756 87.636 907.862
132.134 593.784 186.229 522.506
186.229 593.784 132.134 522.506
106.755 629.362 352.453 672.687
352.453 629.362 106.755 672.687
139.653 178.831 333.633 605.145
333.633 178.831 139.653 605.145
328.129 121.827 345.834 185.825
345.834 121.827 328.129 185.825
21.181 967.825 134.641 247.006
134.641 967.825 21.181 247.006
114.309 84.483 254.78 398.328
254.78 84.483 114.309 398.328
16.193 417.022 18.717 732.654
18.717 417.022 16.193 732.654
220.838 267.747 126.651 998.539
126.651 267.747 220.838 998.539
357.114 836.35 356.762 740.922
356.762 836.35 357.114 740.922
281.748 448.823 79.947 529.151
79.947 448.823 281.748 529.151
32.442 16.233 90.087 334.648
90.087 16.233 32.442 334.648
38.51 482.457 308.072 408.81
308.072 482.457 38.51 408.81
41.356 499.518 83.452 905.601
83.452 499.518 41.356 905.601
229.967 682.847 118.931 82.61
118.931 682.847 229.967 82.61
213.934 593.757 132.473 481.295
132.473 593.757 213.934 481.295
82.501 379.08 9.287 561.467
9.287 379.08 82.501 561.467
43.106 623.43 7.663 89.289
7.663 623.43 43.106 89.289
197.856 53.66 350.826 477.165
350.826 53.66 197.856 477.165
17.577 972.975 330.411 289.044
330.411 972.975 17.577 289.044
5.934 600.056 261.851 321.919
261.851 600.056 5.934 321.919
87.158 362.626 267.066 969.513
267.066 362.626 87.158 969.513
46.775 601.001 17.69 179.282
17.69 601.001 46.775 179.282
314.42 165.327 331.185 759.647
331.185 165.327 314.42 759.647
294.716 159.213 125.816 598.853
125.816 159.213 294.716 598.853
95.824 718.862 195.321 510.481
195.321 718.862 95.824 510.481
330.721 924.496 248.309 973.502
248.309 924.496 330.721 973.502
40.929 437.823 98.86 200.877
98.86 437.823 40.929 200.877
255.953 730.285 316.252 402.239
316.252 730.285 255.953 402.239
175.382 37.832 167.744 997.58
167.744 37.832 175.382 997.58
358.011 988.341 303.682 364.185
303.682 988.341 358.011 364.185
5.702 996.603 139.685 991.338
139.685 996.603 5.702 991.338
180.821 293.814 256.017 292.514
256.017 293.814 180.821 292.514
44.117 877.067 145.855 98.435
145.855 877.067 44.117 98.435
321.09 240.66 66.721 914.386
66.721 240.66 321.09 914.386
80.621 377.522 296.886 580.224
296.886 377.522 80.621 580.224
165.728 891.294 220.196 743.381
220.196 891.294 165.728 743.381
277.77 888.515 37.807 659.8
37.807 888.515 277.77 659.8
299.426 446.193 35.395 721.757
35.395 446.193 299.426 721.757
225.789 193.617 153.045 469.173
153.045 193.617 225.789 469.173
167.145 310.155 176.9 494.055
176.9 310.155 167.145 494.055
284.524 976.893 111.315 421.967
111.315 976.893 284.524 421.967
289.216 197.768 155.363 445.648
155.363 197.768 289.216 445.648
248.042 578.638 199.991 56.547
199.991 578.638 248.042 56.547
9.884 378.636 168.275 146.75
168.275 378.636 9.884 146.75
41.05 776.459 257.244 237.579
257.244 776.459 41.05 237.579
159.36 954.629 201.795 63.61
201.795 954.629 159.36 63.61
226.758 713.399 44.042 516.489
44.042 713.399 226.758 516.489
132.612 264.88 319.666 788.643
319.666 264.88 132.612 788.643
36.058 148.079 202.873 896.419
202.873 148.079 36.058 896.419
275.039 728.549 164.282 356.733
164.282 728.549 275.039 356.733
272.554 274.899 83.55 311.922
83.55 274.899 272.554 311.922
353.765 191.63 280.129 883.987
280.129 191.63 353.765 883.987
53.001 353.299 43.54 769.869
43.54 353.299 53.001 769.869
285.789 30.966 306.031 115.624
306.031 30.966 285.789 115.624
326.931 185.693 193.942 117.384
193.942 185.693 326.931 117.384
35.266 342.35 123.053 295.019
123.053 342.35 35.266 295.019
