487.01
99.52 15.11
98.96 15.12
98.40 15.13
97.84 15.14
97.27 15.15
96.71 15.16
96.15 15.17
95.58 15.18
95.02 15.19
94.45 15.20
93.88 15.21
93.32 15.22
92.75 15.23
92.18 15.24
91.61 15.25
91.04 15.26
90.47 15.27
89.90 15.28
89.33 15.29
88.76 15.30
88.19 15.31
87.61 15.32
87.04 15.33
86.46 15.34
85.89 15.35
85.31 15.36
84.74 15.37
84.16 15.38
83.58 15.39
83.01 15.40
82.43 15.41
81.85 15.42
81.27 15.43
80.69 15.44
80.11 15.45
79.53 15.46
78.94 15.47
78.36 15.48
77.78 15.49
77.19 15.50
76.61 15.51
76.02 15.52
75.44 15.53
74.85 15.54
74.26 15.55
73.68 15.56
73.09 15.57
72.50 15.58
71.91 15.59
71.32 15.60
70.73 15.61
70.14 15.62
69.54 15.63
68.95 15.64
68.36 15.65
67.76 15.66
67.17 15.67
66.57 15.68
65.98 15.69
65.38 15.70
64.78 15.71
64.19 15.72
63.59 15.73
62.99 15.74
62.39 15.75
61.79 15.76
61.19 15.77
60.59 15.78
59.98 15.79
59.38 15.80
58.78 15.81
58.17 15.82
57.57 15.83
56.96 15.84
56.36 15.85
55.75 15.86
55.14 15.87
54.53 15.88
53.92 15.89
53.31 15.90
52.70 15.91
52.09 15.92
51.48 15.93
50.87 15.94
50.26 15.95
49.64 15.96
49.03 15.97
48.41 15.98
47.80 15.99
47.18 16.00
46.57 16.01
45.95 16.02
45.33 16.03
44.71 16.04
44.09 16.05
43.47 16.06
42.85 16.07
42.23 16.08
41.61 16.09
40.98 16.10
40.36 16.11
39.73 16.12
39.11 16.13
38.48 16.14
37.86 16.15
37.23 16.16
36.60 16.17
35.97 16.18
35.34 16.19
34.71 16.20
34.08 16.21
33.45 16.22
32.82 16.23
32.19 16.24
31.55 16.25
30.92 16.26
30.29 16.27
29.65 16.28
29.01 16.29
28.38 16.30
27.74 16.31
27.10 16.32
26.46 16.33
25.82 16.34
25.18 16.35
24.54 16.36
23.90 16.37
23.26 16.38
22.61 16.39
21.97 16.40
21.32 16.41
20.68 16.42
20.03 16.43
19.39 16.44
18.74 16.45
18.09 16.46
17.44 16.47
16.79 16.48
16.14 16.49
15.49 16.50
14.84 16.51
14.18 16.52
13.53 16.53
12.88 16.54
12.22 16.55
11.56 16.56
10.91 16.57
10.25 16.58
9.59 16.59
8.93 16.60
8.27 16.61
7.61 16.62
6.95 16.63
6.29 16.64
5.63 16.65
4.97 16.66
4.30 16.67
3.64 16.68
2.97 16.69
2.31 16.70
1.64 16.71
0.97 16.72
0.30 16.73
17.74 -305.13
