25
-19439 37801
18132 -26757
-18267 62350
-25346 52867
-29238 36095
-22208 52952
36866 -29267
37057 -46716
-64488 47674
-63355 23516
6011 -19748
62060 -35394
-61561 3071
56441 17519
56389 -19230
16582 -3950
54936 -62178
-2691 -96
-61624 29356
-30408 -45276
3882 28120
-53284 -10800
-40554 -1093
-19639 3065
-19728 42684
50
-61969 -7036
-48497 2620
1947 34054
-16288 33926
-34191 37743
53204 28063
-10582 -59551
4633 64385
30961 5549
62331 34563
39770 62240
60825 -4164
-28053 -34365
-48035 21349
25849 64509
12455 -64527
47749 35320
46092 -48789
-13718 -53311
13487 65533
42805 -61804
53512 52459
-36208 -28938
53580 -28940
-48408 54142
-21208 12905
6643 -23481
-34759 -63062
-44801 -7646
33443 -63421
-52451 -6070
-47197 25281
-46368 -22187
-15868 6433
-19535 44597
55739 46219
-17764 -31603
-13505 -62717
8989 -17218
-16802 -34179
21720 37736
58191 51990
21436 -1051
53511 60201
-56932 -2351
16637 37758
54576 -42322
-12385 45851
13250 -56090
51161 -55530
75
-2625 21322
52872 46610
-27599 -27791
-37171 -51367
-55051 -6653
33 8453
-56383 -18959
-22318 -2901
55101 22347
49251 -22237
32195 -38940
-45935 -16620
35431 -61000
-31574 -33712
40180 42040
14479 11892
26440 -4457
33008 -27924
64173 10345
61391 50355
-18516 -45449
-4914 -32120
-2015 52918
-43908 34127
59445 5740
4271 42505
32386 35165
-28574 -15003
-24210 -11059
46687 20890
25612 -13328
-18182 -22533
-42198 9891
47336 18514
54584 11088
25943 -42556
-2516 -42044
-58435 243
62726 48188
-54268 -55003
59201 -35350
-49394 17581
896 -28465
-36305 -28229
-54669 -12132
30985 27504
6284 14657
22101 14062
-63477 -31818
-22362 -44273
-26941 -24408
23074 60346
-27963 -45437
47244 38935
-17492 11053
8198 33099
18454 -40611
10395 65284
17853 1582
-8091 56366
56747 -64072
8490 28514
-15632 44253
-10257 -25360
11726 9121
29837 -39590
-22353 27927
-46276 25782
-26584 64853
42551 27278
26314 30627
40946 -34372
-53305 55939
38469 38991
28801 38073
50
44797 -17585
-56836 -518
8293 40995
-45120 7122
-57482 32246
44514 35194
-40862 28576
45408 -5823
-53840 23305
53298 46673
56542 -45915
-36093 41739
1592 -5376
-48290 5892
-44854 -18146
49634 -39686
-29883 33577
40327 -31912
62338 2554
-53938 -51264
-7369 -52384
-14903 44580
34360 -25146
6982 60331
-12767 65160
22189 64892
-22590 -39470
19162 24598
-29914 -46104
37122 -19379
26166 55171
29934 -36455
-53869 -6504
-57032 15604
-17529 -13117
56908 38225
-55861 13765
-29134 40655
36340 29700
-54870 4281
-44251 55655
21453 28758
-58423 15613
53164 56203
-21651 -9916
44924 -41875
-39486 28876
45678 39979
-16447 49162
-27634 8759
75
52035 -2287
6216 -42174
55076 47964
59362 42259
-6372 23952
-13903 -49689
22238 -65469
-54116 16854
-50436 -44219
-27137 -9684
-20036 64235
-54552 43882
33356 -14443
-1103 -2247
64384 -53342
-10455 2609
-57682 65354
64526 20647
-11427 43309
26858 13442
-24172 -43343
17040 -30424
17989 -24074
-58069 15050
22532 -24566
21525 -49207
-41291 52054
44683 -64462
16450 -60912
63190 -61577
26873 28899
20204 56941
22022 -21944
9404 9096
-40331 -24385
22564 -42428
-26044 -17634
40283 65105
-5352 48993
-53428 -3056
62911 53757
-33476 34277
-4572 -19533
6530 49848
-62573 -38231
24973 -34534
45957 34829
38291 59848
-54819 -28681
61691 3766
-14612 -40804
-1811 18928
-23960 42011
44972 -18897
-18248 38547
-52513 -48460
-8510 1862
38660 -38810
-48538 -41957
62154 47385
-56124 7723
-30434 54769
-39049 22976
5327 64333
-62113 51832
-54739 23438
60331 24735
10858 -19679
-36714 33844
26884 40131
21543 -12652
-14633 -44914
12682 316
58025 6536
-59307 22870
25
41222 47149
32960 29070
-5992 -44723
-30292 -4459
-4825 38263
-20823 -5074
-81 -36925
-33709 64455
51818 -52431
-23282 46888
-51304 46734
-63463 -58259
-63287 -29103
19586 -26666
37392 -57302
-59398 -1905
36002 -15854
-52629 32135
-30270 62627
35199 -15021
-56599 -9587
-21677 -27262
-39918 45033
-37224 -18032
39392 29231
50
29286 -7224
-51258 50529
43770 -43654
-60272 12981
-21978 65344
-16880 -21462
-2468 -5960
-60854 47329
54483 -21176
21875 2201
11875 -19644
39304 64589
-50051 41423
-16945 62518
-27487 -35772
-11732 19974
-56262 -23637
-11452 7543
27180 -15517
22856 37856
-41292 -2129
-25509 18436
-33203 45079
6104 46060
65506 -4705
-2397 -41977
44738 58238
-10346 42784
-29252 20880
-17886 20781
-63525 54620
-170 58175
8602 12306
-54252 -28144
23443 -40062
-58666 -9683
-24890 39526
5475 -38634
-53614 14087
6356 -46788
16912 42731
47387 7193
89 -43780
-6804 -14736
10292 20383
-32378 -33751
37936 -49388
48588 -37374
-55165 10309
57362 -48164
100
6952 32103
60805 10315
-51416 -23650
-49395 -42526
62281 -42666
21517 -23263
46535 -9129
-38726 58212
45563 45205
42738 5759
-49088 -34887
-365 26068
35940 -55415
-20891 207
-19229 -58740
8670 12140
-40952 -16693
-6679 -31811
-27407 -5217
19317 40230
-60229 28410
22997 43859
64714 59624
14923 64202
-41244 61744
9553 -9133
-51974 -64553
-32326 17459
16120 -35290
-36288 -29888
-55893 7564
-50795 -64493
3109 12805
34458 20553
63920 -55856
-41909 -25671
-42274 56760
-65130 61563
-52600 16833
58717 -11414
-41638 -21226
-63037 44261
46379 35126
-783 -17833
-57623 9330
488 -10654
50545 61995
35130 63299
31981 51835
-51169 -43909
33531 -20772
1228 61730
54096 -48754
-11337 -15546
3240 25799
53997 32338
25033 52180
-7197 51533
19102 12245
29623 56862
63940 -7391
-679 -29731
56078 64679
-26650 3079
-52518 -53337
-37989 63193
-8156 10371
-12309 35753
-17860 -53874
34938 30721
-63487 7735
-17154 58456
-40149 115
-34352 54222
44414 -22458
-45339 1617
3024 62847
-42743 -2767
-9355 46513
-2015 -65186
-25456 10603
13727 -19720
49753 -17593
-37586 55426
-55736 -52706
-59743 -47645
65277 -57157
17622 40663
-53851 -33162
20357 61192
65302 -3323
41376 -30294
4011 -1056
14786 -57498
-50780 -27933
50090 64662
19289 -29782
22853 -1639
34340 35285
-39731 -54330
50
-7155 5435
-1358 33334
-30577 1526
-29938 26918
-57881 60593
29478 -5362
-52839 -26630
-6637 60345
-29456 -12723
-28463 -51458
-36276 -50900
-42586 63423
-29564 24557
-45325 51343
42902 18807
3074 13419
-41454 -43955
23735 35039
-59743 24138
58718 6149
38881 -33666
-64080 -62491
23283 39040
60063 49749
14924 33730
23355 -8452
61010 -23286
-15942 52358
-58145 -35733
1718 2604
2723 11191
-18732 25132
-14905 65214
-57084 27649
-26216 -3319
-21060 -15398
-56291 31653
-54843 -33303
56798 58989
33824 -25293
63966 34032
19377 -31115
-23383 33703
56096 -46670
47400 60405
40931 -5271
-20901 -17385
-1343 -49230
5037 -46873
-4285 57582
