29453.860
13597.049
2132.263
19590.736
3203.118
29573.278
12514.478
26395.962
14720.374
3571.635
7572.280
4809.953
7937.864
25195.512
11486.027
21963.588
11068.728
21738.580
6238.467
25362.716
9374.872
10298.919
20068.183
9084.969
10871.475
20591.523
24592.980
9402.751
24580.015
24893.777
3849.396
20246.602
10585.650
12262.895
7755.133
5049.495
29811.838
1427.011
18777.162
10475.787
30579.200
2029.304
11860.992
18114.800
6649.484
12797.540
22394.547
3713.204
8396.274
32150.406
10535.994
3219.170
26045.951
12653.491
18062.309
25194.811
2227.989
1305.885
28117.858
29678.967
12293.339
30939.606
30336.609
27869.023
3112.455
8931.163
15013.103
401.617
25344.025
18032.422
24640.663
17534.310
32225.586
11180.950
2191.256
29593.204
18307.460
8583.459
16670.058
15343.116
7886.381
26665.106
8130.362
14498.581
19371.309
28034.353
15568.843
32456.456
20789.035
16179.441
31318.829
25310.014
21287.319
30511.729
14551.265
22181.079
2754.359
32981.356
14125.704
1531.071
