100
6221 9901
5851 9739
3929 6701
8387 8209
2633 3733
7829 4391
7349 8963
4129 5323
7243 4357
9137 5077
1901 6299
7351 8933
7043 6211
9697 6863
6073 6067
8377 3359
4057 6217
8893 5261
3581 3617
4813 2543
3181 2297
7411 3083
1627 1997
4951 4463
2161 4241
6373 4451
2357 7607
3413 4967
9001 7517
7577 5077
4019 1291
1433 7247
1667 6133
4799 9787
6551 9479
1163 6581
2711 1877
2311 7687
8663 2753
8597 3853
6869 4049
9497 1913
8123 6637
4999 8573
3511 3701
9203 1103
5393 2557
5849 8893
5821 6521
1069 2341
9283 2767
8573 9059
6947 9941
3907 8363
9157 1291
1429 7727
2207 5557
1439 5851
1627 6353
6047 7069
1583 6661
7523 4801
8297 8513
5077 6359
3863 8647
5783 8237
1877 5279
5669 2887
3259 3347
1373 5867
3833 6359
9677 8969
2903 9883
8861 4289
7369 1543
2837 6389
7937 3967
6287 3347
4787 4657
3547 9767
9697 1951
1091 3623
9323 3079
1907 9949
5441 5869
2797 5227
4013 6563
9547 2777
3251 9629
2357 6337
5953 3803
5231 8629
8681 1109
3907 7207
8573 4789
6421 9241
2459 9371
6577 5189
4457 9349
4021 3457
