19
986 2 800 994
761 747 837 747 761 775
753 569 764 569 753 640
676 104 682 104 676 157
178 294 203 294 178 351
511 288 577 288 511 295
578 780 604 780 578 797
27 209 50 209 27 232
528 602 552 602 528 623
208 669 271 669 208 714
654 296 673 296 654 337
563 713 574 713 563 728
244 100 252 100 244 168
534 665 613 665 534 718
15 279 101 279 15 345
719 777 770 777 719 838
763 12 805 12 763 56
203 559 255 559 203 607
642 110 678 110 642 166
425 221 441 221 425 263
16
41 2 222 998
706 590 777 590 706 655
741 793 797 793 741 855
132 714 146 714 132 770
775 789 826 789 775 859
519 21 598 21 519 67
30 522 59 522 30 538
170 479 175 479 170 514
317 246 335 246 317 262
408 639 485 639 408 649
533 643 567 643 533 661
138 793 178 793 138 820
59 635 112 635 59 697
692 666 709 666 692 722
594 640 625 640 594 707
644 320 715 320 644 354
149 259 209 259 149 269
9
19 8 643 999
614 734 681 734 614 788
381 753 412 753 381 779
557 578 634 578 557 592
272 529 356 529 272 562
215 379 302 379 215 437
688 207 713 207 688 235
673 455 700 455 673 530
267 547 314 547 267 569
234 765 308 765 234 852
14
681 0 256 992
611 480 649 480 611 537
499 392 534 392 499 460
135 745 185 745 135 796
198 413 262 413 198 469
720 294 790 294 720 311
349 780 396 780 349 813
663 298 750 298 663 344
610 673 643 673 610 755
750 588 784 588 750 678
99 496 102 496 99 552
513 317 525 317 513 360
696 377 759 377 696 384
522 704 554 704 522 706
559 765 635 765 559 850
18
409 3 566 995
282 68 340 68 282 96
677 257 745 257 677 327
535 92 610 92 535 161
331 395 366 395 331 419
703 305 777 305 703 393
438 208 467 208 438 214
664 190 748 190 664 218
572 225 639 225 572 291
63 554 119 554 63 617
322 661 344 661 322 751
15 98 101 98 15 155
622 120 668 120 622 206
568 164 586 164 568 213
666 393 710 393 666 464
516 169 533 169 516 200
442 217 490 217 442 295
562 319 585 319 562 327
753 16 806 16 753 28
14
27 6 471 999
299 240 387 240 299 330
31 17 100 17 31 102
714 442 792 442 714 505
238 14 262 14 238 32
470 622 512 622 470 635
712 718 802 718 712 733
597 421 627 421 597 426
398 715 462 715 398 756
450 391 518 391 450 403
18 398 27 398 18 453
467 646 480 646 467 702
635 755 716 755 635 834
243 612 271 612 243 620
796 111 829 111 796 157
7
511 4 437 992
627 287 660 287 627 324
33 674 85 674 33 678
689 430 698 430 689 462
774 439 790 439 774 516
260 751 330 751 260 829
431 355 470 355 431 420
91 317 165 317 91 384
12
335 9 313 993
623 98 624 98 623 183
186 345 258 345 186 361
481 631 540 631 481 641
577 141 628 141 577 170
281 370 343 370 281 401
398 791 485 791 398 863
713 708 793 708 713 744
25 50 69 50 25 81
675 646 725 646 675 659
542 709 594 709 542 734
319 95 320 95 319 165
412 377 429 377 412 382
5
726 9 875 996
117 141 137 141 117 231
167 164 236 164 167 218
508 738 535 738 508 798
532 274 565 274 532 338
231 564 270 564 231 639
13
96 5 703 991
580 744 632 744 580 831
439 366 502 366 439 385
655 408 713 408 655 482
211 363 293 363 211 391
751 171 767 171 751 216
359 495 424 495 359 525
170 484 182 484 170 541
238 361 326 361 238 422
138 609 224 609 138 657
809 808 835 808 809 833
212 509 269 509 212 555
419 404 473 404 419 425
500 624 536 624 500 684
10
808 2 783 993
444 421 504 421 444 493
482 472 527 472 482 553
123 319 125 319 123 408
579 32 614 32 579 80
215 136 265 136 215 155
285 310 363 310 285 353
653 553 723 553 653 569
757 241 826 241 757 255
100 725 165 725 100 758
518 82 596 82 518 164
18
241 4 440 990
25 655 53 655 25 660
124 629 151 629 124 663
766 348 820 348 766 365
658 605 683 605 658 613
627 717 687 717 627 759
806 530 846 530 806 586
104 435 156 435 104 454
345 478 421 478 345 489
693 705 709 705 693 765
331 502 358 502 331 581
630 136 693 136 630 207
426 647 490 647 426 673
12 607 97 607 12 618
576 285 614 285 576 306
220 698 292 698 220 714
158 106 167 106 158 138
583 742 587 742 583 770
771 287 788 287 771 321
10
554 3 228 997
801 593 865 593 801 642
720 664 784 664 720 704
419 799 484 799 419 872
764 20 832 20 764 55
545 349 630 349 545 408
688 401 735 401 688 427
625 224 633 224 625 243
241 457 255 457 241 532
216 672 219 672 216 751
725 257 764 257 725 324
16
90 9 876 990
463 421 550 421 463 479
556 287 598 287 556 312
794 710 847 710 794 732
708 654 789 654 708 697
479 560 559 560 479 592
643 177 713 177 643 252
28 398 64 398 28 446
496 45 508 45 496 65
597 548 646 548 597 624
401 780 467 780 401 847
510 799 583 799 510 870
702 304 757 304 702 359
615 175 681 175 615 216
626 254 681 254 626 319
642 452 678 452 642 461
576 19 626 19 576 35
20
991 7 114 999
571 176 659 176 571 222
347 237 425 237 347 301
421 338 455 338 421 375
669 634 688 634 669 680
125 737 195 737 125 778
463 428 531 428 463 441
616 520 680 520 616 604
476 30 557 30 476 120
39 124 56 124 39 211
313 99 338 99 313 127
397 285 487 285 397 334
650 704 681 704 650 780
569 617 633 617 569 680
781 704 869 704 781 712
462 493 468 493 462 543
97 708 161 708 97 795
251 45 307 45 251 53
269 374 336 374 269 383
456 807 516 807 456 854
301 603 325 603 301 664
11
14 2 329 999
519 543 579 543 519 580
562 115 625 115 562 163
113 410 117 410 113 449
618 289 676 289 618 315
423 293 511 293 423 369
36 106 98 106 36 108
724 600 732 600 724 687
771 757 821 757 771 790
608 498 609 498 608 501
695 71 771 71 695 80
729 18 792 18 729 108
20
116 9 68 993
209 257 278 257 209 320
36 596 115 596 36 670
668 497 743 497 668 548
313 548 345 548 313 573
112 679 146 679 112 727
64 528 84 528 64 545
579 238 668 238 579 277
76 638 130 638 76 715
293 500 379 500 293 560
154 45 192 45 154 68
643 752 686 752 643 760
593 131 607 131 593 177
36 495 79 495 36 548
113 159 167 159 113 172
363 642 403 642 363 693
292 696 313 696 292 782
98 436 145 436 98 489
215 596 237 596 215 678
545 538 617 538 545 548
124 566 206 566 124 569
12
876 3 797 998
187 360 218 360 187 447
264 398 325 398 264 475
218 364 264 364 218 432
142 704 159 704 142 788
735 691 801 691 735 778
23 482 104 482 23 499
318 671 325 671 318 726
202 461 232 461 202 494
491 38 515 38 491 64
686 564 766 564 686 631
36 135 65 135 36 194
257 314 338 314 257 337
14
730 5 137 993
212 607 272 607 212 688
661 24 683 24 661 35
264 754 271 754 264 775
775 46 795 46 775 123
795 322 800 322 795 397
160 703 202 703 160 756
337 389 403 389 337 454
157 11 232 11 157 93
154 181 185 181 154 259
412 619 458 619 412 668
484 378 528 378 484 390
795 287 802 287 795 358
791 426 861 426 791 448
622 215 682 215 622 267
17
955 4 891 993
566 797 651 797 566 865
507 671 552 671 507 707
505 719 545 719 505 781
800 596 861 596 800 673
187 737 216 737 187 826
87 493 158 493 87 522
625 675 710 675 625 758
740 253 821 253 740 272
627 307 638 307 627 372
126 111 165 111 126 145
590 774 611 774 590 795
272 526 325 526 272 588
221 320 278 320 221 371
416 588 472 588 416 603
529 536 595 536 529 606
296 498 308 498 296 502
561 779 569 779 561 869
19
182 1 233 998
357 258 388 258 357 348
28 222 78 222 28 277
111 783 166 783 111 820
193 176 261 176 193 195
283 474 311 474 283 559
217 707 257 707 217 793
451 603 480 603 451 688
60 59 112 59 60 119
381 761 399 761 381 841
547 766 573 766 547 777
130 647 190 647 130 681
486 491 492 491 486 563
84 105 173 105 84 178
179 389 184 389 179 472
22 236 55 236 22 239
155 374 172 374 155 463
583 19 629 19 583 82
40 63 86 63 40 124
256 15 339 15 256 28
4
23 9 89 993
680 268 758 268 680 293
446 236 468 236 446 247
209 667 231 667 209 705
567 163 635 163 567 216
11
254 5 420 994
167 672 169 672 167 745
335 563 379 563 335 585
597 333 640 333 597 408
463 643 544 643 463 698
678 635 704 635 678 665
213 628 237 628 213 701
16 329 29 329 16 353
707 804 784 804 707 881
89 578 148 578 89 645
582 419 617 419 582 481
526 117 580 117 526 137
1
995 0 638 991
431 403 475 403 431 410
2
32 5 897 994
215 783 239 783 215 805
679 770 702 770 679 800
5
263 4 195 990
742 112 806 112 742 144
288 259 344 259 288 341
243 484 294 484 243 551
58 261 97 261 58 342
174 447 183 447 174 487
16
848 9 901 997
199 147 278 147 199 161
18 347 33 347 18 371
148 551 167 551 148 615
697 328 780 328 697 388
299 519 366 519 299 599
310 613 340 613 310 624
389 484 434 484 389 573
792 631 836 631 792 635
551 138 640 138 551 220
452 726 508 726 452 747
114 676 182 676 114 760
282 15 329 15 282 79
243 562 298 562 243 588
466 495 524 495 466 533
51 165 103 165 51 231
225 108 284 108 225 197
0
210 7 92 992
14
948 4 30 996
254 729 325 729 254 801
283 677 298 677 283 683
599 294 643 294 599 331
720 348 756 348 720 426
710 307 714 307 710 348
423 587 449 587 423 631
777 712 840 712 777 795
380 124 401 124 380 149
760 777 764 777 760 821
99 610 155 610 99 629
168 515 203 515 168 567
419 400 435 400 419 442
510 573 571 573 510 607
385 499 389 499 385 565
11
427 1 181 997
303 493 338 493 303 543
781 778 818 778 781 835
68 327 78 327 68 370
266 113 307 113 266 155
690 361 767 361 690 372
89 58 144 58 89 91
515 249 549 249 515 316
132 639 150 639 132 647
91 656 144 656 91 709
580 669 628 669 580 690
376 332 423 332 376 415
0
225 7 893 998
4
325 1 971 992
259 276 348 276 259 316
556 576 557 576 556 625
717 602 735 602 717 667
261 731 285 731 261 782
19
838 9 661 998
666 496 742 496 666 564
251 40 256 40 251 57
368 425 412 425 368 512
629 565 664 565 629 595
232 28 266 28 232 98
285 331 310 331 285 412
55 296 79 296 55 343
184 259 249 259 184 320
661 499 689 499 661 542
711 620 763 620 711 651
434 278 503 278 434 364
244 716 308 716 244 744
68 88 144 88 68 153
59 534 91 534 59 552
745 693 758 693 745 703
276 501 290 501 276 552
430 124 514 124 430 159
614 496 690 496 614 508
513 386 580 386 513 414
11
194 3 160 990
35 619 122 619 35 636
713 721 770 721 713 747
502 94 545 94 502 152
426 607 451 607 426 637
678 315 682 315 678 379
519 658 566 658 519 665
25 260 94 260 25 321
94 420 125 420 94 490
27 96 29 96 27 137
38 195 68 195 38 208
732 259 772 259 732 330
4
39 8 222 994
706 493 746 493 706 509
600 360 602 360 600 419
311 374 364 374 311 429
172 71 257 71 172 125
0
513 3 870 991
8
692 5 425 996
277 226 343 226 277 250
569 15 595 15 569 80
10 656 26 656 10 689
85 464 175 464 85 514
553 475 562 475 553 520
463 499 511 499 463 559
601 266 622 266 601 273
462 714 468 714 462 804
4
335 2 537 991
350 147 426 147 350 173
693 572 773 572 693 586
55 136 89 136 55 180
229 677 303 677 229 726
19
139 8 794 994
228 799 235 799 228 862
18 604 70 604 18 648
374 693 427 693 374 704
431 295 472 295 431 347
494 68 583 68 494 126
357 18 360 18 357 81
501 516 519 516 501 546
506 585 568 585 506 650
689 398 767 398 689 486
600 240 606 240 600 266
477 567 533 567 477 648
397 463 470 463 397 545
273 671 326 671 273 732
794 802 864 802 794 850
236 618 275 618 236 634
299 551 305 551 299 591
62 418 103 418 62 464
227 712 229 712 227 777
218 686 248 686 218 763
0
619 0 442 996
1
378 6 318 990
415 179 432 179 415 225
5
300 0 931 995
115 150 153 150 115 163
454 564 488 564 454 635
101 566 175 566 101 604
276 469 293 469 276 485
138 271 208 271 138 358
5
863 2 301 998
590 473 652 473 590 497
328 300 404 300 328 306
697 199 700 199 697 250
706 671 736 671 706 753
636 289 648 289 636 332
4
993 4 228 991
461 170 495 170 461 226
473 257 517 257 473 292
286 565 337 565 286 649
380 720 441 720 380 725
17
760 0 494 999
783 805 821 805 783 861
212 229 260 229 212 275
768 256 858 256 768 280
521 676 545 676 521 701
171 163 255 163 171 175
668 174 695 174 668 193
97 210 116 210 97 270
551 23 602 23 551 110
259 681 270 681 259 683
477 256 561 256 477 305
452 191 468 191 452 256
768 40 837 40 768 92
161 275 245 275 161 295
722 529 762 529 722 549
219 128 220 128 219 179
242 379 325 379 242 441
502 495 563 495 502 518
0
842 3 928 998
4
839 4 166 993
320 160 387 160 320 196
697 566 720 566 697 614
423 337 480 337 423 419
278 225 300 225 278 303
16
278 0 524 999
323 376 337 376 323 410
803 489 885 489 803 562
775 505 852 505 775 517
158 541 201 541 158 604
389 185 458 185 389 231
27 623 46 623 27 632
36 282 48 282 36 351
91 172 124 172 91 219
225 500 294 500 225 569
231 403 303 403 231 460
529 40 588 40 529 48
720 439 772 439 720 491
261 196 268 196 261 265
777 758 860 758 777 814
13 193 14 193 13 270
684 392 732 392 684 432
2
850 2 946 998
605 675 671 675 605 741
777 507 861 507 777 578
18
83 9 277 993
161 439 194 439 161 441
97 233 112 233 97 264
430 529 479 529 430 563
549 437 576 437 549 519
704 546 778 546 704 608
449 160 461 160 449 175
479 600 540 600 479 649
123 95 169 95 123 142
117 629 145 629 117 704
61 26 125 26 61 69
151 37 167 37 151 70
241 184 296 184 241 261
590 319 651 319 590 341
692 305 693 305 692 389
700 273 788 273 700 290
13 534 32 534 13 565
425 315 460 315 425 365
397 501 441 501 397 582
2
912 8 924 990
496 314 545 314 496 384
638 193 714 193 638 252
3
130 6 149 992
448 259 524 259 448 343
387 517 475 517 387 600
246 118 333 118 246 166
19
997 7 557 990
531 238 549 238 531 267
388 463 435 463 388 525
706 209 755 209 706 228
650 779 689 779 650 845
359 142 444 142 359 219
201 12 289 12 201 82
485 725 527 725 485 740
640 463 718 463 640 488
744 292 776 292 744 307
299 435 327 435 299 503
225 78 240 78 225 144
734 172 822 172 734 177
531 402 539 402 531 467
576 463 614 463 576 477
590 699 651 699 590 701
587 325 620 325 587 340
234 738 312 738 234 804
446 613 513 613 446 666
540 269 594 269 540 327
2
233 4 173 993
235 301 265 301 235 314
164 763 209 763 164 768
6
203 6 231 997
629 390 631 390 629 461
519 16 576 16 519 89
230 545 319 545 230 568
105 16 153 16 105 95
242 516 284 516 242 558
32 545 113 545 32 624
16
831 1 916 999
660 546 723 546 660 559
272 13 349 13 272 85
204 61 280 61 204 144
412 740 486 740 412 822
451 543 502 543 451 596
726 204 733 204 726 262
563 692 586 692 563 777
645 192 730 192 645 209
226 790 295 790 226 862
116 224 162 224 116 235
660 593 688 593 660 658
263 467 277 467 263 542
285 429 358 429 285 484
218 701 304 701 218 733
380 237 426 237 380 275
469 605 519 605 469 664
2
411 5 262 996
387 674 405 674 387 679
432 457 501 457 432 543
11
962 4 465 999
516 40 534 40 516 60
750 85 791 85 750 135
168 491 235 491 168 495
676 91 728 91 676 179
357 416 431 416 357 453
770 618 802 618 770 637
610 116 676 116 610 153
268 721 326 721 268 806
315 724 350 724 315 772
256 327 298 327 256 404
437 272 468 272 437 287
3
323 5 990 990
740 760 788 760 740 844
167 693 237 693 167 697
47 721 100 721 47 748
9
371 7 493 999
731 44 738 44 731 125
252 150 295 150 252 237
318 761 382 761 318 805
223 123 296 123 223 206
702 730 791 730 702 794
442 222 466 222 442 237
646 469 706 469 646 513
612 567 674 567 612 621
347 323 361 323 347 345
4
388 5 8 995
149 632 229 632 149 694
324 336 351 336 324 420
666 57 696 57 666 89
372 427 446 427 372 459
20
43 3 742 995
377 295 400 295 377 328
406 600 410 600 406 677
470 285 489 285 470 365
382 186 472 186 382 266
245 175 327 175 245 260
648 308 678 308 648 342
726 37 776 37 726 79
193 453 257 453 193 466
677 696 729 696 677 750
734 409 761 409 734 426
237 608 305 608 237 668
498 118 503 118 498 202
127 669 174 669 127 677
135 20 194 20 135 64
59 705 117 705 59 760
802 248 863 248 802 289
181 485 217 485 181 523
163 394 221 394 163 477
216 542 291 542 216 567
518 179 581 179 518 215
1
532 8 738 997
504 598 566 598 504 662
6
476 2 611 990
298 298 361 298 298 374
311 304 395 304 311 382
736 781 737 781 736 782
756 212 768 212 756 268
218 506 224 506 218 519
182 396 257 396 182 442
9
405 0 298 999
546 396 609 396 546 397
760 701 814 701 760 727
558 583 570 583 558 604
14 557 78 557 14 566
348 606 411 606 348 610
368 197 398 197 368 243
437 529 471 529 437 569
320 557 381 557 320 644
42 446 108 446 42 511
20
630 0 913 999
413 727 483 727 413 817
396 87 432 87 396 99
464 521 465 521 464 527
289 132 368 132 289 205
738 505 741 505 738 526
681 693 733 693 681 721
188 658 216 658 188 689
409 333 477 333 409 349
88 104 101 104 88 152
108 180 120 180 108 205
273 609 275 609 273 622
100 737 144 737 100 778
55 230 68 230 55 238
173 636 249 636 173 710
683 313 750 313 683 368
723 189 812 189 723 203
781 722 827 722 781 744
806 535 849 535 806 565
774 364 849 364 774 451
607 338 659 338 607 374
13
64 8 156 998
652 439 687 439 652 468
177 143 213 143 177 190
347 327 394 327 347 350
399 169 478 169 399 191
25 797 96 797 25 867
334 498 410 498 334 586
283 422 339 422 283 427
709 140 783 140 709 162
257 419 339 419 257 446
726 674 771 674 726 678
581 426 583 426 581 459
481 545 549 545 481 634
107 739 113 739 107 824
20
531 8 53 994
106 115 137 115 106 165
360 736 419 736 360 768
170 739 225 739 170 764
119 387 195 387 119 440
161 676 181 676 161 717
187 289 242 289 187 292
644 282 688 282 644 365
747 467 766 467 747 493
348 74 393 74 348 125
323 711 336 711 323 795
596 289 660 289 596 317
728 100 786 100 728 122
756 261 803 261 756 335
670 737 691 737 670 794
346 308 377 308 346 384
680 220 699 220 680 280
432 459 517 459 432 497
178 322 242 322 178 409
96 564 159 564 96 611
459 787 474 787 459 855
19
623 8 510 994
360 208 412 208 360 251
271 783 355 783 271 863
243 554 318 554 243 604
545 237 559 237 545 266
706 86 773 86 706 155
650 499 723 499 650 566
419 198 456 198 419 248
421 62 466 62 421 87
525 426 566 426 525 494
284 108 366 108 284 198
485 129 570 129 485 161
588 211 617 211 588 278
794 76 805 76 794 81
624 222 690 222 624 227
553 775 636 775 553 813
67 31 115 31 67 74
630 111 668 111 630 158
389 515 390 515 389 572
756 627 761 627 756 682
6
502 1 201 999
178 25 235 25 178 51
458 381 460 381 458 463
119 468 208 468 119 547
461 308 494 308 461 367
694 29 779 29 694 44
12 392 29 392 12 399
14
501 9 761 998
323 292 413 292 323 312
297 559 315 559 297 610
490 101 551 101 490 182
170 571 241 571 170 655
430 189 501 189 430 217
231 729 267 729 231 737
207 453 295 453 207 460
361 428 443 428 361 443
443 423 474 423 443 426
19 264 32 264 19 305
675 610 734 610 675 658
478 682 521 682 478 753
574 719 636 719 574 785
676 195 765 195 676 260
3
320 0 893 999
700 688 776 688 700 751
468 162 551 162 468 245
767 399 842 399 767 465
6
875 7 239 990
677 253 694 253 677 321
724 767 794 767 724 847
183 289 259 289 183 366
74 346 157 346 74 416
413 129 495 129 413 195
193 424 198 424 193 434
0
27 1 496 992
18
516 4 987 996
503 658 544 658 503 669
39 248 44 248 39 299
30 43 73 43 30 52
774 749 853 749 774 835
103 641 128 641 103 730
413 339 421 339 413 411
531 681 590 681 531 689
304 214 352 214 304 224
628 799 654 799 628 879
789 70 857 70 789 90
92 269 138 269 92 288
443 43 523 43 443 130
235 244 301 244 235 306
292 774 309 774 292 860
504 383 560 383 504 432
84 689 114 689 84 714
544 454 583 454 544 538
458 74 475 74 458 87
4
280 4 75 994
75 310 128 310 75 343
809 126 851 126 809 152
807 171 870 171 807 234
55 269 75 269 55 274
3
909 5 499 990
432 565 501 565 432 645
692 373 731 373 692 408
304 342 315 342 304 400
14
906 4 731 994
183 413 237 413 183 438
516 45 527 45 516 123
184 382 190 382 184 418
225 420 250 420 225 457
541 260 581 260 541 301
22 644 98 644 22 647
507 654 519 654 507 728
409 604 410 604 409 659
404 468 434 468 404 511
559 331 643 331 559 348
470 721 524 721 470 778
679 254 691 254 679 296
332 751 337 751 332 756
221 698 309 698 221 727
16
124 5 357 992
728 113 756 113 728 164
565 131 613 131 565 193
438 271 506 271 438 326
671 553 711 553 671 608
295 67 302 67 295 128
447 201 481 201 447 249
194 148 197 148 194 230
586 340 667 340 586 427
217 76 242 76 217 162
103 126 112 126 103 199
147 758 187 758 147 839
781 95 835 95 781 102
550 246 625 246 550 266
447 656 488 656 447 690
442 804 489 804 442 875
457 616 463 616 457 633
18
521 5 165 994
199 464 206 464 199 496
436 452 472 452 436 473
452 572 493 572 452 599
49 135 73 135 49 155
500 13 540 13 500 22
303 387 359 387 303 456
731 491 756 491 731 560
667 473 714 473 667 501
574 80 643 80 574 152
485 223 488 223 485 241
324 263 330 263 324 337
628 382 677 382 628 463
239 601 317 601 239 625
52 703 111 703 52 740
762 24 838 24 762 105
471 219 472 219 471 265
510 778 600 778 510 784
353 654 395 654 353 712
20
763 9 579 999
497 619 539 619 497 665
692 19 765 19 692 81
587 365 673 365 587 438
702 175 760 175 702 200
736 784 810 784 736 872
721 462 743 462 721 528
707 163 778 163 707 210
435 735 470 735 435 738
486 537 491 537 486 578
428 323 436 323 428 360
424 710 504 710 424 789
396 142 405 142 396 226
371 432 438 432 371 485
169 279 225 279 169 296
747 412 773 412 747 445
369 484 440 484 369 492
776 660 821 660 776 698
653 143 727 143 653 173
42 478 58 478 42 498
13 294 44 294 13 361
2
541 8 533 998
20 632 108 632 20 638
791 707 816 707 791 709
15
980 4 934 997
127 308 168 308 127 381
779 197 832 197 779 247
663 600 737 600 663 608
469 406 481 406 469 447
381 573 453 573 381 652
114 390 193 390 114 441
455 61 519 61 455 74
783 778 792 778 783 789
90 702 99 702 90 745
511 401 592 401 511 406
185 54 229 54 185 91
144 749 195 749 144 796
283 466 306 466 283 524
612 228 619 228 612 307
640 92 692 92 640 136
9
694 0 669 992
148 732 223 732 148 783
626 755 643 755 626 837
682 398 705 398 682 401
81 148 136 148 81 194
560 737 576 737 560 757
295 779 353 779 295 827
619 307 624 307 619 360
380 91 392 91 380 121
706 289 722 289 706 324
2
365 7 709 996
363 342 402 342 363 392
516 112 596 112 516 177
6
859 3 762 994
176 248 222 248 176 334
47 497 77 497 47 508
680 35 736 35 680 45
809 736 829 736 809 813
275 232 323 232 275 288
81 254 165 254 81 325
1
369 8 29 998
395 606 408 606 395 627
4
800 3 602 992
280 147 365 147 280 226
115 67 122 67 115 70
15 581 40 581 15 609
69 10 125 10 69 66
3
825 8 496 996
665 41 729 41 665 45
354 176 359 176 354 213
148 776 178 776 148 839
16
247 4 823 997
241 107 254 107 241 163
341 560 401 560 341 634
374 121 392 121 374 204
136 807 167 807 136 887
401 165 412 165 401 183
528 47 562 47 528 87
180 508 200 508 180 565
788 570 794 570 788 623
359 127 389 127 359 198
280 573 318 573 280 611
606 339 682 339 606 424
597 96 634 96 597 177
688 87 722 87 688 106
807 398 862 398 807 408
255 65 314 65 255 71
693 347 771 347 693 390
9
264 4 673 999
237 32 304 32 237 107
277 251 286 251 277 307
744 33 786 33 744 74
410 87 493 87 410 152
722 321 801 321 722 392
213 595 281 595 213 599
434 662 482 662 434 734
491 314 503 314 491 345
800 725 869 725 800 733
5
403 6 680 993
788 90 822 90 788 133
532 224 588 224 532 225
468 436 555 436 468 492
711 532 731 532 711 543
563 313 597 313 563 340
16
146 4 79 998
766 197 834 197 766 259
790 699 848 699 790 756
758 158 823 158 758 224
320 563 352 563 320 641
359 690 431 690 359 771
383 13 435 13 383 80
464 545 534 545 464 596
668 259 684 259 668 266
752 87 802 87 752 141
666 359 755 359 666 386
424 613 474 613 424 629
782 714 800 714 782 766
218 581 223 581 218 665
297 669 344 669 297 704
648 74 695 74 648 123
732 224 789 224 732 241
0
939 3 513 993
8
928 0 623 992
415 742 430 742 415 752
746 455 759 455 746 525
635 196 719 196 635 223
237 345 252 345 237 419
82 519 90 519 82 598
35 491 90 491 35 547
790 567 867 567 790 650
684 585 724 585 684 595
16
140 0 304 992
596 740 658 740 596 742
709 660 758 660 709 724
663 357 727 357 663 410
213 498 289 498 213 528
676 109 732 109 676 153
324 649 356 649 324 736
789 242 821 242 789 254
621 505 678 505 621 525
409 30 497 30 409 70
306 584 369 584 306 586
726 174 789 174 726 224
317 600 372 600 317 667
771 501 814 501 771 567
455 351 458 351 455 408
363 377 437 377 363 385
21 28 27 28 21 110
2
710 1 213 998
46 539 59 539 46 568
468 28 549 28 468 111
13
23 4 787 995
108 479 141 479 108 542
569 127 653 127 569 156
102 103 112 103 102 144
550 511 587 511 550 594
736 48 782 48 736 107
54 336 94 336 54 404
577 150 618 150 577 204
373 460 379 460 373 475
517 16 577 16 517 105
504 307 550 307 504 374
614 707 675 707 614 724
438 260 519 260 438 276
275 585 347 585 275 608
2
859 4 994 999
609 120 632 120 609 147
384 593 461 593 384 609
12
340 2 699 999
336 651 423 651 336 727
572 536 653 536 572 610
635 216 647 216 635 219
215 416 304 416 215 501
667 25 751 25 667 67
625 517 667 517 625 559
685 335 698 335 685 375
302 90 347 90 302 102
262 756 284 756 262 772
553 390 578 390 553 421
378 683 445 683 378 767
296 800 378 800 296 884
-1
